Datasets/AZMP/TEL210/tel210_2020_030.cnv
* Sea-Bird SBE 9 Data File:
* FileName = C:\CTDDATA\tel210_2020_030.hex
* Software Version Seasave V 7.26.7.110
* Temperature SN = 1697
* Conductivity SN = 4216
* Number of Bytes Per Scan = 30
* Number of Voltage Words = 4
* Number of Scans Averaged by the Deck Unit = 1
* NMEA baud rate = 4800
** VESSEL/TRIP/SEQ STN:  tel210_2020_030
** LATITUDE XX XX.XX: 47 00.00 N
** LONGITUDE XX XX.XX: 044 26.00 W
** SOUNDING DEPTH (M): 0151
** PROBE TYPE: S1146
** CTD NUMBER: 029
** COMMENTS (14 CHAR): FC-28
** BOTTLES:  0
** LEVELS:
** STICKERS:
** VNET: N
** DO2: N
# nquan = 22
# nvalues = 3186                        
# units = specified
# name 0 = scan: Scan Count
# name 1 = prDM: Pressure, Digiquartz [db]
# name 2 = t090C: Temperature [ITS-90, deg C]
# name 3 = t190C: Temperature, 2 [ITS-90, deg C]
# name 4 = c0S/m: Conductivity [S/m]
# name 5 = c1S/m: Conductivity, 2 [S/m]
# name 6 = sbeox0V: Oxygen raw, SBE 43 [V]
# name 7 = sbeox1V: Oxygen raw, SBE 43, 2 [V]
# name 8 = ph: pH
# name 9 = flECO-AFL: Fluorescence, WET Labs ECO-AFL/FL [mg/m^3]
# name 10 = wetCDOM: Fluorescence, WET Labs CDOM [mg/m^3]
# name 11 = par/sat/log: PAR/Logarithmic, Satlantic [umol photons/m^2/sec]
# name 12 = CStarAt0: Beam Attenuation, WET Labs C-Star [1/m]
# name 13 = CStarTr0: Beam Transmission, WET Labs C-Star [%]
# name 14 = sbeox0ML/L: Oxygen, SBE 43 [ml/l], WS = 2
# name 15 = sbeox1ML/L: Oxygen, SBE 43, 2 [ml/l], WS = 2
# name 16 = sal00: Salinity, Practical [PSU]
# name 17 = sal11: Salinity, Practical, 2 [PSU]
# name 18 = sigma-t00: Density [sigma-t, kg/m^3 ]
# name 19 = sigma-t11: Density, 2 [sigma-t, kg/m^3 ]
# name 20 = oxsatML/L: Oxygen Saturation, Weiss [ml/l]
# name 21 = flag: flag
# span 0 =          2,      10918       
# span 1 =      2.362,    147.850       
# span 2 =     3.6893,    11.3640       
# span 3 =     3.6842,    11.3587       
# span 4 =   3.185935,   3.735461       
# span 5 =   3.185512,   3.734765       
# span 6 =     1.8892,     2.4202       
# span 7 =     2.2779,     2.9596       
# span 8 =      7.931,      8.218       
# span 9 =    -0.6121,     4.6992       
# span 10 =    -2.8130,   482.1870      
# span 11 = 1.0690e-01, 1.9004e+00      
# span 12 =    -0.1229,     0.0874      
# span 13 =    97.8392,   103.1204      
# span 14 =     6.0737,     7.8002      
# span 15 =     6.3405,     8.1996      
# span 16 =    32.9874,    34.5170      
# span 17 =    32.9858,    34.5158      
# span 18 =    25.1452,    27.4275      
# span 19 =    25.1444,    27.4271      
# span 20 =    6.21185,    7.34687      
# span 21 = 0.0000e+00, 0.0000e+00      
# interval = scans: 3                   
# start_time = Jul 18 2020 07:21:13 [System UTC, header]
# bad_flag = -9.990e-29
*END*
[from data line 132]
        611     12.155    11.2946    11.3309   3.730634   3.733048     2.3008     2.7778      8.172     0.0594     7.0173 2.9197e-01     0.0199    99.5031     6.4852     6.7155    33.0012    32.9925    25.1666    25.1533    6.22072 0.0000e+00
        614     12.204    11.2858    11.3200   3.730352   3.731972     2.3012     2.7778      8.172     0.0594    16.8476 2.7721e-01     0.0199    99.5031     6.4867     6.7150    33.0063    32.9916    25.1722    25.1546    6.22170 0.0000e+00
        617     12.250    11.2844    11.2922   3.730444   3.729998     2.3016     2.7778      8.172     0.0696   432.2855 2.8795e-01     0.0199    99.5031     6.4858     6.7171    33.0084    32.9971    25.1740    25.1638    6.22180 0.0000e+00
        620     12.292    11.2871    11.2796   3.730562   3.729589     2.3012     2.7778      8.172     0.0594   481.2790 2.8072e-01     0.0199    99.5031     6.4835     6.7170    33.0072    33.0043    25.1726    25.1717    6.22149 0.0000e+00
        623     12.335    11.2779    11.2848   3.729988   3.729934     2.3004     2.7778      8.172     0.0594   481.1605 2.7145e-01     0.0188    99.5303     6.4808     6.7157    33.0097    33.0030    25.1763    25.1698    6.22263 0.0000e+00
        626     12.374    11.2723    11.2889   3.729677   3.730142     2.3008     2.7774      8.172     0.0594   481.3579 2.8540e-01     0.0188    99.5303     6.4805     6.7131    33.0117    33.0013    25.1788    25.1678    6.22330 0.0000e+00
        629     12.410    11.2750    11.2958   3.729980   3.730693     2.3012     2.7766      8.172     0.0696   481.3579 2.8663e-01     0.0188    99.5303     6.4794     6.7097    33.0122    33.0006    25.1787    25.1660    6.22292 0.0000e+00
        632     12.451    11.2828    11.3008   3.730239   3.730719     2.3016     2.7766      8.172     0.0696   481.3579 2.8929e-01     0.0188    99.5303     6.4778     6.7089    33.0078    32.9964    25.1739    25.1618    6.22205 0.0000e+00
        635     12.504    11.2788    11.2996   3.729935   3.730747     2.3008     2.7766      8.172     0.0696   481.3579 2.8267e-01     0.0188    99.5303     6.4740     6.7094    33.0083    32.9977    25.1750    25.1630    6.22256 0.0000e+00
        638     12.557    11.2835    11.2992   3.730566   3.730830     2.3008     2.7766      8.172     0.0899   481.3579 2.7942e-01     0.0192    99.5212     6.4714     6.7103    33.0103    32.9988    25.1757    25.1640    6.22185 0.0000e+00
        641     12.606    11.2921    11.3078   3.731015   3.731422     2.3004     2.7766      8.172     0.1001   481.3579 2.7718e-01     0.0210    99.4760     6.4672     6.7095    33.0070    32.9970    25.1716    25.1610    6.22083 0.0000e+00
        644     12.659    11.2920    11.3095   3.730920   3.731536     2.3012     2.7766      8.172     0.1001   481.3579 2.7815e-01     0.0206    99.4850     6.4698     6.7099    33.0061    32.9965    25.1709    25.1603    6.22088 0.0000e+00
        647     12.712    11.2936    11.3026   3.731041   3.731103     2.3016     2.7766      8.172     0.1001   481.3579 2.6805e-01     0.0203    99.4941     6.4700     6.7123    33.0059    32.9985    25.1704    25.1630    6.22067 0.0000e+00
        650     12.767    11.2902    11.2982   3.730752   3.730953     2.3000     2.7766      8.172     0.0899   481.3579 2.7116e-01     0.0210    99.4760     6.4633     6.7144    33.0061    33.0008    25.1712    25.1657    6.22112 0.0000e+00
        653     12.828    11.2900    11.2966   3.730818   3.730922     2.2995     2.7766      8.172     0.1103   481.3579 2.7813e-01     0.0210    99.4760     6.4612     6.7153    33.0068    33.0019    25.1718    25.1669    6.22112 0.0000e+00
        656     12.890    11.2906    11.2972   3.730826   3.730892     2.3000     2.7757      8.172     0.0899   481.3579 2.7493e-01     0.0206    99.4850     6.4625     6.7133    33.0063    33.0011    25.1713    25.1661    6.22105 0.0000e+00
        659     12.952    11.2917    11.2957   3.730958   3.730753     2.3000     2.7770      8.172     0.1001   481.3579 2.7621e-01     0.0210    99.4760     6.4621     6.7161    33.0066    33.0011    25.1713    25.1663    6.22089 0.0000e+00
        662     13.015    11.2938    11.2900   3.731081   3.730465     2.2987     2.7766      8.172     0.0594   481.3579 2.5982e-01     0.0195    99.5122     6.4569     6.7147    33.0060    33.0033    25.1705    25.1691    6.22064 0.0000e+00
        665     13.080    11.2947    11.2920   3.731144   3.730551     2.2991     2.7757      8.172     0.0594   481.3579 2.5532e-01     0.0199    99.5031     6.4573     6.7123    33.0057    33.0023    25.1702    25.1680    6.22053 0.0000e+00
        668     13.153    11.2955    11.2901   3.731183   3.730370     2.2991     2.7766      8.172     0.0594   255.1825 2.6041e-01     0.0199    99.5031     6.4569     6.7152    33.0054    33.0022    25.1697    25.1683    6.22043 0.0000e+00
        671     13.229    11.2964    11.2895   3.731262   3.730409     2.2991     2.7766      8.172     0.0696    -2.8130 2.6109e-01     0.0199    99.5031     6.4570     6.7149    33.0053    33.0031    25.1695    25.1690    6.22032 0.0000e+00
        674     13.308    11.2964    11.2902   3.731235   3.730442     2.2987     2.7766      8.172     0.0696     1.5692 2.5215e-01     0.0199    99.5031     6.4566     6.7143    33.0050    33.0027    25.1693    25.1686    6.22033 0.0000e+00
        677     13.387    11.2972    11.2909   3.731274   3.730518     2.2987     2.7766      8.172     0.0594     1.7271 2.4576e-01     0.0195    99.5122     6.4546     6.7150    33.0047    33.0028    25.1689    25.1685    6.22024 0.0000e+00
        680     13.477    11.2964    11.2914   3.731286   3.730560     2.2987     2.7766      8.172     0.0594     1.6876 2.4016e-01     0.0199    99.5031     6.4541     6.7156    33.0055    33.0028    25.1696    25.1684    6.22031 0.0000e+00
        683     13.567    11.2947    11.2919   3.731024   3.730516     2.2979     2.7753      8.172     0.0696     1.6876 2.4379e-01     0.0192    99.5212     6.4530     6.7123    33.0043    33.0019    25.1690    25.1677    6.22058 0.0000e+00
        686     13.666    11.2821    11.2869   3.730167   3.730268     2.2975     2.7757      8.172     0.0594     1.6876 2.4750e-01     0.0195    99.5122     6.4540     6.7172    33.0071    33.0038    25.1735    25.1701    6.22216 0.0000e+00
        689     13.767    11.2765    11.2870   3.729891   3.730149     2.2979     2.7766      8.172     0.0594     1.6876 2.3630e-01     0.0195    99.5122     6.4578     6.7230    33.0094    33.0026    25.1763    25.1691    6.22283 0.0000e+00
        692     13.872    11.2749    11.2717   3.729703   3.728779     2.2967     2.7762      8.172     0.0696     1.6876 2.3385e-01     0.0195    99.5122     6.4560     6.7267    33.0089    33.0028    25.1762    25.1720    6.22306 0.0000e+00
        695     13.979    11.2575    11.2515   3.728304   3.727873     2.2975     2.7753      8.172     0.0594     5.3197 2.3521e-01     0.0195    99.5122     6.4653     6.7307    33.0107    33.0118    25.1807    25.1827    6.22533 0.0000e+00
        698     14.092    11.2466    11.2324   3.727580   3.726195     2.2963     2.7757      8.172     0.0696     6.4646 2.3467e-01     0.0199    99.5031     6.4669     6.7392    33.0133    33.0123    25.1847    25.1865    6.22669 0.0000e+00
        701     14.200    11.2064    11.2053   3.724693   3.724596     2.2959     2.7766      8.172     0.0594     6.4251 2.2563e-01     0.0206    99.4850     6.4758     6.7507    33.0208    33.0208    25.1978    25.1979    6.23181 0.0000e+00
        704     14.308    11.2164    11.1980   3.725296   3.723967     2.2963     2.7766      8.172     0.0594     6.4251 2.2983e-01     0.0210    99.4760     6.4828     6.7578    33.0177    33.0211    25.1935    25.1995    6.23057 0.0000e+00
        707     14.421    11.1765    11.1633   3.722016   3.721364     2.2967     2.7770      8.172     0.0594     6.4251 2.3547e-01     0.0203    99.4941     6.4970     6.7689    33.0211    33.0265    25.2034    25.2099    6.23582 0.0000e+00
        710     14.525    11.1472    11.1347   3.720763   3.719086     2.2971     2.7786      8.172     0.0492     6.4251 2.2861e-01     0.0206    99.4850     6.5087     6.7826    33.0350    33.0296    25.2194    25.2174    6.23923 0.0000e+00
        713     14.631    11.1555    11.1264   3.721004   3.718969     2.2979     2.7790      8.172     0.0797     6.4251 2.2305e-01     0.0206    99.4850     6.5164     6.7905    33.0298    33.0359    25.2139    25.2237    6.23830 0.0000e+00
        716     14.729    11.1439    11.1156   3.719862   3.718187     2.2979     2.7798      8.172     0.1001     6.4251 2.1172e-01     0.0210    99.4760     6.5251     6.8001    33.0290    33.0378    25.2153    25.2272    6.23991 0.0000e+00
        719     14.822    11.1148    11.1146   3.718597   3.717177     2.2987     2.7802      8.172     0.1001    42.4300 2.1176e-01     0.0210    99.4760     6.5373     6.8057    33.0425    33.0286    25.2311    25.2203    6.24330 0.0000e+00
        722     14.911    11.1340    11.0900   3.719671   3.715661     2.2991     2.7815      8.172     0.1001   454.3938 2.1325e-01     0.0192    99.5212     6.5419     6.8152    33.0359    33.0358    25.2224    25.2302    6.24097 0.0000e+00
        725     14.996    11.1020    11.0665   3.715912   3.714317     2.3000     2.7827      8.171     0.1001   481.5948 2.0808e-01     0.0188    99.5303     6.5522     6.8240    33.0274    33.0435    25.2215    25.2404    6.24562 0.0000e+00
        728     15.073    11.0667    11.0459   3.714578   3.712505     2.3020     2.7839      8.171     0.1001   481.2000 2.0978e-01     0.0188    99.5303     6.5662     6.8326    33.0459    33.0441    25.2422    25.2446    6.24967 0.0000e+00
        731     15.143    11.0596    10.9698   3.713875   3.704958     2.3020     2.7851      8.173     0.0899   481.3579 2.0286e-01     0.0188    99.5303     6.5700     6.8491    33.0453    33.0378    25.2430    25.2531    6.25064 0.0000e+00
        734     15.210    11.0193    10.8673   3.710029   3.699247     2.3028     2.7863      8.173     0.0899   481.3579 2.0240e-01     0.0188    99.5303     6.5793     6.8673    33.0434    33.0734    25.2487    25.2990    6.25618 0.0000e+00
        737     15.274    10.9538    10.8740   3.703155   3.699987     2.3032     2.7880      8.173     0.1001   481.3579 2.0007e-01     0.0188    99.5303     6.5911     6.8719    33.0342    33.0748    25.2531    25.2988    6.26543 0.0000e+00
        740     15.331    10.8399    10.8869   3.695745   3.700636     2.3053     2.7888      8.174     0.1307   481.3579 2.0309e-01     0.0195    99.5122     6.6141     6.8726    33.0632    33.0695    25.2958    25.2925    6.27980 0.0000e+00
        743     15.381    10.7883    10.8897   3.693009   3.700880     2.3061     2.7892      8.174     0.1205   481.3579 2.0288e-01     0.0210    99.4760     6.6237     6.8732    33.0826    33.0694    25.3200    25.2919    6.28608 0.0000e+00
        746     15.422    10.7724    10.8974   3.692356   3.700433     2.3057     2.7904      8.171     0.1103   339.3124 2.0592e-01     0.0210    99.4760     6.6223     6.8750    33.0904    33.0580    25.3289    25.2816    6.28794 0.0000e+00
        749     15.458    10.7691    10.8573   3.692165   3.697269     2.3069     2.7912      8.174     0.1103    -2.8130 2.0687e-01     0.0210    99.4760     6.6250     6.8830    33.0916    33.0627    25.3303    25.2923    6.28836 0.0000e+00
        752     15.490    10.7623    10.8418   3.691202   3.696953     2.3081     2.7928      8.171     0.1205    -2.1024 2.0356e-01     0.0210    99.4760     6.6302     6.8899    33.0881    33.0735    25.3287    25.3035    6.28942 0.0000e+00
        755     15.514    10.7400    10.7864   3.689771   3.691854     2.3089     2.7937      8.172     0.1408    -1.1154 2.0357e-01     0.0210    99.4760     6.6376     6.9016    33.0940    33.0728    25.3373    25.3127    6.29224 0.0000e+00
        759     15.543    10.7329    10.7201   3.689109   3.688086     2.3093     2.7945      8.174     0.1205    -1.1549 2.0332e-01     0.0210    99.4760     6.6396     6.9154    33.0938    33.0952    25.3384    25.3417    6.29322 0.0000e+00
        798     15.713    10.6742    10.6573   3.684916   3.683342     2.3154     2.8071      8.174     0.2426     2.0034 1.9798e-01     0.0210    99.4760     6.6098     6.9045    33.1050    33.1046    25.3574    25.3600    6.30083 0.0000e+00
        801     15.736    10.6673    10.6469   3.684389   3.682813     2.3146     2.8059      8.174     0.2426    -0.7601 1.9777e-01     0.0210    99.4760     6.6041     6.8953    33.1060    33.1087    25.3594    25.3650    6.30174 0.0000e+00
        804     15.762    10.6596    10.6534   3.683892   3.683258     2.3142     2.8063      8.173     0.2324    -0.6811 2.0474e-01     0.0210    99.4760     6.6023     6.8892    33.1080    33.1073    25.3622    25.3628    6.30271 0.0000e+00
        807     15.785    10.6556    10.6545   3.683931   3.683317     2.3134     2.8059      8.174     0.2426    -0.6811 2.0054e-01     0.0210    99.4760     6.5986     6.8829    33.1120    33.1069    25.3661    25.3623    6.30310 0.0000e+00
        810     15.807    10.6575    10.6437   3.683886   3.682139     2.3138     2.8047      8.174     0.2528    -0.6811 1.9535e-01     0.0210    99.4760     6.6006     6.8770    33.1098    33.1049    25.3641    25.3625    6.30293 0.0000e+00
        813     15.829    10.6544    10.6252   3.683458   3.681153     2.3138     2.8043      8.174     0.2426    -0.6811 1.9147e-01     0.0210    99.4760     6.6010     6.8742    33.1084    33.1118    25.3634    25.3712    6.30342 0.0000e+00
        816     15.860    10.6528    10.6212   3.683472   3.680744     2.3138     2.8043      8.174     0.2324    -0.6811 1.9190e-01     0.0210    99.4760     6.6024     6.8723    33.1099    33.1113    25.3649    25.3715    6.30357 0.0000e+00
        819     15.907    10.6434    10.6318   3.682796   3.681801     2.3126     2.8034      8.173     0.2222    -0.6811 1.9525e-01     0.0206    99.4850     6.6011     6.8660    33.1116    33.1122    25.3679    25.3704    6.30479 0.0000e+00
        822     15.957    10.6889    10.7071   3.686846   3.687887     2.3126     2.8034      8.172     0.2120    -0.6811 1.9661e-01     0.0221    99.4489     6.5959     6.8553    33.1109    33.1048    25.3594    25.3515    6.29858 0.0000e+00
        825     16.011    10.7388    10.7952   3.690922   3.693756     2.3126     2.8026      8.174     0.2120   222.4939 1.8992e-01     0.0232    99.4217     6.5948     6.8434    33.1064    33.0835    25.3472    25.3195    6.29192 0.0000e+00
        828     16.072    10.7706    10.7847   3.692614   3.692634     2.3126     2.8018      8.174     0.2222   482.1870 1.8819e-01     0.0232    99.4217     6.5950     6.8474    33.0944    33.0819    25.3323    25.3201    6.28804 0.0000e+00
        831     16.142    10.7709    10.7669   3.692276   3.691353     2.3126     2.8014      8.174     0.2222   481.1606 1.8584e-01     0.0232    99.4217     6.6007     6.8557    33.0907    33.0851    25.3293    25.3257    6.28814 0.0000e+00
        834     16.218    10.7525    10.7428   3.689937   3.689566     2.3126     2.8010      8.174     0.2120   481.3579 1.7932e-01     0.0232    99.4217     6.6096     6.8676    33.0840    33.0891    25.3273    25.3330    6.29092 0.0000e+00
        837     16.307    10.6951    10.6871   3.684769   3.684957     2.3122     2.8010      8.172     0.2120   481.3579 1.7535e-01     0.0232    99.4217     6.6239     6.8855    33.0843    33.0934    25.3376    25.3461    6.29878 0.0000e+00
        840     16.405    10.6098    10.6344   3.678920   3.681644     2.3130     2.8002      8.174     0.2222   481.3579 1.7781e-01     0.0232    99.4217     6.6470     6.9021    33.1032    33.1080    25.3671    25.3667    6.30976 0.0000e+00
