Datasets/AZMP/TEL210/tel210_2020_084.cnv
* Sea-Bird SBE 9 Data File:
* FileName = C:\CTDDATA\tel210_2020_084.hex
* Software Version Seasave V 7.26.7.110
* Temperature SN = 1697
* Conductivity SN = 4216
* Number of Bytes Per Scan = 30
* Number of Voltage Words = 4
* Number of Scans Averaged by the Deck Unit = 1
* NMEA baud rate = 4800
** VESSEL/TRIP/SEQ STN:  TEL210_2020_084
** LATITUDE XX XX.XX: 53 27.03 N
** LONGITUDE XX XX.XX: 055 18.25 W
** SOUNDING DEPTH (M): 0194
** PROBE TYPE: S1146
** CTD NUMBER: 054
** COMMENTS (14 CHAR): CSI-01
** BOTTLES:  0
** LEVELS: 
** STICKERS: 
** VNET: N
** DO2: N
# nquan = 22
# nvalues = 4497                        
# units = specified
# name 0 = scan: Scan Count
# name 1 = prDM: Pressure, Digiquartz [db]
# name 2 = t090C: Temperature [ITS-90, deg C]
# name 3 = t190C: Temperature, 2 [ITS-90, deg C]
# name 4 = c0S/m: Conductivity [S/m]
# name 5 = c1S/m: Conductivity, 2 [S/m]
# name 6 = sbeox0V: Oxygen raw, SBE 43 [V]
# name 7 = sbeox1V: Oxygen raw, SBE 43, 2 [V]
# name 8 = ph: pH
# name 9 = flECO-AFL: Fluorescence, WET Labs ECO-AFL/FL [mg/m^3]
# name 10 = wetCDOM: Fluorescence, WET Labs CDOM [mg/m^3]
# name 11 = par/sat/log: PAR/Logarithmic, Satlantic [umol photons/m^2/sec]
# name 12 = CStarAt0: Beam Attenuation, WET Labs C-Star [1/m]
# name 13 = CStarTr0: Beam Transmission, WET Labs C-Star [%]
# name 14 = sbeox0ML/L: Oxygen, SBE 43 [ml/l], WS = 2
# name 15 = sbeox1ML/L: Oxygen, SBE 43, 2 [ml/l], WS = 2
# name 16 = sal00: Salinity, Practical [PSU]
# name 17 = sal11: Salinity, Practical, 2 [PSU]
# name 18 = sigma-t00: Density [sigma-t, kg/m^3 ]
# name 19 = sigma-t11: Density, 2 [sigma-t, kg/m^3 ]
# name 20 = oxsatML/L: Oxygen Saturation, Weiss [ml/l]
# name 21 = flag: flag
# span 0 =          2,      14534       
# span 1 =      1.666,    201.833       
# span 2 =    -0.8987,     9.4491       
# span 3 =    -0.9065,     9.4520       
# span 4 =   2.643636,   3.344166       
# span 5 =   2.643269,   3.344067       
# span 6 =     1.9704,     2.4908       
# span 7 =     2.3761,     3.0599       
# span 8 =      7.946,      8.234       
# span 9 =     0.6664,     1.8410       
# span 10 =    -2.8130,   482.1870      
# span 11 = 1.0484e-01, 3.0703e-01      
# span 12 =    -0.1446,     0.1159      
# span 13 =    97.1429,   103.6811      
# span 14 =     7.0199,    10.5972      
# span 15 =     6.9314,    11.5058      
# span 16 =    30.6973,    33.5417      
# span 17 =    30.7460,    33.2766      
# span 18 =    23.7101,    26.8327      
# span 19 =    23.7203,    26.7373      
# span 20 =    6.57118,    8.38209      
# span 21 = 0.0000e+00, 0.0000e+00      
# interval = scans: 3                   
# start_time = Jul 25 2020 01:00:00 [System UTC, header]
# bad_flag = -9.990e-29
*END*
[from data line 2963]
       9882    127.332    -0.5198    -0.5249   2.735171   2.734862     1.9880     2.3987      7.955     0.7510     0.3059 1.0715e-01    -0.1289   103.2741     7.4339     7.7215    33.2557    33.2571    26.7215    26.7229    8.25553 0.0000e+00
       9885    127.265    -0.5196    -0.5250   2.735146   2.734872     1.9884     2.3983      7.955     0.7722     0.3848 1.0727e-01    -0.1285   103.2651     7.4349     7.7187    33.2552    33.2574    26.7211    26.7230    8.25552 0.0000e+00
       9888    127.195    -0.5201    -0.5250   2.735141   2.734860     1.9880     2.3987      7.955     0.7616     0.3453 1.0715e-01    -0.1306   103.3193     7.4354     7.7183    33.2556    33.2573    26.7214    26.7229    8.25559 0.0000e+00
       9891    127.121    -0.5200    -0.5252   2.735074   2.734822     1.9876     2.3983      7.955     0.7616     0.5032 1.0715e-01    -0.1310   103.3284     7.4330     7.7161    33.2547    33.2571    26.7207    26.7228    8.25563 0.0000e+00
       9894    127.043    -0.5201    -0.5254   2.735125   2.734807     1.9868     2.3983      7.955     0.7510     0.4637 1.0715e-01    -0.1310   103.3284     7.4280     7.7142    33.2555    33.2571    26.7213    26.7228    8.25560 0.0000e+00
       9897    126.962    -0.5200    -0.5255   2.735096   2.734793     1.9880     2.3987      7.955     0.7616     0.5032 1.0727e-01    -0.1310   103.3284     7.4320     7.7144    33.2551    33.2571    26.7210    26.7229    8.25561 0.0000e+00
       9900    126.881    -0.5203    -0.5258   2.735132   2.734755     1.9872     2.3991      7.955     0.7616     0.4637 1.0715e-01    -0.1310   103.3284     7.4270     7.7177    33.2559    33.2569    26.7217    26.7227    8.25562 0.0000e+00
       9903    126.797    -0.5202    -0.5262   2.735075   2.734704     1.9880     2.3987      7.955     0.7616     0.5032 1.0727e-01    -0.1310   103.3284     7.4284     7.7161    33.2551    33.2567    26.7210    26.7225    8.25564 0.0000e+00
       9906    126.707    -0.5203    -0.5264   2.735033   2.734653     1.9876     2.3991      7.955     0.7616     0.5032 1.0715e-01    -0.1310   103.3284     7.4247     7.7169    33.2547    33.2564    26.7207    26.7223    8.25569 0.0000e+00
       9909    126.612    -0.5205    -0.5266   2.735013   2.734660     1.9876     2.3983      7.955     0.7616     0.5032 1.0715e-01    -0.1320   103.3555     7.4271     7.7134    33.2547    33.2567    26.7207    26.7226    8.25573 0.0000e+00
       9912    126.517    -0.5205    -0.5262   2.735024   2.734744     1.9884     2.3983      7.955     0.7405     0.5032 1.0715e-01    -0.1327   103.3736     7.4373     7.7117    33.2549    33.2574    26.7209    26.7232    8.25572 0.0000e+00
       9915    126.422    -0.5207    -0.5252   2.735045   2.734845     1.9880     2.3983      7.955     0.7722     0.2664 1.0740e-01    -0.1324   103.3645     7.4360     7.7109    33.2555    33.2578    26.7214    26.7234    8.25574 0.0000e+00
       9918    126.325    -0.5204    -0.5243   2.735074   2.734879     1.9880     2.3983      7.955     0.7616     0.0690 1.0727e-01    -0.1320   103.3555     7.4335     7.7103    33.2556    33.2573    26.7214    26.7230    8.25566 0.0000e+00
       9921    126.222    -0.5201    -0.5247   2.735067   2.734803     1.9876     2.3983      7.955     0.7510     0.0690 1.0727e-01    -0.1320   103.3555     7.4293     7.7116    33.2552    33.2567    26.7211    26.7225    8.25561 0.0000e+00
       9924    126.115    -0.5203    -0.5249   2.734979   2.734810     1.9876     2.3983      7.955     0.7510     0.1479 1.0715e-01    -0.1320   103.3555     7.4295     7.7162    33.2544    33.2572    26.7204    26.7228    8.25571 0.0000e+00
       9927    126.008    -0.5204    -0.5248   2.734940   2.734796     1.9876     2.3983      7.955     0.7616     0.0690 1.0727e-01    -0.1292   103.2832     7.4279     7.7171    33.2541    33.2570    26.7201    26.7227    8.25576 0.0000e+00
       9930    125.898    -0.5207    -0.5262   2.734945   2.734550     1.9880     2.3983      7.955     0.7616     0.1479 1.0740e-01    -0.1257   103.1927     7.4297     7.7221    33.2544    33.2553    26.7205    26.7214    8.25579 0.0000e+00
       9933    125.784    -0.5207    -0.5285   2.734889   2.734277     1.9884     2.3983      7.955     0.7510     0.1084 1.0715e-01    -0.1261   103.2018     7.4284     7.7262    33.2538    33.2542    26.7200    26.7206    8.25584 0.0000e+00
       9936    125.669    -0.5210    -0.5297   2.734709   2.734200     1.9888     2.3979      7.955     0.7299     0.1084 1.0715e-01    -0.1257   103.1927     7.4302     7.7256    33.2518    33.2545    26.7184    26.7209    8.25602 0.0000e+00
       9939    125.553    -0.5221    -0.5303   2.734514   2.734123     1.9880     2.3983      7.955     0.7299     0.1084 1.0715e-01    -0.1257   103.1927     7.4277     7.7290    33.2505    33.2542    26.7173    26.7207    8.25634 0.0000e+00
       9942    125.436    -0.5232    -0.5311   2.734427   2.734055     1.9876     2.3987      7.955     0.7193     0.3058 1.0715e-01    -0.1261   103.2018     7.4272     7.7340    33.2506    33.2542    26.7175    26.7207    8.25657 0.0000e+00
       9945    125.316    -0.5238    -0.5318   2.734387   2.734010     1.9880     2.3992      7.955     0.7299     0.3453 1.0727e-01    -0.1261   103.2018     7.4303     7.7367    33.2508    33.2545    26.7176    26.7210    8.25670 0.0000e+00
       9948    125.198    -0.5244    -0.5318   2.734301   2.733965     1.9880     2.3992      7.955     0.7299     0.3453 1.0715e-01    -0.1292   103.2832     7.4316     7.7366    33.2504    33.2540    26.7173    26.7206    8.25685 0.0000e+00
       9951    125.082    -0.5251    -0.5330   2.734230   2.733804     1.9880     2.3987      7.955     0.7299     0.3453 1.0727e-01    -0.1310   103.3284     7.4305     7.7346    33.2502    33.2532    26.7172    26.7200    8.25701 0.0000e+00
       9954    124.964    -0.5257    -0.5340   2.734147   2.733698     1.9880     2.3996      7.955     0.7299     0.3848 1.0715e-01    -0.1310   103.3284     7.4301     7.7396    33.2499    33.2529    26.7170    26.7198    8.25718 0.0000e+00
       9957    124.849    -0.5264    -0.5342   2.734062   2.733730     1.9876     2.3996      7.955     0.7299     0.3848 1.0715e-01    -0.1310   103.3284     7.4271     7.7392    33.2495    33.2536    26.7167    26.7204    8.25734 0.0000e+00
       9960    124.733    -0.5267    -0.5342   2.734169   2.733695     1.9880     2.3992      7.955     0.7405     0.3848 1.0715e-01    -0.1306   103.3193     7.4332     7.7380    33.2513    33.2533    26.7182    26.7201    8.25730 0.0000e+00
       9963    124.621    -0.5270    -0.5348   2.734067   2.733567     1.9880     2.3996      7.955     0.7510     0.3848 1.0727e-01    -0.1310   103.3284     7.4337     7.7395    33.2504    33.2523    26.7175    26.7194    8.25743 0.0000e+00
       9966    124.509    -0.5275    -0.5358   2.734064   2.733508     1.9884     2.4004      7.955     0.7510     0.2664 1.0715e-01    -0.1310   103.3284     7.4352     7.7429    33.2510    33.2526    26.7180    26.7196    8.25751 0.0000e+00
       9969    124.399    -0.5277    -0.5363   2.733880   2.733428     1.9884     2.3996      7.955     0.7616    -0.9575 1.0727e-01    -0.1299   103.3012     7.4371     7.7379    33.2488    33.2522    26.7162    26.7193    8.25767 0.0000e+00
       9972    124.291    -0.5285    -0.5366   2.733687   2.733381     1.9888     2.3996      7.955     0.7722    -0.9180 1.0727e-01    -0.1299   103.3012     7.4389     7.7397    33.2472    33.2520    26.7149    26.7191    8.25795 0.0000e+00
       9975    124.188    -0.5293    -0.5367   2.733688   2.733398     1.9884     2.3996      7.955     0.7510    -0.9180 1.0727e-01    -0.1306   103.3193     7.4360     7.7389    33.2481    33.2523    26.7157    26.7194    8.25807 0.0000e+00
       9978    124.087    -0.5303    -0.5365   2.733626   2.733411     1.9880     2.4008      7.955     0.7510    -0.9180 1.0727e-01    -0.1310   103.3284     7.4322     7.7433    33.2484    33.2523    26.7160    26.7194    8.25827 0.0000e+00
       9981    123.986    -0.5305    -0.5366   2.733715   2.733385     1.9884     2.4000      7.955     0.7510    -0.9180 1.0715e-01    -0.1310   103.3284     7.4324     7.7415    33.2499    33.2522    26.7172    26.7193    8.25823 0.0000e+00
       9984    123.890    -0.5306    -0.5363   2.733678   2.733422     1.9884     2.4008      7.955     0.7510    -0.9180 1.0715e-01    -0.1306   103.3193     7.4296     7.7457    33.2495    33.2524    26.7169    26.7195    8.25827 0.0000e+00
       9987    123.797    -0.5309    -0.5360   2.733653   2.733470     1.9880     2.4012      7.955     0.7616    -0.9180 1.0715e-01    -0.1299   103.3012     7.4275     7.7475    33.2497    33.2527    26.7170    26.7197    8.25834 0.0000e+00
       9990    123.706    -0.5309    -0.5360   2.733700   2.733458     1.9888     2.4012      7.955     0.7510    -0.9180 1.0715e-01    -0.1303   103.3103     7.4318     7.7457    33.2503    33.2526    26.7176    26.7196    8.25830 0.0000e+00
       9993    123.619    -0.5312    -0.5361   2.733667   2.733432     1.9888     2.4000      7.955     0.7616    -0.4048 1.0715e-01    -0.1299   103.3012     7.4327     7.7391    33.2502    33.2524    26.7175    26.7195    8.25837 0.0000e+00
       9996    123.534    -0.5312    -0.5361   2.733694   2.733419     1.9884     2.4016      7.955     0.7405     0.7401 1.0715e-01    -0.1303   103.3103     7.4356     7.7425    33.2507    33.2523    26.7179    26.7194    8.25835 0.0000e+00
       9999    123.451    -0.5314    -0.5366   2.733666   2.733342     1.9880     2.4008      7.955     0.7616     0.7006 1.0715e-01    -0.1299   103.3012     7.4321     7.7361    33.2505    33.2519    26.7177    26.7191    8.25839 0.0000e+00
      10002    123.374    -0.5312    -0.5368   2.733674   2.733296     1.9884     2.4016      7.955     0.7616     0.7401 1.0715e-01    -0.1299   103.3012     7.4334     7.7363    33.2505    33.2516    26.7177    26.7189    8.25836 0.0000e+00
      10005    123.297    -0.5313    -0.5370   2.733643   2.733314     1.9880     2.4012      7.955     0.7616     0.7006 1.0727e-01    -0.1299   103.3012     7.4308     7.7345    33.2502    33.2521    26.7175    26.7193    8.25839 0.0000e+00
      10008    123.224    -0.5316    -0.5367   2.733604   2.733339     1.9884     2.4028      7.955     0.7616     0.7401 1.0715e-01    -0.1310   103.3284     7.4329     7.7399    33.2500    33.2522    26.7174    26.7193    8.25846 0.0000e+00
      10011    123.155    -0.5317    -0.5363   2.733604   2.733383     1.9888     2.4012      7.955     0.7616     0.7401 1.0715e-01    -0.1320   103.3555     7.4331     7.7333    33.2503    33.2523    26.7175    26.7194    8.25849 0.0000e+00
      10014    123.087    -0.5318    -0.5365   2.733588   2.733350     1.9884     2.4012      7.955     0.7616     0.7401 1.0727e-01    -0.1320   103.3555     7.4291     7.7358    33.2502    33.2522    26.7175    26.7193    8.25851 0.0000e+00
      10017    123.020    -0.5317    -0.5372   2.733587   2.733194     1.9892     2.4008      7.955     0.7510     0.7401 1.0715e-01    -0.1320   103.3555     7.4351     7.7336    33.2500    33.2508    26.7174    26.7182    8.25849 0.0000e+00
      10020    122.956    -0.5319    -0.5382   2.733565   2.733124     1.9892     2.4016      7.955     0.7616    -0.4048 1.0715e-01    -0.1320   103.3555     7.4373     7.7344    33.2500    33.2511    26.7174    26.7185    8.25853 0.0000e+00
      10023    122.891    -0.5324    -0.5378   2.733496   2.733202     1.9880     2.4012      7.955     0.7616    -1.1549 1.0715e-01    -0.1320   103.3555     7.4326     7.7330    33.2497    33.2517    26.7171    26.7190    8.25866 0.0000e+00
      10026    122.831    -0.5326    -0.5376   2.733486   2.733216     1.9888     2.4012      7.955     0.7510    -1.1154 1.0715e-01    -0.1320   103.3555     7.4358     7.7318    33.2498    33.2516    26.7172    26.7189    8.25870 0.0000e+00
      10029    122.774    -0.5325    -0.5376   2.733443   2.733226     1.9888     2.4020      7.955     0.7405    -1.0759 1.0715e-01    -0.1299   103.3012     7.4344     7.7373    33.2492    33.2519    26.7167    26.7191    8.25873 0.0000e+00
      10032    122.719    -0.5325    -0.5376   2.733445   2.733187     1.9880     2.4016      7.955     0.7616    -1.1549 1.0715e-01    -0.1292   103.2831     7.4297     7.7379    33.2492    33.2513    26.7167    26.7187    8.25871 0.0000e+00
      10035    122.663    -0.5327    -0.5376   2.733463   2.733213     1.9888     2.4020      7.955     0.7510    -1.1154 1.0715e-01    -0.1296   103.2922     7.4344     7.7458    33.2497    33.2517    26.7171    26.7190    8.25873 0.0000e+00
      10038    122.609    -0.5329    -0.5351   2.733459   2.733439     1.9880     2.4024      7.955     0.7510    -1.0759 1.0715e-01    -0.1292   103.2831     7.4325     7.7477    33.2500    33.2520    26.7174    26.7191    8.25877 0.0000e+00
      10041    122.558    -0.5327    -0.5329   2.733483   2.733593     1.9888     2.4020      7.955     0.7616    -1.0759 1.0715e-01    -0.1289   103.2741     7.4367     7.7465    33.2500    33.2517    26.7174    26.7188    8.25871 0.0000e+00
      10044    122.510    -0.5328    -0.5342   2.733476   2.733613     1.9892     2.4016      7.955     0.7510    -1.0364 1.0715e-01    -0.1296   103.2922     7.4424     7.7422    33.2500    33.2535    26.7175    26.7203    8.25873 0.0000e+00
      10047    122.461    -0.5327    -0.5333   2.733500   2.733646     1.9892     2.4020      7.955     0.7616     0.9375 1.0715e-01    -0.1292   103.2831     7.4417     7.7426    33.2503    33.2530    26.7176    26.7199    8.25869 0.0000e+00
      10050    122.415    -0.5327    -0.5339   2.733508   2.733607     1.9888     2.4020      7.955     0.7510     1.2139 1.0715e-01    -0.1317   103.3465     7.4392     7.7389    33.2505    33.2531    26.7178    26.7199    8.25869 0.0000e+00
      10053    122.371    -0.5326    -0.5338   2.733497   2.733671     1.9888     2.4028      7.955     0.7616     1.2139 1.0715e-01    -0.1320   103.3555     7.4396     7.7411    33.2502    33.2539    26.7176    26.7206    8.25868 0.0000e+00
      10056    122.324    -0.5325    -0.5328   2.733511   2.733799     1.9892     2.4028      7.955     0.7510     1.2139 1.0715e-01    -0.1320   103.3555     7.4423     7.7418    33.2503    33.2546    26.7176    26.7211    8.25865 0.0000e+00
      10059    122.281    -0.5324    -0.5322   2.733556   2.733835     1.9892     2.4032      7.955     0.7722     1.2139 1.0715e-01    -0.1320   103.3555     7.4400     7.7422    33.2508    33.2544    26.7181    26.7209    8.25859 0.0000e+00
      10062    122.241    -0.5325    -0.5321   2.733512   2.733785     1.9892     2.4032      7.955     0.7510     1.2139 1.0727e-01    -0.1320   103.3555     7.4389     7.7412    33.2504    33.2536    26.7177    26.7203    8.25864 0.0000e+00
      10065    122.199    -0.5324    -0.5323   2.733464   2.733757     1.9892     2.4032      7.955     0.7510     1.1744 1.0715e-01    -0.1320   103.3555     7.4364     7.7416    33.2497    33.2535    26.7171    26.7202    8.25867 0.0000e+00
      10068    122.154    -0.5326    -0.5333   2.733479   2.733595     1.9892     2.4020      7.955     0.7616     1.2139 1.0715e-01    -0.1313   103.3374     7.4370     7.7339    33.2501    33.2524    26.7175    26.7194    8.25868 0.0000e+00
      10071    122.115    -0.5326    -0.5352   2.733506   2.733382     1.9888     2.4028      7.955     0.7616     1.4113 1.0740e-01    -0.1299   103.3012     7.4373     7.7349    33.2505    33.2517    26.7178    26.7188    8.25866 0.0000e+00
      10074    122.077    -0.5325    -0.5361   2.733511   2.733305     1.9896     2.4020      7.955     0.7510     2.4772 1.0752e-01    -0.1299   103.3012     7.4395     7.7308    33.2505    33.2517    26.7178    26.7189    8.25865 0.0000e+00
