Datasets/AZMP/TEL210/tel210_2020_053.cnv
* Sea-Bird SBE 9 Data File:
* FileName = C:\CTDDATA\tel210_2020_053.hex
* Software Version Seasave V 7.26.7.110
* Temperature SN = 1697
* Conductivity SN = 4216
* Number of Bytes Per Scan = 30
* Number of Voltage Words = 4
* Number of Scans Averaged by the Deck Unit = 1
* NMEA baud rate = 4800
** VESSEL/TRIP/SEQ STN:  tel210_2020_053
** LATITUDE XX XX.XX: 49 06.00 N
** LONGITUDE XX XX.XX: 051 49.80 W
** SOUNDING DEPTH (M): 0287
** PROBE TYPE: S1146
** CTD NUMBER: 043
** COMMENTS (14 CHAR): BB-06
** BOTTLES:  10
** LEVELS: 5,10,20,30,40,50,75,100,150,BTM
** STICKERS: 436065 - 436074
** VNET: Y
** DO2: Y
# nquan = 22
# nvalues = 7026                        
# units = specified
# name 0 = scan: Scan Count
# name 1 = prDM: Pressure, Digiquartz [db]
# name 2 = t090C: Temperature [ITS-90, deg C]
# name 3 = t190C: Temperature, 2 [ITS-90, deg C]
# name 4 = c0S/m: Conductivity [S/m]
# name 5 = c1S/m: Conductivity, 2 [S/m]
# name 6 = sbeox0V: Oxygen raw, SBE 43 [V]
# name 7 = sbeox1V: Oxygen raw, SBE 43, 2 [V]
# name 8 = ph: pH
# name 9 = flECO-AFL: Fluorescence, WET Labs ECO-AFL/FL [mg/m^3]
# name 10 = wetCDOM: Fluorescence, WET Labs CDOM [mg/m^3]
# name 11 = par/sat/log: PAR/Logarithmic, Satlantic [umol photons/m^2/sec]
# name 12 = CStarAt0: Beam Attenuation, WET Labs C-Star [1/m]
# name 13 = CStarTr0: Beam Transmission, WET Labs C-Star [%]
# name 14 = sbeox0ML/L: Oxygen, SBE 43 [ml/l], WS = 2
# name 15 = sbeox1ML/L: Oxygen, SBE 43, 2 [ml/l], WS = 2
# name 16 = sal00: Salinity, Practical [PSU]
# name 17 = sal11: Salinity, Practical, 2 [PSU]
# name 18 = sigma-t00: Density [sigma-t, kg/m^3 ]
# name 19 = sigma-t11: Density, 2 [sigma-t, kg/m^3 ]
# name 20 = oxsatML/L: Oxygen Saturation, Weiss [ml/l]
# name 21 = flag: flag
# span 0 =          8,      43800       
# span 1 =      0.960,    286.171       
# span 2 =    -1.3917,    11.1299       
# span 3 =    -1.3963,    11.1271       
# span 4 =   2.632367,   3.576936       
# span 5 =   2.632153,   3.576535       
# span 6 =     1.8163,     2.5397       
# span 7 =     2.1888,     3.1293       
# span 8 =      7.940,      8.318       
# span 9 =     0.6135,     7.2802       
# span 10 =    -2.8130,   482.1870      
# span 11 = 1.0678e-01, 1.3252e+01      
# span 12 =    -0.1467,     0.6762      
# span 13 =    84.4463,   103.7353      
# span 14 =     6.0391,     9.1921      
# span 15 =     6.3231,     9.5874      
# span 16 =    30.9466,    34.4038      
# span 17 =    31.5604,    34.4053      
# span 18 =    23.8185,    27.4313      
# span 19 =    24.1208,    27.4315      
# span 20 =    6.29694,    8.47624      
# span 21 = 0.0000e+00, 0.0000e+00      
# interval = scans: 3                   
# start_time = Jul 21 2020 08:07:29 [System UTC, header]
# bad_flag = -9.990e-29
*END*
[from data line 6453]
      34651     34.754     0.2326    -0.0709   2.741196   2.713861     2.2117     2.6967      8.180     7.2696     5.2407 5.4385e-01    -0.0310   100.7782     8.6337     9.0632    32.5783    32.5416    26.1403    26.1251    8.12879 0.0000e+00
      34654     34.711     0.2728    -0.0233   2.743054   2.719565     2.2146     2.6987      8.180     7.1849     5.2407 5.3821e-01    -0.0489   101.2304     8.6402     9.0627    32.5599    32.5662    26.1234    26.1428    8.12113 0.0000e+00
      34657     34.668     0.2998     0.0295   2.743778   2.722984     2.2170     2.7028      8.183     5.5764     5.2407 5.3697e-01    -0.0721   101.8182     8.6500     9.0689    32.5408    32.5551    26.1068    26.1314    8.11639 0.0000e+00
      34660     34.626     0.3140     0.0591   2.742801   2.726217     2.2190     2.7056      8.185     5.4706     5.2407 5.3572e-01    -0.0710   101.7910     8.6603     9.0749    32.5130    32.5661    26.0836    26.1389    8.11486 0.0000e+00
      34663     34.582     0.3145     0.1217   2.742738   2.730853     2.2207     2.7089      8.185     5.4812     5.2407 5.3945e-01    -0.0707   101.7820     8.6676     9.0706    32.5117    32.5606    26.0825    26.1314    8.11482 0.0000e+00
      34666     34.537     0.3116     0.1423   2.741589   2.730492     2.2235     2.7118      8.190     5.4812     5.2407 5.4383e-01    -0.0707   101.7820     8.6831     9.0807    32.4998    32.5338    26.0731    26.1089    8.11610 0.0000e+00
      34669     34.493     0.3143     0.1257   2.743722   2.728255     2.2268     2.7142      8.190     5.4812     5.2407 5.3945e-01    -0.0707   101.7820     8.6969     9.1000    32.5248    32.5222    26.0931    26.1003    8.11414 0.0000e+00
      34672     34.451     0.3415     0.0628   2.745152   2.723542     2.2284     2.7166      8.190     5.4706     4.2932 5.4197e-01    -0.0707   101.7820     8.6956     9.1264    32.5148    32.5271    26.0836    26.1073    8.10886 0.0000e+00
      34675     34.403     0.3499     0.0384   2.743151   2.722582     2.2313     2.7191      8.189     5.4918     3.4247 5.4070e-01    -0.0714   101.8001     8.7060     9.1401    32.4798    32.5404    26.0550    26.1191    8.10898 0.0000e+00
      34678     34.354     0.3434     0.0376   2.742661   2.722535     2.2345     2.7236      8.193     5.4812     3.4642 5.4636e-01    -0.0717   101.8091     8.7235     9.1541    32.4803    32.5407    26.0557    26.1193    8.11035 0.0000e+00
      34681     34.305     0.3464     0.0581   2.743451   2.724381     2.2374     2.7244      8.191     5.3225     3.4642 5.4829e-01    -0.0717   101.8091     8.7362     9.1473    32.4874    32.5432    26.0614    26.1204    8.10931 0.0000e+00
      34684     34.259     0.3496     0.0917   2.747549   2.724890     2.2394     2.7272      8.194     4.8145     3.4642 5.4510e-01    -0.0717   101.8091     8.7435     9.1480    32.5376    32.5143    26.1016    26.0955    8.10586 0.0000e+00
      34687     34.209     0.3785     0.0561   2.749200   2.723772     2.2414     2.7301      8.194     4.8145     3.4642 5.5146e-01    -0.0714   101.8001     8.7440     9.1656    32.5286    32.5374    26.0929    26.1158    8.10015 0.0000e+00
      34690     34.155     0.3963     0.0349   2.748248   2.721303     2.2443     2.7333      8.194     4.8251     3.4642 5.5850e-01    -0.0717   101.8091     8.7507     9.1843    32.4973    32.5275    26.0668    26.1088    8.09805 0.0000e+00
      34693     34.101     0.3910     0.0060   2.746014   2.720422     2.2463     2.7358      8.194     4.8251     3.4642 5.5851e-01    -0.0721   101.8182     8.7597     9.2003    32.4739    32.5466    26.0482    26.1256    8.10049 0.0000e+00
      34696     34.048     0.3728     0.0027   2.744517   2.721005     2.2479     2.7382      8.192     4.8145     3.4642 5.5979e-01    -0.0795   102.0081     8.7685     9.2083    32.4736    32.5579    26.0489    26.1348    8.10441 0.0000e+00
      34699     33.994     0.3549     0.0091   2.742726   2.722016     2.2504     2.7411      8.194     4.8251     3.8589 5.6304e-01    -0.0802   102.0262     8.7779     9.2130    32.4691    32.5644    26.0462    26.1398    8.10849 0.0000e+00
      34702     33.939     0.3258     0.0172   2.739490   2.722121     2.2540     2.7435      8.193     4.8040     3.9379 5.6827e-01    -0.0802   102.0262     8.7987     9.2197    32.4577    32.5572    26.0385    26.1337    8.11539 0.0000e+00
      34705     33.882     0.2889     0.0517   2.735859   2.724061     2.2557     2.7463      8.192     4.8145     3.9379 5.7090e-01    -0.0802   102.0262     8.8138     9.2226    32.4494    32.5461    26.0336    26.1230    8.12380 0.0000e+00
      34708     33.824     0.2348     0.0709   2.734786   2.726735     2.2585     2.7488      8.190     3.9257     3.9379 5.6173e-01    -0.0802   102.0262     8.8335     9.2235    32.4925    32.5609    26.0710    26.1341    8.13306 0.0000e+00
      34711     33.766     0.2286     0.0915   2.734845   2.728832     2.2614     2.7508      8.190     3.0685     3.9379 5.7293e-01    -0.0802   102.0262     8.8424     9.2230    32.4999    32.5665    26.0773    26.1377    8.13399 0.0000e+00
      34714     33.707     0.2312     0.1151   2.734101   2.729899     2.2630     2.7541      8.190     3.1214     3.9379 5.6826e-01    -0.0802   102.0262     8.8439     9.2303    32.4874    32.5555    26.0671    26.1276    8.13412 0.0000e+00
      34717     33.649     0.2141     0.1264   2.734345   2.730512     2.2650     2.7561      8.190     3.1214     3.9379 5.7957e-01    -0.0802   102.0262     8.8508     9.2354    32.5087    32.5516    26.0851    26.1240    8.13662 0.0000e+00
      34720     33.591     0.2111     0.1341   2.736347   2.731270     2.2667     2.7586      8.190     3.1214     3.9379 5.7957e-01    -0.0802   102.0262     8.8508     9.2418    32.5382    32.5534    26.1090    26.1250    8.13564 0.0000e+00
      34723     33.534     0.2295     0.1495   2.736772   2.731909     2.2687     2.7610      8.188     3.1214     3.9774 5.8357e-01    -0.0799   102.0171     8.8470     9.2479    32.5243    32.5454    26.0969    26.1179    8.13244 0.0000e+00
      34726     33.480     0.2252     0.1497   2.735583   2.733713     2.2711     2.7643      8.185     3.1002     4.0564 5.8290e-01    -0.0802   102.0262     8.8514     9.2591    32.5134    32.5690    26.0883    26.1368    8.13398 0.0000e+00
      34729     33.427     0.2086     0.1823   2.733978   2.735063     2.2728     2.7663      8.185     3.1214     4.0564 5.9517e-01    -0.0802   102.0262     8.8575     9.2585    32.5100    32.5520    26.0864    26.1216    8.13776 0.0000e+00
      34732     33.374     0.1977     0.2018   2.733993   2.735739     2.2740     2.7696      8.185     3.1002     4.0564 5.9586e-01    -0.0799   102.0171     8.8588     9.2664    32.5217    32.5402    26.0964    26.1111    8.13946 0.0000e+00
      34735     33.326     0.1984     0.2099   2.734394   2.736168     2.2764     2.7716      8.185     2.0949     4.0564 6.0697e-01    -0.0810   102.0442     8.8651     9.2711    32.5262    32.5373    26.1000    26.1083    8.13905 0.0000e+00
      34738     33.277     0.2059     0.2249   2.736033   2.737045     2.2781     2.7749      8.185     1.8621     4.0564 6.0418e-01    -0.0824   102.0804     8.8654     9.2773    32.5398    32.5329    26.1106    26.1041    8.13669 0.0000e+00
      34741     33.230     0.2362     0.2284   2.737394   2.737499     2.2801     2.7765      8.185     1.8621     4.0564 6.0627e-01    -0.0824   102.0804     8.8621     9.2796    32.5255    32.5351    26.0976    26.1057    8.13092 0.0000e+00
      34744     33.187     0.2525     0.2364   2.736540   2.738214     2.2825     2.7797      8.185     1.8833     4.0564 6.0908e-01    -0.0824   102.0804     8.8681     9.2846    32.4972    32.5361    26.0739    26.1061    8.12899 0.0000e+00
      34747     33.146     0.2604     0.2592   2.739092   2.739665     2.2838     2.7822      8.185     1.8727     4.0564 6.1191e-01    -0.0824   102.0804     8.8667     9.2825    32.5221    32.5310    26.0936    26.1008    8.12589 0.0000e+00
      34750     33.105     0.2771     0.2725   2.739204   2.740443     2.2850     2.7846      8.185     1.8727     3.6221 6.1332e-01    -0.0827   102.0894     8.8677     9.2833    32.5059    32.5270    26.0798    26.0970    8.12319 0.0000e+00
      34753     33.069     0.2830     0.2797   2.739249   2.740938     2.2870     2.7866      8.182     1.8833     2.8720 6.1120e-01    -0.0824   102.0804     8.8760     9.2879    32.5003    32.5258    26.0750    26.0957    8.12224 0.0000e+00
      34756     33.035     0.2983     0.2778   2.741220   2.740564     2.2882     2.7895      8.185     1.8833     2.8720 6.1616e-01    -0.0870   102.1980     8.8765     9.2998    32.5099    32.5230    26.0819    26.0935    8.11841 0.0000e+00
      34759     33.006     0.3185     0.2748   2.743013   2.740510     2.2903     2.7920      8.185     1.8515     2.8720 6.1263e-01    -0.0884   102.2342     8.8797     9.3122    32.5120    32.5255    26.0826    26.0957    8.11396 0.0000e+00
      34762     32.979     0.3366     0.2881   2.743266   2.741422     2.2911     2.7936      8.183     1.7351     2.8720 6.1761e-01    -0.0884   102.2342     8.8782     9.3193    32.4961    32.5234    26.0689    26.0933    8.11093 0.0000e+00
      34765     32.954     0.3448     0.3172   2.744166   2.742412     2.2931     2.7956      8.185     1.7246     2.8720 6.2553e-01    -0.0877   102.2161     8.8859     9.3265    32.4992    32.5056    26.0710    26.0775    8.10900 0.0000e+00
      34769     32.926     0.3579     0.3186   2.745065   2.742370     2.2960     2.7984      8.185     1.7246     2.8720 6.3057e-01    -0.0884   102.2342     8.9027     9.3422    32.4972    32.5035    26.0686    26.0757    8.10630 0.0000e+00
      34774     32.889     0.3715     0.3361   2.746161   2.743574     2.2988     2.8029      8.185     1.7457     2.8720 6.3057e-01    -0.0887   102.2432     8.9210     9.3642    32.4971    32.5007    26.0679    26.0726    8.10339 0.0000e+00
      34780     32.851     0.3940     0.3402   2.748106   2.743556     2.3021     2.8083      8.184     1.7246     1.3323 6.3644e-01    -0.0972   102.4602     8.9392     9.3921    32.4987    32.4962    26.0680    26.0688    8.09848 0.0000e+00
      34784     32.821     0.4137     0.3603   2.749575   2.745261     2.3045     2.8131      8.184     1.7246     0.7401 6.3131e-01    -0.0972   102.4602     8.9495     9.4085    32.4970    32.4973    26.0657    26.0686    8.09435 0.0000e+00
      34787     32.798     0.4235     0.3822   2.749593   2.746771     2.3061     2.8164      8.187     2.4759     0.7401 6.3572e-01    -0.0972   102.4602     8.9529     9.4140    32.4869    32.4938    26.0570    26.0647    8.09280 0.0000e+00
      34790     32.770     0.4305     0.3929   2.750104   2.747317     2.3090     2.8188      8.187     2.8251     0.7401 6.4384e-01    -0.0972   102.4602     8.9629     9.4168    32.4863    32.4896    26.0561    26.0608    8.09135 0.0000e+00
      34793     32.739     0.4374     0.3892   2.750009   2.746951     2.3110     2.8208      8.189     2.7828     0.7401 6.3423e-01    -0.0976   102.4693     8.9682     9.4210    32.4778    32.4888    26.0489    26.0603    8.09034 0.0000e+00
      34796     32.703     0.4398     0.3814   2.749778   2.746559     2.3127     2.8241      8.189     2.7828     0.7401 6.4611e-01    -0.0965   102.4421     8.9707     9.4304    32.4722    32.4919    26.0443    26.0632    8.09012 0.0000e+00
      34799     32.667     0.4422     0.3687   2.749751   2.745363     2.3151     2.8269      8.187     2.7828     0.7401 6.4383e-01    -0.0962   102.4331     8.9772     9.4400    32.4693    32.4897    26.0419    26.0621    8.08977 0.0000e+00
      34802     32.628     0.4401     0.3347   2.748683   2.742589     2.3171     2.8286      8.189     2.8040     1.3323 6.4982e-01    -0.0958   102.4241     8.9824     9.4530    32.4577    32.4895    26.0326    26.0636    8.09087 0.0000e+00
      34805     32.587     0.4244     0.2878   2.746896   2.739362     2.3188     2.8314      8.189     2.8040     3.0694 6.4757e-01    -0.0962   102.4331     8.9868     9.4736    32.4510    32.4970    26.0280    26.0720    8.09460 0.0000e+00
      34808     32.536     0.4145     0.2647   2.747199   2.738942     2.3196     2.8331      8.189     2.7828     2.9904 6.5511e-01    -0.0962   102.4331     8.9868     9.4802    32.4655    32.5160    26.0402    26.0885    8.09593 0.0000e+00
      34811     32.483     0.4117     0.2700   2.747301   2.738989     2.3216     2.8355      8.189     2.7511     2.9904 6.5434e-01    -0.0962   102.4331     8.9885     9.4856    32.4697    32.5110    26.0437    26.0842    8.09627 0.0000e+00
      34814     32.424     0.4153     0.2737   2.749784   2.739458     2.3236     2.8375      8.189     1.9997     2.9904 6.5434e-01    -0.0955   102.4150     8.9868     9.4906    32.4983    32.5133    26.0666    26.0859    8.09394 0.0000e+00
      34817     32.361     0.4323     0.2853   2.751545   2.740196     2.3241     2.8404      8.191     1.9468     2.9904 6.6348e-01    -0.1018   102.5778     8.9799     9.4966    32.5034    32.5107    26.0698    26.0832    8.09002 0.0000e+00
      34820     32.294     0.4460     0.2922   2.752122   2.741462     2.3257     2.8432      8.191     1.9468     2.9904 6.6811e-01    -0.1029   102.6049     8.9808     9.5009    32.4964    32.5200    26.0635    26.0903    8.08746 0.0000e+00
      34823     32.222     0.4578     0.3404   2.753925   2.744841     2.3277     2.8461      8.194     1.9468     2.9904 6.6811e-01    -0.1025   102.5959     8.9852     9.4946    32.5074    32.5131    26.0717    26.0823    8.08433 0.0000e+00
      34826     32.148     0.4803     0.4070   2.756991   2.749913     2.3285     2.8485      8.194     1.9362     2.9904 6.7276e-01    -0.1029   102.6049     8.9852     9.4812    32.5237    32.5089    26.0836    26.0756    8.07865 0.0000e+00
      34829     32.070     0.5072     0.4683   2.759797   2.753525     2.3293     2.8506      8.194     1.9468     1.2533 6.7431e-01    -0.1029   102.6049     8.9820     9.4676    32.5317    32.4913    26.0887    26.0582    8.07246 0.0000e+00
      34832     31.991     0.5449     0.4874   2.763492   2.755371     2.3322     2.8522      8.193     1.9468    -0.2863 6.7979e-01    -0.1029   102.6049     8.9851     9.4641    32.5400    32.4952    26.0933    26.0603    8.06398 0.0000e+00
      34835     31.908     0.5878     0.5301   2.767368   2.759088     2.3334     2.8546      8.196     1.9362    -0.2074 6.8452e-01    -0.1032   102.6140     8.9765     9.4530    32.5451    32.4985    26.0951    26.0607    8.05458 0.0000e+00
      34838     31.825     0.6227     0.5686   2.767673   2.762078     2.3342     2.8571      8.198     1.7034    -0.2074 6.8690e-01    -0.1074   102.7225     8.9720     9.4425    32.5123    32.4968    26.0668    26.0573    8.04897 0.0000e+00
      34841     31.740     0.6431     0.5796   2.769926   2.762623     2.3367     2.8595      8.198     1.0367    -0.2074 6.9409e-01    -0.1074   102.7225     8.9757     9.4409    32.5201    32.4923    26.0720    26.0531    8.04423 0.0000e+00
      34844     31.650     0.6693     0.5789   2.771729   2.762627     2.3379     2.8607      8.200     1.0685    -0.2074 6.9328e-01    -0.1071   102.7134     8.9712     9.4379    32.5160    32.4932    26.0672    26.0538    8.03891 0.0000e+00
      34847     31.557     0.6926     0.5807   2.773248   2.762870     2.3403     2.8624      8.201     1.0685    -0.2074 6.9811e-01    -0.1071   102.7134     8.9747     9.4372    32.5111    32.4945    26.0620    26.0548    8.03424 0.0000e+00
      34850     31.465     0.7076     0.5910   2.773554   2.764489     2.3420     2.8648      8.202     1.0685    -0.2074 6.9973e-01    -0.1071   102.7134     8.9810     9.4359    32.4993    32.5047    26.0517    26.0624    8.03171 0.0000e+00
