Datasets/AZMP/TEL210/tel210_2020_105.cnv
* Sea-Bird SBE 9 Data File:
* FileName = C:\CTDDATA\tel210_2020_105.hex
* Software Version Seasave V 7.26.7.110
* Temperature SN = 1697
* Conductivity SN = 4216
* Number of Bytes Per Scan = 30
* Number of Voltage Words = 4
* Number of Scans Averaged by the Deck Unit = 1
* NMEA baud rate = 4800
** VESSEL/TRIP/SEQ STN:  tel210_2020_105
** LATITUDE XX XX.XX: 55 40.70 N
** LONGITUDE XX XX.XX: 057 26.40 W
** SOUNDING DEPTH (M): 0200
** PROBE TYPE: S1146
** CTD NUMBER: 071
** COMMENTS (14 CHAR): MB-07
** BOTTLES:  10
** LEVELS: 5,10,20,30,40,50,75,100,150,BTM
** STICKERS: 436281 - 436290
** VNET: Y
** DO2: Y
# nquan = 22
# nvalues = 4285                        
# units = specified
# name 0 = scan: Scan Count
# name 1 = prDM: Pressure, Digiquartz [db]
# name 2 = t090C: Temperature [ITS-90, deg C]
# name 3 = t190C: Temperature, 2 [ITS-90, deg C]
# name 4 = c0S/m: Conductivity [S/m]
# name 5 = c1S/m: Conductivity, 2 [S/m]
# name 6 = sbeox0V: Oxygen raw, SBE 43 [V]
# name 7 = sbeox1V: Oxygen raw, SBE 43, 2 [V]
# name 8 = ph: pH
# name 9 = flECO-AFL: Fluorescence, WET Labs ECO-AFL/FL [mg/m^3]
# name 10 = wetCDOM: Fluorescence, WET Labs CDOM [mg/m^3]
# name 11 = par/sat/log: PAR/Logarithmic, Satlantic [umol photons/m^2/sec]
# name 12 = CStarAt0: Beam Attenuation, WET Labs C-Star [1/m]
# name 13 = CStarTr0: Beam Transmission, WET Labs C-Star [%]
# name 14 = sbeox0ML/L: Oxygen, SBE 43 [ml/l], WS = 2
# name 15 = sbeox1ML/L: Oxygen, SBE 43, 2 [ml/l], WS = 2
# name 16 = sal00: Salinity, Practical [PSU]
# name 17 = sal11: Salinity, Practical, 2 [PSU]
# name 18 = sigma-t00: Density [sigma-t, kg/m^3 ]
# name 19 = sigma-t11: Density, 2 [sigma-t, kg/m^3 ]
# name 20 = oxsatML/L: Oxygen Saturation, Weiss [ml/l]
# name 21 = flag: flag
# span 0 =         51,      31870       
# span 1 =      0.778,    197.852       
# span 2 =    -0.5999,     5.7392       
# span 3 =    -0.6068,     5.6214       
# span 4 =   2.668763,   3.120917       
# span 5 =   2.668282,   3.118233       
# span 6 =     1.9528,     2.6932       
# span 7 =     2.3443,     3.2945       
# span 8 =      8.014,      8.317       
# span 9 =     0.6770,    27.1955       
# span 10 =    -2.8130,   482.1870      
# span 11 = 1.0678e-01, 2.2829e+02      
# span 12 =    -0.1120,     2.1130      
# span 13 =    58.9627,   102.8400      
# span 14 =     7.1765,    10.2492      
# span 15 =     7.4176,    10.7271      
# span 16 =    31.6975,    33.5560      
# span 17 =    31.7218,    33.5615      
# span 18 =    24.9748,    26.9407      
# span 19 =    25.0081,    26.9414      
# span 20 =    7.11695,    8.31581      
# span 21 = 0.0000e+00, 0.0000e+00      
# interval = scans: 3                   
# start_time = Jul 27 2020 10:40:52 [System UTC, header]
# bad_flag = -9.990e-29
*END*
[from data line 132]
        737     14.741     3.1155     3.1071   2.931875   2.931054     2.6020     3.1587      8.302     1.2061    -0.1284 2.4120e+01     0.0510    98.7345     9.1709     9.5560    32.0253    32.0237    25.5012    25.5007    7.57363 0.0000e+00
        740     14.877     3.1028     3.0999   2.930958   2.930952     2.6007     3.1587      8.302     1.2061    -0.9969 2.3816e+01     0.0510    98.7345     9.1495     9.5341    32.0268    32.0296    25.5035    25.5060    7.57598 0.0000e+00
        743     15.004     3.0980     3.1050   2.930729   2.931443     2.5975     3.1575      8.302     1.1955    -0.9180 2.3433e+01     0.0506    98.7435     9.1253     9.5037    32.0287    32.0304    25.5055    25.5062    7.57680 0.0000e+00
        746     15.127     3.0973     3.1112   2.930443   2.932087     2.5938     3.1559      8.302     1.2061    -0.9180 2.3084e+01     0.0528    98.6892     9.1059     9.4717    32.0258    32.0319    25.5032    25.5069    7.57707 0.0000e+00
        749     15.245     3.0732     3.1024   2.928813   2.930127     2.5914     3.1543      8.304     1.1955    -0.9180 2.2792e+01     0.0543    98.6531     9.1045     9.4493    32.0301    32.0170    25.5086    25.4957    7.58145 0.0000e+00
        752     15.356     3.0653     3.0644   2.928284   2.927409     2.5889     3.1526      8.302     1.1955    -0.9180 2.2452e+01     0.0539    98.6621     9.1033     9.4392    32.0315    32.0218    25.5104    25.5028    7.58288 0.0000e+00
        755     15.462     3.0713     3.0326   2.929341   2.925961     2.5873     3.1514      8.302     1.2167    -0.9180 2.2143e+01     0.0539    98.6621     9.1085     9.4336    32.0382    32.0359    25.5153    25.5168    7.58140 0.0000e+00
        758     15.563     3.1202     3.0347   2.932944   2.926154     2.5849     3.1478      8.302     1.1955    -0.9180 2.1914e+01     0.0539    98.6621     9.1069     9.4176    32.0331    32.0361    25.5070    25.5167    7.57235 0.0000e+00
        761     15.654     3.1124     3.0384   2.931915   2.926507     2.5845     3.1433      8.302     1.2167    -0.9180 2.1687e+01     0.0543    98.6531     9.1327     9.4035    32.0284    32.0366    25.5040    25.5168    7.57407 0.0000e+00
        764     15.741     3.0970     3.0450   2.930734   2.926613     2.5836     3.1400      8.302     1.1849   328.4556 2.1462e+01     0.0543    98.6531     9.1620     9.4016    32.0293    32.0313    25.5061    25.5120    7.57695 0.0000e+00
        767     15.827     3.0897     3.0529   2.930386   2.927672     2.5845     3.1364      8.302     1.1955   482.1080 2.1314e+01     0.0543    98.6531     9.1965     9.4005    32.0324    32.0361    25.5091    25.5152    7.57820 0.0000e+00
        770     15.901     3.1072     3.0880   2.931784   2.930177     2.5849     3.1343      8.302     1.1955   480.8052 2.1215e+01     0.0539    98.6621     9.2176     9.4025    32.0318    32.0315    25.5072    25.5085    7.57489 0.0000e+00
        773     15.972     3.1241     3.1053   2.933108   2.931154     2.5857     3.1343      8.302     1.1955   481.0026 2.1093e+01     0.0539    98.6621     9.2355     9.4203    32.0310    32.0261    25.5050    25.5027    7.57172 0.0000e+00
        776     16.036     3.1434     3.0754   2.934442   2.929792     2.5853     3.1331      8.302     1.2167   481.0026 2.0996e+01     0.0539    98.6621     9.2460     9.4482    32.0279    32.0393    25.5009    25.5158    7.56820 0.0000e+00
        779     16.097     3.1550     3.0824   2.935331   2.930634     2.5857     3.1331      8.305     1.2061   481.0026 2.0875e+01     0.0539    98.6621     9.2566     9.4761    32.0270    32.0425    25.4992    25.5177    7.56604 0.0000e+00
        782     16.159     3.1573     3.0927   2.935330   2.931506     2.5865     3.1331      8.304     1.1849   481.0026 2.0803e+01     0.0539    98.6621     9.2700     9.5027    32.0247    32.0427    25.4971    25.5171    7.56571 0.0000e+00
        785     16.213     3.1393     3.1228   2.933617   2.933123     2.5861     3.1335      8.304     1.2378   481.0026 2.0707e+01     0.0535    98.6711     9.2765     9.5159    32.0219    32.0323    25.4965    25.5061    7.56928 0.0000e+00
        788     16.260     3.0875     3.1069   2.929381   2.930656     2.5857     3.1335      8.304     1.3648   460.6314 2.0611e+01     0.0488    98.7887     9.2798     9.5228    32.0222    32.0183    25.5012    25.4964    7.57913 0.0000e+00
        791     16.302     3.0578     3.0532   2.925604   2.928039     2.5857     3.1323      8.305     1.3542    37.8109 2.0563e+01     0.0484    98.7978     9.2706     9.5207    32.0061    32.0401    25.4909    25.5183    7.58561 0.0000e+00
        794     16.340     2.9467     3.0471   2.904131   2.928131     2.5857     3.1319      8.306     1.3542    -1.6681 2.0492e+01     0.0484    98.7978     9.2850     9.4967    31.8565    32.0473    25.3808    25.5246    7.61451 0.0000e+00
        797     16.377     2.5151     3.0211   2.873677   2.920923     2.5865     3.1331      8.308     1.3542     0.6217 2.0421e+01     0.0484    98.7978     9.3681     9.4803    31.9152    31.9859    25.4624    25.4779    7.69522 0.0000e+00
        800     16.412     2.3759     2.9487   2.871731   2.919331     2.5873     3.1339      8.309     1.3542     0.5032 2.0374e+01     0.0484    98.7978     9.3669     9.4621    32.0307    32.0387    25.5655    25.5260    7.71649 0.0000e+00
        803     16.449     2.3880     2.9115   2.876759   2.916949     2.5873     3.1343      8.309     1.3542     0.5032 2.0304e+01     0.0484    98.7978     9.3217     9.4301    32.0805    32.0468    25.6044    25.5356    7.71155 0.0000e+00
        806     16.487     2.3209     2.8328   2.874025   2.908038     2.5898     3.1339      8.311     1.3542     0.5032 2.0327e+01     0.0473    98.8249     9.3120     9.4088    32.1143    32.0171    25.6366    25.5184    7.72298 0.0000e+00
        809     16.523     2.3282     2.6278   2.874808   2.888269     2.5869     3.1298      8.311     1.3542     0.5032 2.0304e+01     0.0440    98.9063     9.2631     9.4096    32.1167    31.9808    25.6379    25.5060    7.72144 0.0000e+00
        812     16.555     2.3835     2.2932   2.880937   2.867752     2.5840     3.1250      8.310     1.2696     0.5032 2.0304e+01     0.0440    98.9063     9.2027     9.4391    32.1364    32.0649    25.6494    25.5992    7.70954 0.0000e+00
        815     16.588     2.4695     2.2390   2.886815   2.869077     2.5800     3.1205      8.310     1.1849     0.7796 2.0304e+01     0.0440    98.9063     9.1321     9.4003    32.1219    32.1360    25.6312    25.6601    7.69342 0.0000e+00
        818     16.627     2.4862     2.3288   2.885590   2.876902     2.5767     3.1160      8.310     1.1743     1.7271 2.0304e+01     0.0440    98.9063     9.0909     9.3329    32.0900    32.1418    25.6044    25.6580    7.69179 0.0000e+00
        821     16.670     2.4705     2.4511   2.884890   2.887710     2.5731     3.1111      8.310     1.1849     1.6876 2.0280e+01     0.0440    98.9063     9.0620     9.2622    32.0972    32.1514    25.6114    25.6561    7.69449 0.0000e+00
        824     16.717     2.5818     2.5623   2.897334   2.893408     2.5698     3.1062      8.309     1.1743     1.6876 2.0233e+01     0.0440    98.9063     9.0177     9.2099    32.1378    32.1093    25.6351    25.6139    7.67068 0.0000e+00
        827     16.767     2.7090     2.6492   2.906471   2.899652     2.5674     3.1018      8.309     1.1849     1.6876 2.0163e+01     0.0440    98.9063     8.9863     9.1776    32.1217    32.0984    25.6120    25.5982    7.64678 0.0000e+00
        830     16.818     2.6854     2.7269   2.900665   2.903114     2.5649     3.0981      8.309     1.1955     1.6876 2.0093e+01     0.0429    98.9334     9.0064     9.1633    32.0745    32.0628    25.5762    25.5635    7.65378 0.0000e+00
        833     16.875     2.7159     2.7234   2.903973   2.902197     2.5633     3.0961      8.309     1.1849     1.6876 1.9977e+01     0.0433    98.9244     9.0242     9.1844    32.0843    32.0551    25.5816    25.5577    7.64738 0.0000e+00
        836     16.938     2.6988     2.7229   2.899771   2.902325     2.5609     3.0936      8.309     1.1743     1.6876 1.9862e+01     0.0429    98.9334     9.0562     9.2029    32.0500    32.0571    25.5556    25.5594    7.65245 0.0000e+00
        839     17.011     2.5152     2.6557   2.885522   2.895033     2.5584     3.0900      8.310     1.2378     1.6876 1.9771e+01     0.0429    98.9334     9.1299     9.2365    32.0598    32.0353    25.5780    25.5473    7.68767 0.0000e+00
        842     17.086     2.4528     2.4435   2.881703   2.882218     2.5580     3.0859      8.310     1.2590     1.6087 1.9703e+01     0.0436    98.9153     9.1802     9.3046    32.0757    32.0913    25.5955    25.6088    7.69907 0.0000e+00
        845     17.168     2.5483     2.5105   2.891283   2.889005     2.5580     3.0834      8.310     1.2590     1.5692 1.9612e+01     0.0433    98.9244     9.1881     9.3133    32.0971    32.1072    25.6052    25.6162    7.67930 0.0000e+00
        848     17.250     2.6080     2.7010   2.892020   2.903768     2.5588     3.0818      8.309     1.2484     1.5692 1.9521e+01     0.0473    98.8249     9.2119     9.2972    32.0462    32.0965    25.5598    25.5925    7.67029 0.0000e+00
        851     17.341     2.5725     2.8845   2.894362   2.914694     2.5584     3.0802      8.313     1.2484     1.5692 1.9408e+01     0.0480    98.8068     9.2452     9.2826    32.1104    32.0460    25.6139    25.5372    7.67390 0.0000e+00
        854     17.438     2.7473     2.7281   2.907023   2.900839     2.5584     3.0785      8.310     1.2696     1.5692 1.9274e+01     0.0477    98.8159     9.2272     9.3523    32.0897    32.0336    25.5834    25.5401    7.64102 0.0000e+00
        857     17.534     2.9325     2.5028   2.918561   2.876209     2.5572     3.0794      8.309     1.2590     1.6087 1.9119e+01     0.0480    98.8068     9.1998     9.4552    32.0449    31.9574    25.5323    25.4969    7.60764 0.0000e+00
        860     17.638     2.6997     1.7740   2.888312   2.825323     2.5592     3.0777      8.309     1.2590     1.5692 1.8943e+01     0.0477    98.8159     9.2997     9.6780    31.9085    32.0631    25.4420    25.6350    7.65991 0.0000e+00
        863     17.752     1.7637     1.4805   2.823546   2.809383     2.5592     3.0765      8.313     1.2484     1.5692 1.8747e+01     0.0477    98.8159     9.5618     9.7872    32.0512    32.1623    25.6262    25.7342    7.83762 0.0000e+00
        866     17.870     1.4029     1.3630   2.802953   2.802605     2.5596     3.0785      8.317     1.1849     1.5692 1.8531e+01     0.0488    98.7887     9.6675     9.8619    32.1607    32.1973    25.7380    25.7698    7.90522 0.0000e+00
        869     17.989     1.2533     1.3066   2.793848   2.799133     2.5604     3.0785      8.316     1.1955   381.3575 1.8297e+01     0.0546    98.6440     9.7168     9.9088    32.1991    32.2113    25.7782    25.7847    7.93396 0.0000e+00
        872     18.114     1.1891     1.2200   2.790156   2.791946     2.5613     3.0806      8.316     1.2061   481.8317 1.8066e+01     0.0550    98.6350     9.7442     9.9704    32.2183    32.2092    25.7976    25.7884    7.94620 0.0000e+00
        875     18.241     1.1248     1.1542   2.785482   2.787226     2.5629     3.0814      8.316     1.1955   480.8447 1.7817e+01     0.0546    98.6440     9.7763    10.0195    32.2251    32.2170    25.8070    25.7987    7.95918 0.0000e+00
        878     18.376     1.0551     1.0722   2.781293   2.782412     2.5633     3.0834      8.312     1.1955   481.0026 1.7531e+01     0.0550    98.6350     9.8042    10.0743    32.2437    32.2403    25.8261    25.8224    7.97268 0.0000e+00
        881     18.515     0.9657     0.9914   2.773945   2.776352     2.5641     3.0847      8.312     1.1955   481.0026 1.7309e+01     0.0550    98.6350     9.8360    10.1238    32.2423    32.2465    25.8303    25.8321    7.99143 0.0000e+00
        884     18.656     0.8528     0.8810   2.765479   2.767729     2.5649     3.0863      8.313     1.2061   481.0026 1.7051e+01     0.0550    98.6350     9.8671    10.1800    32.2508    32.2504    25.8436    25.8417    8.01465 0.0000e+00
        887     18.796     0.7459     0.7613   2.758916   2.759743     2.5653     3.0875      8.312     1.1743   481.0026 1.6758e+01     0.0546    98.6440     9.8972    10.2318    32.2776    32.2722    25.8712    25.8660    8.03572 0.0000e+00
        890     18.942     0.6913     0.6988   2.755531   2.756345     2.5653     3.0895      8.309     1.2167   481.0026 1.6489e+01     0.0539    98.6621     9.9103    10.2666    32.2908    32.2934    25.8848    25.8865    8.04655 0.0000e+00
        893     19.090     0.6672     0.6634   2.754937   2.754401     2.5661     3.0920      8.307     1.2378   481.0026 1.6224e+01     0.0546    98.6440     9.9155    10.2969    32.3082    32.3053    25.9002    25.8980    8.05071 0.0000e+00
        896     19.239     0.6642     0.6602   2.755194   2.754945     2.5670     3.0936      8.306     1.2272   481.0026 1.5890e+01     0.0539    98.6621     9.9172    10.3117    32.3146    32.3155    25.9054    25.9064    8.05099 0.0000e+00
        899     19.382     0.6580     0.6556   2.755109   2.754968     2.5674     3.0961      8.304     1.2272   481.0026 1.5617e+01     0.0543    98.6531     9.9207    10.3283    32.3199    32.3206    25.9101    25.9108    8.05202 0.0000e+00
        902     19.527     0.6478     0.6466   2.754374   2.754331     2.5694     3.0985      8.301     1.2378   481.0026 1.5331e+01     0.0543    98.6531     9.9313    10.3458    32.3209    32.3217    25.9114    25.9122    8.05412 0.0000e+00
        905     19.672     0.6326     0.6329   2.753335   2.753450     2.5682     3.1001      8.302     1.2378   481.0026 1.5085e+01     0.0539    98.6621     9.9292    10.3595    32.3233    32.3245    25.9142    25.9152    8.05721 0.0000e+00
        908     19.814     0.6094     0.6121   2.751411   2.751744     2.5686     3.1022      8.300     1.2378   481.0026 1.4825e+01     0.0568    98.5898     9.9377    10.3737    32.3227    32.3241    25.9149    25.9159    8.06219 0.0000e+00
        911     19.953     0.5759     0.5792   2.748811   2.749108     2.5694     3.1042      8.300     1.2378   481.0026 1.4554e+01     0.0583    98.5536     9.9524    10.3909    32.3240    32.3244    25.9178    25.9179    8.06924 0.0000e+00
        914     20.090     0.5424     0.5430   2.746134   2.746410     2.5706     3.1062      8.298     1.2272   481.0026 1.4270e+01     0.0583    98.5536     9.9664    10.4079    32.3243    32.3273    25.9198    25.9222    8.07636 0.0000e+00
        917     20.220     0.5090     0.5123   2.743685   2.743979     2.5706     3.1095      8.295     1.3754   481.0026 1.4057e+01     0.0583    98.5536     9.9716    10.4258    32.3275    32.3278    25.9241    25.9242    8.08332 0.0000e+00
        920     20.343     0.4874     0.4861   2.742429   2.742364     2.5714     3.1115      8.295     1.4494   319.6123 1.3848e+01     0.0583    98.5536     9.9778    10.4373    32.3337    32.3343    25.9303    25.9308    8.08758 0.0000e+00
        923     20.463     0.4756     0.4741   2.741456   2.741488     2.5727     3.1127      8.295     1.4494    -2.8130 1.3625e+01     0.0583    98.5536     9.9848    10.4395    32.3334    32.3354    25.9307    25.9323    8.09012 0.0000e+00
        926     20.577     0.4612     0.4593   2.740337   2.740294     2.5718     3.1156      8.295     1.4706     2.9115 1.3438e+01     0.0587    98.5446     9.9821    10.4484    32.3339    32.3353    25.9318    25.9330    8.09318 0.0000e+00
        929     20.686     0.4439     0.4445   2.738809   2.738998     2.5727     3.1164      8.296     1.4389     3.1484 1.3268e+01     0.0623    98.4541     9.9891    10.4477    32.3321    32.3339    25.9312    25.9327    8.09697 0.0000e+00
