Datasets/AZMP/TEL210/tel210_2020_007.cnv
* Sea-Bird SBE 9 Data File:
* FileName = C:\CTDDATA\tel210_2020_007.hex
* Software Version Seasave V 7.26.7.110
* Temperature SN = 1697
* Conductivity SN = 4216
* Number of Bytes Per Scan = 30
* Number of Voltage Words = 4
* Number of Scans Averaged by the Deck Unit = 1
* NMEA baud rate = 4800
** VESSEL/TRIP/SEQ STN:  tel210_2020_007
** LATITUDE XX XX.XX: 47 00.00 N
** LONGITUDE XX XX.XX: 052 02.00 W
** SOUNDING DEPTH (M): 0138
** PROBE TYPE: S1146
** CTD NUMBER: 006
** COMMENTS (14 CHAR): FC-05
** BOTTLES:  9
** LEVELS: 5,10,20,30,40,50,75,100,BTM
** STICKERS: 435780 - 435788
** VNET: Y
** DO2: N
# nquan = 22
# nvalues = 3198                        
# units = specified
# name 0 = scan: Scan Count
# name 1 = prDM: Pressure, Digiquartz [db]
# name 2 = t090C: Temperature [ITS-90, deg C]
# name 3 = t190C: Temperature, 2 [ITS-90, deg C]
# name 4 = c0S/m: Conductivity [S/m]
# name 5 = c1S/m: Conductivity, 2 [S/m]
# name 6 = sbeox0V: Oxygen raw, SBE 43 [V]
# name 7 = sbeox1V: Oxygen raw, SBE 43, 2 [V]
# name 8 = ph: pH
# name 9 = flECO-AFL: Fluorescence, WET Labs ECO-AFL/FL [mg/m^3]
# name 10 = wetCDOM: Fluorescence, WET Labs CDOM [mg/m^3]
# name 11 = par/sat/log: PAR/Logarithmic, Satlantic [umol photons/m^2/sec]
# name 12 = CStarAt0: Beam Attenuation, WET Labs C-Star [1/m]
# name 13 = CStarTr0: Beam Transmission, WET Labs C-Star [%]
# name 14 = sbeox0ML/L: Oxygen, SBE 43 [ml/l], WS = 2
# name 15 = sbeox1ML/L: Oxygen, SBE 43, 2 [ml/l], WS = 2
# name 16 = sal00: Salinity, Practical [PSU]
# name 17 = sal11: Salinity, Practical, 2 [PSU]
# name 18 = sigma-t00: Density [sigma-t, kg/m^3 ]
# name 19 = sigma-t11: Density, 2 [sigma-t, kg/m^3 ]
# name 20 = oxsatML/L: Oxygen Saturation, Weiss [ml/l]
# name 21 = flag: flag
# span 0 =         54,      30683       
# span 1 =      1.578,    136.540       
# span 2 =    -1.6309,    11.6932       
# span 3 =    -1.6361,    11.6863       
# span 4 =   2.598620,   3.658555       
# span 5 =   2.598148,   3.658619       
# span 6 =     1.9341,     2.4607       
# span 7 =     2.3505,     3.0103       
# span 8 =      7.845,      8.168       
# span 9 =    -0.6019,     1.2194       
# span 10 =    -2.8130,   482.1870      
# span 11 = 1.0715e-01, 1.2881e+02      
# span 12 =    -0.1596,     0.0671      
# span 13 =    98.3366,   104.0699      
# span 14 =     6.1451,     8.8182      
# span 15 =     6.2497,     9.4169      
# span 16 =    31.7853,    32.9167      
# span 17 =    31.6801,    32.9172      
# span 18 =    24.2322,    26.4670      
# span 19 =    24.2316,    26.4676      
# span 20 =    6.21061,    8.54445      
# span 21 = 0.0000e+00, 0.0000e+00      
# interval = scans: 3                   
# start_time = Jul 15 2020 12:17:25 [System UTC, header]
# bad_flag = -9.990e-29
*END*
[from data line 198]
       1200     19.559     3.8475     3.8210   2.999322   2.997577     2.3358     2.8718      8.127     0.5275     7.8463 1.8921e+01     0.0381    99.0510     8.0236     8.7528    32.1052    32.1106    25.4986    25.5054    7.43255 0.0000e+00
       1203     19.645     3.7981     3.7680   2.995415   2.993427     2.3374     2.8747      8.127     0.4868     7.8463 1.8747e+01     0.0385    99.0419     8.0364     8.7630    32.1075    32.1136    25.5051    25.5128    7.44155 0.0000e+00
       1206     19.729     3.7375     3.7121   2.990908   2.989460     2.3378     2.8788      8.129     0.4766    52.6550 1.8617e+01     0.0385    99.0419     8.0470     8.7759    32.1137    32.1215    25.5158    25.5244    7.45245 0.0000e+00
       1209     19.814     3.6971     3.6764   2.988207   2.986876     2.3374     2.8812      8.130     0.4868   459.6445 1.8361e+01     0.0381    99.0510     8.0494     8.7780    32.1213    32.1260    25.5256    25.5312    7.45954 0.0000e+00
       1212     19.899     3.6722     3.6563   2.986639   2.985582     2.3382     2.8840      8.130     0.4970   481.5948 1.8234e+01     0.0381    99.0510     8.0561     8.7781    32.1273    32.1304    25.5327    25.5366    7.46387 0.0000e+00
       1215     19.987     3.6581     3.6462   2.985803   2.985057     2.3370     2.8865      8.132     0.4766   481.0026 1.8045e+01     0.0272    99.3223     8.0527     8.7785    32.1312    32.1340    25.5371    25.5405    7.46629 0.0000e+00
       1218     20.076     3.6458     3.6314   2.984816   2.983647     2.3366     2.8885      8.132     0.4868   481.0816 1.7879e+01     0.0221    99.4489     8.0538     8.7761    32.1315    32.1319    25.5385    25.5401    7.46856 0.0000e+00
       1221     20.169     3.6265     3.6144   2.983297   2.982511     2.3374     2.8910      8.132     0.4868   481.0816 1.7673e+01     0.0221    99.4489     8.0597     8.7726    32.1325    32.1351    25.5411    25.5443    7.47211 0.0000e+00
       1224     20.263     3.6135     3.6057   2.982506   2.981937     2.3378     2.8926      8.132     0.4868   481.1211 1.7510e+01     0.0221    99.4489     8.0618     8.7666    32.1359    32.1368    25.5450    25.5464    7.47436 0.0000e+00
       1227     20.360     3.6084     3.5993   2.982254   2.981614     2.3386     2.8942      8.132     0.4257   481.1211 1.7370e+01     0.0221    99.4489     8.0649     8.7597    32.1379    32.1392    25.5470    25.5489    7.47521 0.0000e+00
       1230     20.458     3.6049     3.5967   2.981979   2.981460     2.3378     2.8971      8.132     0.3952   481.1211 1.7210e+01     0.0217    99.4579     8.0632     8.7555    32.1380    32.1399    25.5475    25.5497    7.47586 0.0000e+00
       1233     20.562     3.6014     3.5949   2.981744   2.981406     2.3391     2.8991      8.132     0.4054   481.1211 1.7051e+01     0.0221    99.4489     8.0685     8.7527    32.1386    32.1410    25.5482    25.5507    7.47647 0.0000e+00
       1236     20.664     3.5908     3.5846   2.980847   2.980434     2.3391     2.9011      8.133     0.3952   481.1211 1.6855e+01     0.0192    99.5212     8.0714     8.7504    32.1383    32.1396    25.5490    25.5506    7.47845 0.0000e+00
       1239     20.767     3.5717     3.5623   2.979290   2.978764     2.3391     2.9032      8.134     0.3850   481.1211 1.6700e+01     0.0188    99.5303     8.0748     8.7505    32.1386    32.1416    25.5510    25.5542    7.48201 0.0000e+00
       1242     20.874     3.5517     3.5434   2.977861   2.977361     2.3386     2.9028      8.133     0.3952   481.1211 1.6527e+01     0.0188    99.5303     8.0746     8.7415    32.1412    32.1436    25.5549    25.5575    7.48560 0.0000e+00
       1245     20.983     3.5267     3.5188   2.976017   2.975531     2.3382     2.9036      8.136     0.3850   481.1211 1.6356e+01     0.0188    99.5303     8.0738     8.7379    32.1440    32.1460    25.5594    25.5617    7.49014 0.0000e+00
       1248     21.089     3.5036     3.4932   2.974340   2.973606     2.3382     2.9056      8.138     0.3850   481.1211 1.6205e+01     0.0188    99.5303     8.0771     8.7385    32.1467    32.1483    25.5637    25.5658    7.49431 0.0000e+00
       1251     21.194     3.4796     3.4651   2.972428   2.971743     2.3399     2.9060      8.136     0.3850   481.1211 1.5982e+01     0.0188    99.5303     8.0878     8.7316    32.1476    32.1538    25.5665    25.5728    7.49875 0.0000e+00
       1254     21.304     3.4541     3.4431   2.970831   2.970226     2.3382     2.9068      8.138     0.3545   481.1211 1.5817e+01     0.0130    99.6750     8.0851     8.7224    32.1538    32.1574    25.5738    25.5777    7.50323 0.0000e+00
       1257     21.411     3.4367     3.4270   2.969549   2.969232     2.3386     2.9085      8.138     0.3341   481.1211 1.5653e+01    -0.0083   100.2085     8.0879     8.7181    32.1556    32.1614    25.5768    25.5823    7.50639 0.0000e+00
       1260     21.518     3.4220     3.4128   2.968728   2.968249     2.3391     2.9085      8.138     0.3341   196.3193 1.5491e+01    -0.0076   100.1904     8.0887     8.7071    32.1604    32.1637    25.5819    25.5854    7.50892 0.0000e+00
       1263     21.623     3.4086     3.3983   2.967711   2.967078     2.3386     2.9085      8.138     0.3239    -2.3787 1.5331e+01    -0.0076   100.1904     8.0837     8.6982    32.1614    32.1640    25.5840    25.5870    7.51138 0.0000e+00
       1266     21.726     3.3852     3.3760   2.965773   2.965235     2.3391     2.9093      8.138     0.3341     1.4507 1.5172e+01    -0.0076   100.1904     8.0869     8.6950    32.1613    32.1641    25.5860    25.5890    7.51577 0.0000e+00
       1269     21.829     3.3580     3.3480   2.963864   2.963286     2.3382     2.9097      8.138     0.3341     1.4112 1.5050e+01    -0.0076   100.1904     8.0828     8.6865    32.1654    32.1684    25.5917    25.5950    7.52068 0.0000e+00
       1272     21.930     3.3361     3.3262   2.962316   2.961777     2.3391     2.9097      8.138     0.3443     1.3323 1.4911e+01    -0.0076   100.1904     8.0859     8.6762    32.1685    32.1719    25.5961    25.5997    7.52465 0.0000e+00
       1275     22.028     3.3194     3.3086   2.961231   2.960632     2.3386     2.9085      8.138     0.3545     1.3323 1.4757e+01    -0.0116   100.2899     8.0814     8.6599    32.1721    32.1756    25.6004    25.6042    7.52762 0.0000e+00
       1278     22.123     3.3025     3.2942   2.960137   2.959586     2.3386     2.9072      8.138     0.3239     1.3323 1.4604e+01    -0.0166   100.4165     8.0824     8.6452    32.1757    32.1773    25.6049    25.6068    7.53062 0.0000e+00
       1281     22.218     3.2849     3.2786   2.958862   2.958449     2.3374     2.9081      8.139     0.2731     1.3323 1.4436e+01    -0.0170   100.4255     8.0785     8.6401    32.1778    32.1792    25.6081    25.6097    7.53383 0.0000e+00
       1284     22.308     3.2699     3.2617   2.957674   2.957127     2.3362     2.9064      8.139     0.3036     1.3323 1.4303e+01    -0.0170   100.4255     8.0761     8.6270    32.1784    32.1800    25.6099    25.6119    7.53663 0.0000e+00
       1287     22.400     3.2448     3.2335   2.955579   2.954921     2.3358     2.9064      8.139     0.2934     2.3193 1.4171e+01    -0.0166   100.4165     8.0760     8.6226    32.1782    32.1816    25.6119    25.6156    7.54139 0.0000e+00
       1290     22.489     3.2139     3.2024   2.953418   2.952669     2.3358     2.9052      8.139     0.2934     2.4772 1.4057e+01    -0.0166   100.4165     8.0785     8.6147    32.1829    32.1853    25.6184    25.6213    7.54700 0.0000e+00
       1293     22.578     3.1854     3.1752   2.951644   2.950813     2.3354     2.9040      8.139     0.2833     2.4772 1.3960e+01    -0.0166   100.4165     8.0804     8.6086    32.1899    32.1901    25.6264    25.6275    7.55204 0.0000e+00
       1296     22.667     3.1672     3.1581   2.950193   2.949559     2.3354     2.9024      8.139     0.2731     2.3982 1.3848e+01    -0.0220   100.5521     8.0841     8.6023    32.1905    32.1920    25.6285    25.6305    7.55546 0.0000e+00
       1299     22.755     3.1419     3.1346   2.948345   2.947733     2.3337     2.9011      8.139     0.2934     2.4377 1.3720e+01    -0.0235   100.5883     8.0838     8.5995    32.1934    32.1933    25.6330    25.6336    7.56012 0.0000e+00
       1302     22.841     3.1154     3.1048   2.946306   2.945250     2.3350     2.9015      8.139     0.2629     2.4772 1.3609e+01    -0.0235   100.5883     8.0963     8.6032    32.1952    32.1931    25.6367    25.6359    7.56506 0.0000e+00
       1305     22.928     3.0858     3.0683   2.944033   2.942422     2.3346     2.8991      8.139     0.2324     2.4772 1.3531e+01    -0.0238   100.5973     8.1036     8.5986    32.1973    32.1953    25.6410    25.6408    7.57060 0.0000e+00
       1308     23.013     3.0639     3.0478   2.942610   2.941348     2.3346     2.8979      8.139     0.1815     2.3982 1.3391e+01    -0.0238   100.5973     8.1064     8.5961    32.2019    32.2028    25.6465    25.6486    7.57452 0.0000e+00
       1311     23.098     3.0480     3.0374   2.941422   2.940695     2.3325     2.8966      8.140     0.1815     2.9904 1.3298e+01    -0.0235   100.5883     8.0988     8.5903    32.2034    32.2052    25.6490    25.6514    7.57748 0.0000e+00
       1314     23.185     3.0275     3.0194   2.939545   2.938901     2.3321     2.8950      8.141     0.1917     5.9119 1.3176e+01    -0.0235   100.5883     8.1025     8.5872    32.2011    32.2014    25.6490    25.6499    7.58151 0.0000e+00
       1317     23.274     2.9799     2.9692   2.935561   2.934727     2.3317     2.8938      8.140     0.1815     5.9513 1.3040e+01    -0.0263   100.6607     8.1131     8.5926    32.2005    32.2012    25.6526    25.6540    7.59064 0.0000e+00
       1320     23.360     2.9369     2.9258   2.932833   2.931895     2.3321     2.8934      8.145     0.1815     5.9513 1.2905e+01    -0.0263   100.6607     8.1262     8.5993    32.2104    32.2102    25.6641    25.6648    7.59836 0.0000e+00
       1323     23.448     2.9150     2.8765   2.930831   2.927668     2.3313     2.8918      8.142     0.1917     5.9513 1.2801e+01    -0.0263   100.6607     8.1315     8.6015    32.2080    32.2082    25.6640    25.6674    7.60268 0.0000e+00
       1326     23.540     2.8554     2.8150   2.925368   2.922593     2.3309     2.8905      8.145     0.1917     5.9513 1.2712e+01    -0.0260   100.6516     8.1448     8.6123    32.2014    32.2082    25.6636    25.6724    7.61446 0.0000e+00
       1329     23.628     2.7615     2.7370   2.917491   2.916168     2.3301     2.8893      8.146     0.1713     5.9513 1.2581e+01    -0.0267   100.6697     8.1665     8.6298    32.1997    32.2082    25.6700    25.6789    7.63264 0.0000e+00
       1332     23.718     2.6921     2.6587   2.913024   2.910670     2.3293     2.8873      8.146     0.1612     5.9513 1.2523e+01    -0.0263   100.6607     8.1820     8.6440    32.2149    32.2198    25.6879    25.6944    7.64529 0.0000e+00
       1335     23.811     2.6391     2.6024   2.908543   2.906500     2.3297     2.8861      8.146     0.1510     5.9513 1.2436e+01    -0.0274   100.6878     8.2012     8.6580    32.2135    32.2255    25.6910    25.7035    7.65564 0.0000e+00
       1338     23.908     2.5771     2.5663   2.904252   2.904082     2.3301     2.8844      8.146     0.1510     3.7800 1.2335e+01    -0.0317   100.7963     8.2180     8.6648    32.2234    32.2322    25.7039    25.7118    7.66719 0.0000e+00
       1341     24.005     2.5069     2.5334   2.897941   2.900534     2.3297     2.8832      8.147     0.1510     0.7401 1.2236e+01    -0.0321   100.8053     8.2337     8.6745    32.2168    32.2218    25.7041    25.7061    7.68121 0.0000e+00
       1344     24.102     2.4197     2.4417   2.891621   2.892896     2.3293     2.8820      8.147     0.1612     0.8586 1.2110e+01    -0.0314   100.7872     8.2523     8.7005    32.2272    32.2206    25.7192    25.7122    7.69773 0.0000e+00
       1347     24.202     2.3782     2.3896   2.889040   2.890096     2.3297     2.8804      8.150     0.1612     0.8586 1.2012e+01    -0.0314   100.7872     8.2660     8.7166    32.2373    32.2388    25.7305    25.7309    7.70535 0.0000e+00
       1350     24.301     2.3639     2.3715   2.888476   2.889050     2.3289     2.8808      8.152     0.1612     0.8586 1.1929e+01    -0.0317   100.7963     8.2680     8.7334    32.2448    32.2441    25.7376    25.7365    7.70777 0.0000e+00
       1353     24.402     2.3563     2.3531   2.887408   2.887244     2.3281     2.8796      8.152     0.1612     0.8586 1.1833e+01    -0.0317   100.7963     8.2682     8.7437    32.2393    32.2405    25.7338    25.7350    7.70955 0.0000e+00
       1356     24.503     2.2768     2.2788   2.879508   2.879444     2.3281     2.8792      8.152     0.1612     0.8586 1.1751e+01    -0.0314   100.7872     8.2879     8.7715    32.2223    32.2195    25.7262    25.7238    7.72609 0.0000e+00
       1359     24.607     2.1621     2.1520   2.871008   2.870365     2.3285     2.8788      8.153     0.1713     0.8586 1.1656e+01    -0.0321   100.8053     8.3154     8.8109    32.2335    32.2358    25.7438    25.7464    7.74819 0.0000e+00
       1362     24.707     2.1020     2.0888   2.867574   2.867082     2.3276     2.8779      8.153     0.1917     0.8981 1.1576e+01    -0.0317   100.7963     8.3248     8.8331    32.2520    32.2593    25.7630    25.7699    7.75916 0.0000e+00
       1365     24.814     2.0697     2.0584   2.865792   2.865184     2.3276     2.8775      8.153     0.1815   337.7332 1.1443e+01    -0.0321   100.8053     8.3346     8.8493    32.2626    32.2666    25.7739    25.7779    7.76502 0.0000e+00
       1368     24.924     2.0394     2.0259   2.863296   2.862607     2.3272     2.8779      8.155     0.1815   482.1475 1.1377e+01    -0.0321   100.8053     8.3421     8.8702    32.2625    32.2676    25.7760    25.7812    7.77108 0.0000e+00
       1371     25.040     2.0047     1.9867   2.859944   2.859087     2.3272     2.8775      8.157     0.1815   480.8447 1.1259e+01    -0.0317   100.7963     8.3555     8.8907    32.2561    32.2637    25.7734    25.7809    7.77833 0.0000e+00
       1374     25.154     1.9247     1.9116   2.852414   2.851651     2.3276     2.8771      8.157     0.1815   481.0421 1.1194e+01    -0.0317   100.7963     8.3831     8.9203    32.2438    32.2476    25.7693    25.7733    7.79498 0.0000e+00
       1377     25.266     1.8330     1.8137   2.844303   2.843824     2.3272     2.8767      8.159     0.1917   481.0026 1.1091e+01    -0.0328   100.8234     8.4079     8.9555    32.2360    32.2497    25.7695    25.7819    7.81379 0.0000e+00
       1380     25.379     1.7495     1.7289   2.837893   2.837325     2.3272     2.8763      8.159     0.1815   481.1211 1.0989e+01    -0.0335   100.8415     8.4314     8.9887    32.2411    32.2551    25.7795    25.7920    7.83036 0.0000e+00
       1383     25.492     1.6859     1.6654   2.832942   2.832432     2.3264     2.8771      8.160     0.1815   481.0816 1.0888e+01    -0.0332   100.8325     8.4463     9.0183    32.2441    32.2587    25.7861    25.7993    7.84306 0.0000e+00
       1386     25.603     1.6365     1.6146   2.829268   2.828423     2.3268     2.8779      8.160     0.1815   481.0816 1.0812e+01    -0.0332   100.8325     8.4625     9.0443    32.2485    32.2604    25.7930    25.8040    7.85284 0.0000e+00
       1389     25.717     1.5883     1.5664   2.825417   2.824892     2.3264     2.8779      8.160     0.1917   481.0026 1.0725e+01    -0.0332   100.8325     8.4744     9.0677    32.2494    32.2653    25.7970    25.8112    7.86259 0.0000e+00
       1392     25.831     1.5479     1.5301   2.822863   2.822109     2.3272     2.8792      8.160     0.1917   481.0816 1.0614e+01    -0.0332   100.8325     8.4886     9.0909    32.2586    32.2675    25.8071    25.8153    7.87032 0.0000e+00
