Datasets/AZMP/TEL210/tel210_2020_056.cnv
* Sea-Bird SBE 9 Data File:
* FileName = C:\CTDDATA\tel210_2020_056.hex
* Software Version Seasave V 7.26.7.110
* Temperature SN = 1697
* Conductivity SN = 4216
* Number of Bytes Per Scan = 30
* Number of Voltage Words = 4
* Number of Scans Averaged by the Deck Unit = 1
* NMEA baud rate = 4800
** VESSEL/TRIP/SEQ STN:  tel210_2020_056
** LATITUDE XX XX.XX: 48 50.00 N
** LONGITUDE XX XX.XX: 052 39.00 W
** SOUNDING DEPTH (M): 0253
** PROBE TYPE: S1146
** CTD NUMBER: 046
** COMMENTS (14 CHAR): BB-03
** BOTTLES:  10
** LEVELS: 5,10,20,30,40,50,75,100,150,BTM
** STICKERS: 436096 - 436105
** VNET: Y
** DO2: N
# nquan = 22
# nvalues = 5337                        
# units = specified
# name 0 = scan: Scan Count
# name 1 = prDM: Pressure, Digiquartz [db]
# name 2 = t090C: Temperature [ITS-90, deg C]
# name 3 = t190C: Temperature, 2 [ITS-90, deg C]
# name 4 = c0S/m: Conductivity [S/m]
# name 5 = c1S/m: Conductivity, 2 [S/m]
# name 6 = sbeox0V: Oxygen raw, SBE 43 [V]
# name 7 = sbeox1V: Oxygen raw, SBE 43, 2 [V]
# name 8 = ph: pH
# name 9 = flECO-AFL: Fluorescence, WET Labs ECO-AFL/FL [mg/m^3]
# name 10 = wetCDOM: Fluorescence, WET Labs CDOM [mg/m^3]
# name 11 = par/sat/log: PAR/Logarithmic, Satlantic [umol photons/m^2/sec]
# name 12 = CStarAt0: Beam Attenuation, WET Labs C-Star [1/m]
# name 13 = CStarTr0: Beam Transmission, WET Labs C-Star [%]
# name 14 = sbeox0ML/L: Oxygen, SBE 43 [ml/l], WS = 2
# name 15 = sbeox1ML/L: Oxygen, SBE 43, 2 [ml/l], WS = 2
# name 16 = sal00: Salinity, Practical [PSU]
# name 17 = sal11: Salinity, Practical, 2 [PSU]
# name 18 = sigma-t00: Density [sigma-t, kg/m^3 ]
# name 19 = sigma-t11: Density, 2 [sigma-t, kg/m^3 ]
# name 20 = oxsatML/L: Oxygen Saturation, Weiss [ml/l]
# name 21 = flag: flag
# span 0 =         96,      46815       
# span 1 =      0.273,    249.023       
# span 2 =    -1.3935,    11.4625       
# span 3 =    -1.3966,    11.4587       
# span 4 =   2.623318,   3.610779       
# span 5 =   2.623063,   3.610341       
# span 6 =     1.8918,     2.5941       
# span 7 =     2.2813,     3.1820       
# span 8 =      7.943,      8.299       
# span 9 =     0.6346,    12.2114       
# span 10 =    -2.8130,   482.1870      
# span 11 = 1.0715e-01, 2.1757e+03      
# span 12 =    -0.1463,     0.9629      
# span 13 =    78.6044,   103.7263      
# span 14 =     5.7505,     9.4224      
# span 15 =     5.8281,    10.6904      
# span 16 =    29.9164,    34.0838      
# span 17 =    30.6964,    34.0817      
# span 18 =    22.8709,    27.2627      
# span 19 =    23.3511,    27.2565      
# span 20 =    6.24985,    8.48355      
# span 21 = 0.0000e+00, 0.0000e+00      
# interval = scans: 3                   
# start_time = Jul 21 2020 16:27:24 [System UTC, header]
# bad_flag = -9.990e-29
*END*
[from data line 2371]
       7800    247.720     1.6825     1.6732   2.986545   2.985978     1.8930     2.2834      7.957     0.7299     0.9770 1.0727e-01    -0.0072   100.1814     6.5913     6.8988    34.0563    34.0591    27.2395    27.2425    7.74841 0.0000e+00
       7803    247.680     1.6812     1.6718   2.986452   2.985823     1.8930     2.2846      7.957     0.7299     0.9770 1.0715e-01    -0.0069   100.1723     6.5928     6.9025    34.0565    34.0588    27.2398    27.2423    7.74866 0.0000e+00
       7815    247.618     1.6805     1.6714   2.986477   2.985835     1.8934     2.2854      7.959     0.7299   321.7837 1.0715e-01    -0.0119   100.2989     6.6015     6.9047    34.0576    34.0594    27.2407    27.2428    7.74874 0.0000e+00
       7822    247.576     1.6788     1.6728   2.986259   2.985996     1.8938     2.2866      7.960     0.7299   481.1211 1.0715e-01    -0.0148   100.3713     6.6097     6.9082    34.0567    34.0599    27.2401    27.2431    7.74912 0.0000e+00
       7916    247.548     1.6737     1.6690   2.985808   2.985551     1.8995     2.2915      7.960     0.7405   481.2790 1.0727e-01    -0.0199   100.4979     6.6237     6.9190    34.0565    34.0584    27.2404    27.2422    7.75015 0.0000e+00
       7964    247.514     1.6715     1.6667   2.985595   2.985254     1.9028     2.2944      7.962     0.7616   481.3579 1.0715e-01    -0.0228   100.5702     6.6333     6.9289    34.0562    34.0572    27.2403    27.2414    7.75060 0.0000e+00
       7967    247.483     1.6717     1.6662   2.985606   2.985202     1.9024     2.2944      7.962     0.7510   481.3579 1.0715e-01    -0.0228   100.5702     6.6293     6.9303    34.0562    34.0571    27.2403    27.2414    7.75057 0.0000e+00
       7970    247.457     1.6718     1.6656   2.985573   2.985189     1.9024     2.2944      7.962     0.7405   481.3579 1.0727e-01    -0.0228   100.5702     6.6277     6.9298    34.0557    34.0576    27.2399    27.2418    7.75058 0.0000e+00
       7973    247.434     1.6717     1.6652   2.985582   2.985139     1.9024     2.2952      7.962     0.7616   481.3579 1.0715e-01    -0.0228   100.5702     6.6264     6.9316    34.0560    34.0574    27.2401    27.2417    7.75059 0.0000e+00
       8017    247.410     1.6715     1.6656   2.985576   2.985164     1.9016     2.2960      7.962     0.7510   481.3579 1.0715e-01    -0.0163   100.4074     6.6192     6.9261    34.0561    34.0572    27.2401    27.2416    7.75061 0.0000e+00
       8102    247.381     1.6711     1.6662   2.985537   2.985193     1.9008     2.2968      7.962     0.7299   481.3579 1.0727e-01    -0.0018   100.0457     6.6081     6.9164    34.0560    34.0570    27.2401    27.2413    7.75069 0.0000e+00
       8105    247.354     1.6709     1.6653   2.985512   2.985101     1.9012     2.2960      7.962     0.7299   481.3579 1.0727e-01    -0.0018   100.0457     6.6110     6.9116    34.0560    34.0569    27.2402    27.2412    7.75075 0.0000e+00
       8191    247.319     1.6708     1.6632   2.985439   2.984931     1.8987     2.2936      7.962     0.7405   160.5512 1.0715e-01     0.0098    99.7563     6.6131     6.9099    34.0552    34.0570    27.2395    27.2415    7.75081 0.0000e+00
       8236    247.250     1.6700     1.6622   2.985333   2.984851     1.8984     2.2932      7.962     0.7616    -0.2469 1.0715e-01     0.0116    99.7111     6.6183     6.9153    34.0547    34.0571    27.2392    27.2417    7.75098 0.0000e+00
       8239    247.186     1.6691     1.6622   2.985292   2.984882     1.8988     2.2923      7.962     0.7616    -0.4443 1.0715e-01     0.0043    99.8920     6.6203     6.9114    34.0552    34.0575    27.2397    27.2420    7.75113 0.0000e+00
       8242    247.131     1.6687     1.6624   2.985296   2.984853     1.8988     2.2923      7.962     0.7510    -0.4443 1.0715e-01     0.0047    99.8829     6.6205     6.9123    34.0557    34.0570    27.2401    27.2416    7.75119 0.0000e+00
       8245    247.084     1.6686     1.6626   2.985292   2.984860     1.8975     2.2936      7.962     0.7722    -0.4443 1.0715e-01     0.0047    99.8829     6.6164     6.9180    34.0558    34.0569    27.2402    27.2415    7.75121 0.0000e+00
       8248    247.047     1.6688     1.6626   2.985284   2.984881     1.8988     2.2932      7.962     0.7510    -0.4443 1.0715e-01     0.0047    99.8829     6.6246     6.9192    34.0555    34.0572    27.2399    27.2417    7.75118 0.0000e+00
       8466    247.020     1.6696     1.6629   2.985438   2.984888     1.8980     2.2916      7.962     0.7510   160.1564 1.0715e-01     0.0007    99.9824     6.6161     6.9140    34.0566    34.0569    27.2408    27.2414    7.75097 0.0000e+00
       8899    246.990     1.6716     1.6624   2.985715   2.984836     1.8964     2.2883      7.962     0.7299   481.3579 1.0715e-01    -0.0083   100.2085     6.6029     6.8994    34.0580    34.0568    27.2417    27.2414    7.75049 0.0000e+00
       8902    246.966     1.6703     1.6622   2.985414   2.984829     1.8964     2.2883      7.962     0.7299   481.3184 1.0715e-01    -0.0087   100.2175     6.6033     6.9011    34.0556    34.0570    27.2399    27.2416    7.75088 0.0000e+00
       9050    246.941     1.6740     1.6664   2.985894   2.985228     1.8976     2.2892      7.962     0.7405   481.3579 1.0715e-01    -0.0102   100.2537     6.6069     6.9008    34.0577    34.0575    27.2413    27.2416    7.75003 0.0000e+00
       9342    246.895     1.6848     1.6730   2.987037   2.985806     1.8984     2.2884      7.965     0.7510   481.3579 1.0715e-01    -0.0062   100.1542     6.6032     6.8889    34.0605    34.0577    27.2428    27.2414    7.74774 0.0000e+00
       9345    246.838     1.6819     1.6690   2.986226   2.985386     1.8984     2.2896      7.964     0.7722   481.3579 1.0715e-01    -0.0062   100.1542     6.6060     6.8985    34.0534    34.0568    27.2372    27.2409    7.74868 0.0000e+00
       9348    246.781     1.6773     1.6679   2.985601   2.985492     1.8976     2.2884      7.962     0.7616   481.3579 1.0715e-01    -0.0062   100.1542     6.6056     6.8963    34.0505    34.0593    27.2352    27.2430    7.74974 0.0000e+00
       9351    246.721     1.6728     1.6678   2.985303   2.985370     1.8976     2.2892      7.964     0.7510   481.3579 1.0727e-01    -0.0062   100.1542     6.6052     6.8989    34.0516    34.0579    27.2365    27.2419    7.75059 0.0000e+00
       9354    246.661     1.6701     1.6643   2.985219   2.984958     1.8976     2.2896      7.962     0.7193   481.3579 1.0727e-01    -0.0062   100.1542     6.6032     6.9006    34.0535    34.0565    27.2382    27.2411    7.75102 0.0000e+00
       9357    246.606     1.6684     1.6633   2.985092   2.984884     1.8980     2.2896      7.962     0.6770   481.3579 1.0715e-01    -0.0062   100.1542     6.6077     6.9000    34.0539    34.0567    27.2386    27.2413    7.75136 0.0000e+00
       9360    246.551     1.6674     1.6612   2.985096   2.984603     1.8980     2.2896      7.964     0.6875   481.3579 1.0727e-01    -0.0062   100.1542     6.6103     6.9039    34.0550    34.0554    27.2396    27.2404    7.75150 0.0000e+00
       9363    246.500     1.6668     1.6592   2.984994   2.984478     1.8976     2.2896      7.965     0.6981   481.3579 1.0727e-01    -0.0062   100.1542     6.6091     6.9043    34.0543    34.0560    27.2391    27.2410    7.75164 0.0000e+00
       9366    246.453     1.6657     1.6591   2.984917   2.984499     1.8980     2.2904      7.964     0.6981   481.3184 1.0715e-01    -0.0062   100.1542     6.6110     6.9068    34.0546    34.0564    27.2394    27.2413    7.75185 0.0000e+00
       9369    246.409     1.6655     1.6593   2.984873   2.984467     1.8980     2.2904      7.965     0.7193   481.3184 1.0727e-01    -0.0120   100.2989     6.6117     6.9066    34.0542    34.0559    27.2391    27.2409    7.75190 0.0000e+00
       9372    246.372     1.6646     1.6587   2.984761   2.984417     1.8988     2.2892      7.964     0.7193   481.3579 1.0727e-01    -0.0123   100.3080     6.6172     6.9024    34.0538    34.0559    27.2389    27.2409    7.75211 0.0000e+00
       9375    246.343     1.6645     1.6588   2.984967   2.984421     1.8980     2.2896      7.964     0.6875   481.3184 1.0715e-01    -0.0123   100.3080     6.6111     6.9025    34.0566    34.0559    27.2411    27.2409    7.75199 0.0000e+00
       9464    246.311     1.6632     1.6567   2.984785   2.984144     1.8984     2.2921      7.967     0.7299   481.3579 1.0715e-01    -0.0130   100.3260     6.6095     6.9095    34.0557    34.0547    27.2405    27.2401    7.75229 0.0000e+00
       9510    246.266     1.6625     1.6547   2.984615   2.983954     1.8980     2.2933      7.967     0.7405   481.2790 1.0727e-01    -0.0144   100.3622     6.6052     6.9121    34.0543    34.0544    27.2394    27.2401    7.75250 0.0000e+00
       9513    246.229     1.6625     1.6548   2.984611   2.983984     1.8984     2.2933      7.967     0.7722   481.3184 1.0740e-01    -0.0148   100.3713     6.6055     6.9103    34.0543    34.0547    27.2394    27.2403    7.75250 0.0000e+00
       9516    246.201     1.6620     1.6557   2.984569   2.984107     1.8988     2.2933      7.967     0.7616   479.8182 1.0727e-01    -0.0148   100.3713     6.6113     6.9094    34.0543    34.0553    27.2394    27.2407    7.75260 0.0000e+00
       9605    246.176     1.6620     1.6553   2.984497   2.984005     1.8997     2.2937      7.967     0.7405   267.5000 1.0727e-01    -0.0163   100.4074     6.6129     6.9093    34.0534    34.0545    27.2387    27.2401    7.75265 0.0000e+00
       9651    246.113     1.6614     1.6543   2.984406   2.983905     1.8992     2.2957      7.967     0.7299    -2.8130 1.0715e-01    -0.0177   100.4436     6.6085     6.9178    34.0530    34.0543    27.2384    27.2400    7.75279 0.0000e+00
       9654    246.045     1.6606     1.6540   2.984329   2.983880     1.9001     2.2953      7.967     0.7299     0.3453 1.0715e-01    -0.0191   100.4798     6.6120     6.9178    34.0529    34.0543    27.2384    27.2401    7.75296 0.0000e+00
       9657    245.984     1.6602     1.6539   2.984258   2.983863     1.9001     2.2945      7.967     0.7299     1.3718 1.0715e-01    -0.0181   100.4527     6.6122     6.9155    34.0524    34.0543    27.2381    27.2401    7.75305 0.0000e+00
       9660    245.932     1.6592     1.6537   2.984202   2.983853     1.9013     2.2945      7.967     0.7299     1.3323 1.0740e-01    -0.0181   100.4527     6.6164     6.9149    34.0528    34.0544    27.2385    27.2401    7.75324 0.0000e+00
       9663    245.886     1.6592     1.6539   2.984235   2.983879     1.9005     2.2945      7.967     0.7299     1.3323 1.0715e-01    -0.0181   100.4527     6.6129     6.9126    34.0533    34.0546    27.2388    27.2403    7.75322 0.0000e+00
       9666    245.851     1.6591     1.6539   2.984238   2.983869     1.9001     2.2953      7.967     0.7299     1.3323 1.0715e-01    -0.0181   100.4527     6.6089     6.9161    34.0535    34.0544    27.2389    27.2401    7.75322 0.0000e+00
       9921    245.829     1.6613     1.6559   2.984461   2.984057     1.8985     2.2933      7.967     0.7193     1.5297 1.0715e-01    -0.0163   100.4075     6.6028     6.9063    34.0539    34.0547    27.2392    27.2402    7.75277 0.0000e+00
      10429    245.787     1.6655     1.6593   2.984829   2.984452     1.8965     2.2897      7.967     0.6875     1.9245 1.0740e-01    -0.0116   100.2899     6.5959     6.8897    34.0541    34.0560    27.2390    27.2410    7.75192 0.0000e+00
      10432    245.734     1.6644     1.6591   2.984715   2.984423     1.8973     2.2897      7.967     0.6875     1.8850 1.0727e-01    -0.0116   100.2899     6.6013     6.8894    34.0538    34.0559    27.2389    27.2409    7.75214 0.0000e+00
      10435    245.690     1.6640     1.6584   2.984756   2.984322     1.8965     2.2901      7.967     0.6875     0.6217 1.0715e-01    -0.0116   100.2899     6.5985     6.8915    34.0548    34.0554    27.2397    27.2406    7.75218 0.0000e+00
      10438    245.645     1.6637     1.6574   2.984855   2.984205     1.8965     2.2889      7.967     0.6875     0.5032 1.0715e-01    -0.0130   100.3261     6.5994     6.8889    34.0564    34.0550    27.2410    27.2404    7.75215 0.0000e+00
      10441    245.606     1.6646     1.6564   2.984991   2.984124     1.8965     2.2889      7.967     0.6875     0.5032 1.0715e-01    -0.0170   100.4255     6.6017     6.8910    34.0572    34.0551    27.2416    27.2405    7.75194 0.0000e+00
      10444    245.570     1.6657     1.6556   2.985073   2.984037     1.8969     2.2897      7.967     0.6875     0.5032 1.0715e-01    -0.0170   100.4255     6.6050     6.8958    34.0571    34.0549    27.2414    27.2404    7.75172 0.0000e+00
      10447    245.539     1.6658     1.6557   2.985044   2.984035     1.8969     2.2905      7.967     0.6981     0.5032 1.0727e-01    -0.0170   100.4255     6.6047     6.8975    34.0566    34.0548    27.2410    27.2403    7.75173 0.0000e+00
      10497    245.517     1.6632     1.6550   2.984551   2.983956     1.8969     2.2909      7.967     0.7299   160.7486 1.0727e-01    -0.0141   100.3532     6.6058     6.9006    34.0532    34.0545    27.2385    27.2401    7.75243 0.0000e+00
      10594    245.459     1.6599     1.6540   2.984245   2.983813     1.8956     2.2921      7.967     0.7722   481.2790 1.0715e-01    -0.0083   100.2085     6.5952     6.9030    34.0529    34.0539    27.2385    27.2397    7.75309 0.0000e+00
      10597    245.382     1.6596     1.6537   2.984214   2.983806     1.8961     2.2917      7.967     0.7722   481.2790 1.0740e-01    -0.0083   100.2085     6.5976     6.9019    34.0529    34.0542    27.2385    27.2399    7.75316 0.0000e+00
      10600    245.312     1.6593     1.6536   2.984195   2.983802     1.8969     2.2917      7.967     0.7616   481.3579 1.0715e-01    -0.0105   100.2627     6.6038     6.9006    34.0531    34.0543    27.2387    27.2400    7.75322 0.0000e+00
      10603    245.249     1.6593     1.6538   2.984212   2.983824     1.8965     2.2921      7.967     0.7616   481.3579 1.0715e-01    -0.0141   100.3532     6.6015     6.9017    34.0533    34.0543    27.2388    27.2401    7.75320 0.0000e+00
      10606    245.191     1.6591     1.6538   2.984206   2.983818     1.8961     2.2913      7.967     0.7405   481.3184 1.0727e-01    -0.0137   100.3441     6.6017     6.8997    34.0534    34.0542    27.2390    27.2400    7.75322 0.0000e+00
      10609    245.143     1.6589     1.6541   2.984140   2.983824     1.8956     2.2913      7.967     0.7510   481.3579 1.0715e-01    -0.0137   100.3441     6.6020     6.9014    34.0529    34.0540    27.2385    27.2398    7.75330 0.0000e+00
      10612    245.101     1.6589     1.6544   2.984205   2.983872     1.8961     2.2917      7.967     0.7299   481.2790 1.0715e-01    -0.0137   100.3441     6.6063     6.9062    34.0538    34.0544    27.2392    27.2401    7.75326 0.0000e+00
      10615    245.067     1.6590     1.6553   2.984290   2.983953     1.8969     2.2921      7.967     0.7299   481.3184 1.0740e-01    -0.0137   100.3441     6.6116     6.9080    34.0547    34.0544    27.2400    27.2400    7.75318 0.0000e+00
      10630    245.007     1.6577     1.6551   2.984063   2.983935     1.8965     2.2930      7.967     0.7405   481.3184 1.0715e-01    -0.0152   100.3803     6.6145     6.9124    34.0533    34.0545    27.2389    27.2401    7.75351 0.0000e+00
      10656    244.914     1.6552     1.6532   2.983885   2.983740     1.8985     2.2934      7.970     0.7616   481.3184 1.0715e-01    -0.0184   100.4617     6.6271     6.9174    34.0537    34.0541    27.2395    27.2399    7.75399 0.0000e+00
      10659    244.884     1.6560     1.6530   2.983926   2.983727     1.8989     2.2934      7.967     0.7510   481.2790 1.0727e-01    -0.0181   100.4527     6.6311     6.9204    34.0534    34.0542    27.2392    27.2400    7.75384 0.0000e+00
