Datasets/AZMP/TEL210/tel210_2020_111.cnv
* Sea-Bird SBE 9 Data File:
* FileName = C:\CTDDATA\tel210_2020_111.hex
* Software Version Seasave V 7.26.7.110
* Temperature SN = 1697
* Conductivity SN = 4216
* Number of Bytes Per Scan = 30
* Number of Voltage Words = 4
* Number of Scans Averaged by the Deck Unit = 1
* NMEA baud rate = 4800
** VESSEL/TRIP/SEQ STN:  tel210_2020_111
** LATITUDE XX XX.XX: 55 13.00 N
** LONGITUDE XX XX.XX: 058 30.80 W
** SOUNDING DEPTH (M): 0094
** PROBE TYPE: S1146
** CTD NUMBER: 077
** COMMENTS (14 CHAR): MB-01
** BOTTLES:  8
** LEVELS: 5,10,20,30,40,50,75,BTM
** STICKERS: 436340 - 436347
** VNET: Y
** DO2: N
# nquan = 22
# nvalues = 2624                        
# units = specified
# name 0 = scan: Scan Count
# name 1 = prDM: Pressure, Digiquartz [db]
# name 2 = t090C: Temperature [ITS-90, deg C]
# name 3 = t190C: Temperature, 2 [ITS-90, deg C]
# name 4 = c0S/m: Conductivity [S/m]
# name 5 = c1S/m: Conductivity, 2 [S/m]
# name 6 = sbeox0V: Oxygen raw, SBE 43 [V]
# name 7 = sbeox1V: Oxygen raw, SBE 43, 2 [V]
# name 8 = ph: pH
# name 9 = flECO-AFL: Fluorescence, WET Labs ECO-AFL/FL [mg/m^3]
# name 10 = wetCDOM: Fluorescence, WET Labs CDOM [mg/m^3]
# name 11 = par/sat/log: PAR/Logarithmic, Satlantic [umol photons/m^2/sec]
# name 12 = CStarAt0: Beam Attenuation, WET Labs C-Star [1/m]
# name 13 = CStarTr0: Beam Transmission, WET Labs C-Star [%]
# name 14 = sbeox0ML/L: Oxygen, SBE 43 [ml/l], WS = 2
# name 15 = sbeox1ML/L: Oxygen, SBE 43, 2 [ml/l], WS = 2
# name 16 = sal00: Salinity, Practical [PSU]
# name 17 = sal11: Salinity, Practical, 2 [PSU]
# name 18 = sigma-t00: Density [sigma-t, kg/m^3 ]
# name 19 = sigma-t11: Density, 2 [sigma-t, kg/m^3 ]
# name 20 = oxsatML/L: Oxygen Saturation, Weiss [ml/l]
# name 21 = flag: flag
# span 0 =         44,      32422       
# span 1 =      1.550,     90.976       
# span 2 =    -1.1297,     7.4352       
# span 3 =    -1.1345,     7.4310       
# span 4 =   2.454673,   3.153870       
# span 5 =   2.596593,   3.153469       
# span 6 =     2.0977,     2.5200       
# span 7 =     2.5474,     3.1200       
# span 8 =      8.040,      8.286       
# span 9 =     0.7299,     1.6611       
# span 10 =    -2.8130,   482.1870      
# span 11 = 1.0678e-01, 8.1072e+01      
# span 12 =    -0.1110,     0.4417      
# span 13 =    89.5466,   102.8129      
# span 14 =     7.2663,     9.3963      
# span 15 =     7.3713,    10.2339      
# span 16 =    30.0936,    32.1529      
# span 17 =    30.4920,    32.1537      
# span 18 =    23.8140,    25.8498      
# span 19 =    23.8140,    25.8506      
# span 20 =    6.89067,    8.55755      
# span 21 = 0.0000e+00, 0.0000e+00      
# interval = scans: 3                   
# start_time = Jul 27 2020 21:44:14 [System UTC, header]
# bad_flag = -9.990e-29
*END*
[from data line 725]
       2606     73.442    -1.1259    -1.1305   2.599825   2.599369     2.1477     2.6031      8.077     0.7828     1.1744 1.0752e-01    -0.0972   102.4602     8.3233     8.6286    32.1190    32.1178    25.8224    25.8215    8.45799 0.0000e+00
       2609     73.528    -1.1266    -1.1309   2.599845   2.599418     2.1469     2.6027      8.076     0.7934     1.2139 1.0752e-01    -0.0972   102.4602     8.3156     8.6273    32.1200    32.1188    25.8232    25.8224    8.45810 0.0000e+00
       2612     73.611    -1.1263    -1.1311   2.599847   2.599446     2.1465     2.6027      8.076     0.7828     1.2139 1.0752e-01    -0.0972   102.4602     8.3110     8.6306    32.1197    32.1193    25.8229    25.8228    8.45806 0.0000e+00
       2615     73.695    -1.1267    -1.1313   2.599895   2.599479     2.1461     2.6015      8.074     0.8040     1.1744 1.0752e-01    -0.0972   102.4602     8.3086     8.6268    32.1206    32.1200    25.8237    25.8233    8.45808 0.0000e+00
       2618     73.780    -1.1267    -1.1315   2.599893   2.599488     2.1457     2.6007      8.076     0.8251     1.2139 1.0752e-01    -0.0958   102.4240     8.3035     8.6205    32.1206    32.1203    25.8237    25.8236    8.45809 0.0000e+00
       2621     73.866    -1.1266    -1.1318   2.599892   2.599506     2.1444     2.6003      8.074     0.8569     1.6481 1.0752e-01    -0.0898   102.2703     8.3005     8.6190    32.1205    32.1208    25.8236    25.8240    8.45808 0.0000e+00
       2624     73.951    -1.1266    -1.1317   2.599905   2.599483     2.1445     2.5995      8.076     0.8569     3.5037 1.0752e-01    -0.0902   102.2794     8.3039     8.6188    32.1206    32.1203    25.8237    25.8236    8.45807 0.0000e+00
       2627     74.039    -1.1267    -1.1317   2.599898   2.599518     2.1449     2.5987      8.074     0.8569     3.4642 1.0752e-01    -0.0902   102.2794     8.3035     8.6199    32.1205    32.1208    25.8237    25.8240    8.45810 0.0000e+00
       2630     74.132    -1.1267    -1.1319   2.599912   2.599510     2.1441     2.5987      8.074     0.8569     3.4642 1.0752e-01    -0.0898   102.2703     8.3027     8.6246    32.1206    32.1207    25.8238    25.8240    8.45809 0.0000e+00
       2633     74.225    -1.1271    -1.1316   2.599923   2.599492     2.1428     2.5987      8.074     0.8569     3.4642 1.0752e-01    -0.0902   102.2794     8.2986     8.6275    32.1211    32.1201    25.8241    25.8235    8.45814 0.0000e+00
       2636     74.322    -1.1269    -1.1314   2.599922   2.599487     2.1432     2.5983      8.074     0.8463     3.4642 1.0752e-01    -0.0902   102.2794     8.3029     8.6273    32.1209    32.1198    25.8240    25.8232    8.45812 0.0000e+00
       2639     74.421    -1.1270    -1.1313   2.599942   2.599513     2.1428     2.5970      8.074     0.8675     3.4642 1.0752e-01    -0.0940   102.3788     8.3026     8.6260    32.1211    32.1200    25.8242    25.8234    8.45812 0.0000e+00
       2642     74.521    -1.1270    -1.1318   2.599933   2.599536     2.1420     2.5962      8.074     0.8463     3.4642 1.0752e-01    -0.0993   102.5145     8.3017     8.6233    32.1211    32.1207    25.8241    25.8240    8.45814 0.0000e+00
       2645     74.626    -1.1269    -1.1320   2.599921   2.599557     2.1437     2.5962      8.074     0.7828     3.4642 1.0752e-01    -0.0993   102.5145     8.3128     8.6253    32.1207    32.1212    25.8238    25.8244    8.45813 0.0000e+00
       2648     74.732    -1.1269    -1.1323   2.599937   2.599564     2.1424     2.5958      8.074     0.7722     3.7800 1.0752e-01    -0.0990   102.5055     8.3052     8.6241    32.1208    32.1215    25.8239    25.8246    8.45812 0.0000e+00
       2651     74.838    -1.1268    -1.1320   2.599938   2.599542     2.1416     2.5958      8.074     0.7722     4.0564 1.0752e-01    -0.0993   102.5145     8.3011     8.6238    32.1207    32.1209    25.8238    25.8241    8.45811 0.0000e+00
       2654     74.945    -1.1271    -1.1322   2.599957   2.599567     2.1416     2.5958      8.072     0.7510     4.0564 1.0752e-01    -0.0993   102.5145     8.3029     8.6236    32.1213    32.1214    25.8243    25.8245    8.45816 0.0000e+00
       2657     75.056    -1.1270    -1.1321   2.599969   2.599576     2.1408     2.5946      8.074     0.7616     4.0564 1.0740e-01    -0.0993   102.5145     8.2983     8.6194    32.1212    32.1213    25.8242    25.8244    8.45813 0.0000e+00
       2660     75.173    -1.1272    -1.1320   2.599945   2.599578     2.1408     2.5942      8.072     0.7510     4.0564 1.0752e-01    -0.0976   102.4693     8.2949     8.6196    32.1210    32.1212    25.8241    25.8244    8.45818 0.0000e+00
       2663     75.292    -1.1272    -1.1324   2.599958   2.599564     2.1408     2.5938      8.074     0.7616     4.0564 1.0752e-01    -0.0976   102.4693     8.2955     8.6204    32.1211    32.1213    25.8242    25.8244    8.45817 0.0000e+00
       2666     75.411    -1.1271    -1.1324   2.599973   2.599566     2.1404     2.5934      8.072     0.7616     4.0564 1.0752e-01    -0.0979   102.4783     8.2919     8.6193    32.1211    32.1213    25.8242    25.8245    8.45815 0.0000e+00
       2669     75.528    -1.1272    -1.1325   2.599961   2.599574     2.1404     2.5930      8.071     0.7616     4.0564 1.0752e-01    -0.0972   102.4602     8.2912     8.6187    32.1210    32.1214    25.8240    25.8246    8.45818 0.0000e+00
       2672     75.643    -1.1273    -1.1325   2.599948   2.599558     2.1396     2.5925      8.072     0.7828     4.0564 1.0752e-01    -0.0983   102.4874     8.2925     8.6190    32.1209    32.1212    25.8240    25.8244    8.45821 0.0000e+00
       2675     75.758    -1.1275    -1.1325   2.599943   2.599532     2.1388     2.5921      8.072     0.7934     2.0429 1.0740e-01    -0.0979   102.4783     8.2870     8.6140    32.1210    32.1207    25.8241    25.8240    8.45826 0.0000e+00
       2678     75.873    -1.1276    -1.1326   2.599907   2.599537     2.1392     2.5921      8.069     0.8040     1.5297 1.0740e-01    -0.0972   102.4602     8.2861     8.6168    32.1204    32.1208    25.8236    25.8241    8.45830 0.0000e+00
       2681     75.985    -1.1274    -1.1325   2.599918   2.599538     2.1388     2.5913      8.071     0.7934     1.5692 1.0752e-01    -0.0986   102.4964     8.2821     8.6194    32.1204    32.1206    25.8236    25.8239    8.45827 0.0000e+00
       2684     76.097    -1.1277    -1.1327   2.599925   2.599538     2.1379     2.5905      8.069     0.7934     1.5692 1.0752e-01    -0.0990   102.5055     8.2794     8.6155    32.1207    32.1208    25.8238    25.8240    8.45831 0.0000e+00
       2687     76.207    -1.1276    -1.1326   2.599933   2.599531     2.1383     2.5909      8.071     0.7934     1.5297 1.0752e-01    -0.0990   102.5055     8.2840     8.6168    32.1206    32.1206    25.8238    25.8238    8.45830 0.0000e+00
       2690     76.316    -1.1276    -1.1326   2.599939   2.599531     2.1383     2.5909      8.072     0.8040     1.5297 1.0740e-01    -0.0990   102.5055     8.2860     8.6160    32.1206    32.1205    25.8238    25.8238    8.45829 0.0000e+00
       2693     76.423    -1.1275    -1.1327   2.599948   2.599560     2.1375     2.5909      8.069     0.7934     1.5692 1.0752e-01    -0.0990   102.5055     8.2841     8.6167    32.1206    32.1209    25.8238    25.8242    8.45827 0.0000e+00
       2696     76.528    -1.1275    -1.1327   2.599954   2.599561     2.1371     2.5893      8.069     0.8040     1.5692 1.0752e-01    -0.0990   102.5055     8.2842     8.6137    32.1206    32.1208    25.8237    25.8241    8.45827 0.0000e+00
       2699     76.630    -1.1275    -1.1327   2.599949   2.599573     2.1367     2.5885      8.071     0.8357     1.2928 1.0752e-01    -0.0986   102.4964     8.2811     8.6149    32.1205    32.1210    25.8237    25.8242    8.45828 0.0000e+00
       2702     76.732    -1.1279    -1.1328   2.599959   2.599576     2.1355     2.5897      8.069     0.8251    -0.7996 1.0752e-01    -0.0983   102.4874     8.2779     8.6230    32.1210    32.1211    25.8241    25.8243    8.45834 0.0000e+00
       2705     76.830    -1.1274    -1.1328   2.599973   2.599579     2.1359     2.5897      8.069     0.8463    -0.8785 1.0752e-01    -0.0983   102.4874     8.2829     8.6231    32.1207    32.1210    25.8238    25.8243    8.45826 0.0000e+00
       2708     76.925    -1.1277    -1.1328   2.599972   2.599583     2.1367     2.5877      8.069     0.8357    -0.8391 1.0752e-01    -0.0983   102.4874     8.2859     8.6158    32.1209    32.1210    25.8240    25.8243    8.45831 0.0000e+00
       2711     77.021    -1.1276    -1.1327   2.599977   2.599564     2.1363     2.5877      8.069     0.8357    -0.8785 1.0752e-01    -0.0983   102.4874     8.2828     8.6145    32.1208    32.1206    25.8239    25.8239    8.45828 0.0000e+00
       2714     77.116    -1.1277    -1.1328   2.599977   2.599570     2.1355     2.5873      8.069     0.8463    -0.9180 1.0752e-01    -0.0983   102.4874     8.2796     8.6155    32.1208    32.1208    25.8239    25.8240    8.45830 0.0000e+00
       2717     77.210    -1.1278    -1.1328   2.599986   2.599595     2.1355     2.5873      8.069     0.8357    -0.8785 1.0752e-01    -0.0983   102.4874     8.2830     8.6223    32.1210    32.1211    25.8240    25.8243    8.45832 0.0000e+00
       2720     77.301    -1.1276    -1.1328   2.599992   2.599623     2.1347     2.5885      8.069     0.8357    -0.8785 1.0752e-01    -0.0972   102.4602     8.2790     8.6319    32.1208    32.1214    25.8239    25.8246    8.45829 0.0000e+00
       2723     77.395    -1.1276    -1.1327   2.599984   2.599614     2.1343     2.5885      8.069     0.8251    -0.8391 1.0752e-01    -0.0962   102.4331     8.2772     8.6309    32.1206    32.1211    25.8238    25.8242    8.45830 0.0000e+00
       2726     77.485    -1.1276    -1.1325   2.600021   2.599628     2.1359     2.5873      8.069     0.8357    -0.0889 1.0752e-01    -0.0962   102.4331     8.2830     8.6262    32.1210    32.1210    25.8241    25.8242    8.45826 0.0000e+00
       2729     77.577    -1.1274    -1.1326   2.600015   2.599621     2.1343     2.5860      8.069     0.8357     1.4507 1.0752e-01    -0.0962   102.4331     8.2702     8.6214    32.1207    32.1210    25.8239    25.8242    8.45824 0.0000e+00
       2732     77.669    -1.1274    -1.1328   2.600036   2.599705     2.1339     2.5869      8.069     0.8251     1.4112 1.0752e-01    -0.0962   102.4331     8.2673     8.6235    32.1210    32.1223    25.8241    25.8253    8.45823 0.0000e+00
       2735     77.759    -1.1275    -1.1329   2.600040   2.599719     2.1331     2.5860      8.069     0.8145     1.4112 1.0752e-01    -0.0965   102.4421     8.2633     8.6197    32.1211    32.1225    25.8242    25.8254    8.45825 0.0000e+00
       2738     77.849    -1.1275    -1.1329   2.599997   2.599703     2.1335     2.5869      8.069     0.8251     1.4112 1.0752e-01    -0.0965   102.4421     8.2652     8.6226    32.1205    32.1222    25.8236    25.8252    8.45829 0.0000e+00
       2741     77.938    -1.1275    -1.1330   2.600041   2.599681     2.1339     2.5873      8.069     0.8357     1.4507 1.0752e-01    -0.0962   102.4331     8.2667     8.6221    32.1210    32.1220    25.8240    25.8250    8.45825 0.0000e+00
       2744     78.029    -1.1276    -1.1329   2.600050   2.599666     2.1322     2.5860      8.069     0.8251     1.4507 1.0752e-01    -0.0965   102.4421     8.2591     8.6149    32.1211    32.1216    25.8242    25.8247    8.45826 0.0000e+00
       2747     78.120    -1.1277    -1.1327   2.600055   2.599725     2.1331     2.5860      8.069     0.8357     1.4507 1.0752e-01    -0.0962   102.4331     8.2635     8.6175    32.1212    32.1222    25.8243    25.8252    8.45828 0.0000e+00
       2750     78.212    -1.1276    -1.1328   2.600070   2.599688     2.1322     2.5860      8.069     0.8463     1.4507 1.0752e-01    -0.0962   102.4331     8.2653     8.6201    32.1214    32.1217    25.8244    25.8248    8.45826 0.0000e+00
       2753     78.305    -1.1276    -1.1327   2.600074   2.599714     2.1318     2.5840      8.069     0.8357     3.5036 1.0740e-01    -0.0962   102.4331     8.2701     8.6132    32.1213    32.1219    25.8243    25.8250    8.45825 0.0000e+00
       2756     78.404    -1.1275    -1.1328   2.600061   2.599739     2.1318     2.5844      8.069     0.8357     4.8065 1.0752e-01    -0.0962   102.4331     8.2702     8.6143    32.1210    32.1223    25.8241    25.8253    8.45826 0.0000e+00
       2759     78.502    -1.1275    -1.1329   2.600107   2.599735     2.1310     2.5860      8.069     0.8357     4.7670 1.0752e-01    -0.0962   102.4331     8.2662     8.6211    32.1216    32.1223    25.8245    25.8253    8.45822 0.0000e+00
       2762     78.603    -1.1276    -1.1330   2.600109   2.599765     2.1310     2.5848      8.069     0.8357     4.7670 1.0752e-01    -0.0972   102.4602     8.2663     8.6159    32.1216    32.1227    25.8245    25.8256    8.45823 0.0000e+00
       2765     78.703    -1.1279    -1.1329   2.600158   2.599769     2.1306     2.5844      8.069     0.8145     4.7670 1.0752e-01    -0.0972   102.4602     8.2656     8.6178    32.1226    32.1227    25.8254    25.8256    8.45826 0.0000e+00
       2768     78.804    -1.1283    -1.1331   2.600232   2.599768     2.1310     2.5840      8.069     0.8357     4.7670 1.0752e-01    -0.0976   102.4693     8.2697     8.6183    32.1239    32.1228    25.8265    25.8257    8.45827 0.0000e+00
       2771     78.903    -1.1284    -1.1330   2.600240   2.599744     2.1310     2.5844      8.069     0.8357     4.7670 1.0752e-01    -0.0972   102.4602     8.2699     8.6219    32.1241    32.1222    25.8266    25.8252    8.45829 0.0000e+00
       2774     79.001    -1.1284    -1.1327   2.600244   2.599731     2.1318     2.5836      8.069     0.8145     4.7670 1.0752e-01    -0.0979   102.4783     8.2758     8.6203    32.1241    32.1218    25.8266    25.8248    8.45828 0.0000e+00
       2777     79.103    -1.1287    -1.1328   2.600276   2.599740     2.1310     2.5848      8.069     0.7616     4.7670 1.0740e-01    -0.0972   102.4602     8.2707     8.6284    32.1248    32.1219    25.8271    25.8249    8.45831 0.0000e+00
       2780     79.207    -1.1286    -1.1329   2.600317   2.599806     2.1294     2.5836      8.069     0.7722     4.6880 1.0752e-01    -0.0962   102.4331     8.2640     8.6207    32.1251    32.1228    25.8274    25.8257    8.45826 0.0000e+00
       2783     79.311    -1.1288    -1.1331   2.600345   2.599844     2.1302     2.5840      8.069     0.7616     4.6485 1.0752e-01    -0.0940   102.3788     8.2682     8.6207    32.1257    32.1235    25.8279    25.8262    8.45828 0.0000e+00
       2786     79.420    -1.1287    -1.1335   2.600370   2.599930     2.1294     2.5836      8.069     0.7722     4.6485 1.0740e-01    -0.0940   102.3788     8.2633     8.6201    32.1259    32.1250    25.8281    25.8275    8.45825 0.0000e+00
       2789     79.524    -1.1288    -1.1337   2.600394   2.599984     2.1298     2.5836      8.066     0.7722     4.6485 1.0752e-01    -0.0940   102.3788     8.2628     8.6177    32.1262    32.1259    25.8283    25.8282    8.45825 0.0000e+00
       2792     79.624    -1.1290    -1.1338   2.600399   2.599959     2.1290     2.5828      8.066     0.7616     4.6485 1.0752e-01    -0.0940   102.3788     8.2533     8.6096    32.1265    32.1256    25.8285    25.8280    8.45829 0.0000e+00
       2795     79.728    -1.1288    -1.1336   2.600402   2.599864     2.1294     2.5832      8.066     0.7616     4.6485 1.0752e-01    -0.0940   102.3788     8.2531     8.6093    32.1262    32.1241    25.8283    25.8268    8.45824 0.0000e+00
       2798     79.830    -1.1290    -1.1334   2.600430   2.599917     2.1286     2.5832      8.066     0.7616     4.6485 1.0752e-01    -0.0940   102.3788     8.2527     8.6099    32.1267    32.1245    25.8288    25.8271    8.45827 0.0000e+00
