Datasets/AZMP/TEL210/tel210_2020_089.cnv
* Sea-Bird SBE 9 Data File:
* FileName = C:\CTDDATA\tel210_2020_089.hex
* Software Version Seasave V 7.26.7.110
* Temperature SN = 1697
* Conductivity SN = 4216
* Number of Bytes Per Scan = 30
* Number of Voltage Words = 4
* Number of Scans Averaged by the Deck Unit = 1
* NMEA baud rate = 4800
** VESSEL/TRIP/SEQ STN:  tel210_2020_089
** LATITUDE XX XX.XX: 54 04.90 N
** LONGITUDE XX XX.XX: 054 13.00 W
** SOUNDING DEPTH (M): 0190
** PROBE TYPE: S1146
** CTD NUMBER: 059
** COMMENTS (14 CHAR): SI-08
** BOTTLES:  10
** LEVELS: 5,10,20,30,40,50,75,100,150,BTM
** STICKERS: 436160 - 436169
** VNET: Y
** DO2: N
# nquan = 22
# nvalues = 4279                        
# units = specified
# name 0 = scan: Scan Count
# name 1 = prDM: Pressure, Digiquartz [db]
# name 2 = t090C: Temperature [ITS-90, deg C]
# name 3 = t190C: Temperature, 2 [ITS-90, deg C]
# name 4 = c0S/m: Conductivity [S/m]
# name 5 = c1S/m: Conductivity, 2 [S/m]
# name 6 = sbeox0V: Oxygen raw, SBE 43 [V]
# name 7 = sbeox1V: Oxygen raw, SBE 43, 2 [V]
# name 8 = ph: pH
# name 9 = flECO-AFL: Fluorescence, WET Labs ECO-AFL/FL [mg/m^3]
# name 10 = wetCDOM: Fluorescence, WET Labs CDOM [mg/m^3]
# name 11 = par/sat/log: PAR/Logarithmic, Satlantic [umol photons/m^2/sec]
# name 12 = CStarAt0: Beam Attenuation, WET Labs C-Star [1/m]
# name 13 = CStarTr0: Beam Transmission, WET Labs C-Star [%]
# name 14 = sbeox0ML/L: Oxygen, SBE 43 [ml/l], WS = 2
# name 15 = sbeox1ML/L: Oxygen, SBE 43, 2 [ml/l], WS = 2
# name 16 = sal00: Salinity, Practical [PSU]
# name 17 = sal11: Salinity, Practical, 2 [PSU]
# name 18 = sigma-t00: Density [sigma-t, kg/m^3 ]
# name 19 = sigma-t11: Density, 2 [sigma-t, kg/m^3 ]
# name 20 = oxsatML/L: Oxygen Saturation, Weiss [ml/l]
# name 21 = flag: flag
# span 0 =         26,      32365       
# span 1 =      0.473,    188.148       
# span 2 =    -0.7797,     9.0010       
# span 3 =    -0.7850,     9.0034       
# span 4 =   2.686516,   3.402712       
# span 5 =   2.685858,   3.402793       
# span 6 =     1.9276,     2.6615       
# span 7 =     2.3163,     3.2591       
# span 8 =      7.960,      8.292       
# span 9 =     0.6664,     1.7563       
# span 10 =    -2.8130,   482.1870      
# span 11 = 1.0715e-01, 2.0337e+02      
# span 12 =    -0.1411,     0.1115      
# span 13 =    97.2514,   103.5906      
# span 14 =     6.5407,     9.8090      
# span 15 =     6.7686,    10.3244      
# span 16 =    31.6917,    34.2985      
# span 17 =    31.6862,    34.2993      
# span 18 =    24.5564,    27.3856      
# span 19 =    24.5593,    27.3866      
# span 20 =    6.59568,    8.32871      
# span 21 = 0.0000e+00, 0.0000e+00      
# interval = scans: 3                   
# start_time = Jul 25 2020 09:57:13 [System UTC, header]
# bad_flag = -9.990e-29
*END*
[from data line 3622]
      19395     51.463    -0.6194    -0.6301   2.706544   2.705817     2.0309     2.4560      7.995     0.9415    -0.3258 8.5467e-01    -0.1085   102.7496     7.6688     7.9884    33.0261    33.0281    26.5397    26.5417    8.29074 0.0000e+00
      19398     51.421    -0.6155    -0.6344   2.706917   2.705792     2.0313     2.4564      7.999     0.9521    -0.3258 8.5961e-01    -0.1067   102.7044     7.6689     7.9843    33.0269    33.0325    26.5402    26.5455    8.28983 0.0000e+00
      19401     51.388    -0.6060    -0.6328   2.707504   2.706009     2.0322     2.4572      7.999     0.9415    -0.3258 8.5664e-01    -0.1067   102.7044     7.6704     7.9835    33.0244    33.0337    26.5379    26.5464    8.28785 0.0000e+00
      19519     51.335    -0.6183    -0.6083   2.706929   2.707679     2.0444     2.4731      8.006     0.9097     0.2664 8.8278e-01    -0.1089   102.7587     7.7232     8.0364    33.0302    33.0293    26.5430    26.5419    8.29028 0.0000e+00
      19522     51.260    -0.6127    -0.6055   2.707395   2.707780     2.0440     2.4735      8.004     0.8992     0.2664 8.9511e-01    -0.1089   102.7587     7.7197     8.0394    33.0304    33.0276    26.5430    26.5404    8.28901 0.0000e+00
      19525     51.191    -0.6060    -0.6043   2.707802   2.707845     2.0452     2.4743      8.004     0.9415     0.2664 9.0032e-01    -0.1089   102.7587     7.7210     8.0420    33.0286    33.0273    26.5412    26.5401    8.28762 0.0000e+00
      19528     51.122    -0.6010    -0.6032   2.708112   2.707934     2.0452     2.4739      8.004     0.9415     0.2664 9.1605e-01    -0.1089   102.7587     7.7188     8.0434    33.0274    33.0273    26.5400    26.5401    8.28658 0.0000e+00
      19531     51.056    -0.5982    -0.6016   2.708298   2.708034     2.0456     2.4755      8.007     0.9415     0.2664 9.1605e-01    -0.1089   102.7587     7.7233     8.0488    33.0268    33.0270    26.5395    26.5398    8.28597 0.0000e+00
      19534     50.996    -0.5971    -0.6010   2.708317   2.708012     2.0460     2.4751      8.009     0.9521     0.2664 9.2778e-01    -0.1082   102.7406     7.7252     8.0446    33.0259    33.0260    26.5387    26.5390    8.28578 0.0000e+00
      19537     50.938    -0.5973    -0.6041   2.708327   2.707679     2.0472     2.4755      8.009     0.9415     0.3453 9.2456e-01    -0.1057   102.6773     7.7317     8.0476    33.0263    33.0250    26.5390    26.5382    8.28581 0.0000e+00
      19540     50.882    -0.5966    -0.6081   2.708388   2.707439     2.0464     2.4755      8.006     0.9627     0.3848 9.2030e-01    -0.1057   102.6773     7.7283     8.0478    33.0263    33.0262    26.5390    26.5394    8.28563 0.0000e+00
      19543     50.835    -0.5941    -0.6102   2.708523   2.707423     2.0472     2.4776      8.007     0.9415     0.3848 9.2778e-01    -0.1057   102.6773     7.7325     8.0586    33.0255    33.0283    26.5382    26.5412    8.28513 0.0000e+00
      19546     50.793    -0.5939    -0.6091   2.708546   2.707638     2.0472     2.4776      8.007     0.9203     0.3848 9.4292e-01    -0.1057   102.6773     7.7301     8.0588    33.0255    33.0300    26.5383    26.5425    8.28508 0.0000e+00
      19549     50.755    -0.5936    -0.6103   2.708618   2.707602     2.0472     2.4776      8.009     0.9309     0.3848 9.3640e-01    -0.1057   102.6773     7.7305     8.0589    33.0262    33.0308    26.5388    26.5432    8.28498 0.0000e+00
      19552     50.722    -0.5904    -0.6136   2.708717   2.707267     2.0484     2.4792      8.009     0.9944     0.3848 9.3965e-01    -0.1057   102.6773     7.7354     8.0640    33.0241    33.0300    26.5370    26.5426    8.28439 0.0000e+00
      19555     50.692    -0.5893    -0.6130   2.708759   2.707236     2.0493     2.4792      8.009     0.9944     0.3848 9.3856e-01    -0.1057   102.6773     7.7386     8.0636    33.0235    33.0289    26.5365    26.5417    8.28418 0.0000e+00
      19711     50.668    -0.5749    -0.5829   2.709999   2.709351     2.0594     2.4906      8.009     0.9944     1.5692 9.4074e-01    -0.1071   102.7134     7.7507     8.0621    33.0244    33.0244    26.5366    26.5369    8.28090 0.0000e+00
      20647     50.634    -0.5773    -0.5804   2.709941   2.709648     2.0668     2.4983      8.009     1.0050     0.7401 9.3100e-01     0.0380    99.0872     7.7838     8.0888    33.0263    33.0258    26.5383    26.5379    8.28134 0.0000e+00
      21078     50.565    -0.5818    -0.5873   2.709650   2.709224     2.0664     2.5012      8.009     1.0050     0.0295 9.3748e-01     0.1115    97.2514     7.7889     8.1110    33.0273    33.0276    26.5393    26.5396    8.28228 0.0000e+00
      21081     50.486    -0.5807    -0.5860   2.709731   2.709384     2.0672     2.5012      8.009     1.0050    -0.0889 9.3642e-01     0.1115    97.2514     7.7919     8.1086    33.0273    33.0283    26.5392    26.5402    8.28205 0.0000e+00
      21084     50.400    -0.5770    -0.5834   2.710132   2.709585     2.0672     2.5020      8.011     1.0050    -0.0889 9.3965e-01     0.1115    97.2514     7.7911     8.1073    33.0286    33.0283    26.5401    26.5401    8.28113 0.0000e+00
      21087     50.307    -0.5708    -0.5802   2.710600   2.709974     2.0680     2.5016      8.009     1.0156    -0.0889 9.4182e-01     0.1115    97.2514     7.7936     8.1081    33.0282    33.0300    26.5395    26.5414    8.27978 0.0000e+00
      21090     50.216    -0.5637    -0.5709   2.711191   2.710835     2.0684     2.5020      8.009     1.0156    -0.0889 9.5279e-01     0.0777    98.0834     7.7943     8.1113    33.0284    33.0315    26.5394    26.5422    8.27817 0.0000e+00
      21093     50.121    -0.5549    -0.5607   2.711889   2.711607     2.0680     2.5028      8.009     1.0050    -0.1284 9.6274e-01    -0.1057   102.6773     7.7927     8.1131    33.0283    33.0308    26.5389    26.5412    8.27622 0.0000e+00
      21096     50.024    -0.5483    -0.5554   2.712408   2.711817     2.0688     2.5024      8.011     1.0050    -0.0889 9.6274e-01    -0.1057   102.6773     7.7920     8.1098    33.0280    33.0280    26.5385    26.5387    8.27476 0.0000e+00
      21099     49.923    -0.5417    -0.5521   2.713022   2.712031     2.0676     2.5032      8.009     1.0050    -0.0889 9.7394e-01    -0.1057   102.6773     7.7820     8.1142    33.0292    33.0272    26.5392    26.5380    8.27324 0.0000e+00
      21102     49.824    -0.5320    -0.5509   2.713809   2.711962     2.0680     2.5028      8.009     1.0050    -0.1284 9.7394e-01    -0.1057   102.6773     7.7806     8.1107    33.0292    33.0251    26.5387    26.5362    8.27107 0.0000e+00
      21105     49.723    -0.5239    -0.5545   2.714342   2.711478     2.0688     2.5024      8.011     1.0156    -0.0494 9.8413e-01    -0.1057   102.6773     7.7824     8.1096    33.0276    33.0225    26.5372    26.5343    8.26936 0.0000e+00
      21108     49.625    -0.5181    -0.5564   2.714682   2.711897     2.0696     2.5032      8.009     1.0156     0.3453 9.8754e-01    -0.1057   102.6773     7.7870     8.1096    33.0259    33.0303    26.5355    26.5407    8.26818 0.0000e+00
      21111     49.526    -0.5153    -0.5432   2.714796   2.713229     2.0688     2.5048      8.014     1.0262     0.3848 9.9441e-01    -0.1053   102.6682     7.7825     8.1139    33.0244    33.0338    26.5342    26.5430    8.26762 0.0000e+00
      21114     49.425    -0.5134    -0.5317   2.714864   2.713945     2.0688     2.5048      8.011     1.0050     0.3848 1.0060e+00    -0.1057   102.6773     7.7857     8.1105    33.0233    33.0309    26.5333    26.5402    8.26728 0.0000e+00
      21117     49.328    -0.5121    -0.5220   2.714942   2.714439     2.0696     2.5040      8.014     1.0156     0.3848 1.0083e+00    -0.1053   102.6682     7.7913     8.1056    33.0230    33.0271    26.5330    26.5367    8.26700 0.0000e+00
      21120     49.233    -0.5113    -0.5171   2.714947   2.714560     2.0688     2.5048      8.014     1.0262     0.3848 1.0071e+00    -0.1053   102.6682     7.7898     8.1077    33.0223    33.0234    26.5323    26.5335    8.26686 0.0000e+00
      21123     49.146    -0.5107    -0.5156   2.714940   2.714525     2.0688     2.5057      8.012     1.0791     0.3848 1.0201e+00    -0.1053   102.6682     7.7902     8.1111    33.0216    33.0213    26.5318    26.5317    8.26677 0.0000e+00
      21126     49.058    -0.5110    -0.5164   2.714859   2.714334     2.0696     2.5048      8.014     1.0897     0.3848 1.0283e+00    -0.1057   102.6773     7.7909     8.1089    33.0209    33.0197    26.5312    26.5304    8.26688 0.0000e+00
      21129     48.969    -0.5118    -0.5170   2.714741   2.714253     2.0709     2.5052      8.014     1.0791     0.3848 1.0355e+00    -0.1053   102.6682     7.7962     8.1091    33.0202    33.0194    26.5306    26.5302    8.26708 0.0000e+00
      21132     48.886    -0.5118    -0.5170   2.714683   2.714276     2.0704     2.5048      8.014     1.0897     0.6611 1.0367e+00    -0.1018   102.5778     7.7966     8.1046    33.0195    33.0197    26.5301    26.5305    8.26713 0.0000e+00
      21135     48.806    -0.5115    -0.5163   2.714637   2.714295     2.0709     2.5061      8.014     1.0791     1.3323 1.0403e+00    -0.1008   102.5506     7.8009     8.1105    33.0186    33.0192    26.5294    26.5300    8.26712 0.0000e+00
      21138     48.728    -0.5114    -0.5159   2.714620   2.714286     2.0709     2.5065      8.014     1.0897     1.3323 1.0403e+00    -0.1004   102.5416     7.8009     8.1170    33.0183    33.0187    26.5291    26.5297    8.26711 0.0000e+00
      21141     48.653    -0.5112    -0.5161   2.714625   2.714263     2.0713     2.5065      8.014     1.0791     1.3323 1.0451e+00    -0.1011   102.5597     7.8032     8.1185    33.0181    33.0187    26.5290    26.5296    8.26707 0.0000e+00
      21144     48.579    -0.5110    -0.5158   2.714645   2.714280     2.0713     2.5061      8.014     1.0685     1.3323 1.0475e+00    -0.1004   102.5416     7.8020     8.1176    33.0183    33.0187    26.5291    26.5296    8.26703 0.0000e+00
      21147     48.508    -0.5111    -0.5146   2.714625   2.714362     2.0709     2.5073      8.014     1.0579     1.2928 1.0585e+00    -0.1011   102.5597     7.7972     8.1237    33.0181    33.0184    26.5290    26.5294    8.26705 0.0000e+00
      21150     48.439    -0.5114    -0.5132   2.714609   2.714403     2.0713     2.5073      8.014     1.0685     1.3323 1.0597e+00    -0.1004   102.5416     7.7949     8.1259    33.0183    33.0175    26.5291    26.5286    8.26711 0.0000e+00
      21153     48.375    -0.5103    -0.5125   2.714665   2.714452     2.0717     2.5073      8.014     1.0897     1.3323 1.0708e+00    -0.1025   102.5959     7.7964     8.1241    33.0179    33.0174    26.5287    26.5285    8.26689 0.0000e+00
      21156     48.311    -0.5094    -0.5112   2.714691   2.714530     2.0721     2.5081      8.014     1.0791     1.3323 1.0695e+00    -0.1029   102.6049     7.8008     8.1242    33.0173    33.0171    26.5283    26.5281    8.26673 0.0000e+00
      21159     48.252    -0.5106    -0.5097   2.714633   2.714618     2.0721     2.5085      8.014     1.0579     2.6351 1.0683e+00    -0.1029   102.6049     7.8012     8.1247    33.0179    33.0167    26.5287    26.5277    8.26695 0.0000e+00
      21162     48.197    -0.5099    -0.5080   2.714669   2.714704     2.0725     2.5089      8.014     1.0685     3.6221 1.0895e+00    -0.1025   102.5959     7.8047     8.1275    33.0177    33.0160    26.5286    26.5272    8.26682 0.0000e+00
      21165     48.143    -0.5077    -0.5074   2.714740   2.714707     2.0725     2.5093      8.014     1.0791     3.5826 1.0832e+00    -0.1029   102.6049     7.8042     8.1313    33.0162    33.0155    26.5273    26.5266    8.26640 0.0000e+00
      21168     48.086    -0.5087    -0.5080   2.714667   2.714656     2.0725     2.5089      8.014     1.0897     3.5826 1.0908e+00    -0.1025   102.5959     7.8047     8.1278    33.0163    33.0154    26.5274    26.5267    8.26661 0.0000e+00
      21171     48.036    -0.5088    -0.5082   2.714654   2.714667     2.0729     2.5101      8.014     1.0579     3.5826 1.0895e+00    -0.1025   102.5959     7.8061     8.1301    33.0163    33.0159    26.5274    26.5270    8.26664 0.0000e+00
      21174     47.986    -0.5092    -0.5084   2.714632   2.714612     2.0729     2.5097      8.015     1.2166     3.5826 1.1047e+00    -0.1015   102.5687     7.8056     8.1291    33.0165    33.0154    26.5276    26.5267    8.26672 0.0000e+00
      21177     47.936    -0.5087    -0.5093   2.714587   2.714532     2.0733     2.5093      8.014     1.2167     3.5826 1.1060e+00    -0.1018   102.5778     7.8082     8.1266    33.0154    33.0153    26.5267    26.5267    8.26668 0.0000e+00
      21180     47.886    -0.5116    -0.5109   2.714546   2.714525     2.0737     2.5101      8.015     1.2378     3.5826 1.1073e+00    -0.1015   102.5687     7.8135     8.1276    33.0180    33.0170    26.5289    26.5281    8.26717 0.0000e+00
      21183     47.836    -0.5085    -0.5083   2.714655   2.714566     2.0737     2.5109      8.015     1.2272     3.5826 1.1137e+00    -0.1015   102.5687     7.8144     8.1301    33.0161    33.0148    26.5272    26.5261    8.26658 0.0000e+00
      21186     47.786    -0.5054    -0.5086   2.714781   2.714686     2.0741     2.5113      8.015     1.2272     2.0034 1.1099e+00    -0.1018   102.5778     7.8153     8.1335    33.0144    33.0167    26.5258    26.5277    8.26599 0.0000e+00
      21189     47.736    -0.5031    -0.5063   2.714718   2.714741     2.0741     2.5118      8.015     1.2378     1.8060 1.1228e+00    -0.1015   102.5687     7.8146     8.1348    33.0112    33.0150    26.5230    26.5262    8.26567 0.0000e+00
      21192     47.686    -0.5036    -0.5078   2.714552   2.714657     2.0737     2.5109      8.015     1.2272     1.8060 1.1293e+00    -0.1011   102.5597     7.8104     8.1322    33.0095    33.0155    26.5217    26.5267    8.26587 0.0000e+00
      21195     47.635    -0.5077    -0.5093   2.714591   2.714564     2.0745     2.5118      8.015     1.2167     1.8060 1.1424e+00    -0.1008   102.5506     7.8173     8.1342    33.0145    33.0159    26.5259    26.5271    8.26650 0.0000e+00
      21198     47.578    -0.5046    -0.5115   2.714853   2.714426     2.0749     2.5122      8.017     1.2166     1.8060 1.1267e+00    -0.1008   102.5506     7.8196     8.1356    33.0147    33.0165    26.5260    26.5277    8.26581 0.0000e+00
      21201     47.522    -0.5014    -0.5127   2.715050   2.714334     2.0753     2.5122      8.017     1.1108     1.8060 1.1371e+00    -0.1008   102.5506     7.8213     8.1326    33.0139    33.0166    26.5252    26.5278    8.26514 0.0000e+00
      21204     47.463    -0.4998    -0.5148   2.715103   2.714191     2.0761     2.5122      8.018     1.1108     1.8060 1.1477e+00    -0.1011   102.5597     7.8238     8.1291    33.0129    33.0170    26.5243    26.5282    8.26484 0.0000e+00
      21207     47.402    -0.5005    -0.5152   2.715084   2.714168     2.0753     2.5130      8.018     1.1002     1.8060 1.1451e+00    -0.1004   102.5416     7.8206     8.1323    33.0135    33.0172    26.5248    26.5283    8.26497 0.0000e+00
      21210     47.338    -0.5017    -0.5152   2.715029   2.714117     2.0757     2.5134      8.018     1.1108     1.5691 1.1503e+00    -0.1004   102.5416     7.8222     8.1337    33.0140    33.0166    26.5253    26.5279    8.26519 0.0000e+00
      21213     47.272    -0.4997    -0.5172   2.715006   2.713913     2.0753     2.5134      8.018     1.1108     0.3453 1.1530e+00    -0.1004   102.5416     7.8194     8.1345    33.0116    33.0160    26.5232    26.5275    8.26489 0.0000e+00
      21216     47.200    -0.5017    -0.5212   2.714865   2.713754     2.0757     2.5134      8.018     1.1002     0.3848 1.1583e+00    -0.1008   102.5506     7.8197     8.1343    33.0119    33.0183    26.5236    26.5295    8.26532 0.0000e+00
