Datasets/AZMP/TEL210/tel210_2020_086.cnv
* Sea-Bird SBE 9 Data File:
* FileName = C:\CTDDATA\tel210_2020_086.hex
* Software Version Seasave V 7.26.7.110
* Temperature SN = 1697
* Conductivity SN = 4216
* Number of Bytes Per Scan = 30
* Number of Voltage Words = 4
* Number of Scans Averaged by the Deck Unit = 1
* NMEA baud rate = 4800
** VESSEL/TRIP/SEQ STN:  TEL210_2020_086
** LATITUDE XX XX.XX: 53 37.00 N
** LONGITUDE XX XX.XX: 055 00.00 W
** SOUNDING DEPTH (M): 0294
** PROBE TYPE: S1146
** CTD NUMBER: 056
** COMMENTS (14 CHAR): SI-05
** BOTTLES:  11
** LEVELS: 5,10,20,30,40,50,75,100,150,250,BTM
** STICKERS: 436140 - 436150
** VNET: Y
** DO2: N
# nquan = 22
# nvalues = 6562                        
# units = specified
# name 0 = scan: Scan Count
# name 1 = prDM: Pressure, Digiquartz [db]
# name 2 = t090C: Temperature [ITS-90, deg C]
# name 3 = t190C: Temperature, 2 [ITS-90, deg C]
# name 4 = c0S/m: Conductivity [S/m]
# name 5 = c1S/m: Conductivity, 2 [S/m]
# name 6 = sbeox0V: Oxygen raw, SBE 43 [V]
# name 7 = sbeox1V: Oxygen raw, SBE 43, 2 [V]
# name 8 = ph: pH
# name 9 = flECO-AFL: Fluorescence, WET Labs ECO-AFL/FL [mg/m^3]
# name 10 = wetCDOM: Fluorescence, WET Labs CDOM [mg/m^3]
# name 11 = par/sat/log: PAR/Logarithmic, Satlantic [umol photons/m^2/sec]
# name 12 = CStarAt0: Beam Attenuation, WET Labs C-Star [1/m]
# name 13 = CStarTr0: Beam Transmission, WET Labs C-Star [%]
# name 14 = sbeox0ML/L: Oxygen, SBE 43 [ml/l], WS = 2
# name 15 = sbeox1ML/L: Oxygen, SBE 43, 2 [ml/l], WS = 2
# name 16 = sal00: Salinity, Practical [PSU]
# name 17 = sal11: Salinity, Practical, 2 [PSU]
# name 18 = sigma-t00: Density [sigma-t, kg/m^3 ]
# name 19 = sigma-t11: Density, 2 [sigma-t, kg/m^3 ]
# name 20 = oxsatML/L: Oxygen Saturation, Weiss [ml/l]
# name 21 = flag: flag
# span 0 =         47,      40985       
# span 1 =      1.407,    292.010       
# span 2 =    -0.6572,    11.1704       
# span 3 =    -0.6626,    11.1747       
# span 4 =   2.707304,   3.545647       
# span 5 =   2.707073,   3.545131       
# span 6 =     1.9334,     2.5968       
# span 7 =     2.3271,     3.1672       
# span 8 =      7.966,      8.286       
# span 9 =     0.6664,     6.6240       
# span 10 =    -2.8130,   482.1870      
# span 11 = 1.0544e-01, 5.7620e-01      
# span 12 =    -0.1341,     0.6856      
# span 13 =    84.2473,   103.4098      
# span 14 =     6.4401,     9.6454      
# span 15 =     6.3998,    10.2466      
# span 16 =    31.2583,    34.0876      
# span 17 =    31.2569,    34.0887      
# span 18 =    23.8337,    27.2722      
# span 19 =    23.8320,    27.2734      
# span 20 =    6.30515,    8.29490      
# span 21 = 0.0000e+00, 0.0000e+00      
# interval = scans: 3                   
# start_time = Jul 25 2020 03:58:50 [System UTC, header]
# bad_flag = -9.990e-29
*END*
[from data line 198]
        960     20.224     4.5290     4.4436   3.087132   3.079349     2.4099     2.9211      8.272     1.2378    -0.6811 1.0715e-01     0.0700    98.2642     8.4127     8.8363    32.4651    32.4583    25.7164    25.7201    7.29149 0.0000e+00
        963     20.299     4.5532     4.4318   3.089514   3.079308     2.4131     2.9255      8.272     1.2378    -1.5102 1.0715e-01     0.0693    98.2823     8.4096     8.8399    32.4689    32.4694    25.7170    25.7300    7.28698 0.0000e+00
        966     20.370     4.5059     4.4732   3.085063   3.085174     2.4152     2.9308      8.272     1.2378    -1.8260 1.0715e-01     0.0689    98.2913     8.4184     8.8308    32.4636    32.4970    25.7177    25.7477    7.29567 0.0000e+00
        969     20.438     4.4533     4.5376   3.081026   3.089148     2.4164     2.9349      8.272     1.2484    -1.7471 1.0715e-01     0.0682    98.3094     8.4211     8.8125    32.4683    32.4800    25.7269    25.7274    7.30485 0.0000e+00
        972     20.504     4.4111     4.5188   3.078053   3.084091     2.4204     2.9382      8.272     1.2378    -1.7471 1.0715e-01     0.0682    98.3094     8.4346     8.8149    32.4751    32.4395    25.7367    25.6973    7.31207 0.0000e+00
        975     20.571     4.4066     4.3814   3.077338   3.071681     2.4225     2.9418      8.272     1.2378    -1.7471 1.0715e-01     0.0682    98.3094     8.4302     8.8453    32.4711    32.4300    25.7340    25.7039    7.31307 0.0000e+00
        978     20.641     4.3317     4.2555   3.069930   3.066596     2.4237     2.9459      8.273     1.2378    -1.7866 1.0715e-01     0.0682    98.3094     8.4403     8.8693    32.4584    32.4946    25.7316    25.7681    7.32713 0.0000e+00
        981     20.711     4.3299     4.3096   3.071392   3.072111     2.4261     2.9492      8.273     1.2484    -1.7866 1.0715e-01     0.0682    98.3094     8.4382     8.8480    32.4772    32.5056    25.7467    25.7713    7.32654 0.0000e+00
        984     20.783     4.3182     4.3536   3.071671   3.072146     2.4270     2.9520      8.273     1.2484    -1.7471 1.0715e-01     0.0686    98.3004     8.4336     8.8277    32.4920    32.4627    25.7597    25.7327    7.32794 0.0000e+00
        987     20.854     4.2970     4.2474   3.068504   3.063099     2.4286     2.9536      8.273     1.1955    -1.7471 1.0703e-01     0.0682    98.3094     8.4372     8.8391    32.4758    32.4615    25.7489    25.7426    7.33253 0.0000e+00
        990     20.926     4.2407     4.2299   3.064987   3.066363     2.4294     2.9553      8.273     1.2061    -1.5497 1.0715e-01     0.0682    98.3094     8.4486     8.8315    32.4902    32.5170    25.7660    25.7884    7.34198 0.0000e+00
        993     20.999     4.1851     4.2227   3.059850   3.063618     2.4310     2.9573      8.273     1.1849    -1.5102 1.0715e-01     0.0682    98.3094     8.4665     8.8309    32.4848    32.4919    25.7674    25.7692    7.35229 0.0000e+00
        996     21.075     4.0686     4.1779   3.051167   3.059183     2.4323     2.9593      8.276     1.1743    -1.5497 1.0715e-01     0.0682    98.3094     8.4976     8.8398    32.4981    32.4841    25.7896    25.7675    7.37279 0.0000e+00
        999     21.150     4.0450     4.0530   3.050694   3.047065     2.4331     2.9601      8.276     1.1955    -1.5497 1.0715e-01     0.0682    98.3094     8.5111     8.8688    32.5159    32.4652    25.8060    25.7649    7.37621 0.0000e+00
       1002     21.225     4.0961     4.0054   3.056417   3.049446     2.4343     2.9630      8.277     1.1955    -1.5891 1.0715e-01     0.0682    98.3094     8.5102     8.8854    32.5325    32.5404    25.8142    25.8294    7.36610 0.0000e+00
       1005     21.301     4.1361     3.9972   3.058309   3.048139     2.4367     2.9646      8.278     1.1849    -1.5891 1.0715e-01     0.0675    98.3275     8.5190     8.8972    32.5151    32.5332    25.7963    25.8245    7.35969 0.0000e+00
       1008     21.378     4.1043     3.9579   3.055821   3.044712     2.4380     2.9650      8.278     1.1955    -1.5102 1.0715e-01     0.0638    98.4179     8.5410     8.9145    32.5173    32.5317    25.8013    25.8272    7.36536 0.0000e+00
       1011     21.454     4.0715     3.9646   3.049594   3.045200     2.4396     2.9683      8.279     1.1955    -1.5102 1.0715e-01     0.0638    98.4179     8.5661     8.9302    32.4765    32.5308    25.7721    25.8258    7.37332 0.0000e+00
       1014     21.533     4.0188     3.9419   3.046753   3.040273     2.4412     2.9707      8.279     1.2061    -1.1154 1.0715e-01     0.0638    98.4179     8.5942     8.9508    32.4952    32.4951    25.7922    25.7996    7.38199 0.0000e+00
       1017     21.618     3.9313     3.8156   3.041630   3.033910     2.4445     2.9728      8.279     1.2061    -0.0889 1.0703e-01     0.0638    98.4179     8.6351     8.9905    32.5216    32.5454    25.8217    25.8518    7.39666 0.0000e+00
       1020     21.700     3.9044     3.7776   3.040210   3.030189     2.4461     2.9748      8.279     1.2061    -0.0889 1.0715e-01     0.0638    98.4179     8.6536     9.0090    32.5315    32.5390    25.8323    25.8504    7.40111 0.0000e+00
       1023     21.786     3.8426     3.6843   3.034210   3.024450     2.4485     2.9781      8.280     1.1955    -0.0889 1.0715e-01     0.0638    98.4179     8.6802     9.0430    32.5219    32.5640    25.8306    25.8791    7.41290 0.0000e+00
       1026     21.877     3.8200     3.6574   3.031351   3.020847     2.4506     2.9813      8.280     1.1955    -0.0889 1.0703e-01     0.0590    98.5355     8.6925     9.0597    32.5105    32.5479    25.8236    25.8689    7.41762 0.0000e+00
       1029     21.970     3.7238     3.5771   3.024315   3.014720     2.4526     2.9833      8.280     1.2061    -0.0889 1.0715e-01     0.0528    98.6892     8.7173     9.0840    32.5228    32.5552    25.8426    25.8822    7.43473 0.0000e+00
       1032     22.067     3.5356     3.4147   3.008285   3.001227     2.4542     2.9862      8.281     1.2167    -0.0889 1.0715e-01     0.0528    98.6892     8.7636     9.1276    32.5199    32.5566    25.8579    25.8983    7.46976 0.0000e+00
       1035     22.166     3.4392     3.3093   3.001825   2.992179     2.4567     2.9870      8.283     1.2167    -0.0889 1.0715e-01     0.0528    98.6892     8.7862     9.1471    32.5391    32.5539    25.8820    25.9056    7.48679 0.0000e+00
       1038     22.267     3.3230     3.2641   2.992959   2.984456     2.4595     2.9899      8.284     1.1638    -0.0889 1.0715e-01     0.0528    98.6892     8.8160     9.1646    32.5494    32.5063    25.9008    25.8717    7.50803 0.0000e+00
       1041     22.368     3.0841     2.9004   2.972290   2.956822     2.4607     2.9915      8.285     1.1320    -0.7996 1.0715e-01     0.0528    98.6892     8.8744     9.2569    32.5409    32.5390    25.9151    25.9294    7.55358 0.0000e+00
       1044     22.473     3.0118     2.7293   2.967876   2.948137     2.4616     2.9927      8.283     1.1108    -1.3128 1.0715e-01     0.0535    98.6711     8.8877     9.2975    32.5604    32.6068    25.9370    25.9978    7.56632 0.0000e+00
       1047     22.577     3.1075     2.8830   2.978281   2.967804     2.4628     2.9948      8.283     1.1214    -1.2733 1.0715e-01     0.0455    98.8701     8.8605     9.2543    32.5896    32.6902    25.9519    26.0514    7.54669 0.0000e+00
       1050     22.684     2.8808     2.9360   2.954656   2.959646     2.4640     2.9960      8.284     1.1320    -1.2733 1.0715e-01     0.0429    98.9334     8.9224     9.2552    32.5323    32.5371    25.9256    25.9247    7.59281 0.0000e+00
       1053     22.790     2.6937     2.6306   2.947381   2.939236     2.4644     2.9972      8.285     1.1214    -1.2733 1.0715e-01     0.0429    98.9334     8.9637     9.3424    32.6336    32.5983    26.0221    25.9991    7.62356 0.0000e+00
       1056     22.897     2.6694     2.6479   2.942874   2.943818     2.4656     2.9980      8.285     1.1214    -1.2733 1.0715e-01     0.0429    98.9334     8.9781     9.3436    32.6031    32.6366    25.9998    26.0283    7.62981 0.0000e+00
       1059     23.007     2.5613     2.4935   2.935967   2.928889     2.4664     3.0000      8.286     1.1426    -1.3128 1.0715e-01     0.0429    98.9334     9.0110     9.3997    32.6288    32.6111    26.0291    26.0203    7.64944 0.0000e+00
       1062     23.116     2.5414     2.3902   2.933126   2.922109     2.4689     3.0017      8.281     1.1320    -1.2733 1.0715e-01     0.0429    98.9334     9.0310     9.4374    32.6142    32.6332    26.0190    26.0462    7.65406 0.0000e+00
       1065     23.229     2.4617     2.3246   2.927631   2.917153     2.4705     3.0049      8.281     1.1426    -1.2733 1.0715e-01     0.0425    98.9424     9.0622     9.4752    32.6281    32.6392    26.0364    26.0561    7.66886 0.0000e+00
       1068     23.341     2.4293     2.2926   2.927323   2.915168     2.4717     3.0070      8.281     1.1426     4.4906 1.0715e-01     0.0352    99.1233     9.0759     9.4971    32.6573    32.6474    26.0624    26.0651    7.67366 0.0000e+00
       1071     23.454     2.4600     2.2685   2.929191   2.913213     2.4734     3.0090      8.281     1.1320     5.5171 1.0715e-01     0.0352    99.1233     9.0724     9.5182    32.6488    32.6480    26.0531    26.0675    7.66811 0.0000e+00
       1074     23.567     2.3320     2.2234   2.915848   2.909313     2.4742     3.0123      8.282     1.1108     5.4776 1.0715e-01     0.0352    99.1233     9.1080     9.5478    32.6154    32.6460    26.0365    26.0693    7.69488 0.0000e+00
       1077     23.682     2.3033     2.1859   2.917278   2.907228     2.4770     3.0151      8.282     1.1108     5.4776 1.0715e-01     0.0352    99.1233     9.1168     9.5709    32.6624    32.6587    26.0763    26.0823    7.69807 0.0000e+00
       1080     23.795     2.2855     2.1378   2.912481   2.902732     2.4791     3.0163      8.282     1.1214     5.4776 1.0715e-01     0.0352    99.1233     9.1216     9.5886    32.6212    32.6523    26.0447    26.0808    7.70370 0.0000e+00
       1083     23.912     2.1272     2.0343   2.901454   2.893735     2.4807     3.0180      8.283     1.1214     5.4776 1.0715e-01     0.0352    99.1233     9.1544     9.6189    32.6472    32.6469    26.0776    26.0842    7.73356 0.0000e+00
       1086     24.026     2.0195     1.9571   2.894708   2.889206     2.4811     3.0204      8.283     1.1214     5.4776 1.0715e-01     0.0323    99.1956     9.1677     9.6424    32.6743    32.6701    26.1072    26.1085    7.75351 0.0000e+00
       1089     24.144     2.0278     1.8945   2.896581   2.884685     2.4819     3.0232      8.280     1.1320     5.4776 1.0715e-01     0.0243    99.3946     9.1534     9.6603    32.6890    32.6783    26.1184    26.1195    7.75109 0.0000e+00
       1092     24.260     2.0112     1.7951   2.892828   2.876010     2.4823     3.0249      8.278     1.1426     5.1223 1.0715e-01     0.0243    99.3946     9.1465     9.6878    32.6593    32.6725    26.0958    26.1220    7.75595 0.0000e+00
       1095     24.373     1.7100     1.5934   2.865393   2.857194     2.4827     3.0277      8.280     1.1637     2.9115 1.0715e-01     0.0243    99.3946     9.2206     9.7482    32.6274    32.6452    26.0917    26.1140    7.81799 0.0000e+00
       1098     24.488     1.4649     1.3933   2.847065   2.842741     2.4827     3.0285      8.281     1.1637     2.8720 1.0715e-01     0.0243    99.3946     9.2706     9.7991    32.6509    32.6708    26.1273    26.1479    7.86639 0.0000e+00
       1101     24.602     1.4010     1.3000   2.845368   2.836174     2.4839     3.0310      8.277     1.1426     2.8720 1.0715e-01     0.0243    99.3946     9.2772     9.8300    32.6960    32.6847    26.1677    26.1652    7.87703 0.0000e+00
       1104     24.717     1.3301     1.2299   2.839166   2.830772     2.4831     3.0326      8.277     1.1637     2.8720 1.0715e-01     0.0243    99.3946     9.2874     9.8525    32.6913    32.6894    26.1685    26.1734    7.89179 0.0000e+00
       1107     24.833     1.2741     1.1832   2.833980   2.827654     2.4839     3.0334      8.275     1.1637     2.8720 1.0715e-01     0.0236    99.4127     9.3075     9.8621    32.6838    32.6985    26.1661    26.1837    7.90369 0.0000e+00
       1110     24.948     1.2831     1.1704   2.837308   2.827093     2.4844     3.0355      8.272     1.1532     2.8720 1.0715e-01     0.0210    99.4760     9.3081     9.8679    32.7167    32.7047    26.1919    26.1894    7.90008 0.0000e+00
       1113     25.062     1.2916     1.1580   2.835633   2.825687     2.4844     3.0359      8.269     1.1426     2.8720 1.0715e-01     0.0210    99.4760     9.3082     9.8709    32.6864    32.6997    26.1671    26.1862    7.89995 0.0000e+00
       1116     25.177     1.2267     1.1470   2.830683   2.824888     2.4856     3.0379      8.268     1.1849     2.8720 1.0715e-01     0.0217    99.4579     9.3315     9.8768    32.6913    32.7009    26.1751    26.1878    7.91304 0.0000e+00
       1119     25.294     1.2006     1.1443   2.830444   2.824812     2.4856     3.0387      8.266     1.1955   193.4373 1.0715e-01     0.0214    99.4670     9.3388     9.8767    32.7155    32.7027    26.1962    26.1895    7.91712 0.0000e+00
       1122     25.410     1.1855     1.1392   2.828483   2.824233     2.4848     3.0412      8.263     1.1743   482.1870 1.0715e-01     0.0210    99.4760     9.3391     9.8871    32.7063    32.7006    26.1898    26.1881    7.92073 0.0000e+00
       1125     25.526     1.1546     1.1241   2.825145   2.822734     2.4860     3.0428      8.263     1.1849   481.2000 1.0715e-01     0.0217    99.4579     9.3510     9.8975    32.6960    32.6972    26.1835    26.1863    7.92767 0.0000e+00
       1128     25.639     1.1694     1.0968   2.827376   2.820464     2.4872     3.0440      8.263     1.1849   481.3184 1.0715e-01     0.0206    99.4850     9.3504     9.9110    32.7089    32.6968    26.1929    26.1877    7.92391 0.0000e+00
       1131     25.752     1.1913     1.0672   2.827924   2.818422     2.4884     3.0456      8.261     1.1849   481.3579 1.0715e-01     0.0203    99.4941     9.3449     9.9250    32.6929    32.7017    26.1786    26.1934    7.92025 0.0000e+00
       1134     25.867     1.1054     1.0421   2.821649   2.816490     2.4884     3.0477      8.260     1.1849   481.3579 1.0715e-01     0.0206    99.4850     9.3668     9.9376    32.7028    32.7032    26.1920    26.1962    7.93749 0.0000e+00
       1137     25.980     1.1105     1.0180   2.823680   2.814579     2.4880     3.0489      8.259     1.1849   481.3579 1.0715e-01     0.0203    99.4941     9.3587     9.9486    32.7233    32.7040    26.2082    26.1983    7.93532 0.0000e+00
       1140     26.092     1.0973     0.9931   2.819627   2.812381     2.4884     3.0489      8.259     1.1849   481.3579 1.0715e-01     0.0203    99.4941     9.3620     9.9544    32.6853    32.7020    26.1784    26.1982    7.94010 0.0000e+00
       1143     26.201     0.9740     0.9369   2.809447   2.807327     2.4888     3.0509      8.259     1.1955   481.3579 1.0703e-01     0.0203    99.4941     9.3981     9.9766    32.6844    32.6962    26.1851    26.1969    7.96577 0.0000e+00
       1146     26.309     0.8960     0.8630   2.804469   2.802047     2.4884     3.0526      8.261     1.1743   481.3579 1.0715e-01     0.0199    99.5031     9.4122    10.0008    32.7025    32.7061    26.2044    26.2092    7.98108 0.0000e+00
       1149     26.419     0.8493     0.8147   2.802715   2.799008     2.4888     3.0546      8.260     1.1849   481.3579 1.0715e-01     0.0130    99.6749     9.4214    10.0184    32.7291    32.7178    26.2285    26.2214    7.98940 0.0000e+00
       1152     26.528     0.8496     0.7910   2.801946   2.797456     2.4884     3.0554      8.260     1.1849   481.3579 1.0715e-01     0.0123    99.6930     9.4168    10.0245    32.7188    32.7228    26.2202    26.2268    7.98990 0.0000e+00
