Datasets/AZMP/TEL210/tel210_2020_085.cnv
* Sea-Bird SBE 9 Data File:
* FileName = C:\CTDDATA\tel210_2020_085.hex
* Software Version Seasave V 7.26.7.110
* Temperature SN = 1697
* Conductivity SN = 4216
* Number of Bytes Per Scan = 30
* Number of Voltage Words = 4
* Number of Scans Averaged by the Deck Unit = 1
* NMEA baud rate = 4800
** VESSEL/TRIP/SEQ STN:  TEL210_2020
** LATITUDE XX XX.XX: 53 32.00 N
** LONGITUDE XX XX.XX: 055 08.70 W
** SOUNDING DEPTH (M): 0203
** PROBE TYPE: S1146
** CTD NUMBER: 055
** COMMENTS (14 CHAR): SI-04
** BOTTLES:  10
** LEVELS: 5,10,20,30,40,50,75,100,150,BTM
** STICKERS: 436130 - 436139
** VNET: Y
** DO2: Y
# nquan = 22
# nvalues = 4759                        
# units = specified
# name 0 = scan: Scan Count
# name 1 = prDM: Pressure, Digiquartz [db]
# name 2 = t090C: Temperature [ITS-90, deg C]
# name 3 = t190C: Temperature, 2 [ITS-90, deg C]
# name 4 = c0S/m: Conductivity [S/m]
# name 5 = c1S/m: Conductivity, 2 [S/m]
# name 6 = sbeox0V: Oxygen raw, SBE 43 [V]
# name 7 = sbeox1V: Oxygen raw, SBE 43, 2 [V]
# name 8 = ph: pH
# name 9 = flECO-AFL: Fluorescence, WET Labs ECO-AFL/FL [mg/m^3]
# name 10 = wetCDOM: Fluorescence, WET Labs CDOM [mg/m^3]
# name 11 = par/sat/log: PAR/Logarithmic, Satlantic [umol photons/m^2/sec]
# name 12 = CStarAt0: Beam Attenuation, WET Labs C-Star [1/m]
# name 13 = CStarTr0: Beam Transmission, WET Labs C-Star [%]
# name 14 = sbeox0ML/L: Oxygen, SBE 43 [ml/l], WS = 2
# name 15 = sbeox1ML/L: Oxygen, SBE 43, 2 [ml/l], WS = 2
# name 16 = sal00: Salinity, Practical [PSU]
# name 17 = sal11: Salinity, Practical, 2 [PSU]
# name 18 = sigma-t00: Density [sigma-t, kg/m^3 ]
# name 19 = sigma-t11: Density, 2 [sigma-t, kg/m^3 ]
# name 20 = oxsatML/L: Oxygen Saturation, Weiss [ml/l]
# name 21 = flag: flag
# span 0 =         59,      37311       
# span 1 =      1.531,    200.273       
# span 2 =    -0.6484,     9.3607       
# span 3 =    -0.6493,     9.4036       
# span 4 =   2.703648,   3.368945       
# span 5 =   2.702876,   3.371071       
# span 6 =     1.9011,     2.6204       
# span 7 =     2.2833,     3.2197       
# span 8 =      7.930,      8.284       
# span 9 =     0.6664,     1.7669       
# span 10 =    -2.8130,   482.1870      
# span 11 = 1.0592e-01, 4.2512e-01      
# span 12 =    -0.1446,     0.0469      
# span 13 =    98.8339,   103.6811      
# span 14 =     6.6414,     9.7666      
# span 15 =     6.8846,    10.3490      
# span 16 =    31.0802,    34.0111      
# span 17 =    31.0669,    34.0125      
# span 18 =    23.9949,    27.2297      
# span 19 =    23.9777,    27.2312      
# span 20 =    6.57038,    8.28425      
# span 21 = 0.0000e+00, 0.0000e+00      
# interval = scans: 3                   
# start_time = Jul 25 2020 02:14:01 [System UTC, header]
# bad_flag = -9.990e-29
*END*
[from data line 3819]
      20895     59.045    -0.3774    -0.3832   2.721724   2.721282     2.1250     2.5733      8.031     0.8463     0.5032 1.0727e-01    -0.1169   102.9667     8.1420     8.4973    32.9614    32.9618    26.4776    26.4781    8.24062 0.0000e+00
      20898     58.974    -0.3774    -0.3830   2.721697   2.721300     2.1254     2.5741      8.033     0.8886     0.5822 1.0715e-01    -0.1162   102.9486     8.1436     8.5027    32.9611    32.9618    26.4773    26.4781    8.24063 0.0000e+00
      20901     58.906    -0.3784    -0.3831   2.721486   2.721141     2.1267     2.5749      8.033     0.8780     0.5822 1.0715e-01    -0.1162   102.9486     8.1516     8.5073    32.9594    32.9598    26.4760    26.4765    8.24095 0.0000e+00
      20904     58.840    -0.3792    -0.3836   2.721362   2.721068     2.1283     2.5778      8.033     0.8780     0.6217 1.0715e-01    -0.1162   102.9486     8.1602     8.5190    32.9586    32.9595    26.4754    26.4763    8.24116 0.0000e+00
      20907     58.778    -0.3798    -0.3839   2.721284   2.721048     2.1295     2.5794      8.033     0.8886     0.5032 1.0727e-01    -0.1162   102.9486     8.1646     8.5226    32.9582    32.9596    26.4751    26.4764    8.24131 0.0000e+00
      20910     58.715    -0.3797    -0.3843   2.721280   2.721023     2.1303     2.5802      8.033     0.8886    -0.0495 1.0715e-01    -0.1162   102.9486     8.1705     8.5241    32.9582    32.9596    26.4751    26.4764    8.24130 0.0000e+00
      20913     58.651    -0.3793    -0.3845   2.721358   2.721009     2.1299     2.5806      8.033     0.8780    -0.0889 1.0727e-01    -0.1159   102.9395     8.1710     8.5251    32.9588    32.9597    26.4755    26.4765    8.24118 0.0000e+00
      20916     58.588    -0.3800    -0.3845   2.721265   2.720951     2.1311     2.5822      8.036     0.8886    -0.0889 1.0715e-01    -0.1152   102.9214     8.1783     8.5280    32.9583    32.9590    26.4752    26.4759    8.24136 0.0000e+00
      20919     58.528    -0.3809    -0.3855   2.721243   2.720795     2.1324     2.5835      8.034     0.8886    -0.1284 1.0727e-01    -0.1152   102.9214     8.1830     8.5342    32.9590    32.9581    26.4758    26.4752    8.24151 0.0000e+00
      20922     58.466    -0.3809    -0.3868   2.721223   2.720688     2.1328     2.5851      8.037     0.9097    -0.1284 1.0715e-01    -0.1152   102.9214     8.1783     8.5408    32.9588    32.9581    26.4757    26.4753    8.24153 0.0000e+00
      20925     58.402    -0.3820    -0.3871   2.720964   2.720744     2.1344     2.5855      8.036     0.9415    -0.0889 1.0715e-01    -0.1152   102.9214     8.1806     8.5382    32.9565    32.9592    26.4739    26.4762    8.24189 0.0000e+00
      20928     58.337    -0.3831    -0.3869   2.720936   2.720751     2.1348     2.5875      8.037     0.9309    -0.1284 1.0715e-01    -0.1152   102.9214     8.1777     8.5428    32.9574    32.9591    26.4746    26.4762    8.24209 0.0000e+00
      20931     58.270    -0.3837    -0.3890   2.720918   2.720328     2.1352     2.5879      8.037     0.9521    -0.1679 1.0727e-01    -0.1152   102.9214     8.1782     8.5456    32.9579    32.9557    26.4750    26.4735    8.24220 0.0000e+00
      20934     58.204    -0.3846    -0.3906   2.720895   2.720247     2.1373     2.5900      8.037     0.9415    -0.0100 1.0715e-01    -0.1120   102.8400     8.1862     8.5561    32.9586    32.9565    26.4756    26.4742    8.24235 0.0000e+00
      20937     58.134    -0.3854    -0.3908   2.720781   2.720223     2.1373     2.5912      8.037     0.9415     0.3453 1.0715e-01    -0.1067   102.7044     8.1841     8.5589    32.9580    32.9565    26.4752    26.4741    8.24257 0.0000e+00
      20940     58.062    -0.3869    -0.3909   2.720631   2.720382     2.1381     2.5920      8.037     0.9627     0.3848 1.0727e-01    -0.1067   102.7044     8.1844     8.5564    32.9576    32.9587    26.4749    26.4760    8.24291 0.0000e+00
      20943     57.986    -0.3881    -0.3901   2.720640   2.720441     2.1377     2.5941      8.037     0.9415     0.3848 1.0715e-01    -0.1074   102.7225     8.1771     8.5611    32.9591    32.9587    26.4762    26.4759    8.24310 0.0000e+00
      20946     57.910    -0.3887    -0.3928   2.720465   2.720009     2.1389     2.5945      8.037     0.9521     0.3453 1.0715e-01    -0.1067   102.7044     8.1785     8.5574    32.9575    32.9559    26.4749    26.4737    8.24332 0.0000e+00
      20949     57.833    -0.3895    -0.3936   2.720374   2.720125     2.1393     2.5957      8.037     0.9627     0.3453 1.0715e-01    -0.1067   102.7044     8.1781     8.5581    32.9572    32.9584    26.4747    26.4758    8.24352 0.0000e+00
      20952     57.752    -0.3901    -0.3934   2.720441   2.720255     2.1401     2.5965      8.037     0.9309     0.3453 1.0715e-01    -0.1071   102.7134     8.1812     8.5547    32.9588    32.9599    26.4760    26.4770    8.24356 0.0000e+00
      20955     57.670    -0.3904    -0.3937   2.720546   2.720202     2.1409     2.5981      8.039     0.9415     0.3453 1.0727e-01    -0.1074   102.7225     8.1826     8.5576    32.9605    32.9595    26.4774    26.4768    8.24353 0.0000e+00
      20958     57.588    -0.3902    -0.3941   2.720603   2.720249     2.1409     2.5998      8.037     0.9521     0.3848 1.0715e-01    -0.1074   102.7225     8.1790     8.5591    32.9611    32.9607    26.4779    26.4777    8.24344 0.0000e+00
      20961     57.505    -0.3904    -0.3946   2.720675   2.720164     2.1421     2.5989      8.039     0.9521     0.6217 1.0740e-01    -0.1078   102.7315     8.1858     8.5530    32.9623    32.9601    26.4789    26.4773    8.24342 0.0000e+00
      20964     57.420    -0.3904    -0.3953   2.720782   2.720186     2.1430     2.6006      8.037     0.9415     1.0559 1.0715e-01    -0.1078   102.7315     8.1878     8.5561    32.9639    32.9612    26.4801    26.4782    8.24334 0.0000e+00
      20967     57.332    -0.3908    -0.3948   2.721163   2.720338     2.1425     2.6014      8.040     0.9415     1.0954 1.0715e-01    -0.1078   102.7315     8.1852     8.5546    32.9694    32.9627    26.4846    26.4794    8.24312 0.0000e+00
      20970     57.240    -0.3905    -0.3947   2.721416   2.720551     2.1434     2.6014      8.039     0.9627     1.0954 1.0715e-01    -0.1074   102.7225     8.1818     8.5518    32.9726    32.9656    26.4872    26.4817    8.24288 0.0000e+00
      20973     57.151    -0.3907    -0.3945   2.721396   2.720609     2.1446     2.6030      8.042     0.9521     1.0954 1.0715e-01    -0.1078   102.7315     8.1830     8.5538    32.9725    32.9662    26.4871    26.4821    8.24291 0.0000e+00
      20976     57.062    -0.3904    -0.3942   2.721301   2.720625     2.1446     2.6034      8.040     1.0156     1.0954 1.0715e-01    -0.1113   102.8219     8.1805     8.5524    32.9710    32.9661    26.4859    26.4821    8.24294 0.0000e+00
      20979     56.972    -0.3905    -0.3938   2.721333   2.720645     2.1454     2.6050      8.040     0.9944     1.0165 1.0715e-01    -0.1120   102.8400     8.1836     8.5549    32.9716    32.9659    26.4863    26.4819    8.24292 0.0000e+00
      20982     56.882    -0.3896    -0.3925   2.721640   2.720733     2.1454     2.6059      8.039     1.0050     1.0954 1.0715e-01    -0.1120   102.8400     8.1828     8.5554    32.9748    32.9659    26.4889    26.4818    8.24255 0.0000e+00
      20985     56.794    -0.3891    -0.3918   2.721698   2.720780     2.1458     2.6063      8.039     1.0050     1.0954 1.0715e-01    -0.1120   102.8400     8.1830     8.5561    32.9750    32.9657    26.4891    26.4817    8.24242 0.0000e+00
      20988     56.705    -0.3889    -0.3917   2.721657   2.720801     2.1466     2.6071      8.037     1.0156     1.2139 1.0715e-01    -0.1120   102.8400     8.1873     8.5538    32.9743    32.9659    26.4885    26.4818    8.24242 0.0000e+00
      20991     56.614    -0.3890    -0.3916   2.721634   2.720786     2.1466     2.6075      8.040     1.0156     1.3323 1.0715e-01    -0.1120   102.8400     8.1893     8.5512    32.9742    32.9658    26.4884    26.4817    8.24245 0.0000e+00
      20994     56.524    -0.3892    -0.3919   2.721563   2.720890     2.1462     2.6079      8.040     1.0050     1.2928 1.0740e-01    -0.1113   102.8219     8.1858     8.5501    32.9736    32.9675    26.4879    26.4831    8.24254 0.0000e+00
      20997     56.436    -0.3880    -0.3921   2.721270   2.720922     2.1474     2.6091      8.040     1.0050     1.2928 1.0740e-01    -0.1099   102.7858     8.1928     8.5523    32.9683    32.9682    26.4836    26.4837    8.24255 0.0000e+00
      21000     56.343    -0.3868    -0.3920   2.721004   2.720867     2.1482     2.6095      8.037     0.9838     1.3323 1.0740e-01    -0.1106   102.8039     8.1993     8.5508    32.9635    32.9673    26.4797    26.4830    8.24256 0.0000e+00
      21003     56.254    -0.3828    -0.3911   2.720651   2.720613     2.1486     2.6099      8.042     0.9309     1.3323 1.0727e-01    -0.1103   102.7948     8.2026     8.5510    32.9545    32.9631    26.4722    26.4795    8.24218 0.0000e+00
      21006     56.170    -0.3795    -0.3897   2.720637   2.720464     2.1495     2.6103      8.039     0.9521     1.3323 1.0740e-01    -0.1099   102.7858     8.2079     8.5504    32.9508    32.9596    26.4691    26.4766    8.24166 0.0000e+00
      21009     56.085    -0.3802    -0.3881   2.720678   2.720440     2.1495     2.6112      8.042     0.9415     1.3323 1.0740e-01    -0.1103   102.7948     8.2086     8.5552    32.9522    32.9576    26.4703    26.4750    8.24175 0.0000e+00
      21012     56.002    -0.3785    -0.3879   2.720567   2.720485     2.1503     2.6112      8.042     0.9521     1.3718 1.0715e-01    -0.1099   102.7858     8.2100     8.5580    32.9489    32.9581    26.4676    26.4753    8.24156 0.0000e+00
      21015     55.916    -0.3771    -0.3881   2.720533   2.720479     2.1507     2.6116      8.040     0.9309     2.0034 1.0727e-01    -0.1092   102.7677     8.2137     8.5626    32.9470    32.9583    26.4660    26.4755    8.24136 0.0000e+00
      21018     55.833    -0.3766    -0.3878   2.720388   2.720388     2.1511     2.6136      8.040     0.9415     2.0429 1.0715e-01    -0.1089   102.7587     8.2152     8.5698    32.9446    32.9568    26.4639    26.4743    8.24138 0.0000e+00
      21021     55.750    -0.3758    -0.3857   2.720296   2.720247     2.1519     2.6136      8.042     0.9415     2.0429 1.0715e-01    -0.1089   102.7587     8.2160     8.5709    32.9425    32.9526    26.4623    26.4708    8.24132 0.0000e+00
      21024     55.670    -0.3756    -0.3849   2.720301   2.720221     2.1523     2.6140      8.040     0.9415     2.0429 1.0727e-01    -0.1089   102.7587     8.2150     8.5753    32.9424    32.9514    26.4622    26.4698    8.24128 0.0000e+00
      21027     55.592    -0.3757    -0.3844   2.720347   2.720169     2.1527     2.6148      8.040     0.9097     2.0429 1.0715e-01    -0.1089   102.7587     8.2142     8.5797    32.9432    32.9503    26.4628    26.4689    8.24126 0.0000e+00
      21030     55.511    -0.3760    -0.3832   2.720391   2.720115     2.1535     2.6148      8.042     0.9203     2.0034 1.0727e-01    -0.1089   102.7587     8.2151     8.5779    32.9442    32.9483    26.4636    26.4672    8.24127 0.0000e+00
      21033     55.430    -0.3759    -0.3823   2.720388   2.720072     2.1531     2.6164      8.042     0.8992     2.0429 1.0715e-01    -0.1089   102.7587     8.2107     8.5849    32.9440    32.9468    26.4635    26.4660    8.24125 0.0000e+00
      21036     55.350    -0.3736    -0.3810   2.720465   2.720126     2.1535     2.6177      8.042     0.9203     2.0034 1.0715e-01    -0.1064   102.6954     8.2094     8.5883    32.9426    32.9462    26.4622    26.4654    8.24082 0.0000e+00
      21039     55.270    -0.3712    -0.3795   2.720569   2.720153     2.1548     2.6177      8.042     0.9097     2.2403 1.0727e-01    -0.1053   102.6682     8.2130     8.5845    32.9415    32.9449    26.4612    26.4643    8.24036 0.0000e+00
      21042     55.191    -0.3679    -0.3781   2.720678   2.720189     2.1552     2.6181      8.042     0.8992     2.8720 1.0727e-01    -0.1057   102.6773     8.2140     8.5828    32.9394    32.9440    26.4594    26.4635    8.23975 0.0000e+00
      21045     55.112    -0.3692    -0.3767   2.720582   2.720210     2.1556     2.6193      8.042     0.9203     2.8720 1.0715e-01    -0.1057   102.6773     8.2171     8.5869    32.9395    32.9427    26.4596    26.4624    8.24002 0.0000e+00
      21048     55.034    -0.3688    -0.3751   2.720765   2.720265     2.1552     2.6201      8.042     0.9097     2.8720 1.0715e-01    -0.1057   102.6773     8.2156     8.5871    32.9417    32.9418    26.4613    26.4616    8.23982 0.0000e+00
      21051     54.957    -0.3673    -0.3740   2.720837   2.720289     2.1556     2.6197      8.042     0.9203     2.8720 1.0715e-01    -0.1053   102.6682     8.2172     8.5849    32.9410    32.9410    26.4607    26.4609    8.23952 0.0000e+00
      21054     54.876    -0.3644    -0.3743   2.721041   2.720315     2.1560     2.6205      8.042     0.9521     2.8720 1.0715e-01    -0.1053   102.6682     8.2195     8.5856    32.9406    32.9417    26.4602    26.4615    8.23891 0.0000e+00
      21057     54.797    -0.3575    -0.3749   2.721450   2.720274     2.1564     2.6217      8.042     0.9309     2.8720 1.0715e-01    -0.1046   102.6501     8.2190     8.5885    32.9387    32.9418    26.4584    26.4617    8.23750 0.0000e+00
      21060     54.716    -0.3579    -0.3763   2.721293   2.720255     2.1568     2.6213      8.042     0.9627     2.8720 1.0715e-01    -0.1046   102.6501     8.2202     8.5881    32.9371    32.9431    26.4571    26.4627    8.23768 0.0000e+00
      21063     54.635    -0.3605    -0.3770   2.721265   2.720334     2.1572     2.6221      8.042     0.9309     2.8720 1.0715e-01    -0.1046   102.6501     8.2238     8.5907    32.9395    32.9450    26.4591    26.4643    8.23810 0.0000e+00
      21066     54.559    -0.3528    -0.3761   2.721790   2.720464     2.1584     2.6225      8.042     0.9521     2.2403 1.0740e-01    -0.1046   102.6501     8.2291     8.5901    32.9382    32.9458    26.4578    26.4649    8.23647 0.0000e+00
      21069     54.477    -0.3518    -0.3771   2.721721   2.720344     2.1588     2.6230      8.045     0.9521     1.6087 1.0727e-01    -0.1053   102.6682     8.2333     8.5899    32.9363    32.9453    26.4562    26.4645    8.23637 0.0000e+00
      21072     54.395    -0.3506    -0.3724   2.721809   2.720792     2.1588     2.6242      8.047     0.9521     1.6876 1.0715e-01    -0.1053   102.6682     8.2350     8.5940    32.9362    32.9463    26.4560    26.4652    8.23610 0.0000e+00
      21075     54.313    -0.3517    -0.3683   2.721729   2.720959     2.1592     2.6250      8.047     0.9415     1.6087 1.0727e-01    -0.1050   102.6592     8.2353     8.5965    32.9364    32.9441    26.4563    26.4632    8.23634 0.0000e+00
      21078     54.230    -0.3547    -0.3676   2.721628   2.721062     2.1596     2.6250      8.044     0.9415     1.6876 1.0715e-01    -0.1043   102.6411     8.2365     8.5940    32.9383    32.9448    26.4579    26.4637    8.23688 0.0000e+00
      21081     54.149    -0.3570    -0.3662   2.721581   2.721204     2.1596     2.6262      8.047     0.9838     1.6876 1.0715e-01    -0.1046   102.6501     8.2374     8.5983    32.9403    32.9451    26.4596    26.4640    8.23729 0.0000e+00
      21084     54.063    -0.3562    -0.3639   2.721427   2.721182     2.1609     2.6262      8.047     0.9838     1.6876 1.0715e-01    -0.1046   102.6501     8.2463     8.5969    32.9373    32.9425    26.4572    26.4617    8.23727 0.0000e+00
      21087     53.978    -0.3531    -0.3641   2.721689   2.721214     2.1609     2.6262      8.047     0.9732     1.6876 1.0715e-01    -0.1046   102.6501     8.2419     8.5934    32.9375    32.9432    26.4572    26.4623    8.23658 0.0000e+00
