Datasets/AZMP/TEL210/tel210_2020_111.cnv
* Sea-Bird SBE 9 Data File:
* FileName = C:\CTDDATA\tel210_2020_111.hex
* Software Version Seasave V 7.26.7.110
* Temperature SN = 1697
* Conductivity SN = 4216
* Number of Bytes Per Scan = 30
* Number of Voltage Words = 4
* Number of Scans Averaged by the Deck Unit = 1
* NMEA baud rate = 4800
** VESSEL/TRIP/SEQ STN:  tel210_2020_111
** LATITUDE XX XX.XX: 55 13.00 N
** LONGITUDE XX XX.XX: 058 30.80 W
** SOUNDING DEPTH (M): 0094
** PROBE TYPE: S1146
** CTD NUMBER: 077
** COMMENTS (14 CHAR): MB-01
** BOTTLES:  8
** LEVELS: 5,10,20,30,40,50,75,BTM
** STICKERS: 436340 - 436347
** VNET: Y
** DO2: N
# nquan = 22
# nvalues = 2624                        
# units = specified
# name 0 = scan: Scan Count
# name 1 = prDM: Pressure, Digiquartz [db]
# name 2 = t090C: Temperature [ITS-90, deg C]
# name 3 = t190C: Temperature, 2 [ITS-90, deg C]
# name 4 = c0S/m: Conductivity [S/m]
# name 5 = c1S/m: Conductivity, 2 [S/m]
# name 6 = sbeox0V: Oxygen raw, SBE 43 [V]
# name 7 = sbeox1V: Oxygen raw, SBE 43, 2 [V]
# name 8 = ph: pH
# name 9 = flECO-AFL: Fluorescence, WET Labs ECO-AFL/FL [mg/m^3]
# name 10 = wetCDOM: Fluorescence, WET Labs CDOM [mg/m^3]
# name 11 = par/sat/log: PAR/Logarithmic, Satlantic [umol photons/m^2/sec]
# name 12 = CStarAt0: Beam Attenuation, WET Labs C-Star [1/m]
# name 13 = CStarTr0: Beam Transmission, WET Labs C-Star [%]
# name 14 = sbeox0ML/L: Oxygen, SBE 43 [ml/l], WS = 2
# name 15 = sbeox1ML/L: Oxygen, SBE 43, 2 [ml/l], WS = 2
# name 16 = sal00: Salinity, Practical [PSU]
# name 17 = sal11: Salinity, Practical, 2 [PSU]
# name 18 = sigma-t00: Density [sigma-t, kg/m^3 ]
# name 19 = sigma-t11: Density, 2 [sigma-t, kg/m^3 ]
# name 20 = oxsatML/L: Oxygen Saturation, Weiss [ml/l]
# name 21 = flag: flag
# span 0 =         44,      32422       
# span 1 =      1.550,     90.976       
# span 2 =    -1.1297,     7.4352       
# span 3 =    -1.1345,     7.4310       
# span 4 =   2.454673,   3.153870       
# span 5 =   2.596593,   3.153469       
# span 6 =     2.0977,     2.5200       
# span 7 =     2.5474,     3.1200       
# span 8 =      8.040,      8.286       
# span 9 =     0.7299,     1.6611       
# span 10 =    -2.8130,   482.1870      
# span 11 = 1.0678e-01, 8.1072e+01      
# span 12 =    -0.1110,     0.4417      
# span 13 =    89.5466,   102.8129      
# span 14 =     7.2663,     9.3963      
# span 15 =     7.3713,    10.2339      
# span 16 =    30.0936,    32.1529      
# span 17 =    30.4920,    32.1537      
# span 18 =    23.8140,    25.8498      
# span 19 =    23.8140,    25.8506      
# span 20 =    6.89067,    8.55755      
# span 21 = 0.0000e+00, 0.0000e+00      
# interval = scans: 3                   
# start_time = Jul 27 2020 21:44:14 [System UTC, header]
# bad_flag = -9.990e-29
*END*
[from data line 593]
       2210     59.097    -1.1163    -1.1211   2.597828   2.597408     2.1656     2.6292      8.097     0.8145     0.0295 1.6937e-01    -0.1025   102.5959     8.4167     8.7751    32.0901    32.0896    25.7988    25.7985    8.45747 0.0000e+00
       2213     59.236    -1.1161    -1.1211   2.597842   2.597403     2.1652     2.6300      8.096     0.8145     0.0295 1.7639e-01    -0.1022   102.5868     8.4177     8.7796    32.0900    32.0895    25.7986    25.7983    8.45742 0.0000e+00
       2216     59.374    -1.1161    -1.1212   2.597864   2.597402     2.1652     2.6292      8.096     0.8357     0.0295 1.6496e-01    -0.1015   102.5687     8.4159     8.7810    32.0903    32.0894    25.7988    25.7983    8.45741 0.0000e+00
       2219     59.516    -1.1163    -1.1213   2.597839   2.597422     2.1648     2.6288      8.097     0.8357     0.0295 1.6501e-01    -0.1015   102.5687     8.4168     8.7829    32.0900    32.0898    25.7987    25.7986    8.45747 0.0000e+00
       2222     59.661    -1.1162    -1.1212   2.597865   2.597414     2.1636     2.6300      8.097     0.8251     0.0295 1.5840e-01    -0.1015   102.5687     8.4109     8.7903    32.0902    32.0895    25.7988    25.7984    8.45745 0.0000e+00
       2225     59.804    -1.1163    -1.1213   2.597852   2.597442     2.1640     2.6292      8.097     0.8251     0.0295 1.5768e-01    -0.1015   102.5687     8.4131     8.7883    32.0901    32.0899    25.7987    25.7987    8.45748 0.0000e+00
       2228     59.947    -1.1163    -1.1211   2.597892   2.597437     2.1644     2.6284      8.096     0.8251     0.0295 1.5952e-01    -0.1015   102.5687     8.4162     8.7841    32.0905    32.0895    25.7990    25.7983    8.45744 0.0000e+00
       2231     60.089    -1.1162    -1.1212   2.597883   2.597468     2.1636     2.6284      8.094     0.8357     0.0295 1.5406e-01    -0.1015   102.5687     8.4142     8.7840    32.0902    32.0899    25.7988    25.7987    8.45744 0.0000e+00
       2234     60.228    -1.1161    -1.1211   2.597891   2.597459     2.1632     2.6288      8.094     0.8145     0.0295 1.5166e-01    -0.1015   102.5687     8.4124     8.7879    32.0901    32.0897    25.7987    25.7985    8.45742 0.0000e+00
       2237     60.369    -1.1161    -1.1212   2.597872   2.597454     2.1632     2.6288      8.096     0.8357     0.0295 1.5248e-01    -0.1015   102.5687     8.4103     8.7896    32.0898    32.0896    25.7984    25.7984    8.45744 0.0000e+00
       2240     60.506    -1.1161    -1.1211   2.597871   2.597457     2.1628     2.6288      8.094     0.8145     0.0295 1.5059e-01    -0.1015   102.5687     8.4115     8.7896    32.0897    32.0894    25.7984    25.7983    8.45745 0.0000e+00
       2243     60.640    -1.1163    -1.1214   2.597883   2.597457     2.1632     2.6288      8.094     0.8463     0.0295 1.4880e-01    -0.1015   102.5687     8.4150     8.7879    32.0900    32.0897    25.7986    25.7985    8.45748 0.0000e+00
       2246     60.772    -1.1163    -1.1214   2.597886   2.597474     2.1632     2.6288      8.097     0.8357     0.0295 1.4800e-01    -0.1015   102.5687     8.4164     8.7880    32.0900    32.0898    25.7986    25.7986    8.45748 0.0000e+00
       2249     60.899    -1.1162    -1.1213   2.597894   2.597479     2.1628     2.6276      8.094     0.8357     0.0295 1.3794e-01    -0.1018   102.5778     8.4135     8.7860    32.0898    32.0897    25.7985    25.7986    8.45745 0.0000e+00
       2252     61.021    -1.1164    -1.1213   2.597908   2.597466     2.1628     2.6276      8.094     0.8251     0.0295 1.3840e-01    -0.1018   102.5778     8.4161     8.7867    32.0902    32.0895    25.7988    25.7983    8.45749 0.0000e+00
       2255     61.141    -1.1163    -1.1213   2.597895   2.597495     2.1628     2.6280      8.094     0.8251    -0.1284 1.2908e-01    -0.1025   102.5959     8.4180     8.7843    32.0898    32.0897    25.7985    25.7985    8.45748 0.0000e+00
       2258     61.255    -1.1165    -1.1213   2.597919   2.597486     2.1616     2.6288      8.094     0.8357    -0.3653 1.2855e-01    -0.1036   102.6230     8.4145     8.7827    32.0904    32.0896    25.7989    25.7985    8.45750 0.0000e+00
       2261     61.365    -1.1163    -1.1213   2.597896   2.597487     2.1615     2.6280      8.094     0.8251    -0.3258 1.3180e-01    -0.1036   102.6230     8.4143     8.7777    32.0898    32.0895    25.7984    25.7984    8.45750 0.0000e+00
       2264     61.469    -1.1163    -1.1213   2.597901   2.597473     2.1624     2.6272      8.094     0.8463    -0.3653 1.2660e-01    -0.1036   102.6230     8.4184     8.7731    32.0897    32.0893    25.7984    25.7982    8.45748 0.0000e+00
       2267     61.568    -1.1162    -1.1214   2.597897   2.597470     2.1615     2.6276      8.094     0.8251    -0.3653 1.2746e-01    -0.1036   102.6230     8.4112     8.7761    32.0895    32.0893    25.7982    25.7982    8.45749 0.0000e+00
       2270     61.667    -1.1165    -1.1214   2.597908   2.597489     2.1615     2.6276      8.094     0.8357    -0.3258 1.1981e-01    -0.1036   102.6230     8.4137     8.7777    32.0899    32.0895    25.7985    25.7983    8.45752 0.0000e+00
       2273     61.757    -1.1165    -1.1216   2.597918   2.597509     2.1620     2.6276      8.094     0.8463    -0.3653 1.2574e-01    -0.1036   102.6230     8.4164     8.7782    32.0901    32.0899    25.7987    25.7987    8.45753 0.0000e+00
       2276     61.840    -1.1160    -1.1216   2.597904   2.597474     2.1615     2.6276      8.094     0.8145    -0.3258 1.2412e-01    -0.1018   102.5778     8.4167     8.7772    32.0893    32.0894    25.7980    25.7983    8.45746 0.0000e+00
       2279     61.923    -1.1162    -1.1214   2.597917   2.597489     2.1611     2.6263      8.094     0.8357    -0.3258 1.2469e-01    -0.1015   102.5687     8.4172     8.7691    32.0895    32.0893    25.7982    25.7982    8.45747 0.0000e+00
       2282     61.998    -1.1167    -1.1217   2.597927   2.597489     2.1620     2.6255      8.094     0.8145    -0.3258 1.1877e-01    -0.1015   102.5687     8.4219     8.7678    32.0902    32.0896    25.7988    25.7985    8.45756 0.0000e+00
       2285     62.070    -1.1166    -1.1216   2.597895   2.597486     2.1611     2.6263      8.094     0.8357    -0.4048 1.1731e-01    -0.1015   102.5687     8.4162     8.7725    32.0896    32.0894    25.7983    25.7983    8.45756 0.0000e+00
       2288     62.142    -1.1167    -1.1215   2.597905   2.597477     2.1607     2.6259      8.094     0.8145    -0.3653 1.1475e-01    -0.1015   102.5687     8.4159     8.7698    32.0898    32.0892    25.7984    25.7981    8.45757 0.0000e+00
       2291     62.211    -1.1168    -1.1215   2.597913   2.597490     2.1607     2.6267      8.094     0.8251    -0.3258 1.2016e-01    -0.1018   102.5778     8.4168     8.7731    32.0899    32.0893    25.7986    25.7982    8.45759 0.0000e+00
       2294     62.278    -1.1170    -1.1216   2.597905   2.597506     2.1611     2.6259      8.094     0.8145    -0.3653 1.1289e-01    -0.1015   102.5687     8.4207     8.7713    32.0900    32.0896    25.7987    25.7984    8.45763 0.0000e+00
       2297     62.341    -1.1167    -1.1219   2.597909   2.597528     2.1603     2.6263      8.094     0.8251    -0.3653 1.1211e-01    -0.1004   102.5416     8.4197     8.7743    32.0898    32.0901    25.7984    25.7989    8.45759 0.0000e+00
       2300     62.406    -1.1171    -1.1220   2.597910   2.597505     2.1611     2.6259      8.094     0.8251    -0.3258 1.2017e-01    -0.1004   102.5416     8.4259     8.7729    32.0902    32.0900    25.7988    25.7987    8.45766 0.0000e+00
       2303     62.471    -1.1172    -1.1221   2.597913   2.597509     2.1599     2.6255      8.094     0.8251    -0.3258 1.1727e-01    -0.1004   102.5416     8.4192     8.7735    32.0902    32.0900    25.7988    25.7988    8.45766 0.0000e+00
       2306     62.535    -1.1168    -1.1220   2.597905   2.597494     2.1603     2.6255      8.094     0.8357    -0.3258 1.1330e-01    -0.1008   102.5506     8.4206     8.7708    32.0897    32.0897    25.7984    25.7986    8.45761 0.0000e+00
       2309     62.600    -1.1167    -1.1220   2.597914   2.597521     2.1607     2.6247      8.094     0.8251     0.5822 1.1539e-01    -0.1004   102.5416     8.4221     8.7651    32.0897    32.0900    25.7984    25.7988    8.45759 0.0000e+00
       2312     62.669    -1.1169    -1.1219   2.597935   2.597499     2.1607     2.6251      8.094     0.8357     0.6612 1.1367e-01    -0.1004   102.5416     8.4204     8.7661    32.0901    32.0896    25.7987    25.7984    8.45760 0.0000e+00
       2315     62.738    -1.1168    -1.1216   2.597922   2.597505     2.1603     2.6251      8.094     0.8251     0.7401 1.1211e-01    -0.1004   102.5416     8.4172     8.7662    32.0898    32.0893    25.7985    25.7982    8.45761 0.0000e+00
       2318     62.809    -1.1165    -1.1215   2.597928   2.597508     2.1611     2.6251      8.094     0.8251     0.7006 1.1381e-01    -0.1008   102.5506     8.4219     8.7687    32.0895    32.0891    25.7982    25.7980    8.45755 0.0000e+00
       2321     62.882    -1.1172    -1.1217   2.597918   2.597489     2.1611     2.6243      8.094     0.8357     0.6612 1.0979e-01    -0.1008   102.5506     8.4228     8.7658    32.0901    32.0890    25.7988    25.7980    8.45768 0.0000e+00
       2324     62.960    -1.1174    -1.1223   2.597909   2.597482     2.1595     2.6239      8.094     0.8357     0.7006 1.0878e-01    -0.1015   102.5687     8.4115     8.7674    32.0902    32.0895    25.7988    25.7984    8.45772 0.0000e+00
       2327     63.040    -1.1171    -1.1226   2.597910   2.597491     2.1603     2.6247      8.094     0.8251     0.7401 1.1004e-01    -0.1011   102.5597     8.4157     8.7737    32.0898    32.0899    25.7985    25.7988    8.45767 0.0000e+00
       2330     63.126    -1.1176    -1.1222   2.597912   2.597509     2.1595     2.6239      8.094     0.8145     0.6612 1.1303e-01    -0.1011   102.5597     8.4064     8.7721    32.0903    32.0897    25.7989    25.7986    8.45775 0.0000e+00
       2333     63.218    -1.1178    -1.1226   2.597917   2.597494     2.1591     2.6239      8.094     0.8145     0.6217 1.0941e-01    -0.1011   102.5597     8.4016     8.7713    32.0905    32.0899    25.7991    25.7987    8.45779 0.0000e+00
       2336     63.314    -1.1177    -1.1230   2.597887   2.597473     2.1595     2.6239      8.094     0.8357     0.0690 1.0992e-01    -0.1011   102.5597     8.4038     8.7724    32.0900    32.0900    25.7986    25.7988    8.45781 0.0000e+00
       2339     63.415    -1.1177    -1.1234   2.597903   2.597460     2.1599     2.6239      8.094     0.8357     0.1084 1.0740e-01    -0.1022   102.5868     8.4077     8.7731    32.0901    32.0902    25.7987    25.7989    8.45779 0.0000e+00
       2342     63.520    -1.1181    -1.1235   2.597884   2.597490     2.1599     2.6239      8.094     0.8357     0.1084 1.0891e-01    -0.1022   102.5868     8.4098     8.7734    32.0902    32.0906    25.7989    25.7993    8.45787 0.0000e+00
       2345     63.628    -1.1181    -1.1231   2.597917   2.597478     2.1595     2.6235      8.094     0.8357     0.1084 1.0727e-01    -0.1022   102.5868     8.4109     8.7724    32.0906    32.0900    25.7992    25.7988    8.45786 0.0000e+00
       2348     63.744    -1.1182    -1.1232   2.597923   2.597530     2.1587     2.6239      8.094     0.8251     0.0295 1.0752e-01    -0.1018   102.5778     8.4107     8.7726    32.0907    32.0907    25.7993    25.7994    8.45787 0.0000e+00
       2351     63.863    -1.1181    -1.1229   2.597933   2.597528     2.1595     2.6243      8.094     0.8463     0.1084 1.0740e-01    -0.1018   102.5778     8.4151     8.7745    32.0907    32.0903    25.7992    25.7991    8.45784 0.0000e+00
       2354     63.986    -1.1181    -1.1226   2.597913   2.597544     2.1579     2.6231      8.094     0.8357     0.1479 1.0765e-01    -0.1018   102.5778     8.4109     8.7728    32.0903    32.0902    25.7989    25.7989    8.45787 0.0000e+00
       2357     64.115    -1.1178    -1.1223   2.597931   2.597573     2.1587     2.6231      8.094     0.7828     0.1084 1.0752e-01    -0.1015   102.5687     8.4179     8.7701    32.0902    32.0901    25.7988    25.7989    8.45781 0.0000e+00
       2360     64.247    -1.1171    -1.1221   2.597978   2.597579     2.1587     2.6239      8.092     0.7934     0.0690 1.0752e-01    -0.1011   102.5597     8.4149     8.7724    32.0900    32.0899    25.7987    25.7987    8.45766 0.0000e+00
       2363     64.383    -1.1167    -1.1218   2.597977   2.597582     2.1595     2.6227      8.094     0.7934    -0.0100 1.0752e-01    -0.1015   102.5687     8.4177     8.7701    32.0895    32.0896    25.7982    25.7984    8.45761 0.0000e+00
       2366     64.518    -1.1171    -1.1221   2.598031   2.597606     2.1587     2.6227      8.092     0.8040     0.0295 1.0727e-01    -0.1015   102.5687     8.4136     8.7696    32.0906    32.0902    25.7991    25.7989    8.45763 0.0000e+00
       2369     64.656    -1.1170    -1.1221   2.598025   2.597610     2.1583     2.6227      8.094     0.7934     0.0295 1.0752e-01    -0.1015   102.5687     8.4138     8.7692    32.0903    32.0901    25.7988    25.7989    8.45762 0.0000e+00
       2372     64.796    -1.1170    -1.1219   2.598038   2.597613     2.1587     2.6227      8.094     0.7934     0.0295 1.0752e-01    -0.1015   102.5687     8.4163     8.7701    32.0904    32.0898    25.7989    25.7986    8.45761 0.0000e+00
       2375     64.941    -1.1172    -1.1221   2.598040   2.597596     2.1587     2.6231      8.094     0.7934     0.0295 1.0752e-01    -0.1015   102.5687     8.4167     8.7722    32.0905    32.0897    25.7991    25.7986    8.45765 0.0000e+00
       2378     65.087    -1.1172    -1.1221   2.598035   2.597612     2.1595     2.6235      8.091     0.7934     0.0295 1.0752e-01    -0.1025   102.5959     8.4205     8.7752    32.0903    32.0899    25.7989    25.7987    8.45765 0.0000e+00
       2381     65.233    -1.1170    -1.1224   2.598046   2.597631     2.1591     2.6215      8.092     0.8040     0.0295 1.0752e-01    -0.1025   102.5959     8.4145     8.7660    32.0902    32.0904    25.7988    25.7991    8.45762 0.0000e+00
       2384     65.376    -1.1172    -1.1224   2.598052   2.597625     2.1579     2.6227      8.091     0.8145     0.0295 1.0752e-01    -0.1025   102.5959     8.4040     8.7739    32.0904    32.0902    25.7990    25.7990    8.45765 0.0000e+00
       2387     65.522    -1.1174    -1.1226   2.598054   2.597633     2.1579     2.6235      8.092     0.8251    -0.1284 1.0752e-01    -0.1025   102.5959     8.4016     8.7790    32.0906    32.0905    25.7992    25.7992    8.45770 0.0000e+00
       2390     65.669    -1.1175    -1.1224   2.598067   2.597632     2.1575     2.6219      8.091     0.8251    -0.0889 1.0752e-01    -0.1025   102.5959     8.3982     8.7737    32.0908    32.0901    25.7993    25.7989    8.45771 0.0000e+00
       2393     65.813    -1.1175    -1.1229   2.598076   2.597660     2.1583     2.6223      8.091     0.8357    -0.1284 1.0752e-01    -0.1025   102.5959     8.4023     8.7767    32.0908    32.0910    25.7993    25.7996    8.45770 0.0000e+00
       2396     65.955    -1.1179    -1.1231   2.598069   2.597643     2.1583     2.6223      8.092     0.8040    -0.2074 1.0752e-01    -0.1018   102.5778     8.3999     8.7778    32.0910    32.0909    25.7995    25.7995    8.45778 0.0000e+00
       2399     66.095    -1.1183    -1.1232   2.598086   2.597657     2.1579     2.6215      8.091     0.8145    -0.0889 1.0752e-01    -0.1015   102.5687     8.3986     8.7759    32.0916    32.0910    25.8000    25.7996    8.45784 0.0000e+00
       2402     66.233    -1.1181    -1.1233   2.598070   2.597669     2.1579     2.6223      8.091     0.8251    -0.0889 1.0752e-01    -0.1015   102.5687     8.4004     8.7817    32.0912    32.0912    25.7996    25.7998    8.45782 0.0000e+00
