Datasets/AZMP/TEL210/tel210_2020_049.cnv
* Sea-Bird SBE 9 Data File:
* FileName = C:\CTDDATA\tel210_2020_049.hex
* Software Version Seasave V 7.26.7.110
* Temperature SN = 1697
* Conductivity SN = 4216
* Number of Bytes Per Scan = 30
* Number of Voltage Words = 4
* Number of Scans Averaged by the Deck Unit = 1
* NMEA baud rate = 4800
** VESSEL/TRIP/SEQ STN:  tel210_2020_049
** LATITUDE XX XX.XX: 49 31.00 N
** LONGITUDE XX XX.XX: 050 32.00 W
** SOUNDING DEPTH (M): 0330
** PROBE TYPE: S1146
** CTD NUMBER: 039
** COMMENTS (14 CHAR): BB-10
** BOTTLES:  10
** LEVELS: 5,10,20,30,40,50,75,100,150,BTM
** STICKERS: 436023 - 436032
** VNET: Y
** DO2: Y
# nquan = 22
# nvalues = 7754                        
# units = specified
# name 0 = scan: Scan Count
# name 1 = prDM: Pressure, Digiquartz [db]
# name 2 = t090C: Temperature [ITS-90, deg C]
# name 3 = t190C: Temperature, 2 [ITS-90, deg C]
# name 4 = c0S/m: Conductivity [S/m]
# name 5 = c1S/m: Conductivity, 2 [S/m]
# name 6 = sbeox0V: Oxygen raw, SBE 43 [V]
# name 7 = sbeox1V: Oxygen raw, SBE 43, 2 [V]
# name 8 = ph: pH
# name 9 = flECO-AFL: Fluorescence, WET Labs ECO-AFL/FL [mg/m^3]
# name 10 = wetCDOM: Fluorescence, WET Labs CDOM [mg/m^3]
# name 11 = par/sat/log: PAR/Logarithmic, Satlantic [umol photons/m^2/sec]
# name 12 = CStarAt0: Beam Attenuation, WET Labs C-Star [1/m]
# name 13 = CStarTr0: Beam Transmission, WET Labs C-Star [%]
# name 14 = sbeox0ML/L: Oxygen, SBE 43 [ml/l], WS = 2
# name 15 = sbeox1ML/L: Oxygen, SBE 43, 2 [ml/l], WS = 2
# name 16 = sal00: Salinity, Practical [PSU]
# name 17 = sal11: Salinity, Practical, 2 [PSU]
# name 18 = sigma-t00: Density [sigma-t, kg/m^3 ]
# name 19 = sigma-t11: Density, 2 [sigma-t, kg/m^3 ]
# name 20 = oxsatML/L: Oxygen Saturation, Weiss [ml/l]
# name 21 = flag: flag
# span 0 =          2,      57012       
# span 1 =      1.386,    334.154       
# span 2 =     0.1005,     9.9663       
# span 3 =     0.0810,     9.9555       
# span 4 =   2.770053,   3.566927       
# span 5 =   2.769259,   3.565620       
# span 6 =     1.9041,     2.5352       
# span 7 =     2.2965,     3.1167       
# span 8 =      7.985,      8.274       
# span 9 =     0.6346,    16.4865       
# span 10 =    -2.8130,   482.1870      
# span 11 = 1.0715e-01, 7.6397e+02      
# span 12 =    -0.1355,     2.0095      
# span 13 =    60.5091,   103.4459      
# span 14 =     6.3543,    10.1851      
# span 15 =     6.6365,    10.7188      
# span 16 =    32.1592,    34.7310      
# span 17 =    32.5004,    34.7321      
# span 18 =    24.9605,    27.6360      
# span 19 =    25.0506,    27.6373      
# span 20 =    6.42161,    8.12381      
# span 21 = 0.0000e+00, 0.0000e+00      
# interval = scans: 3                   
# start_time = Jul 20 2020 21:03:17 [System UTC, header]
# bad_flag = -9.990e-29
*END*
[from data line 2371]
       7860    248.029     3.3608     3.3599   3.181672   3.181408     1.9659     2.3722      8.009     0.7722     4.4117 1.0715e-01    -0.1219   103.0932     6.5755     6.8404    34.6625    34.6603    27.5818    27.5801    7.39601 0.0000e+00
       7863    248.115     3.3626     3.3600   3.181690   3.181405     1.9663     2.3726      8.009     0.7510     4.4117 1.0715e-01    -0.1222   103.1023     6.5761     6.8424    34.6607    34.6600    27.5801    27.5799    7.39577 0.0000e+00
       7866    248.204     3.3635     3.3596   3.181683   3.181414     1.9663     2.3714      8.009     0.7722     4.4117 1.0715e-01    -0.1222   103.1023     6.5728     6.8411    34.6597    34.6605    27.5793    27.5803    7.39566 0.0000e+00
       7869    248.295     3.3641     3.3596   3.181713   3.181409     1.9655     2.3714      8.009     0.7616     4.4117 1.0715e-01    -0.1226   103.1113     6.5661     6.8430    34.6593    34.6604    27.5789    27.5802    7.39556 0.0000e+00
       7872    248.389     3.3641     3.3596   3.181709   3.181379     1.9655     2.3718      8.009     0.7722     4.4117 1.0727e-01    -0.1254   103.1837     6.5645     6.8443    34.6592    34.6601    27.5788    27.5799    7.39556 0.0000e+00
       7875    248.489     3.3645     3.3598   3.181714   3.181420     1.9659     2.3726      8.009     0.7510     4.4117 1.0715e-01    -0.1257   103.1927     6.5637     6.8475    34.6588    34.6603    27.5784    27.5801    7.39551 0.0000e+00
       7878    248.590     3.3643     3.3592   3.181643   3.181372     1.9659     2.3718      8.009     0.7299     4.4117 1.0715e-01    -0.1254   103.1837     6.5649     6.8453    34.6581    34.6603    27.5779    27.5801    7.39559 0.0000e+00
       7881    248.694     3.3638     3.3585   3.181517   3.181259     1.9655     2.3714      8.009     0.7510     4.4117 1.0715e-01    -0.1257   103.1927     6.5594     6.8461    34.6571    34.6597    27.5771    27.5797    7.39573 0.0000e+00
       7884    248.803     3.3629     3.3569   3.181339   3.181062     1.9672     2.3722      8.009     0.7405     3.3852 1.0715e-01    -0.1257   103.1927     6.5657     6.8510    34.6558    34.6589    27.5762    27.5792    7.39596 0.0000e+00
       7887    248.913     3.3616     3.3548   3.181163   3.180868     1.9659     2.3726      8.009     0.7405     1.7271 1.0715e-01    -0.1254   103.1837     6.5618     6.8556    34.6550    34.6587    27.5757    27.5793    7.39623 0.0000e+00
       7890    249.026     3.3598     3.3514   3.180880   3.180505     1.9659     2.3726      8.009     0.7299     1.8060 1.0715e-01    -0.1250   103.1746     6.5649     6.8565    34.6535    34.6579    27.5747    27.5790    7.39665 0.0000e+00
       7893    249.140     3.3570     3.3466   3.180508   3.180082     1.9659     2.3718      8.009     0.7299     1.8060 1.0715e-01    -0.1236   103.1385     6.5670     6.8523    34.6519    34.6578    27.5736    27.5794    7.39723 0.0000e+00
       7896    249.265     3.3545     3.3460   3.180523   3.180218     1.9651     2.3722      8.009     0.7299     1.8060 1.0715e-01    -0.1243   103.1566     6.5634     6.8532    34.6547    34.6601    27.5761    27.5813    7.39756 0.0000e+00
       7899    249.390     3.3530     3.3474   3.180643   3.180324     1.9651     2.3730      8.009     0.7299     1.8060 1.0715e-01    -0.1240   103.1475     6.5639     6.8559    34.6577    34.6598    27.5787    27.5809    7.39769 0.0000e+00
       7902    249.519     3.3528     3.3483   3.180666   3.180426     1.9659     2.3726      8.009     0.7616     1.8060 1.0715e-01    -0.1236   103.1385     6.5691     6.8563    34.6581    34.6600    27.5790    27.5809    7.39771 0.0000e+00
       7905    249.650     3.3531     3.3492   3.180783   3.180593     1.9651     2.3726      8.009     0.7510     1.8060 1.0715e-01    -0.1240   103.1475     6.5655     6.8545    34.6591    34.6610    27.5797    27.5817    7.39760 0.0000e+00
       7908    249.784     3.3539     3.3516   3.181036   3.180827     1.9659     2.3726      8.009     0.7616     1.8060 1.0715e-01    -0.1240   103.1475     6.5707     6.8517    34.6612    34.6612    27.5814    27.5816    7.39735 0.0000e+00
       7911    249.924     3.3548     3.3519   3.181057   3.180832     1.9659     2.3734      8.009     0.7722     0.2269 1.0715e-01    -0.1229   103.1204     6.5735     6.8534    34.6604    34.6608    27.5807    27.5812    7.39722 0.0000e+00
       7914    250.066     3.3552     3.3510   3.181007   3.180764     1.9663     2.3718      8.009     0.7616    -0.4838 1.0715e-01    -0.1229   103.1204     6.5755     6.8479    34.6594    34.6609    27.5798    27.5814    7.39721 0.0000e+00
       7917    250.210     3.3552     3.3499   3.180972   3.180632     1.9659     2.3726      8.009     0.7616    -0.4443 1.0715e-01    -0.1226   103.1113     6.5738     6.8514    34.6589    34.6604    27.5794    27.5811    7.39723 0.0000e+00
       7920    250.353     3.3548     3.3482   3.180866   3.180505     1.9663     2.3730      8.009     0.7616    -0.4443 1.0715e-01    -0.1226   103.1113     6.5761     6.8512    34.6579    34.6606    27.5786    27.5814    7.39734 0.0000e+00
       7923    250.501     3.3536     3.3470   3.180750   3.180419     1.9659     2.3726      8.009     0.7828    -0.4443 1.0715e-01    -0.1226   103.1113     6.5721     6.8505    34.6577    34.6608    27.5786    27.5817    7.39758 0.0000e+00
       7926    250.645     3.3528     3.3467   3.180755   3.180442     1.9663     2.3734      8.009     0.7616    -0.4443 1.0715e-01    -0.1229   103.1204     6.5733     6.8528    34.6585    34.6612    27.5794    27.5821    7.39768 0.0000e+00
       7929    250.799     3.3527     3.3476   3.180864   3.180598     1.9663     2.3726      8.009     0.7405    -0.4443 1.0715e-01    -0.1226   103.1113     6.5725     6.8486    34.6599    34.6621    27.5805    27.5827    7.39764 0.0000e+00
       7932    250.946     3.3527     3.3493   3.181037   3.180798     1.9663     2.3726      8.009     0.7299    -0.4443 1.0715e-01    -0.1243   103.1566     6.5697     6.8482    34.6619    34.6626    27.5821    27.5829    7.39754 0.0000e+00
       7935    251.094     3.3536     3.3506   3.181195   3.180922     1.9659     2.3722      8.009     0.7299    16.5317 1.0715e-01    -0.1247   103.1656     6.5668     6.8474    34.6628    34.6626    27.5826    27.5828    7.39733 0.0000e+00
       7938    251.240     3.3549     3.3517   3.181472   3.181076     1.9659     2.3726      8.009     0.7405   439.0759 1.0715e-01    -0.1247   103.1656     6.5680     6.8496    34.6647    34.6633    27.5840    27.5832    7.39700 0.0000e+00
       7941    251.384     3.3571     3.3546   3.181829   3.181423     1.9659     2.3730      8.009     0.7299   481.2395 1.0715e-01    -0.1247   103.1656     6.5692     6.8512    34.6665    34.6642    27.5853    27.5837    7.39649 0.0000e+00
       7944    251.529     3.3592     3.3575   3.181926   3.181644     1.9663     2.3726      8.009     0.7299   481.1211 1.0715e-01    -0.1247   103.1656     6.5715     6.8521    34.6654    34.6638    27.5842    27.5831    7.39617 0.0000e+00
       7947    251.668     3.3609     3.3580   3.181969   3.181683     1.9659     2.3730      8.009     0.7299   481.3579 1.0715e-01    -0.1247   103.1656     6.5719     6.8548    34.6640    34.6636    27.5829    27.5829    7.39592 0.0000e+00
       7950    251.802     3.3616     3.3574   3.181951   3.181634     1.9659     2.3718      8.009     0.7299   481.3184 1.0727e-01    -0.1240   103.1475     6.5720     6.8514    34.6630    34.6636    27.5820    27.5829    7.39584 0.0000e+00
       7953    251.933     3.3624     3.3569   3.182155   3.181626     1.9663     2.3726      8.009     0.7405   481.3184 1.0715e-01    -0.1226   103.1113     6.5744     6.8554    34.6645    34.6640    27.5831    27.5833    7.39561 0.0000e+00
       7956    252.058     3.3635     3.3583   3.182231   3.181794     1.9655     2.3726      8.009     0.7299   481.3579 1.0715e-01    -0.1222   103.1023     6.5738     6.8559    34.6642    34.6644    27.5828    27.5835    7.39543 0.0000e+00
       7959    252.177     3.3643     3.3600   3.182270   3.181947     1.9663     2.3726      8.009     0.7299   481.3579 1.0715e-01    -0.1219   103.0932     6.5774     6.8547    34.6638    34.6644    27.5824    27.5833    7.39531 0.0000e+00
       7962    252.291     3.3646     3.3605   3.182322   3.182020     1.9668     2.3730      8.009     0.7299   371.9220 1.0715e-01    -0.1226   103.1113     6.5793     6.8556    34.6639    34.6647    27.5825    27.5836    7.39523 0.0000e+00
       7965    252.400     3.3650     3.3604   3.182321   3.182007     1.9663     2.3738      8.009     0.7405    -2.3393 1.0715e-01    -0.1222   103.1023     6.5768     6.8596    34.6634    34.6646    27.5821    27.5834    7.39519 0.0000e+00
       7968    252.505     3.3653     3.3605   3.182309   3.181991     1.9668     2.3738      8.009     0.7299    -2.4577 1.0715e-01    -0.1226   103.1113     6.5782     6.8608    34.6630    34.6643    27.5817    27.5832    7.39517 0.0000e+00
       7971    252.603     3.3656     3.3607   3.182327   3.182010     1.9668     2.3734      8.009     0.7405    -1.4707 1.0715e-01    -0.1222   103.1023     6.5799     6.8597    34.6628    34.6642    27.5815    27.5831    7.39511 0.0000e+00
       7974    252.700     3.3655     3.3608   3.182320   3.182029     1.9664     2.3726      8.009     0.7299    -1.5102 1.0715e-01    -0.1236   103.1385     6.5782     6.8548    34.6627    34.6642    27.5814    27.5831    7.39513 0.0000e+00
       7977    252.793     3.3657     3.3602   3.182316   3.181950     1.9668     2.3734      8.009     0.7299    -1.5102 1.0715e-01    -0.1236   103.1385     6.5802     6.8540    34.6624    34.6639    27.5812    27.5829    7.39511 0.0000e+00
       7980    252.883     3.3655     3.3600   3.182369   3.181958     1.9672     2.3730      8.009     0.7299    -1.5102 1.0715e-01    -0.1236   103.1385     6.5817     6.8508    34.6633    34.6642    27.5819    27.5832    7.39511 0.0000e+00
       7983    252.970     3.3656     3.3603   3.182340   3.181988     1.9664     2.3730      8.009     0.7405    -1.5102 1.0715e-01    -0.1236   103.1385     6.5771     6.8493    34.6627    34.6641    27.5815    27.5831    7.39511 0.0000e+00
       7986    253.053     3.3656     3.3609   3.182326   3.182126     1.9668     2.3734      8.009     0.7299    -1.5102 1.0715e-01    -0.1236   103.1385     6.5772     6.8483    34.6625    34.6651    27.5813    27.5838    7.39513 0.0000e+00
       7989    253.135     3.3657     3.3627   3.182389   3.182320     1.9664     2.3738      8.009     0.7299     0.1479 1.0715e-01    -0.1236   103.1385     6.5764     6.8501    34.6632    34.6655    27.5818    27.5840    7.39508 0.0000e+00
       7992    253.212     3.3662     3.3638   3.182622   3.182379     1.9672     2.3734      8.009     0.7405     1.8455 1.0715e-01    -0.1236   103.1385     6.5788     6.8478    34.6653    34.6650    27.5835    27.5834    7.39487 0.0000e+00
       7995    253.287     3.3674     3.3642   3.182632   3.182432     1.9672     2.3734      8.009     0.7193     1.8060 1.0715e-01    -0.1243   103.1566     6.5796     6.8473    34.6642    34.6651    27.5825    27.5835    7.39472 0.0000e+00
       7998    253.365     3.3679     3.3648   3.182687   3.182469     1.9672     2.3726      8.009     0.7299     1.8060 1.0715e-01    -0.1236   103.1385     6.5785     6.8456    34.6643    34.6649    27.5825    27.5833    7.39462 0.0000e+00
       8001    253.441     3.3686     3.3658   3.182757   3.182595     1.9672     2.3726      8.011     0.7510     1.7665 1.0715e-01    -0.1236   103.1385     6.5771     6.8441    34.6643    34.6654    27.5824    27.5836    7.39449 0.0000e+00
       8004    253.519     3.3694     3.3659   3.182861   3.182641     1.9672     2.3730      8.009     0.7299     1.8060 1.0727e-01    -0.1243   103.1566     6.5745     6.8462    34.6647    34.6658    27.5827    27.5838    7.39433 0.0000e+00
       8007    253.597     3.3698     3.3663   3.182888   3.182646     1.9676     2.3730      8.009     0.7087     1.8060 1.0715e-01    -0.1240   103.1475     6.5758     6.8444    34.6645    34.6654    27.5825    27.5835    7.39426 0.0000e+00
       8010    253.679     3.3702     3.3666   3.182871   3.182654     1.9668     2.3730      8.009     0.6981     1.8060 1.0715e-01    -0.1236   103.1385     6.5703     6.8463    34.6639    34.6651    27.5819    27.5833    7.39422 0.0000e+00
       8013    253.767     3.3704     3.3673   3.182964   3.182776     1.9672     2.3730      8.009     0.6875     1.8060 1.0715e-01    -0.1240   103.1475     6.5711     6.8486    34.6647    34.6658    27.5826    27.5837    7.39414 0.0000e+00
       8016    253.854     3.3714     3.3676   3.183130   3.182812     1.9672     2.3718      8.009     0.7087     3.6221 1.0715e-01    -0.1240   103.1475     6.5709     6.8456    34.6656    34.6658    27.5832    27.5838    7.39391 0.0000e+00
       8019    253.948     3.3722     3.3677   3.183261   3.182872     1.9672     2.3730      8.011     0.6875     4.0959 1.0715e-01    -0.1240   103.1475     6.5710     6.8513    34.6662    34.6664    27.5836    27.5842    7.39372 0.0000e+00
       8022    254.046     3.3735     3.3703   3.183472   3.183208     1.9672     2.3730      8.011     0.7193     4.0564 1.0715e-01    -0.1240   103.1475     6.5693     6.8493    34.6674    34.6676    27.5844    27.5849    7.39343 0.0000e+00
       8025    254.146     3.3749     3.3720   3.183576   3.183256     1.9668     2.3730      8.011     0.7193     4.0564 1.0715e-01    -0.1236   103.1385     6.5658     6.8460    34.6671    34.6664    27.5841    27.5837    7.39319 0.0000e+00
       8028    254.249     3.3761     3.3723   3.183664   3.183300     1.9664     2.3722      8.011     0.6981     4.0564 1.0715e-01    -0.1240   103.1475     6.5647     6.8426    34.6668    34.6665    27.5837    27.5838    7.39298 0.0000e+00
       8031    254.357     3.3768     3.3725   3.183688   3.183308     1.9672     2.3726      8.009     0.7193     4.0564 1.0715e-01    -0.1236   103.1385     6.5703     6.8454    34.6663    34.6663    27.5832    27.5837    7.39289 0.0000e+00
       8034    254.468     3.3771     3.3729   3.183735   3.183389     1.9664     2.3738      8.009     0.7722     4.0564 1.0715e-01    -0.1243   103.1566     6.5688     6.8500    34.6665    34.6668    27.5833    27.5840    7.39281 0.0000e+00
       8037    254.584     3.3780     3.3757   3.184022   3.183797     1.9672     2.3730      8.009     0.7722     4.0564 1.0715e-01    -0.1243   103.1566     6.5736     6.8465    34.6689    34.6687    27.5852    27.5853    7.39253 0.0000e+00
       8040    254.705     3.3801     3.3794   3.184422   3.184155     1.9676     2.3726      8.009     0.7616     3.9774 1.0715e-01    -0.1247   103.1656     6.5763     6.8437    34.6715    34.6690    27.5870    27.5851    7.39202 0.0000e+00
       8043    254.829     3.3831     3.3819   3.184679   3.184377     1.9668     2.3730      8.009     0.7616     3.2668 1.0715e-01    -0.1247   103.1656     6.5755     6.8416    34.6713    34.6689    27.5866    27.5849    7.39148 0.0000e+00
       8046    254.954     3.3852     3.3824   3.184746   3.184416     1.9664     2.3714      8.009     0.7510     3.2273 1.0715e-01    -0.1243   103.1566     6.5774     6.8385    34.6698    34.6687    27.5852    27.5846    7.39117 0.0000e+00
       8049    255.084     3.3873     3.3850   3.185145   3.184776     1.9664     2.3718      8.009     0.7616     3.2273 1.0715e-01    -0.1240   103.1475     6.5794     6.8393    34.6723    34.6702    27.5870    27.5856    7.39066 0.0000e+00
       8052    255.215     3.3899     3.3884   3.185330   3.185054     1.9672     2.3726      8.011     0.7722     3.2273 1.0715e-01    -0.1236   103.1385     6.5834     6.8417    34.6716    34.6699    27.5862    27.5850    7.39021 0.0000e+00
