Datasets/AZMP/TEL210/tel210_2020_016.cnv
* Sea-Bird SBE 9 Data File:
* FileName = C:\CTDDATA\tel210_2020_016.hex
* Software Version Seasave V 7.26.7.110
* Temperature SN = 1697
* Conductivity SN = 4216
* Number of Bytes Per Scan = 30
* Number of Voltage Words = 4
* Number of Scans Averaged by the Deck Unit = 1
* NMEA baud rate = 4800
** VESSEL/TRIP/SEQ STN:  tel210_2020_016
** LATITUDE XX XX.XX: 47 00.00 N
** LONGITUDE XX XX.XX: 047 30.00 W
** SOUNDING DEPTH (M): 0215
** PROBE TYPE: S1146
** CTD NUMBER: 015
** COMMENTS (14 CHAR): FC-14
** BOTTLES:  10
** LEVELS: 5,10,20,30,40,50,75,100,150,BTM
** STICKERS: 435838 - 435847
** VNET: Y
** DO2: Y
# nquan = 22
# nvalues = 4496                        
# units = specified
# name 0 = scan: Scan Count
# name 1 = prDM: Pressure, Digiquartz [db]
# name 2 = t090C: Temperature [ITS-90, deg C]
# name 3 = t190C: Temperature, 2 [ITS-90, deg C]
# name 4 = c0S/m: Conductivity [S/m]
# name 5 = c1S/m: Conductivity, 2 [S/m]
# name 6 = sbeox0V: Oxygen raw, SBE 43 [V]
# name 7 = sbeox1V: Oxygen raw, SBE 43, 2 [V]
# name 8 = ph: pH
# name 9 = flECO-AFL: Fluorescence, WET Labs ECO-AFL/FL [mg/m^3]
# name 10 = wetCDOM: Fluorescence, WET Labs CDOM [mg/m^3]
# name 11 = par/sat/log: PAR/Logarithmic, Satlantic [umol photons/m^2/sec]
# name 12 = CStarAt0: Beam Attenuation, WET Labs C-Star [1/m]
# name 13 = CStarTr0: Beam Transmission, WET Labs C-Star [%]
# name 14 = sbeox0ML/L: Oxygen, SBE 43 [ml/l], WS = 2
# name 15 = sbeox1ML/L: Oxygen, SBE 43, 2 [ml/l], WS = 2
# name 16 = sal00: Salinity, Practical [PSU]
# name 17 = sal11: Salinity, Practical, 2 [PSU]
# name 18 = sigma-t00: Density [sigma-t, kg/m^3 ]
# name 19 = sigma-t11: Density, 2 [sigma-t, kg/m^3 ]
# name 20 = oxsatML/L: Oxygen Saturation, Weiss [ml/l]
# name 21 = flag: flag
# span 0 =        128,      36830       
# span 1 =      0.423,    212.470       
# span 2 =    -1.6633,    10.2342       
# span 3 =    -1.6687,    10.2310       
# span 4 =   0.692760,   3.519273       
# span 5 =   0.862554,   3.519017       
# span 6 =     1.8582,     2.3889       
# span 7 =     2.2440,     2.9133       
# span 8 =      7.803,      8.176       
# span 9 =    -0.6325,     6.9072       
# span 10 =    -2.8130,   482.1870      
# span 11 = 1.0678e-01, 9.3402e+01      
# span 12 =    -0.1519,     0.4055      
# span 13 =    90.3605,   103.8710      
# span 14 =     6.2115,     8.7986      
# span 15 =     6.2604,     9.3556      
# span 16 =     5.4390,    34.1079      
# span 17 =     6.8829,    34.1083      
# span 18 =     3.9295,    27.2690      
# span 19 =     5.0527,    27.2697      
# span 20 =    6.41373,    8.55056      
# span 21 = 0.0000e+00, 0.0000e+00      
# interval = scans: 3                   
# start_time = Jul 16 2020 19:00:51 [System UTC, header]
# bad_flag = -9.990e-29
*END*
[from data line 2371]
      10445    190.623     1.8137     1.8090   2.998468   2.998060     1.9653     2.3886      7.944    -0.5816   481.2395 1.0740e-01    -0.1015   102.5687     6.8336     7.1870    34.0973    34.0972    27.2627    27.2630    7.72019 0.0000e+00
      10448    190.544     1.8139     1.8090   2.998486   2.998036     1.9649     2.3882      7.945    -0.5816   481.2790 1.0752e-01    -0.1015   102.5687     6.8319     7.1856    34.0973    34.0969    27.2626    27.2627    7.72014 0.0000e+00
      10451    190.478     1.8140     1.8088   2.998489   2.998027     1.9653     2.3882      7.947    -0.5714   100.2273 1.0740e-01    -0.1018   102.5778     6.8338     7.1872    34.0973    34.0971    27.2627    27.2629    7.72013 0.0000e+00
      10454    190.424     1.8139     1.8089   2.998472   2.998054     1.9649     2.3874      7.944    -0.5816     3.0299 1.0740e-01    -0.1015   102.5687     6.8308     7.1839    34.0972    34.0974    27.2626    27.2631    7.72016 0.0000e+00
      10457    190.384     1.8138     1.8094   2.998432   2.998118     1.9653     2.3874      7.944    -0.5816     7.4516 1.0752e-01    -0.1015   102.5687     6.8302     7.1857    34.0968    34.0977    27.2622    27.2633    7.72019 0.0000e+00
      10534    190.324     1.8120     1.8087   2.998208   2.997962     1.9653     2.3874      7.945    -0.5816    -1.6286 1.0752e-01    -0.1103   102.7948     6.8231     7.1697    34.0960    34.0964    27.2618    27.2623    7.72060 0.0000e+00
      10537    190.227     1.8112     1.8075   2.998123   2.997803     1.9649     2.3882      7.947    -0.5816    -1.6286 1.0727e-01    -0.1103   102.7948     6.8180     7.1731    34.0959    34.0958    27.2617    27.2619    7.72077 0.0000e+00
      10540    190.114     1.8107     1.8066   2.998046   2.997658     1.9649     2.3886      7.947    -0.5816    -1.6286 1.0740e-01    -0.1103   102.7948     6.8165     7.1742    34.0955    34.0951    27.2614    27.2614    7.72088 0.0000e+00
      10543    189.995     1.8109     1.8060   2.998057   2.997620     1.9657     2.3882      7.947    -0.6019    -1.6286 1.0727e-01    -0.1127   102.8581     6.8219     7.1738    34.0954    34.0953    27.2614    27.2616    7.72083 0.0000e+00
      10546    189.866     1.8114     1.8060   2.998097   2.997614     1.9645     2.3874      7.945    -0.5816    -1.6286 1.0740e-01    -0.1162   102.9486     6.8190     7.1725    34.0955    34.0952    27.2614    27.2616    7.72074 0.0000e+00
      10549    189.725     1.8111     1.8060   2.998009   2.997582     1.9645     2.3886      7.944    -0.5918    -1.7076 1.0740e-01    -0.1162   102.9486     6.8220     7.1774    34.0948    34.0950    27.2609    27.2614    7.72084 0.0000e+00
      10552    189.578     1.8104     1.8054   2.997904   2.997506     1.9649     2.3886      7.945    -0.5918    -1.6286 1.0727e-01    -0.1162   102.9486     6.8243     7.1806    34.0943    34.0947    27.2605    27.2612    7.72100 0.0000e+00
      10555    189.423     1.8100     1.8061   2.997830   2.997597     1.9645     2.3874      7.945    -0.6019     0.5822 1.0752e-01    -0.1162   102.9486     6.8264     7.1757    34.0939    34.0952    27.2603    27.2615    7.72110 0.0000e+00
      10558    189.260     1.8095     1.8056   2.997776   2.997473     1.9645     2.3874      7.947    -0.5714     2.3193 1.0752e-01    -0.1162   102.9486     6.8299     7.1760    34.0938    34.0943    27.2602    27.2608    7.72120 0.0000e+00
      10561    189.097     1.8093     1.8046   2.997748   2.997359     1.9640     2.3882      7.947    -0.5816     2.2798 1.0752e-01    -0.1162   102.9486     6.8274     7.1797    34.0939    34.0940    27.2603    27.2607    7.72125 0.0000e+00
      10564    188.928     1.8094     1.8047   2.997745   2.997368     1.9649     2.3874      7.947    -0.5918     2.2798 1.0740e-01    -0.1141   102.8943     6.8345     7.1783    34.0937    34.0941    27.2601    27.2608    7.72122 0.0000e+00
      10567    188.753     1.8092     1.8044   2.997705   2.997287     1.9649     2.3874      7.947    -0.5918     2.2798 1.0740e-01    -0.1131   102.8672     6.8365     7.1815    34.0936    34.0935    27.2600    27.2604    7.72128 0.0000e+00
      10570    188.581     1.8082     1.8026   2.997555   2.996874     1.9649     2.3878      7.947    -0.5918     2.2798 1.0740e-01    -0.1134   102.8762     6.8392     7.1845    34.0929    34.0903    27.2596    27.2579    7.72151 0.0000e+00
      10573    188.406     1.8067     1.7946   2.997175   2.995746     1.9645     2.3878      7.947    -0.5816     2.2798 1.0727e-01    -0.1131   102.8672     6.8363     7.1878    34.0898    34.0849    27.2572    27.2542    7.72197 0.0000e+00
      10576    188.233     1.7907     1.7830   2.994624   2.994244     1.9653     2.3878      7.947    -0.5816     2.2798 1.0752e-01    -0.1134   102.8762     6.8443     7.1933    34.0750    34.0785    27.2465    27.2500    7.72591 0.0000e+00
      10579    188.063     1.7710     1.7633   2.992737   2.991749     1.9657     2.3878      7.947    -0.5714     2.2798 1.0740e-01    -0.1134   102.8762     6.8511     7.1997    34.0727    34.0685    27.2462    27.2433    7.72995 0.0000e+00
      10582    187.893     1.7498     1.7425   2.990308   2.989982     1.9649     2.3886      7.948    -0.6019     3.8195 1.0740e-01    -0.1134   102.8762     6.8525     7.2088    34.0651    34.0688    27.2416    27.2451    7.73456 0.0000e+00
      10585    187.727     1.7366     1.7333   2.989268   2.989038     1.9641     2.3886      7.948    -0.5816     4.0564 1.0727e-01    -0.1148   102.9124     6.8513     7.2142    34.0663    34.0669    27.2436    27.2444    7.73712 0.0000e+00
      10588    187.563     1.7328     1.7275   2.989114   2.988647     1.9661     2.3882      7.948    -0.5816     4.0564 1.0740e-01    -0.1152   102.9214     6.8612     7.2156    34.0686    34.0683    27.2456    27.2459    7.73775 0.0000e+00
      10591    187.406     1.7271     1.7228   2.988252   2.988047     1.9649     2.3886      7.948    -0.5918     4.0564 1.0740e-01    -0.1152   102.9214     6.8586     7.2182    34.0639    34.0660    27.2423    27.2443    7.73912 0.0000e+00
      10594    187.257     1.7211     1.7164   2.987792   2.987542     1.9653     2.3886      7.948    -0.5816     4.0564 1.0752e-01    -0.1152   102.9214     6.8648     7.2195    34.0647    34.0666    27.2435    27.2453    7.74029 0.0000e+00
      10597    187.117     1.7217     1.7178   2.987986   2.987805     1.9653     2.3890      7.946    -0.5816     4.0564 1.0752e-01    -0.1152   102.9214     6.8669     7.2196    34.0666    34.0685    27.2449    27.2467    7.74007 0.0000e+00
      10600    186.979     1.7175     1.7193   2.987296   2.987694     1.9649     2.3886      7.948    -0.5816     4.0564 1.0752e-01    -0.1152   102.9214     6.8648     7.2177    34.0624    34.0655    27.2419    27.2442    7.74111 0.0000e+00
      10603    186.850     1.7131     1.7120   2.986949   2.986778     1.9657     2.3890      7.948    -0.5816     4.0564 1.0752e-01    -0.1177   102.9847     6.8730     7.2208    34.0629    34.0620    27.2426    27.2419    7.74197 0.0000e+00
      10606    186.729     1.7170     1.7102   2.987499   2.986740     1.9653     2.3899      7.948    -0.6019     3.7011 1.0740e-01    -0.1289   103.2741     6.8735     7.2233    34.0657    34.0635    27.2445    27.2433    7.74104 0.0000e+00
      10609    186.613     1.7159     1.7075   2.987167   2.986355     1.9665     2.3903      7.948    -0.5714     1.7666 1.0752e-01    -0.1289   103.2741     6.8782     7.2249    34.0628    34.0616    27.2423    27.2419    7.74142 0.0000e+00
      10612    186.500     1.7093     1.7076   2.986187   2.986443     1.9661     2.3899      7.948    -0.5816     1.8060 1.0740e-01    -0.1289   103.2741     6.8805     7.2219    34.0576    34.0627    27.2386    27.2428    7.74300 0.0000e+00
      10615    186.395     1.7047     1.7051   2.985758   2.985969     1.9661     2.3899      7.948    -0.5714     1.8060 1.0752e-01    -0.1289   103.2741     6.8832     7.2218    34.0572    34.0594    27.2387    27.2404    7.74394 0.0000e+00
      10618    186.298     1.7000     1.6960   2.985207   2.984889     1.9673     2.3899      7.948    -0.5816     1.8060 1.0752e-01    -0.1289   103.2741     6.8881     7.2248    34.0554    34.0557    27.2376    27.2381    7.74497 0.0000e+00
      10621    186.214     1.6973     1.6969   2.985003   2.984878     1.9665     2.3899      7.948    -0.5918     1.8060 1.0752e-01    -0.1289   103.2741     6.8854     7.2269    34.0558    34.0546    27.2381    27.2371    7.74549 0.0000e+00
      10624    186.134     1.6958     1.6987   2.985089   2.985041     1.9665     2.3903      7.948    -0.5714     1.8060 1.0752e-01    -0.1345   103.4188     6.8863     7.2286    34.0586    34.0548    27.2404    27.2372    7.74564 0.0000e+00
      10627    186.060     1.6962     1.6965   2.984740   2.985007     1.9673     2.3907      7.948    -0.5918     1.8060 1.0752e-01    -0.1418   103.6087     6.8893     7.2294    34.0538    34.0568    27.2365    27.2389    7.74581 0.0000e+00
      10630    185.992     1.6895     1.7043   2.983891   2.986119     1.9673     2.3903      7.948    -0.5918     1.8060 1.0752e-01    -0.1415   103.5997     6.8917     7.2271    34.0503    34.0625    27.2342    27.2429    7.74733 0.0000e+00
      10633    185.926     1.6819     1.7142   2.982992   2.987356     1.9673     2.3899      7.948    -0.5816     1.8455 1.0752e-01    -0.1415   103.5997     6.8913     7.2261    34.0472    34.0674    27.2323    27.2461    7.74901 0.0000e+00
      10636    185.861     1.6741     1.7240   2.982130   2.988199     1.9677     2.3903      7.948    -0.5816     1.9245 1.0752e-01    -0.1415   103.5997     6.8965     7.2269    34.0448    34.0675    27.2309    27.2455    7.75069 0.0000e+00
      10639    185.799     1.6737     1.7081   2.982245   2.986159     1.9677     2.3911      7.948    -0.6019     1.9245 1.0752e-01    -0.1411   103.5906     6.8944     7.2340    34.0467    34.0589    27.2325    27.2398    7.75067 0.0000e+00
      10642    185.744     1.6771     1.6960   2.982589   2.984931     1.9673     2.3919      7.948    -0.5816     1.9245 1.0752e-01    -0.1411   103.5906     6.8909     7.2414    34.0474    34.0565    27.2328    27.2387    7.74995 0.0000e+00
      10645    185.698     1.6777     1.6896   2.982358   2.984252     1.9685     2.3923      7.948    -0.5714     1.9245 1.0752e-01    -0.1442   103.6720     6.8996     7.2447    34.0439    34.0550    27.2299    27.2379    7.75002 0.0000e+00
      10648    185.657     1.6803     1.6964   2.982738   2.985121     1.9685     2.3915      7.948    -0.5816     1.9245 1.0752e-01    -0.1456   103.7082     6.8978     7.2387    34.0459    34.0586    27.2314    27.2403    7.74939 0.0000e+00
      10651    185.620     1.6892     1.6951   2.984071   2.984635     1.9685     2.3923      7.948    -0.5816     1.9245 1.0752e-01    -0.1456   103.7082     6.8936     7.2433    34.0531    34.0539    27.2365    27.2367    7.74724 0.0000e+00
      10654    185.583     1.6929     1.6964   2.984348   2.985168     1.9689     2.3923      7.948    -0.5918     1.9245 1.0752e-01    -0.1456   103.7082     6.8938     7.2419    34.0526    34.0592    27.2358    27.2408    7.74652 0.0000e+00
      10657    185.551     1.6969     1.7064   2.984533   2.986129     1.9685     2.3927      7.948    -0.6019     1.9245 1.0727e-01    -0.1456   103.7082     6.8888     7.2395    34.0507    34.0606    27.2340    27.2412    7.74584 0.0000e+00
      10660    185.521     1.6987     1.7075   2.984280   2.986019     1.9694     2.3923      7.948    -0.5918     1.8455 1.0752e-01    -0.1456   103.7082     6.8923     7.2337    34.0455    34.0580    27.2297    27.2390    7.74575 0.0000e+00
      10663    185.496     1.6919     1.6954   2.983520   2.984547     1.9685     2.3927      7.948    -0.5816     1.8060 1.0740e-01    -0.1456   103.7082     6.8880     7.2333    34.0433    34.0525    27.2284    27.2355    7.74721 0.0000e+00
      10705    185.308     1.7533     1.7335   2.987962   2.986676     1.9702     2.3935      7.943    -0.5816     0.5032 1.0752e-01    -0.1481   103.7715     6.8671     7.2156    34.0331    34.0383    27.2157    27.2214    7.73552 0.0000e+00
      10708    185.284     1.7526     1.7271   2.987974   2.986500     1.9689     2.3935      7.943    -0.5918     0.5032 1.0740e-01    -0.1488   103.7896     6.8621     7.2160    34.0341    34.0431    27.2166    27.2257    7.73561 0.0000e+00
      10711    185.255     1.7527     1.7262   2.987944   2.986489     1.9694     2.3935      7.943    -0.6019   108.4389 1.0752e-01    -0.1488   103.7896     6.8643     7.2143    34.0337    34.0439    27.2162    27.2264    7.73562 0.0000e+00
      10714    185.228     1.7530     1.7249   2.987913   2.986872     1.9698     2.3935      7.943    -0.5816   481.6343 1.0752e-01    -0.1488   103.7896     6.8652     7.2114    34.0330    34.0501    27.2156    27.2315    7.73560 0.0000e+00
      10717    185.197     1.7515     1.7287   2.987785   2.987084     1.9698     2.3927      7.943    -0.5918   480.8842 1.0752e-01    -0.1488   103.7896     6.8643     7.2084    34.0329    34.0487    27.2157    27.2300    7.73589 0.0000e+00
      10720    185.161     1.7509     1.7283   2.987787   2.987248     1.9689     2.3927      7.943    -0.5816   481.2000 1.0752e-01    -0.1488   103.7896     6.8562     7.2094    34.0337    34.0512    27.2163    27.2321    7.73598 0.0000e+00
      10723    185.121     1.7508     1.7317   2.987797   2.987755     1.9698     2.3944      7.943    -0.5816   481.2395 1.0752e-01    -0.1488   103.7896     6.8579     7.2149    34.0339    34.0539    27.2165    27.2340    7.73598 0.0000e+00
      10726    185.072     1.7507     1.7353   2.987814   2.987801     1.9698     2.3935      7.943    -0.5816   481.2395 1.0740e-01    -0.1477   103.7624     6.8566     7.2110    34.0342    34.0507    27.2168    27.2311    7.73598 0.0000e+00
      10729    185.020     1.7507     1.7376   2.987763   2.987855     1.9694     2.3935      7.943    -0.6019   481.2790 1.0752e-01    -0.1484   103.7805     6.8515     7.2087    34.0337    34.0489    27.2164    27.2296    7.73602 0.0000e+00
      10732    184.961     1.7500     1.7397   2.987654   2.987727     1.9698     2.3931      7.943    -0.5816   481.2395 1.0752e-01    -0.1481   103.7715     6.8537     7.2055    34.0331    34.0451    27.2159    27.2264    7.73618 0.0000e+00
      10735    184.899     1.7492     1.7412   2.987571   2.987500     1.9698     2.3931      7.943    -0.5816   481.2790 1.0740e-01    -0.1481   103.7715     6.8508     7.2063    34.0329    34.0406    27.2159    27.2226    7.73636 0.0000e+00
      10738    184.826     1.7452     1.7426   2.987081   2.987275     1.9685     2.3931      7.943    -0.5918   237.1801 1.0740e-01    -0.1488   103.7896     6.8463     7.2078    34.0310    34.0363    27.2147    27.2191    7.73724 0.0000e+00
      10741    184.751     1.7393     1.7415   2.986451   2.986910     1.9689     2.3923      7.943    -0.5918    -2.8130 1.0752e-01    -0.1484   103.7805     6.8506     7.2052    34.0296    34.0329    27.2140    27.2165    7.73850 0.0000e+00
      10744    184.674     1.7373     1.7372   2.986373   2.986247     1.9689     2.3935      7.943    -0.5816    -0.3258 1.0727e-01    -0.1477   103.7624     6.8506     7.2081    34.0307    34.0293    27.2150    27.2139    7.73883 0.0000e+00
      10747    184.591     1.7365     1.7318   2.986110   2.985632     1.9689     2.3935      7.943    -0.5816     0.0295 1.0740e-01    -0.1488   103.7896     6.8496     7.2099    34.0284    34.0274    27.2132    27.2127    7.73912 0.0000e+00
      10750    184.506     1.7316     1.7277   2.985605   2.985455     1.9685     2.3927      7.943    -0.5714     0.0295 1.0752e-01    -0.1488   103.7896     6.8510     7.2114    34.0274    34.0297    27.2127    27.2149    7.74015 0.0000e+00
