Datasets/AZMP/TEL210/tel210_2020_081.cnv
* Sea-Bird SBE 9 Data File:
* FileName = C:\CTDDATA\tel210_2020_081.hex
* Software Version Seasave V 7.26.7.110
* Temperature SN = 1697
* Conductivity SN = 4216
* Number of Bytes Per Scan = 30
* Number of Voltage Words = 4
* Number of Scans Averaged by the Deck Unit = 1
* NMEA baud rate = 4800
** VESSEL/TRIP/SEQ STN:  TEL210_2020_081
** LATITUDE XX XX.XX: 53 14.00 N
** LONGITUDE XX XX.XX: 55 39.00 W
** SOUNDING DEPTH (M): 0073
** PROBE TYPE: S1146
** CTD NUMBER: 051
** COMMENTS (14 CHAR): SI-01
** BOTTLES:  7
** LEVELS: 5,10,20,30,40,50,BTM
** STICKERS: 436114 - 436120
** VNET: Y
** DO2: N
# nquan = 22
# nvalues = 2168                        
# units = specified
# name 0 = scan: Scan Count
# name 1 = prDM: Pressure, Digiquartz [db]
# name 2 = t090C: Temperature [ITS-90, deg C]
# name 3 = t190C: Temperature, 2 [ITS-90, deg C]
# name 4 = c0S/m: Conductivity [S/m]
# name 5 = c1S/m: Conductivity, 2 [S/m]
# name 6 = sbeox0V: Oxygen raw, SBE 43 [V]
# name 7 = sbeox1V: Oxygen raw, SBE 43, 2 [V]
# name 8 = ph: pH
# name 9 = flECO-AFL: Fluorescence, WET Labs ECO-AFL/FL [mg/m^3]
# name 10 = wetCDOM: Fluorescence, WET Labs CDOM [mg/m^3]
# name 11 = par/sat/log: PAR/Logarithmic, Satlantic [umol photons/m^2/sec]
# name 12 = CStarAt0: Beam Attenuation, WET Labs C-Star [1/m]
# name 13 = CStarTr0: Beam Transmission, WET Labs C-Star [%]
# name 14 = sbeox0ML/L: Oxygen, SBE 43 [ml/l], WS = 2
# name 15 = sbeox1ML/L: Oxygen, SBE 43, 2 [ml/l], WS = 2
# name 16 = sal00: Salinity, Practical [PSU]
# name 17 = sal11: Salinity, Practical, 2 [PSU]
# name 18 = sigma-t00: Density [sigma-t, kg/m^3 ]
# name 19 = sigma-t11: Density, 2 [sigma-t, kg/m^3 ]
# name 20 = oxsatML/L: Oxygen Saturation, Weiss [ml/l]
# name 21 = flag: flag
# span 0 =        106,      27423       
# span 1 =      0.825,     67.834       
# span 2 =    -0.0740,    10.5974       
# span 3 =    -0.1082,    10.5905       
# span 4 =   2.690573,   3.163355       
# span 5 =   2.688393,   3.162035       
# span 6 =     2.2101,     2.4386       
# span 7 =     2.6956,     2.9779       
# span 8 =      7.983,      8.170       
# span 9 =     0.7510,     2.7828       
# span 10 =    -2.8130,   482.1870      
# span 11 = 1.0715e-01, 1.0957e+02      
# span 12 =    -0.1183,     0.2143      
# span 13 =    94.7826,   103.0028      
# span 14 =     7.0795,     8.9878      
# span 15 =     6.8367,     9.5498      
# span 16 =    27.9159,    32.2192      
# span 17 =    27.9721,    32.2257      
# span 18 =    21.3667,    25.8650      
# span 19 =    21.4029,    25.8718      
# span 20 =    6.51786,    8.21554      
# span 21 = 0.0000e+00, 0.0000e+00      
# interval = scans: 3                   
# start_time = Jul 24 2020 20:14:18 [System UTC, header]
# bad_flag = -9.990e-29
*END*
[from data line 1252]
       6735     55.733     0.0357     0.0292   2.695563   2.695189     2.2280     2.7156      7.992     0.8251     1.6876 1.0727e-01    -0.1074   102.7225     8.4486     8.8309    32.1755    32.1774    25.8248    25.8266    8.19396 0.0000e+00
       6738     55.614     0.0360     0.0295   2.695553   2.695210     2.2272     2.7156      7.992     0.8251     1.6876 1.0740e-01    -0.1078   102.7315     8.4429     8.8296    32.1752    32.1775    25.8245    25.8267    8.19392 0.0000e+00
       6741     55.495     0.0358     0.0311   2.695515   2.695265     2.2272     2.7160      7.992     0.8357     1.6876 1.0715e-01    -0.1074   102.7225     8.4418     8.8289    32.1750    32.1765    25.8244    25.8259    8.19398 0.0000e+00
       6744     55.371     0.0362     0.0319   2.695655   2.695276     2.2284     2.7152      7.992     0.8145     1.6876 1.0740e-01    -0.1074   102.7225     8.4482     8.8224    32.1764    32.1760    25.8255    25.8254    8.19381 0.0000e+00
       6747     55.248     0.0377     0.0322   2.695753   2.695301     2.2276     2.7152      7.992     0.7828     1.6876 1.0727e-01    -0.1078   102.7315     8.4445     8.8221    32.1762    32.1760    25.8253    25.8254    8.19349 0.0000e+00
       6750     55.127     0.0385     0.0331   2.695750   2.695345     2.2272     2.7160      7.992     0.7934     1.6876 1.0715e-01    -0.1078   102.7315     8.4402     8.8230    32.1753    32.1757    25.8246    25.8251    8.19335 0.0000e+00
       6753     55.009     0.0394     0.0338   2.695784   2.695364     2.2280     2.7164      7.992     0.7934     1.6876 1.0715e-01    -0.1071   102.7134     8.4458     8.8250    32.1750    32.1753    25.8243    25.8248    8.19319 0.0000e+00
       6756     54.891     0.0401     0.0339   2.695793   2.695378     2.2272     2.7152      7.992     0.8040     2.1613 1.0715e-01    -0.1067   102.7044     8.4429     8.8189    32.1744    32.1755    25.8237    25.8249    8.19306 0.0000e+00
       6759     54.774     0.0405     0.0344   2.695795   2.695397     2.2272     2.7156      7.992     0.8040     2.3982 1.0715e-01    -0.1067   102.7044     8.4406     8.8163    32.1741    32.1753    25.8234    25.8247    8.19300 0.0000e+00
       6762     54.665     0.0409     0.0350   2.695757   2.695454     2.2276     2.7152      7.992     0.8040     2.3982 1.0727e-01    -0.1067   102.7044     8.4401     8.8133    32.1733    32.1754    25.8228    25.8248    8.19296 0.0000e+00
       6765     54.558     0.0409     0.0372   2.695905   2.695559     2.2280     2.7148      7.992     0.7934     2.3982 1.0752e-01    -0.1067   102.7044     8.4396     8.8103    32.1752    32.1745    25.8244    25.8240    8.19284 0.0000e+00
       6768     54.455     0.0427     0.0386   2.696011   2.695607     2.2276     2.7148      7.992     0.7934     2.3982 1.0715e-01    -0.1067   102.7044     8.4362     8.8097    32.1748    32.1738    25.8239    25.8233    8.19248 0.0000e+00
       6771     54.354     0.0438     0.0385   2.695992   2.695601     2.2276     2.7156      7.992     0.7722     2.3982 1.0740e-01    -0.1067   102.7044     8.4361     8.8091    32.1734    32.1739    25.8228    25.8234    8.19231 0.0000e+00
       6774     54.261     0.0442     0.0396   2.695947   2.695644     2.2272     2.7144      7.992     0.7616     2.3982 1.0727e-01    -0.1064   102.6954     8.4324     8.8016    32.1724    32.1733    25.8220    25.8229    8.19227 0.0000e+00
       6777     54.172     0.0445     0.0395   2.695905   2.695618     2.2288     2.7156      7.992     0.7616     2.3982 1.0715e-01    -0.1057   102.6773     8.4389     8.8061    32.1717    32.1732    25.8214    25.8228    8.19226 0.0000e+00
       6780     54.086     0.0438     0.0396   2.695878   2.695639     2.2276     2.7136      7.992     0.7616     2.3587 1.0715e-01    -0.1057   102.6773     8.4334     8.7995    32.1721    32.1734    25.8217    25.8229    8.19239 0.0000e+00
       6783     54.005     0.0440     0.0397   2.695865   2.695634     2.2268     2.7140      7.992     0.7616     1.0954 1.0727e-01    -0.1057   102.6773     8.4276     8.7992    32.1717    32.1732    25.8214    25.8228    8.19236 0.0000e+00
       6786     53.930     0.0437     0.0391   2.695894   2.695601     2.2272     2.7144      7.992     0.7510     0.9770 1.0740e-01    -0.1057   102.6773     8.4280     8.8010    32.1725    32.1735    25.8220    25.8230    8.19238 0.0000e+00
       6789     53.860     0.0438     0.0389   2.695911   2.695571     2.2276     2.7144      7.990     0.7722     0.9770 1.0715e-01    -0.1057   102.6773     8.4288     8.8013    32.1727    32.1734    25.8222    25.8229    8.19236 0.0000e+00
       6792     53.797     0.0440     0.0384   2.695865   2.695537     2.2263     2.7136      7.992     0.7722     0.9770 1.0752e-01    -0.1057   102.6773     8.4237     8.7965    32.1719    32.1734    25.8215    25.8230    8.19236 0.0000e+00
       6795     53.739     0.0438     0.0381   2.695829   2.695529     2.2272     2.7136      7.992     0.7616     0.9770 1.0740e-01    -0.1053   102.6682     8.4256     8.7998    32.1717    32.1737    25.8214    25.8232    8.19242 0.0000e+00
       6798     53.687     0.0434     0.0388   2.695733   2.695558     2.2268     2.7132      7.992     0.8040     0.9770 1.0727e-01    -0.1046   102.6501     8.4211     8.8018    32.1709    32.1734    25.8208    25.8230    8.19255 0.0000e+00
       6801     53.640     0.0429     0.0383   2.695780   2.695478     2.2272     2.7132      7.992     0.8040     0.9770 1.0727e-01    -0.1046   102.6501     8.4218     8.8037    32.1720    32.1729    25.8217    25.8226    8.19259 0.0000e+00
       6804     53.596     0.0428     0.0353   2.695796   2.695365     2.2272     2.7132      7.992     0.8040     0.9770 1.0715e-01    -0.1050   102.6592     8.4246     8.8080    32.1724    32.1746    25.8220    25.8241    8.19260 0.0000e+00
       6807     53.556     0.0430     0.0351   2.695804   2.695384     2.2268     2.7128      7.992     0.7934     0.9375 1.0740e-01    -0.1046   102.6501     8.4242     8.8020    32.1723    32.1751    25.8219    25.8245    8.19255 0.0000e+00
       6810     53.520     0.0433     0.0352   2.695816   2.695375     2.2268     2.7128      7.992     0.7934     0.8586 1.0715e-01    -0.1046   102.6501     8.4218     8.8014    32.1721    32.1749    25.8218    25.8244    8.19249 0.0000e+00
       6813     53.487     0.0434     0.0349   2.695821   2.695357     2.2268     2.7128      7.992     0.7934     0.8586 1.0740e-01    -0.1046   102.6501     8.4213     8.8021    32.1721    32.1749    25.8217    25.8244    8.19247 0.0000e+00
       6816     53.454     0.0434     0.0360   2.695804   2.695405     2.2268     2.7128      7.990     0.7934     0.8586 1.0715e-01    -0.1043   102.6411     8.4226     8.8019    32.1719    32.1744    25.8216    25.8240    8.19248 0.0000e+00
       6819     53.424     0.0434     0.0368   2.695814   2.695463     2.2259     2.7140      7.992     0.8040     0.8586 1.0740e-01    -0.1036   102.6230     8.4176     8.8038    32.1720    32.1744    25.8217    25.8239    8.19247 0.0000e+00
       6822     53.400     0.0434     0.0365   2.695795   2.695439     2.2259     2.7128      7.992     0.7934     0.8586 1.0740e-01    -0.1036   102.6230     8.4178     8.8001    32.1718    32.1744    25.8215    25.8239    8.19249 0.0000e+00
       6825     53.373     0.0435     0.0367   2.695798   2.695453     2.2259     2.7132      7.992     0.7616     0.8586 1.0727e-01    -0.1036   102.6230     8.4198     8.8031    32.1718    32.1744    25.8214    25.8239    8.19246 0.0000e+00
       6828     53.347     0.0434     0.0365   2.695786   2.695422     2.2263     2.7128      7.990     0.7616     0.8586 1.0727e-01    -0.1036   102.6230     8.4252     8.7999    32.1717    32.1742    25.8215    25.8237    8.19250 0.0000e+00
       6831     53.323     0.0432     0.0363   2.695771   2.695417     2.2263     2.7115      7.990     0.7722     0.8191 1.0740e-01    -0.1036   102.6230     8.4244     8.7939    32.1718    32.1744    25.8215    25.8239    8.19254 0.0000e+00
       6834     53.297     0.0430     0.0365   2.695695   2.695424     2.2259     2.7119      7.992     0.7828     1.0954 1.0727e-01    -0.1036   102.6230     8.4245     8.7939    32.1709    32.1743    25.8208    25.8238    8.19262 0.0000e+00
       6837     53.271     0.0410     0.0369   2.695509   2.695428     2.2255     2.7119      7.990     0.7722     1.4507 1.0740e-01    -0.1036   102.6230     8.4250     8.7947    32.1707    32.1739    25.8207    25.8234    8.19308 0.0000e+00
       6840     53.245     0.0394     0.0369   2.695540   2.695425     2.2263     2.7111      7.989     0.7722     1.4507 1.0727e-01    -0.1036   102.6230     8.4280     8.7899    32.1728    32.1739    25.8224    25.8235    8.19331 0.0000e+00
       6843     53.218     0.0398     0.0360   2.695569   2.695344     2.2259     2.7111      7.990     0.7722     1.4507 1.0727e-01    -0.1032   102.6140     8.4248     8.7921    32.1728    32.1738    25.8225    25.8235    8.19323 0.0000e+00
       6846     53.187     0.0395     0.0342   2.695553   2.695288     2.2255     2.7123      7.990     0.7616     1.4507 1.0715e-01    -0.1036   102.6230     8.4238     8.8014    32.1729    32.1749    25.8225    25.8244    8.19329 0.0000e+00
       6849     53.153     0.0393     0.0335   2.695544   2.695261     2.2268     2.7123      7.989     0.7616     1.4507 1.0727e-01    -0.1036   102.6230     8.4312     8.8031    32.1730    32.1754    25.8227    25.8248    8.19333 0.0000e+00
       6852     53.119     0.0390     0.0335   2.695498   2.695238     2.2259     2.7107      7.989     0.7722     1.4507 1.0715e-01    -0.1036   102.6230     8.4270     8.7991    32.1727    32.1751    25.8224    25.8246    8.19340 0.0000e+00
       6855     53.080     0.0382     0.0334   2.695457   2.695229     2.2251     2.7115      7.989     0.7616     1.4507 1.0715e-01    -0.1036   102.6230     8.4228     8.8022    32.1731    32.1751    25.8227    25.8246    8.19356 0.0000e+00
       6858     53.038     0.0374     0.0338   2.695421   2.695248     2.2263     2.7111      7.989     0.7828     1.4507 1.0740e-01    -0.1029   102.6049     8.4252     8.8000    32.1735    32.1750    25.8231    25.8245    8.19372 0.0000e+00
       6861     52.992     0.0366     0.0342   2.695395   2.695264     2.2255     2.7115      7.990     0.7616     2.5167 1.0727e-01    -0.1025   102.5959     8.4182     8.8016    32.1740    32.1748    25.8235    25.8243    8.19386 0.0000e+00
       6864     52.945     0.0360     0.0346   2.695391   2.695267     2.2247     2.7107      7.987     0.7510     2.7535 1.0727e-01    -0.1032   102.6140     8.4146     8.7982    32.1745    32.1744    25.8240    25.8240    8.19395 0.0000e+00
       6867     52.892     0.0362     0.0348   2.695386   2.695254     2.2255     2.7119      7.987     0.7722     2.7535 1.0715e-01    -0.1029   102.6049     8.4225     8.7968    32.1743    32.1740    25.8239    25.8237    8.19392 0.0000e+00
       6870     52.839     0.0364     0.0344   2.695399   2.695217     2.2263     2.7107      7.987     0.7616     2.7535 1.0715e-01    -0.1036   102.6230     8.4258     8.7880    32.1743    32.1740    25.8238    25.8237    8.19388 0.0000e+00
       6873     52.781     0.0366     0.0335   2.695391   2.695192     2.2259     2.7111      7.989     0.7722     2.7535 1.0727e-01    -0.1029   102.6049     8.4216     8.7928    32.1740    32.1747    25.8236    25.8242    8.19386 0.0000e+00
       6876     52.720     0.0363     0.0326   2.695423   2.695173     2.2255     2.7107      7.989     0.7934     2.7535 1.0727e-01    -0.1032   102.6140     8.4216     8.7937    32.1748    32.1754    25.8242    25.8249    8.19388 0.0000e+00
       6879     52.657     0.0370     0.0321   2.695510   2.695140     2.2251     2.7107      7.987     0.7934     2.7535 1.0715e-01    -0.1046   102.6501     8.4178     8.7922    32.1753    32.1755    25.8246    25.8250    8.19370 0.0000e+00
       6882     52.591     0.0377     0.0318   2.695579   2.695137     2.2239     2.7107      7.990     0.7934     2.7535 1.0727e-01    -0.1046   102.6501     8.4127     8.7909    32.1755    32.1758    25.8247    25.8252    8.19353 0.0000e+00
       6885     52.523     0.0391     0.0316   2.695708   2.695129     2.2247     2.7107      7.989     0.7934     2.5561 1.0727e-01    -0.1046   102.6501     8.4194     8.7935    32.1757    32.1760    25.8248    25.8254    8.19321 0.0000e+00
       6888     52.453     0.0411     0.0310   2.695777   2.695098     2.2260     2.7103      7.987     0.7934     0.7401 1.0727e-01    -0.1043   102.6411     8.4239     8.7927    32.1746    32.1763    25.8238    25.8257    8.19285 0.0000e+00
       6891     52.379     0.0428     0.0314   2.695876   2.695130     2.2260     2.7087      7.989     0.8145     0.7006 1.0740e-01    -0.1046   102.6501     8.4217     8.7873    32.1741    32.1763    25.8234    25.8257    8.19249 0.0000e+00
       6894     52.306     0.0445     0.0325   2.695940   2.695205     2.2247     2.7091      7.987     0.7934     0.7401 1.0715e-01    -0.1046   102.6501     8.4172     8.7906    32.1732    32.1762    25.8226    25.8255    8.19218 0.0000e+00
       6897     52.232     0.0458     0.0349   2.695921   2.695318     2.2239     2.7107      7.989     0.7934     0.7401 1.0740e-01    -0.1043   102.6411     8.4161     8.7999    32.1717    32.1752    25.8212    25.8246    8.19198 0.0000e+00
       6900     52.154     0.0460     0.0372   2.695920   2.695425     2.2251     2.7103      7.987     0.8146     0.7006 1.0727e-01    -0.1046   102.6501     8.4260     8.8003    32.1715    32.1742    25.8211    25.8237    8.19195 0.0000e+00
       6903     52.079     0.0466     0.0401   2.695983   2.695532     2.2247     2.7095      7.987     0.9097     0.7401 1.0727e-01    -0.1046   102.6501     8.4265     8.7967    32.1716    32.1726    25.8212    25.8223    8.19180 0.0000e+00
       6906     52.003     0.0476     0.0398   2.695981   2.695458     2.2256     2.7095      7.987     0.8992     0.7401 1.0715e-01    -0.1046   102.6501     8.4276     8.7995    32.1706    32.1719    25.8203    25.8218    8.19164 0.0000e+00
       6909     51.928     0.0483     0.0397   2.696055   2.695475     2.2247     2.7107      7.987     0.8886     0.7401 1.0727e-01    -0.1046   102.6501     8.4219     8.8082    32.1710    32.1723    25.8206    25.8221    8.19147 0.0000e+00
       6912     51.851     0.0491     0.0407   2.696097   2.695554     2.2251     2.7095      7.987     0.9097     0.6217 1.0715e-01    -0.1046   102.6501     8.4255     8.8079    32.1707    32.1724    25.8203    25.8221    8.19130 0.0000e+00
       6915     51.773     0.0496     0.0415   2.696044   2.695573     2.2247     2.7099      7.987     0.8992     0.5032 1.0727e-01    -0.1043   102.6411     8.4272     8.8129    32.1695    32.1718    25.8193    25.8216    8.19126 0.0000e+00
       6918     51.694     0.0492     0.0416   2.695969   2.695562     2.2251     2.7099      7.987     0.8886     0.5032 1.0715e-01    -0.1036   102.6230     8.4344     8.8107    32.1690    32.1717    25.8189    25.8215    8.19138 0.0000e+00
       6921     51.619     0.0487     0.0413   2.695965   2.695549     2.2247     2.7107      7.987     0.8886     0.5032 1.0727e-01    -0.1036   102.6230     8.4335     8.8134    32.1695    32.1718    25.8194    25.8216    8.19146 0.0000e+00
       6924     51.545     0.0487     0.0413   2.695966   2.695544     2.2256     2.7099      7.987     0.8886     0.5032 1.0727e-01    -0.1036   102.6230     8.4393     8.8156    32.1696    32.1718    25.8195    25.8216    8.19146 0.0000e+00
