Datasets/AZMP/TEL210/tel210_2020_014.cnv
* Sea-Bird SBE 9 Data File:
* FileName = C:\CTDDATA\tel210_2020_014.hex
* Software Version Seasave V 7.26.7.110
* Temperature SN = 1697
* Conductivity SN = 4216
* Number of Bytes Per Scan = 30
* Number of Voltage Words = 4
* Number of Scans Averaged by the Deck Unit = 1
* NMEA baud rate = 4800
** VESSEL/TRIP/SEQ STN:  tel210_2020_014
** LATITUDE XX XX.XX: 47 00.00 N
** LONGITUDE XX XX.XX: 048 07.00 W
** SOUNDING DEPTH (M): 0133
** PROBE TYPE: S1146
** CTD NUMBER: 013
** COMMENTS (14 CHAR): FC-12
** BOTTLES:  9
** LEVELS: 5,10,20,30,40,50,75,100,BTM
** STICKERS: 435819 - 435827
** VNET: Y
** DO2: N
# nquan = 22
# nvalues = 2808                        
# units = specified
# name 0 = scan: Scan Count
# name 1 = prDM: Pressure, Digiquartz [db]
# name 2 = t090C: Temperature [ITS-90, deg C]
# name 3 = t190C: Temperature, 2 [ITS-90, deg C]
# name 4 = c0S/m: Conductivity [S/m]
# name 5 = c1S/m: Conductivity, 2 [S/m]
# name 6 = sbeox0V: Oxygen raw, SBE 43 [V]
# name 7 = sbeox1V: Oxygen raw, SBE 43, 2 [V]
# name 8 = ph: pH
# name 9 = flECO-AFL: Fluorescence, WET Labs ECO-AFL/FL [mg/m^3]
# name 10 = wetCDOM: Fluorescence, WET Labs CDOM [mg/m^3]
# name 11 = par/sat/log: PAR/Logarithmic, Satlantic [umol photons/m^2/sec]
# name 12 = CStarAt0: Beam Attenuation, WET Labs C-Star [1/m]
# name 13 = CStarTr0: Beam Transmission, WET Labs C-Star [%]
# name 14 = sbeox0ML/L: Oxygen, SBE 43 [ml/l], WS = 2
# name 15 = sbeox1ML/L: Oxygen, SBE 43, 2 [ml/l], WS = 2
# name 16 = sal00: Salinity, Practical [PSU]
# name 17 = sal11: Salinity, Practical, 2 [PSU]
# name 18 = sigma-t00: Density [sigma-t, kg/m^3 ]
# name 19 = sigma-t11: Density, 2 [sigma-t, kg/m^3 ]
# name 20 = oxsatML/L: Oxygen Saturation, Weiss [ml/l]
# name 21 = flag: flag
# span 0 =         91,      36292       
# span 1 =      0.438,    131.592       
# span 2 =    -1.2978,    10.2160       
# span 3 =    -1.3072,    10.2122       
# span 4 =   2.028056,   3.539134       
# span 5 =   2.625052,   3.538674       
# span 6 =     1.7699,     2.4424       
# span 7 =     2.1398,     2.9631       
# span 8 =      7.747,      8.158       
# span 9 =    -0.5714,     1.2601       
# span 10 =    -2.8130,   482.1870      
# span 11 = 1.0715e-01, 5.0342e+02      
# span 12 =    -0.1425,    -0.0007      
# span 13 =   100.0186,   103.6268      
# span 14 =     6.3100,     8.8285      
# span 15 =     6.2175,     9.3759      
# span 16 =    17.4141,    33.2656      
# span 17 =    23.9965,    33.2688      
# span 18 =    13.2415,    26.7194      
# span 19 =    18.3563,    26.7223      
# span 20 =    6.40678,    8.46570      
# span 21 = 0.0000e+00, 0.0000e+00      
# interval = scans: 3                   
# start_time = Jul 16 2020 13:23:07 [System UTC, header]
# bad_flag = -9.990e-29
*END*
[from data line 1252]
       5065    128.990    -0.3970    -0.4027   2.742024   2.741570     1.7951     2.1704      7.790    -0.5206   481.3579 1.0715e-01    -0.0450   101.1309     6.4346     6.7527    33.2119    33.2121    26.6809    26.6813    8.23081 0.0000e+00
       5068    129.043    -0.3959    -0.4027   2.742165   2.741584     1.7943     2.1708      7.790    -0.5206   481.3579 1.0715e-01    -0.0446   101.1219     6.4325     6.7555    33.2125    33.2122    26.6813    26.6814    8.23052 0.0000e+00
       5071    129.099    -0.3940    -0.4021   2.742426   2.741660     1.7956     2.1708      7.790    -0.5308   481.3579 1.0727e-01    -0.0450   101.1309     6.4384     6.7549    33.2139    33.2125    26.6824    26.6816    8.23002 0.0000e+00
       5074    129.161    -0.3905    -0.3986   2.742840   2.742132     1.7960     2.1712      7.790    -0.5308   481.3579 1.0727e-01    -0.0450   101.1309     6.4405     6.7536    33.2156    33.2150    26.6836    26.6835    8.22916 0.0000e+00
       5077    129.224    -0.3854    -0.3938   2.743461   2.742745     1.7956     2.1700      7.790    -0.5308   481.3184 1.0715e-01    -0.0450   101.1309     6.4357     6.7485    33.2182    33.2179    26.6855    26.6856    8.22788 0.0000e+00
       5080    129.292    -0.3827    -0.3887   2.743705   2.743256     1.7951     2.1696      7.790    -0.5308   481.3579 1.0715e-01    -0.0428   101.0766     6.4325     6.7444    33.2185    33.2190    26.6856    26.6863    8.22727 0.0000e+00
       5083    129.362    -0.3804    -0.3871   2.744044   2.743371     1.7951     2.1696      7.790    -0.5206   481.3579 1.0715e-01    -0.0418   101.0495     6.4317     6.7435    33.2204    33.2188    26.6871    26.6860    8.22665 0.0000e+00
       5086    129.428    -0.3717    -0.3834   2.745089   2.743957     1.7947     2.1692      7.790    -0.5409   481.3579 1.0715e-01    -0.0418   101.0495     6.4293     6.7431    33.2249    33.2226    26.6903    26.6889    8.22449 0.0000e+00
       5089    129.491    -0.3657    -0.3739   2.745649   2.745027     1.7947     2.1692      7.790    -0.5308   481.3579 1.0715e-01    -0.0418   101.0495     6.4289     6.7405    33.2257    33.2264    26.6907    26.6917    8.22311 0.0000e+00
       5092    129.539    -0.3639    -0.3701   2.745794   2.745312     1.7947     2.1696      7.790    -0.4900   481.3579 1.0727e-01    -0.0418   101.0495     6.4228     6.7422    33.2256    33.2260    26.6906    26.6911    8.22272 0.0000e+00
       5097    129.584    -0.3641    -0.3714   2.745630   2.745087     1.7947     2.1687      7.790    -0.4900   319.9676 1.0715e-01    -0.0407   101.0224     6.4227     6.7426    33.2237    33.2245    26.6889    26.6900    8.22287 0.0000e+00
       5107    129.652    -0.3664    -0.3782   2.745521   2.744253     1.7943     2.1692      7.788    -0.5002     3.0299 1.0715e-01    -0.0385   100.9681     6.4283     6.7511    33.2247    33.2207    26.6899    26.6872    8.22333 0.0000e+00
       6153    129.686    -0.3798    -0.3893   2.744013   2.743101     1.7923     2.1672      7.790    -0.5206    -0.0100 1.0727e-01    -0.0417   101.0495     6.4228     6.7439    33.2192    33.2174    26.6861    26.6851    8.22660 0.0000e+00
       6677    129.721    -0.3877    -0.3929   2.743150   2.742700     1.7911     2.1668      7.787    -0.5206    -1.5102 1.0740e-01    -0.0407   101.0224     6.4197     6.7428    33.2163    33.2159    26.6841    26.6840    8.22850 0.0000e+00
       6680    129.755    -0.3858    -0.3914   2.743334   2.742921     1.7911     2.1668      7.788    -0.5104    -1.5497 1.0740e-01    -0.0400   101.0043     6.4190     6.7448    33.2167    33.2173    26.6843    26.6850    8.22806 0.0000e+00
       6683    129.785    -0.3833    -0.3899   2.743624   2.743086     1.7915     2.1664      7.788    -0.5206    -1.5102 1.0727e-01    -0.0400   101.0043     6.4282     6.7467    33.2178    33.2178    26.6850    26.6854    8.22744 0.0000e+00
       6795    129.816    -0.3849    -0.3925   2.743483   2.742776     1.7911     2.1660      7.788    -0.4900     2.9904 1.0715e-01    -0.0400   101.0043     6.4235     6.7461    33.2176    33.2165    26.6850    26.6844    8.22780 0.0000e+00
       6853    129.881    -0.3843    -0.3917   2.743624   2.742946     1.7907     2.1664      7.788    -0.5002     5.1223 1.0727e-01    -0.0396   100.9952     6.4162     6.7459    33.2188    33.2179    26.6859    26.6855    8.22761 0.0000e+00
       6856    129.943    -0.3807    -0.3887   2.744028   2.743277     1.7920     2.1664      7.788    -0.5002     5.0038 1.0715e-01    -0.0396   100.9952     6.4225     6.7455    33.2202    33.2189    26.6869    26.6862    8.22673 0.0000e+00
       6859    129.999    -0.3767    -0.3863   2.744409   2.743586     1.7911     2.1660      7.785    -0.5002     5.0038 1.0740e-01    -0.0403   101.0133     6.4177     6.7420    33.2209    33.2204    26.6873    26.6873    8.22581 0.0000e+00
       6862    130.050    -0.3750    -0.3824   2.744602   2.744008     1.7911     2.1660      7.785    -0.4798     5.0038 1.0727e-01    -0.0407   101.0224     6.4169     6.7429    33.2216    33.2218    26.6878    26.6883    8.22540 0.0000e+00
       6865    130.091    -0.3723    -0.3806   2.744871   2.744188     1.7911     2.1672      7.788    -0.4798     5.0038 1.0727e-01    -0.0407   101.0224     6.4175     6.7499    33.2222    33.2222    26.6881    26.6885    8.22476 0.0000e+00
       6868    130.123    -0.3689    -0.3788   2.745200   2.744366     1.7911     2.1660      7.785    -0.4798     5.0038 1.0727e-01    -0.0407   101.0224     6.4177     6.7462    33.2229    33.2225    26.6885    26.6887    8.22399 0.0000e+00
       7043    130.208    -0.3704    -0.3776   2.745295   2.744602     1.7907     2.1660      7.788    -0.5206     2.6351 1.0727e-01    -0.0439   101.1038     6.4169     6.7333    33.2257    33.2244    26.6909    26.6901    8.22415 0.0000e+00
       7046    130.325    -0.3648    -0.3724   2.745933   2.745268     1.7915     2.1672      7.785    -0.5308     2.6351 1.0715e-01    -0.0439   101.1038     6.4188     6.7377    33.2281    33.2274    26.6926    26.6924    8.22279 0.0000e+00
       7049    130.434    -0.3609    -0.3676   2.746327   2.745764     1.7907     2.1672      7.785    -0.5206     2.6351 1.0715e-01    -0.0439   101.1038     6.4107     6.7367    33.2289    33.2288    26.6931    26.6933    8.22187 0.0000e+00
       7052    130.538    -0.3573    -0.3637   2.746785   2.746216     1.7903     2.1660      7.785    -0.5308     2.6351 1.0727e-01    -0.0439   101.1038     6.4076     6.7308    33.2311    33.2305    26.6947    26.6945    8.22097 0.0000e+00
       7055    130.625    -0.3536    -0.3592   2.747163   2.746717     1.7903     2.1660      7.785    -0.4798     2.6351 1.0727e-01    -0.0439   101.1038     6.4102     6.7301    33.2320    33.2322    26.6953    26.6957    8.22009 0.0000e+00
       7058    130.701    -0.3504    -0.3565   2.747372   2.746956     1.7903     2.1660      7.785    -0.4900     2.6351 1.0715e-01    -0.0439   101.1038     6.4096     6.7275    33.2312    33.2324    26.6945    26.6957    8.21943 0.0000e+00
       7061    130.759    -0.3481    -0.3553   2.747551   2.747067     1.7903     2.1656      7.785    -0.5002     2.5956 1.0715e-01    -0.0407   101.0224     6.4086     6.7261    33.2312    33.2326    26.6944    26.6958    8.21894 0.0000e+00
       7064    130.799    -0.3471    -0.3541   2.747612   2.747188     1.7899     2.1652      7.785    -0.4900     1.9640 1.0727e-01    -0.0400   101.0043     6.4055     6.7278    33.2308    33.2328    26.6940    26.6959    8.21873 0.0000e+00
       7171    130.832    -0.3466    -0.3532   2.747841   2.747328     1.7887     2.1627      7.785    -0.5104     4.3722 1.0727e-01    -0.0403   101.0133     6.3964     6.7188    33.2333    33.2337    26.6961    26.6967    8.21849 0.0000e+00
       7226    130.895    -0.3410    -0.3510   2.748398   2.747639     1.7879     2.1631      7.785    -0.5308     5.5960 1.0715e-01    -0.0396   100.9952     6.3887     6.7192    33.2346    33.2354    26.6968    26.6979    8.21717 0.0000e+00
       7229    130.949    -0.3370    -0.3462   2.748524   2.748110     1.7875     2.1623      7.785    -0.5308     5.5960 1.0727e-01    -0.0403   101.0133     6.3860     6.7166    33.2319    33.2364    26.6945    26.6985    8.21645 0.0000e+00
       7232    130.985    -0.3397    -0.3443   2.748193   2.748210     1.7887     2.1619      7.785    -0.5206     5.5960 1.0715e-01    -0.0403   101.0133     6.3929     6.7164    33.2304    33.2357    26.6933    26.6978    8.21712 0.0000e+00
       7696    131.026    -0.3412    -0.3480   2.748656   2.747976     1.7850     2.1611      7.785    -0.5104     2.0429 1.0727e-01    -0.0332   100.8325     6.3730     6.7027    33.2381    33.2365    26.6997    26.6987    8.21702 0.0000e+00
       7699    131.112    -0.3309    -0.3431   2.750103   2.748790     1.7859     2.1611      7.785    -0.5308     2.0429 1.0715e-01    -0.0332   100.8325     6.3793     6.7020    33.2461    33.2420    26.7057    26.7029    8.21430 0.0000e+00
       7702    131.183    -0.3140    -0.3291   2.751944   2.750572     1.7850     2.1611      7.785    -0.5206     2.0429 1.0715e-01    -0.0332   100.8325     6.3757     6.7007    33.2521    33.2503    26.7098    26.7090    8.21024 0.0000e+00
       7705    131.242    -0.3020    -0.3158   2.753390   2.751925     1.7850     2.1603      7.785    -0.5206     2.0429 1.0715e-01    -0.0328   100.8234     6.3721     6.6936    33.2583    33.2538    26.7142    26.7113    8.20727 0.0000e+00
       7708    131.288    -0.2921    -0.3048   2.754587   2.752922     1.7854     2.1599      7.785    -0.4900     2.0429 1.0727e-01    -0.0299   100.7511     6.3714     6.6892    33.2634    33.2550    26.7179    26.7117    8.20480 0.0000e+00
       7812    131.340    -0.2989    -0.3099   2.753843   2.752523     1.7842     2.1591      7.785    -0.4798     5.4381 1.0740e-01    -0.0350   100.8777     6.3673     6.6876    33.2609    33.2553    26.7162    26.7122    8.20644 0.0000e+00
       7865    131.437    -0.2952    -0.3047   2.754352   2.753486     1.7838     2.1587      7.785    -0.4900     7.1357 1.0727e-01    -0.0375   100.9410     6.3691     6.6839    33.2635    33.2624    26.7182    26.7177    8.20548 0.0000e+00
       7868    131.516    -0.2856    -0.2916   2.755296   2.755046     1.7847     2.1587      7.785    -0.4697     7.1357 1.0727e-01    -0.0357   100.8958     6.3723     6.6816    33.2656    33.2688    26.7194    26.7223    8.20325 0.0000e+00
       7871    131.576    -0.2753    -0.2783   2.755487   2.755911     1.7842     2.1587      7.785    -0.4900     7.1357 1.0727e-01    -0.0332   100.8325     6.3687     6.6790    33.2568    33.2657    26.7119    26.7192    8.20148 0.0000e+00
       7879    131.592    -0.3121    -0.3119   2.750835   2.751314     1.7838     2.1587      7.785    -0.4900     1.5297 1.0740e-01    -0.0335   100.8415     6.3744     6.6926    33.2350    33.2412    26.6959    26.7008    8.21079 0.0000e+00
       7885    131.550    -0.3281    -0.3575   2.749812   2.746249     1.7838     2.1571      7.783    -0.4900    -1.0759 1.0727e-01    -0.0339   100.8506     6.3793     6.6999    33.2390    33.2236    26.6998    26.6886    8.21409 0.0000e+00
       7888    131.484    -0.3280    -0.3722   2.749604   2.745152     1.7847     2.1571      7.785    -0.4900    -1.0759 1.0740e-01    -0.0317   100.7963     6.3798     6.7049    33.2361    33.2251    26.6975    26.6905    8.21423 0.0000e+00
       7891    131.402    -0.3345    -0.3682   2.748864   2.745815     1.7838     2.1579      7.782    -0.5002    -1.0759 1.0715e-01    -0.0289   100.7239     6.3755     6.7119    33.2333    33.2295    26.6955    26.6939    8.21580 0.0000e+00
       7894    131.298    -0.3433    -0.3637   2.747971   2.745975     1.7830     2.1575      7.785    -0.5002    -1.1154 1.0740e-01    -0.0289   100.7239     6.3773     6.7137    33.2312    33.2268    26.6942    26.6915    8.21788 0.0000e+00
       7897    131.182    -0.3520    -0.3733   2.746867   2.744766     1.7830     2.1575      7.783    -0.4900    -1.1549 1.0727e-01    -0.0289   100.7239     6.3824     6.7199    33.2260    33.2212    26.6904    26.6874    8.22008 0.0000e+00
       7900    131.050    -0.3636    -0.3784   2.745625   2.744230     1.7830     2.1571      7.785    -0.5002     2.9115 1.0727e-01    -0.0289   100.7239     6.3885     6.7196    33.2222    33.2197    26.6878    26.6864    8.22286 0.0000e+00
       7903    130.906    -0.3593    -0.3837   2.746413   2.743533     1.7830     2.1575      7.785    -0.4900     6.9383 1.0715e-01    -0.0289   100.7239     6.3900     6.7259    33.2280    33.2163    26.6924    26.6839    8.22157 0.0000e+00
       7906    130.754    -0.3605    -0.3878   2.745911   2.743205     1.7842     2.1575      7.785    -0.4900     6.7804 1.0740e-01    -0.0289   100.7239     6.3967     6.7316    33.2228    33.2166    26.6881    26.6843    8.22213 0.0000e+00
       7909    130.594    -0.3648    -0.3876   2.745490   2.743271     1.7830     2.1575      7.785    -0.4900     6.7804 1.0727e-01    -0.0289   100.7239     6.3925     6.7351    33.2220    33.2173    26.6876    26.6848    8.22312 0.0000e+00
       7912    130.429    -0.3677    -0.3896   2.745163   2.742827     1.7826     2.1583      7.785    -0.4798     6.7804 1.0727e-01    -0.0289   100.7239     6.3951     6.7376    33.2209    33.2137    26.6869    26.6820    8.22383 0.0000e+00
       7915    130.267    -0.3723    -0.3930   2.744672   2.742557     1.7834     2.1587      7.785    -0.4798     6.7804 1.0740e-01    -0.0289   100.7239     6.4056     6.7427    33.2195    33.2138    26.6860    26.6823    8.22493 0.0000e+00
       7918    130.099    -0.3744    -0.3938   2.744425   2.742479     1.7838     2.1583      7.785    -0.4798     6.7804 1.0727e-01    -0.0289   100.7239     6.4099     6.7435    33.2185    33.2138    26.6853    26.6823    8.22544 0.0000e+00
       7921    129.931    -0.3725    -0.3936   2.744900   2.742489     1.7838     2.1587      7.785    -0.5002     6.7804 1.0727e-01    -0.0289   100.7239     6.4084     6.7450    33.2229    33.2138    26.6888    26.6823    8.22478 0.0000e+00
       7924    129.762    -0.3702    -0.3929   2.745036   2.742619     1.7842     2.1575      7.785    -0.4798     6.7804 1.0727e-01    -0.0289   100.7239     6.4056     6.7395    33.2223    33.2149    26.6881    26.6832    8.22430 0.0000e+00
       7927    129.595    -0.3715    -0.3918   2.744784   2.742737     1.7838     2.1587      7.785    -0.5002   379.7389 1.0740e-01    -0.0289   100.7239     6.4006     6.7411    33.2205    33.2154    26.6868    26.6835    8.22469 0.0000e+00
       7930    129.437    -0.3738    -0.3917   2.744460   2.742672     1.7830     2.1587      7.785    -0.4798   481.9896 1.0715e-01    -0.0299   100.7511     6.3961     6.7380    33.2187    33.2145    26.6854    26.6828    8.22529 0.0000e+00
       7933    129.290    -0.3809    -0.3932   2.743458   2.742464     1.7842     2.1587      7.785    -0.4900   480.9631 1.0727e-01    -0.0299   100.7511     6.4069     6.7349    33.2133    33.2134    26.6813    26.6820    8.22718 0.0000e+00
       7936    129.157    -0.3862    -0.3946   2.742968   2.742312     1.7838     2.1587      7.785    -0.4900   481.3184 1.0715e-01    -0.0299   100.7511     6.4047     6.7317    33.2126    33.2131    26.6810    26.6817    8.22838 0.0000e+00
       7939    129.034    -0.3873    -0.3960   2.742920   2.742116     1.7842     2.1599      7.785    -0.4900   481.3184 1.0715e-01    -0.0299   100.7511     6.4075     6.7382    33.2133    33.2120    26.6816    26.6809    8.22859 0.0000e+00
