Datasets/AZMP/TEL210/tel210_2020_003.cnv
* Sea-Bird SBE 9 Data File:
* FileName = C:\CTDDATA\tel210_2020_003.hex
* Software Version Seasave V 7.26.7.110
* Temperature SN = 1697
* Conductivity SN = 4216
* Number of Bytes Per Scan = 30
* Number of Voltage Words = 4
* Number of Scans Averaged by the Deck Unit = 1
* NMEA baud rate = 4800
** VESSEL/TRIP/SEQ STN:  tel210_2020_003
** LATITUDE XX XX.XX: 47 00.00 N
** LONGITUDE XX XX.XX: 052 49.90 W
** SOUNDING DEPTH (M): 0107
** PROBE TYPE: S1146
** CTD NUMBER: 002
** COMMENTS (14 CHAR): FC-01
** BOTTLES:  8
** LEVELS: 5,10,20,30,40,50,75,BTM
** STICKERS: 435744 - 435751
** VNET: Y
** DO2: N
# nquan = 22
# nvalues = 2768                        
# units = specified
# name 0 = scan: Scan Count
# name 1 = prDM: Pressure, Digiquartz [db]
# name 2 = t090C: Temperature [ITS-90, deg C]
# name 3 = t190C: Temperature, 2 [ITS-90, deg C]
# name 4 = c0S/m: Conductivity [S/m]
# name 5 = c1S/m: Conductivity, 2 [S/m]
# name 6 = sbeox0V: Oxygen raw, SBE 43 [V]
# name 7 = sbeox1V: Oxygen raw, SBE 43, 2 [V]
# name 8 = ph: pH
# name 9 = flECO-AFL: Fluorescence, WET Labs ECO-AFL/FL [mg/m^3]
# name 10 = wetCDOM: Fluorescence, WET Labs CDOM [mg/m^3]
# name 11 = par/sat/log: PAR/Logarithmic, Satlantic [umol photons/m^2/sec]
# name 12 = CStarAt0: Beam Attenuation, WET Labs C-Star [1/m]
# name 13 = CStarTr0: Beam Transmission, WET Labs C-Star [%]
# name 14 = sbeox0ML/L: Oxygen, SBE 43 [ml/l], WS = 2
# name 15 = sbeox1ML/L: Oxygen, SBE 43, 2 [ml/l], WS = 2
# name 16 = sal00: Salinity, Practical [PSU]
# name 17 = sal11: Salinity, Practical, 2 [PSU]
# name 18 = sigma-t00: Density [sigma-t, kg/m^3 ]
# name 19 = sigma-t11: Density, 2 [sigma-t, kg/m^3 ]
# name 20 = oxsatML/L: Oxygen Saturation, Weiss [ml/l]
# name 21 = flag: flag
# span 0 =         51,      31578       
# span 1 =      2.037,    107.631       
# span 2 =    -1.5694,     6.6183       
# span 3 =    -1.5594,     6.6081       
# span 4 =   2.601415,   3.213992       
# span 5 =   2.602634,   3.212811       
# span 6 =     1.9800,     2.4093       
# span 7 =     2.4128,     2.9699       
# span 8 =      7.832,      8.063       
# span 9 =    -0.5918,     1.0057       
# span 10 =    -2.8130,   482.1870      
# span 11 = 1.0715e-01, 1.0752e-01      
# span 12 =    -0.1575,    -0.0036      
# span 13 =   100.0909,   104.0156      
# span 14 =     7.4176,     8.8063      
# span 15 =     7.3489,     9.3592      
# span 16 =    31.8786,    32.6988      
# span 17 =    31.8668,    32.6996      
# span 18 =    25.0263,    26.2995      
# span 19 =    25.0199,    26.3003      
# span 20 =    6.96048,    8.53127      
# span 21 = 0.0000e+00, 0.0000e+00      
# interval = scans: 3                   
# start_time = Jul 15 2020 03:35:42 [System UTC, header]
# bad_flag = -9.990e-29
*END*
[from data line 1647]
       8336     77.627    -1.3878    -1.3960   2.619223   2.618670     2.0038     2.4425      7.842    -0.5511     2.7930 1.0752e-01    -0.1530   103.8981     7.7005     8.0840    32.6649    32.6663    26.2725    26.2739    8.48675 0.0000e+00
       8339     77.583    -1.3863    -1.3952   2.619280   2.618593     2.0029     2.4434      7.842    -0.5511     7.3726 1.0752e-01    -0.1526   103.8891     7.6945     8.0874    32.6641    32.6644    26.2718    26.2723    8.48647 0.0000e+00
       8342     77.540    -1.3865    -1.3990   2.619264   2.618323     2.0029     2.4430      7.842    -0.5511     7.2542 1.0752e-01    -0.1530   103.8981     7.6966     8.0874    32.6642    32.6649    26.2718    26.2727    8.48650 0.0000e+00
       8345     77.500    -1.3865    -1.3939   2.619289   2.618667     2.0034     2.4434      7.842    -0.5511     7.2542 1.0752e-01    -0.1519   103.8710     7.6977     8.0892    32.6645    32.6641    26.2722    26.2720    8.48649 0.0000e+00
       8523     77.472    -1.3832    -1.3901   2.619374   2.618915     2.0038     2.4430      7.843    -0.5409     6.6620 1.0752e-01    -0.1530   103.8981     7.6956     8.0929    32.6621    32.6633    26.2701    26.2712    8.48587 0.0000e+00
       8875     77.441    -1.3787    -1.3846   2.619402   2.619112     2.0029     2.4430      7.845    -0.5002     5.4776 1.0752e-01    -0.1540   103.9252     7.6891     8.1019    32.6575    32.6600    26.2663    26.2684    8.48508 0.0000e+00
       8878     77.401    -1.3829    -1.3866   2.618779   2.618844     2.0025     2.4430      7.843    -0.5409     5.4776 1.0752e-01    -0.1533   103.9071     7.6911     8.1027    32.6537    32.6586    26.2632    26.2673    8.48629 0.0000e+00
       8881     77.363    -1.3891    -1.3886   2.618063   2.618518     2.0025     2.4434      7.845    -0.5409     5.4776 1.0752e-01    -0.1537   103.9162     7.6986     8.1049    32.6506    32.6563    26.2609    26.2655    8.48790 0.0000e+00
       8884     77.322    -1.3926    -1.3964   2.617789   2.617778     2.0025     2.4434      7.842    -0.5511     5.4776 1.0752e-01    -0.1540   103.9252     7.7024     8.1082    32.6507    32.6547    26.2611    26.2644    8.48871 0.0000e+00
       8887     77.283    -1.3960    -1.4001   2.617504   2.617427     2.0025     2.4446      7.843    -0.5613     3.3063 1.0752e-01    -0.1540   103.9252     7.7029     8.1147    32.6506    32.6539    26.2610    26.2639    8.48952 0.0000e+00
       8890     77.243    -1.3993    -1.4017   2.617252   2.617188     2.0025     2.4446      7.843    -0.5613     2.3587 1.0752e-01    -0.1530   103.8981     7.7022     8.1137    32.6507    32.6525    26.2612    26.2628    8.49026 0.0000e+00
       8893     77.205    -1.4003    -1.4020   2.617229   2.617124     2.0021     2.4442      7.846    -0.5511     2.3982 1.0752e-01    -0.1537   103.9162     7.7014     8.1134    32.6515    32.6519    26.2619    26.2623    8.49045 0.0000e+00
       8896     77.172    -1.3992    -1.4027   2.617330   2.617036     2.0029     2.4434      7.843    -0.5613     2.3982 1.0752e-01    -0.1537   103.9162     7.7059     8.1127    32.6517    32.6515    26.2621    26.2620    8.49019 0.0000e+00
       8899     77.135    -1.3982    -1.4040   2.617406   2.616926     2.0038     2.4446      7.842    -0.5511     2.3982 1.0752e-01    -0.1540   103.9252     7.7121     8.1196    32.6517    32.6515    26.2620    26.2620    8.48996 0.0000e+00
       8902     77.099    -1.3975    -1.4050   2.617475   2.616840     2.0029     2.4446      7.843    -0.5308     2.3982 1.0752e-01    -0.1540   103.9252     7.7073     8.1163    32.6520    32.6514    26.2622    26.2620    8.48979 0.0000e+00
       8905     77.063    -1.3975    -1.4056   2.617512   2.616815     2.0034     2.4438      7.843    -0.5308     2.3982 1.0752e-01    -0.1540   103.9252     7.7085     8.1103    32.6525    32.6517    26.2626    26.2623    8.48975 0.0000e+00
       8908     77.026    -1.3970    -1.4059   2.617585   2.616819     2.0034     2.4450      7.845    -0.5206     2.3982 1.0752e-01    -0.1540   103.9252     7.7065     8.1149    32.6528    32.6521    26.2629    26.2625    8.48960 0.0000e+00
       8911     76.993    -1.3972    -1.4044   2.617473   2.616940     2.0029     2.4442      7.843    -0.5206    24.2301 1.0752e-01    -0.1540   103.9252     7.7044     8.1121    32.6516    32.6522    26.2620    26.2626    8.48973 0.0000e+00
       8914     76.961    -1.3970    -1.4039   2.617486   2.617001     2.0025     2.4442      7.842    -0.5206   443.6949 1.0752e-01    -0.1540   103.9252     7.7021     8.1144    32.6516    32.6525    26.2619    26.2628    8.48968 0.0000e+00
       8917     76.929    -1.3968    -1.4034   2.617501   2.617052     2.0038     2.4446      7.842    -0.5206   481.2790 1.0752e-01    -0.1543   103.9342     7.7085     8.1185    32.6516    32.6527    26.2619    26.2630    8.48963 0.0000e+00
       8920     76.898    -1.3967    -1.4031   2.617534   2.617067     2.0038     2.4454      7.846    -0.5104   481.0421 1.0752e-01    -0.1540   103.9252     7.7064     8.1220    32.6520    32.6525    26.2622    26.2629    8.48960 0.0000e+00
       8923     76.870    -1.3961    -1.4028   2.617559   2.617083     2.0034     2.4454      7.845    -0.5206   481.2395 1.0752e-01    -0.1540   103.9252     7.7042     8.1241    32.6516    32.6524    26.2619    26.2627    8.48947 0.0000e+00
       8926     76.841    -1.3955    -1.4026   2.617601   2.617099     2.0029     2.4446      7.846    -0.5308   481.2395 1.0752e-01    -0.1540   103.9252     7.7027     8.1216    32.6516    32.6524    26.2619    26.2628    8.48933 0.0000e+00
       8929     76.813    -1.3954    -1.4027   2.617603   2.617088     2.0029     2.4446      7.843    -0.5206   481.2395 1.0752e-01    -0.1543   103.9342     7.7046     8.1211    32.6515    32.6524    26.2618    26.2627    8.48931 0.0000e+00
       8932     76.783    -1.3953    -1.4027   2.617547   2.617102     2.0034     2.4458      7.842    -0.5206   481.2395 1.0752e-01    -0.1533   103.9071     7.7095     8.1271    32.6507    32.6526    26.2611    26.2629    8.48934 0.0000e+00
       8935     76.755    -1.3957    -1.4028   2.617532   2.617065     2.0038     2.4454      7.843    -0.5104   481.2395 1.0752e-01    -0.1530   103.8981     7.7133     8.1295    32.6509    32.6523    26.2614    26.2626    8.48943 0.0000e+00
       8938     76.726    -1.3959    -1.4027   2.617521   2.617095     2.0038     2.4458      7.845    -0.5308   363.1972 1.0752e-01    -0.1530   103.8981     7.7110     8.1298    32.6510    32.6526    26.2614    26.2629    8.48945 0.0000e+00
       8941     76.697    -1.3964    -1.4023   2.617474   2.617097     2.0042     2.4454      7.843    -0.5104    -2.8130 1.0752e-01    -0.1530   103.8981     7.7139     8.1273    32.6509    32.6522    26.2613    26.2626    8.48957 0.0000e+00
       8944     76.668    -1.3963    -1.4025   2.617502   2.617103     2.0038     2.4466      7.845    -0.5206    -1.7471 1.0752e-01    -0.1530   103.8981     7.7172     8.1323    32.6512    32.6525    26.2616    26.2628    8.48954 0.0000e+00
       8947     76.635    -1.3963    -1.4021   2.617506   2.617106     2.0034     2.4466      7.846    -0.5206    -0.6416 1.0752e-01    -0.1530   103.8981     7.7182     8.1328    32.6513    32.6521    26.2617    26.2625    8.48954 0.0000e+00
       8950     76.605    -1.3963    -1.4028   2.617479   2.617064     2.0038     2.4458      7.846    -0.5308    -0.6811 1.0740e-01    -0.1530   103.8981     7.7190     8.1293    32.6510    32.6524    26.2614    26.2627    8.48956 0.0000e+00
       8953     76.570    -1.3959    -1.4034   2.617492   2.617039     2.0042     2.4462      7.845    -0.5206    -0.6811 1.0752e-01    -0.1537   103.9162     7.7194     8.1267    32.6506    32.6527    26.2611    26.2630    8.48947 0.0000e+00
       8956     76.534    -1.3955    -1.4037   2.617490   2.616990     2.0042     2.4474      7.845    -0.5511    -0.6811 1.0740e-01    -0.1540   103.9252     7.7159     8.1287    32.6502    32.6524    26.2608    26.2627    8.48941 0.0000e+00
       8959     76.497    -1.3949    -1.4039   2.617520   2.616961     2.0046     2.4470      7.842    -0.5511    -0.6811 1.0752e-01    -0.1537   103.9162     7.7131     8.1272    32.6501    32.6522    26.2607    26.2626    8.48929 0.0000e+00
       8962     76.459    -1.3953    -1.4042   2.617495   2.616945     2.0038     2.4470      7.842    -0.5511    -0.6811 1.0752e-01    -0.1540   103.9252     7.7085     8.1280    32.6501    32.6523    26.2607    26.2627    8.48937 0.0000e+00
       8965     76.418    -1.3960    -1.4037   2.617472   2.616990     2.0054     2.4470      7.846    -0.5613     3.5037 1.0752e-01    -0.1540   103.9252     7.7171     8.1275    32.6507    32.6524    26.2611    26.2628    8.48951 0.0000e+00
       8968     76.377    -1.3960    -1.4029   2.617485   2.617052     2.0050     2.4470      7.845    -0.5511     7.5305 1.0752e-01    -0.1540   103.9252     7.7165     8.1257    32.6508    32.6524    26.2613    26.2628    8.48950 0.0000e+00
       8971     76.335    -1.3962    -1.4019   2.617465   2.617076     2.0050     2.4470      7.843    -0.5511     7.3726 1.0752e-01    -0.1540   103.9252     7.7153     8.1290    32.6508    32.6517    26.2612    26.2621    8.48954 0.0000e+00
       8974     76.293    -1.3957    -1.4011   2.617498   2.617118     2.0042     2.4470      7.845    -0.5511     7.3726 1.0752e-01    -0.1540   103.9252     7.7102     8.1289    32.6507    32.6515    26.2612    26.2619    8.48943 0.0000e+00
       8977     76.247    -1.3949    -1.4000   2.617585   2.617162     2.0050     2.4470      7.846    -0.5409     7.3726 1.0752e-01    -0.1540   103.9252     7.7115     8.1266    32.6511    32.6508    26.2615    26.2614    8.48923 0.0000e+00
       8980     76.203    -1.3944    -1.3984   2.617623   2.617218     2.0042     2.4470      7.842    -0.5511     7.3726 1.0752e-01    -0.1547   103.9433     7.7051     8.1257    32.6511    32.6499    26.2615    26.2606    8.48912 0.0000e+00
       8983     76.156    -1.3934    -1.3963   2.617671   2.617369     2.0038     2.4479      7.845    -0.5206     7.3726 1.0752e-01    -0.1540   103.9252     7.7040     8.1311    32.6506    32.6497    26.2611    26.2603    8.48889 0.0000e+00
       8986     76.110    -1.3933    -1.3950   2.617700   2.617421     2.0050     2.4483      7.846    -0.5104     7.3726 1.0752e-01    -0.1543   103.9342     7.7100     8.1326    32.6510    32.6490    26.2613    26.2597    8.48886 0.0000e+00
       8989     76.065    -1.3931    -1.3944   2.617694   2.617432     2.0050     2.4474      7.846    -0.5206     7.3726 1.0752e-01    -0.1540   103.9252     7.7079     8.1288    32.6507    32.6486    26.2611    26.2594    8.48882 0.0000e+00
       8992     76.018    -1.3935    -1.3946   2.617570   2.617406     2.0050     2.4487      7.843    -0.5206   386.0555 1.0752e-01    -0.1540   103.9252     7.7112     8.1325    32.6495    32.6484    26.2601    26.2593    8.48899 0.0000e+00
       8995     75.970    -1.3938    -1.3951   2.617545   2.617332     2.0050     2.4483      7.845    -0.5104   481.9106 1.0752e-01    -0.1547   103.9433     7.7152     8.1290    32.6495    32.6480    26.2601    26.2589    8.48906 0.0000e+00
       8998     75.923    -1.3937    -1.3950   2.617603   2.617366     2.0054     2.4483      7.846    -0.5308   480.9631 1.0752e-01    -0.1543   103.9342     7.7196     8.1298    32.6501    32.6484    26.2607    26.2593    8.48899 0.0000e+00
       9001     75.871    -1.3935    -1.3952   2.617577   2.617370     2.0042     2.4483      7.845    -0.5104   481.2395 1.0752e-01    -0.1543   103.9342     7.7110     8.1268    32.6496    32.6487    26.2602    26.2595    8.48898 0.0000e+00
       9004     75.822    -1.3924    -1.3952   2.617522   2.617376     2.0050     2.4487      7.845    -0.5206   481.2395 1.0752e-01    -0.1543   103.9342     7.7173     8.1257    32.6478    32.6488    26.2587    26.2596    8.48884 0.0000e+00
       9007     75.771    -1.3935    -1.3956   2.617473   2.617326     2.0058     2.4483      7.846    -0.5409   481.2395 1.0752e-01    -0.1543   103.9342     7.7191     8.1235    32.6483    32.6486    26.2591    26.2594    8.48906 0.0000e+00
       9010     75.720    -1.3911    -1.3950   2.617686   2.617383     2.0050     2.4487      7.846    -0.5511   481.2790 1.0752e-01    -0.1550   103.9523     7.7118     8.1260    32.6486    32.6487    26.2593    26.2595    8.48848 0.0000e+00
       9013     75.670    -1.3892    -1.3949   2.617735   2.617402     2.0050     2.4483      7.843    -0.5511   481.2395 1.0740e-01    -0.1537   103.9162     7.7114     8.1250    32.6473    32.6490    26.2582    26.2598    8.48813 0.0000e+00
       9016     75.619    -1.3903    -1.3952   2.617633   2.617386     2.0054     2.4483      7.846    -0.5511   427.7849 1.0752e-01    -0.1530   103.8981     7.7153     8.1221    32.6471    32.6491    26.2580    26.2599    8.48838 0.0000e+00
       9019     75.575    -1.3917    -1.3949   2.617557   2.617418     2.0058     2.4483      7.846    -0.5409    17.9135 1.0752e-01    -0.1530   103.8981     7.7193     8.1209    32.6476    32.6492    26.2586    26.2599    8.48868 0.0000e+00
       9022     75.538    -1.3916    -1.3946   2.617579   2.617427     2.0054     2.4495      7.846    -0.5409     4.0169 1.0752e-01    -0.1530   103.8981     7.7200     8.1258    32.6478    32.6490    26.2587    26.2597    8.48865 0.0000e+00
       9025     75.510    -1.3920    -1.3946   2.617538   2.617445     2.0050     2.4483      7.842    -0.5409     5.4381 1.0752e-01    -0.1530   103.8981     7.7238     8.1222    32.6478    32.6493    26.2587    26.2600    8.48875 0.0000e+00
       9185     75.445    -1.3945    -1.3988   2.617475   2.617303     2.0095     2.4503      7.846    -0.5206    -0.4443 1.0752e-01    -0.1537   103.9162     7.7293     8.1260    32.6496    32.6519    26.2602    26.2622    8.48921 0.0000e+00
       9283     75.425    -1.3915    -1.3964   2.617678   2.617365     2.0087     2.4503      7.846    -0.5104     0.5032 1.0752e-01    -0.1526   103.8891     7.7257     8.1275    32.6491    32.6502    26.2597    26.2608    8.48854 0.0000e+00
       9334     75.392    -1.3891    -1.3952   2.617823   2.617378     2.0091     2.4495      7.846    -0.5206     0.0690 1.0752e-01    -0.1519   103.8710     7.7292     8.1235    32.6485    32.6491    26.2592    26.2598    8.48802 0.0000e+00
       9337     75.355    -1.3888    -1.3953   2.617862   2.617366     2.0091     2.4503      7.846    -0.5206     0.1479 1.0752e-01    -0.1530   103.8981     7.7239     8.1244    32.6487    32.6490    26.2594    26.2598    8.48794 0.0000e+00
       9340     75.320    -1.3883    -1.3949   2.617855   2.617381     2.0091     2.4507      7.846    -0.5206     0.1479 1.0752e-01    -0.1537   103.9162     7.7226     8.1230    32.6482    32.6488    26.2589    26.2596    8.48787 0.0000e+00
       9343     75.288    -1.3887    -1.3947   2.617840   2.617415     2.0091     2.4507      7.846    -0.5104     0.1084 1.0752e-01    -0.1540   103.9252     7.7250     8.1221    32.6484    32.6491    26.2591    26.2599    8.48795 0.0000e+00
       9346     75.258    -1.3889    -1.3941   2.617843   2.617457     2.0099     2.4503      7.846    -0.5104     0.1479 1.0752e-01    -0.1533   103.9071     7.7254     8.1186    32.6486    32.6490    26.2593    26.2597    8.48797 0.0000e+00
       9349     75.234    -1.3884    -1.3936   2.617857   2.617508     2.0091     2.4499      7.846    -0.5206     0.1084 1.0752e-01    -0.1533   103.9071     7.7205     8.1177    32.6483    32.6492    26.2590    26.2599    8.48787 0.0000e+00
