Datasets/AZMP/TEL210/tel210_2020_108.cnv
* Sea-Bird SBE 9 Data File:
* FileName = C:\CTDDATA\tel210_2020_108.hex
* Software Version Seasave V 7.26.7.110
* Temperature SN = 1697
* Conductivity SN = 4216
* Number of Bytes Per Scan = 30
* Number of Voltage Words = 4
* Number of Scans Averaged by the Deck Unit = 1
* NMEA baud rate = 4800
** VESSEL/TRIP/SEQ STN:  tel210_2020_108
** LATITUDE XX XX.XX: 55 22.30 N
** LONGITUDE XX XX.XX: 58 08.70 W
** SOUNDING DEPTH (M): 0182
** PROBE TYPE: S1146
** CTD NUMBER: 074
** COMMENTS (14 CHAR): MB-04
** BOTTLES:  10
** LEVELS: 5,10,20,30,40,50,75,100,150,BTM
** STICKERS: 436309 - 436318
** VNET: Y
** DO2: Y
# nquan = 22
# nvalues = 3958                        
# units = specified
# name 0 = scan: Scan Count
# name 1 = prDM: Pressure, Digiquartz [db]
# name 2 = t090C: Temperature [ITS-90, deg C]
# name 3 = t190C: Temperature, 2 [ITS-90, deg C]
# name 4 = c0S/m: Conductivity [S/m]
# name 5 = c1S/m: Conductivity, 2 [S/m]
# name 6 = sbeox0V: Oxygen raw, SBE 43 [V]
# name 7 = sbeox1V: Oxygen raw, SBE 43, 2 [V]
# name 8 = ph: pH
# name 9 = flECO-AFL: Fluorescence, WET Labs ECO-AFL/FL [mg/m^3]
# name 10 = wetCDOM: Fluorescence, WET Labs CDOM [mg/m^3]
# name 11 = par/sat/log: PAR/Logarithmic, Satlantic [umol photons/m^2/sec]
# name 12 = CStarAt0: Beam Attenuation, WET Labs C-Star [1/m]
# name 13 = CStarTr0: Beam Transmission, WET Labs C-Star [%]
# name 14 = sbeox0ML/L: Oxygen, SBE 43 [ml/l], WS = 2
# name 15 = sbeox1ML/L: Oxygen, SBE 43, 2 [ml/l], WS = 2
# name 16 = sal00: Salinity, Practical [PSU]
# name 17 = sal11: Salinity, Practical, 2 [PSU]
# name 18 = sigma-t00: Density [sigma-t, kg/m^3 ]
# name 19 = sigma-t11: Density, 2 [sigma-t, kg/m^3 ]
# name 20 = oxsatML/L: Oxygen Saturation, Weiss [ml/l]
# name 21 = flag: flag
# span 0 =          2,      37333       
# span 1 =      2.126,    183.481       
# span 2 =    -1.2619,     7.7294       
# span 3 =    -1.2669,     7.7281       
# span 4 =   2.601299,   3.252215       
# span 5 =   2.600962,   3.252528       
# span 6 =     1.9338,     2.4747       
# span 7 =     2.3346,     3.0532       
# span 8 =      7.984,      8.273       
# span 9 =     0.6770,     2.3172       
# span 10 =    -2.8130,   482.1870      
# span 11 = 1.0715e-01, 2.9373e+02      
# span 12 =    -0.1324,     0.1703      
# span 13 =    95.8316,   103.3645      
# span 14 =     6.7906,     8.9952      
# span 15 =     6.9814,     9.5828      
# span 16 =    31.0307,    33.1445      
# span 17 =    31.1760,    33.1436      
# span 18 =    24.4041,    26.6390      
# span 19 =    24.3763,    26.6386      
# span 20 =    6.80928,    8.47507      
# span 21 = 0.0000e+00, 0.0000e+00      
# interval = scans: 3                   
# start_time = Jul 27 2020 16:24:31 [System UTC, header]
# bad_flag = -9.990e-29
*END*
[from data line 3556]
      26171     32.402    -1.2122    -1.2193   2.601650   2.601239     2.1002     2.5489      8.045     0.7510     1.2139 1.4155e+01    -0.1183   103.0028     8.1287     8.4780    32.2612    32.2633    25.9402    25.9420    8.46965 0.0000e+00
      26174     32.337    -1.2111    -1.2184   2.601692   2.601272     2.1018     2.5489      8.045     0.7299     1.1349 1.4204e+01    -0.1176   102.9847     8.1362     8.4760    32.2607    32.2627    25.9397    25.9416    8.46943 0.0000e+00
      26177     32.274    -1.2105    -1.2170   2.601722   2.601344     2.1010     2.5497      8.045     0.7616     0.8586 1.4237e+01    -0.1173   102.9757     8.1299     8.4814    32.2604    32.2623    25.9394    25.9412    8.46929 0.0000e+00
      26180     32.209    -1.2091    -1.2155   2.601780   2.601379     2.1010     2.5493      8.045     0.7510     0.8586 1.4270e+01    -0.1173   102.9757     8.1295     8.4803    32.2598    32.2612    25.9389    25.9402    8.46901 0.0000e+00
      26183     32.141    -1.2082    -1.2140   2.601815   2.601423     2.1010     2.5497      8.045     0.7405     0.8586 1.4303e+01    -0.1173   102.9757     8.1337     8.4801    32.2593    32.2602    25.9385    25.9393    8.46884 0.0000e+00
      26186     32.073    -1.2067    -1.2138   2.601876   2.601419     2.1018     2.5489      8.045     0.7510     0.8586 1.4336e+01    -0.1173   102.9757     8.1383     8.4786    32.2585    32.2599    25.9378    25.9392    8.46852 0.0000e+00
      26189     32.007    -1.2059    -1.2134   2.601859   2.601453     2.1018     2.5501      8.045     0.7510     0.8586 1.4420e+01    -0.1173   102.9757     8.1372     8.4812    32.2575    32.2600    25.9370    25.9393    8.46841 0.0000e+00
      26192     31.946    -1.2063    -1.2132   2.601874   2.601410     2.1014     2.5501      8.045     0.7616     0.8586 1.4436e+01    -0.1173   102.9757     8.1356     8.4789    32.2582    32.2593    25.9375    25.9386    8.46846 0.0000e+00
      26195     31.890    -1.2060    -1.2146   2.601867   2.601361     2.1006     2.5497      8.045     0.7405     0.8586 1.4486e+01    -0.1173   102.9757     8.1305     8.4742    32.2578    32.2602    25.9372    25.9394    8.46842 0.0000e+00
      26198     31.840    -1.2086    -1.2157   2.601757   2.601368     2.1014     2.5497      8.045     0.7299     0.8586 1.4503e+01    -0.1173   102.9757     8.1353     8.4745    32.2591    32.2615    25.9383    25.9405    8.46893 0.0000e+00
      26201     31.790    -1.2101    -1.2158   2.601727   2.601357     2.1018     2.5509      8.045     0.7510     0.1874 1.4536e+01    -0.1173   102.9757     8.1410     8.4807    32.2604    32.2615    25.9394    25.9405    8.46921 0.0000e+00
      26204     31.742    -1.2097    -1.2162   2.601726   2.601305     2.1018     2.5501      8.045     0.7405    -0.7601 1.4587e+01    -0.1176   102.9847     8.1424     8.4828    32.2599    32.2612    25.9390    25.9402    8.46914 0.0000e+00
      26207     31.689    -1.2093    -1.2164   2.601750   2.601315     2.1027     2.5509      8.045     0.7405    -0.6811 1.4604e+01    -0.1173   102.9757     8.1472     8.4889    32.2599    32.2616    25.9390    25.9405    8.46906 0.0000e+00
      26210     31.633    -1.2080    -1.2156   2.601810   2.601378     2.1022     2.5513      8.045     0.7405    -0.7206 1.4672e+01    -0.1173   102.9757     8.1496     8.4909    32.2593    32.2616    25.9385    25.9406    8.46878 0.0000e+00
      26213     31.574    -1.2072    -1.2132   2.601846   2.601435     2.1022     2.5501      8.045     0.7299    -0.6811 1.4723e+01    -0.1173   102.9757     8.1511     8.4851    32.2590    32.2598    25.9382    25.9390    8.46862 0.0000e+00
      26216     31.506    -1.2052    -1.2110   2.601974   2.601447     2.1022     2.5501      8.045     0.7193    -0.6811 1.4774e+01    -0.1166   102.9576     8.1490     8.4859    32.2586    32.2577    25.9378    25.9373    8.46818 0.0000e+00
      26219     31.436    -1.1999    -1.2110   2.602203   2.601619     2.1031     2.5505      8.045     0.7299    -0.7206 1.4825e+01    -0.1162   102.9486     8.1523     8.4862    32.2560    32.2601    25.9356    25.9392    8.46710 0.0000e+00
      26222     31.363    -1.1961    -1.2068   2.602290   2.601808     2.1027     2.5513      8.045     0.7299    -0.7206 1.4911e+01    -0.1166   102.9576     8.1464     8.4889    32.2532    32.2581    25.9331    25.9375    8.46639 0.0000e+00
      26225     31.285    -1.1954    -1.2034   2.602258   2.601882     2.1035     2.5521      8.045     0.7299    -0.7206 1.4998e+01    -0.1166   102.9576     8.1498     8.4946    32.2521    32.2556    25.9323    25.9354    8.46630 0.0000e+00
      26228     31.205    -1.1956    -1.2010   2.602236   2.601958     2.1031     2.5525      8.045     0.7299    -0.4837 1.5102e+01    -0.1166   102.9576     8.1479     8.4943    32.2520    32.2540    25.9322    25.9340    8.46634 0.0000e+00
      26231     31.124    -1.1938    -1.1994   2.602395   2.601995     2.1039     2.5525      8.045     0.7299    -0.4048 1.5190e+01    -0.1166   102.9576     8.1556     8.4915    32.2523    32.2528    25.9324    25.9330    8.46591 0.0000e+00
      26234     31.041    -1.1914    -1.1974   2.602445   2.602026     2.1043     2.5521      8.045     0.7193    -0.3653 1.5260e+01    -0.1169   102.9667     8.1575     8.4911    32.2504    32.2512    25.9308    25.9316    8.46546 0.0000e+00
      26237     30.960    -1.1903    -1.1970   2.602451   2.602081     2.1031     2.5525      8.045     0.7299    -0.3653 1.5366e+01    -0.1173   102.9757     8.1494     8.4925    32.2494    32.2516    25.9300    25.9319    8.46527 0.0000e+00
      26240     30.878    -1.1897    -1.1957   2.602482   2.602122     2.1031     2.5521      8.045     0.7405    -0.4048 1.5455e+01    -0.1173   102.9757     8.1491     8.4890    32.2492    32.2508    25.9298    25.9312    8.46515 0.0000e+00
      26243     30.796    -1.1895    -1.1944   2.602510   2.602138     2.1047     2.5521      8.047     0.7299    -0.4048 1.5563e+01    -0.1176   102.9847     8.1571     8.4875    32.2494    32.2496    25.9299    25.9302    8.46508 0.0000e+00
      26246     30.715    -1.1890    -1.1946   2.602519   2.602105     2.1035     2.5538      8.047     0.7405    -0.3653 1.5653e+01    -0.1176   102.9847     8.1505     8.4933    32.2490    32.2494    25.9296    25.9301    8.46499 0.0000e+00
      26249     30.639    -1.1883    -1.1945   2.602536   2.602190     2.1047     2.5538      8.047     0.7510    -0.3653 1.5707e+01    -0.1176   102.9847     8.1530     8.4929    32.2486    32.2506    25.9292    25.9310    8.46486 0.0000e+00
      26252     30.563    -1.1878    -1.1928   2.602590   2.602258     2.1047     2.5517      8.045     0.7510    -0.3258 1.5817e+01    -0.1173   102.9757     8.1537     8.4866    32.2488    32.2497    25.9294    25.9302    8.46473 0.0000e+00
      26255     30.489    -1.1865    -1.1911   2.602668   2.602324     2.1059     2.5534      8.047     0.7405     0.7401 1.5890e+01    -0.1173   102.9757     8.1571     8.4952    32.2485    32.2488    25.9291    25.9294    8.46444 0.0000e+00
      26258     30.422    -1.1855    -1.1899   2.602709   2.602359     2.1043     2.5534      8.048     0.7510     0.8586 1.5964e+01    -0.1169   102.9667     8.1473     8.4957    32.2480    32.2480    25.9287    25.9288    8.46424 0.0000e+00
      26261     30.359    -1.1843    -1.1894   2.602742   2.602371     2.1051     2.5534      8.047     0.7405     0.8586 1.6075e+01    -0.1169   102.9667     8.1521     8.4949    32.2472    32.2477    25.9280    25.9286    8.46400 0.0000e+00
      26264     30.301    -1.1843    -1.1893   2.602735   2.602404     2.1059     2.5546      8.047     0.7405     0.8586 1.6186e+01    -0.1173   102.9757     8.1516     8.5015    32.2472    32.2481    25.9280    25.9289    8.46401 0.0000e+00
      26267     30.247    -1.1846    -1.1846   2.602729   2.602735     2.1051     2.5546      8.048     0.7405     0.8586 1.6243e+01    -0.1169   102.9667     8.1470     8.4971    32.2474    32.2476    25.9282    25.9283    8.46406 0.0000e+00
      26270     30.199    -1.1823    -1.1812   2.602938   2.602672     2.1055     2.5542      8.047     0.7616     0.8586 1.6299e+01    -0.1166   102.9576     8.1519     8.4935    32.2478    32.2431    25.9284    25.9245    8.46351 0.0000e+00
      26273     30.159    -1.1788    -1.1830   2.603026   2.602720     2.1047     2.5550      8.047     0.7299     0.8586 1.6356e+01    -0.1173   102.9757     8.1459     8.4986    32.2453    32.2457    25.9263    25.9268    8.46286 0.0000e+00
      26276     30.127    -1.1789    -1.1791   2.603030   2.602995     2.1063     2.5550      8.050     0.7405     0.8586 1.6375e+01    -0.1169   102.9667     8.1526     8.5012    32.2454    32.2453    25.9264    25.9263    8.46286 0.0000e+00
      26580     30.101    -1.1374    -1.1374   2.604649   2.604662     2.1218     2.5766      8.060     0.7722     2.3982 1.6281e+01    -0.1120   102.8400     8.2155     8.5673    32.2228    32.2230    25.9069    25.9070    8.45460 0.0000e+00
      26583     30.054    -1.1367    -1.1329   2.604687   2.604715     2.1214     2.5757      8.058     0.7828     2.3982 1.6337e+01    -0.1120   102.8400     8.2161     8.5622    32.2226    32.2190    25.9067    25.9037    8.45445 0.0000e+00
      26586     30.011    -1.1357    -1.1317   2.604730   2.604793     2.1218     2.5757      8.060     0.7828     2.3982 1.6375e+01    -0.1120   102.8400     8.2156     8.5633    32.2222    32.2187    25.9063    25.9034    8.45425 0.0000e+00
      26589     29.972    -1.1340    -1.1286   2.604860   2.604921     2.1218     2.5757      8.060     0.7828     2.3982 1.6432e+01    -0.1120   102.8400     8.2152     8.5635    32.2222    32.2172    25.9063    25.9020    8.45387 0.0000e+00
      26592     29.938    -1.1310    -1.1274   2.604991   2.604910     2.1218     2.5757      8.060     0.7722     2.3587 1.6470e+01    -0.1120   102.8400     8.2144     8.5657    32.2208    32.2157    25.9050    25.9008    8.45326 0.0000e+00
      26595     29.907    -1.1285    -1.1254   2.605039   2.604959     2.1222     2.5770      8.060     0.7722     0.5033 1.6489e+01    -0.1120   102.8400     8.2153     8.5704    32.2187    32.2143    25.9033    25.8996    8.45279 0.0000e+00
      29040     29.872    -1.1297    -1.1314   2.604955   2.604761     2.1214     2.5778      8.060     0.7510     1.9245 1.6797e+01    -0.1131   102.8672     8.2310     8.5842    32.2189    32.2181    25.9035    25.9029    8.45307 0.0000e+00
      29043     29.828    -1.1324    -1.1314   2.604852   2.604822     2.1226     2.5782      8.060     0.7510     1.9245 1.6855e+01    -0.1124   102.8491     8.2384     8.5841    32.2204    32.2190    25.9048    25.9036    8.45360 0.0000e+00
      29046     29.784    -1.1319    -1.1285   2.605022   2.604939     2.1238     2.5790      8.060     0.7405     1.9245 1.6894e+01    -0.1131   102.8672     8.2442     8.5852    32.2222    32.2174    25.9062    25.9022    8.45337 0.0000e+00
      29049     29.737    -1.1252    -1.1251   2.605287   2.605005     2.1238     2.5790      8.060     0.7299     1.9245 1.6953e+01    -0.1131   102.8672     8.2456     8.5865    32.2186    32.2147    25.9031    25.8999    8.45204 0.0000e+00
      29052     29.688    -1.1205    -1.1247   2.605388   2.605022     2.1226     2.5790      8.060     0.7405     2.0429 1.7012e+01    -0.1131   102.8672     8.2376     8.5880    32.2150    32.2146    25.9001    25.8998    8.45117 0.0000e+00
      29055     29.639    -1.1209    -1.1246   2.605281   2.605023     2.1234     2.5790      8.060     0.7510     3.6616 1.7032e+01    -0.1127   102.8581     8.2384     8.5894    32.2140    32.2144    25.8992    25.8997    8.45131 0.0000e+00
      29058     29.584    -1.1229    -1.1240   2.605199   2.605045     2.1242     2.5794      8.062     0.7616     3.7010 1.7110e+01    -0.1131   102.8672     8.2437     8.5967    32.2151    32.2141    25.9002    25.8995    8.45172 0.0000e+00
      29061     29.527    -1.1232    -1.1231   2.605235   2.605096     2.1242     2.5794      8.060     0.7405     3.7010 1.7170e+01    -0.1131   102.8672     8.2443     8.5993    32.2158    32.2139    25.9008    25.8992    8.45173 0.0000e+00
      29064     29.469    -1.1220    -1.1229   2.605288   2.605088     2.1238     2.5794      8.062     0.7722     3.7010 1.7210e+01    -0.1120   102.8400     8.2420     8.6000    32.2154    32.2136    25.9004    25.8990    8.45149 0.0000e+00
      29067     29.408    -1.1210    -1.1238   2.605333   2.605043     2.1242     2.5802      8.060     0.7828     3.7010 1.7289e+01    -0.1120   102.8400     8.2420     8.6073    32.2150    32.2140    25.9001    25.8994    8.45129 0.0000e+00
      29070     29.349    -1.1200    -1.1251   2.605376   2.605029     2.1238     2.5806      8.060     0.7934     3.7010 1.7350e+01    -0.1120   102.8400     8.2436     8.6111    32.2145    32.2152    25.8996    25.9004    8.45108 0.0000e+00
      29073     29.290    -1.1189    -1.1251   2.605399   2.605030     2.1254     2.5818      8.063     0.7722     3.7010 1.7410e+01    -0.1120   102.8400     8.2566     8.6197    32.2136    32.2153    25.8989    25.9004    8.45087 0.0000e+00
      29076     29.229    -1.1179    -1.1237   2.605452   2.605100     2.1246     2.5814      8.062     0.7722     3.7010 1.7470e+01    -0.1120   102.8400     8.2519     8.6207    32.2133    32.2148    25.8986    25.9000    8.45066 0.0000e+00
      29079     29.168    -1.1169    -1.1220   2.605504   2.605146     2.1238     2.5818      8.065     0.7828     3.1088 1.7510e+01    -0.1120   102.8400     8.2480     8.6238    32.2130    32.2136    25.8983    25.8990    8.45045 0.0000e+00
      29082     29.105    -1.1170    -1.1207   2.605428   2.605206     2.1259     2.5826      8.065     0.7828     1.2928 1.7571e+01    -0.1120   102.8400     8.2605     8.6281    32.2121    32.2130    25.8976    25.8985    8.45052 0.0000e+00
      29085     29.039    -1.1167    -1.1197   2.605448   2.605185     2.1259     2.5822      8.065     0.7722     1.3323 1.7653e+01    -0.1110   102.8129     8.2642     8.6289    32.2121    32.2118    25.8975    25.8974    8.45045 0.0000e+00
      29088     28.974    -1.1161    -1.1199   2.605499   2.605195     2.1267     2.5834      8.065     0.7722     1.3323 1.7735e+01    -0.1110   102.8129     8.2724     8.6344    32.2121    32.2121    25.8976    25.8977    8.45031 0.0000e+00
      29091     28.907    -1.1148    -1.1188   2.605545   2.605234     2.1263     2.5843      8.065     0.7510     1.3323 1.7817e+01    -0.1110   102.8129     8.2692     8.6350    32.2115    32.2115    25.8971    25.8972    8.45006 0.0000e+00
      29094     28.837    -1.1137    -1.1187   2.605606   2.605248     2.1275     2.5839      8.065     0.7405     1.3323 1.7879e+01    -0.1113   102.8219     8.2749     8.6321    32.2112    32.2116    25.8967    25.8973    8.44983 0.0000e+00
      29097     28.767    -1.1130    -1.1179   2.605599   2.605298     2.1267     2.5843      8.065     0.7616     1.3323 1.7962e+01    -0.1110   102.8129     8.2722     8.6344    32.2104    32.2115    25.8961    25.8972    8.44971 0.0000e+00
      29100     28.699    -1.1120    -1.1163   2.605647   2.605367     2.1267     2.5851      8.065     0.7405     1.3323 1.8024e+01    -0.1110   102.8129     8.2747     8.6412    32.2099    32.2107    25.8957    25.8965    8.44949 0.0000e+00
      29103     28.627    -1.1118    -1.1153   2.605672   2.605382     2.1279     2.5855      8.063     0.7510     1.3323 1.8129e+01    -0.1110   102.8129     8.2769     8.6449    32.2101    32.2099    25.8958    25.8958    8.44944 0.0000e+00
      29106     28.549    -1.1103    -1.1140   2.605743   2.605465     2.1283     2.5859      8.065     0.7405     0.8585 1.8171e+01    -0.1120   102.8400     8.2727     8.6484    32.2095    32.2097    25.8953    25.8956    8.44913 0.0000e+00
