Datasets/AZMP/TEL210/tel210_2020_105.cnv
* Sea-Bird SBE 9 Data File:
* FileName = C:\CTDDATA\tel210_2020_105.hex
* Software Version Seasave V 7.26.7.110
* Temperature SN = 1697
* Conductivity SN = 4216
* Number of Bytes Per Scan = 30
* Number of Voltage Words = 4
* Number of Scans Averaged by the Deck Unit = 1
* NMEA baud rate = 4800
** VESSEL/TRIP/SEQ STN:  tel210_2020_105
** LATITUDE XX XX.XX: 55 40.70 N
** LONGITUDE XX XX.XX: 057 26.40 W
** SOUNDING DEPTH (M): 0200
** PROBE TYPE: S1146
** CTD NUMBER: 071
** COMMENTS (14 CHAR): MB-07
** BOTTLES:  10
** LEVELS: 5,10,20,30,40,50,75,100,150,BTM
** STICKERS: 436281 - 436290
** VNET: Y
** DO2: Y
# nquan = 22
# nvalues = 4285                        
# units = specified
# name 0 = scan: Scan Count
# name 1 = prDM: Pressure, Digiquartz [db]
# name 2 = t090C: Temperature [ITS-90, deg C]
# name 3 = t190C: Temperature, 2 [ITS-90, deg C]
# name 4 = c0S/m: Conductivity [S/m]
# name 5 = c1S/m: Conductivity, 2 [S/m]
# name 6 = sbeox0V: Oxygen raw, SBE 43 [V]
# name 7 = sbeox1V: Oxygen raw, SBE 43, 2 [V]
# name 8 = ph: pH
# name 9 = flECO-AFL: Fluorescence, WET Labs ECO-AFL/FL [mg/m^3]
# name 10 = wetCDOM: Fluorescence, WET Labs CDOM [mg/m^3]
# name 11 = par/sat/log: PAR/Logarithmic, Satlantic [umol photons/m^2/sec]
# name 12 = CStarAt0: Beam Attenuation, WET Labs C-Star [1/m]
# name 13 = CStarTr0: Beam Transmission, WET Labs C-Star [%]
# name 14 = sbeox0ML/L: Oxygen, SBE 43 [ml/l], WS = 2
# name 15 = sbeox1ML/L: Oxygen, SBE 43, 2 [ml/l], WS = 2
# name 16 = sal00: Salinity, Practical [PSU]
# name 17 = sal11: Salinity, Practical, 2 [PSU]
# name 18 = sigma-t00: Density [sigma-t, kg/m^3 ]
# name 19 = sigma-t11: Density, 2 [sigma-t, kg/m^3 ]
# name 20 = oxsatML/L: Oxygen Saturation, Weiss [ml/l]
# name 21 = flag: flag
# span 0 =         51,      31870       
# span 1 =      0.778,    197.852       
# span 2 =    -0.5999,     5.7392       
# span 3 =    -0.6068,     5.6214       
# span 4 =   2.668763,   3.120917       
# span 5 =   2.668282,   3.118233       
# span 6 =     1.9528,     2.6932       
# span 7 =     2.3443,     3.2945       
# span 8 =      8.014,      8.317       
# span 9 =     0.6770,    27.1955       
# span 10 =    -2.8130,   482.1870      
# span 11 = 1.0678e-01, 2.2829e+02      
# span 12 =    -0.1120,     2.1130      
# span 13 =    58.9627,   102.8400      
# span 14 =     7.1765,    10.2492      
# span 15 =     7.4176,    10.7271      
# span 16 =    31.6975,    33.5560      
# span 17 =    31.7218,    33.5615      
# span 18 =    24.9748,    26.9407      
# span 19 =    25.0081,    26.9414      
# span 20 =    7.11695,    8.31581      
# span 21 = 0.0000e+00, 0.0000e+00      
# interval = scans: 3                   
# start_time = Jul 27 2020 10:40:52 [System UTC, header]
# bad_flag = -9.990e-29
*END*
[from data line 1647]
       5507    158.734     0.1427     0.1377   2.813304   2.812912     1.9828     2.3805      8.031     0.7405     5.1223 1.0752e-01    -0.1015   102.5687     7.2656     7.4927    33.5489    33.5492    26.9276    26.9281    8.09443 0.0000e+00
       5510    158.811     0.1431     0.1382   2.813283   2.812952     1.9828     2.3801      8.031     0.7405     5.1223 1.0752e-01    -0.1015   102.5687     7.2653     7.4894    33.5482    33.5491    26.9270    26.9281    8.09438 0.0000e+00
       5513    158.889     0.1417     0.1382   2.813156   2.812962     1.9824     2.3784      8.031     0.7510     5.1223 1.0752e-01    -0.1015   102.5687     7.2619     7.4833    33.5480    33.5493    26.9269    26.9281    8.09470 0.0000e+00
       5516    158.969     0.1432     0.1362   2.813387   2.812813     1.9837     2.3793      8.031     0.7510     5.1223 1.0740e-01    -0.1032   102.6140     7.2705     7.4877    33.5493    33.5495    26.9279    26.9284    8.09429 0.0000e+00
       5519    159.052     0.1467     0.1374   2.813673   2.812986     1.9824     2.3793      8.031     0.7616     5.1223 1.0740e-01    -0.1036   102.6230     7.2647     7.4899    33.5493    33.5503    26.9277    26.9290    8.09355 0.0000e+00
       5522    159.142     0.1446     0.1405   2.813484   2.813236     1.9820     2.3784      8.031     0.8251     5.1223 1.0752e-01    -0.1036   102.6230     7.2655     7.4854    33.5490    33.5502    26.9276    26.9288    8.09401 0.0000e+00
       5525    159.228     0.1457     0.1412   2.813571   2.813261     1.9832     2.3784      8.031     0.8251     4.7275 1.0752e-01    -0.1036   102.6230     7.2709     7.4870    33.5489    33.5497    26.9275    26.9284    8.09379 0.0000e+00
       5528    159.321     0.1433     0.1381   2.813354   2.813007     1.9828     2.3793      8.031     0.8145     2.2798 1.0752e-01    -0.1036   102.6230     7.2680     7.4916    33.5486    33.5497    26.9273    26.9285    8.09432 0.0000e+00
       5531    159.415     0.1421     0.1356   2.813238   2.812794     1.9828     2.3784      8.031     0.8251     2.2798 1.0752e-01    -0.1036   102.6230     7.2646     7.4941    33.5483    33.5496    26.9272    26.9285    8.09459 0.0000e+00
       5534    159.514     0.1395     0.1345   2.812930   2.812651     1.9825     2.3784      8.032     0.8145     2.2798 1.0752e-01    -0.1036   102.6230     7.2637     7.4992    33.5471    33.5488    26.9263    26.9280    8.09522 0.0000e+00
       5537    159.614     0.1386     0.1337   2.812991   2.812646     1.9825     2.3784      8.031     0.8145     2.2798 1.0752e-01    -0.1036   102.6230     7.2636     7.5004    33.5487    33.5496    26.9277    26.9286    8.09531 0.0000e+00
       5540    159.719     0.1385     0.1349   2.812941   2.812680     1.9829     2.3793      8.031     0.8145     2.2798 1.0752e-01    -0.1036   102.6230     7.2664     7.5047    33.5481    33.5486    26.9272    26.9278    8.09536 0.0000e+00
       5543    159.825     0.1381     0.1345   2.812943   2.812617     1.9829     2.3788      8.031     0.8251     2.2798 1.0740e-01    -0.1036   102.6230     7.2689     7.5054    33.5485    33.5482    26.9275    26.9275    8.09542 0.0000e+00
       5546    159.932     0.1376     0.1328   2.812964   2.812464     1.9833     2.3784      8.032     0.8039     2.2798 1.0752e-01    -0.1036   102.6230     7.2651     7.5031    33.5493    33.5480    26.9283    26.9274    8.09550 0.0000e+00
       5549    160.043     0.1366     0.1320   2.812877   2.812444     1.9829     2.3784      8.031     0.7722     2.2798 1.0752e-01    -0.1036   102.6230     7.2614     7.5038    33.5492    33.5486    26.9282    26.9279    8.09572 0.0000e+00
       5552    160.159     0.1363     0.1313   2.812807   2.812377     1.9821     2.3784      8.031     0.7405   188.5814 1.0752e-01    -0.1036   102.6230     7.2572     7.5039    33.5485    33.5483    26.9277    26.9277    8.09582 0.0000e+00
       5555    160.274     0.1365     0.1288   2.812774   2.812143     1.9820     2.3797      8.031     0.7510   482.1870 1.0752e-01    -0.1039   102.6320     7.2572     7.5091    33.5479    33.5480    26.9271    26.9276    8.09582 0.0000e+00
       5558    160.390     0.1364     0.1267   2.812680   2.812161     1.9825     2.3784      8.031     0.7510   481.1211 1.0752e-01    -0.1046   102.6501     7.2589     7.5021    33.5467    33.5505    26.9261    26.9297    8.09591 0.0000e+00
       5561    160.504     0.1309     0.1235   2.812270   2.811797     1.9829     2.3784      8.032     0.7405   481.2790 1.0740e-01    -0.1046   102.6501     7.2592     7.5012    33.5472    33.5491    26.9268    26.9287    8.09705 0.0000e+00
       5564    160.620     0.1272     0.1179   2.812090   2.811377     1.9829     2.3797      8.031     0.7616   481.2790 1.0752e-01    -0.1046   102.6501     7.2566     7.5050    33.5488    33.5495    26.9284    26.9294    8.09777 0.0000e+00
       5567    160.737     0.1283     0.1147   2.812200   2.811239     1.9820     2.3780      8.031     0.7510   481.3579 1.0752e-01    -0.1046   102.6501     7.2506     7.5007    33.5489    33.5512    26.9284    26.9309    8.09751 0.0000e+00
       5570    160.853     0.1252     0.1148   2.811882   2.811275     1.9816     2.3784      8.031     0.7510   481.3184 1.0752e-01    -0.1046   102.6501     7.2500     7.4992    33.5481    33.5514    26.9278    26.9311    8.09823 0.0000e+00
       5573    160.968     0.1207     0.1131   2.811567   2.811038     1.9820     2.3793      8.031     0.7510   481.3579 1.0752e-01    -0.1046   102.6501     7.2541     7.4998    33.5488    33.5502    26.9286    26.9302    8.09915 0.0000e+00
       5576    161.085     0.1191     0.1112   2.811588   2.810981     1.9820     2.3784      8.031     0.7616   481.3579 1.0752e-01    -0.1043   102.6411     7.2543     7.4937    33.5508    33.5514    26.9303    26.9313    8.09939 0.0000e+00
       5579    161.200     0.1206     0.1134   2.811744   2.811262     1.9820     2.3780      8.031     0.7510   159.5248 1.0752e-01    -0.1046   102.6501     7.2521     7.4896    33.5511    33.5526    26.9306    26.9321    8.09906 0.0000e+00
       5582    161.317     0.1215     0.1150   2.811846   2.811328     1.9820     2.3784      8.031     0.7616    -2.8130 1.0752e-01    -0.1046   102.6501     7.2518     7.4891    33.5514    33.5517    26.9307    26.9312    8.09884 0.0000e+00
       5585    161.430     0.1224     0.1152   2.811957   2.811412     1.9816     2.3780      8.031     0.7405    -1.4312 1.0752e-01    -0.1046   102.6501     7.2495     7.4838    33.5517    33.5525    26.9310    26.9319    8.09862 0.0000e+00
       5588    161.542     0.1246     0.1188   2.812077   2.811753     1.9808     2.3780      8.031     0.7616    -1.1944 1.0752e-01    -0.1046   102.6501     7.2480     7.4832    33.5509    33.5530    26.9301    26.9322    8.09820 0.0000e+00
       5591    161.655     0.1238     0.1206   2.812008   2.811834     1.9808     2.3780      8.031     0.7616    -1.1549 1.0752e-01    -0.1046   102.6501     7.2501     7.4837    33.5508    33.5520    26.9301    26.9312    8.09838 0.0000e+00
       5594    161.766     0.1238     0.1210   2.812066   2.811866     1.9812     2.3772      8.031     0.7616    -1.1549 1.0752e-01    -0.1043   102.6411     7.2501     7.4788    33.5515    33.5519    26.9307    26.9312    8.09835 0.0000e+00
       5597    161.877     0.1254     0.1212   2.812179   2.811889     1.9816     2.3772      8.031     0.7616    -1.1944 1.0752e-01    -0.1036   102.6230     7.2514     7.4796    33.5512    33.5520    26.9304    26.9312    8.09802 0.0000e+00
       5600    161.985     0.1271     0.1218   2.812331   2.811985     1.9804     2.3772      8.031     0.7934    -1.1549 1.0740e-01    -0.1036   102.6230     7.2457     7.4826    33.5513    33.5525    26.9304    26.9316    8.09765 0.0000e+00
       5603    162.092     0.1273     0.1226   2.812332   2.812020     1.9812     2.3768      8.031     0.7828    -0.9970 1.0752e-01    -0.1036   102.6230     7.2507     7.4817    33.5510    33.5521    26.9301    26.9312    8.09762 0.0000e+00
       5606    162.198     0.1275     0.1235   2.812363   2.812120     1.9812     2.3760      8.031     0.7828     4.8854 1.0752e-01    -0.1036   102.6230     7.2512     7.4798    33.5511    33.5522    26.9302    26.9313    8.09758 0.0000e+00
       5609    162.299     0.1264     0.1230   2.812238   2.812011     1.9808     2.3764      8.031     0.7722     5.3987 1.0752e-01    -0.1036   102.6230     7.2492     7.4838    33.5507    33.5513    26.9298    26.9305    8.09784 0.0000e+00
       5612    162.402     0.1249     0.1215   2.812113   2.811919     1.9808     2.3768      8.031     0.7722     5.3592 1.0752e-01    -0.1039   102.6320     7.2468     7.4867    33.5506    33.5517    26.9299    26.9309    8.09816 0.0000e+00
       5615    162.500     0.1217     0.1193   2.811852   2.811682     1.9804     2.3760      8.031     0.7828     5.3592 1.0752e-01    -0.1036   102.6230     7.2444     7.4874    33.5505    33.5509    26.9300    26.9304    8.09884 0.0000e+00
       5618    162.596     0.1172     0.1152   2.811400   2.811374     1.9804     2.3764      8.031     0.7828     5.3592 1.0752e-01    -0.1043   102.6411     7.2436     7.4893    33.5495    33.5513    26.9294    26.9310    8.09988 0.0000e+00
       5621    162.689     0.1144     0.1145   2.811232   2.811368     1.9804     2.3764      8.031     0.7828     5.3592 1.0752e-01    -0.1043   102.6411     7.2458     7.4871    33.5503    33.5519    26.9302    26.9315    8.10044 0.0000e+00
       5624    162.777     0.1094     0.1133   2.810774   2.811275     1.9804     2.3764      8.031     0.7828     5.3592 1.0752e-01    -0.1046   102.6501     7.2483     7.4890    33.5496    33.5520    26.9299    26.9316    8.10154 0.0000e+00
       5627    162.865     0.1098     0.1111   2.810940   2.811049     1.9800     2.3760      8.031     0.7511     5.3592 1.0752e-01    -0.1046   102.6501     7.2440     7.4886    33.5513    33.5514    26.9312    26.9312    8.10136 0.0000e+00
       5630    162.950     0.1098     0.1098   2.810739   2.811011     1.9800     2.3764      8.031     0.7510     4.2538 1.0740e-01    -0.1046   102.6501     7.2434     7.4889    33.5486    33.5522    26.9291    26.9320    8.10151 0.0000e+00
       5633    163.033     0.1059     0.1084   2.810773   2.810811     1.9792     2.3760      8.031     0.7510     0.1479 1.0752e-01    -0.1046   102.6501     7.2414     7.4853    33.5534    33.5511    26.9331    26.9311    8.10210 0.0000e+00
       5636    163.112     0.1139     0.1075   2.811339   2.810741     1.9792     2.3760      8.031     0.7616     0.2269 1.0752e-01    -0.1015   102.5687     7.2431     7.4873    33.5520    33.5511    26.9315    26.9312    8.10045 0.0000e+00
       5639    163.191     0.1148     0.0918   2.811333   2.809307     1.9796     2.3760      8.031     0.7510     0.2664 1.0752e-01    -0.0993   102.5145     7.2439     7.4886    33.5509    33.5493    26.9306    26.9305    8.10031 0.0000e+00
       5642    163.266     0.1125     0.0863   2.811165   2.809344     1.9796     2.3744      8.031     0.7510     0.2664 1.0752e-01    -0.0993   102.5145     7.2447     7.4792    33.5511    33.5558    26.9309    26.9361    8.10079 0.0000e+00
       5645    163.338     0.1164     0.0988   2.811533   2.810255     1.9796     2.3748      8.031     0.7616     0.2664 1.0752e-01    -0.0993   102.5145     7.2462     7.4767    33.5516    33.5541    26.9311    26.9341    8.09992 0.0000e+00
       5648    163.407     0.1173     0.1100   2.811392   2.811047     1.9796     2.3760      8.031     0.7510     0.2664 1.0752e-01    -0.0993   102.5145     7.2490     7.4800    33.5488    33.5522    26.9289    26.9319    8.09990 0.0000e+00
       5651    163.477     0.1181     0.1129   2.811593   2.811193     1.9784     2.3748      8.031     0.7510     0.2269 1.0752e-01    -0.0993   102.5145     7.2428     7.4742    33.5505    33.5509    26.9302    26.9308    8.09963 0.0000e+00
       5654    163.542     0.1211     0.1113   2.811746   2.811083     1.9788     2.3748      8.029     0.7510     0.2664 1.0752e-01    -0.0993   102.5145     7.2458     7.4767    33.5492    33.5512    26.9290    26.9311    8.09905 0.0000e+00
       5657    163.608     0.1160     0.1068   2.811271   2.810736     1.9792     2.3748      8.031     0.7510   241.7597 1.0752e-01    -0.1004   102.5416     7.2496     7.4785    33.5485    33.5515    26.9286    26.9315    8.10019 0.0000e+00
       5660    163.671     0.1122     0.1075   2.811237   2.810789     1.9792     2.3756      8.029     0.7510   482.1870 1.0752e-01    -0.1015   102.5687     7.2482     7.4827    33.5521    33.5514    26.9318    26.9315    8.10080 0.0000e+00
       5663    163.737     0.1214     0.1075   2.811895   2.810837     1.9784     2.3732      8.031     0.7616   481.0421 1.0727e-01    -0.1015   102.5687     7.2434     7.4739    33.5507    33.5520    26.9302    26.9319    8.09890 0.0000e+00
       5666    163.802     0.1177     0.1069   2.811589   2.810761     1.9788     2.3736      8.031     0.7616   481.3184 1.0740e-01    -0.1011   102.5597     7.2450     7.4777    33.5507    33.5516    26.9303    26.9317    8.09970 0.0000e+00
       5669    163.869     0.1225     0.1063   2.812127   2.810767     1.9792     2.3744      8.031     0.7616   481.3579 1.0752e-01    -0.1015   102.5687     7.2461     7.4798    33.5525    33.5524    26.9316    26.9322    8.09857 0.0000e+00
       5672    163.934     0.1214     0.1056   2.811886   2.810728     1.9788     2.3736      8.031     0.7510   481.3579 1.0752e-01    -0.1015   102.5687     7.2439     7.4771    33.5505    33.5526    26.9300    26.9325    8.09892 0.0000e+00
       5675    164.005     0.1200     0.1069   2.811816   2.810799     1.9780     2.3740      8.031     0.7616   481.3184 1.0752e-01    -0.1011   102.5597     7.2396     7.4817    33.5511    33.5520    26.9305    26.9320    8.09919 0.0000e+00
       5678    164.073     0.1168     0.1063   2.811599   2.810762     1.9788     2.3740      8.029     0.7616   481.3579 1.0740e-01    -0.1032   102.6140     7.2412     7.4805    33.5517    33.5521    26.9312    26.9320    8.09984 0.0000e+00
       5681    164.142     0.1082     0.1090   2.810509   2.811018     1.9784     2.3736      8.031     0.7405   481.3579 1.0752e-01    -0.1036   102.6230     7.2398     7.4774    33.5467    33.5525    26.9276    26.9322    8.10197 0.0000e+00
       5684    164.216     0.0969     0.1053   2.810143   2.810468     1.9784     2.3736      8.031     0.7616   101.0564 1.0752e-01    -0.1036   102.6230     7.2440     7.4796    33.5542    33.5493    26.9343    26.9298    8.10399 0.0000e+00
       5687    164.290     0.1040     0.1048   2.810421   2.810647     1.9784     2.3732      8.031     0.7616    -2.2208 1.0752e-01    -0.1036   102.6230     7.2401     7.4794    33.5500    33.5521    26.9305    26.9322    8.10269 0.0000e+00
       5690    164.370     0.0978     0.1053   2.810067   2.810650     1.9780     2.3736      8.031     0.7510     0.4637 1.0752e-01    -0.1036   102.6230     7.2372     7.4788    33.5521    33.5515    26.9324    26.9316    8.10390 0.0000e+00
       5693    164.453     0.1031     0.1027   2.810385   2.810322     1.9776     2.3736      8.031     0.7510     0.3848 1.0752e-01    -0.1036   102.6230     7.2350     7.4783    33.5505    33.5500    26.9309    26.9306    8.10286 0.0000e+00
       5696    164.538     0.0994     0.0950   2.810028   2.809763     1.9771     2.3732      8.031     0.7616     0.3848 1.0752e-01    -0.1039   102.6320     7.2370     7.4788    33.5498    33.5510    26.9305    26.9317    8.10369 0.0000e+00
