Datasets/AZMP/TEL210/tel210_2020_031.cnv
* Sea-Bird SBE 9 Data File:
* FileName = C:\CTDDATA\tel210_2020_031.hex
* Software Version Seasave V 7.26.7.110
* Temperature SN = 1697
* Conductivity SN = 4216
* Number of Bytes Per Scan = 30
* Number of Voltage Words = 4
* Number of Scans Averaged by the Deck Unit = 1
* NMEA baud rate = 4800
** VESSEL/TRIP/SEQ STN:  tel210_2020_031
** LATITUDE XX XX.XX: 47 00.00 N
** LONGITUDE XX XX.XX: 044 13.90 W
** SOUNDING DEPTH (M): 0272
** PROBE TYPE: S1146
** CTD NUMBER: 030
** COMMENTS (14 CHAR): FC-29
** BOTTLES:  10
** LEVELS: 5,10,20,30,40,50,75,100,150,BTM
** STICKERS: 435931 - 435940
** VNET: Y
** DO2: N
# nquan = 22
# nvalues = 5417                        
# units = specified
# name 0 = scan: Scan Count
# name 1 = prDM: Pressure, Digiquartz [db]
# name 2 = t090C: Temperature [ITS-90, deg C]
# name 3 = t190C: Temperature, 2 [ITS-90, deg C]
# name 4 = c0S/m: Conductivity [S/m]
# name 5 = c1S/m: Conductivity, 2 [S/m]
# name 6 = sbeox0V: Oxygen raw, SBE 43 [V]
# name 7 = sbeox1V: Oxygen raw, SBE 43, 2 [V]
# name 8 = ph: pH
# name 9 = flECO-AFL: Fluorescence, WET Labs ECO-AFL/FL [mg/m^3]
# name 10 = wetCDOM: Fluorescence, WET Labs CDOM [mg/m^3]
# name 11 = par/sat/log: PAR/Logarithmic, Satlantic [umol photons/m^2/sec]
# name 12 = CStarAt0: Beam Attenuation, WET Labs C-Star [1/m]
# name 13 = CStarTr0: Beam Transmission, WET Labs C-Star [%]
# name 14 = sbeox0ML/L: Oxygen, SBE 43 [ml/l], WS = 2
# name 15 = sbeox1ML/L: Oxygen, SBE 43, 2 [ml/l], WS = 2
# name 16 = sal00: Salinity, Practical [PSU]
# name 17 = sal11: Salinity, Practical, 2 [PSU]
# name 18 = sigma-t00: Density [sigma-t, kg/m^3 ]
# name 19 = sigma-t11: Density, 2 [sigma-t, kg/m^3 ]
# name 20 = oxsatML/L: Oxygen Saturation, Weiss [ml/l]
# name 21 = flag: flag
# span 0 =         59,      37570       
# span 1 =      0.792,    268.502       
# span 2 =     3.2590,    11.7152       
# span 3 =     3.2522,    11.7146       
# span 4 =   3.125553,   3.750992       
# span 5 =   3.124922,   3.750543       
# span 6 =     1.7627,     2.4219       
# span 7 =     2.1189,     2.9582       
# span 8 =      7.928,      8.232       
# span 9 =    -0.6325,     7.4770       
# span 10 =    -2.8130,   482.1870      
# span 11 = 1.0678e-01, 9.1798e+01      
# span 12 =    -0.1324,     0.3680      
# span 13 =    91.2105,   103.3645      
# span 14 =     5.5519,     7.9334      
# span 15 =     5.8012,     8.3389      
# span 16 =    32.8256,    34.8622      
# span 17 =    32.8252,    34.8613      
# span 18 =    24.9564,    27.6642      
# span 19 =    24.9533,    27.6640      
# span 20 =    6.17142,    7.43801      
# span 21 = 0.0000e+00, 0.0000e+00      
# interval = scans: 3                   
# start_time = Jul 18 2020 08:57:04 [System UTC, header]
# bad_flag = -9.990e-29
*END*
[from data line 1515]
       5183    170.319     3.5638     3.5584   3.196575   3.196038     1.9910     2.4090      7.980    -0.5816     2.9115 1.0715e-01    -0.1194   103.0299     6.5373     6.8340    34.6681    34.6674    27.5664    27.5664    7.35852 0.0000e+00
       5186    170.503     3.5642     3.5602   3.196622   3.196246     1.9902     2.4086      7.980    -0.5816     2.7930 1.0715e-01    -0.1194   103.0299     6.5318     6.8320    34.6681    34.6679    27.5664    27.5666    7.35845 0.0000e+00
       5189    170.686     3.5644     3.5609   3.196709   3.196291     1.9890     2.4078      7.980    -0.5918     2.7930 1.0715e-01    -0.1194   103.0299     6.5252     6.8276    34.6689    34.6676    27.5669    27.5663    7.35838 0.0000e+00
       5192    170.872     3.5666     3.5616   3.197058   3.196437     1.9894     2.4078      7.980    -0.5918     2.7535 1.0715e-01    -0.1194   103.0299     6.5265     6.8251    34.6707    34.6686    27.5682    27.5670    7.35790 0.0000e+00
       5195    171.056     3.5736     3.5683   3.198080   3.197406     1.9894     2.4066      7.980    -0.5714     2.7535 1.0715e-01    -0.1194   103.0299     6.5244     6.8188    34.6754    34.6730    27.5713    27.5699    7.35639 0.0000e+00
       5198    171.239     3.5854     3.5816   3.199621   3.199030     1.9894     2.4070      7.979    -0.5918     2.7535 1.0715e-01    -0.1194   103.0299     6.5194     6.8183    34.6812    34.6782    27.5747    27.5727    7.35394 0.0000e+00
       5201    171.420     3.5941     3.5898   3.200409   3.199855     1.9886     2.4066      7.979    -0.5816     3.2668 1.0715e-01    -0.1173   102.9757     6.5134     6.8133    34.6813    34.6792    27.5739    27.5727    7.35235 0.0000e+00
       5204    171.597     3.5963     3.5920   3.200589   3.200064     1.9882     2.4062      7.979    -0.5816     4.6090 1.0715e-01    -0.1162   102.9486     6.5074     6.8096    34.6811    34.6794    27.5736    27.5726    7.35198 0.0000e+00
       5207    171.773     3.5977     3.5937   3.200787   3.200301     1.9878     2.4054      7.979    -0.5918     4.5301 1.0715e-01    -0.1162   102.9486     6.5042     6.8058    34.6819    34.6803    27.5740    27.5732    7.35167 0.0000e+00
       5210    171.943     3.5994     3.5947   3.200908   3.200402     1.9874     2.4054      7.979    -0.5816     4.5301 1.0715e-01    -0.1162   102.9486     6.5021     6.8038    34.6814    34.6804    27.5734    27.5731    7.35138 0.0000e+00
       5213    172.108     3.6000     3.5949   3.200957   3.200411     1.9862     2.4041      7.979    -0.5714     4.5301 1.0715e-01    -0.1166   102.9576     6.4970     6.7954    34.6813    34.6801    27.5733    27.5729    7.35129 0.0000e+00
       5216    172.267     3.6000     3.5949   3.201031   3.200484     1.9874     2.4037      7.979    -0.5714     4.5301 1.0715e-01    -0.1162   102.9486     6.4984     6.7895    34.6820    34.6809    27.5739    27.5735    7.35124 0.0000e+00
       5219    172.424     3.6004     3.5954   3.201064   3.200559     1.9862     2.4041      7.979    -0.5816     4.5301 1.0715e-01    -0.1162   102.9486     6.4924     6.7879    34.6819    34.6812    27.5738    27.5737    7.35118 0.0000e+00
       5222    172.575     3.6016     3.5958   3.201280   3.200620     1.9853     2.4029      7.979    -0.5816     4.5301 1.0715e-01    -0.1173   102.9757     6.4901     6.7789    34.6832    34.6814    27.5747    27.5738    7.35090 0.0000e+00
       5225    172.715     3.6033     3.5973   3.201479   3.200812     1.9853     2.4021      7.979    -0.5816     4.5301 1.0715e-01    -0.1176   102.9847     6.4903     6.7734    34.6838    34.6821    27.5750    27.5742    7.35058 0.0000e+00
       5228    172.852     3.6037     3.5976   3.201542   3.200804     1.9841     2.4025      7.979    -0.5714     2.2008 1.0715e-01    -0.1176   102.9847     6.4841     6.7713    34.6839    34.6816    27.5750    27.5738    7.35048 0.0000e+00
       5231    172.983     3.6051     3.5982   3.201728   3.200944     1.9845     2.4013      7.978    -0.5816     0.3848 1.0715e-01    -0.1173   102.9757     6.4854     6.7639    34.6846    34.6826    27.5754    27.5746    7.35019 0.0000e+00
       5234    173.109     3.6070     3.6003   3.201933   3.201184     1.9841     2.3997      7.978    -0.5918     0.5032 1.0715e-01    -0.1176   102.9847     6.4825     6.7560    34.6850    34.6832    27.5756    27.5748    7.34983 0.0000e+00
       5237    173.225     3.6113     3.6050   3.202503   3.201913     1.9841     2.3989      7.979    -0.5714     0.5032 1.0715e-01    -0.1173   102.9757     6.4797     6.7512    34.6872    34.6869    27.5769    27.5773    7.34894 0.0000e+00
       5240    173.337     3.6165     3.6127   3.203094   3.202801     1.9825     2.3980      7.979    -0.5816     0.5032 1.0715e-01    -0.1173   102.9757     6.4716     6.7437    34.6887    34.6892    27.5775    27.5784    7.34791 0.0000e+00
       5243    173.442     3.6234     3.6192   3.203906   3.203501     1.9829     2.3980      7.979    -0.6121     0.5032 1.0715e-01    -0.1183   103.0028     6.4721     6.7414    34.6911    34.6906    27.5788    27.5789    7.34655 0.0000e+00
       5246    173.540     3.6285     3.6235   3.204435   3.203921     1.9829     2.3964      7.978    -0.6223     0.5032 1.0727e-01    -0.1183   103.0028     6.4715     6.7334    34.6919    34.6910    27.5789    27.5788    7.34558 0.0000e+00
       5249    173.635     3.6314     3.6261   3.204638   3.204096     1.9813     2.3960      7.979    -0.6019     0.5032 1.0715e-01    -0.1183   103.0028     6.4627     6.7326    34.6912    34.6903    27.5781    27.5780    7.34509 0.0000e+00
       5252    173.727     3.6324     3.6270   3.204678   3.204198     1.9813     2.3944      7.978    -0.6121     0.5032 1.0715e-01    -0.1183   103.0028     6.4611     6.7283    34.6906    34.6905    27.5775    27.5780    7.34494 0.0000e+00
       5255    173.810     3.6331     3.6279   3.204778   3.204303     1.9808     2.3944      7.976    -0.6121     1.9640 1.0715e-01    -0.1183   103.0028     6.4598     6.7329    34.6910    34.6909    27.5777    27.5782    7.34479 0.0000e+00
       5258    173.889     3.6347     3.6295   3.204919   3.204454     1.9800     2.3940      7.976    -0.6121     2.1614 1.0715e-01    -0.1183   103.0028     6.4561     6.7353    34.6909    34.6909    27.5775    27.5781    7.34450 0.0000e+00
       5261    173.960     3.6353     3.6302   3.204977   3.204515     1.9796     2.3927      7.976    -0.6121     2.1614 1.0715e-01    -0.1201   103.0480     6.4568     6.7338    34.6909    34.6909    27.5775    27.5780    7.34439 0.0000e+00
       5264    174.032     3.6363     3.6308   3.205077   3.204562     1.9796     2.3919      7.976    -0.6121     2.1614 1.0715e-01    -0.1226   103.1113     6.4588     6.7334    34.6911    34.6907    27.5775    27.5778    7.34421 0.0000e+00
       5267    174.102     3.6370     3.6315   3.205208   3.204674     1.9784     2.3911      7.976    -0.6121     2.1614 1.0715e-01    -0.1226   103.1113     6.4537     6.7317    34.6918    34.6913    27.5780    27.5781    7.34403 0.0000e+00
       5270    174.172     3.6378     3.6325   3.205322   3.204767     1.9788     2.3895      7.978    -0.5816     2.1614 1.0715e-01    -0.1222   103.1023     6.4571     6.7279    34.6923    34.6913    27.5784    27.5780    7.34387 0.0000e+00
       5273    174.245     3.6383     3.6331   3.205401   3.204838     1.9776     2.3907      7.976    -0.5714     2.1614 1.0715e-01    -0.1226   103.1113     6.4543     6.7339    34.6926    34.6915    27.5786    27.5782    7.34375 0.0000e+00
       5276    174.314     3.6386     3.6333   3.205443   3.204861     1.9776     2.3895      7.975    -0.5816     2.1614 1.0715e-01    -0.1226   103.1113     6.4548     6.7314    34.6929    34.6915    27.5787    27.5781    7.34370 0.0000e+00
       5279    174.387     3.6389     3.6337   3.205511   3.204944     1.9776     2.3895      7.975    -0.5918    74.1712 1.0715e-01    -0.1226   103.1113     6.4566     6.7325    34.6933    34.6920    27.5791    27.5785    7.34363 0.0000e+00
       5282    174.463     3.6395     3.6343   3.205574   3.205003     1.9768     2.3891      7.975    -0.5918   471.7251 1.0715e-01    -0.1226   103.1113     6.4543     6.7326    34.6933    34.6920    27.5790    27.5785    7.34350 0.0000e+00
       5285    174.540     3.6398     3.6344   3.205630   3.205045     1.9768     2.3883      7.975    -0.5816   481.5159 1.0715e-01    -0.1226   103.1113     6.4543     6.7313    34.6936    34.6923    27.5792    27.5787    7.34344 0.0000e+00
       5288    174.621     3.6400     3.6346   3.205627   3.205078     1.9764     2.3879      7.975    -0.5714   481.2790 1.0715e-01    -0.1226   103.1113     6.4524     6.7303    34.6933    34.6925    27.5789    27.5788    7.34341 0.0000e+00
       5291    174.702     3.6398     3.6346   3.205652   3.205091     1.9760     2.3862      7.975    -0.5816   481.3579 1.0715e-01    -0.1229   103.1204     6.4482     6.7248    34.6938    34.6927    27.5794    27.5790    7.34343 0.0000e+00
       5294    174.788     3.6404     3.6347   3.205723   3.205150     1.9752     2.3862      7.975    -0.5918   481.3579 1.0715e-01    -0.1233   103.1294     6.4420     6.7209    34.6940    34.6932    27.5794    27.5794    7.34331 0.0000e+00
       5297    174.877     3.6408     3.6355   3.205799   3.205246     1.9752     2.3858      7.975    -0.5816   481.3579 1.0715e-01    -0.1226   103.1113     6.4392     6.7156    34.6945    34.6934    27.5798    27.5794    7.34322 0.0000e+00
       5300    174.971     3.6419     3.6362   3.205934   3.205348     1.9752     2.3854      7.975    -0.5918   481.3184 1.0715e-01    -0.1226   103.1113     6.4338     6.7121    34.6949    34.6939    27.5800    27.5797    7.34301 0.0000e+00
       5303    175.068     3.6435     3.6371   3.206117   3.205489     1.9743     2.3850      7.975    -0.5816   481.3579 1.0715e-01    -0.1212   103.0752     6.4263     6.7080    34.6953    34.6946    27.5802    27.5802    7.34269 0.0000e+00
       5306    175.166     3.6440     3.6382   3.206177   3.205627     1.9743     2.3842      7.975    -0.5816   481.3579 1.0715e-01    -0.1205   103.0571     6.4238     6.7038    34.6955    34.6950    27.5802    27.5805    7.34259 0.0000e+00
       5309    175.269     3.6468     3.6408   3.206535   3.206037     1.9735     2.3834      7.974    -0.5714   481.3579 1.0715e-01    -0.1205   103.0571     6.4168     6.6989    34.6967    34.6970    27.5809    27.5818    7.34202 0.0000e+00
       5312    175.380     3.6539     3.6478   3.207370   3.206848     1.9731     2.3834      7.974    -0.5816   481.3579 1.0715e-01    -0.1208   103.0661     6.4121     6.6948    34.6991    34.6993    27.5821    27.5829    7.34061 0.0000e+00
       5315    175.494     3.6597     3.6539   3.207982   3.207444     1.9715     2.3821      7.974    -0.5816   481.3579 1.0715e-01    -0.1208   103.0661     6.4046     6.6852    34.7002    34.6999    27.5825    27.5828    7.33951 0.0000e+00
       5318    175.614     3.6646     3.6595   3.208627   3.208071     1.9715     2.3809      7.974    -0.5714   481.3579 1.0715e-01    -0.1205   103.0571     6.4028     6.6739    34.7026    34.7014    27.5839    27.5834    7.33849 0.0000e+00
       5321    175.741     3.6706     3.6657   3.209293   3.208787     1.9707     2.3801      7.974    -0.5918   481.3579 1.0715e-01    -0.1212   103.0752     6.3946     6.6666    34.7042    34.7033    27.5845    27.5843    7.33733 0.0000e+00
       5324    175.871     3.6760     3.6714   3.209961   3.209443     1.9698     2.3797      7.974    -0.5816   481.3579 1.0715e-01    -0.1236   103.1385     6.3880     6.6613    34.7063    34.7051    27.5857    27.5852    7.33624 0.0000e+00
       5327    176.006     3.6830     3.6780   3.210651   3.210079     1.9690     2.3785      7.974    -0.5816   481.3579 1.0715e-01    -0.1236   103.1385     6.3830     6.6515    34.7071    34.7056    27.5856    27.5848    7.33493 0.0000e+00
       5330    176.142     3.6874     3.6824   3.211065   3.210524     1.9694     2.3785      7.974    -0.5714   481.3579 1.0715e-01    -0.1236   103.1385     6.3815     6.6456    34.7073    34.7061    27.5854    27.5849    7.33413 0.0000e+00
       5333    176.283     3.6921     3.6883   3.211579   3.211145     1.9678     2.3764      7.974    -0.5918   158.7352 1.0715e-01    -0.1236   103.1385     6.3709     6.6315    34.7084    34.7072    27.5857    27.5852    7.33322 0.0000e+00
       5336    176.428     3.6959     3.6920   3.211913   3.211415     1.9682     2.3756      7.974    -0.5816     1.0165 1.0715e-01    -0.1236   103.1385     6.3705     6.6251    34.7083    34.7065    27.5853    27.5842    7.33254 0.0000e+00
       5339    176.578     3.6979     3.6930   3.212079   3.211521     1.9682     2.3744      7.974    -0.5816     6.3462 1.0715e-01    -0.1236   103.1385     6.3692     6.6193    34.7081    34.7066    27.5849    27.5842    7.33219 0.0000e+00
       5342    176.726     3.6996     3.6946   3.212348   3.211787     1.9666     2.3732      7.974    -0.5816     6.0698 1.0715e-01    -0.1233   103.1294     6.3597     6.6140    34.7094    34.7080    27.5858    27.5851    7.33182 0.0000e+00
       5345    176.877     3.7031     3.6977   3.212738   3.212156     1.9654     2.3732      7.973    -0.5918     6.0698 1.0715e-01    -0.1240   103.1475     6.3492     6.6126    34.7103    34.7090    27.5861    27.5857    7.33114 0.0000e+00
       5348    177.025     3.7067     3.7018   3.213151   3.212609     1.9650     2.3715      7.971    -0.5918     6.0698 1.0715e-01    -0.1236   103.1385     6.3437     6.6029    34.7113    34.7100    27.5866    27.5861    7.33044 0.0000e+00
       5351    177.177     3.7101     3.7056   3.213512   3.212985     1.9646     2.3695      7.971    -0.5816     6.0698 1.0715e-01    -0.1236   103.1385     6.3395     6.5943    34.7119    34.7104    27.5867    27.5859    7.32978 0.0000e+00
       5354    177.329     3.7125     3.7081   3.213773   3.213259     1.9629     2.3679      7.971    -0.5816     6.0698 1.0715e-01    -0.1236   103.1385     6.3300     6.5874    34.7124    34.7110    27.5869    27.5861    7.32933 0.0000e+00
       5357    177.482     3.7144     3.7096   3.213958   3.213432     1.9617     2.3671      7.971    -0.5816    22.1772 1.0715e-01    -0.1236   103.1385     6.3232     6.5838    34.7125    34.7113    27.5867    27.5863    7.32898 0.0000e+00
       5360    177.634     3.7150     3.7106   3.214035   3.213542     1.9617     2.3663      7.969    -0.5714   439.0364 1.0715e-01    -0.1236   103.1385     6.3189     6.5815    34.7127    34.7115    27.5869    27.5863    7.32886 0.0000e+00
       5363    177.785     3.7160     3.7111   3.214118   3.213601     1.9609     2.3650      7.969    -0.5816   481.3185 1.0715e-01    -0.1226   103.1113     6.3152     6.5775    34.7125    34.7115    27.5866    27.5863    7.32868 0.0000e+00
       5366    177.935     3.7165     3.7115   3.214170   3.213642     1.9601     2.3654      7.969    -0.5918   481.1605 1.0715e-01    -0.1226   103.1113     6.3142     6.5797    34.7126    34.7116    27.5866    27.5863    7.32860 0.0000e+00
       5369    178.085     3.7165     3.7115   3.214209   3.213652     1.9580     2.3634      7.969    -0.5816   481.3579 1.0715e-01    -0.1226   103.1113     6.3070     6.5730    34.7130    34.7116    27.5869    27.5863    7.32858 0.0000e+00
       5372    178.233     3.7185     3.7124   3.214465   3.213793     1.9584     2.3614      7.969    -0.5816   481.3579 1.0715e-01    -0.1226   103.1113     6.3095     6.5662    34.7138    34.7123    27.5873    27.5868    7.32817 0.0000e+00
       5375    178.380     3.7201     3.7141   3.214656   3.214030     1.9580     2.3610      7.969    -0.5918   481.3579 1.0715e-01    -0.1226   103.1113     6.3092     6.5655    34.7143    34.7132    27.5876    27.5874    7.32785 0.0000e+00
