Datasets/AZMP/TEL210/tel210_2020_056.cnv
* Sea-Bird SBE 9 Data File:
* FileName = C:\CTDDATA\tel210_2020_056.hex
* Software Version Seasave V 7.26.7.110
* Temperature SN = 1697
* Conductivity SN = 4216
* Number of Bytes Per Scan = 30
* Number of Voltage Words = 4
* Number of Scans Averaged by the Deck Unit = 1
* NMEA baud rate = 4800
** VESSEL/TRIP/SEQ STN:  tel210_2020_056
** LATITUDE XX XX.XX: 48 50.00 N
** LONGITUDE XX XX.XX: 052 39.00 W
** SOUNDING DEPTH (M): 0253
** PROBE TYPE: S1146
** CTD NUMBER: 046
** COMMENTS (14 CHAR): BB-03
** BOTTLES:  10
** LEVELS: 5,10,20,30,40,50,75,100,150,BTM
** STICKERS: 436096 - 436105
** VNET: Y
** DO2: N
# nquan = 22
# nvalues = 5337                        
# units = specified
# name 0 = scan: Scan Count
# name 1 = prDM: Pressure, Digiquartz [db]
# name 2 = t090C: Temperature [ITS-90, deg C]
# name 3 = t190C: Temperature, 2 [ITS-90, deg C]
# name 4 = c0S/m: Conductivity [S/m]
# name 5 = c1S/m: Conductivity, 2 [S/m]
# name 6 = sbeox0V: Oxygen raw, SBE 43 [V]
# name 7 = sbeox1V: Oxygen raw, SBE 43, 2 [V]
# name 8 = ph: pH
# name 9 = flECO-AFL: Fluorescence, WET Labs ECO-AFL/FL [mg/m^3]
# name 10 = wetCDOM: Fluorescence, WET Labs CDOM [mg/m^3]
# name 11 = par/sat/log: PAR/Logarithmic, Satlantic [umol photons/m^2/sec]
# name 12 = CStarAt0: Beam Attenuation, WET Labs C-Star [1/m]
# name 13 = CStarTr0: Beam Transmission, WET Labs C-Star [%]
# name 14 = sbeox0ML/L: Oxygen, SBE 43 [ml/l], WS = 2
# name 15 = sbeox1ML/L: Oxygen, SBE 43, 2 [ml/l], WS = 2
# name 16 = sal00: Salinity, Practical [PSU]
# name 17 = sal11: Salinity, Practical, 2 [PSU]
# name 18 = sigma-t00: Density [sigma-t, kg/m^3 ]
# name 19 = sigma-t11: Density, 2 [sigma-t, kg/m^3 ]
# name 20 = oxsatML/L: Oxygen Saturation, Weiss [ml/l]
# name 21 = flag: flag
# span 0 =         96,      46815       
# span 1 =      0.273,    249.023       
# span 2 =    -1.3935,    11.4625       
# span 3 =    -1.3966,    11.4587       
# span 4 =   2.623318,   3.610779       
# span 5 =   2.623063,   3.610341       
# span 6 =     1.8918,     2.5941       
# span 7 =     2.2813,     3.1820       
# span 8 =      7.943,      8.299       
# span 9 =     0.6346,    12.2114       
# span 10 =    -2.8130,   482.1870      
# span 11 = 1.0715e-01, 2.1757e+03      
# span 12 =    -0.1463,     0.9629      
# span 13 =    78.6044,   103.7263      
# span 14 =     5.7505,     9.4224      
# span 15 =     5.8281,    10.6904      
# span 16 =    29.9164,    34.0838      
# span 17 =    30.6964,    34.0817      
# span 18 =    22.8709,    27.2627      
# span 19 =    23.3511,    27.2565      
# span 20 =    6.24985,    8.48355      
# span 21 = 0.0000e+00, 0.0000e+00      
# interval = scans: 3                   
# start_time = Jul 21 2020 16:27:24 [System UTC, header]
# bad_flag = -9.990e-29
*END*
[from data line 2568]
      11085    231.515     1.1002     1.0972   2.917651   2.920441     1.9038     2.2991      7.969     0.7722     6.4251 1.0715e-01    -0.0407   101.0224     6.7288     7.0354    33.8193    33.8583    27.0896    27.1212    7.87871 0.0000e+00
      11088    231.438     1.0792     1.0912   2.916666   2.920139     1.9034     2.2995      7.969     0.7616     3.0694 1.0715e-01    -0.0389   100.9771     6.7313     7.0471    33.8295    33.8611    27.0991    27.1237    7.88248 0.0000e+00
      11091    231.359     1.0633     1.0674   2.915115   2.916634     1.9034     2.2995      7.969     0.7510    -1.1154 1.0727e-01    -0.0396   100.9952     6.7322     7.0597    33.8269    33.8420    27.0981    27.1099    7.88588 0.0000e+00
      11094    231.279     1.0532     1.0455   2.915713   2.914499     1.9042     2.2991      7.969     0.7510    -0.9180 1.0727e-01    -0.0396   100.9952     6.7353     7.0684    33.8455    33.8384    27.1137    27.1084    7.88696 0.0000e+00
      11097    231.194     1.0504     1.0277   2.913049   2.912615     1.9038     2.2995      7.969     0.7510    -0.9180 1.0715e-01    -0.0396   100.9952     6.7371     7.0777    33.8145    33.8335    27.0889    27.1057    7.88921 0.0000e+00
      11100    231.108     1.0294     1.0133   2.910156   2.910371     1.9047     2.3007      7.969     0.7616    -0.9180 1.0715e-01    -0.0396   100.9952     6.7545     7.0860    33.8002    33.8204    27.0788    27.0961    7.89429 0.0000e+00
      11103    231.019     1.0131     0.9977   2.909469   2.908960     1.9047     2.3011      7.969     0.7510    -0.9180 1.0740e-01    -0.0389   100.9771     6.7554     7.0927    33.8091    33.8192    27.0870    27.0961    7.89717 0.0000e+00
      11106    230.931     1.0086     0.9868   2.910873   2.907924     1.9026     2.3003      7.969     0.7510    -0.9180 1.0715e-01    -0.0392   100.9862     6.7418     7.0925    33.8321    33.8178    27.1058    27.0956    7.89687 0.0000e+00
      11109    230.845     1.0008     0.9826   2.907746   2.907816     1.9030     2.3011      7.969     0.7510    -0.9180 1.0715e-01    -0.0396   100.9952     6.7486     7.0924    33.8004    33.8210    27.0808    27.0985    7.90017 0.0000e+00
      11112    230.758     0.9866     0.9823   2.907010   2.907032     1.9038     2.3020      7.969     0.7616    -0.9180 1.0727e-01    -0.0396   100.9952     6.7545     7.0910    33.8063    33.8113    27.0865    27.0908    7.90277 0.0000e+00
      11115    230.673     0.9795     0.9564   2.906508   2.904156     1.9022     2.3020      7.969     0.7510    -1.1154 1.0715e-01    -0.0396   100.9952     6.7445     7.0914    33.8077    33.8025    27.0880    27.0853    7.90417 0.0000e+00
      11118    230.588     0.9691     0.9435   2.904407   2.903032     1.9026     2.3024      7.970     0.7510    -1.2338 1.0715e-01    -0.0396   100.9952     6.7480     7.0846    33.7920    33.8021    27.0761    27.0858    7.90716 0.0000e+00
      11121    230.507     0.9524     0.9348   2.903124   2.902279     1.9038     2.3024      7.970     0.7616    -1.1944 1.0715e-01    -0.0392   100.9862     6.7560     7.0745    33.7936    33.8019    27.0784    27.0862    7.91051 0.0000e+00
      11124    230.427     0.9446     0.9281   2.903067   2.901358     1.9047     2.3011      7.970     0.7722    -1.1944 1.0740e-01    -0.0396   100.9952     6.7626     7.0597    33.8015    33.7974    27.0852    27.0829    7.91171 0.0000e+00
      11127    230.352     0.9456     0.9181   2.902920   2.900222     1.9026     2.3020      7.968     0.7616    -1.1944 1.0740e-01    -0.0418   101.0495     6.7525     7.0571    33.7985    33.7936    27.0827    27.0806    7.91166 0.0000e+00
      11130    230.276     0.9422     0.9167   2.901071   2.900349     1.9030     2.3016      7.970     0.7510    -1.1944 1.0715e-01    -0.0421   101.0585     6.7564     7.0471    33.7785    33.7969    27.0669    27.0832    7.91345 0.0000e+00
      11133    230.202     0.9358     0.9126   2.901740   2.900276     1.9034     2.3007      7.970     0.7616    -1.1944 1.0715e-01    -0.0425   101.0676     6.7548     7.0389    33.7940    33.8004    27.0798    27.0863    7.91392 0.0000e+00
      11136    230.131     0.9235     0.9164   2.900907   2.902013     1.9026     2.3007      7.970     0.7616    -1.1944 1.0727e-01    -0.0418   101.0495     6.7513     7.0339    33.7967    33.8186    27.0826    27.1008    7.91632 0.0000e+00
      11139    230.068     0.9215     0.9291   2.903363   2.904556     1.9026     2.3003      7.970     0.7616    -1.1549 1.0715e-01    -0.0418   101.0495     6.7500     7.0267    33.8305    33.8376    27.1100    27.1152    7.91492 0.0000e+00
      11142    230.010     0.9386     0.9452   2.907499   2.905179     1.9026     2.2983      7.970     0.7510    -0.8391 1.0740e-01    -0.0425   101.0676     6.7399     7.0142    33.8652    33.8282    27.1369    27.1067    7.90953 0.0000e+00
      11145    229.955     0.9604     0.9624   2.908195   2.908634     1.9026     2.2983      7.970     0.7722    -0.7996 1.0715e-01    -0.0429   101.0766     6.7335     7.0133    33.8506    33.8540    27.1237    27.1263    7.90582 0.0000e+00
      11148    229.903     0.9564     1.0440   2.906554   2.916941     1.9022     2.2975      7.968     0.7510    -0.7996 1.0727e-01    -0.0482   101.2123     6.7373     6.9954    33.8337    33.8721    27.1104    27.1356    7.90753 0.0000e+00
      11151    229.851     0.9614     1.1336   2.905628   2.923570     1.9014     2.2975      7.970     0.7722    -0.8391 1.0727e-01    -0.0478   101.2032     6.7365     6.9782    33.8164    33.8599    27.0962    27.1200    7.90743 0.0000e+00
      11154    229.803     0.9344     1.1402   2.898183   2.922839     1.9018     2.2975      7.970     0.7510    -0.7996 1.0727e-01    -0.0482   101.2123     6.7470     6.9840    33.7500    33.8434    27.0445    27.1063    7.91658 0.0000e+00
      11157    229.756     0.8825     1.0760   2.891117   2.916907     1.9018     2.2983      7.968     0.7616    -0.8391 1.0727e-01    -0.0478   101.2032     6.7613     7.0067    33.7153    33.8370    27.0198    27.1054    7.92919 0.0000e+00
      11160    229.708     0.8476     1.0468   2.890611   2.913564     1.9014     2.2971      7.970     0.7299    -0.8391 1.0727e-01    -0.0475   101.1942     6.7653     7.0125    33.7467    33.8259    27.0472    27.0983    7.93475 0.0000e+00
      11163    229.658     0.8372     1.0653   2.891631   2.917245     1.9018     2.2967      7.970     0.7299    -0.8391 1.0715e-01    -0.0478   101.2032     6.7698     7.0110    33.7712    33.8531    27.0675    27.1190    7.93559 0.0000e+00
      11166    229.604     0.8418     1.1044   2.895369   2.919721     1.9014     2.2967      7.970     0.7299    -0.9180 1.0740e-01    -0.0493   101.2394     6.7678     7.0069    33.8144    33.8424    27.1020    27.1078    7.93231 0.0000e+00
      11169    229.548     0.8784     1.1008   2.902803   2.918971     1.9014     2.2971      7.970     0.7405    -1.0759 1.0727e-01    -0.0518   101.3027     6.7633     7.0107    33.8705    33.8368    27.1449    27.1036    7.92170 0.0000e+00
      11172    229.495     0.8869     1.0150   2.900701   2.907671     1.9014     2.2963      7.970     0.7299    -1.0759 1.0715e-01    -0.0514   101.2937     6.7663     7.0286    33.8341    33.7848    27.1151    27.0673    7.92188 0.0000e+00
      11175    229.437     0.9042     0.9760   2.904240   2.907339     1.9014     2.2959      7.970     0.7299    -1.1154 1.0715e-01    -0.0514   101.2937     6.7609     7.0340    33.8610    33.8229    27.1356    27.1004    7.91687 0.0000e+00
      11178    229.371     0.9374     0.9543   2.905649   2.902290     1.9014     2.2971      7.970     0.7299    -1.0364 1.0715e-01    -0.0518   101.3027     6.7542     7.0482    33.8431    33.7815    27.1191    27.0685    7.91096 0.0000e+00
      11181    229.305     0.9081     0.8644   2.893781   2.891163     1.9010     2.2967      7.968     0.7299    -1.1549 1.0752e-01    -0.0514   101.2937     6.7627     7.0716    33.7222    33.7358    27.0237    27.0374    7.92352 0.0000e+00
      11184    229.232     0.8696     0.8066   2.891750   2.887834     1.9006     2.2959      7.968     0.7405    -1.0364 1.0715e-01    -0.0514   101.2937     6.7674     7.0828    33.7377    33.7556    27.0386    27.0569    7.93066 0.0000e+00
      11187    229.153     0.8373     0.8020   2.888132   2.887793     1.9018     2.2959      7.970     0.7510    -1.0759 1.0740e-01    -0.0514   101.2937     6.7818     7.0842    33.7262    33.7601    27.0314    27.0608    7.93800 0.0000e+00
      11190    229.073     0.8097     0.7918   2.885979   2.886947     1.9014     2.2959      7.970     0.7616    -1.0759 1.0727e-01    -0.0514   101.2937     6.7866     7.0845    33.7285    33.7603    27.0348    27.0615    7.94362 0.0000e+00
      11193    228.986     0.7912     0.7980   2.884693   2.885720     1.9026     2.2959      7.970     0.7510    -0.6416 1.0715e-01    -0.0514   101.2937     6.7941     7.0874    33.7319    33.7378    27.0387    27.0430    7.94727 0.0000e+00
      11196    228.893     0.7752     0.7594   2.882511   2.881748     1.9010     2.2959      7.970     0.7616    -0.3258 1.0715e-01    -0.0514   101.2937     6.7892     7.0980    33.7212    33.7285    27.0310    27.0379    7.95118 0.0000e+00
      11199    228.797     0.7575     0.7354   2.880655   2.879742     1.9010     2.2963      7.970     0.7510    -0.3258 1.0740e-01    -0.0514   101.2937     6.7927     7.1022    33.7164    33.7287    27.0283    27.0395    7.95512 0.0000e+00
      11202    228.692     0.7410     0.7204   2.879077   2.878392     1.9006     2.2971      7.970     0.7616    -0.3258 1.0727e-01    -0.0514   101.2937     6.7929     7.1075    33.7140    33.7275    27.0274    27.0394    7.95870 0.0000e+00
      11205    228.579     0.7284     0.7148   2.878269   2.878215     1.9010     2.2963      7.970     0.7616    -0.3653 1.0715e-01    -0.0514   101.2937     6.7984     7.1074    33.7174    33.7314    27.0308    27.0429    7.96115 0.0000e+00
      11208    228.458     0.7195     0.7262   2.877702   2.879994     1.9010     2.2963      7.970     0.7616    -0.3653 1.0727e-01    -0.0546   101.3751     6.8002     7.1067    33.7197    33.7422    27.0332    27.0509    7.96288 0.0000e+00
      11211    228.334     0.7151     0.7332   2.877709   2.879891     1.9014     2.2955      7.970     0.7510    -0.3258 1.0715e-01    -0.0546   101.3751     6.8027     7.1042    33.7247    33.7333    27.0375    27.0433    7.96354 0.0000e+00
      11214    228.205     0.7120     0.7308   2.877489   2.879725     1.9014     2.2959      7.970     0.7405    -0.3258 1.0715e-01    -0.0546   101.3751     6.8051     7.1078    33.7253    33.7338    27.0381    27.0439    7.96414 0.0000e+00
      11217    228.070     0.7114     0.7252   2.877452   2.878641     1.9002     2.2971      7.970     0.7405    -0.3653 1.0715e-01    -0.0546   101.3751     6.8014     7.1162    33.7256    33.7260    27.0384    27.0379    7.96427 0.0000e+00
      11220    227.931     0.7095     0.7063   2.877201   2.876251     1.9010     2.2959      7.970     0.7510    -1.6286 1.0740e-01    -0.0546   101.3751     6.8099     7.1185    33.7244    33.7156    27.0376    27.0307    7.96472 0.0000e+00
      11223    227.790     0.7092     0.6954   2.877085   2.875729     1.9006     2.2955      7.970     0.7510    -1.8260 1.0727e-01    -0.0546   101.3751     6.8096     7.1197    33.7234    33.7208    27.0368    27.0355    7.96485 0.0000e+00
      11226    227.643     0.7050     0.7006   2.876136   2.877025     1.9006     2.2959      7.970     0.7616    -1.7866 1.0727e-01    -0.0543   101.3660     6.8133     7.1234    33.7157    33.7320    27.0309    27.0442    7.96613 0.0000e+00
      11229    227.494     0.6994     0.7088   2.875129   2.876941     1.9014     2.2959      7.970     0.7616    -1.7866 1.0727e-01    -0.0536   101.3479     6.8185     7.1274    33.7089    33.7221    27.0257    27.0358    7.96768 0.0000e+00
      11232    227.345     0.6910     0.6963   2.874304   2.874948     1.9014     2.2971      7.971     0.7510    -1.8260 1.0727e-01    -0.0536   101.3479     6.8189     7.1419    33.7074    33.7099    27.0249    27.0267    7.96951 0.0000e+00
      11235    227.194     0.6850     0.6674   2.873486   2.870916     1.9014     2.2971      7.971     0.7510    -1.8260 1.0740e-01    -0.0536   101.3479     6.8204     7.1522    33.7034    33.6892    27.0222    27.0118    7.97099 0.0000e+00
      11238    227.044     0.6755     0.6446   2.870031   2.870073     1.9010     2.2971      7.969     0.7087    -1.7866 1.0727e-01    -0.0536   101.3479     6.8243     7.1592    33.6690    33.7031    26.9950    27.0243    7.97483 0.0000e+00
      11241    226.895     0.6605     0.6418   2.868181   2.869444     1.9010     2.2979      7.971     0.6875    -1.8260 1.0727e-01    -0.0536   101.3479     6.8302     7.1633    33.6615    33.6981    26.9898    27.0205    7.97840 0.0000e+00
      11244    226.742     0.6425     0.6334   2.867374   2.867854     1.9014     2.2975      7.971     0.7087    -0.5232 1.0715e-01    -0.0536   101.3479     6.8332     7.1658    33.6706    33.6868    26.9982    27.0118    7.98166 0.0000e+00
      11247    226.592     0.6286     0.6172   2.866703   2.866376     1.9018     2.2979      7.971     0.6875     6.3067 1.0715e-01    -0.0525   101.3208     6.8357     7.1702    33.6771    33.6853    27.0043    27.0116    7.98423 0.0000e+00
      11250    226.445     0.6189     0.6061   2.865932   2.865560     1.9018     2.2975      7.969     0.6875     6.2672 1.0727e-01    -0.0518   101.3027     6.8380     7.1697    33.6777    33.6869    27.0054    27.0135    7.98623 0.0000e+00
      11253    226.300     0.6117     0.6012   2.865300   2.864692     1.9014     2.2991      7.971     0.7087     6.3067 1.0715e-01    -0.0514   101.2937     6.8402     7.1765    33.6775    33.6810    27.0056    27.0090    7.98776 0.0000e+00
      11256    226.157     0.6030     0.5836   2.863918   2.862318     1.9010     2.2999      7.971     0.6981     6.3067 1.0715e-01    -0.0518   101.3027     6.8403     7.1828    33.6690    33.6693    26.9993    27.0007    7.99004 0.0000e+00
      11259    226.024     0.5929     0.5666   2.862685   2.861184     1.9014     2.2991      7.971     0.6981     6.3067 1.0727e-01    -0.0518   101.3027     6.8429     7.1826    33.6641    33.6733    26.9959    27.0048    7.99243 0.0000e+00
      11262    225.902     0.5838     0.5720   2.862287   2.862543     1.9018     2.3003      7.971     0.6875     6.3067 1.0727e-01    -0.0514   101.2937     6.8457     7.1839    33.6689    33.6850    27.0003    27.0140    7.99409 0.0000e+00
      11265    225.786     0.5780     0.5681   2.861798   2.860774     1.9022     2.2983      7.969     0.7828     6.3067 1.0715e-01    -0.0521   101.3118     6.8494     7.1753    33.6689    33.6664    27.0006    26.9992    7.99530 0.0000e+00
      11268    225.681     0.5712     0.5546   2.860881   2.860136     1.9014     2.2999      7.971     0.7828     6.3067 1.0715e-01    -0.0550   101.3841     6.8449     7.1829    33.6645    33.6728    26.9975    27.0051    7.99698 0.0000e+00
      11271    225.583     0.5646     0.5519   2.860245   2.859293     1.9014     2.2995      7.971     0.7934     3.7800 1.0727e-01    -0.0557   101.4022     6.8467     7.1805    33.6635    33.6649    26.9970    26.9989    7.99843 0.0000e+00
      11274    225.491     0.5573     0.5377   2.859476   2.857982     1.9026     2.3007      7.971     0.7828     0.1479 1.0740e-01    -0.0557   101.4022     6.8550     7.1877    33.6615    33.6634    26.9959    26.9985    8.00008 0.0000e+00
      11277    225.408     0.5519     0.5319   2.859446   2.857570     1.9030     2.3007      7.971     0.7934     0.3848 1.0715e-01    -0.0557   101.4022     6.8551     7.1837    33.6669    33.6644    27.0005    26.9996    8.00090 0.0000e+00
