Datasets/AZMP/TEL210/tel210_2020_077.cnv
* Sea-Bird SBE 9 Data File:
* FileName = C:\CTDDATA\tel210_2020_077.hex
* Software Version Seasave V 7.26.7.110
* Temperature SN = 1697
* Conductivity SN = 4216
* Number of Bytes Per Scan = 30
* Number of Voltage Words = 4
* Number of Scans Averaged by the Deck Unit = 1
* NMEA baud rate = 4800
** VESSEL/TRIP/SEQ STN:  tel210_2020_077
** LATITUDE XX XX.XX: 52 42.39 N
** LONGITUDE XX XX.XX: 053 46.86 W
** SOUNDING DEPTH (M): 0408
** PROBE TYPE: S1146
** CTD NUMBER: 050
** COMMENTS (14 CHAR): C6-03
** BOTTLES:  0
** LEVELS:
** STICKERS:
** VNET: N
** DO2: N
# nquan = 22
# nvalues = 9142                        
# units = specified
# name 0 = scan: Scan Count
# name 1 = prDM: Pressure, Digiquartz [db]
# name 2 = t090C: Temperature [ITS-90, deg C]
# name 3 = t190C: Temperature, 2 [ITS-90, deg C]
# name 4 = c0S/m: Conductivity [S/m]
# name 5 = c1S/m: Conductivity, 2 [S/m]
# name 6 = sbeox0V: Oxygen raw, SBE 43 [V]
# name 7 = sbeox1V: Oxygen raw, SBE 43, 2 [V]
# name 8 = ph: pH
# name 9 = flECO-AFL: Fluorescence, WET Labs ECO-AFL/FL [mg/m^3]
# name 10 = wetCDOM: Fluorescence, WET Labs CDOM [mg/m^3]
# name 11 = par/sat/log: PAR/Logarithmic, Satlantic [umol photons/m^2/sec]
# name 12 = CStarAt0: Beam Attenuation, WET Labs C-Star [1/m]
# name 13 = CStarTr0: Beam Transmission, WET Labs C-Star [%]
# name 14 = sbeox0ML/L: Oxygen, SBE 43 [ml/l], WS = 2
# name 15 = sbeox1ML/L: Oxygen, SBE 43, 2 [ml/l], WS = 2
# name 16 = sal00: Salinity, Practical [PSU]
# name 17 = sal11: Salinity, Practical, 2 [PSU]
# name 18 = sigma-t00: Density [sigma-t, kg/m^3 ]
# name 19 = sigma-t11: Density, 2 [sigma-t, kg/m^3 ]
# name 20 = oxsatML/L: Oxygen Saturation, Weiss [ml/l]
# name 21 = flag: flag
# span 0 =         49,      28701       
# span 1 =      1.862,    407.460       
# span 2 =    -0.9693,     9.3594       
# span 3 =    -0.9765,     9.3505       
# span 4 =   2.658065,   3.465934       
# span 5 =   2.657086,   3.465379       
# span 6 =     1.8873,     2.5579       
# span 7 =     2.2765,     3.1374       
# span 8 =      7.898,      8.179       
# span 9 =     0.6558,    25.3754       
# span 10 =    -2.8130,   482.1870      
# span 11 = 1.0678e-01, 1.2057e+03      
# span 12 =    -0.1436,     1.5813      
# span 13 =    67.3457,   103.6539      
# span 14 =     6.3246,    10.3384      
# span 15 =     6.6109,    10.5974      
# span 16 =    31.5409,    34.6954      
# span 17 =    32.0525,    34.6963      
# span 18 =    24.7640,    27.5987      
# span 19 =    24.7707,    27.5999      
# span 20 =    6.52897,    8.38376      
# span 21 = 0.0000e+00, 0.0000e+00      
# interval = scans: 3                   
# start_time = Jul 24 2020 12:38:17 [System UTC, header]
# bad_flag = -9.990e-29
*END*
[from data line 3424]
      10759    351.113     3.3159     3.3117   3.177322   3.177091     1.9161     2.3142      7.913     0.7616     1.0954 1.0715e-01    -0.1120   102.8400     6.4447     6.7344    34.6017    34.6034    27.5375    27.5393    7.40729 0.0000e+00
      10762    351.200     3.3162     3.3117   3.177321   3.177094     1.9173     2.3142      7.915     0.7510     1.0954 1.0715e-01    -0.1131   102.8672     6.4527     6.7332    34.6013    34.6033    27.5372    27.5392    7.40726 0.0000e+00
      10765    351.281     3.3162     3.3117   3.177333   3.177095     1.9173     2.3142      7.913     0.7510     1.0954 1.0715e-01    -0.1145   102.9033     6.4522     6.7323    34.6014    34.6033    27.5373    27.5392    7.40725 0.0000e+00
      10768    351.361     3.3166     3.3118   3.177383   3.177117     1.9165     2.3146      7.915     0.7722     1.0954 1.0715e-01    -0.1145   102.9033     6.4501     6.7349    34.6015    34.6035    27.5373    27.5394    7.40717 0.0000e+00
      10771    351.442     3.3171     3.3119   3.177482   3.177133     1.9169     2.3150      7.913     0.7510     1.0954 1.0715e-01    -0.1141   102.8943     6.4523     6.7394    34.6021    34.6035    27.5377    27.5394    7.40704 0.0000e+00
      10774    351.521     3.3185     3.3141   3.177733   3.177431     1.9165     2.3142      7.915     0.7722     1.0954 1.0715e-01    -0.1141   102.8943     6.4499     6.7359    34.6037    34.6047    27.5389    27.5401    7.40672 0.0000e+00
      10777    351.600     3.3198     3.3160   3.177816   3.177574     1.9169     2.3146      7.913     0.7510     1.0954 1.0715e-01    -0.1141   102.8943     6.4509     6.7363    34.6032    34.6043    27.5384    27.5396    7.40649 0.0000e+00
      10780    351.678     3.3204     3.3163   3.177855   3.177598     1.9173     2.3142      7.915     0.7616     2.4377 1.0715e-01    -0.1141   102.8943     6.4517     6.7337    34.6030    34.6043    27.5382    27.5396    7.40640 0.0000e+00
      10783    351.755     3.3210     3.3163   3.177860   3.177631     1.9173     2.3142      7.915     0.7616     3.3852 1.0727e-01    -0.1166   102.9576     6.4475     6.7331    34.6024    34.6047    27.5376    27.5399    7.40631 0.0000e+00
      10786    351.832     3.3213     3.3163   3.177936   3.177613     1.9173     2.3142      7.915     0.7616     3.3457 1.0715e-01    -0.1183   103.0028     6.4448     6.7326    34.6029    34.6043    27.5380    27.5396    7.40623 0.0000e+00
      10789    351.912     3.3216     3.3175   3.177988   3.177793     1.9173     2.3142      7.918     0.7722     3.3457 1.0727e-01    -0.1173   102.9757     6.4461     6.7337    34.6032    34.6052    27.5382    27.5402    7.40617 0.0000e+00
      10792    351.991     3.3220     3.3181   3.177996   3.177823     1.9177     2.3142      7.913     0.7510     3.3457 1.0715e-01    -0.1176   102.9847     6.4461     6.7346    34.6028    34.6049    27.5379    27.5399    7.40611 0.0000e+00
      10795    352.076     3.3224     3.3192   3.178157   3.177943     1.9173     2.3146      7.916     0.7616     3.3457 1.0715e-01    -0.1173   102.9757     6.4438     6.7369    34.6043    34.6051    27.5390    27.5400    7.40596 0.0000e+00
      10798    352.156     3.3238     3.3197   3.178332   3.178028     1.9169     2.3142      7.916     0.7616     3.3457 1.0715e-01    -0.1173   102.9757     6.4427     6.7356    34.6048    34.6056    27.5393    27.5403    7.40567 0.0000e+00
      10801    352.237     3.3250     3.3201   3.178447   3.178048     1.9161     2.3142      7.915     0.7722     3.3457 1.0715e-01    -0.1176   102.9847     6.4365     6.7352    34.6049    34.6054    27.5393    27.5401    7.40545 0.0000e+00
      10804    352.323     3.3256     3.3207   3.178473   3.178150     1.9177     2.3142      7.916     0.7616     3.3457 1.0715e-01    -0.1194   103.0299     6.4439     6.7370    34.6046    34.6059    27.5389    27.5405    7.40536 0.0000e+00
      10807    352.414     3.3257     3.3214   3.178488   3.178233     1.9161     2.3142      7.913     0.7510     4.0564 1.0715e-01    -0.1194   103.0299     6.4382     6.7389    34.6046    34.6061    27.5389    27.5406    7.40534 0.0000e+00
      10810    352.510     3.3261     3.3224   3.178618   3.178380     1.9173     2.3142      7.916     0.7616     4.1748 1.0715e-01    -0.1194   103.0299     6.4450     6.7399    34.6057    34.6068    27.5398    27.5410    7.40522 0.0000e+00
      10813    352.608     3.3269     3.3229   3.178668   3.178424     1.9169     2.3154      7.915     0.7616     4.1748 1.0715e-01    -0.1194   103.0299     6.4445     6.7435    34.6054    34.6067    27.5395    27.5409    7.40508 0.0000e+00
      10816    352.711     3.3276     3.3234   3.178708   3.178505     1.9161     2.3146      7.916     0.7616     4.1748 1.0715e-01    -0.1194   103.0299     6.4432     6.7395    34.6051    34.6071    27.5392    27.5411    7.40497 0.0000e+00
      10819    352.815     3.3281     3.3240   3.178771   3.178557     1.9173     2.3142      7.916     0.7510     4.1748 1.0715e-01    -0.1194   103.0299     6.4501     6.7388    34.6052    34.6070    27.5392    27.5410    7.40486 0.0000e+00
      10822    352.927     3.3285     3.3244   3.178823   3.178600     1.9177     2.3142      7.916     0.7616     4.1748 1.0715e-01    -0.1187   103.0118     6.4498     6.7401    34.6054    34.6070    27.5393    27.5410    7.40478 0.0000e+00
      10825    353.042     3.3292     3.3252   3.178959   3.178718     1.9165     2.3142      7.916     0.7616     4.1748 1.0715e-01    -0.1198   103.0390     6.4436     6.7407    34.6063    34.6075    27.5399    27.5413    7.40462 0.0000e+00
      10828    353.160     3.3303     3.3262   3.179095   3.178885     1.9173     2.3154      7.915     0.7299     4.1748 1.0715e-01    -0.1198   103.0390     6.4472     6.7446    34.6067    34.6085    27.5402    27.5420    7.40439 0.0000e+00
      10831    353.281     3.3311     3.3273   3.179216   3.179010     1.9173     2.3154      7.915     0.7299     4.2143 1.0715e-01    -0.1198   103.0390     6.4469     6.7432    34.6071    34.6087    27.5405    27.5420    7.40422 0.0000e+00
      10834    353.408     3.3318     3.3280   3.179215   3.179034     1.9173     2.3150      7.916     0.7299     4.2932 1.0715e-01    -0.1194   103.0299     6.4454     6.7400    34.6064    34.6083    27.5398    27.5416    7.40413 0.0000e+00
      10837    353.541     3.3324     3.3282   3.179334   3.179083     1.9173     2.3146      7.916     0.7299     4.2932 1.0715e-01    -0.1198   103.0390     6.4457     6.7389    34.6070    34.6085    27.5403    27.5418    7.40398 0.0000e+00
      10840    353.678     3.3329     3.3289   3.179446   3.179195     1.9173     2.3142      7.916     0.7299     4.2932 1.0715e-01    -0.1198   103.0390     6.4445     6.7405    34.6078    34.6090    27.5408    27.5422    7.40386 0.0000e+00
      10843    353.818     3.3337     3.3295   3.179522   3.179275     1.9169     2.3154      7.918     0.7299     4.2932 1.0715e-01    -0.1212   103.0751     6.4412     6.7454    34.6078    34.6093    27.5407    27.5423    7.40370 0.0000e+00
      10846    353.961     3.3340     3.3303   3.179553   3.179348     1.9161     2.3154      7.916     0.7405     4.2932 1.0715e-01    -0.1215   103.0842     6.4378     6.7433    34.6078    34.6093    27.5407    27.5422    7.40365 0.0000e+00
      10849    354.107     3.3346     3.3300   3.179600   3.179308     1.9173     2.3154      7.915     0.7299     4.2932 1.0715e-01    -0.1219   103.0932     6.4444     6.7427    34.6076    34.6090    27.5405    27.5421    7.40355 0.0000e+00
      10852    354.253     3.3350     3.3310   3.179659   3.179524     1.9173     2.3150      7.915     0.7193     4.2932 1.0727e-01    -0.1222   103.1023     6.4458     6.7410    34.6078    34.6105    27.5406    27.5431    7.40346 0.0000e+00
      10855    354.403     3.3359     3.3326   3.179900   3.179680     1.9169     2.3150      7.916     0.7193     4.2932 1.0715e-01    -0.1215   103.0842     6.4475     6.7432    34.6097    34.6105    27.5421    27.5430    7.40321 0.0000e+00
      10858    354.552     3.3372     3.3336   3.180012   3.179815     1.9169     2.3146      7.918     0.6981     3.4642 1.0715e-01    -0.1219   103.0932     6.4481     6.7434    34.6096    34.6110    27.5418    27.5433    7.40298 0.0000e+00
      10861    354.701     3.3384     3.3344   3.180163   3.179943     1.9173     2.3154      7.916     0.6981     2.2009 1.0715e-01    -0.1215   103.0842     6.4498     6.7448    34.6100    34.6117    27.5420    27.5437    7.40273 0.0000e+00
      10864    354.849     3.3396     3.3360   3.180409   3.180175     1.9169     2.3162      7.915     0.7087     2.2798 1.0715e-01    -0.1243   103.1566     6.4476     6.7462    34.6117    34.6127    27.5433    27.5444    7.40243 0.0000e+00
      10867    354.997     3.3414     3.3377   3.180667   3.180403     1.9169     2.3154      7.915     0.6875     2.2798 1.0715e-01    -0.1247   103.1656     6.4484     6.7416    34.6128    34.6135    27.5440    27.5449    7.40204 0.0000e+00
      10870    355.145     3.3429     3.3392   3.180835   3.180595     1.9169     2.3150      7.915     0.6875     2.2798 1.0715e-01    -0.1247   103.1656     6.4479     6.7407    34.6131    34.6142    27.5441    27.5453    7.40174 0.0000e+00
      10873    355.286     3.3449     3.3415   3.181145   3.180964     1.9173     2.3158      7.915     0.6981     2.2798 1.0715e-01    -0.1247   103.1656     6.4486     6.7439    34.6147    34.6161    27.5451    27.5466    7.40130 0.0000e+00
      10876    355.425     3.3474     3.3447   3.181609   3.181431     1.9181     2.3158      7.916     0.6875     2.2798 1.0715e-01    -0.1247   103.1656     6.4525     6.7444    34.6175    34.6183    27.5471    27.5480    7.40070 0.0000e+00
      10879    355.561     3.3504     3.3487   3.182076   3.181906     1.9181     2.3158      7.913     0.7193     2.2798 1.0715e-01    -0.1247   103.1656     6.4494     6.7445    34.6199    34.6196    27.5487    27.5487    7.40003 0.0000e+00
      10882    355.690     3.3546     3.3520   3.182695   3.182298     1.9169     2.3158      7.916     0.7299     2.2798 1.0715e-01    -0.1247   103.1656     6.4426     6.7438    34.6228    34.6208    27.5507    27.5494    7.39911 0.0000e+00
      10885    355.816     3.3586     3.3556   3.183083   3.182825     1.9173     2.3154      7.915     0.7299     2.0035 1.0715e-01    -0.1268   103.2199     6.4419     6.7389    34.6232    34.6233    27.5506    27.5509    7.39837 0.0000e+00
      10888    355.938     3.3607     3.3575   3.183251   3.183047     1.9169     2.3158      7.913     0.7299     1.9245 1.0715e-01    -0.1268   103.2199     6.4403     6.7402    34.6229    34.6238    27.5502    27.5512    7.39799 0.0000e+00
      10891    356.051     3.3623     3.3588   3.183393   3.183167     1.9173     2.3154      7.915     0.7405     1.9245 1.0715e-01    -0.1268   103.2199     6.4432     6.7383    34.6228    34.6239    27.5499    27.5511    7.39769 0.0000e+00
      10894    356.157     3.3635     3.3596   3.183500   3.183223     1.9177     2.3163      7.916     0.7299     1.9245 1.0715e-01    -0.1268   103.2199     6.4439     6.7394    34.6228    34.6236    27.5499    27.5509    7.39748 0.0000e+00
      10897    356.253     3.3646     3.3602   3.183585   3.183303     1.9181     2.3154      7.918     0.7405     1.9245 1.0715e-01    -0.1268   103.2199     6.4447     6.7343    34.6226    34.6239    27.5496    27.5510    7.39728 0.0000e+00
      10900    356.352     3.3650     3.3606   3.183648   3.183388     1.9169     2.3167      7.916     0.7299     1.9245 1.0715e-01    -0.1264   103.2108     6.4399     6.7395    34.6228    34.6244    27.5498    27.5514    7.39719 0.0000e+00
      10903    356.442     3.3654     3.3613   3.183669   3.183449     1.9169     2.3167      7.913     0.7299     1.9245 1.0715e-01    -0.1271   103.2289     6.4423     6.7415    34.6226    34.6243    27.5495    27.5513    7.39712 0.0000e+00
      10906    356.523     3.3663     3.3618   3.183730   3.183515     1.9173     2.3163      7.916     0.7299     1.9245 1.0715e-01    -0.1289   103.2741     6.4465     6.7387    34.6224    34.6246    27.5492    27.5514    7.39698 0.0000e+00
      10909    356.602     3.3665     3.3623   3.183753   3.183547     1.9169     2.3154      7.913     0.7299     1.8850 1.0715e-01    -0.1289   103.2741     6.4435     6.7334    34.6225    34.6244    27.5493    27.5512    7.39694 0.0000e+00
      10912    356.675     3.3668     3.3624   3.183773   3.183585     1.9177     2.3163      7.915     0.7299     1.4902 1.0715e-01    -0.1289   103.2741     6.4468     6.7342    34.6223    34.6247    27.5491    27.5515    7.39689 0.0000e+00
      10915    356.747     3.3668     3.3626   3.183799   3.183588     1.9181     2.3154      7.913     0.7299     1.4507 1.0715e-01    -0.1289   103.2741     6.4503     6.7301    34.6226    34.6245    27.5493    27.5513    7.39688 0.0000e+00
      10918    356.812     3.3672     3.3624   3.183819   3.183543     1.9177     2.3158      7.916     0.7299     1.4507 1.0715e-01    -0.1289   103.2741     6.4498     6.7324    34.6224    34.6241    27.5491    27.5510    7.39682 0.0000e+00
      10921    356.875     3.3671     3.3626   3.183814   3.183550     1.9177     2.3154      7.915     0.7299     1.4507 1.0715e-01    -0.1289   103.2741     6.4521     6.7327    34.6224    34.6240    27.5491    27.5508    7.39683 0.0000e+00
      10924    356.939     3.3671     3.3627   3.183833   3.183593     1.9173     2.3167      7.916     0.7299     1.4507 1.0715e-01    -0.1289   103.2741     6.4530     6.7361    34.6226    34.6244    27.5493    27.5512    7.39682 0.0000e+00
      10927    356.994     3.3673     3.3627   3.183833   3.183611     1.9177     2.3163      7.916     0.7299     1.4507 1.0727e-01    -0.1289   103.2741     6.4508     6.7352    34.6223    34.6245    27.5491    27.5513    7.39681 0.0000e+00
      10930    357.049     3.3675     3.3631   3.183855   3.183680     1.9177     2.3154      7.916     0.7087     1.4507 1.0727e-01    -0.1289   103.2741     6.4481     6.7330    34.6224    34.6249    27.5491    27.5516    7.39676 0.0000e+00
      10933    357.104     3.3676     3.3633   3.183861   3.183685     1.9177     2.3154      7.915     0.6875     1.4507 1.0715e-01    -0.1289   103.2741     6.4475     6.7335    34.6222    34.6247    27.5490    27.5514    7.39674 0.0000e+00
      10936    357.162     3.3677     3.3632   3.183893   3.183681     1.9181     2.3154      7.915     0.6875     0.9770 1.0740e-01    -0.1289   103.2741     6.4457     6.7344    34.6225    34.6247    27.5492    27.5514    7.39672 0.0000e+00
      10939    357.216     3.3680     3.3634   3.183948   3.183678     1.9185     2.3158      7.915     0.7087    -0.4048 1.0715e-01    -0.1289   103.2741     6.4456     6.7380    34.6228    34.6245    27.5494    27.5512    7.39664 0.0000e+00
      10942    357.273     3.3679     3.3633   3.183939   3.183675     1.9181     2.3167      7.916     0.7087    -0.3258 1.0715e-01    -0.1285   103.2651     6.4446     6.7409    34.6228    34.6245    27.5494    27.5512    7.39666 0.0000e+00
      10945    357.332     3.3680     3.3634   3.183937   3.183686     1.9185     2.3163      7.916     0.6981    -0.3258 1.0740e-01    -0.1292   103.2831     6.4458     6.7371    34.6227    34.6245    27.5493    27.5512    7.39666 0.0000e+00
      10948    357.394     3.3678     3.3635   3.183955   3.183706     1.9181     2.3154      7.916     0.7193    -0.3258 1.0715e-01    -0.1292   103.2831     6.4424     6.7327    34.6230    34.6247    27.5496    27.5513    7.39667 0.0000e+00
      10951    357.462     3.3681     3.3634   3.183976   3.183717     1.9173     2.3154      7.913     0.6981    -0.3258 1.0715e-01    -0.1289   103.2741     6.4371     6.7346    34.6229    34.6248    27.5495    27.5514    7.39662 0.0000e+00
