Datasets/AZMP/TEL210/tel210_2020_142.cnv
* Sea-Bird SBE 9 Data File:
* FileName = C:\CTDDATA\tel210_2020_142.hex
* Software Version Seasave V 7.26.7.110
* Temperature SN = 1697
* Conductivity SN = 4216
* Number of Bytes Per Scan = 30
* Number of Voltage Words = 4
* Number of Scans Averaged by the Deck Unit = 1
* NMEA baud rate = 4800
** VESSEL/TRIP/SEQ STN:  tel210_2020_142
** LATITUDE XX XX.XX: 47 47.40 N
** LONGITUDE XX XX.XX: 051 25.20 W
** SOUNDING DEPTH (M): 0143
** PROBE TYPE: S1146
** CTD NUMBER: 083
** COMMENTS (14 CHAR): S27-06
** BOTTLES:  0
** LEVELS:
** STICKERS:
** VNET: N
** DO2: N
# nquan = 22
# nvalues = 3085                        
# units = specified
# name 0 = scan: Scan Count
# name 1 = prDM: Pressure, Digiquartz [db]
# name 2 = t090C: Temperature [ITS-90, deg C]
# name 3 = t190C: Temperature, 2 [ITS-90, deg C]
# name 4 = c0S/m: Conductivity [S/m]
# name 5 = c1S/m: Conductivity, 2 [S/m]
# name 6 = sbeox0V: Oxygen raw, SBE 43 [V]
# name 7 = sbeox1V: Oxygen raw, SBE 43, 2 [V]
# name 8 = ph: pH
# name 9 = flECO-AFL: Fluorescence, WET Labs ECO-AFL/FL [mg/m^3]
# name 10 = wetCDOM: Fluorescence, WET Labs CDOM [mg/m^3]
# name 11 = par/sat/log: PAR/Logarithmic, Satlantic [umol photons/m^2/sec]
# name 12 = CStarAt0: Beam Attenuation, WET Labs C-Star [1/m]
# name 13 = CStarTr0: Beam Transmission, WET Labs C-Star [%]
# name 14 = sbeox0ML/L: Oxygen, SBE 43 [ml/l], WS = 2
# name 15 = sbeox1ML/L: Oxygen, SBE 43, 2 [ml/l], WS = 2
# name 16 = sal00: Salinity, Practical [PSU]
# name 17 = sal11: Salinity, Practical, 2 [PSU]
# name 18 = sigma-t00: Density [sigma-t, kg/m^3 ]
# name 19 = sigma-t11: Density, 2 [sigma-t, kg/m^3 ]
# name 20 = oxsatML/L: Oxygen Saturation, Weiss [ml/l]
# name 21 = flag: flag
# span 0 =          4,      10762       
# span 1 =      0.167,    141.835       
# span 2 =    -1.4186,    13.2117       
# span 3 =    -1.4243,    13.2076       
# span 4 =   1.975280,   3.751412       
# span 5 =   2.116840,   3.750949       
# span 6 =     1.8407,     2.5016       
# span 7 =     2.2058,     3.0308       
# span 8 =      7.825,      8.203       
# span 9 =     0.6981,     1.7775       
# span 10 =    -2.8130,   482.1870      
# span 11 = 1.0548e-01, 5.5369e-01      
# span 12 =    -0.1436,     0.2426      
# span 13 =    94.1858,   103.6539      
# span 14 =     6.0612,     8.6813      
# span 15 =     5.9134,     9.0775      
# span 16 =    15.6726,    33.1634      
# span 17 =    16.9319,    33.1628      
# span 18 =    11.4453,    26.6450      
# span 19 =    12.4150,    26.6447      
# span 20 =    6.02742,    8.48738      
# span 21 = 0.0000e+00, 0.0000e+00      
# interval = scans: 3                   
# start_time = Jul 31 2020 01:26:21 [System UTC, header]
# bad_flag = -9.990e-29
*END*
[from data line 1844]
       6511    102.008    -1.0787    -1.0749   2.663176   2.663499     1.9402     2.3313      7.884     0.7405     1.0954 1.0715e-01    -0.1205   103.0571     7.3440     7.5916    32.9119    32.9121    26.4636    26.4637    8.40113 0.0000e+00
       6514    101.830    -1.0782    -1.0769   2.662844   2.663071     1.9402     2.3313      7.884     0.7299     1.0954 1.0727e-01    -0.1212   103.0752     7.3422     7.5934    32.9069    32.9086    26.4596    26.4609    8.40130 0.0000e+00
       6517    101.651    -1.0894    -1.0871   2.661120   2.661511     1.9406     2.3309      7.884     0.7405     1.4112 1.0715e-01    -0.1205   103.0571     7.3482     7.5965    32.8959    32.8986    26.4510    26.4532    8.40451 0.0000e+00
       6520    101.470    -1.1017    -1.0983   2.660222   2.660650     1.9406     2.3313      7.884     0.7405     1.9245 1.0752e-01    -0.1198   103.0390     7.3517     7.6050    32.8972    32.8994    26.4525    26.4541    8.40724 0.0000e+00
       6523    101.287    -1.1077    -1.1054   2.659712   2.659940     1.9402     2.3321      7.884     0.7299     1.9245 1.0727e-01    -0.1205   103.0571     7.3508     7.6133    32.8969    32.8976    26.4525    26.4529    8.40863 0.0000e+00
       6526    101.106    -1.1120    -1.1132   2.659295   2.659031     1.9406     2.3321      7.885     0.7405     1.9245 1.0727e-01    -0.1198   103.0390     7.3563     7.6180    32.8961    32.8939    26.4519    26.4501    8.40966 0.0000e+00
       6529    100.924    -1.1156    -1.1195   2.658885   2.658490     1.9414     2.3325      7.885     0.7405     1.9245 1.0715e-01    -0.1201   103.0480     7.3610     7.6264    32.8947    32.8935    26.4509    26.4500    8.41058 0.0000e+00
       6532    100.742    -1.1194    -1.1244   2.658374   2.657888     1.9418     2.3346      7.885     0.7405     1.9245 1.0740e-01    -0.1201   103.0480     7.3645     7.6365    32.8919    32.8908    26.4488    26.4480    8.41160 0.0000e+00
       6535    100.566    -1.1229    -1.1284   2.657994   2.657565     1.9422     2.3333      7.885     0.7510     1.9245 1.0727e-01    -0.1205   103.0571     7.3678     7.6296    32.8907    32.8909    26.4479    26.4482    8.41248 0.0000e+00
       6538    100.393    -1.1262    -1.1314   2.657631   2.657182     1.9414     2.3333      7.885     0.7722     1.9245 1.0740e-01    -0.1194   103.0299     7.3662     7.6307    32.8894    32.8891    26.4470    26.4468    8.41330 0.0000e+00
       6541    100.229    -1.1295    -1.1348   2.657229   2.656784     1.9426     2.3337      7.885     0.7722     1.9245 1.0727e-01    -0.1205   103.0571     7.3722     7.6340    32.8877    32.8875    26.4457    26.4457    8.41416 0.0000e+00
       6544    100.070    -1.1319    -1.1385   2.657052   2.656386     1.9418     2.3346      7.888     0.7616     0.3453 1.0727e-01    -0.1205   103.0571     7.3670     7.6374    32.8880    32.8862    26.4460    26.4447    8.41469 0.0000e+00
       6547     99.922    -1.1367    -1.1415   2.656264   2.656192     1.9418     2.3346      7.886     0.7722    -0.4048 1.0727e-01    -0.1205   103.0571     7.3688     7.6372    32.8827    32.8869    26.4418    26.4454    8.41611 0.0000e+00
       6550     99.782    -1.1419    -1.1416   2.656079   2.656186     1.9434     2.3350      7.886     0.7828    -0.3258 1.0727e-01    -0.1205   103.0571     7.3768     7.6374    32.8859    32.8871    26.4446    26.4455    8.41710 0.0000e+00
       6553     99.652    -1.1408    -1.1479   2.656341   2.655529     1.9426     2.3362      7.886     0.7616    -0.3258 1.0740e-01    -0.1205   103.0571     7.3707     7.6425    32.8883    32.8851    26.4465    26.4441    8.41671 0.0000e+00
       6556     99.534    -1.1450    -1.1500   2.655542   2.655094     1.9430     2.3346      7.888     0.7722    -0.3258 1.0727e-01    -0.1205   103.0571     7.3689     7.6368    32.8822    32.8815    26.4417    26.4413    8.41804 0.0000e+00
       6559     99.430    -1.1488    -1.1551   2.655519   2.654717     1.9430     2.3350      7.885     0.7828    -0.3653 1.0727e-01    -0.1205   103.0571     7.3687     7.6435    32.8861    32.8821    26.4449    26.4419    8.41869 0.0000e+00
       6562     99.336    -1.1458    -1.1542   2.655792   2.655349     1.9438     2.3358      7.888     0.7722    -0.3258 1.0715e-01    -0.1208   103.0661     7.3698     7.6412    32.8866    32.8897    26.4453    26.4481    8.41797 0.0000e+00
       6565     99.252    -1.1466    -1.1472   2.655533   2.656003     1.9430     2.3370      7.885     0.7616    -0.3258 1.0715e-01    -0.1215   103.0842     7.3655     7.6407    32.8840    32.8910    26.4432    26.4489    8.41830 0.0000e+00
       6568     99.182    -1.1481    -1.1446   2.655342   2.656333     1.9434     2.3370      7.886     0.7722    -0.4048 1.0727e-01    -0.1212   103.0752     7.3667     7.6390    32.8830    32.8927    26.4424    26.4502    8.41869 0.0000e+00
       6571     99.129    -1.1494    -1.1354   2.655648   2.657608     1.9446     2.3370      7.889     0.7722    -1.7076 1.0740e-01    -0.1212   103.0752     7.3700     7.6381    32.8887    32.9000    26.4471    26.4558    8.41867 0.0000e+00
       6574     99.089    -1.1421    -1.1288   2.656552   2.657670     1.9442     2.3370      7.889     0.7616    -1.8655 1.0740e-01    -0.1212   103.0752     7.3673     7.6359    32.8930    32.8936    26.4503    26.4504    8.41675 0.0000e+00
       6632     99.048    -1.1216    -1.1221   2.658465   2.658318     1.9455     2.3415      7.889     0.7722     0.8586 1.0740e-01    -0.1205   103.0571     7.3572     7.6304    32.8967    32.8952    26.4527    26.4515    8.41184 0.0000e+00
       6662     98.950    -1.1100    -1.1188   2.659650   2.658752     1.9459     2.3431      7.889     0.7722     2.1614 1.0727e-01    -0.1208   103.0661     7.3462     7.6230    32.9001    32.8975    26.4551    26.4532    8.40898 0.0000e+00
       6665     98.836    -1.1124    -1.1185   2.659025   2.658730     1.9463     2.3431      7.889     0.7405     2.1614 1.0740e-01    -0.1212   103.0752     7.3471     7.6209    32.8943    32.8970    26.4504    26.4528    8.40986 0.0000e+00
       6668     98.713    -1.1165    -1.1213   2.658605   2.658071     1.9459     2.3423      7.889     0.7087     2.1614 1.0715e-01    -0.1212   103.0752     7.3462     7.6172    32.8931    32.8912    26.4496    26.4482    8.41086 0.0000e+00
       6671     98.588    -1.1188    -1.1265   2.658430   2.657643     1.9459     2.3431      7.889     0.6981     2.1614 1.0715e-01    -0.1215   103.0842     7.3468     7.6235    32.8933    32.8911    26.4498    26.4483    8.41138 0.0000e+00
       6674     98.455    -1.1198    -1.1282   2.658321   2.657651     1.9463     2.3439      7.889     0.6981     1.0560 1.0727e-01    -0.1212   103.0752     7.3515     7.6304    32.8930    32.8931    26.4497    26.4500    8.41164 0.0000e+00
       6677     98.320    -1.1206    -1.1303   2.658352   2.657116     1.9463     2.3431      7.889     0.7193    -0.6416 1.0727e-01    -0.1215   103.0842     7.3582     7.6322    32.8944    32.8882    26.4508    26.4462    8.41173 0.0000e+00
       6680     98.183    -1.1212    -1.1354   2.658012   2.656487     1.9471     2.3419      7.889     0.7193    -0.6022 1.0715e-01    -0.1208   103.0661     7.3680     7.6264    32.8906    32.8853    26.4477    26.4439    8.41210 0.0000e+00
       6683     98.041    -1.1309    -1.1399   2.656408   2.656084     1.9463     2.3419      7.889     0.7193    -0.5627 1.0727e-01    -0.1215   103.0842     7.3724     7.6290    32.8794    32.8849    26.4390    26.4437    8.41496 0.0000e+00
       6686     97.896    -1.1419    -1.1439   2.655481   2.655630     1.9459     2.3423      7.889     0.7087    -0.5627 1.0727e-01    -0.1215   103.0842     7.3756     7.6379    32.8789    32.8831    26.4389    26.4424    8.41751 0.0000e+00
       6689     97.750    -1.1493    -1.1497   2.654447   2.654601     1.9459     2.3423      7.889     0.6981    -0.5627 1.0727e-01    -0.1215   103.0842     7.3800     7.6433    32.8730    32.8756    26.4344    26.4365    8.41955 0.0000e+00
       6692     97.605    -1.1636    -1.1586   2.652475   2.653763     1.9467     2.3431      7.890     0.7405    -0.5627 1.0715e-01    -0.1215   103.0842     7.3939     7.6541    32.8619    32.8740    26.4258    26.4355    8.42347 0.0000e+00
       6695     97.461    -1.1745    -1.1643   2.651688   2.653211     1.9463     2.3431      7.890     0.7722    -0.5627 1.0727e-01    -0.1215   103.0842     7.4007     7.6609    32.8633    32.8728    26.4272    26.4346    8.42591 0.0000e+00
       6698     97.319    -1.1791    -1.1650   2.651403   2.653514     1.9475     2.3439      7.890     0.7722    -0.6022 1.0715e-01    -0.1215   103.0842     7.4118     7.6719    32.8645    32.8778    26.4284    26.4388    8.42689 0.0000e+00
       6701     97.182    -1.1778    -1.1619   2.652036   2.654052     1.9475     2.3443      7.890     0.7616     1.8455 1.0740e-01    -0.1215   103.0842     7.4196     7.6810    32.8718    32.8818    26.4343    26.4419    8.42618 0.0000e+00
       6704     97.046    -1.1695    -1.1592   2.652785   2.654166     1.9475     2.3427      7.890     0.7722     3.0299 1.0727e-01    -0.1215   103.0842     7.4268     7.6810    32.8730    32.8805    26.4350    26.4407    8.42420 0.0000e+00
       6707     96.914    -1.1912    -1.1582   2.648112   2.654081     1.9483     2.3443      7.890     0.7616     2.9904 1.0715e-01    -0.1215   103.0842     7.4519     7.6904    32.8331    32.8783    26.4033    26.4389    8.43150 0.0000e+00
       6710     96.787    -1.2449    -1.1603   2.642999   2.653568     1.9475     2.3452      7.890     0.7616     2.9904 1.0715e-01    -0.1215   103.0842     7.4653     7.6985    32.8222    32.8736    26.3961    26.4352    8.44449 0.0000e+00
       6713     96.665    -1.2732    -1.1694   2.641093   2.652289     1.9483     2.3443      7.890     0.7616     2.9904 1.0715e-01    -0.1215   103.0842     7.4787     7.6995    32.8273    32.8664    26.4011    26.4296    8.45074 0.0000e+00
       6716     96.550    -1.2874    -1.1756   2.640515   2.651864     1.9495     2.3460      7.890     0.7722     2.9904 1.0727e-01    -0.1215   103.0842     7.4919     7.7118    32.8350    32.8674    26.4077    26.4306    8.45355 0.0000e+00
       6719     96.439    -1.2831    -1.2046   2.641324   2.646723     1.9499     2.3464      7.890     0.7722     2.9904 1.0715e-01    -0.1215   103.0842     7.4997     7.7274    32.8415    32.8291    26.4128    26.4005    8.45219 0.0000e+00
       6722     96.335    -1.2886    -1.2401   2.639881   2.644481     1.9499     2.3464      7.890     0.7722     2.9904 1.0715e-01    -0.1240   103.1475     7.5049     7.7388    32.8279    32.8375    26.4019    26.4083    8.45426 0.0000e+00
       6725     96.239    -1.2982    -1.2494   2.639355   2.644605     1.9512     2.3472      7.890     0.7510     3.0299 1.0715e-01    -0.1247   103.1656     7.5225     7.7482    32.8313    32.8494    26.4050    26.4183    8.45628 0.0000e+00
       6728     96.149    -1.2950    -1.2512   2.640216   2.644282     1.9524     2.3480      7.890     0.7616     4.1748 1.0715e-01    -0.1247   103.1656     7.5339     7.7560    32.8395    32.8471    26.4116    26.4164    8.45505 0.0000e+00
       6731     96.068    -1.2925    -1.2570   2.639721   2.643608     1.9528     2.3480      7.890     0.7616     4.2932 1.0715e-01    -0.1247   103.1656     7.5389     7.7563    32.8301    32.8443    26.4039    26.4144    8.45503 0.0000e+00
       6734     95.992    -1.2991    -1.2616   2.639109   2.643318     1.9520     2.3492      7.890     0.7722     4.2932 1.0715e-01    -0.1247   103.1656     7.5390     7.7667    32.8290    32.8454    26.4032    26.4153    8.45662 0.0000e+00
       6737     95.921    -1.3005    -1.2676   2.639401   2.642218     1.9532     2.3492      7.890     0.7722     4.2932 1.0740e-01    -0.1247   103.1656     7.5442     7.7725    32.8345    32.8370    26.4077    26.4087    8.45660 0.0000e+00
       6740     95.857    -1.2979    -1.2737   2.639704   2.643002     1.9540     2.3504      7.892     0.7616     4.2932 1.0727e-01    -0.1250   103.1746     7.5504     7.7782    32.8360    32.8544    26.4088    26.4231    8.45594 0.0000e+00
       6743     95.797    -1.3054    -1.2515   2.638551   2.647305     1.9552     2.3513      7.895     0.7722     4.2932 1.0727e-01    -0.1296   103.2922     7.5617     7.7794    32.8284    32.8889    26.4029    26.4504    8.45811 0.0000e+00
       6746     95.743    -1.3138    -1.2285   2.638221   2.647961     1.9552     2.3508      7.895     0.7722     4.2932 1.0727e-01    -0.1292   103.2831     7.5649     7.7771    32.8331    32.8727    26.4069    26.4365    8.45977 0.0000e+00
       6749     95.695    -1.3130    -1.2237   2.638551   2.647732     1.9573     2.3521      7.895     0.7616     4.2932 1.0727e-01    -0.1296   103.2922     7.5777     7.7833    32.8368    32.8643    26.4099    26.4295    8.45938 0.0000e+00
       6752     95.649    -1.3102    -1.2290   2.638463   2.647658     1.9573     2.3525      7.895     0.7616     3.3852 1.0740e-01    -0.1296   103.2922     7.5772     7.7913    32.8325    32.8691    26.4063    26.4336    8.45897 0.0000e+00
       6755     95.605    -1.3151    -1.2228   2.637990   2.647852     1.9577     2.3533      7.895     0.7616     0.1479 1.0727e-01    -0.1299   103.3012     7.5838     7.7968    32.8315    32.8650    26.4056    26.4301    8.46016 0.0000e+00
       6758     95.560    -1.3132    -1.2285   2.638547   2.646098     1.9581     2.3549      7.895     0.7616     0.2664 1.0715e-01    -0.1292   103.2831     7.5862     7.8084    32.8370    32.8473    26.4101    26.4159    8.45941 0.0000e+00
       6761     95.519    -1.3036    -1.2379   2.639311   2.645395     1.9593     2.3553      7.897     0.7510     0.2664 1.0715e-01    -0.1299   103.3012     7.5881     7.8152    32.8370    32.8481    26.4097    26.4168    8.45718 0.0000e+00
       6764     95.480    -1.3003    -1.2414   2.639455   2.645479     1.9605     2.3557      7.895     0.7616     0.2664 1.0715e-01    -0.1320   103.3555     7.5944     7.8185    32.8354    32.8531    26.4083    26.4210    8.45652 0.0000e+00
       6767     95.439    -1.3017    -1.2472   2.639177   2.644543     1.9605     2.3570      7.900     0.7722     0.2664 1.0727e-01    -0.1320   103.3555     7.5973     7.8287    32.8331    32.8467    26.4066    26.4160    8.45697 0.0000e+00
       6770     95.400    -1.3017    -1.2639   2.639169   2.642489     1.9622     2.3582      7.900     0.7722     0.2664 1.0727e-01    -0.1320   103.3555     7.6045     7.8393    32.8330    32.8370    26.4065    26.4086    8.45698 0.0000e+00
       6773     95.356    -1.3034    -1.2742   2.639051   2.641023     1.9626     2.3582      7.900     0.7722     0.2664 1.0727e-01    -0.1320   103.3555     7.6088     7.8391    32.8333    32.8283    26.4067    26.4018    8.45735 0.0000e+00
       6776     95.313    -1.3047    -1.2725   2.638973   2.641780     1.9626     2.3602      7.900     0.7722     0.2664 1.0727e-01    -0.1320   103.3555     7.6137     7.8480    32.8337    32.8367    26.4071    26.4086    8.45763 0.0000e+00
       6779     95.266    -1.3017    -1.2629   2.639244   2.643234     1.9634     2.3602      7.900     0.7616     0.6217 1.0727e-01    -0.1320   103.3555     7.6171     7.8420    32.8342    32.8461    26.4074    26.4160    8.45692 0.0000e+00
       6782     95.219    -1.3011    -1.2730   2.638928   2.642189     1.9646     2.3614      7.900     0.7722     0.9770 1.0715e-01    -0.1324   103.3645     7.6192     7.8458    32.8292    32.8429    26.4034    26.4137    8.45706 0.0000e+00
       6785     95.167    -1.3077    -1.2900   2.638338   2.641324     1.9654     2.3623      7.900     0.7616     0.9770 1.0727e-01    -0.1331   103.3826     7.6218     7.8535    32.8284    32.8498    26.4029    26.4198    8.45864 0.0000e+00
