Datasets/AZMP/TEL210/tel210_2020_106.cnv
* Sea-Bird SBE 9 Data File:
* FileName = C:\CTDDATA\tel210_2020_106.hex
* Software Version Seasave V 7.26.7.110
* Temperature SN = 1697
* Conductivity SN = 4216
* Number of Bytes Per Scan = 30
* Number of Voltage Words = 4
* Number of Scans Averaged by the Deck Unit = 1
* NMEA baud rate = 4800
** VESSEL/TRIP/SEQ STN:  tel210_2020_106
** LATITUDE XX XX.XX: 55 34.60 N
** LONGITUDE XX XX.XX: 057 40.50 W
** SOUNDING DEPTH (M): 0154
** PROBE TYPE: S1146
** CTD NUMBER: 072
** COMMENTS (14 CHAR): MB-06
** BOTTLES:  9
** LEVELS: 5,10,20,30,40,50,75,100,BTM
** STICKERS: 436291 - 436299
** VNET: Y
** DO2: N
# nquan = 22
# nvalues = 3858                        
# units = specified
# name 0 = scan: Scan Count
# name 1 = prDM: Pressure, Digiquartz [db]
# name 2 = t090C: Temperature [ITS-90, deg C]
# name 3 = t190C: Temperature, 2 [ITS-90, deg C]
# name 4 = c0S/m: Conductivity [S/m]
# name 5 = c1S/m: Conductivity, 2 [S/m]
# name 6 = sbeox0V: Oxygen raw, SBE 43 [V]
# name 7 = sbeox1V: Oxygen raw, SBE 43, 2 [V]
# name 8 = ph: pH
# name 9 = flECO-AFL: Fluorescence, WET Labs ECO-AFL/FL [mg/m^3]
# name 10 = wetCDOM: Fluorescence, WET Labs CDOM [mg/m^3]
# name 11 = par/sat/log: PAR/Logarithmic, Satlantic [umol photons/m^2/sec]
# name 12 = CStarAt0: Beam Attenuation, WET Labs C-Star [1/m]
# name 13 = CStarTr0: Beam Transmission, WET Labs C-Star [%]
# name 14 = sbeox0ML/L: Oxygen, SBE 43 [ml/l], WS = 2
# name 15 = sbeox1ML/L: Oxygen, SBE 43, 2 [ml/l], WS = 2
# name 16 = sal00: Salinity, Practical [PSU]
# name 17 = sal11: Salinity, Practical, 2 [PSU]
# name 18 = sigma-t00: Density [sigma-t, kg/m^3 ]
# name 19 = sigma-t11: Density, 2 [sigma-t, kg/m^3 ]
# name 20 = oxsatML/L: Oxygen Saturation, Weiss [ml/l]
# name 21 = flag: flag
# span 0 =          2,      33606       
# span 1 =      1.114,    152.892       
# span 2 =    -1.2720,     6.8510       
# span 3 =    -1.2772,     6.8473       
# span 4 =   2.602137,   3.167282       
# span 5 =   2.601865,   3.166549       
# span 6 =     1.9688,     2.4277       
# span 7 =     2.3737,     2.9569       
# span 8 =      7.995,      8.260       
# span 9 =     0.6664,     1.2696       
# span 10 =    -2.8130,   482.1870      
# span 11 = 1.0715e-01, 2.9074e+02      
# span 12 =    -0.1320,     0.0819      
# span 13 =    97.9748,   103.3555      
# span 14 =     7.3710,     8.8660      
# span 15 =     7.3562,     9.3905      
# span 16 =    31.1747,    33.0832      
# span 17 =    31.1722,    33.0838      
# span 18 =    24.4261,    26.5874      
# span 19 =    24.4247,    26.5881      
# span 20 =    6.95548,    8.47614      
# span 21 = 0.0000e+00, 0.0000e+00      
# interval = scans: 3                   
# start_time = Jul 27 2020 12:44:28 [System UTC, header]
# bad_flag = -9.990e-29
*END*
[from data line 2173]
      10243    109.340    -0.8969    -0.8948   2.670942   2.672125     1.9888     2.3987      8.000     0.7405     2.0429 1.0752e-01    -0.1247   103.1656     7.5351     7.8196    32.8140    32.8277    26.3783    26.3894    8.36536 0.0000e+00
      10246    109.244    -0.8969    -0.8940   2.670878   2.672309     1.9884     2.3983      8.000     0.7616     2.0429 1.0752e-01    -0.1247   103.1656     7.5278     7.8159    32.8133    32.8295    26.3777    26.3907    8.36542 0.0000e+00
      10249    109.152    -0.8973    -0.8949   2.670727   2.671848     1.9884     2.3983      8.000     0.7616     2.0429 1.0752e-01    -0.1247   103.1656     7.5275     7.8168    32.8117    32.8243    26.3764    26.3866    8.36560 0.0000e+00
      10252    109.056    -0.8980    -0.8969   2.670704   2.671421     1.9884     2.3983      8.000     0.7405     2.1219 1.0752e-01    -0.1247   103.1656     7.5317     7.8199    32.8122    32.8208    26.3769    26.3837    8.36572 0.0000e+00
      10255    108.965    -0.8978    -0.8990   2.670747   2.671088     1.9872     2.3983      8.000     0.7616     2.1614 1.0752e-01    -0.1247   103.1656     7.5268     7.8204    32.8127    32.8185    26.3773    26.3820    8.36567 0.0000e+00
      10258    108.876    -0.8979    -0.9002   2.670718   2.670856     1.9880     2.3975      8.000     0.7405     2.1614 1.0740e-01    -0.1243   103.1566     7.5276     7.8150    32.8125    32.8167    26.3771    26.3806    8.36570 0.0000e+00
      10261    108.788    -0.8978    -0.9011   2.670708   2.670587     1.9892     2.3979      8.000     0.7510     2.1614 1.0752e-01    -0.1275   103.2380     7.5326     7.8158    32.8122    32.8142    26.3768    26.3786    8.36567 0.0000e+00
      10264    108.702    -0.8979    -0.9022   2.670710   2.670406     1.9888     2.3983      8.000     0.7616     2.1614 1.0752e-01    -0.1278   103.2470     7.5307     7.8154    32.8124    32.8129    26.3770    26.3776    8.36569 0.0000e+00
      10267    108.618    -0.8982    -0.9024   2.670648   2.670378     1.9880     2.3987      8.000     0.7405     2.1614 1.0752e-01    -0.1285   103.2651     7.5288     7.8166    32.8120    32.8129    26.3767    26.3776    8.36579 0.0000e+00
      10270    108.535    -0.8981    -0.9024   2.670607   2.670378     1.9876     2.3983      8.000     0.7510     2.1614 1.0752e-01    -0.1285   103.2651     7.5311     7.8158    32.8114    32.8130    26.3762    26.3776    8.36581 0.0000e+00
      10273    108.455    -0.8980    -0.9022   2.670610   2.670431     1.9884     2.3987      8.000     0.7510     2.1614 1.0752e-01    -0.1282   103.2560     7.5391     7.8177    32.8113    32.8135    26.3761    26.3780    8.36578 0.0000e+00
      10276    108.374    -0.8979    -0.9018   2.670618   2.670504     1.9892     2.3987      8.000     0.7616     2.1614 1.0752e-01    -0.1278   103.2470     7.5461     7.8171    32.8114    32.8141    26.3762    26.3785    8.36576 0.0000e+00
      10279    108.296    -0.8981    -0.9021   2.670587   2.670417     1.9892     2.3983      8.000     0.7510     2.0429 1.0752e-01    -0.1278   103.2470     7.5457     7.8131    32.8112    32.8132    26.3760    26.3778    8.36581 0.0000e+00
      10282    108.219    -0.8980    -0.9023   2.670615   2.670377     1.9884     2.3983      8.000     0.7616     2.0429 1.0752e-01    -0.1278   103.2470     7.5374     7.8126    32.8116    32.8130    26.3763    26.3777    8.36578 0.0000e+00
      10285    108.143    -0.8979    -0.9023   2.670588   2.670374     1.9888     2.3983      8.000     0.7616     2.0429 1.0752e-01    -0.1278   103.2470     7.5355     7.8104    32.8111    32.8130    26.3759    26.3776    8.36577 0.0000e+00
      10288    108.066    -0.8981    -0.9020   2.670589   2.670429     1.9888     2.3991      8.000     0.7405     2.0429 1.0752e-01    -0.1278   103.2470     7.5341     7.8127    32.8114    32.8134    26.3762    26.3780    8.36580 0.0000e+00
      10291    107.992    -0.8978    -0.9012   2.670668   2.670661     1.9888     2.3983      8.000     0.7405     2.0429 1.0752e-01    -0.1278   103.2470     7.5331     7.8110    32.8122    32.8158    26.3769    26.3799    8.36569 0.0000e+00
      10294    107.920    -0.8969    -0.8993   2.670924   2.671069     1.9900     2.3983      8.000     0.7193     2.0429 1.0752e-01    -0.1278   103.2470     7.5359     7.8102    32.8147    32.8193    26.3788    26.3826    8.36534 0.0000e+00
      10297    107.843    -0.8965    -0.8983   2.670854   2.671183     1.9896     2.3987      8.000     0.6875     2.0429 1.0752e-01    -0.1282   103.2560     7.5310     7.8132    32.8133    32.8198    26.3777    26.3830    8.36532 0.0000e+00
      10300    107.765    -0.8973    -0.8973   2.670758   2.671381     1.9896     2.3979      8.000     0.6981     2.0429 1.0752e-01    -0.1268   103.2199     7.5293     7.8112    32.8130    32.8214    26.3775    26.3843    8.36553 0.0000e+00
      10303    107.687    -0.8972    -0.8982   2.670835   2.670942     1.9892     2.3979      8.000     0.6981     2.1219 1.0752e-01    -0.1257   103.1927     7.5255     7.8116    32.8140    32.8165    26.3783    26.3803    8.36545 0.0000e+00
      10306    107.608    -0.8967    -0.9006   2.670815   2.670553     1.9892     2.3983      8.000     0.6770     2.5167 1.0752e-01    -0.1261   103.2018     7.5268     7.8131    32.8132    32.8139    26.3776    26.3783    8.36538 0.0000e+00
      10309    107.524    -0.8975    -0.9016   2.670575   2.670494     1.9880     2.3987      8.000     0.6875     2.5167 1.0752e-01    -0.1257   103.1927     7.5200     7.8155    32.8109    32.8142    26.3757    26.3786    8.36569 0.0000e+00
      10312    107.440    -0.8979    -0.9013   2.670543   2.670560     1.9884     2.3987      8.000     0.6875     2.5167 1.0752e-01    -0.1257   103.1927     7.5212     7.8154    32.8109    32.8149    26.3758    26.3791    8.36578 0.0000e+00
      10315    107.353    -0.8978    -0.8995   2.670533   2.670917     1.9892     2.3987      8.000     0.6770     2.5167 1.0752e-01    -0.1257   103.1927     7.5270     7.8209    32.8108    32.8178    26.3757    26.3814    8.36578 0.0000e+00
      10318    107.261    -0.8976    -0.8981   2.670529   2.671208     1.9892     2.3987      8.000     0.6981     2.5167 1.0752e-01    -0.1261   103.2018     7.5282     7.8210    32.8105    32.8203    26.3755    26.3834    8.36574 0.0000e+00
      10321    107.170    -0.8977    -0.8987   2.670666   2.670853     1.9892     2.3991      8.000     0.7510     2.5167 1.0752e-01    -0.1278   103.2470     7.5288     7.8212    32.8125    32.8162    26.3771    26.3801    8.36564 0.0000e+00
      10324    107.075    -0.8970    -0.8996   2.670682   2.670796     1.9888     2.3987      8.000     0.7616     2.5167 1.0752e-01    -0.1289   103.2741     7.5273     7.8201    32.8120    32.8164    26.3766    26.3803    8.36551 0.0000e+00
      10327    106.980    -0.8969    -0.8998   2.670736   2.670841     1.9888     2.3983      8.000     0.7405     2.5167 1.0752e-01    -0.1289   103.2741     7.5306     7.8171    32.8127    32.8173    26.3772    26.3811    8.36545 0.0000e+00
      10330    106.883    -0.8969    -0.9003   2.670663   2.670672     1.9896     2.3987      8.000     0.7510     1.4507 1.0740e-01    -0.1289   103.2741     7.5377     7.8186    32.8117    32.8156    26.3764    26.3796    8.36550 0.0000e+00
      10333    106.777    -0.8966    -0.9001   2.670708   2.670739     1.9892     2.3987      8.000     0.7616     0.4243 1.0752e-01    -0.1289   103.2741     7.5374     7.8189    32.8121    32.8164    26.3767    26.3803    8.36541 0.0000e+00
      10336    106.663    -0.8967    -0.8996   2.670688   2.670854     1.9892     2.3991      8.000     0.7616     0.5032 1.0752e-01    -0.1289   103.2741     7.5345     7.8181    32.8121    32.8174    26.3767    26.3812    8.36545 0.0000e+00
      10339    106.548    -0.8967    -0.8994   2.670558   2.670847     1.9904     2.4004      8.000     0.7405     0.4637 1.0752e-01    -0.1282   103.2560     7.5390     7.8253    32.8104    32.8172    26.3753    26.3810    8.36554 0.0000e+00
      10342    106.430    -0.8976    -0.8996   2.670353   2.670807     1.9892     2.3987      8.000     0.7510     0.5032 1.0752e-01    -0.1247   103.1656     7.5330     7.8186    32.8086    32.8169    26.3739    26.3807    8.36584 0.0000e+00
      10345    106.310    -0.8979    -0.8993   2.670296   2.670923     1.9884     2.3987      8.000     0.7510     0.5032 1.0752e-01    -0.1247   103.1656     7.5306     7.8185    32.8083    32.8183    26.3737    26.3818    8.36593 0.0000e+00
      10348    106.187    -0.8980    -0.8983   2.670265   2.671040     1.9892     2.3991      8.000     0.7616     0.5032 1.0752e-01    -0.1247   103.1656     7.5338     7.8198    32.8081    32.8189    26.3735    26.3823    8.36598 0.0000e+00
      10351    106.060    -0.8985    -0.8985   2.670155   2.670998     1.9896     2.3995      8.000     0.7405     0.5032 1.0740e-01    -0.1247   103.1656     7.5358     7.8223    32.8071    32.8186    26.3727    26.3820    8.36613 0.0000e+00
      10354    105.932    -0.8982    -0.8986   2.670189   2.670842     1.9900     2.3995      8.000     0.7405     0.5032 1.0752e-01    -0.1247   103.1656     7.5401     7.8201    32.8073    32.8167    26.3729    26.3805    8.36605 0.0000e+00
      10357    105.802    -0.8981    -0.9003   2.670203   2.670461     1.9896     2.3995      8.000     0.7510     1.3323 1.0752e-01    -0.1247   103.1656     7.5395     7.8217    32.8075    32.8134    26.3730    26.3779    8.36602 0.0000e+00
      10360    105.673    -0.8984    -0.9007   2.670093   2.670453     1.9900     2.3987      8.000     0.7510     1.5297 1.0752e-01    -0.1254   103.1837     7.5383     7.8149    32.8065    32.8138    26.3722    26.3782    8.36616 0.0000e+00
      10363    105.539    -0.8987    -0.9012   2.670049   2.670204     1.9892     2.4004      8.000     0.7510     1.5692 1.0752e-01    -0.1282   103.2560     7.5350     7.8230    32.8063    32.8111    26.3721    26.3761    8.36624 0.0000e+00
      10366    105.404    -0.8990    -0.9023   2.670015   2.670046     1.9896     2.3991      8.000     0.7510     1.5692 1.0752e-01    -0.1278   103.2470     7.5421     7.8235    32.8062    32.8102    26.3720    26.3754    8.36630 0.0000e+00
      10369    105.269    -0.8989    -0.9034   2.670000   2.669779     1.9900     2.3995      8.000     0.7510     1.5692 1.0740e-01    -0.1278   103.2470     7.5423     7.8257    32.8059    32.8079    26.3718    26.3735    8.36629 0.0000e+00
      10372    105.139    -0.8989    -0.9037   2.669976   2.669685     1.9896     2.3999      8.000     0.7405     1.5692 1.0752e-01    -0.1278   103.2470     7.5368     7.8257    32.8058    32.8070    26.3716    26.3728    8.36631 0.0000e+00
      10375    105.007    -0.8993    -0.9037   2.669972   2.669664     1.9908     2.3999      8.000     0.7510     1.5297 1.0752e-01    -0.1278   103.2470     7.5422     7.8261    32.8062    32.8068    26.3720    26.3727    8.36637 0.0000e+00
      10378    104.874    -0.8990    -0.9040   2.669951   2.669622     1.9904     2.3995      8.000     0.7510     1.5692 1.0790e-01    -0.1278   103.2470     7.5431     7.8272    32.8057    32.8066    26.3716    26.3725    8.36634 0.0000e+00
      10381    104.747    -0.8991    -0.9040   2.669962   2.669619     1.9900     2.4004      8.000     0.7616     1.8850 1.0740e-01    -0.1275   103.2380     7.5455     7.8332    32.8060    32.8067    26.3719    26.3726    8.36634 0.0000e+00
      10384    104.624    -0.8993    -0.9040   2.669944   2.669617     1.9892     2.3987      8.000     0.7510     4.4906 1.0790e-01    -0.1271   103.2289     7.5406     7.8254    32.8061    32.8067    26.3719    26.3726    8.36639 0.0000e+00
      10387    104.503    -0.8992    -0.9040   2.669929   2.669604     1.9904     2.4004      8.000     0.7510     4.5301 1.0865e-01    -0.1278   103.2470     7.5478     7.8314    32.8058    32.8067    26.3717    26.3726    8.36637 0.0000e+00
      10390    104.384    -0.8993    -0.9041   2.669946   2.669594     1.9908     2.4012      8.000     0.7616     4.5301 1.0916e-01    -0.1275   103.2380     7.5478     7.8366    32.8063    32.8067    26.3721    26.3726    8.36638 0.0000e+00
      10393    104.269    -0.8994    -0.9042   2.669912   2.669600     1.9904     2.4004      8.000     0.7616     4.5301 1.0878e-01    -0.1278   103.2470     7.5444     7.8329    32.8060    32.8069    26.3719    26.3728    8.36641 0.0000e+00
      10396    104.160    -0.8996    -0.9043   2.669928   2.669569     1.9904     2.3999      8.000     0.7405     4.5301 1.0777e-01    -0.1278   103.2470     7.5432     7.8325    32.8064    32.8067    26.3722    26.3726    8.36642 0.0000e+00
      10399    104.057    -0.8994    -0.9042   2.669916   2.669571     1.9904     2.4008      8.000     0.7510     4.5301 1.0765e-01    -0.1275   103.2380     7.5444     7.8387    32.8061    32.8067    26.3719    26.3726    8.36639 0.0000e+00
      10402    103.960    -0.8995    -0.9043   2.669903   2.669596     1.9917     2.4016      8.000     0.7510     4.5301 1.0891e-01    -0.1275   103.2380     7.5542     7.8452    32.8061    32.8071    26.3720    26.3729    8.36643 0.0000e+00
      10405    103.865    -0.8996    -0.9042   2.669874   2.669576     1.9913     2.4012      8.000     0.7510     4.5301 1.1045e-01    -0.1278   103.2470     7.5522     7.8445    32.8059    32.8069    26.3718    26.3727    8.36646 0.0000e+00
      10408    103.778    -0.8994    -0.9042   2.669879   2.669587     1.9908     2.4004      8.002     0.7616     4.4511 1.0803e-01    -0.1275   103.2380     7.5509     7.8400    32.8058    32.8070    26.3717    26.3729    8.36642 0.0000e+00
      10411    103.697    -0.8994    -0.9041   2.669870   2.669579     1.9913     2.4012      8.000     0.7510     4.1748 1.0878e-01    -0.1278   103.2470     7.5535     7.8386    32.8056    32.8069    26.3716    26.3728    8.36641 0.0000e+00
      10414    103.620    -0.8996    -0.9042   2.669879   2.669549     1.9908     2.4008      8.000     0.7722     4.1748 1.0890e-01    -0.1278   103.2470     7.5494     7.8393    32.8060    32.8066    26.3719    26.3725    8.36644 0.0000e+00
      10417    103.548    -0.8995    -0.9042   2.669871   2.669599     1.9908     2.4020      8.000     0.7510     4.1748 1.1043e-01    -0.1278   103.2470     7.5466     7.8477    32.8059    32.8074    26.3718    26.3732    8.36643 0.0000e+00
      10420    103.480    -0.8995    -0.9036   2.669869   2.669644     1.9913     2.4020      8.000     0.7510     4.1748 1.0903e-01    -0.1275   103.2380     7.5457     7.8472    32.8059    32.8074    26.3718    26.3731    8.36643 0.0000e+00
      10423    103.416    -0.8995    -0.9031   2.669864   2.669728     1.9917     2.4024      8.000     0.7616     4.1748 1.0815e-01    -0.1257   103.1927     7.5471     7.8466    32.8059    32.8079    26.3718    26.3736    8.36644 0.0000e+00
      10426    103.356    -0.8996    -0.9024   2.669869   2.669868     1.9917     2.4028      8.000     0.7510     4.1748 1.0954e-01    -0.1257   103.1927     7.5453     7.8465    32.8062    32.8092    26.3720    26.3746    8.36645 0.0000e+00
      10429    103.299    -0.8997    -0.9021   2.669858   2.669891     1.9913     2.4024      8.000     0.7510     4.1748 1.1056e-01    -0.1257   103.1927     7.5478     7.8455    32.8061    32.8092    26.3720    26.3746    8.36647 0.0000e+00
      10432    103.247    -0.8996    -0.9023   2.669868   2.669882     1.9929     2.4020      8.000     0.7510     4.1748 1.1288e-01    -0.1257   103.1927     7.5572     7.8426    32.8062    32.8093    26.3720    26.3747    8.36645 0.0000e+00
      10435    103.199    -0.8995    -0.9027   2.669863   2.669793     1.9925     2.4024      8.000     0.7405     2.5561 1.1249e-01    -0.1257   103.1927     7.5566     7.8409    32.8060    32.8085    26.3719    26.3740    8.36643 0.0000e+00
