Datasets/AZMP/TEL210/tel210_2020_104.cnv
* Sea-Bird SBE 9 Data File:
* FileName = C:\CTDDATA\tel210_2020_104.hex
* Software Version Seasave V 7.26.7.110
* Temperature SN = 1697
* Conductivity SN = 4216
* Number of Bytes Per Scan = 30
* Number of Voltage Words = 4
* Number of Scans Averaged by the Deck Unit = 1
* NMEA baud rate = 4800
** VESSEL/TRIP/SEQ STN:  tel210_2020_104
** LATITUDE XX XX.XX: 55 44.80 N
** LONGITUDE XX XX.XX: 057 16.70 W
** SOUNDING DEPTH (M): 0248
** PROBE TYPE: S1146
** CTD NUMBER: 070
** COMMENTS (14 CHAR): MB-08
** BOTTLES:  10
** LEVELS: 5,10,20,30,40,50,75,100,150,BTM
** STICKERS: 436271 - 436280
** VNET: Y
** DO2: N
# nquan = 22
# nvalues = 5383                        
# units = specified
# name 0 = scan: Scan Count
# name 1 = prDM: Pressure, Digiquartz [db]
# name 2 = t090C: Temperature [ITS-90, deg C]
# name 3 = t190C: Temperature, 2 [ITS-90, deg C]
# name 4 = c0S/m: Conductivity [S/m]
# name 5 = c1S/m: Conductivity, 2 [S/m]
# name 6 = sbeox0V: Oxygen raw, SBE 43 [V]
# name 7 = sbeox1V: Oxygen raw, SBE 43, 2 [V]
# name 8 = ph: pH
# name 9 = flECO-AFL: Fluorescence, WET Labs ECO-AFL/FL [mg/m^3]
# name 10 = wetCDOM: Fluorescence, WET Labs CDOM [mg/m^3]
# name 11 = par/sat/log: PAR/Logarithmic, Satlantic [umol photons/m^2/sec]
# name 12 = CStarAt0: Beam Attenuation, WET Labs C-Star [1/m]
# name 13 = CStarTr0: Beam Transmission, WET Labs C-Star [%]
# name 14 = sbeox0ML/L: Oxygen, SBE 43 [ml/l], WS = 2
# name 15 = sbeox1ML/L: Oxygen, SBE 43, 2 [ml/l], WS = 2
# name 16 = sal00: Salinity, Practical [PSU]
# name 17 = sal11: Salinity, Practical, 2 [PSU]
# name 18 = sigma-t00: Density [sigma-t, kg/m^3 ]
# name 19 = sigma-t11: Density, 2 [sigma-t, kg/m^3 ]
# name 20 = oxsatML/L: Oxygen Saturation, Weiss [ml/l]
# name 21 = flag: flag
# span 0 =          2,      37358       
# span 1 =      1.110,    246.619       
# span 2 =    -0.2143,     6.2113       
# span 3 =    -0.2156,     6.1701       
# span 4 =   2.728129,   3.145150       
# span 5 =   2.727795,   3.142069       
# span 6 =     1.9539,     2.7723       
# span 7 =     2.3471,     3.4070       
# span 8 =      8.023,      8.381       
# span 9 =     0.6452,    12.2325       
# span 10 =    -2.8130,   482.1870      
# span 11 = 1.0678e-01, 5.3195e+01      
# span 12 =    -0.1278,     0.8783      
# span 13 =    80.2865,   103.2470      
# span 14 =     6.8117,    10.6200      
# span 15 =     7.0499,    11.1632      
# span 16 =    31.5223,    34.2001      
# span 17 =    31.5284,    34.1999      
# span 18 =    24.7817,    27.3394      
# span 19 =    24.7908,    27.3403      
# span 20 =    7.04520,    8.20421      
# span 21 = 0.0000e+00, 0.0000e+00      
# interval = scans: 3                   
# start_time = Jul 27 2020 08:55:33 [System UTC, header]
# bad_flag = -9.990e-29
*END*
[from data line 1186]
       3871    120.636     0.6764     0.6726   2.871937   2.871779     1.9950     2.4000      8.043     0.7616     1.4507 1.0727e-01    -0.1015   102.5687     7.1496     7.4032    33.7548    33.7569    27.0640    27.0659    7.97000 0.0000e+00
       3874    120.763     0.6763     0.6745   2.871956   2.871885     1.9954     2.4004      8.043     0.7510     1.4507 1.0715e-01    -0.1015   102.5687     7.1528     7.4068    33.7551    33.7561    27.0643    27.0652    7.97001 0.0000e+00
       3877    120.889     0.6742     0.6742   2.871726   2.871814     1.9950     2.4004      8.043     0.7616     1.4507 1.0715e-01    -0.1008   102.5506     7.1537     7.4051    33.7543    33.7554    27.0637    27.0647    7.97048 0.0000e+00
       3880    121.013     0.6688     0.6744   2.871464   2.871922     1.9946     2.3992      8.041     0.7405     1.4507 1.0715e-01    -0.1004   102.5416     7.1557     7.3990    33.7567    33.7565    27.0660    27.0655    7.97149 0.0000e+00
       3883    121.133     0.6677     0.6767   2.871448   2.872133     1.9954     2.3992      8.043     0.7616     1.4507 1.0715e-01    -0.1004   102.5416     7.1620     7.4002    33.7576    33.7567    27.0668    27.0656    7.97166 0.0000e+00
       3886    121.252     0.6666     0.6774   2.871439   2.872051     1.9954     2.3992      8.043     0.7934     1.4507 1.0715e-01    -0.1004   102.5416     7.1601     7.3987    33.7586    33.7548    27.0677    27.0640    7.97184 0.0000e+00
       3889    121.365     0.6702     0.6726   2.871649   2.871715     1.9950     2.3988      8.043     0.7934     1.5297 1.0715e-01    -0.1004   102.5416     7.1571     7.3969    33.7574    33.7556    27.0664    27.0649    7.97116 0.0000e+00
       3892    121.474     0.6716     0.6708   2.871653   2.871548     1.9950     2.3992      8.043     0.7934     2.9510 1.0727e-01    -0.1004   102.5416     7.1560     7.3988    33.7558    33.7553    27.0652    27.0648    7.97095 0.0000e+00
       3895    121.577     0.6718     0.6650   2.871636   2.871160     1.9950     2.3992      8.041     0.7828     3.1089 1.0715e-01    -0.1004   102.5416     7.1574     7.3988    33.7553    33.7566    27.0647    27.0661    7.97092 0.0000e+00
       3898    121.680     0.6664     0.6616   2.871328   2.871019     1.9946     2.3988      8.043     0.7934     3.1089 1.0727e-01    -0.0997   102.5235     7.1569     7.3996    33.7572    33.7584    27.0666    27.0678    7.97197 0.0000e+00
       3901    121.782     0.6639     0.6624   2.871252   2.871123     1.9954     2.3980      8.043     0.7934     3.1089 1.0727e-01    -0.0993   102.5145     7.1627     7.3991    33.7589    33.7588    27.0681    27.0680    7.97240 0.0000e+00
       3904    121.876     0.6664     0.6654   2.871394   2.871241     1.9954     2.3984      8.043     0.7934     3.1089 1.0715e-01    -0.0993   102.5145     7.1613     7.4003    33.7579    33.7570    27.0671    27.0664    7.97192 0.0000e+00
       3907    121.972     0.6676     0.6646   2.871442   2.871194     1.9946     2.3992      8.040     0.8040     3.1089 1.0740e-01    -0.0993   102.5145     7.1535     7.4035    33.7572    33.7572    27.0665    27.0667    7.97172 0.0000e+00
       3910    122.063     0.6697     0.6650   2.871552   2.871172     1.9942     2.3980      8.038     0.7934     3.1089 1.0715e-01    -0.0993   102.5145     7.1524     7.4004    33.7562    33.7564    27.0655    27.0660    7.97132 0.0000e+00
       3913    122.149     0.6674     0.6640   2.871449   2.871100     1.9946     2.3976      8.041     0.7828     3.1089 1.0715e-01    -0.0993   102.5145     7.1568     7.4002    33.7574    33.7565    27.0667    27.0662    7.97175 0.0000e+00
       3916    122.234     0.6663     0.6618   2.871530   2.871151     1.9947     2.3980      8.040     0.7934     2.0824 1.0727e-01    -0.0993   102.5145     7.1565     7.4041    33.7596    33.7596    27.0685    27.0688    7.97185 0.0000e+00
       3919    122.315     0.6684     0.6630   2.871804   2.871340     1.9947     2.3980      8.041     0.8040    -1.0759 1.0715e-01    -0.1007   102.5507     7.1556     7.4065    33.7608    33.7607    27.0693    27.0695    7.97134 0.0000e+00
       3922    122.399     0.6701     0.6624   2.871986   2.871335     1.9951     2.3980      8.038     0.7828    -0.9180 1.0715e-01    -0.1029   102.6049     7.1563     7.4103    33.7613    33.7612    27.0696    27.0700    7.97097 0.0000e+00
       3925    122.481     0.6711     0.6640   2.872084   2.871497     1.9947     2.3980      8.038     0.7828    -0.9180 1.0715e-01    -0.1025   102.5959     7.1527     7.4114    33.7613    33.7616    27.0696    27.0702    7.97075 0.0000e+00
       3928    122.562     0.6721     0.6650   2.872145   2.871632     1.9947     2.3967      8.038     0.7934    -0.9180 1.0740e-01    -0.1025   102.5959     7.1533     7.4061    33.7611    33.7622    27.0693    27.0707    7.97056 0.0000e+00
       3931    122.641     0.6711     0.6659   2.872054   2.871690     1.9938     2.3980      8.038     0.7828    -0.9575 1.0715e-01    -0.1025   102.5959     7.1516     7.4132    33.7609    33.7618    27.0692    27.0703    7.97077 0.0000e+00
       3934    122.722     0.6705     0.6661   2.872088   2.871769     1.9947     2.3980      8.038     0.8040    -0.9575 1.0727e-01    -0.1025   102.5959     7.1565     7.4161    33.7619    33.7626    27.0701    27.0709    7.97084 0.0000e+00
       3937    122.804     0.6717     0.6667   2.872182   2.871817     1.9947     2.3980      8.040     0.7722    -0.9180 1.0715e-01    -0.1025   102.5959     7.1560     7.4188    33.7618    33.7625    27.0699    27.0708    7.97060 0.0000e+00
       3940    122.890     0.6720     0.6662   2.872189   2.871739     1.9942     2.3980      8.038     0.7616    -0.9180 1.0715e-01    -0.1015   102.5687     7.1547     7.4192    33.7615    33.7620    27.0697    27.0704    7.97055 0.0000e+00
       3943    122.975     0.6712     0.6663   2.872099   2.871794     1.9942     2.3980      8.040     0.7722     1.4902 1.0727e-01    -0.1011   102.5597     7.1578     7.4190    33.7612    33.7625    27.0695    27.0708    7.97074 0.0000e+00
       3946    123.064     0.6709     0.6666   2.872136   2.871810     1.9942     2.3984      8.038     0.7510     3.8195 1.0715e-01    -0.1015   102.5687     7.1574     7.4207    33.7619    33.7624    27.0700    27.0708    7.97076 0.0000e+00
       3949    123.156     0.6723     0.6665   2.872339   2.871814     1.9938     2.3980      8.038     0.7405     3.7010 1.0715e-01    -0.1008   102.5506     7.1582     7.4214    33.7630    33.7626    27.0708    27.0708    7.97041 0.0000e+00
       3952    123.244     0.6776     0.6679   2.872888   2.871946     1.9938     2.3980      8.040     0.7616     3.7010 1.0740e-01    -0.1011   102.5597     7.1585     7.4201    33.7643    33.7627    27.0716    27.0708    7.96924 0.0000e+00
       3955    123.338     0.6791     0.6688   2.872907   2.872070     1.9942     2.3980      8.040     0.7616     3.7010 1.0715e-01    -0.1008   102.5506     7.1622     7.4193    33.7628    33.7632    27.0703    27.0713    7.96899 0.0000e+00
       3958    123.434     0.6745     0.6718   2.872461   2.872412     1.9947     2.3984      8.043     0.7722     3.7010 1.0715e-01    -0.1008   102.5506     7.1627     7.4197    33.7620    33.7643    27.0699    27.0720    7.97001 0.0000e+00
       3961    123.534     0.6740     0.6727   2.872481   2.872421     1.9942     2.3992      8.038     0.7616     3.7010 1.0715e-01    -0.1032   102.6140     7.1612     7.4212    33.7627    33.7634    27.0706    27.0712    7.97006 0.0000e+00
       3964    123.632     0.6768     0.6722   2.872815   2.872391     1.9947     2.3980      8.038     0.7510     3.7010 1.0727e-01    -0.1036   102.6230     7.1629     7.4151    33.7640    33.7635    27.0714    27.0712    7.96942 0.0000e+00
       3967    123.732     0.6835     0.6756   2.873849   2.872918     1.9947     2.3980      8.038     0.7616     3.7010 1.0740e-01    -0.1032   102.6140     7.1624     7.4127    33.7700    33.7666    27.0759    27.0735    7.96769 0.0000e+00
       3970    123.831     0.6966     0.6866   2.875122   2.874090     1.9938     2.3984      8.041     0.7722     0.4243 1.0715e-01    -0.1032   102.6140     7.1568     7.4105    33.7722    33.7697    27.0768    27.0754    7.96484 0.0000e+00
       3973    123.932     0.7055     0.6950   2.875882   2.875006     1.9947     2.3988      8.038     0.7510    -0.2863 1.0740e-01    -0.1032   102.6140     7.1588     7.4095    33.7723    33.7724    27.0764    27.0771    7.96297 0.0000e+00
       3976    124.033     0.7158     0.7064   2.876928   2.876215     1.9947     2.3984      8.038     0.7510    -0.2469 1.0740e-01    -0.1029   102.6049     7.1534     7.4038    33.7746    33.7756    27.0776    27.0790    7.96070 0.0000e+00
       3979    124.133     0.7166     0.7141   2.876789   2.876744     1.9947     2.3992      8.041     0.7616    -0.2469 1.0740e-01    -0.1032   102.6140     7.1510     7.4040    33.7719    33.7740    27.0754    27.0773    7.96068 0.0000e+00
       3982    124.230     0.7208     0.7133   2.877469   2.876559     1.9938     2.3980      8.041     0.7405    -0.2074 1.0715e-01    -0.1036   102.6230     7.1474     7.3978    33.7760    33.7724    27.0785    27.0760    7.95957 0.0000e+00
       3985    124.328     0.7273     0.7207   2.878020   2.877536     1.9938     2.3980      8.040     0.7722    -0.2074 1.0715e-01    -0.1036   102.6230     7.1490     7.3951    33.7760    33.7770    27.0781    27.0792    7.95821 0.0000e+00
       3988    124.428     0.7302     0.7248   2.878338   2.877882     1.9942     2.3980      8.043     0.7510    -0.2074 1.0715e-01    -0.1036   102.6230     7.1477     7.3946    33.7770    33.7769    27.0787    27.0789    7.95756 0.0000e+00
       3991    124.524     0.7311     0.7260   2.878479   2.878002     1.9951     2.3980      8.041     0.7616    -0.2074 1.0740e-01    -0.1032   102.6140     7.1513     7.3910    33.7777    33.7770    27.0792    27.0790    7.95733 0.0000e+00
       3994    124.618     0.7373     0.7309   2.879295   2.878787     1.9947     2.3980      8.043     0.7405    -0.0100 1.0727e-01    -0.1039   102.6320     7.1467     7.3882    33.7815    33.7819    27.0819    27.0826    7.95584 0.0000e+00
       3997    124.710     0.7447     0.7391   2.880069   2.879625     1.9942     2.3980      8.041     0.7510     1.3718 1.0727e-01    -0.1039   102.6320     7.1415     7.3865    33.7833    33.7838    27.0830    27.0836    7.95418 0.0000e+00
       4000    124.798     0.7502     0.7440   2.880634   2.880051     1.9942     2.3980      8.043     0.7722     1.4112 1.0715e-01    -0.1039   102.6320     7.1399     7.3855    33.7846    33.7839    27.0836    27.0834    7.95296 0.0000e+00
       4003    124.887     0.7566     0.7479   2.881396   2.880547     1.9938     2.3980      8.043     0.7722     1.4507 1.0715e-01    -0.1046   102.6501     7.1399     7.3876    33.7875    33.7859    27.0856    27.0848    7.95149 0.0000e+00
       4006    124.973     0.7689     0.7578   2.882777   2.881798     1.9951     2.3976      8.043     0.7722     1.4507 1.0727e-01    -0.1046   102.6501     7.1443     7.3872    33.7919    33.7913    27.0884    27.0885    7.94868 0.0000e+00
       4009    125.056     0.7739     0.7668   2.883320   2.882733     1.9951     2.3976      8.041     0.7510     1.4112 1.0715e-01    -0.1046   102.6501     7.1410     7.3857    33.7934    33.7936    27.0892    27.0898    7.94755 0.0000e+00
       4012    125.137     0.7780     0.7738   2.883678   2.883387     1.9934     2.3971      8.043     0.7616     1.4507 1.0727e-01    -0.1046   102.6501     7.1286     7.3789    33.7936    33.7943    27.0891    27.0900    7.94669 0.0000e+00
       4015    125.215     0.7784     0.7755   2.883680   2.883497     1.9942     2.3971      8.043     0.7510     1.3718 1.0740e-01    -0.1046   102.6501     7.1322     7.3767    33.7930    33.7939    27.0887    27.0896    7.94663 0.0000e+00
       4018    125.294     0.7783     0.7757   2.883700   2.883573     1.9938     2.3971      8.043     0.7722     1.4507 1.0740e-01    -0.1046   102.6501     7.1317     7.3764    33.7934    33.7947    27.0890    27.0901    7.94664 0.0000e+00
       4021    125.375     0.7801     0.7772   2.883913   2.883708     1.9942     2.3976      8.041     0.7510     0.7006 1.0715e-01    -0.1036   102.6230     7.1356     7.3776    33.7942    33.7946    27.0894    27.0901    7.94622 0.0000e+00
       4024    125.455     0.7830     0.7776   2.884228   2.883720     1.9938     2.3971      8.043     0.7722    -0.6416 1.0715e-01    -0.1036   102.6230     7.1331     7.3748    33.7951    33.7943    27.0901    27.0898    7.94558 0.0000e+00
       4027    125.533     0.7855     0.7790   2.884530   2.883966     1.9951     2.3980      8.043     0.7616    -0.6022 1.0715e-01    -0.1036   102.6230     7.1370     7.3774    33.7962    33.7960    27.0908    27.0910    7.94499 0.0000e+00
       4030    125.616     0.7870     0.7820   2.884728   2.884292     1.9942     2.3980      8.043     0.7616    -0.6022 1.0715e-01    -0.1036   102.6230     7.1320     7.3783    33.7970    33.7969    27.0913    27.0915    7.94462 0.0000e+00
       4033    125.699     0.7901     0.7846   2.885109   2.884612     1.9942     2.3971      8.043     0.7510    -0.6022 1.0715e-01    -0.1036   102.6230     7.1331     7.3744    33.7986    33.7982    27.0925    27.0924    7.94391 0.0000e+00
       4036    125.783     0.7933     0.7883   2.885446   2.885058     1.9934     2.3955      8.043     0.7616    -0.6416 1.0715e-01    -0.1036   102.6230     7.1251     7.3670    33.7993    33.7998    27.0928    27.0935    7.94319 0.0000e+00
       4039    125.869     0.7980     0.7913   2.886061   2.885457     1.9938     2.3967      8.043     0.7510    -0.6811 1.0740e-01    -0.1036   102.6230     7.1204     7.3675    33.8022    33.8016    27.0949    27.0948    7.94207 0.0000e+00
       4042    125.959     0.8052     0.7964   2.886844   2.886040     1.9942     2.3967      8.043     0.7616    -0.6022 1.0727e-01    -0.1039   102.6320     7.1194     7.3632    33.8044    33.8036    27.0962    27.0960    7.94044 0.0000e+00
       4045    126.052     0.8074     0.8015   2.886998   2.886514     1.9947     2.3963      8.043     0.7510    -0.5627 1.0715e-01    -0.1036   102.6230     7.1175     7.3590    33.8039    33.8041    27.0956    27.0962    7.94001 0.0000e+00
       4048    126.145     0.8099     0.8041   2.887320   2.886776     1.9942     2.3959      8.043     0.7616     3.5036 1.0727e-01    -0.1039   102.6320     7.1129     7.3578    33.8054    33.8046    27.0967    27.0964    7.93943 0.0000e+00
       4051    126.245     0.8123     0.8062   2.887519   2.887042     1.9938     2.3963      8.043     0.7616     5.8329 1.0740e-01    -0.1036   102.6230     7.1092     7.3607    33.8052    33.8057    27.0964    27.0972    7.93892 0.0000e+00
       4054    126.351     0.8136     0.8078   2.887644   2.887182     1.9938     2.3967      8.043     0.7510     5.7145 1.0727e-01    -0.1036   102.6230     7.1111     7.3619    33.8054    33.8057    27.0965    27.0970    7.93865 0.0000e+00
       4057    126.462     0.8142     0.8091   2.887677   2.887319     1.9930     2.3963      8.043     0.7510     5.7145 1.0727e-01    -0.1036   102.6230     7.1092     7.3651    33.8050    33.8060    27.0962    27.0973    7.93854 0.0000e+00
       4060    126.576     0.8147     0.8099   2.887734   2.887411     1.9926     2.3959      8.043     0.7510     5.7145 1.0715e-01    -0.1043   102.6411     7.1064     7.3633    33.8052    33.8063    27.0963    27.0974    7.93844 0.0000e+00
       4063    126.694     0.8148     0.8098   2.887766   2.887401     1.9930     2.3951      8.043     0.7616     5.7145 1.0740e-01    -0.1064   102.6954     7.1071     7.3573    33.8054    33.8061    27.0964    27.0973    7.93840 0.0000e+00
