Datasets/AZMP/TEL210/tel210_2020_058.cnv
* Sea-Bird SBE 9 Data File:
* FileName = C:\CTDDATA\tel210_2020_058.hex
* Software Version Seasave V 7.26.7.110
* Temperature SN = 1697
* Conductivity SN = 4216
* Number of Bytes Per Scan = 30
* Number of Voltage Words = 4
* Number of Scans Averaged by the Deck Unit = 1
* NMEA baud rate = 4800
** VESSEL/TRIP/SEQ STN:  tel210_2020_058
** LATITUDE XX XX.XX: 48 44.00 N
** LONGITUDE XX XX.XX: 052 58.00 W
** SOUNDING DEPTH (M): 0099
** PROBE TYPE: S1146
** CTD NUMBER: 048
** COMMENTS (14 CHAR): BB-01
** BOTTLES:  08
** LEVELS: 5,10,20,30,40,50,75,BTM
** STICKERS: 436106 - 436113
** VNET: Y
** DO2: Y
# nquan = 22
# nvalues = 2326                        
# units = specified
# name 0 = scan: Scan Count
# name 1 = prDM: Pressure, Digiquartz [db]
# name 2 = t090C: Temperature [ITS-90, deg C]
# name 3 = t190C: Temperature, 2 [ITS-90, deg C]
# name 4 = c0S/m: Conductivity [S/m]
# name 5 = c1S/m: Conductivity, 2 [S/m]
# name 6 = sbeox0V: Oxygen raw, SBE 43 [V]
# name 7 = sbeox1V: Oxygen raw, SBE 43, 2 [V]
# name 8 = ph: pH
# name 9 = flECO-AFL: Fluorescence, WET Labs ECO-AFL/FL [mg/m^3]
# name 10 = wetCDOM: Fluorescence, WET Labs CDOM [mg/m^3]
# name 11 = par/sat/log: PAR/Logarithmic, Satlantic [umol photons/m^2/sec]
# name 12 = CStarAt0: Beam Attenuation, WET Labs C-Star [1/m]
# name 13 = CStarTr0: Beam Transmission, WET Labs C-Star [%]
# name 14 = sbeox0ML/L: Oxygen, SBE 43 [ml/l], WS = 2
# name 15 = sbeox1ML/L: Oxygen, SBE 43, 2 [ml/l], WS = 2
# name 16 = sal00: Salinity, Practical [PSU]
# name 17 = sal11: Salinity, Practical, 2 [PSU]
# name 18 = sigma-t00: Density [sigma-t, kg/m^3 ]
# name 19 = sigma-t11: Density, 2 [sigma-t, kg/m^3 ]
# name 20 = oxsatML/L: Oxygen Saturation, Weiss [ml/l]
# name 21 = flag: flag
# span 0 =         98,      27873       
# span 1 =      0.236,     96.166       
# span 2 =    -1.2636,    12.5772       
# span 3 =    -1.2668,    12.5749       
# span 4 =   2.624201,   3.677940       
# span 5 =   2.623912,   3.677659       
# span 6 =     2.0342,     2.5225       
# span 7 =     2.4648,     3.1017       
# span 8 =      7.977,      8.273       
# span 9 =     0.7510,     6.8992       
# span 10 =    -2.8130,   482.1870      
# span 11 = 1.0715e-01, 9.3765e+02      
# span 12 =    -0.1236,     0.0755      
# span 13 =    98.1286,   103.1385      
# span 14 =     6.3240,     8.9729      
# span 15 =     6.3818,     9.4904      
# span 16 =    30.6400,    32.5892      
# span 17 =    29.9929,    32.5889      
# span 18 =    23.1002,    26.2073      
# span 19 =    22.6022,    26.2074      
# span 20 =    6.11412,    8.46253      
# span 21 = 0.0000e+00, 0.0000e+00      
# interval = scans: 3                   
# start_time = Jul 21 2020 20:31:46 [System UTC, header]
# bad_flag = -9.990e-29
*END*
[from data line 1844]
      19091     29.991     0.7360     0.7904   2.764367   2.767220     2.3047     2.8086      8.168     1.6188     0.0295 1.4057e+01    -0.0425   101.0676     8.6179     8.9787    32.3519    32.3319    25.9315    25.9123    8.03376 0.0000e+00
      19094     29.946     0.7492     0.7989   2.764356   2.767940     2.3051     2.8099      8.168     1.6188    -0.0889 1.4204e+01    -0.0407   101.0224     8.6155     8.9839    32.3380    32.3322    25.9196    25.9121    8.03174 0.0000e+00
      19097     29.901     0.7551     0.8067   2.764185   2.768520     2.3055     2.8099      8.168     1.6505    -0.1284 1.4320e+01    -0.0407   101.0224     8.6136     8.9822    32.3297    32.3316    25.9125    25.9112    8.03095 0.0000e+00
      19100     29.858     0.7599     0.8118   2.765474   2.768780     2.3059     2.8103      8.168     1.6188    -0.1284 1.4436e+01    -0.0407   101.0224     8.6160     8.9842    32.3412    32.3296    25.9216    25.9094    8.02929 0.0000e+00
      19103     29.818     0.7722     0.8124   2.766245   2.768816     2.3059     2.8107      8.166     1.6294    -0.0889 1.4520e+01    -0.0407   101.0224     8.6156     8.9853    32.3384    32.3295    25.9186    25.9092    8.02686 0.0000e+00
      19106     29.782     0.7764     0.8123   2.765230   2.768776     2.3055     2.8111      8.168     1.6399    -0.2074 1.4604e+01    -0.0407   101.0224     8.6166     8.9893    32.3209    32.3291    25.9043    25.9089    8.02692 0.0000e+00
      19109     29.748     0.7728     0.8128   2.765359   2.768666     2.3067     2.8111      8.168     1.6611    -0.0889 1.4689e+01    -0.0407   101.0224     8.6280     8.9917    32.3264    32.3272    25.9089    25.9073    8.02739 0.0000e+00
      19112     29.718     0.7705     0.8141   2.764744   2.768423     2.3067     2.8111      8.168     1.6823    -0.0889 1.4757e+01    -0.0421   101.0585     8.6335     8.9931    32.3209    32.3228    25.9046    25.9037    8.02818 0.0000e+00
      19115     29.692     0.7624     0.8129   2.763995   2.768105     2.3071     2.8115      8.168     1.6611    -0.0889 1.4757e+01    -0.0435   101.0947     8.6378     8.9972    32.3197    32.3199    25.9041    25.9015    8.02995 0.0000e+00
      19146     29.551     0.8565     0.7981   2.772415   2.766969     2.3108     2.8172      8.173     1.6611     1.1744 1.4303e+01    -0.0450   101.1309     8.6551     9.0650    32.3300    32.3209    25.9071    25.9030    8.00957 0.0000e+00
      19149     29.528     0.8582     0.7928   2.772369   2.767068     2.3116     2.8168      8.173     1.6611     1.2139 1.4353e+01    -0.0450   101.1309     8.6587     9.0671    32.3277    32.3277    25.9051    25.9089    8.00934 0.0000e+00
      19152     29.504     0.8554     0.7937   2.771302   2.766711     2.3116     2.8192      8.173     1.6611     1.2139 1.4353e+01    -0.0432   101.0857     8.6625     9.0784    32.3168    32.3221    25.8966    25.9043    8.01051 0.0000e+00
      19155     29.476     0.8437     0.7832   2.770537   2.766169     2.3116     2.8196      8.173     1.6505     1.2139 1.4386e+01    -0.0414   101.0405     8.6683     9.0896    32.3192    32.3261    25.8992    25.9082    8.01284 0.0000e+00
      19158     29.444     0.8417     0.7753   2.771208   2.766146     2.3132     2.8208      8.173     1.6611     1.2139 1.4453e+01    -0.0414   101.0405     8.6813     9.1024    32.3300    32.3341    25.9079    25.9150    8.01268 0.0000e+00
      19161     29.407     0.8407     0.7708   2.770883   2.765623     2.3137     2.8208      8.173     1.7034     1.2139 1.4520e+01    -0.0411   101.0314     8.6873     9.1084    32.3269    32.3320    25.9055    25.9135    8.01306 0.0000e+00
      19164     29.363     0.8380     0.7658   2.770489   2.764699     2.3145     2.8212      8.175     1.7457     1.2139 1.4638e+01    -0.0414   101.0405     8.6903     9.1231    32.3246    32.3253    25.9038    25.9085    8.01375 0.0000e+00
      19167     29.315     0.8382     0.7559   2.770926   2.764101     2.3149     2.8212      8.173     1.7457     1.2139 1.4706e+01    -0.0414   101.0405     8.6906     9.1358    32.3301    32.3280    25.9082    25.9112    8.01342 0.0000e+00
      19170     29.260     0.8444     0.7549   2.772012   2.764180     2.3141     2.8225      8.173     1.7563     1.2139 1.4757e+01    -0.0414   101.0405     8.6869     9.1456    32.3376    32.3301    25.9138    25.9129    8.01169 0.0000e+00
      19173     29.193     0.8536     0.7543   2.772694   2.764703     2.3153     2.8241      8.176     1.7563     1.8850 1.4825e+01    -0.0460   101.1580     8.6949     9.1571    32.3368    32.3376    25.9127    25.9190    8.00981 0.0000e+00
      19176     29.118     0.8606     0.8012   2.773194   2.768697     2.3161     2.8253      8.176     1.7457     1.9245 1.4963e+01    -0.0471   101.1851     8.7022     9.1541    32.3360    32.3401    25.9117    25.9183    8.00838 0.0000e+00
      19179     29.031     0.8672     0.8334   2.773745   2.771297     2.3169     2.8282      8.175     1.7563     1.9245 1.5119e+01    -0.0471   101.1851     8.7073     9.1666    32.3363    32.3400    25.9115    25.9165    8.00698 0.0000e+00
      19182     28.935     0.8743     0.8559   2.774385   2.773197     2.3185     2.8286      8.175     1.7457     1.9245 1.5296e+01    -0.0471   101.1851     8.7169     9.1688    32.3371    32.3410    25.9118    25.9160    8.00545 0.0000e+00
      19185     28.835     0.8827     0.8831   2.775253   2.775174     2.3181     2.8306      8.178     1.7563     1.9245 1.5491e+01    -0.0471   101.1851     8.7181     9.1741    32.3395    32.3382    25.9132    25.9121    8.00354 0.0000e+00
      19188     28.734     0.8926     0.9034   2.775991   2.776191     2.3177     2.8335      8.177     1.6611     1.9245 1.5689e+01    -0.0468   101.1761     8.7195     9.1841    32.3387    32.3300    25.9120    25.9045    8.00150 0.0000e+00
      19191     28.632     0.9007     0.9064   2.776233   2.775884     2.3193     2.8331      8.177     1.6294     1.9640 1.5872e+01    -0.0468   101.1761     8.7343     9.1860    32.3335    32.3231    25.9073    25.8986    8.00009 0.0000e+00
      19194     28.522     0.9075     0.9106   2.776911   2.776577     2.3202     2.8331      8.177     1.6294     1.9245 1.6075e+01    -0.0461   101.1580     8.7435     9.1802    32.3351    32.3277    25.9083    25.9021    7.99857 0.0000e+00
      19197     28.406     0.9187     0.9215   2.778424   2.777552     2.3218     2.8355      8.177     1.6505     1.8061 1.6299e+01    -0.0461   101.1580     8.7497     9.1837    32.3430    32.3289    25.9139    25.9024    7.99580 0.0000e+00
      19200     28.287     0.9356     0.9348   2.780029   2.778830     2.3226     2.8379      8.177     1.6294     1.2139 1.6527e+01    -0.0468   101.1761     8.7522     9.1857    32.3460    32.3315    25.9154    25.9037    7.99210 0.0000e+00
      19203     28.167     0.9532     0.9434   2.780976   2.778810     2.3234     2.8392      8.177     1.6294     1.2139 1.6739e+01    -0.0461   101.1580     8.7544     9.1853    32.3399    32.3223    25.9095    25.8959    7.98875 0.0000e+00
      19206     28.050     0.9682     0.9529   2.781916   2.780148     2.3246     2.8400      8.177     1.6188     1.2139 1.6953e+01    -0.0464   101.1670     8.7602     9.1883    32.3364    32.3297    25.9058    25.9013    7.98580 0.0000e+00
      19209     27.939     0.9810     0.9764   2.782308   2.781631     2.3250     2.8408      8.177     1.6399     1.2139 1.7130e+01    -0.0461   101.1580     8.7623     9.1836    32.3283    32.3243    25.8984    25.8956    7.98358 0.0000e+00
      19212     27.828     0.9882     0.9868   2.782456   2.782181     2.3263     2.8436      8.177     1.6293     1.2139 1.7330e+01    -0.0461   101.1580     8.7658     9.1919    32.3227    32.3206    25.8936    25.8920    7.98237 0.0000e+00
      19215     27.717     0.9937     1.0010   2.783142   2.784066     2.3283     2.8449      8.177     1.5659     1.2139 1.7531e+01    -0.0461   101.1580     8.7700     9.1937    32.3258    32.3300    25.8958    25.8987    7.98105 0.0000e+00
      19218     27.605     1.0037     1.0351   2.784500   2.787117     2.3287     2.8449      8.177     1.5659     1.2139 1.7796e+01    -0.0461   101.1580     8.7677     9.1771    32.3328    32.3337    25.9008    25.8996    7.97858 0.0000e+00
      19221     27.496     1.0179     1.0690   2.786299   2.789783     2.3295     2.8469      8.177     1.5870     1.2139 1.8087e+01    -0.0461   101.1580     8.7661     9.1706    32.3413    32.3326    25.9067    25.8968    7.97518 0.0000e+00
      19224     27.389     1.0403     1.1124   2.788873   2.793580     2.3303     2.8477      8.177     1.5553     0.7796 1.8339e+01    -0.0461   101.1580     8.7625     9.1565    32.3509    32.3362    25.9131    25.8970    7.96998 0.0000e+00
      19227     27.287     1.0621     1.1592   2.790030   2.797498     2.3315     2.8493      8.177     1.5764     0.1874 1.8661e+01    -0.0461   101.1580     8.7641     9.1490    32.3431    32.3376    25.9056    25.8953    7.96586 0.0000e+00
      19230     27.186     1.0780     1.2041   2.791561   2.800910     2.3324     2.8522      8.177     1.5659     0.1874 1.8921e+01    -0.0461   101.1580     8.7651     9.1438    32.3462    32.3346    25.9071    25.8901    7.96238 0.0000e+00
      19233     27.086     1.0936     1.2485   2.792163   2.803800     2.3328     2.8522      8.177     1.5659     0.2664 1.9208e+01    -0.0468   101.1761     8.7640     9.1266    32.3378    32.3254    25.8994    25.8800    7.95959 0.0000e+00
      19236     26.993     1.1063     1.2689   2.793306   2.804632     2.3340     2.8530      8.177     1.5764     0.1874 1.9386e+01    -0.0471   101.1851     8.7676     9.1190    32.3392    32.3149    25.8998    25.8702    7.95688 0.0000e+00
      19239     26.906     1.1268     1.2830   2.796029   2.805965     2.3348     2.8538      8.176     1.4812     0.2269 1.9544e+01    -0.0475   101.1942     8.7637     9.1157    32.3528    32.3173    25.9094    25.8713    7.95189 0.0000e+00
      19242     26.823     1.1572     1.3015   2.798558   2.807345     2.3364     2.8546      8.176     1.3330     0.2664 1.9725e+01    -0.0471   101.1851     8.7650     9.1096    32.3535    32.3158    25.9081    25.8689    7.94555 0.0000e+00
      19245     26.741     1.1950     1.3145   2.802649   2.807959     2.3369     2.8567      8.176     1.3542     0.1874 1.9954e+01    -0.0471   101.1851     8.7585     9.1114    32.3664    32.3102    25.9162    25.8636    7.93702 0.0000e+00
      19248     26.666     1.2391     1.3239   2.805876   2.808935     2.3377     2.8567      8.178     1.3648     0.2269 2.0093e+01    -0.0471   101.1851     8.7530     9.1093    32.3617    32.3129    25.9097    25.8651    7.92815 0.0000e+00
      19251     26.592     1.2786     1.3338   2.809212   2.809835     2.3401     2.8587      8.178     1.3542     0.3059 2.0140e+01    -0.0471   101.1851     8.7547     9.1142    32.3633    32.3141    25.9085    25.8655    7.91993 0.0000e+00
      19254     26.522     1.3243     1.3437   2.813009   2.810589     2.3401     2.8587      8.179     1.3542     0.3848 2.0233e+01    -0.0486   101.2213     8.7438     9.1127    32.3642    32.3135    25.9063    25.8643    7.91046 0.0000e+00
      19257     26.457     1.3637     1.3358   2.815368   2.809569     2.3421     2.8595      8.175     1.3648     0.3848 2.0257e+01    -0.0486   101.2213     8.7413     9.1189    32.3535    32.3087    25.8952    25.8610    7.90294 0.0000e+00
      19260     26.400     1.3991     1.3752   2.817398   2.812587     2.3425     2.8607      8.178     1.3648     0.3059 2.0327e+01    -0.0482   101.2123     8.7288     9.1120    32.3426    32.3064    25.8842    25.8566    7.89626 0.0000e+00
      19263     26.349     1.4271     1.3936   2.818247   2.812390     2.3430     2.8611      8.178     1.3330     0.3848 2.0374e+01    -0.0493   101.2394     8.7170     9.1065    32.3245    32.2850    25.8678    25.8383    7.89149 0.0000e+00
      19266     26.303     1.4407     1.3791   2.817395   2.813612     2.3442     2.8628      8.180     1.2590     0.3059 2.0374e+01    -0.0489   101.2304     8.7144     9.1112    32.2997    32.3154    25.8471    25.8636    7.89003 0.0000e+00
      19269     26.256     1.4300     1.4587   2.815089   2.818088     2.3458     2.8644      8.180     1.2272     0.3453 2.0374e+01    -0.0489   101.2304     8.7199     9.0929    32.2816    32.2900    25.8332    25.8381    7.89318 0.0000e+00
      19272     26.211     1.4287     1.3665   2.817666   2.808150     2.3470     2.8664      8.180     1.2378     0.3453 2.0351e+01    -0.0486   101.2213     8.7197     9.1252    32.3155    32.2593    25.8606    25.8194    7.89164 0.0000e+00
      19275     26.169     1.4426     1.3640   2.818394   2.810900     2.3478     2.8672      8.180     1.2378     0.3453 2.0351e+01    -0.0482   101.2123     8.7221     9.1284    32.3104    32.2967    25.8556    25.8496    7.88907 0.0000e+00
      19278     26.125     1.4448     1.4420   2.817303   2.818018     2.3482     2.8672      8.180     1.2378     0.1874 2.0374e+01    -0.0478   101.2032     8.7331     9.1101    32.2945    32.3064    25.8426    25.8524    7.88948 0.0000e+00
      19281     26.080     1.4442     1.3978   2.817719   2.815603     2.3491     2.8681      8.185     1.2272     0.2269 2.0398e+01    -0.0482   101.2123     8.7450     9.1332    32.3004    32.3215    25.8474    25.8673    7.88929 0.0000e+00
      19284     26.036     1.4582     1.3876   2.820051   2.814204     2.3482     2.8681      8.185     1.2272     0.2664 2.0374e+01    -0.0478   101.2032     8.7495     9.1503    32.3154    32.3143    25.8586    25.8622    7.88562 0.0000e+00
      19287     25.990     1.4846     1.3419   2.821955   2.807192     2.3491     2.8689      8.185     1.2378     0.2664 2.0327e+01    -0.0478   101.2032     8.7574     9.1849    32.3123    32.2726    25.8543    25.8317    7.88039 0.0000e+00
      19290     25.941     1.5093     1.3263   2.823746   2.807602     2.3503     2.8697      8.184     1.2378     0.2664 2.0398e+01    -0.0478   101.2032     8.7692     9.2092    32.3095    32.2939    25.8505    25.8498    7.87550 0.0000e+00
      19293     25.892     1.5320     1.3628   2.825643   2.811139     2.3507     2.8697      8.187     1.4071     0.2664 2.0492e+01    -0.0493   101.2394     8.7804     9.2199    32.3101    32.3012    25.8494    25.8533    7.87083 0.0000e+00
      19296     25.837     1.5501     1.4062   2.826213   2.813810     2.3531     2.8721      8.189     1.4071     0.2664 2.0611e+01    -0.0514   101.2937     8.8039     9.2430    32.2986    32.2901    25.8390    25.8416    7.86775 0.0000e+00
      19299     25.775     1.5573     1.3941   2.826239   2.812200     2.3560     2.8742      8.189     1.4071     0.2269 2.0731e+01    -0.0514   101.2937     8.8311     9.2839    32.2916    32.2824    25.8329    25.8362    7.86665 0.0000e+00
      19302     25.706     1.5642     1.3929   2.827375   2.810689     2.3580     2.8758      8.192     1.3965     0.5427 2.1020e+01    -0.0514   101.2937     8.8525     9.3195    32.2988    32.2645    25.8383    25.8219    7.86486 0.0000e+00
      19305     25.636     1.5637     1.3421   2.825798   2.805340     2.3596     2.8807      8.194     1.4177     1.5692 2.1166e+01    -0.0518   101.3027     8.8750     9.3749    32.2796    32.2491    25.8228    25.8128    7.86600 0.0000e+00
      19308     25.563     1.5463     1.3012   2.823633   2.806022     2.3613     2.8839      8.194     1.4071     1.5692 2.1388e+01    -0.0521   101.3118     8.8995     9.4152    32.2702    32.3000    25.8165    25.8562    7.87004 0.0000e+00
      19311     25.489     1.5454     1.3594   2.826591   2.809999     2.3633     2.8868      8.194     1.4177     1.5692 2.1687e+01    -0.0518   101.3027     8.9116     9.4273    32.3084    32.2904    25.8472    25.8448    7.86818 0.0000e+00
