Datasets/AZMP/TEL210/tel210_2020_018.cnv
* Sea-Bird SBE 9 Data File:
* FileName = C:\CTDDATA\tel210_2020_018.hex
* Software Version Seasave V 7.26.7.110
* Temperature SN = 1697
* Conductivity SN = 4216
* Number of Bytes Per Scan = 30
* Number of Voltage Words = 4
* Number of Scans Averaged by the Deck Unit = 1
* NMEA baud rate = 4800
** VESSEL/TRIP/SEQ STN:  tel210_2020_210
** LATITUDE XX XX.XX: 47 00.00 N
** LONGITUDE XX XX.XX: 047 10.10 W
** SOUNDING DEPTH (M): 0850
** PROBE TYPE: S1146
** CTD NUMBER: 017
** COMMENTS (14 CHAR): FC-16
** BOTTLES:  0
** LEVELS:
** STICKERS:
** VNET: N
** DO2: N
# nquan = 22
# nvalues = 16344                       
# units = specified
# name 0 = scan: Scan Count
# name 1 = prDM: Pressure, Digiquartz [db]
# name 2 = t090C: Temperature [ITS-90, deg C]
# name 3 = t190C: Temperature, 2 [ITS-90, deg C]
# name 4 = c0S/m: Conductivity [S/m]
# name 5 = c1S/m: Conductivity, 2 [S/m]
# name 6 = sbeox0V: Oxygen raw, SBE 43 [V]
# name 7 = sbeox1V: Oxygen raw, SBE 43, 2 [V]
# name 8 = ph: pH
# name 9 = flECO-AFL: Fluorescence, WET Labs ECO-AFL/FL [mg/m^3]
# name 10 = wetCDOM: Fluorescence, WET Labs CDOM [mg/m^3]
# name 11 = par/sat/log: PAR/Logarithmic, Satlantic [umol photons/m^2/sec]
# name 12 = CStarAt0: Beam Attenuation, WET Labs C-Star [1/m]
# name 13 = CStarTr0: Beam Transmission, WET Labs C-Star [%]
# name 14 = sbeox0ML/L: Oxygen, SBE 43 [ml/l], WS = 2
# name 15 = sbeox1ML/L: Oxygen, SBE 43, 2 [ml/l], WS = 2
# name 16 = sal00: Salinity, Practical [PSU]
# name 17 = sal11: Salinity, Practical, 2 [PSU]
# name 18 = sigma-t00: Density [sigma-t, kg/m^3 ]
# name 19 = sigma-t11: Density, 2 [sigma-t, kg/m^3 ]
# name 20 = oxsatML/L: Oxygen Saturation, Weiss [ml/l]
# name 21 = flag: flag
# span 0 =         44,      58865       
# span 1 =      2.082,    830.561       
# span 2 =    -0.6236,    10.2108       
# span 3 =    -0.6277,    10.2067       
# span 4 =   2.723262,   3.545227       
# span 5 =   2.723270,   3.544672       
# span 6 =     1.8675,     2.5455       
# span 7 =     2.2344,     3.1390       
# span 8 =      7.924,      8.264       
# span 9 =    -0.6529,    21.6507       
# span 10 =    -2.8130,   482.1870      
# span 11 = 1.0678e-01, 2.3326e-01      
# span 12 =    -0.1432,     1.2679      
# span 13 =    72.8349,   103.6449      
# span 14 =     6.3492,     9.3662      
# span 15 =     6.5227,     9.9625      
# span 16 =    31.9771,    34.8470      
# span 17 =    32.1153,    34.8458      
# span 18 =    24.6713,    27.7221      
# span 19 =    24.6701,    27.7214      
# span 20 =    6.40480,    8.27815      
# span 21 = 0.0000e+00, 0.0000e+00      
# interval = scans: 3                   
# start_time = Jul 17 2020 03:30:10 [System UTC, header]
# bad_flag = -9.990e-29
*END*
[from data line 5531]
      18079    571.949     3.3497     3.3455   3.206089   3.205642     1.9310     2.3346      7.968    -0.5714   287.2395 1.0715e-01    -0.1025   102.5959     6.6747     6.9906    34.7935    34.7926    27.6873    27.6869    7.39159 0.0000e+00
      18082    572.083     3.3499     3.3455   3.206096   3.205633     1.9318     2.3334      7.969    -0.5714     4.4906 1.0715e-01    -0.1025   102.5959     6.6742     6.9880    34.7934    34.7924    27.6872    27.6868    7.39158 0.0000e+00
      18085    572.215     3.3497     3.3455   3.206111   3.205644     1.9306     2.3346      7.971    -0.5816    16.0975 1.0715e-01    -0.1025   102.5959     6.6664     6.9947    34.7936    34.7925    27.6874    27.6869    7.39159 0.0000e+00
      18088    572.347     3.3497     3.3457   3.206120   3.205671     1.9302     2.3346      7.969    -0.5918    15.5448 1.0727e-01    -0.1025   102.5959     6.6652     6.9965    34.7937    34.7926    27.6874    27.6869    7.39158 0.0000e+00
      18091    572.476     3.3499     3.3458   3.206132   3.205691     1.9310     2.3346      7.971    -0.6019    15.5448 1.0715e-01    -0.0997   102.5235     6.6699     6.9950    34.7936    34.7926    27.6873    27.6869    7.39156 0.0000e+00
      18094    572.603     3.3500     3.3458   3.206154   3.205695     1.9298     2.3338      7.971    -0.6121    15.5448 1.0715e-01    -0.0990   102.5055     6.6638     6.9906    34.7937    34.7927    27.6874    27.6869    7.39154 0.0000e+00
      18097    572.727     3.3499     3.3459   3.206164   3.205708     1.9306     2.3338      7.971    -0.6121    15.5448 1.0715e-01    -0.0986   102.4964     6.6671     6.9921    34.7938    34.7926    27.6875    27.6870    7.39154 0.0000e+00
      18100    572.851     3.3497     3.3459   3.206163   3.205699     1.9306     2.3342      7.971    -0.6121    15.5448 1.0715e-01    -0.0986   102.4964     6.6704     6.9949    34.7939    34.7924    27.6876    27.6868    7.39157 0.0000e+00
      18103    572.962     3.3497     3.3459   3.206171   3.205718     1.9290     2.3342      7.969    -0.6121    15.5448 1.0715e-01    -0.0986   102.4964     6.6650     6.9944    34.7940    34.7926    27.6876    27.6869    7.39157 0.0000e+00
      18106    573.065     3.3502     3.3457   3.206154   3.205725     1.9298     2.3346      7.971    -0.6019     4.3722 1.0715e-01    -0.0990   102.5055     6.6694     6.9964    34.7932    34.7928    27.6870    27.6871    7.39153 0.0000e+00
      18109    573.164     3.3500     3.3458   3.206169   3.205735     1.9298     2.3354      7.969    -0.6121    -0.4443 1.0715e-01    -0.0990   102.5055     6.6704     6.9975    34.7935    34.7928    27.6873    27.6871    7.39154 0.0000e+00
      18112    573.257     3.3498     3.3457   3.206200   3.205741     1.9302     2.3346      7.969    -0.6121    -0.2074 1.0715e-01    -0.1011   102.5597     6.6737     6.9957    34.7941    34.7929    27.6878    27.6872    7.39156 0.0000e+00
      18115    573.342     3.3499     3.3456   3.206194   3.205762     1.9302     2.3342      7.971    -0.5918    -0.2074 1.0715e-01    -0.1015   102.5687     6.6757     6.9954    34.7938    34.7933    27.6875    27.6875    7.39154 0.0000e+00
      18118    573.417     3.3498     3.3455   3.206195   3.205755     1.9290     2.3338      7.968    -0.5714    -0.2074 1.0715e-01    -0.1015   102.5687     6.6716     6.9938    34.7939    34.7933    27.6875    27.6875    7.39156 0.0000e+00
      18121    573.484     3.3497     3.3455   3.206196   3.205757     1.9302     2.3346      7.969    -0.5613    -0.2074 1.0727e-01    -0.1008   102.5506     6.6779     6.9933    34.7940    34.7932    27.6877    27.6874    7.39157 0.0000e+00
      18124    573.546     3.3497     3.3456   3.206227   3.205756     1.9310     2.3342      7.971    -0.5816    -0.2074 1.0715e-01    -0.1015   102.5687     6.6862     6.9918    34.7943    34.7930    27.6879    27.6873    7.39155 0.0000e+00
      18127    573.605     3.3499     3.3456   3.206212   3.205775     1.9298     2.3346      7.971    -0.5613    -0.2469 1.0715e-01    -0.1015   102.5687     6.6796     6.9916    34.7939    34.7932    27.6876    27.6874    7.39154 0.0000e+00
      18130    573.660     3.3501     3.3459   3.206200   3.205773     1.9290     2.3346      7.971    -0.5816     0.0295 1.0715e-01    -0.1008   102.5506     6.6712     6.9922    34.7936    34.7929    27.6873    27.6872    7.39153 0.0000e+00
      18133    573.711     3.3501     3.3458   3.206214   3.205757     1.9294     2.3342      7.969    -0.5918     4.3327 1.0715e-01    -0.1015   102.5687     6.6705     6.9910    34.7937    34.7927    27.6874    27.6870    7.39152 0.0000e+00
      18136    573.756     3.3501     3.3459   3.206203   3.205752     1.9298     2.3346      7.971    -0.5816     4.6880 1.0715e-01    -0.1015   102.5687     6.6724     6.9925    34.7935    34.7926    27.6873    27.6869    7.39153 0.0000e+00
      18139    573.798     3.3500     3.3458   3.206218   3.205769     1.9302     2.3346      7.971    -0.5816     4.6485 1.0715e-01    -0.1015   102.5687     6.6771     6.9916    34.7938    34.7928    27.6875    27.6871    7.39153 0.0000e+00
      18142    573.836     3.3500     3.3459   3.206218   3.205773     1.9298     2.3338      7.971    -0.6223     4.6485 1.0715e-01    -0.1015   102.5687     6.6761     6.9862    34.7937    34.7928    27.6874    27.6871    7.39153 0.0000e+00
      18145    573.875     3.3499     3.3458   3.206229   3.205762     1.9298     2.3342      7.968    -0.6121     4.6485 1.0715e-01    -0.1015   102.5687     6.6735     6.9857    34.7939    34.7927    27.6876    27.6870    7.39153 0.0000e+00
      18148    573.912     3.3500     3.3457   3.206223   3.205783     1.9306     2.3346      7.968    -0.6019     4.6485 1.0715e-01    -0.1015   102.5687     6.6782     6.9870    34.7938    34.7931    27.6875    27.6873    7.39153 0.0000e+00
      18151    573.950     3.3502     3.3458   3.206242   3.205783     1.9290     2.3342      7.969    -0.6019     4.6485 1.0715e-01    -0.1011   102.5597     6.6740     6.9863    34.7938    34.7929    27.6874    27.6872    7.39149 0.0000e+00
      18154    573.995     3.3500     3.3458   3.206223   3.205777     1.9290     2.3346      7.971    -0.6121     4.6485 1.0715e-01    -0.1022   102.5868     6.6729     6.9878    34.7938    34.7929    27.6875    27.6872    7.39154 0.0000e+00
      18157    574.043     3.3499     3.3458   3.206235   3.205764     1.9290     2.3338      7.969    -0.6121     5.0433 1.0715e-01    -0.1025   102.5959     6.6705     6.9848    34.7940    34.7927    27.6876    27.6870    7.39154 0.0000e+00
      18160    574.092     3.3498     3.3457   3.206252   3.205792     1.9298     2.3334      7.971    -0.6121     6.3067 1.0715e-01    -0.1022   102.5868     6.6754     6.9825    34.7943    34.7931    27.6879    27.6873    7.39155 0.0000e+00
      18163    574.149     3.3501     3.3457   3.206239   3.205810     1.9302     2.3338      7.969    -0.6121     6.3067 1.0715e-01    -0.1018   102.5778     6.6797     6.9853    34.7937    34.7933    27.6874    27.6875    7.39151 0.0000e+00
      18166    574.218     3.3497     3.3456   3.206254   3.205774     1.9294     2.3334      7.969    -0.5816     6.3067 1.0715e-01    -0.1018   102.5778     6.6767     6.9848    34.7943    34.7928    27.6879    27.6871    7.39156 0.0000e+00
      18169    574.294     3.3499     3.3456   3.206256   3.205808     1.9298     2.3334      7.971    -0.5816     6.3067 1.0715e-01    -0.1018   102.5778     6.6772     6.9835    34.7941    34.7932    27.6877    27.6875    7.39154 0.0000e+00
      18172    574.379     3.3497     3.3455   3.206265   3.205797     1.9290     2.3338      7.969    -0.5714     6.3067 1.0715e-01    -0.1022   102.5868     6.6757     6.9861    34.7944    34.7932    27.6880    27.6874    7.39156 0.0000e+00
      18175    574.478     3.3496     3.3455   3.206261   3.205810     1.9298     2.3342      7.971    -0.5816     6.3067 1.0715e-01    -0.1025   102.5959     6.6815     6.9892    34.7944    34.7933    27.6880    27.6875    7.39158 0.0000e+00
      18178    574.586     3.3497     3.3455   3.206279   3.205833     1.9290     2.3334      7.971    -0.5816     6.3067 1.0715e-01    -0.1025   102.5959     6.6761     6.9890    34.7944    34.7936    27.6880    27.6877    7.39155 0.0000e+00
      18181    574.706     3.3496     3.3456   3.206277   3.205818     1.9294     2.3338      7.971    -0.5714     6.3067 1.0715e-01    -0.1025   102.5959     6.6757     6.9923    34.7945    34.7932    27.6881    27.6874    7.39158 0.0000e+00
      18184    574.834     3.3499     3.3456   3.206293   3.205857     1.9302     2.3330      7.969    -0.5816     2.6351 1.0715e-01    -0.1025   102.5959     6.6789     6.9889    34.7943    34.7936    27.6879    27.6877    7.39153 0.0000e+00
      18187    574.971     3.3497     3.3457   3.206300   3.205840     1.9302     2.3338      7.971    -0.5714    -0.8390 1.0715e-01    -0.1025   102.5959     6.6810     6.9912    34.7945    34.7932    27.6881    27.6874    7.39156 0.0000e+00
      18190    575.120     3.3496     3.3458   3.206324   3.205865     1.9290     2.3334      7.971    -0.5816    -0.6811 1.0715e-01    -0.1025   102.5959     6.6763     6.9900    34.7947    34.7933    27.6883    27.6875    7.39155 0.0000e+00
      18193    575.279     3.3501     3.3457   3.206327   3.205884     1.9290     2.3334      7.971    -0.5816    -0.7601 1.0715e-01    -0.1025   102.5959     6.6746     6.9897    34.7942    34.7936    27.6878    27.6877    7.39150 0.0000e+00
      18196    575.447     3.3499     3.3458   3.206342   3.205895     1.9294     2.3334      7.966    -0.5816    -0.7206 1.0715e-01    -0.1029   102.6049     6.6786     6.9910    34.7945    34.7935    27.6881    27.6876    7.39152 0.0000e+00
      18199    575.619     3.3502     3.3458   3.206357   3.205893     1.9298     2.3338      7.971    -0.5816    -0.6811 1.0715e-01    -0.1025   102.5959     6.6803     6.9935    34.7943    34.7934    27.6879    27.6876    7.39147 0.0000e+00
      18202    575.796     3.3503     3.3458   3.206372   3.205929     1.9294     2.3338      7.971    -0.5714    -0.6811 1.0715e-01    -0.1025   102.5959     6.6786     6.9940    34.7942    34.7937    27.6878    27.6878    7.39145 0.0000e+00
      18205    575.974     3.3500     3.3460   3.206366   3.205936     1.9294     2.3334      7.971    -0.5816    -0.7206 1.0715e-01    -0.1025   102.5959     6.6757     6.9923    34.7944    34.7935    27.6880    27.6876    7.39150 0.0000e+00
      18208    576.155     3.3502     3.3459   3.206410   3.205934     1.9298     2.3334      7.968    -0.5816    -0.7206 1.0715e-01    -0.1029   102.6049     6.6784     6.9920    34.7946    34.7934    27.6881    27.6876    7.39145 0.0000e+00
      18211    576.339     3.3503     3.3459   3.206381   3.205930     1.9294     2.3334      7.969    -0.5816     1.2533 1.0715e-01    -0.1029   102.6049     6.6811     6.9909    34.7940    34.7933    27.6876    27.6875    7.39146 0.0000e+00
      18214    576.524     3.3499     3.3459   3.206407   3.205961     1.9290     2.3334      7.968    -0.5816     1.6876 1.0715e-01    -0.1036   102.6230     6.6827     6.9919    34.7947    34.7936    27.6882    27.6877    7.39150 0.0000e+00
      18217    576.703     3.3498     3.3459   3.206431   3.205959     1.9294     2.3338      7.971    -0.5918     1.6876 1.0715e-01    -0.1036   102.6230     6.6830     6.9934    34.7950    34.7935    27.6885    27.6877    7.39151 0.0000e+00
      18220    576.878     3.3500     3.3459   3.206434   3.205984     1.9302     2.3338      7.969    -0.5918     1.6876 1.0727e-01    -0.1036   102.6230     6.6866     6.9953    34.7947    34.7937    27.6882    27.6878    7.39149 0.0000e+00
      18223    577.048     3.3499     3.3457   3.206451   3.205999     1.9298     2.3334      7.969    -0.6121     1.6876 1.0715e-01    -0.1036   102.6230     6.6850     6.9957    34.7950    34.7940    27.6884    27.6880    7.39149 0.0000e+00
      18226    577.213     3.3499     3.3459   3.206424   3.205999     1.9290     2.3334      7.971    -0.6019     1.6481 1.0715e-01    -0.1036   102.6230     6.6807     6.9972    34.7946    34.7937    27.6881    27.6878    7.39152 0.0000e+00
      18229    577.375     3.3499     3.3458   3.206438   3.205982     1.9286     2.3334      7.971    -0.6019     1.6876 1.0715e-01    -0.1039   102.6320     6.6775     6.9967    34.7947    34.7935    27.6882    27.6877    7.39151 0.0000e+00
      18232    577.518     3.3497     3.3457   3.206451   3.205997     1.9302     2.3334      7.968    -0.6121     1.6876 1.0715e-01    -0.1043   102.6411     6.6871     6.9961    34.7949    34.7937    27.6884    27.6878    7.39153 0.0000e+00
      18235    577.649     3.3499     3.3455   3.206444   3.206003     1.9302     2.3330      7.971    -0.6121     1.3718 1.0715e-01    -0.1046   102.6501     6.6871     6.9960    34.7945    34.7939    27.6881    27.6880    7.39151 0.0000e+00
      18238    577.765     3.3496     3.3457   3.206451   3.205999     1.9302     2.3338      7.971    -0.6121    -0.9180 1.0715e-01    -0.1046   102.6501     6.6856     6.9984    34.7949    34.7936    27.6884    27.6877    7.39155 0.0000e+00
      18241    577.868     3.3497     3.3456   3.206453   3.205997     1.9294     2.3338      7.971    -0.6223    -0.9180 1.0715e-01    -0.1043   102.6411     6.6836     6.9996    34.7947    34.7936    27.6882    27.6877    7.39153 0.0000e+00
      18244    577.953     3.3500     3.3456   3.206444   3.206003     1.9298     2.3342      7.969    -0.6121    -0.9180 1.0715e-01    -0.1046   102.6501     6.6867     7.0033    34.7943    34.7936    27.6878    27.6878    7.39150 0.0000e+00
      18247    578.023     3.3499     3.3457   3.206451   3.205999     1.9294     2.3346      7.971    -0.6121    -0.9180 1.0715e-01    -0.1046   102.6501     6.6861     7.0035    34.7945    34.7935    27.6880    27.6876    7.39152 0.0000e+00
      18250    578.082     3.3502     3.3459   3.206467   3.205997     1.9294     2.3334      7.971    -0.6121    -0.9180 1.0727e-01    -0.1043   102.6411     6.6876     6.9972    34.7942    34.7932    27.6878    27.6874    7.39146 0.0000e+00
      18253    578.128     3.3501     3.3459   3.206466   3.206003     1.9298     2.3334      7.969    -0.6019    -0.9180 1.0715e-01    -0.1046   102.6501     6.6895     6.9954    34.7943    34.7933    27.6879    27.6875    7.39148 0.0000e+00
      18256    578.160     3.3504     3.3460   3.206467   3.206016     1.9302     2.3338      7.969    -0.6121    -0.9180 1.0715e-01    -0.1046   102.6501     6.6884     6.9966    34.7941    34.7933    27.6877    27.6875    7.39145 0.0000e+00
      18284    578.183     3.3500     3.3461   3.206451   3.206019     1.9298     2.3338      7.969    -0.5816     0.5033 1.0715e-01    -0.1060   102.6863     6.6782     6.9898    34.7942    34.7932    27.6878    27.6874    7.39150 0.0000e+00
      18300    578.215     3.3501     3.3462   3.206461   3.206018     1.9302     2.3334      7.969    -0.5918     1.2139 1.0715e-01    -0.1067   102.7044     6.6759     6.9850    34.7943    34.7931    27.6878    27.6873    7.39149 0.0000e+00
      18303    578.258     3.3501     3.3461   3.206465   3.206025     1.9298     2.3334      7.971    -0.5714     1.2139 1.0715e-01    -0.1067   102.7044     6.6744     6.9838    34.7942    34.7932    27.6878    27.6874    7.39149 0.0000e+00
      18306    578.314     3.3504     3.3462   3.206470   3.206008     1.9298     2.3334      7.971    -0.5714     1.2139 1.0715e-01    -0.1071   102.7134     6.6717     6.9835    34.7940    34.7929    27.6876    27.6871    7.39145 0.0000e+00
      18309    578.382     3.3502     3.3462   3.206489   3.206012     1.9294     2.3330      7.969    -0.5816     1.1744 1.0715e-01    -0.1067   102.7044     6.6697     6.9810    34.7944    34.7929    27.6879    27.6871    7.39147 0.0000e+00
