Datasets/AZMP/TEL210/tel210_2020_001.cnv
* Sea-Bird SBE 9 Data File:
* FileName = C:\CTDDATA\tel210_2020_001.hex
* Software Version Seasave V 7.26.7.110
* Temperature SN = 1697
* Conductivity SN = 4216
* Number of Bytes Per Scan = 30
* Number of Voltage Words = 4
* Number of Scans Averaged by the Deck Unit = 1
* NMEA baud rate = 4800
** VESSEL/TRIP/SEQ STN:  tel210_2020_001
** LATITUDE XX XX.XX: 47 32.80 N
** LONGITUDE XX XX.XX: 052 35.20 W
** SOUNDING DEPTH (M): 0176
** PROBE TYPE: S1146
** CTD NUMBER: 001
** COMMENTS (14 CHAR): S27-01
** BOTTLES:  10
** LEVELS: 5,10,20,30,40,50,75,100,150,BTM
** STICKERS: 435734 - 435743
** VNET: y
** DO2: n
# nquan = 22
# nvalues = 4378                        
# units = specified
# name 0 = scan: Scan Count
# name 1 = prDM: Pressure, Digiquartz [db]
# name 2 = t090C: Temperature [ITS-90, deg C]
# name 3 = t190C: Temperature, 2 [ITS-90, deg C]
# name 4 = c0S/m: Conductivity [S/m]
# name 5 = c1S/m: Conductivity, 2 [S/m]
# name 6 = sbeox0V: Oxygen raw, SBE 43 [V]
# name 7 = sbeox1V: Oxygen raw, SBE 43, 2 [V]
# name 8 = ph: pH
# name 9 = flECO-AFL: Fluorescence, WET Labs ECO-AFL/FL [mg/m^3]
# name 10 = wetCDOM: Fluorescence, WET Labs CDOM [mg/m^3]
# name 11 = par/sat/log: PAR/Logarithmic, Satlantic [umol photons/m^2/sec]
# name 12 = CStarAt0: Beam Attenuation, WET Labs C-Star [1/m]
# name 13 = CStarTr0: Beam Transmission, WET Labs C-Star [%]
# name 14 = sbeox0ML/L: Oxygen, SBE 43 [ml/l], WS = 2
# name 15 = sbeox1ML/L: Oxygen, SBE 43, 2 [ml/l], WS = 2
# name 16 = sal00: Salinity, Practical [PSU]
# name 17 = sal11: Salinity, Practical, 2 [PSU]
# name 18 = sigma-t00: Density [sigma-t, kg/m^3 ]
# name 19 = sigma-t11: Density, 2 [sigma-t, kg/m^3 ]
# name 20 = oxsatML/L: Oxygen Saturation, Weiss [ml/l]
# name 21 = flag: flag
# span 0 =         37,      46305       
# span 1 =      0.604,    171.436       
# span 2 =    -1.6201,    11.6687       
# span 3 =    -1.6261,    11.6636       
# span 4 =   2.603934,   3.630165       
# span 5 =   2.603592,   3.629673       
# span 6 =     1.8315,     2.3990       
# span 7 =     2.2116,     2.9449       
# span 8 =      7.689,      8.031       
# span 9 =    -0.6019,     3.4375       
# span 10 =    -2.8130,   482.1870      
# span 11 = 1.0703e-01, 1.8046e+01      
# span 12 =    -0.1717,     0.0855      
# span 13 =    97.8844,   104.3864      
# span 14 =     6.0537,     8.6875      
# span 15 =     5.9858,     9.1284      
# span 16 =    31.1842,    33.1516      
# span 17 =    31.5092,    33.1516      
# span 18 =    23.6952,    26.6415      
# span 19 =    24.0330,    26.6417      
# span 20 =    6.22166,    8.53930      
# span 21 = 0.0000e+00, 0.0000e+00      
# interval = scans: 3                   
# start_time = Jul 14 2020 22:33:27 [System UTC, header]
# bad_flag = -9.990e-29
*END*
[from data line 2371]
      16953    143.871    -1.3433    -1.3500   2.635007   2.634696     1.9609     2.3802      7.764    -0.5613   481.2395 1.0752e-01    -0.1568   103.9976     7.5369     7.8956    32.7922    32.7954    26.3746    26.3773    8.46899 0.0000e+00
      16956    143.812    -1.3455    -1.3499   2.634870   2.634673     1.9613     2.3814      7.764    -0.5409   481.2395 1.0740e-01    -0.1571   104.0066     7.5431     7.9026    32.7928    32.7949    26.3751    26.3769    8.46946 0.0000e+00
      16959    143.752    -1.3496    -1.3498   2.634659   2.634566     1.9613     2.3810      7.764    -0.5409   481.2395 1.0752e-01    -0.1575   104.0156     7.5417     7.9007    32.7944    32.7934    26.3765    26.3757    8.47031 0.0000e+00
      16962    143.690    -1.3530    -1.3520   2.634273   2.634188     1.9621     2.3818      7.764    -0.5409   383.2920 1.0752e-01    -0.1571   104.0066     7.5460     7.9054    32.7929    32.7907    26.3754    26.3736    8.47119 0.0000e+00
      16965    143.628    -1.3520    -1.3525   2.634347   2.634272     1.9613     2.3814      7.764    -0.5511     2.8325 1.0752e-01    -0.1571   104.0066     7.5451     7.9003    32.7929    32.7923    26.3754    26.3750    8.47097 0.0000e+00
      16968    143.566    -1.3517    -1.3476   2.634330   2.634436     1.9613     2.3814      7.764    -0.5613     7.1357 1.0752e-01    -0.1571   104.0066     7.5489     7.8985    32.7923    32.7893    26.3749    26.3723    8.47092 0.0000e+00
      16971    143.504    -1.3510    -1.3494   2.634447   2.634648     1.9609     2.3823      7.764    -0.5511     7.4121 1.0740e-01    -0.1571   104.0066     7.5433     7.9056    32.7933    32.7942    26.3756    26.3763    8.47072 0.0000e+00
      16974    143.443    -1.3475    -1.3487   2.634718   2.634853     1.9613     2.3814      7.764    -0.5613     7.3726 1.0752e-01    -0.1578   104.0247     7.5434     7.9045    32.7931    32.7963    26.3754    26.3781    8.46991 0.0000e+00
      16977    143.382    -1.3486    -1.3467   2.634451   2.634584     1.9621     2.3818      7.764    -0.5511     7.3726 1.0752e-01    -0.1592   104.0609     7.5494     7.9073    32.7908    32.7905    26.3735    26.3733    8.47031 0.0000e+00
      16980    143.324    -1.3565    -1.3551   2.633897   2.633548     1.9617     2.3818      7.765    -0.5511     7.3726 1.0740e-01    -0.1592   104.0609     7.5495     7.9079    32.7918    32.7856    26.3746    26.3695    8.47206 0.0000e+00
      16983    143.265    -1.3565    -1.3600   2.633821   2.633516     1.9609     2.3814      7.767    -0.5511     7.3726 1.0752e-01    -0.1592   104.0609     7.5448     7.9079    32.7909    32.7905    26.3738    26.3737    8.47213 0.0000e+00
      16986    143.206    -1.3566    -1.3589   2.633650   2.633572     1.9621     2.3823      7.765    -0.5613     7.3726 1.0752e-01    -0.1592   104.0609     7.5530     7.9106    32.7886    32.7901    26.3720    26.3732    8.47228 0.0000e+00
      16989    143.147    -1.3570    -1.3619   2.633758   2.633498     1.9621     2.3814      7.767    -0.5511   233.2322 1.0740e-01    -0.1592   104.0609     7.5546     7.9111    32.7905    32.7925    26.3736    26.3753    8.47225 0.0000e+00
      16992    143.086    -1.3604    -1.3648   2.633442   2.633474     1.9625     2.3827      7.767    -0.5511   482.1870 1.0740e-01    -0.1592   104.0609     7.5571     7.9202    32.7901    32.7953    26.3733    26.3777    8.47308 0.0000e+00
      16995    143.025    -1.3665    -1.3625   2.632764   2.633436     1.9617     2.3831      7.767    -0.5511   481.0026 1.0752e-01    -0.1599   104.0790     7.5540     7.9203    32.7875    32.7923    26.3714    26.3752    8.47465 0.0000e+00
      16998    142.963    -1.3691    -1.3622   2.632706   2.633041     1.9625     2.3831      7.767    -0.5613   481.2395 1.0752e-01    -0.1603   104.0880     7.5606     7.9227    32.7896    32.7866    26.3731    26.3705    8.47513 0.0000e+00
      17001    142.901    -1.3686    -1.3623   2.632718   2.632904     1.9625     2.3827      7.768    -0.5511   481.2395 1.0752e-01    -0.1603   104.0880     7.5629     7.9201    32.7892    32.7848    26.3728    26.3691    8.47502 0.0000e+00
      17004    142.839    -1.3705    -1.3584   2.632401   2.633300     1.9625     2.3827      7.767    -0.5409   481.2395 1.0752e-01    -0.1603   104.0880     7.5680     7.9220    32.7870    32.7861    26.3711    26.3700    8.47560 0.0000e+00
      17007    142.777    -1.3774    -1.3629   2.631938   2.633331     1.9621     2.3831      7.768    -0.5613   481.2395 1.0740e-01    -0.1603   104.0880     7.5680     7.9231    32.7883    32.7914    26.3723    26.3745    8.47713 0.0000e+00
      17010    142.711    -1.3780    -1.3633   2.631982   2.633299     1.9625     2.3831      7.767    -0.5511   481.2395 1.0752e-01    -0.1603   104.0880     7.5703     7.9205    32.7895    32.7914    26.3733    26.3745    8.47718 0.0000e+00
      17013    142.645    -1.3783    -1.3617   2.632004   2.633385     1.9625     2.3843      7.768    -0.5409   481.2395 1.0740e-01    -0.1603   104.0880     7.5734     7.9242    32.7902    32.7910    26.3740    26.3741    8.47722 0.0000e+00
      17016    142.581    -1.3773    -1.3650   2.632088   2.633037     1.9625     2.3839      7.768    -0.5409   122.0197 1.0752e-01    -0.1613   104.1151     7.5777     7.9237    32.7903    32.7899    26.3740    26.3733    8.47698 0.0000e+00
      17019    142.513    -1.3765    -1.3719   2.632078   2.632484     1.9633     2.3835      7.768    -0.5511     3.0694 1.0740e-01    -0.1613   104.1151     7.5817     7.9264    32.7894    32.7899    26.3732    26.3735    8.47685 0.0000e+00
      17022    142.442    -1.3793    -1.3744   2.631841   2.632259     1.9637     2.3839      7.768    -0.5409     8.0043 1.0740e-01    -0.1613   104.1151     7.5814     7.9291    32.7892    32.7895    26.3731    26.3732    8.47751 0.0000e+00
      17025    142.370    -1.3802    -1.3756   2.631836   2.632151     1.9641     2.3839      7.768    -0.5409     7.7279 1.0740e-01    -0.1613   104.1151     7.5857     7.9327    32.7902    32.7894    26.3740    26.3732    8.47767 0.0000e+00
      17028    142.293    -1.3805    -1.3820   2.631716   2.631562     1.9637     2.3851      7.768    -0.5511     7.7279 1.0740e-01    -0.1613   104.1151     7.5843     7.9418    32.7890    32.7885    26.3729    26.3726    8.47781 0.0000e+00
      17031    142.213    -1.3816    -1.3834   2.631505   2.631485     1.9637     2.3839      7.768    -0.5409     7.7279 1.0752e-01    -0.1613   104.1151     7.5861     7.9414    32.7873    32.7890    26.3716    26.3731    8.47815 0.0000e+00
      17034    142.132    -1.3858    -1.3845   2.631106   2.631437     1.9650     2.3839      7.769    -0.5613     7.7279 1.0752e-01    -0.1613   104.1151     7.5948     7.9436    32.7864    32.7895    26.3711    26.3735    8.47917 0.0000e+00
      17037    142.051    -1.3854    -1.3898   2.631329   2.630757     1.9646     2.3851      7.769    -0.5409     7.7279 1.0752e-01    -0.1624   104.1423     7.5893     7.9525    32.7891    32.7861    26.3732    26.3709    8.47893 0.0000e+00
      17040    141.968    -1.3907    -1.4037   2.630587   2.629705     1.9650     2.3859      7.769    -0.5511    47.3649 1.0740e-01    -0.1624   104.1423     7.5901     7.9662    32.7849    32.7869    26.3699    26.3720    8.48042 0.0000e+00
      17043    141.880    -1.3984    -1.4070   2.630059   2.629546     1.9637     2.3851      7.769    -0.5613   456.6835 1.0752e-01    -0.1624   104.1423     7.5808     7.9661    32.7861    32.7885    26.3711    26.3734    8.48213 0.0000e+00
      17046    141.792    -1.4002    -1.4046   2.629942   2.629686     1.9646     2.3855      7.769    -0.5511   481.5553 1.0752e-01    -0.1624   104.1423     7.5862     7.9664    32.7865    32.7878    26.3715    26.3727    8.48252 0.0000e+00
      17049    141.701    -1.3987    -1.4061   2.630118   2.629482     1.9650     2.3863      7.769    -0.5409   481.0816 1.0740e-01    -0.1624   104.1423     7.5904     7.9694    32.7874    32.7868    26.3721    26.3719    8.48213 0.0000e+00
      17052    141.612    -1.3995    -1.4076   2.629948   2.629460     1.9650     2.3872      7.769    -0.5613   481.2395 1.0715e-01    -0.1624   104.1423     7.5908     7.9737    32.7859    32.7881    26.3710    26.3730    8.48239 0.0000e+00
      17055    141.522    -1.4020    -1.4072   2.629868   2.629502     1.9662     2.3876      7.769    -0.5511   481.2395 1.0752e-01    -0.1620   104.1332     7.5978     7.9783    32.7877    32.7884    26.3725    26.3732    8.48288 0.0000e+00
      17058    141.430    -1.3988    -1.4062   2.630155   2.629569     1.9658     2.3876      7.769    -0.5511   481.2000 1.0752e-01    -0.1627   104.1513     7.5944     7.9744    32.7881    32.7882    26.3728    26.3730    8.48210 0.0000e+00
      17061    141.342    -1.3966    -1.4051   2.630217   2.629635     1.9654     2.3876      7.769    -0.5511   481.2395 1.0727e-01    -0.1627   104.1513     7.5946     7.9726    32.7866    32.7880    26.3715    26.3728    8.48168 0.0000e+00
      17064    141.258    -1.3973    -1.4041   2.630147   2.629756     1.9658     2.3888      7.769    -0.5409   481.2395 1.0740e-01    -0.1624   104.1423     7.5994     7.9794    32.7865    32.7886    26.3714    26.3732    8.48186 0.0000e+00
      17067    141.173    -1.3968    -1.4034   2.630223   2.629756     1.9654     2.3888      7.769    -0.5511   332.9957 1.0727e-01    -0.1631   104.1604     7.5973     7.9805    32.7870    32.7879    26.3718    26.3727    8.48170 0.0000e+00
      17070    141.088    -1.3960    -1.4031   2.630256   2.629745     1.9666     2.3876      7.769    -0.5511    -2.8130 1.0752e-01    -0.1631   104.1604     7.6004     7.9718    32.7867    32.7874    26.3716    26.3723    8.48154 0.0000e+00
      17073    141.008    -1.3956    -1.4039   2.630304   2.629734     1.9666     2.3888      7.769    -0.5511    -0.4048 1.0740e-01    -0.1627   104.1513     7.6028     7.9768    32.7870    32.7882    26.3717    26.3729    8.48144 0.0000e+00
      17076    140.932    -1.3952    -1.4041   2.630331   2.629712     1.9662     2.3892      7.769    -0.5409     0.5427 1.0740e-01    -0.1631   104.1604     7.6020     7.9783    32.7869    32.7882    26.3717    26.3729    8.48135 0.0000e+00
      17079    140.859    -1.3950    -1.4044   2.630300   2.629599     1.9674     2.3900      7.770    -0.5613     0.5032 1.0715e-01    -0.1634   104.1694     7.6077     7.9832    32.7863    32.7870    26.3712    26.3720    8.48133 0.0000e+00
      17082    140.789    -1.3954    -1.4059   2.630254   2.629531     1.9666     2.3892      7.769    -0.5511     0.5032 1.0740e-01    -0.1634   104.1694     7.6070     7.9803    32.7861    32.7877    26.3711    26.3726    8.48143 0.0000e+00
      17085    140.723    -1.3955    -1.4057   2.630260   2.629521     1.9674     2.3908      7.769    -0.5511     0.5032 1.0752e-01    -0.1634   104.1694     7.6098     7.9889    32.7864    32.7874    26.3713    26.3724    8.48145 0.0000e+00
      17088    140.661    -1.3952    -1.4060   2.630302   2.629548     1.9674     2.3912      7.770    -0.5409     0.5032 1.0740e-01    -0.1631   104.1604     7.6101     7.9920    32.7866    32.7881    26.3715    26.3730    8.48135 0.0000e+00
      17091    140.604    -1.3953    -1.4061   2.630306   2.629512     1.9674     2.3908      7.772    -0.5409     0.5032 1.0740e-01    -0.1634   104.1694     7.6088     7.9936    32.7869    32.7878    26.3717    26.3727    8.48137 0.0000e+00
      17094    140.557    -1.3977    -1.4057   2.629913   2.629558     1.9682     2.3912      7.770    -0.5409     1.5297 1.0727e-01    -0.1627   104.1513     7.6137     7.9929    32.7842    32.7881    26.3695    26.3729    8.48208 0.0000e+00
      17097    140.509    -1.4068    -1.4049   2.629143   2.629616     1.9686     2.3921      7.770    -0.5511     2.3193 1.0752e-01    -0.1624   104.1423     7.6190     7.9907    32.7836    32.7880    26.3693    26.3728    8.48422 0.0000e+00
      17100    140.465    -1.4115    -1.4041   2.628879   2.629655     1.9686     2.3921      7.770    -0.5409     2.2798 1.0752e-01    -0.1624   104.1423     7.6218     7.9872    32.7852    32.7877    26.3707    26.3726    8.48523 0.0000e+00
      17103    140.423    -1.4128    -1.4039   2.628778   2.629663     1.9682     2.3925      7.772    -0.5714     2.2798 1.0752e-01    -0.1624   104.1423     7.6207     7.9880    32.7852    32.7876    26.3708    26.3725    8.48553 0.0000e+00
      17106    140.385    -1.4130    -1.4047   2.628803   2.629606     1.9686     2.3925      7.770    -0.5918     2.2798 1.0740e-01    -0.1624   104.1423     7.6247     7.9858    32.7858    32.7877    26.3713    26.3726    8.48554 0.0000e+00
      17109    140.344    -1.4117    -1.4086   2.628805   2.629222     1.9686     2.3933      7.770    -0.5714     2.2798 1.0752e-01    -0.1624   104.1423     7.6260     7.9863    32.7845    32.7868    26.3702    26.3720    8.48533 0.0000e+00
      17112    140.309    -1.4140    -1.4119   2.628616   2.628978     1.9695     2.3941      7.770    -0.5918     2.2798 1.0752e-01    -0.1620   104.1332     7.6320     7.9880    32.7844    32.7870    26.3702    26.3722    8.48586 0.0000e+00
      17115    140.274    -1.4147    -1.4139   2.628549   2.628873     1.9695     2.3937      7.770    -0.5816     2.2798 1.0740e-01    -0.1634   104.1694     7.6314     7.9886    32.7843    32.7878    26.3701    26.3729    8.48603 0.0000e+00
      17118    140.237    -1.4147    -1.4132   2.628515   2.628914     1.9699     2.3929      7.772    -0.5714     2.2798 1.0752e-01    -0.1658   104.2327     7.6303     7.9836    32.7839    32.7876    26.3697    26.3727    8.48606 0.0000e+00
      17121    140.199    -1.4139    -1.4119   2.628587   2.629014     1.9695     2.3937      7.772    -0.5918     5.1223 1.0752e-01    -0.1665   104.2508     7.6284     7.9836    32.7839    32.7876    26.3698    26.3728    8.48585 0.0000e+00
      17124    140.160    -1.4131    -1.4106   2.628737   2.629116     1.9707     2.3941      7.772    -0.5816     5.6355 1.0727e-01    -0.1662   104.2417     7.6325     7.9834    32.7852    32.7875    26.3708    26.3726    8.48561 0.0000e+00
      17127    140.120    -1.4135    -1.4111   2.628704   2.629062     1.9707     2.3941      7.770    -0.5714     5.5960 1.0740e-01    -0.1658   104.2327     7.6313     7.9832    32.7851    32.7874    26.3708    26.3725    8.48569 0.0000e+00
      17130    140.078    -1.4133    -1.4111   2.628737   2.629076     1.9711     2.3949      7.772    -0.5511     5.5960 1.0740e-01    -0.1655   104.2236     7.6318     7.9830    32.7854    32.7877    26.3709    26.3728    8.48562 0.0000e+00
      17133    140.031    -1.4127    -1.4097   2.628739   2.629221     1.9715     2.3941      7.773    -0.5511     5.5960 1.0752e-01    -0.1658   104.2327     7.6290     7.9793    32.7849    32.7882    26.3705    26.3731    8.48554 0.0000e+00
      17136    139.982    -1.4148    -1.4084   2.628586   2.629325     1.9715     2.3945      7.772    -0.5409     5.5960 1.0752e-01    -0.1658   104.2327     7.6276     7.9805    32.7850    32.7881    26.3707    26.3731    8.48600 0.0000e+00
      17139    139.928    -1.4148    -1.4078   2.628804   2.629338     1.9711     2.3961      7.770    -0.5511     5.5960 1.0740e-01    -0.1665   104.2508     7.6241     7.9885    32.7881    32.7877    26.3732    26.3727    8.48583 0.0000e+00
      17142    139.870    -1.4099    -1.4073   2.629049   2.629323     1.9711     2.3953      7.772    -0.5409     5.5960 1.0727e-01    -0.1665   104.2508     7.6208     7.9852    32.7861    32.7869    26.3715    26.3721    8.48481 0.0000e+00
      17145    139.809    -1.4083    -1.4067   2.629093   2.629332     1.9715     2.3949      7.772    -0.5613     5.2012 1.0752e-01    -0.1665   104.2508     7.6195     7.9828    32.7849    32.7864    26.3705    26.3716    8.48449 0.0000e+00
