Datasets/AZMP/TEL210/tel210_2020_106.cnv
* Sea-Bird SBE 9 Data File:
* FileName = C:\CTDDATA\tel210_2020_106.hex
* Software Version Seasave V 7.26.7.110
* Temperature SN = 1697
* Conductivity SN = 4216
* Number of Bytes Per Scan = 30
* Number of Voltage Words = 4
* Number of Scans Averaged by the Deck Unit = 1
* NMEA baud rate = 4800
** VESSEL/TRIP/SEQ STN:  tel210_2020_106
** LATITUDE XX XX.XX: 55 34.60 N
** LONGITUDE XX XX.XX: 057 40.50 W
** SOUNDING DEPTH (M): 0154
** PROBE TYPE: S1146
** CTD NUMBER: 072
** COMMENTS (14 CHAR): MB-06
** BOTTLES:  9
** LEVELS: 5,10,20,30,40,50,75,100,BTM
** STICKERS: 436291 - 436299
** VNET: Y
** DO2: N
# nquan = 22
# nvalues = 3858                        
# units = specified
# name 0 = scan: Scan Count
# name 1 = prDM: Pressure, Digiquartz [db]
# name 2 = t090C: Temperature [ITS-90, deg C]
# name 3 = t190C: Temperature, 2 [ITS-90, deg C]
# name 4 = c0S/m: Conductivity [S/m]
# name 5 = c1S/m: Conductivity, 2 [S/m]
# name 6 = sbeox0V: Oxygen raw, SBE 43 [V]
# name 7 = sbeox1V: Oxygen raw, SBE 43, 2 [V]
# name 8 = ph: pH
# name 9 = flECO-AFL: Fluorescence, WET Labs ECO-AFL/FL [mg/m^3]
# name 10 = wetCDOM: Fluorescence, WET Labs CDOM [mg/m^3]
# name 11 = par/sat/log: PAR/Logarithmic, Satlantic [umol photons/m^2/sec]
# name 12 = CStarAt0: Beam Attenuation, WET Labs C-Star [1/m]
# name 13 = CStarTr0: Beam Transmission, WET Labs C-Star [%]
# name 14 = sbeox0ML/L: Oxygen, SBE 43 [ml/l], WS = 2
# name 15 = sbeox1ML/L: Oxygen, SBE 43, 2 [ml/l], WS = 2
# name 16 = sal00: Salinity, Practical [PSU]
# name 17 = sal11: Salinity, Practical, 2 [PSU]
# name 18 = sigma-t00: Density [sigma-t, kg/m^3 ]
# name 19 = sigma-t11: Density, 2 [sigma-t, kg/m^3 ]
# name 20 = oxsatML/L: Oxygen Saturation, Weiss [ml/l]
# name 21 = flag: flag
# span 0 =          2,      33606       
# span 1 =      1.114,    152.892       
# span 2 =    -1.2720,     6.8510       
# span 3 =    -1.2772,     6.8473       
# span 4 =   2.602137,   3.167282       
# span 5 =   2.601865,   3.166549       
# span 6 =     1.9688,     2.4277       
# span 7 =     2.3737,     2.9569       
# span 8 =      7.995,      8.260       
# span 9 =     0.6664,     1.2696       
# span 10 =    -2.8130,   482.1870      
# span 11 = 1.0715e-01, 2.9074e+02      
# span 12 =    -0.1320,     0.0819      
# span 13 =    97.9748,   103.3555      
# span 14 =     7.3710,     8.8660      
# span 15 =     7.3562,     9.3905      
# span 16 =    31.1747,    33.0832      
# span 17 =    31.1722,    33.0838      
# span 18 =    24.4261,    26.5874      
# span 19 =    24.4247,    26.5881      
# span 20 =    6.95548,    8.47614      
# span 21 = 0.0000e+00, 0.0000e+00      
# interval = scans: 3                   
# start_time = Jul 27 2020 12:44:28 [System UTC, header]
# bad_flag = -9.990e-29
*END*
[from data line 791]
       2747     73.231    -0.9392    -0.9435   2.652678   2.652398     2.0912     2.5287      8.059     0.7510    -0.2074 1.3478e+00    -0.1212   103.0752     8.0480     8.3488    32.6346    32.6354    26.2344    26.2352    8.38532 0.0000e+00
       2750     73.347    -0.9401    -0.9453   2.652636   2.652195     2.0903     2.5287      8.059     0.7510    -0.2074 1.3323e+00    -0.1215   103.0842     8.0403     8.3409    32.6349    32.6346    26.2347    26.2346    8.38550 0.0000e+00
       2753     73.470    -0.9411    -0.9468   2.652568   2.652176     2.0907     2.5295      8.059     0.7510    -0.2074 1.3354e+00    -0.1215   103.0842     8.0403     8.3358    32.6351    32.6360    26.2348    26.2357    8.38574 0.0000e+00
       2756     73.594    -0.9426    -0.9465   2.652420   2.652183     2.0912     2.5299      8.059     0.7405    -0.2074 1.3261e+00    -0.1215   103.0842     8.0392     8.3300    32.6346    32.6356    26.2345    26.2355    8.38610 0.0000e+00
       2759     73.719    -0.9459    -0.9497   2.652131   2.651799     2.0912     2.5295      8.059     0.7510    -0.2074 1.3170e+00    -0.1215   103.0842     8.0321     8.3206    32.6342    32.6339    26.2342    26.2342    8.38687 0.0000e+00
       2762     73.853    -0.9502    -0.9550   2.651767   2.651437     2.0903     2.5287      8.059     0.7722    -0.2074 1.3064e+00    -0.1212   103.0752     8.0229     8.3111    32.6338    32.6346    26.2341    26.2349    8.38787 0.0000e+00
       2765     73.985    -0.9576    -0.9593   2.651170   2.651095     2.0912     2.5287      8.059     0.7616    -0.2074 1.2869e+00    -0.1226   103.1113     8.0222     8.3063    32.6337    32.6345    26.2343    26.2350    8.38957 0.0000e+00
       2768     74.118    -0.9639    -0.9663   2.650725   2.650541     2.0907     2.5295      8.056     0.7616     1.3323 1.2750e+00    -0.1226   103.1113     8.0163     8.3038    32.6344    32.6346    26.2351    26.2353    8.39096 0.0000e+00
       2771     74.254    -0.9692    -0.9735   2.650332   2.649991     2.0912     2.5295      8.054     0.7616     1.9245 1.2590e+00    -0.1226   103.1113     8.0137     8.2963    32.6348    32.6349    26.2356    26.2357    8.39215 0.0000e+00
       2774     74.389    -0.9750    -0.9805   2.649897   2.649515     2.0912     2.5275      8.054     0.7616     1.9245 1.2358e+00    -0.1229   103.1204     8.0128     8.2812    32.6351    32.6359    26.2360    26.2369    8.39344 0.0000e+00
       2777     74.521    -0.9795    -0.9856   2.649542   2.649115     2.0912     2.5275      8.054     0.7616     1.9245 1.2344e+00    -0.1226   103.1113     8.0082     8.2748    32.6352    32.6359    26.2362    26.2370    8.39448 0.0000e+00
       2780     74.656    -0.9847    -0.9918   2.649129   2.648688     2.0903     2.5275      8.054     0.7616     1.9245 1.2118e+00    -0.1226   103.1113     7.9958     8.2715    32.6351    32.6368    26.2363    26.2379    8.39567 0.0000e+00
       2783     74.788    -0.9927    -0.9987   2.648531   2.648129     2.0903     2.5262      8.051     0.7405     1.9245 1.2048e+00    -0.1046   102.6501     7.9951     8.2647    32.6355    32.6366    26.2369    26.2380    8.39746 0.0000e+00
       2786     74.915    -1.0000    -1.0058   2.648147   2.647724     2.0903     2.5262      8.051     0.7616     1.9245 1.1965e+00    -0.0753   101.8995     7.9905     8.2581    32.6382    32.6387    26.2393    26.2399    8.39898 0.0000e+00
       2789     75.040    -1.0045    -1.0100   2.647876   2.647460     2.0899     2.5258      8.050     0.7510     1.9245 1.1828e+00    -0.0767   101.9357     7.9813     8.2506    32.6393    32.6397    26.2404    26.2409    8.39993 0.0000e+00
       2792     75.159    -1.0090    -1.0144   2.647522   2.647171     2.0895     2.5250      8.050     0.7616     2.0035 1.1678e+00    -0.0763   101.9267     7.9730     8.2424    32.6394    32.6405    26.2405    26.2416    8.40096 0.0000e+00
       2795     75.275    -1.0125    -1.0172   2.647315   2.646972     2.0887     2.5238      8.048     0.7510     3.1089 1.1624e+00    -0.0767   101.9357     7.9633     8.2387    32.6403    32.6408    26.2414    26.2419    8.40171 0.0000e+00
       2798     75.387    -1.0147    -1.0198   2.647155   2.646766     2.0899     2.5238      8.045     0.7722     3.1089 1.1583e+00    -0.0767   101.9357     7.9646     8.2369    32.6404    32.6407    26.2416    26.2420    8.40220 0.0000e+00
       2801     75.493    -1.0165    -1.0220   2.647054   2.646641     2.0879     2.5230      8.045     0.7510     3.1089 1.1530e+00    -0.0767   101.9357     7.9552     8.2276    32.6410    32.6414    26.2421    26.2426    8.40259 0.0000e+00
       2804     75.590    -1.0183    -1.0236   2.646906   2.646519     2.0871     2.5226      8.045     0.7616     3.1089 1.1437e+00    -0.1085   102.7496     7.9504     8.2221    32.6408    32.6414    26.2420    26.2427    8.40300 0.0000e+00
       2807     75.682    -1.0222    -1.0263   2.646658   2.646285     2.0883     2.5214      8.040     0.7510     3.1089 1.1464e+00    -0.1261   103.2018     7.9559     8.2145    32.6417    32.6410    26.2428    26.2425    8.40385 0.0000e+00
       2810     75.770    -1.0242    -1.0289   2.646613   2.646195     2.0867     2.5201      8.040     0.7616     3.1089 1.1424e+00    -0.1257   103.1927     7.9471     8.2038    32.6431    32.6426    26.2441    26.2438    8.40421 0.0000e+00
       2813     75.848    -1.0248    -1.0300   2.646689   2.646251     2.0863     2.5197      8.040     0.7616     3.1089 1.1371e+00    -0.1254   103.1837     7.9405     8.1999    32.6449    32.6445    26.2455    26.2454    8.40426 0.0000e+00
       2816     75.922    -1.0252    -1.0307   2.646767   2.646324     2.0855     2.5189      8.040     0.7616     3.1089 1.1345e+00    -0.1254   103.1837     7.9355     8.1941    32.6463    32.6462    26.2467    26.2468    8.40427 0.0000e+00
       2819     75.993    -1.0240    -1.0301   2.647035   2.646434     2.0851     2.5189      8.040     0.7616     2.3193 1.1267e+00    -0.1254   103.1837     7.9309     8.1900    32.6486    32.6470    26.2485    26.2474    8.40387 0.0000e+00
       2822     76.055    -1.0198    -1.0268   2.647510   2.646905     2.0842     2.5169      8.035     0.7510     0.0295 1.1215e+00    -0.1250   103.1746     7.9229     8.1784    32.6504    32.6498    26.2498    26.2496    8.40279 0.0000e+00
       2825     76.113    -1.0121    -1.0189   2.648326   2.647750     2.0859     2.5161      8.035     0.7405     0.1479 1.1112e+00    -0.1236   103.1385     7.9287     8.1726    32.6531    32.6526    26.2518    26.2516    8.40088 0.0000e+00
       2828     76.168    -1.0052    -1.0122   2.648909   2.648369     2.0838     2.5152      8.035     0.7616     0.1479 1.1035e+00    -0.1236   103.1385     7.9121     8.1659    32.6534    32.6537    26.2518    26.2523    8.39928 0.0000e+00
       2831     76.218    -0.9989    -1.0071   2.649370   2.648819     2.0846     2.5144      8.035     0.7616     0.1479 1.1009e+00    -0.1236   103.1385     7.9119     8.1619    32.6528    32.6542    26.2511    26.2525    8.39787 0.0000e+00
       2834     76.264    -0.9949    -1.0021   2.649681   2.649199     2.0826     2.5128      8.035     0.7510     0.1479 1.1111e+00    -0.1236   103.1385     7.8990     8.1531    32.6526    32.6539    26.2508    26.2521    8.39697 0.0000e+00
       2837     76.306    -0.9935    -0.9997   2.649733   2.649419     2.0818     2.5128      8.035     0.7510     0.1479 1.1048e+00    -0.1236   103.1385     7.8899     8.1522    32.6519    32.6543    26.2502    26.2524    8.39671 0.0000e+00
       2840     76.346    -0.9927    -0.9990   2.649847   2.649536     2.0822     2.5112      8.035     0.7510     0.1479 1.1035e+00    -0.1236   103.1385     7.8859     8.1454    32.6524    32.6551    26.2506    26.2530    8.39648 0.0000e+00
       2843     76.386    -0.9926    -0.9982   2.649827   2.649602     2.0814     2.5104      8.035     0.7405     0.1479 1.0971e+00    -0.1243   103.1566     7.8800     8.1443    32.6521    32.6551    26.2503    26.2529    8.39648 0.0000e+00
       2846     76.422    -0.9919    -0.9976   2.650018   2.649636     2.0802     2.5100      8.030     0.7510     0.6611 1.0908e+00    -0.1275   103.2380     7.8702     8.1458    32.6539    32.6550    26.2517    26.2528    8.39622 0.0000e+00
       2849     76.458    -0.9914    -0.9971   2.650149   2.649729     2.0797     2.5087      8.035     0.7510     1.0954 1.0807e+00    -0.1271   103.2289     7.8684     8.1431    32.6551    32.6556    26.2527    26.2533    8.39604 0.0000e+00
       2852     76.496    -0.9903    -0.9964   2.650228   2.649822     2.0793     2.5079      8.033     0.7616     1.0954 1.0870e+00    -0.1271   103.2289     7.8670     8.1414    32.6550    32.6561    26.2526    26.2537    8.39580 0.0000e+00
       2855     76.534    -0.9885    -0.9957   2.650454   2.649935     2.0781     2.5067      8.030     0.7616     1.0954 1.0795e+00    -0.1275   103.2380     7.8591     8.1377    32.6560    32.6568    26.2533    26.2543    8.39532 0.0000e+00
       2858     76.573    -0.9863    -0.9937   2.650723   2.650167     2.0777     2.5063      8.030     0.7510     1.0954 1.0795e+00    -0.1275   103.2380     7.8612     8.1380    32.6572    32.6578    26.2543    26.2549    8.39475 0.0000e+00
       2861     76.617    -0.9837    -0.9907   2.651035   2.650436     2.0765     2.5055      8.030     0.7616     1.0954 1.0870e+00    -0.1275   103.2380     7.8542     8.1334    32.6586    32.6581    26.2553    26.2551    8.39407 0.0000e+00
       2864     76.665    -0.9808    -0.9879   2.651391   2.650705     2.0761     2.5043      8.030     0.7510     1.0954 1.0671e+00    -0.1271   103.2289     7.8525     8.1288    32.6603    32.6587    26.2566    26.2555    8.39332 0.0000e+00
       2867     76.719    -0.9764    -0.9838   2.651842   2.651124     2.0761     2.5039      8.030     0.7299     1.0954 1.0683e+00    -0.1278   103.2470     7.8576     8.1245    32.6616    32.6599    26.2575    26.2563    8.39224 0.0000e+00
       2870     76.778    -0.9703    -0.9781   2.652427   2.651681     2.0757     2.5030      8.030     0.7299     1.0954 1.0732e+00    -0.1278   103.2470     7.8558     8.1175    32.6629    32.6612    26.2583    26.2573    8.39079 0.0000e+00
       2873     76.845    -0.9627    -0.9724   2.653204   2.652255     2.0749     2.5030      8.030     0.7299     3.5826 1.0720e+00    -0.1278   103.2470     7.8470     8.1172    32.6651    32.6628    26.2599    26.2583    8.38892 0.0000e+00
       2876     76.915    -0.9567    -0.9647   2.653714   2.653043     2.0736     2.5010      8.030     0.7299     4.0959 1.0634e+00    -0.1278   103.2470     7.8416     8.1078    32.6654    32.6650    26.2599    26.2598    8.38753 0.0000e+00
       2879     76.993    -0.9539    -0.9600   2.654000   2.653478     2.0732     2.5006      8.030     0.7299     4.0564 1.0524e+00    -0.1278   103.2470     7.8400     8.1053    32.6662    32.6658    26.2605    26.2603    8.38684 0.0000e+00
       2882     77.081    -0.9519    -0.9575   2.654167   2.653729     2.0732     2.5006      8.030     0.7299     4.0564 1.0585e+00    -0.1278   103.2470     7.8359     8.1022    32.6663    32.6664    26.2605    26.2607    8.38639 0.0000e+00
       2885     77.172    -0.9503    -0.9554   2.654330   2.653929     2.0724     2.4981      8.030     0.7299     4.0564 1.0403e+00    -0.1264   103.2108     7.8284     8.0906    32.6666    32.6667    26.2607    26.2610    8.38600 0.0000e+00
       2888     77.268    -0.9484    -0.9536   2.654574   2.654159     2.0720     2.4981      8.030     0.7299     4.0564 1.0379e+00    -0.1261   103.2018     7.8209     8.0921    32.6678    32.6679    26.2616    26.2618    8.38550 0.0000e+00
       2891     77.373    -0.9462    -0.9514   2.654772   2.654372     2.0720     2.4965      8.030     0.7299     4.0564 1.0271e+00    -0.1261   103.2018     7.8196     8.0861    32.6681    32.6683    26.2617    26.2621    8.38498 0.0000e+00
       2894     77.484    -0.9434    -0.9487   2.655172   2.654739     2.0704     2.4957      8.030     0.7616     4.0564 1.0201e+00    -0.1264   103.2108     7.8131     8.0830    32.6704    32.6703    26.2635    26.2636    8.38421 0.0000e+00
       2897     77.604    -0.9392    -0.9446   2.655610   2.655183     2.0692     2.4957      8.030     0.7722     3.9379 1.0212e+00    -0.1261   103.2018     7.8079     8.0859    32.6717    32.6718    26.2644    26.2647    8.38319 0.0000e+00
       2900     77.732    -0.9364    -0.9416   2.656039   2.655623     2.0700     2.4949      8.030     0.7616     2.9904 1.0060e+00    -0.1264   103.2108     7.8106     8.0827    32.6744    32.6744    26.2666    26.2667    8.38240 0.0000e+00
       2903     77.867    -0.9325    -0.9382   2.656653   2.656167     2.0684     2.4941      8.030     0.7616     2.9904 1.0037e+00    -0.1257   103.1927     7.7985     8.0764    32.6784    32.6779    26.2697    26.2695    8.38128 0.0000e+00
       2906     78.004    -0.9279    -0.9336   2.657303   2.656798     2.0671     2.4920      8.030     0.7616     2.9904 9.9213e-01    -0.1222   103.1023     7.7915     8.0666    32.6820    32.6814    26.2724    26.2721    8.38001 0.0000e+00
       2909     78.145    -0.9232    -0.9285   2.657860   2.657386     2.0671     2.4924      8.030     0.7510     2.9904 9.7846e-01    -0.1219   103.0932     7.7940     8.0687    32.6844    32.6838    26.2742    26.2739    8.37881 0.0000e+00
       2912     78.290    -0.9167    -0.9218   2.658610   2.658159     2.0659     2.4920      8.027     0.7510     2.9904 9.7394e-01    -0.1222   103.1023     7.7915     8.0641    32.6874    32.6869    26.2764    26.2762    8.37715 0.0000e+00
       2915     78.437    -0.9130    -0.9181   2.658909   2.658478     2.0663     2.4908      8.028     0.7616     2.9904 9.7169e-01    -0.1222   103.1023     7.7996     8.0593    32.6874    32.6871    26.2763    26.2762    8.37633 0.0000e+00
       2918     78.587    -0.9114    -0.9160   2.659072   2.658663     2.0659     2.4904      8.028     0.7405     2.9904 9.6051e-01    -0.1226   103.1113     7.8022     8.0538    32.6877    32.6872    26.2765    26.2762    8.37593 0.0000e+00
       2921     78.738    -0.9107    -0.9150   2.659168   2.658762     2.0647     2.4896      8.027     0.7616     2.9904 9.5608e-01    -0.1219   103.0932     7.7967     8.0472    32.6882    32.6874    26.2769    26.2763    8.37575 0.0000e+00
       2924     78.890    -0.9099    -0.9146   2.659209   2.658828     2.0639     2.4876      8.025     0.7616     2.2008 9.4841e-01    -0.1229   103.1204     7.7947     8.0378    32.6878    32.6878    26.2765    26.2767    8.37559 0.0000e+00
       2927     79.040    -0.9098    -0.9146   2.659251   2.658822     2.0635     2.4872      8.025     0.7616     0.9770 9.3315e-01    -0.1268   103.2199     7.7961     8.0383    32.6881    32.6875    26.2768    26.2765    8.37554 0.0000e+00
       2930     79.193    -0.9094    -0.9147   2.659283   2.658840     2.0635     2.4859      8.025     0.7616     0.9770 9.2456e-01    -0.1268   103.2199     7.7964     8.0349    32.6881    32.6879    26.2767    26.2767    8.37547 0.0000e+00
       2933     79.341    -0.9092    -0.9149   2.659314   2.658851     2.0631     2.4859      8.025     0.7616     0.9770 9.1929e-01    -0.1268   103.2199     7.7932     8.0334    32.6882    32.6881    26.2768    26.2769    8.37542 0.0000e+00
       2936     79.485    -0.9091    -0.9143   2.659320   2.658912     2.0635     2.4847      8.025     0.7510     0.9770 9.0246e-01    -0.1268   103.2199     7.7954     8.0325    32.6880    32.6882    26.2767    26.2770    8.37539 0.0000e+00
