Datasets/AZMP/TEL210/tel210_2020_089.cnv
* Sea-Bird SBE 9 Data File:
* FileName = C:\CTDDATA\tel210_2020_089.hex
* Software Version Seasave V 7.26.7.110
* Temperature SN = 1697
* Conductivity SN = 4216
* Number of Bytes Per Scan = 30
* Number of Voltage Words = 4
* Number of Scans Averaged by the Deck Unit = 1
* NMEA baud rate = 4800
** VESSEL/TRIP/SEQ STN:  tel210_2020_089
** LATITUDE XX XX.XX: 54 04.90 N
** LONGITUDE XX XX.XX: 054 13.00 W
** SOUNDING DEPTH (M): 0190
** PROBE TYPE: S1146
** CTD NUMBER: 059
** COMMENTS (14 CHAR): SI-08
** BOTTLES:  10
** LEVELS: 5,10,20,30,40,50,75,100,150,BTM
** STICKERS: 436160 - 436169
** VNET: Y
** DO2: N
# nquan = 22
# nvalues = 4279                        
# units = specified
# name 0 = scan: Scan Count
# name 1 = prDM: Pressure, Digiquartz [db]
# name 2 = t090C: Temperature [ITS-90, deg C]
# name 3 = t190C: Temperature, 2 [ITS-90, deg C]
# name 4 = c0S/m: Conductivity [S/m]
# name 5 = c1S/m: Conductivity, 2 [S/m]
# name 6 = sbeox0V: Oxygen raw, SBE 43 [V]
# name 7 = sbeox1V: Oxygen raw, SBE 43, 2 [V]
# name 8 = ph: pH
# name 9 = flECO-AFL: Fluorescence, WET Labs ECO-AFL/FL [mg/m^3]
# name 10 = wetCDOM: Fluorescence, WET Labs CDOM [mg/m^3]
# name 11 = par/sat/log: PAR/Logarithmic, Satlantic [umol photons/m^2/sec]
# name 12 = CStarAt0: Beam Attenuation, WET Labs C-Star [1/m]
# name 13 = CStarTr0: Beam Transmission, WET Labs C-Star [%]
# name 14 = sbeox0ML/L: Oxygen, SBE 43 [ml/l], WS = 2
# name 15 = sbeox1ML/L: Oxygen, SBE 43, 2 [ml/l], WS = 2
# name 16 = sal00: Salinity, Practical [PSU]
# name 17 = sal11: Salinity, Practical, 2 [PSU]
# name 18 = sigma-t00: Density [sigma-t, kg/m^3 ]
# name 19 = sigma-t11: Density, 2 [sigma-t, kg/m^3 ]
# name 20 = oxsatML/L: Oxygen Saturation, Weiss [ml/l]
# name 21 = flag: flag
# span 0 =         26,      32365       
# span 1 =      0.473,    188.148       
# span 2 =    -0.7797,     9.0010       
# span 3 =    -0.7850,     9.0034       
# span 4 =   2.686516,   3.402712       
# span 5 =   2.685858,   3.402793       
# span 6 =     1.9276,     2.6615       
# span 7 =     2.3163,     3.2591       
# span 8 =      7.960,      8.292       
# span 9 =     0.6664,     1.7563       
# span 10 =    -2.8130,   482.1870      
# span 11 = 1.0715e-01, 2.0337e+02      
# span 12 =    -0.1411,     0.1115      
# span 13 =    97.2514,   103.5906      
# span 14 =     6.5407,     9.8090      
# span 15 =     6.7686,    10.3244      
# span 16 =    31.6917,    34.2985      
# span 17 =    31.6862,    34.2993      
# span 18 =    24.5564,    27.3856      
# span 19 =    24.5593,    27.3866      
# span 20 =    6.59568,    8.32871      
# span 21 = 0.0000e+00, 0.0000e+00      
# interval = scans: 3                   
# start_time = Jul 25 2020 09:57:13 [System UTC, header]
# bad_flag = -9.990e-29
*END*
[from data line 2898]
      13085    108.327    -0.3281    -0.3357   2.766603   2.765950     1.9840     2.3948      7.991     0.7616     1.3323 1.0752e-01    -0.1383   103.5183     7.3357     7.6271    33.4767    33.4763    26.8920    26.8919    8.20073 0.0000e+00
      13088    108.242    -0.3327    -0.3435   2.765347   2.764748     1.9844     2.3948      7.989     0.7510     1.3323 1.0752e-01    -0.1383   103.5183     7.3385     7.6299    33.4651    33.4689    26.8827    26.8863    8.20240 0.0000e+00
      13091    108.153    -0.3389    -0.3511   2.765359   2.764263     1.9836     2.3940      7.989     0.7510     1.3323 1.0752e-01    -0.1352   103.4369     7.3364     7.6274    33.4721    33.4708    26.8887    26.8882    8.20337 0.0000e+00
      13094    108.066    -0.3405    -0.3520   2.765292   2.764171     1.9844     2.3948      7.989     0.7616     1.3323 1.0752e-01    -0.1331   103.3826     7.3425     7.6292    33.4730    33.4707    26.8895    26.8882    8.20367 0.0000e+00
      13097    107.980    -0.3409    -0.3522   2.765222   2.764180     1.9836     2.3944      7.991     0.7510     1.3323 1.0740e-01    -0.1334   103.3917     7.3405     7.6255    33.4725    33.4710    26.8892    26.8884    8.20377 0.0000e+00
      13100    107.894    -0.3387    -0.3495   2.765509   2.764614     1.9832     2.3948      7.989     0.7510     1.6876 1.0715e-01    -0.1338   103.4007     7.3395     7.6276    33.4740    33.4740    26.8902    26.8907    8.20320 0.0000e+00
      13103    107.813    -0.3376    -0.3462   2.765404   2.764558     1.9840     2.3944      7.989     0.7616     2.0429 1.0727e-01    -0.1338   103.4007     7.3416     7.6254    33.4714    33.4696    26.8881    26.8870    8.20310 0.0000e+00
      13106    107.731    -0.3412    -0.3474   2.764833   2.764574     1.9836     2.3948      7.989     0.7405     2.0429 1.0715e-01    -0.1341   103.4098     7.3397     7.6269    33.4679    33.4712    26.8854    26.8883    8.20411 0.0000e+00
      13109    107.653    -0.3458    -0.3458   2.764256   2.764649     1.9840     2.3944      7.991     0.7510     2.0429 1.0715e-01    -0.1338   103.4007     7.3431     7.6268    33.4652    33.4704    26.8834    26.8877    8.20525 0.0000e+00
      13112    107.578    -0.3490    -0.3481   2.763914   2.764279     1.9844     2.3948      7.989     0.7510     2.0429 1.0715e-01    -0.1366   103.4730     7.3489     7.6290    33.4643    33.4682    26.8828    26.8859    8.20602 0.0000e+00
      13115    107.507    -0.3480    -0.3513   2.763984   2.763782     1.9844     2.3936      7.989     0.7616     2.0429 1.0715e-01    -0.1369   103.4821     7.3515     7.6279    33.4641    33.4650    26.8826    26.8835    8.20580 0.0000e+00
      13118    107.439    -0.3492    -0.3546   2.763828   2.763469     1.9844     2.3936      7.989     0.7405     2.0429 1.0715e-01    -0.1373   103.4911     7.3508     7.6301    33.4634    33.4645    26.8821    26.8833    8.20610 0.0000e+00
      13121    107.371    -0.3488    -0.3560   2.763949   2.763408     1.9844     2.3940      7.989     0.7616     2.0429 1.0715e-01    -0.1373   103.4911     7.3515     7.6360    33.4647    33.4653    26.8831    26.8840    8.20596 0.0000e+00
      13124    107.307    -0.3486    -0.3573   2.763988   2.762842     1.9844     2.3956      7.989     0.7510     2.0429 1.0715e-01    -0.1373   103.4911     7.3478     7.6469    33.4649    33.4592    26.8833    26.8791    8.20589 0.0000e+00
      13127    107.243    -0.3497    -0.3675   2.763770   2.761520     1.9844     2.3936      7.989     0.7616     0.2664 1.0715e-01    -0.1373   103.4911     7.3423     7.6434    33.4633    33.4529    26.8821    26.8744    8.20623 0.0000e+00
      13130    107.179    -0.3539    -0.3751   2.763237   2.761128     1.9840     2.3952      7.989     0.7616    -0.1284 1.0715e-01    -0.1369   103.4821     7.3422     7.6544    33.4608    33.4560    26.8802    26.8773    8.20729 0.0000e+00
      13133    107.109    -0.3591    -0.3768   2.762586   2.760959     1.9844     2.3948      7.991     0.7510    -0.0889 1.0715e-01    -0.1383   103.5183     7.3436     7.6570    33.4579    33.4557    26.8781    26.8771    8.20860 0.0000e+00
      13136    107.043    -0.3617    -0.3781   2.762449   2.760798     1.9853     2.3940      7.989     0.7616    -0.0889 1.0727e-01    -0.1383   103.5183     7.3498     7.6551    33.4590    33.4550    26.8791    26.8766    8.20912 0.0000e+00
      13139    106.978    -0.3610    -0.3804   2.762712   2.760388     1.9844     2.3960      7.989     0.7616    -0.1284 1.0715e-01    -0.1380   103.5092     7.3464     7.6647    33.4617    33.4520    26.8813    26.8743    8.20880 0.0000e+00
      13142    106.912    -0.3585    -0.3841   2.762924   2.759978     1.9844     2.3948      7.989     0.7616    -0.0889 1.0715e-01    -0.1383   103.5183     7.3444     7.6595    33.4619    33.4508    26.8813    26.8734    8.20825 0.0000e+00
      13145    106.843    -0.3569    -0.3855   2.763108   2.760132     1.9844     2.3964      7.989     0.7616    -0.1679 1.0715e-01    -0.1383   103.5183     7.3432     7.6619    33.4626    33.4543    26.8818    26.8763    8.20784 0.0000e+00
      13148    106.771    -0.3608    -0.3849   2.762298   2.760179     1.9840     2.3960      7.989     0.7616    -0.0889 1.0715e-01    -0.1380   103.5092     7.3446     7.6611    33.4562    33.4544    26.8768    26.8764    8.20908 0.0000e+00
      13151    106.693    -0.3663    -0.3836   2.761997   2.760190     1.9836     2.3952      7.989     0.7510    -0.0495 1.0727e-01    -0.1376   103.5002     7.3446     7.6562    33.4582    33.4531    26.8787    26.8753    8.21017 0.0000e+00
      13154    106.614    -0.3614    -0.3878   2.762837   2.759413     1.9848     2.3968      7.989     0.7405     0.7006 1.0715e-01    -0.1373   103.4911     7.3521     7.6587    33.4641    33.4474    26.8832    26.8709    8.20875 0.0000e+00
      13157    106.531    -0.3631    -0.3905   2.762476   2.759338     1.9848     2.3960      7.989     0.7510     0.7006 1.0727e-01    -0.1376   103.5002     7.3545     7.6559    33.4612    33.4494    26.8810    26.8727    8.20930 0.0000e+00
      13160    106.445    -0.3694    -0.3924   2.761790   2.758913     1.9848     2.3960      7.989     0.7616     0.7401 1.0727e-01    -0.1376   103.5002     7.3578     7.6530    33.4590    33.4460    26.8794    26.8699    8.21080 0.0000e+00
      13163    106.353    -0.3652    -0.3928   2.762350   2.759143     1.9848     2.3964      7.991     0.7616     0.7401 1.0715e-01    -0.1373   103.4911     7.3608     7.6507    33.4619    33.4495    26.8816    26.8728    8.20971 0.0000e+00
      13166    106.261    -0.3620    -0.3855   2.762623   2.760250     1.9840     2.3960      7.989     0.7616     0.7401 1.0727e-01    -0.1373   103.4911     7.3562     7.6458    33.4621    33.4563    26.8816    26.8780    8.20900 0.0000e+00
      13169    106.164    -0.3627    -0.3788   2.762412   2.760476     1.9844     2.3964      7.989     0.7405     0.7401 1.0715e-01    -0.1373   103.4911     7.3567     7.6448    33.4601    33.4520    26.8800    26.8742    8.20926 0.0000e+00
      13172    106.065    -0.3620    -0.3817   2.762492   2.760362     1.9853     2.3964      7.989     0.7510     0.7006 1.0727e-01    -0.1362   103.4640     7.3599     7.6488    33.4604    33.4537    26.8803    26.8757    8.20909 0.0000e+00
      13175    105.960    -0.3611    -0.3753   2.762345   2.761251     1.9848     2.3960      7.989     0.7616     0.7401 1.0715e-01    -0.1359   103.4550     7.3532     7.6451    33.4576    33.4586    26.8780    26.8793    8.20906 0.0000e+00
      13178    105.853    -0.3649    -0.3719   2.762014   2.761355     1.9861     2.3956      7.989     0.7616     0.4243 1.0715e-01    -0.1355   103.4459     7.3570     7.6420    33.4573    33.4563    26.8779    26.8774    8.20990 0.0000e+00
      13181    105.743    -0.3670    -0.3721   2.761718   2.761389     1.9853     2.3968      7.989     0.7405    -0.1679 1.0727e-01    -0.1359   103.4550     7.3529     7.6487    33.4558    33.4570    26.8767    26.8780    8.21045 0.0000e+00
      13184    105.630    -0.3670    -0.3710   2.761689   2.761518     1.9857     2.3960      7.989     0.7510    -0.0889 1.0715e-01    -0.1359   103.4550     7.3568     7.6464    33.4556    33.4577    26.8766    26.8784    8.21047 0.0000e+00
      13187    105.519    -0.3681    -0.3709   2.761523   2.761689     1.9853     2.3960      7.989     0.7510    -0.1284 1.0715e-01    -0.1359   103.4550     7.3524     7.6498    33.4546    33.4599    26.8758    26.8803    8.21076 0.0000e+00
      13190    105.403    -0.3719    -0.3706   2.761047   2.761300     1.9853     2.3964      7.989     0.7616    -0.0889 1.0727e-01    -0.1352   103.4369     7.3490     7.6544    33.4525    33.4544    26.8743    26.8758    8.21173 0.0000e+00
      13193    105.284    -0.3731    -0.3739   2.760694   2.760662     1.9848     2.3968      7.989     0.7616    -0.0889 1.0727e-01    -0.1369   103.4821     7.3469     7.6590    33.4492    33.4496    26.8717    26.8720    8.21218 0.0000e+00
      13196    105.170    -0.3729    -0.3746   2.760644   2.760179     1.9857     2.3972      7.989     0.7405    -0.1284 1.0715e-01    -0.1373   103.4911     7.3501     7.6654    33.4483    33.4439    26.8709    26.8675    8.21217 0.0000e+00
      13199    105.053    -0.3722    -0.3734   2.760717   2.760072     1.9844     2.3964      7.989     0.7299    -0.0889 1.0715e-01    -0.1373   103.4911     7.3435     7.6641    33.4486    33.4413    26.8711    26.8653    8.21200 0.0000e+00
      13202    104.941    -0.3703    -0.3728   2.760353   2.760134     1.9853     2.3968      7.989     0.7299    -0.0889 1.0727e-01    -0.1376   103.5002     7.3492     7.6677    33.4417    33.4415    26.8655    26.8655    8.21197 0.0000e+00
      13205    104.830    -0.3689    -0.3746   2.760375   2.759509     1.9853     2.3968      7.989     0.7299    -0.3653 1.0727e-01    -0.1376   103.5002     7.3527     7.6717    33.4406    33.4353    26.8645    26.8605    8.21173 0.0000e+00
      13208    104.721    -0.3709    -0.3789   2.759939   2.758889     1.9857     2.3976      7.989     0.7299    -0.4838 1.0727e-01    -0.1373   103.4911     7.3601     7.6794    33.4370    33.4317    26.8617    26.8578    8.21237 0.0000e+00
      13211    104.616    -0.3728    -0.3813   2.759668   2.758793     1.9840     2.3981      7.989     0.7193    -0.4443 1.0727e-01    -0.1366   103.4730     7.3562     7.6812    33.4355    33.4332    26.8606    26.8591    8.21288 0.0000e+00
      13214    104.515    -0.3745    -0.3812   2.759484   2.758852     1.9853     2.3976      7.989     0.7299    -0.4443 1.0727e-01    -0.1331   103.3826     7.3646     7.6782    33.4350    33.4339    26.8602    26.8596    8.21327 0.0000e+00
      13217    104.413    -0.3811    -0.3807   2.758725   2.758892     1.9861     2.3985      7.989     0.7299    -0.4443 1.0727e-01    -0.1331   103.3826     7.3690     7.6799    33.4321    33.4339    26.8582    26.8597    8.21488 0.0000e+00
      13220    104.318    -0.3843    -0.3854   2.758723   2.757936     1.9853     2.3985      7.991     0.7193    -0.4443 1.0727e-01    -0.1331   103.3826     7.3661     7.6816    33.4357    33.4265    26.8613    26.8538    8.21538 0.0000e+00
      13223    104.227    -0.3839    -0.3976   2.758676   2.756765     1.9857     2.3985      7.991     0.7510    -0.4443 1.0715e-01    -0.1331   103.3826     7.3708     7.6838    33.4347    33.4243    26.8605    26.8526    8.21537 0.0000e+00
      13226    104.138    -0.3898    -0.3981   2.758039   2.757534     1.9857     2.3997      7.994     0.7510    -0.4443 1.0727e-01    -0.1331   103.3826     7.3705     7.6839    33.4328    33.4352    26.8591    26.8615    8.21678 0.0000e+00
      13229    104.056    -0.3932    -0.3914   2.757846   2.758555     1.9861     2.3997      7.994     0.7510    -0.4443 1.0715e-01    -0.1331   103.3826     7.3738     7.6801    33.4339    33.4415    26.8603    26.8662    8.21745 0.0000e+00
      13232    103.977    -0.3978    -0.3868   2.757627   2.758535     1.9869     2.3997      7.992     0.7405     0.1874 1.0752e-01    -0.1341   103.4098     7.3766     7.6765    33.4362    33.4362    26.8622    26.8618    8.21835 0.0000e+00
      13235    103.901    -0.3914    -0.3878   2.758370   2.758361     1.9861     2.3993      7.994     0.7616     0.2664 1.0752e-01    -0.1362   103.4640     7.3711     7.6763    33.4391    33.4350    26.8643    26.8609    8.21678 0.0000e+00
      13238    103.829    -0.3889    -0.3895   2.758678   2.758367     1.9857     2.3997      7.992     0.7510     0.2664 1.0727e-01    -0.1355   103.4459     7.3656     7.6765    33.4405    33.4370    26.8653    26.8626    8.21614 0.0000e+00
      13241    103.762    -0.3926    -0.3892   2.758330   2.758432     1.9861     2.3993      7.992     0.7510     0.2664 1.0740e-01    -0.1359   103.4550     7.3723     7.6719    33.4400    33.4376    26.8651    26.8630    8.21699 0.0000e+00
      13244    103.699    -0.3957    -0.3886   2.757530   2.758486     1.9865     2.3997      7.994     0.7722     0.2664 1.0740e-01    -0.1352   103.4369     7.3808     7.6728    33.4327    33.4377    26.8594    26.8631    8.21808 0.0000e+00
      13247    103.639    -0.4145    -0.3871   2.755490   2.758595     1.9865     2.3997      7.994     0.7616     0.2269 1.0740e-01    -0.1355   103.4459     7.3832     7.6711    33.4262    33.4375    26.8549    26.8629    8.22260 0.0000e+00
      13250    103.580    -0.4240    -0.3886   2.754599   2.758433     1.9865     2.3997      7.994     0.7299     0.2664 1.0715e-01    -0.1355   103.4459     7.3845     7.6705    33.4248    33.4370    26.8541    26.8625    8.22477 0.0000e+00
      13253    103.524    -0.4289    -0.3917   2.754008   2.758165     1.9865     2.4005      7.994     0.7193     0.2664 1.0727e-01    -0.1359   103.4550     7.3804     7.6756    33.4222    33.4369    26.8523    26.8625    8.22598 0.0000e+00
      13256    103.471    -0.4290    -0.3927   2.754160   2.758297     1.9857     2.4005      7.992     0.7299    -0.0495 1.0740e-01    -0.1362   103.4640     7.3776     7.6786    33.4244    33.4397    26.8540    26.8649    8.22589 0.0000e+00
      13259    103.419    -0.4241    -0.3893   2.754567   2.758758     1.9873     2.4009      7.994     0.7299    -0.9575 1.0715e-01    -0.1366   103.4730     7.3901     7.6799    33.4245    33.4423    26.8540    26.8668    8.22480 0.0000e+00
      13262    103.369    -0.4285    -0.3876   2.753888   2.758831     1.9873     2.4005      7.994     0.7299    -0.9180 1.0727e-01    -0.1366   103.4730     7.3924     7.6794    33.4203    33.4414    26.8508    26.8660    8.22602 0.0000e+00
      13265    103.318    -0.4300    -0.3919   2.753869   2.757834     1.9881     2.4005      7.994     0.7299    -0.9180 1.0727e-01    -0.1362   103.4640     7.3942     7.6794    33.4218    33.4328    26.8520    26.8592    8.22627 0.0000e+00
      13268    103.267    -0.4315    -0.3986   2.753636   2.757700     1.9881     2.4009      7.994     0.7299    -0.9180 1.0715e-01    -0.1366   103.4730     7.3967     7.6820    33.4203    33.4385    26.8508    26.8641    8.22667 0.0000e+00
      13271    103.213    -0.4305    -0.3894   2.753591   2.758845     1.9869     2.4009      7.994     0.7299    -0.9180 1.0715e-01    -0.1359   103.4550     7.3925     7.6803    33.4186    33.4437    26.8494    26.8679    8.22654 0.0000e+00
      13274    103.160    -0.4246    -0.3838   2.754008   2.759392     1.9873     2.4009      7.994     0.7405    -0.9180 1.0727e-01    -0.1341   103.4098     7.3937     7.6776    33.4178    33.4448    26.8485    26.8686    8.22529 0.0000e+00
