Datasets/AZMP/TEL210/tel210_2020_013.cnv
* Sea-Bird SBE 9 Data File:
* FileName = C:\CTDDATA\tel210_2020_013.hex
* Software Version Seasave V 7.26.7.110
* Temperature SN = 1697
* Conductivity SN = 4216
* Number of Bytes Per Scan = 30
* Number of Voltage Words = 4
* Number of Scans Averaged by the Deck Unit = 1
* NMEA baud rate = 4800
** VESSEL/TRIP/SEQ STN:  tel210_2020_013
** LATITUDE XX XX.XX: 47 00.00 N
** LONGITUDE XX XX.XX: 048 37.00 W
** SOUNDING DEPTH (M): 0102
** PROBE TYPE: S1146
** CTD NUMBER: 012
** COMMENTS (14 CHAR): FC-11
** BOTTLES:  0
** LEVELS:
** STICKERS:
** VNET: N
** DO2: N
# nquan = 22
# nvalues = 1706                        
# units = specified
# name 0 = scan: Scan Count
# name 1 = prDM: Pressure, Digiquartz [db]
# name 2 = t090C: Temperature [ITS-90, deg C]
# name 3 = t190C: Temperature, 2 [ITS-90, deg C]
# name 4 = c0S/m: Conductivity [S/m]
# name 5 = c1S/m: Conductivity, 2 [S/m]
# name 6 = sbeox0V: Oxygen raw, SBE 43 [V]
# name 7 = sbeox1V: Oxygen raw, SBE 43, 2 [V]
# name 8 = ph: pH
# name 9 = flECO-AFL: Fluorescence, WET Labs ECO-AFL/FL [mg/m^3]
# name 10 = wetCDOM: Fluorescence, WET Labs CDOM [mg/m^3]
# name 11 = par/sat/log: PAR/Logarithmic, Satlantic [umol photons/m^2/sec]
# name 12 = CStarAt0: Beam Attenuation, WET Labs C-Star [1/m]
# name 13 = CStarTr0: Beam Transmission, WET Labs C-Star [%]
# name 14 = sbeox0ML/L: Oxygen, SBE 43 [ml/l], WS = 2
# name 15 = sbeox1ML/L: Oxygen, SBE 43, 2 [ml/l], WS = 2
# name 16 = sal00: Salinity, Practical [PSU]
# name 17 = sal11: Salinity, Practical, 2 [PSU]
# name 18 = sigma-t00: Density [sigma-t, kg/m^3 ]
# name 19 = sigma-t11: Density, 2 [sigma-t, kg/m^3 ]
# name 20 = oxsatML/L: Oxygen Saturation, Weiss [ml/l]
# name 21 = flag: flag
# span 0 =         31,       8441       
# span 1 =      1.605,     98.509       
# span 2 =    -0.3967,    10.2900       
# span 3 =    -0.4016,    10.2859       
# span 4 =   2.723487,   3.573581       
# span 5 =   2.723051,   3.572998       
# span 6 =     1.7943,     2.3953       
# span 7 =     2.1696,     2.9139       
# span 8 =      7.752,      8.142       
# span 9 =    -0.5308,     2.0435       
# span 10 =    -2.8130,   482.1870      
# span 11 = 1.0715e-01, 1.5579e+02      
# span 12 =    -0.1194,     0.0116      
# span 13 =    99.7111,   103.0299      
# span 14 =     6.3309,     8.1805      
# span 15 =     6.2612,     8.7218      
# span 16 =    32.2311,    32.9855      
# span 17 =    32.2350,    32.9843      
# span 18 =    24.8163,    26.4979      
# span 19 =    24.8221,    26.4971      
# span 20 =    6.38500,    8.24351      
# span 21 = 0.0000e+00, 0.0000e+00      
# interval = scans: 3                   
# start_time = Jul 16 2020 09:47:56 [System UTC, header]
# bad_flag = -9.990e-29
*END*
[from data line 396]
       1897     44.950     3.1415     3.1361   2.978114   2.978211     2.3036     2.8303      8.130     0.0391     3.9379 4.9089e+00    -0.0824   102.0804     8.0251     8.5812    32.5413    32.5479    25.9104    25.9162    7.54265 0.0000e+00
       1900     45.038     3.1026     3.1026   2.975632   2.975771     2.3036     2.8307      8.130     0.0289     3.9379 4.8525e+00    -0.0824   102.0804     8.0211     8.5635    32.5505    32.5522    25.9212    25.9225    7.54956 0.0000e+00
       1903     45.114     3.0891     3.0766   2.974382   2.973789     2.3032     2.8324      8.130     0.0289     3.9379 4.8078e+00    -0.0824   102.0804     8.0109     8.5454    32.5490    32.5544    25.9212    25.9266    7.55221 0.0000e+00
       1906     45.171     3.0813     3.0612   2.973336   2.973277     2.3032     2.8328      8.132     0.0391     3.9379 4.7856e+00    -0.0817   102.0623     8.0029     8.5195    32.5442    32.5638    25.9180    25.9354    7.55392 0.0000e+00
       1909     45.212     3.0645     3.0737   2.973122   2.975003     2.3028     2.8332      8.130     0.0391     3.9379 4.7690e+00    -0.0802   102.0262     7.9949     8.4856    32.5586    32.5720    25.9309    25.9408    7.55639 0.0000e+00
       1955     45.248     3.0444     3.0306   2.971114   2.970062     2.2967     2.8173      8.135     0.0696    -0.0494 4.8191e+00    -0.0802   102.0262     7.9710     8.4114    32.5545    32.5557    25.9294    25.9316    7.56042 0.0000e+00
       1979     45.355     3.0177     2.9497   2.968150   2.962604     2.2943     2.8108      8.135     0.1001    -1.6286 4.8022e+00    -0.0802   102.0262     7.9754     8.4091    32.5456    32.5470    25.9246    25.9316    7.56594 0.0000e+00
       1982     45.486     2.9537     2.9224   2.961439   2.960195     2.2943     2.8108      8.135     0.0797    -1.6681 4.7746e+00    -0.0802   102.0262     7.9948     8.4211    32.5288    32.5454    25.9167    25.9326    7.57899 0.0000e+00
       1985     45.630     2.9025     2.8928   2.958341   2.957822     2.2951     2.8108      8.135     0.0594    -1.7076 4.7143e+00    -0.0802   102.0262     8.0134     8.4385    32.5429    32.5464    25.9323    25.9359    7.58807 0.0000e+00
       1988     45.795     2.8815     2.8699   2.956915   2.956026     2.2939     2.8116      8.135     0.0594    -1.3918 4.6225e+00    -0.0788   101.9900     8.0184     8.4604    32.5468    32.5477    25.9372    25.9389    7.59189 0.0000e+00
       1991     45.977     2.8624     2.8498   2.955387   2.954370     2.2939     2.8120      8.136     0.0696     0.9375 4.5483e+00    -0.0781   101.9719     8.0309     8.4787    32.5474    32.5478    25.9393    25.9406    7.59551 0.0000e+00
       1994     46.178     2.8437     2.8274   2.953819   2.952475     2.2939     2.8112      8.136     0.0594     0.9770 4.4804e+00    -0.0781   101.9719     8.0441     8.4913    32.5471    32.5474    25.9407    25.9422    7.59911 0.0000e+00
       1997     46.389     2.8079     2.7959   2.950631   2.949768     2.2931     2.8100      8.136     0.0594     0.9770 4.4034e+00    -0.0781   101.9719     8.0520     8.5037    32.5445    32.5462    25.9415    25.9439    7.60611 0.0000e+00
       2000     46.613     2.7677     2.7611   2.947256   2.946721     2.2935     2.8108      8.136     0.0696     0.9770 4.3327e+00    -0.0781   101.9719     8.0678     8.5257    32.5440    32.5442    25.9445    25.9452    7.61387 0.0000e+00
       2003     46.846     2.7270     2.7194   2.943716   2.943221     2.2939     2.8108      8.136     0.0696     0.9770 4.2533e+00    -0.0781   101.9719     8.0851     8.5469    32.5420    32.5437    25.9462    25.9483    7.62181 0.0000e+00
       2006     47.086     2.6892     2.6795   2.940833   2.939889     2.2943     2.8116      8.136     0.0492     0.9770 4.1705e+00    -0.0781   101.9719     8.1027     8.5730    32.5450    32.5434    25.9517    25.9512    7.62895 0.0000e+00
       2009     47.329     2.6601     2.6510   2.938288   2.937454     2.2943     2.8144      8.138     0.0696     0.9770 4.0941e+00    -0.0799   102.0171     8.1197     8.6056    32.5434    32.5425    25.9528    25.9528    7.63467 0.0000e+00
       2012     47.576     2.6404     2.6346   2.936756   2.936028     2.2955     2.8157      8.138     0.0899     0.9770 4.0051e+00    -0.0802   102.0262     8.1392     8.6285    32.5445    32.5415    25.9554    25.9534    7.63842 0.0000e+00
       2015     47.821     2.6247     2.6235   2.935231   2.934825     2.2955     2.8157      8.136     0.0797     1.8850 3.9136e+00    -0.0802   102.0262     8.1490     8.6466    32.5417    32.5380    25.9543    25.9514    7.64160 0.0000e+00
       2018     48.058     2.5498     2.5582   2.928364   2.928955     2.2967     2.8165      8.140     0.0797     3.8195 3.8551e+00    -0.0802   102.0262     8.1754     8.6814    32.5337    32.5323    25.9540    25.9522    7.65656 0.0000e+00
       2021     48.291     2.5421     2.5117   2.928688   2.925640     2.2963     2.8173      8.142     0.0899     3.7405 3.7802e+00    -0.0802   102.0262     8.1791     8.7044    32.5453    32.5389    25.9639    25.9612    7.65745 0.0000e+00
       2024     48.517     2.5556     2.5353   2.930352   2.928275     2.2967     2.8197      8.142     0.0899     3.7010 3.7281e+00    -0.0802   102.0262     8.1790     8.7111    32.5519    32.5471    25.9681    25.9658    7.65450 0.0000e+00
       2027     48.736     2.5986     2.5679   2.934644   2.930901     2.2975     2.8210      8.141     0.0797     3.7010 3.6640e+00    -0.0799   102.0171     8.1687     8.7072    32.5606    32.5460    25.9715    25.9623    7.64569 0.0000e+00
       2030     48.940     2.6036     2.5758   2.934424   2.931639     2.2983     2.8234      8.140     0.1001     3.7010 3.6218e+00    -0.0802   102.0262     8.1664     8.7062    32.5527    32.5469    25.9648    25.9625    7.64513 0.0000e+00
       2033     49.130     2.5842     2.5728   2.932546   2.931645     2.3000     2.8254      8.141     0.0797     3.7010 3.5513e+00    -0.0802   102.0262     8.1733     8.7062    32.5493    32.5499    25.9637    25.9650    7.64907 0.0000e+00
       2036     49.306     2.5633     2.5599   2.930989   2.930699     2.2992     2.8263      8.140     0.0797     3.7405 3.5105e+00    -0.0802   102.0262     8.1665     8.7088    32.5514    32.5513    25.9670    25.9672    7.65301 0.0000e+00
       2039     49.460     2.5155     2.5229   2.925738   2.927468     2.2996     2.8283      8.140     0.0899     3.7010 3.4702e+00    -0.0802   102.0262     8.1724     8.7171    32.5356    32.5492    25.9582    25.9686    7.66313 0.0000e+00
       2042     49.594     2.4559     2.4663   2.921381   2.922005     2.3000     2.8299      8.140     0.0797     6.5435 3.4303e+00    -0.0802   102.0262     8.1785     8.7218    32.5427    32.5398    25.9687    25.9655    7.67437 0.0000e+00
       2045     49.705     2.4414     2.4130   2.920151   2.918096     2.3012     2.8303      8.142     0.0899     8.4385 3.4065e+00    -0.0802   102.0262     8.1786     8.7177    32.5423    32.5460    25.9694    25.9747    7.67722 0.0000e+00
       2048     49.794     2.3941     2.3981   2.916136   2.917035     2.3012     2.8315      8.142     0.0899     8.3201 3.3869e+00    -0.0792   101.9990     8.1805     8.7051    32.5411    32.5482    25.9722    25.9775    7.68653 0.0000e+00
       2051     49.861     2.3654     2.3778   2.915128   2.915640     2.2996     2.8307      8.141     0.0899     8.3201 3.3713e+00    -0.0792   101.9990     8.1691     8.6841    32.5580    32.5516    25.9880    25.9818    7.69129 0.0000e+00
       2054     49.909     2.4013     2.4393   2.919609   2.921566     2.2996     2.8303      8.140     0.1001     8.3201 3.3635e+00    -0.0792   101.9990     8.1517     8.6448    32.5765    32.5618    26.0000    25.9852    7.68330 0.0000e+00
       2077     49.944     2.4564     2.5279   2.923129   2.927571     2.3004     2.8291      8.142     0.1103     7.8463 3.3911e+00    -0.0795   102.0081     8.1398     8.6014    32.5635    32.5451    25.9852    25.9649    7.67321 0.0000e+00
       2121     50.023     2.4011     2.4028   2.917817   2.917841     2.2992     2.8242      8.142     0.1612   366.5529 3.4382e+00    -0.0802   102.0262     8.1452     8.6041    32.5545    32.5531    25.9824    25.9812    7.68447 0.0000e+00
       2124     50.130     2.3910     2.3849   2.916571   2.916556     2.3000     2.8254      8.142     0.1612   481.9896 3.4105e+00    -0.0802   102.0262     8.1419     8.6067    32.5494    32.5555    25.9791    25.9844    7.68671 0.0000e+00
       2127     50.248     2.3951     2.3944   2.917408   2.917499     2.3004     2.8250      8.140     0.1612   480.8842 3.3791e+00    -0.0802   102.0262     8.1335     8.5934    32.5555    32.5573    25.9837    25.9852    7.68560 0.0000e+00
       2130     50.382     2.3847     2.4121   2.915664   2.918752     2.2988     2.8250      8.142     0.1510   481.1211 3.3442e+00    -0.0792   101.9990     8.1200     8.5805    32.5446    32.5546    25.9758    25.9816    7.68820 0.0000e+00
       2133     50.532     2.3420     2.3736   2.912911   2.915547     2.2983     2.8246      8.142     0.1510   481.1211 3.2904e+00    -0.0792   101.9990     8.1205     8.5787    32.5542    32.5544    25.9867    25.9844    7.69607 0.0000e+00
       2136     50.692     2.3511     2.3540   2.914795   2.914793     2.2987     2.8242      8.141     0.1510   481.1211 3.2376e+00    -0.0795   102.0081     8.1149     8.5722    32.5680    32.5650    25.9971    25.9945    7.69357 0.0000e+00
       2139     50.868     2.3599     2.3573   2.915540   2.915191     2.2971     2.8230      8.138     0.1408   481.1211 3.2004e+00    -0.0792   101.9990     8.1034     8.5592    32.5681    32.5664    25.9965    25.9953    7.69184 0.0000e+00
       2142     51.048     2.3639     2.3572   2.915898   2.915133     2.2971     2.8218      8.141     0.1307   481.1211 3.1381e+00    -0.0792   101.9990     8.1001     8.5466    32.5683    32.5658    25.9964    25.9949    7.69104 0.0000e+00
       2145     51.234     2.3705     2.3663   2.916659   2.916108     2.2967     2.8218      8.138     0.1307   442.5501 3.0984e+00    -0.0792   101.9990     8.0941     8.5384    32.5709    32.5684    25.9979    25.9962    7.68962 0.0000e+00
       2148     51.428     2.3961     2.3953   2.919760   2.919255     2.2955     2.8214      8.137     0.1205    26.8358 3.0522e+00    -0.0795   102.0081     8.0801     8.5263    32.5829    32.5774    26.0054    26.0012    7.68400 0.0000e+00
       2151     51.629     2.4395     2.4404   2.924221   2.923643     2.2947     2.8197      8.137     0.1205     7.8463 2.9894e+00    -0.0820   102.0714     8.0685     8.5097    32.5933    32.5853    26.0104    26.0039    7.67497 0.0000e+00
       2154     51.830     2.4752     2.4741   2.927421   2.926775     2.2951     2.8189      8.135     0.1307     9.1097 2.9414e+00    -0.0820   102.0714     8.0666     8.4989    32.5961    32.5892    26.0098    26.0044    7.66787 0.0000e+00
       2157     52.034     2.4885     2.4867   2.928403   2.927887     2.2943     2.8177      8.134     0.1307     9.0702 2.9008e+00    -0.0824   102.0804     8.0613     8.4959    32.5944    32.5900    26.0074    26.0040    7.66535 0.0000e+00
       2160     52.236     2.4829     2.4789   2.927589   2.927139     2.2939     2.8169      8.132     0.1205     9.0307 2.8543e+00    -0.0824   102.0804     8.0670     8.5002    32.5901    32.5886    26.0044    26.0035    7.66667 0.0000e+00
       2163     52.436     2.4634     2.4575   2.925931   2.925376     2.2931     2.8161      8.132     0.1307     9.0307 2.7987e+00    -0.0824   102.0804     8.0728     8.5070    32.5895    32.5886    26.0055    26.0052    7.67050 0.0000e+00
       2166     52.634     2.4494     2.4431   2.924802   2.924273     2.2931     2.8153      8.131     0.1510     9.0702 2.7697e+00    -0.0817   102.0623     8.0803     8.5118    32.5898    32.5898    26.0068    26.0073    7.67322 0.0000e+00
       2169     52.832     2.4369     2.4308   2.923894   2.923295     2.2922     2.8157      8.129     0.1815     9.0702 2.7158e+00    -0.0817   102.0623     8.0854     8.5229    32.5913    32.5901    26.0089    26.0085    7.67558 0.0000e+00
       2172     53.022     2.4378     2.4315   2.924397   2.923629     2.2922     2.8157      8.128     0.1815   146.8915 2.6661e+00    -0.0817   102.0623     8.0900     8.5294    32.5964    32.5934    26.0130    26.0111    7.67514 0.0000e+00
       2175     53.204     2.4414     2.4371   2.924696   2.924188     2.2922     2.8144      8.128     0.1917   482.1870 2.6233e+00    -0.0817   102.0623     8.0927     8.5283    32.5964    32.5945    26.0127    26.0115    7.67445 0.0000e+00
       2178     53.375     2.4228     2.4191   2.922755   2.922551     2.2914     2.8144      8.128     0.1917   481.2000 2.5871e+00    -0.0817   102.0623     8.0951     8.5359    32.5914    32.5927    26.0102    26.0115    7.67834 0.0000e+00
       2181     53.536     2.3933     2.3903   2.920235   2.920200     2.2918     2.8144      8.126     0.1815   481.0816 2.5485e+00    -0.0817   102.0623     8.1069     8.5467    32.5905    32.5930    26.0117    26.0141    7.68416 0.0000e+00
       2184     53.691     2.3588     2.3550   2.917102   2.917193     2.2918     2.8140      8.123     0.1815   481.1211 2.5163e+00    -0.0824   102.0804     8.1156     8.5562    32.5869    32.5919    26.0116    26.0159    7.69108 0.0000e+00
       2187     53.833     2.3116     2.3082   2.912855   2.913151     2.2910     2.8132      8.125     0.1917   481.2000 2.4673e+00    -0.0820   102.0714     8.1252     8.5670    32.5827    32.5899    26.0119    26.0179    7.70055 0.0000e+00
       2190     53.962     2.2622     2.2576   2.908735   2.909005     2.2918     2.8132      8.124     0.1815   481.2000 2.4390e+00    -0.0813   102.0533     8.1413     8.5788    32.5824    32.5905    26.0155    26.0222    7.71029 0.0000e+00
       2193     54.075     2.2210     2.2111   2.905372   2.905198     2.2914     2.8140      8.124     0.2629   481.2000 2.4221e+00    -0.0813   102.0533     8.1495     8.5932    32.5830    32.5910    26.0190    26.0262    7.71837 0.0000e+00
       2196     54.176     2.1850     2.1738   2.902639   2.902081     2.2914     2.8124      8.124     0.2629   481.2000 2.3970e+00    -0.0813   102.0533     8.1569     8.6001    32.5859    32.5906    26.0241    26.0287    7.72532 0.0000e+00
       2199     54.265     2.1663     2.1529   2.901325   2.900469     2.2906     2.8120      8.124     0.2731   213.3742 2.3887e+00    -0.0813   102.0533     8.1576     8.6056    32.5889    32.5920    26.0279    26.0314    7.72887 0.0000e+00
       2202     54.342     2.1485     2.1412   2.899948   2.899537     2.2906     2.8116      8.124     0.2731    -0.0100 2.3777e+00    -0.0813   102.0533     8.1612     8.6078    32.5900    32.5924    26.0302    26.0326    7.73233 0.0000e+00
       2205     54.407     2.1304     2.1275   2.898269   2.898345     2.2898     2.8120      8.124     0.2833     6.6225 2.3558e+00    -0.0813   102.0533     8.1617     8.6144    32.5877    32.5916    26.0297    26.0330    7.73603 0.0000e+00
       2208     54.461     2.1106     2.1083   2.896783   2.896917     2.2898     2.8116      8.124     0.2629     6.3067 2.3477e+00    -0.0806   102.0352     8.1676     8.6195    32.5895    32.5936    26.0326    26.0360    7.73985 0.0000e+00
       2211     54.509     2.0872     2.0931   2.895334   2.896079     2.2902     2.8120      8.126     0.2833     6.3067 2.3395e+00    -0.0714   101.8001     8.1765     8.6237    32.5956    32.5988    26.0392    26.0412    7.74418 0.0000e+00
