Datasets/AZMP/TEL210/tel210_2020_025.cnv
* Sea-Bird SBE 9 Data File:
* FileName = C:\CTDDATA\tel210_2020_025.hex
* Software Version Seasave V 7.26.7.110
* Temperature SN = 1697
* Conductivity SN = 4216
* Number of Bytes Per Scan = 30
* Number of Voltage Words = 4
* Number of Scans Averaged by the Deck Unit = 1
* NMEA baud rate = 4800
** VESSEL/TRIP/SEQ STN:  tel210_2020_025
** LATITUDE XX XX.XX: 47 00.00 N
** LONGITUDE XX XX.XX: 045 30.00 W
** SOUNDING DEPTH (M): 0250
** PROBE TYPE: S1146
** CTD NUMBER: 024
** COMMENTS (14 CHAR): FC-23
** BOTTLES:  10
** LEVELS: 5,10,20,30,40,50,75,100,150,BTM
** STICKERS: 435902 - 435911
** VNET: Y
** DO2: N
# nquan = 22
# nvalues = 5334                        
# units = specified
# name 0 = scan: Scan Count
# name 1 = prDM: Pressure, Digiquartz [db]
# name 2 = t090C: Temperature [ITS-90, deg C]
# name 3 = t190C: Temperature, 2 [ITS-90, deg C]
# name 4 = c0S/m: Conductivity [S/m]
# name 5 = c1S/m: Conductivity, 2 [S/m]
# name 6 = sbeox0V: Oxygen raw, SBE 43 [V]
# name 7 = sbeox1V: Oxygen raw, SBE 43, 2 [V]
# name 8 = ph: pH
# name 9 = flECO-AFL: Fluorescence, WET Labs ECO-AFL/FL [mg/m^3]
# name 10 = wetCDOM: Fluorescence, WET Labs CDOM [mg/m^3]
# name 11 = par/sat/log: PAR/Logarithmic, Satlantic [umol photons/m^2/sec]
# name 12 = CStarAt0: Beam Attenuation, WET Labs C-Star [1/m]
# name 13 = CStarTr0: Beam Transmission, WET Labs C-Star [%]
# name 14 = sbeox0ML/L: Oxygen, SBE 43 [ml/l], WS = 2
# name 15 = sbeox1ML/L: Oxygen, SBE 43, 2 [ml/l], WS = 2
# name 16 = sal00: Salinity, Practical [PSU]
# name 17 = sal11: Salinity, Practical, 2 [PSU]
# name 18 = sigma-t00: Density [sigma-t, kg/m^3 ]
# name 19 = sigma-t11: Density, 2 [sigma-t, kg/m^3 ]
# name 20 = oxsatML/L: Oxygen Saturation, Weiss [ml/l]
# name 21 = flag: flag
# span 0 =         53,      49941       
# span 1 =      0.264,    252.835       
# span 2 =     3.7127,    11.1518       
# span 3 =     3.7076,    11.1451       
# span 4 =   3.188596,   3.752025       
# span 5 =   3.187761,   3.750930       
# span 6 =     1.6471,     2.4326       
# span 7 =     1.9694,     2.9692       
# span 8 =      7.882,      8.212       
# span 9 =    -0.6325,     5.3911       
# span 10 =    -2.8130,   482.1870      
# span 11 = 1.0678e-01, 2.1857e+00      
# span 12 =    -0.1240,     2.0540      
# span 13 =    59.8399,   103.1475      
# span 14 =     5.0081,     7.7160      
# span 15 =     5.2226,     8.0963      
# span 16 =    33.1474,    34.8257      
# span 17 =    33.3224,    34.8244      
# span 18 =    25.3060,    27.6279      
# span 19 =    25.4434,    27.6271      
# span 20 =    6.22680,    7.34089      
# span 21 = 0.0000e+00, 0.0000e+00      
# interval = scans: 3                   
# start_time = Jul 17 2020 22:42:13 [System UTC, header]
# bad_flag = -9.990e-29
*END*
[from data line 461]
       1543     44.464     5.8968     5.8913   3.345527   3.345057     2.3785     2.8901      8.199     5.3708     5.3592 1.0690e-01     0.1458    96.4194     7.5578     7.8235    34.0530    34.0533    26.8172    26.8181    6.98173 0.0000e+00
       1546     44.563     5.8878     5.8823   3.344720   3.344046     2.3773     2.8877      8.199     5.3810     5.3592 1.0703e-01     0.1462    96.4104     7.5531     7.8146    34.0529    34.0509    26.8183    26.8174    6.98323 0.0000e+00
       1549     44.667     5.8756     5.8710   3.343582   3.343099     2.3753     2.8865      8.196     5.3708     5.3592 1.0678e-01     0.1470    96.3923     7.5449     7.8115    34.0524    34.0516    26.8194    26.8193    6.98529 0.0000e+00
       1552     44.777     5.8638     5.8621   3.342423   3.342271     2.3749     2.8849      8.197     5.3911     5.3592 1.0703e-01     0.1515    96.2838     7.5452     7.8097    34.0510    34.0511    26.8198    26.8201    6.98730 0.0000e+00
       1555     44.896     5.8449     5.8455   3.340279   3.340413     2.3740     2.8824      8.195     5.3708     5.3592 1.0678e-01     0.1507    96.3019     7.5417     7.8067    34.0458    34.0468    26.8180    26.8187    6.99069 0.0000e+00
       1558     45.020     5.8077     5.8117   3.336191   3.336841     2.3728     2.8796      8.197     5.2894     5.3592 1.0703e-01     0.1507    96.3019     7.5420     7.8063    34.0370    34.0404    26.8157    26.8178    6.99728 0.0000e+00
       1561     45.147     5.7327     5.7461   3.327987   3.329812     2.3708     2.8771      8.195     4.8926     5.3592 1.0690e-01     0.1511    96.2928     7.5476     7.8154    34.0197    34.0268    26.8112    26.8152    7.01058 0.0000e+00
       1564     45.276     5.6194     5.6258   3.317391   3.318333     2.3696     2.8759      8.195     4.9027   272.6717 1.0690e-01     0.1507    96.3019     7.5627     7.8383    34.0137    34.0179    26.8203    26.8229    7.02983 0.0000e+00
       1567     45.412     5.5595     5.5565   3.313357   3.313362     2.3696     2.8743      8.196     4.8926   481.7527 1.0690e-01     0.1507    96.3019     7.5731     7.8491    34.0283    34.0315    26.8391    26.8420    7.03922 0.0000e+00
       1570     45.555     5.5390     5.5332   3.312129   3.311735     2.3680     2.8718      8.196     4.8824   481.0026 1.0678e-01     0.1448    96.4465     7.5690     7.8466    34.0350    34.0364    26.8469    26.8487    7.04237 0.0000e+00
       1573     45.699     5.5238     5.5178   3.311284   3.310690     2.3667     2.8702      8.194     4.9027   481.3579 1.0703e-01     0.1368    96.6364     7.5641     7.8485    34.0408    34.0400    26.8533    26.8534    7.04466 0.0000e+00
       1576     45.844     5.5177     5.5120   3.310933   3.310310     2.3647     2.8694      8.194     4.8926   481.3579 1.0690e-01     0.1372    96.6274     7.5534     7.8521    34.0428    34.0415    26.8557    26.8553    7.04560 0.0000e+00
       1579     45.987     5.5131     5.5092   3.310302   3.310022     2.3643     2.8678      8.191     4.9027   481.3579 1.0703e-01     0.1372    96.6274     7.5529     7.8515    34.0402    34.0410    26.8541    26.8553    7.04648 0.0000e+00
       1582     46.133     5.5038     5.4968   3.309241   3.308505     2.3631     2.8661      8.191     4.8926   481.3579 1.0678e-01     0.1372    96.6274     7.5493     7.8511    34.0375    34.0361    26.8531    26.8529    7.04818 0.0000e+00
       1585     46.281     5.4751     5.4707   3.305911   3.305646     2.3610     2.8649      8.191     4.9536   481.3579 1.0678e-01     0.1372    96.6274     7.5455     7.8533    34.0284    34.0300    26.8494    26.8511    7.05344 0.0000e+00
       1588     46.426     5.4378     5.4345   3.302346   3.302180     2.3602     2.8625      8.192     5.0655   480.5289 1.0690e-01     0.1372    96.6274     7.5480     7.8515    34.0255    34.0270    26.8515    26.8531    7.05989 0.0000e+00
       1591     46.573     5.4147     5.4066   3.300391   3.299657     2.3590     2.8604      8.192     5.0655    80.1719 1.0703e-01     0.1365    96.6455     7.5460     7.8507    34.0266    34.0263    26.8551    26.8559    7.06375 0.0000e+00
       1594     46.719     5.4012     5.3937   3.299345   3.298654     2.3569     2.8588      8.190     5.0553     1.6481 1.0678e-01     0.1361    96.6545     7.5387     7.8484    34.0282    34.0279    26.8580    26.8587    7.06596 0.0000e+00
       1597     46.865     5.3910     5.3802   3.298263   3.297117     2.3553     2.8592      8.190     5.0553     5.3197 1.0690e-01     0.1361    96.6545     7.5334     7.8516    34.0261    34.0239    26.8575    26.8571    7.06778 0.0000e+00
       1600     47.008     5.3779     5.3679   3.297043   3.296102     2.3545     2.8564      8.190     5.0452     5.1223 1.0690e-01     0.1361    96.6545     7.5344     7.8435    34.0254    34.0248    26.8585    26.8592    7.07004 0.0000e+00
       1603     47.147     5.3693     5.3615   3.296084   3.295345     2.3541     2.8551      8.189     5.0452     5.1223 1.0703e-01     0.1361    96.6545     7.5369     7.8430    34.0230    34.0225    26.8577    26.8582    7.07160 0.0000e+00
       1606     47.284     5.3544     5.3483   3.294588   3.294007     2.3517     2.8527      8.189     5.0553     5.1223 1.0703e-01     0.1361    96.6545     7.5320     7.8391    34.0210    34.0205    26.8578    26.8582    7.07423 0.0000e+00
       1609     47.418     5.3428     5.3358   3.293522   3.292923     2.3504     2.8515      8.187     5.0452     5.1223 1.0678e-01     0.1354    96.6726     7.5301     7.8421    34.0205    34.0208    26.8588    26.8599    7.07622 0.0000e+00
       1612     47.547     5.3361     5.3303   3.293233   3.292458     2.3496     2.8490      8.187     4.8417     5.1223 1.0690e-01     0.1287    96.8354     7.5298     7.8385    34.0239    34.0209    26.8623    26.8606    7.07720 0.0000e+00
       1615     47.675     5.3348     5.3292   3.293268   3.292590     2.3472     2.8486      8.187     4.7908     4.3722 1.0703e-01     0.1287    96.8354     7.5236     7.8405    34.0255    34.0235    26.8638    26.8628    7.07734 0.0000e+00
       1618     47.800     5.3320     5.3271   3.293078   3.292476     2.3460     2.8470      8.187     4.7705    -0.0889 1.0690e-01     0.1283    96.8444     7.5242     7.8381    34.0262    34.0242    26.8647    26.8637    7.07780 0.0000e+00
       1621     47.918     5.3299     5.3244   3.292963   3.292276     2.3452     2.8446      8.187     4.7603    -0.0889 1.0690e-01     0.1283    96.8444     7.5261     7.8368    34.0269    34.0247    26.8655    26.8643    7.07812 0.0000e+00
       1624     48.030     5.3279     5.3214   3.292925   3.292165     2.3452     2.8437      8.187     4.7705    -0.0889 1.0715e-01     0.1283    96.8444     7.5294     7.8437    34.0285    34.0264    26.8669    26.8660    7.07838 0.0000e+00
       1627     48.136     5.3293     5.3218   3.293376   3.292415     2.3435     2.8429      8.187     4.7806    -0.0889 1.0703e-01     0.1283    96.8444     7.5265     7.8478    34.0321    34.0287    26.8696    26.8678    7.07797 0.0000e+00
       1630     48.235     5.3318     5.3255   3.293630   3.292936     2.3415     2.8413      8.187     4.7908    -0.0889 1.0690e-01     0.1287    96.8354     7.5224     7.8480    34.0325    34.0309    26.8697    26.8691    7.07754 0.0000e+00
       1633     48.325     5.3288     5.3247   3.293360   3.292874     2.3407     2.8409      8.185     4.7806    -0.0889 1.0703e-01     0.1271    96.8716     7.5216     7.8526    34.0324    34.0310    26.8699    26.8693    7.07805 0.0000e+00
       1636     48.408     5.3236     5.3185   3.292851   3.292185     2.3398     2.8392      8.183     4.7705    -0.0889 1.0678e-01     0.1275    96.8625     7.5221     7.8540    34.0319    34.0294    26.8701    26.8687    7.07896 0.0000e+00
       1639     48.485     5.3188     5.3126   3.292425   3.291712     2.3390     2.8388      8.184     4.7297    -0.0889 1.0690e-01     0.1275    96.8625     7.5230     7.8580    34.0318    34.0299    26.8706    26.8698    7.07978 0.0000e+00
       1642     48.555     5.3146     5.3090   3.292194   3.291442     2.3390     2.8376      8.183     4.7297     4.9249 1.0703e-01     0.1279    96.8535     7.5247     7.8583    34.0333    34.0304    26.8723    26.8706    7.08042 0.0000e+00
       1645     48.617     5.3132     5.3059   3.291832   3.291070     2.3382     2.8376      8.183     4.7094    12.8602 1.0703e-01     0.1271    96.8716     7.5233     7.8615    34.0306    34.0293    26.8703    26.8702    7.08078 0.0000e+00
       1648     48.674     5.3079     5.2993   3.291415   3.290407     2.3362     2.8376      8.183     4.7195    12.5049 1.0703e-01     0.1279    96.8535     7.5162     7.8622    34.0311    34.0283    26.8714    26.8702    7.08165 0.0000e+00
       1651     48.727     5.3047     5.2961   3.291198   3.290198     2.3358     2.8356      8.183     4.7094    12.5049 1.0715e-01     0.1264    96.8896     7.5168     7.8551    34.0319    34.0292    26.8724    26.8712    7.08217 0.0000e+00
       1654     48.776     5.3006     5.2934   3.290937   3.289987     2.3346     2.8352      8.183     4.7195    12.5443 1.0703e-01     0.1256    96.9077     7.5112     7.8515    34.0330    34.0295    26.8737    26.8718    7.08281 0.0000e+00
       1657     48.821     5.3020     5.2942   3.291300   3.290109     2.3333     2.8344      8.183     4.7094    12.5443 1.0703e-01     0.1249    96.9258     7.5034     7.8469    34.0357    34.0300    26.8757    26.8721    7.08244 0.0000e+00
       1660     48.866     5.3108     5.2950   3.292410   3.290296     2.3325     2.8340      8.181     4.7195    12.5049 1.0703e-01     0.1249    96.9258     7.4951     7.8415    34.0395    34.0314    26.8777    26.8731    7.08078 0.0000e+00
       1663     48.907     5.3144     5.2963   3.292791   3.290441     2.3321     2.8327      8.183     4.7704    12.5049 1.0703e-01     0.1249    96.9258     7.4909     7.8292    34.0402    34.0317    26.8778    26.8732    7.08013 0.0000e+00
       1666     48.951     5.3146     5.2995   3.292750   3.291034     2.3317     2.8315      8.183     4.9434    12.5443 1.0690e-01     0.1249    96.9258     7.4868     7.8159    34.0395    34.0352    26.8772    26.8756    7.08013 0.0000e+00
       1669     48.991     5.3123     5.3045   3.292343   3.291584     2.3301     2.8307      8.180     4.9231    12.7023 1.0715e-01     0.1253    96.9168     7.4795     7.8044    34.0372    34.0364    26.8757    26.8760    7.08063 0.0000e+00
       1672     49.035     5.3126     5.3096   3.292475   3.292384     2.3289     2.8291      8.180     4.9434    12.7812 1.0690e-01     0.1234    96.9620     7.4717     7.7914    34.0383    34.0404    26.8765    26.8785    7.08053 0.0000e+00
       1675     49.083     5.3182     5.3147   3.293567   3.293027     2.3272     2.8279      8.181     4.9129    12.7812 1.0703e-01     0.1223    96.9891     7.4588     7.7795    34.0452    34.0425    26.8813    26.8796    7.07926 0.0000e+00
       1678     49.135     5.3301     5.3199   3.295450   3.293918     2.3268     2.8266      8.178     4.9231    12.8207 1.0690e-01     0.1227    96.9801     7.4514     7.7653    34.0546    34.0474    26.8874    26.8828    7.07680 0.0000e+00
       1681     49.192     5.3458     5.3406   3.297584   3.296700     2.3256     2.8262      8.178     4.9129    12.7418 1.0703e-01     0.1227    96.9801     7.4385     7.7531    34.0630    34.0582    26.8922    26.8889    7.07373 0.0000e+00
       1684     49.256     5.3670     5.3611   3.299997   3.298945     2.3240     2.8234      8.178     4.9332    12.7812 1.0703e-01     0.1227    96.9801     7.4254     7.7341    34.0691    34.0631    26.8944    26.8904    7.06985 0.0000e+00
       1687     49.327     5.3855     5.3753   3.302325   3.300418     2.3236     2.8209      8.177     4.9231    12.7812 1.0703e-01     0.1227    96.9801     7.4172     7.7176    34.0770    34.0655    26.8985    26.8906    7.06636 0.0000e+00
       1690     49.405     5.4059     5.3973   3.304651   3.303430     2.3219     2.8193      8.177     5.0553    12.7812 1.0678e-01     0.1227    96.9801     7.4024     7.6998    34.0828    34.0775    26.9007    26.8975    7.06264 0.0000e+00
       1693     49.490     5.4196     5.4264   3.306425   3.307155     2.3207     2.8177      8.177     5.1876    12.7812 1.0678e-01     0.1204    97.0343     7.3926     7.6825    34.0891    34.0905    26.9040    26.9043    7.06002 0.0000e+00
       1696     49.586     5.4493     5.4526   3.310307   3.310233     2.3187     2.8165      8.177     5.1876    12.1891 1.0690e-01     0.1204    97.0343     7.3766     7.6687    34.1032    34.0990    26.9116    26.9079    7.05434 0.0000e+00
       1699     49.687     5.4618     5.4608   3.311340   3.310930     2.3175     2.8136      8.175     5.2079    12.2285 1.0703e-01     0.1204    97.0343     7.3674     7.6528    34.1023    34.0986    26.9094    26.9066    7.05228 0.0000e+00
       1702     49.798     5.4596     5.4575   3.311111   3.310654     2.3158     2.8120      8.172     5.1978    12.2285 1.0690e-01     0.1204    97.0343     7.3577     7.6450    34.1018    34.0987    26.9093    26.9071    7.05266 0.0000e+00
       1705     49.919     5.4536     5.4514   3.310636   3.310173     2.3154     2.8108      8.172     5.1978    12.1890 1.0703e-01     0.1204    97.0343     7.3585     7.6404    34.1024    34.0994    26.9105    26.9084    7.05365 0.0000e+00
       1708     50.045     5.4469     5.4441   3.310195   3.309695     2.3146     2.8083      8.172     5.1876    12.2285 1.0690e-01     0.1204    97.0343     7.3566     7.6320    34.1041    34.1013    26.9127    26.9108    7.05471 0.0000e+00
       1711     50.181     5.4406     5.4379   3.309651   3.309201     2.3126     2.8059      8.168     5.1978    12.1890 1.0703e-01     0.1189    97.0705     7.3496     7.6230    34.1043    34.1018    26.9136    26.9119    7.05577 0.0000e+00
       1714     50.326     5.4347     5.4315   3.309207   3.308717     2.3101     2.8030      8.168     5.1978    12.2285 1.0703e-01     0.1159    97.1429     7.3415     7.6107    34.1051    34.1027    26.9149    26.9134    7.05673 0.0000e+00
       1717     50.473     5.4323     5.4278   3.309084   3.308501     2.3093     2.8014      8.168     4.9027    12.2285 1.0703e-01     0.1159    97.1429     7.3390     7.6047    34.1060    34.1039    26.9159    26.9148    7.05708 0.0000e+00
       1720     50.622     5.4297     5.4258   3.308876   3.308346     2.3077     2.7993      8.168     4.8315    12.6628 1.0690e-01     0.1159    97.1429     7.3331     7.5973    34.1063    34.1042    26.9164    26.9152    7.05752 0.0000e+00
       1723     50.772     5.4259     5.4219   3.308644   3.308081     2.3069     2.7973      8.168     4.8518    14.4393 1.0690e-01     0.1159    97.1429     7.3306     7.5910    34.1074    34.1050    26.9177    26.9164    7.05810 0.0000e+00
       1726     50.927     5.4233     5.4187   3.308490   3.307877     2.3052     2.7957      8.166     4.8518    14.3604 1.0703e-01     0.1159    97.1429     7.3251     7.5851    34.1082    34.1059    26.9187    26.9174    7.05851 0.0000e+00
       1729     51.079     5.4198     5.4155   3.308259   3.307622     2.3052     2.7928      8.165     4.8416    14.3604 1.0703e-01     0.1159    97.1429     7.3263     7.5778    34.1090    34.1061    26.9198    26.9180    7.05907 0.0000e+00
       1732     51.232     5.4173     5.4127   3.308168   3.307496     2.3028     2.7904      8.163     4.8213    14.3604 1.0703e-01     0.1141    97.1881     7.3206     7.5735    34.1105    34.1074    26.9213    26.9193    7.05942 0.0000e+00
       1735     51.382     5.4160     5.4116   3.308177   3.307490     2.3012     2.7888      8.163     4.8416    14.3604 1.0703e-01     0.1126    97.2243     7.3155     7.5711    34.1117    34.1084    26.9224    26.9203    7.05957 0.0000e+00
