Datasets/AZMP/TEL210/tel210_2020_017.cnv
* Sea-Bird SBE 9 Data File:
* FileName = C:\CTDDATA\tel210_2020_017.hex
* Software Version Seasave V 7.26.7.110
* Temperature SN = 1697
* Conductivity SN = 4216
* Number of Bytes Per Scan = 30
* Number of Voltage Words = 4
* Number of Scans Averaged by the Deck Unit = 1
* NMEA baud rate = 4800
** VESSEL/TRIP/SEQ STN:  tel210_2020_017
** LATITUDE XX XX.XX: 47 00.00 N
** LONGITUDE XX XX.XX: 047 15.00 W
** SOUNDING DEPTH (M): 0547
** PROBE TYPE: S1146
** CTD NUMBER: 016
** COMMENTS (14 CHAR): FC-15
** BOTTLES:  11
** LEVELS: 5,10,20,30,40,50,75,100,150,250,btm
** STICKERS: 435848 - 435858
** VNET: y
** DO2: n
# nquan = 22
# nvalues = 11006                       
# units = specified
# name 0 = scan: Scan Count
# name 1 = prDM: Pressure, Digiquartz [db]
# name 2 = t090C: Temperature [ITS-90, deg C]
# name 3 = t190C: Temperature, 2 [ITS-90, deg C]
# name 4 = c0S/m: Conductivity [S/m]
# name 5 = c1S/m: Conductivity, 2 [S/m]
# name 6 = sbeox0V: Oxygen raw, SBE 43 [V]
# name 7 = sbeox1V: Oxygen raw, SBE 43, 2 [V]
# name 8 = ph: pH
# name 9 = flECO-AFL: Fluorescence, WET Labs ECO-AFL/FL [mg/m^3]
# name 10 = wetCDOM: Fluorescence, WET Labs CDOM [mg/m^3]
# name 11 = par/sat/log: PAR/Logarithmic, Satlantic [umol photons/m^2/sec]
# name 12 = CStarAt0: Beam Attenuation, WET Labs C-Star [1/m]
# name 13 = CStarTr0: Beam Transmission, WET Labs C-Star [%]
# name 14 = sbeox0ML/L: Oxygen, SBE 43 [ml/l], WS = 2
# name 15 = sbeox1ML/L: Oxygen, SBE 43, 2 [ml/l], WS = 2
# name 16 = sal00: Salinity, Practical [PSU]
# name 17 = sal11: Salinity, Practical, 2 [PSU]
# name 18 = sigma-t00: Density [sigma-t, kg/m^3 ]
# name 19 = sigma-t11: Density, 2 [sigma-t, kg/m^3 ]
# name 20 = oxsatML/L: Oxygen Saturation, Weiss [ml/l]
# name 21 = flag: flag
# span 0 =         74,      73481       
# span 1 =      0.423,    544.525       
# span 2 =    -1.1197,    10.8825       
# span 3 =    -1.1270,    10.6318       
# span 4 =   0.949744,   3.569208       
# span 5 =   1.713632,   3.568606       
# span 6 =     1.8838,     2.5406       
# span 7 =     2.3176,     3.1274       
# span 8 =      7.914,      8.222       
# span 9 =    -0.6529,     2.8575       
# span 10 =    -2.8130,   482.1870      
# span 11 = 1.0531e-01, 1.0854e+00      
# span 12 =    -0.1561,     2.7115      
# span 13 =    50.7696,   103.9795      
# span 14 =     5.7924,     9.0639      
# span 15 =     5.7803,     9.6405      
# span 16 =     7.4999,    34.7843      
# span 17 =    14.3088,    34.7832      
# span 18 =     5.4577,    27.6810      
# span 19 =    10.7700,    27.6804      
# span 20 =    6.35084,    8.40332      
# span 21 = 0.0000e+00, 0.0000e+00      
# interval = scans: 3                   
# start_time = Jul 17 2020 01:12:16 [System UTC, header]
# bad_flag = -9.990e-29
*END*
[from data line 2305]
       7340    236.106     3.0704     3.0654   3.149497   3.149041     1.9321     2.3399      7.927    -0.5613     5.2407 1.0715e-01    -0.1166   102.9576     6.4397     6.7524    34.5894    34.5892    27.5509    27.5512    7.45346 0.0000e+00
       7343    236.270     3.0699     3.0648   3.149455   3.149012     1.9317     2.3395      7.929    -0.5511     5.2407 1.0715e-01    -0.1162   102.9486     6.4409     6.7535    34.5894    34.5895    27.5509    27.5515    7.45356 0.0000e+00
       7346    236.439     3.0694     3.0641   3.149454   3.149001     1.9321     2.3399      7.927    -0.5613     5.7540 1.0715e-01    -0.1162   102.9486     6.4429     6.7580    34.5898    34.5900    27.5513    27.5519    7.45363 0.0000e+00
       7349    236.616     3.0694     3.0644   3.149519   3.149051     1.9321     2.3395      7.929    -0.5511     6.4251 1.0715e-01    -0.1166   102.9576     6.4412     6.7553    34.5905    34.5902    27.5519    27.5520    7.45360 0.0000e+00
       7352    236.796     3.0702     3.0650   3.149658   3.149177     1.9317     2.3399      7.927    -0.5613     6.4251 1.0715e-01    -0.1162   102.9486     6.4431     6.7574    34.5913    34.5909    27.5524    27.5525    7.45341 0.0000e+00
       7355    236.979     3.0721     3.0670   3.149919   3.149431     1.9321     2.3399      7.927    -0.5511     6.4251 1.0715e-01    -0.1162   102.9486     6.4490     6.7621    34.5923    34.5918    27.5530    27.5531    7.45300 0.0000e+00
       7358    237.158     3.0732     3.0681   3.150063   3.149570     1.9309     2.3387      7.929    -0.5511     6.4251 1.0715e-01    -0.1162   102.9486     6.4463     6.7598    34.5927    34.5923    27.5532    27.5533    7.45276 0.0000e+00
       7361    237.339     3.0741     3.0691   3.150162   3.149692     1.9305     2.3391      7.926    -0.5613     6.4251 1.0715e-01    -0.1162   102.9486     6.4432     6.7607    34.5929    34.5926    27.5533    27.5535    7.45259 0.0000e+00
       7364    237.519     3.0746     3.0697   3.150219   3.149755     1.9309     2.3383      7.927    -0.5816     6.4251 1.0715e-01    -0.1152   102.9214     6.4427     6.7560    34.5930    34.5926    27.5533    27.5535    7.45250 0.0000e+00
       7367    237.692     3.0749     3.0698   3.150242   3.149802     1.9313     2.3404      7.926    -0.5816     6.4251 1.0715e-01    -0.1152   102.9214     6.4449     6.7637    34.5929    34.5930    27.5531    27.5537    7.45245 0.0000e+00
       7370    237.864     3.0750     3.0701   3.150275   3.149821     1.9309     2.3387      7.926    -0.5816     6.4251 1.0715e-01    -0.1152   102.9214     6.4446     6.7563    34.5931    34.5928    27.5533    27.5536    7.45243 0.0000e+00
       7373    238.031     3.0752     3.0700   3.150318   3.149838     1.9309     2.3387      7.927    -0.5816     0.5032 1.0715e-01    -0.1152   102.9214     6.4463     6.7549    34.5933    34.5929    27.5535    27.5537    7.45237 0.0000e+00
       7376    238.187     3.0755     3.0704   3.150336   3.149887     1.9313     2.3387      7.927    -0.5816    -1.9050 1.0715e-01    -0.1152   102.9214     6.4484     6.7552    34.5930    34.5931    27.5533    27.5538    7.45232 0.0000e+00
       7379    238.334     3.0756     3.0707   3.150346   3.149911     1.9313     2.3395      7.927    -0.5714    -1.7866 1.0715e-01    -0.1152   102.9214     6.4495     6.7595    34.5930    34.5929    27.5533    27.5536    7.45232 0.0000e+00
       7382    238.473     3.0759     3.0707   3.150389   3.149944     1.9309     2.3387      7.924    -0.5714    -1.7471 1.0715e-01    -0.1152   102.9214     6.4517     6.7564    34.5932    34.5932    27.5533    27.5539    7.45225 0.0000e+00
       7385    238.602     3.0758     3.0707   3.150421   3.149972     1.9301     2.3375      7.924    -0.5714    -1.7471 1.0715e-01    -0.1155   102.9305     6.4487     6.7499    34.5936    34.5935    27.5537    27.5541    7.45225 0.0000e+00
       7388    238.723     3.0760     3.0709   3.150428   3.149983     1.9301     2.3375      7.924    -0.6019    -1.7866 1.0715e-01    -0.1152   102.9214     6.4449     6.7473    34.5934    34.5934    27.5535    27.5540    7.45222 0.0000e+00
       7391    238.833     3.0762     3.0711   3.150472   3.149989     1.9309     2.3383      7.926    -0.6223    -1.7866 1.0715e-01    -0.1162   102.9486     6.4492     6.7500    34.5936    34.5932    27.5537    27.5538    7.45217 0.0000e+00
       7394    238.935     3.0762     3.0711   3.150475   3.150029     1.9305     2.3371      7.929    -0.6121    -1.7471 1.0715e-01    -0.1162   102.9486     6.4489     6.7480    34.5936    34.5936    27.5536    27.5541    7.45217 0.0000e+00
       7397    239.031     3.0763     3.0711   3.150463   3.150027     1.9305     2.3375      7.927    -0.6223    24.3486 1.0715e-01    -0.1155   102.9305     6.4501     6.7493    34.5933    34.5935    27.5534    27.5541    7.45217 0.0000e+00
       7400    239.120     3.0765     3.0713   3.150518   3.150049     1.9297     2.3375      7.924    -0.6121   446.6559 1.0715e-01    -0.1162   102.9486     6.4479     6.7494    34.5937    34.5936    27.5537    27.5541    7.45210 0.0000e+00
       7403    239.199     3.0767     3.0716   3.150530   3.150075     1.9305     2.3375      7.926    -0.6121   481.4369 1.0715e-01    -0.1155   102.9305     6.4533     6.7544    34.5936    34.5934    27.5535    27.5540    7.45207 0.0000e+00
       7406    239.273     3.0769     3.0718   3.150554   3.150102     1.9317     2.3371      7.926    -0.6121   481.1605 1.0715e-01    -0.1162   102.9486     6.4597     6.7569    34.5936    34.5936    27.5536    27.5541    7.45204 0.0000e+00
       7409    239.338     3.0772     3.0719   3.150579   3.150091     1.9301     2.3363      7.927    -0.6121   481.2790 1.0715e-01    -0.1162   102.9486     6.4524     6.7549    34.5936    34.5933    27.5535    27.5539    7.45199 0.0000e+00
       7412    239.398     3.0773     3.0721   3.150589   3.150088     1.9297     2.3367      7.926    -0.6121   481.3184 1.0715e-01    -0.1162   102.9486     6.4499     6.7566    34.5935    34.5930    27.5535    27.5536    7.45196 0.0000e+00
       7415    239.453     3.0776     3.0724   3.150597   3.150122     1.9301     2.3367      7.926    -0.5816   481.3579 1.0715e-01    -0.1162   102.9486     6.4510     6.7574    34.5933    34.5931    27.5533    27.5536    7.45193 0.0000e+00
       7418    239.506     3.0778     3.0724   3.150619   3.150126     1.9309     2.3367      7.926    -0.5918   481.2790 1.0715e-01    -0.1162   102.9486     6.4545     6.7584    34.5933    34.5931    27.5533    27.5535    7.45188 0.0000e+00
       7421    239.560     3.0780     3.0727   3.150625   3.150135     1.9309     2.3363      7.926    -0.5714   481.3184 1.0715e-01    -0.1159   102.9395     6.4557     6.7554    34.5932    34.5928    27.5531    27.5534    7.45186 0.0000e+00
       7424    239.611     3.0778     3.0727   3.150628   3.150156     1.9305     2.3367      7.926    -0.5918   356.1304 1.0715e-01    -0.1169   102.9667     6.4543     6.7565    34.5933    34.5931    27.5533    27.5536    7.45188 0.0000e+00
       7427    239.661     3.0780     3.0728   3.150632   3.150164     1.9301     2.3379      7.927    -0.5816    -2.8130 1.0715e-01    -0.1173   102.9757     6.4510     6.7606    34.5932    34.5931    27.5532    27.5535    7.45186 0.0000e+00
       7430    239.709     3.0783     3.0731   3.150670   3.150177     1.9301     2.3363      7.927    -0.5816    -0.9970 1.0715e-01    -0.1173   102.9757     6.4527     6.7551    34.5933    34.5929    27.5532    27.5534    7.45180 0.0000e+00
       7433    239.757     3.0784     3.0730   3.150686   3.150202     1.9297     2.3367      7.926    -0.5918     0.1874 1.0715e-01    -0.1173   102.9757     6.4541     6.7568    34.5933    34.5932    27.5532    27.5536    7.45177 0.0000e+00
       7436    239.806     3.0792     3.0730   3.150759   3.150208     1.9309     2.3367      7.926    -0.5918     0.1479 1.0715e-01    -0.1173   102.9757     6.4579     6.7549    34.5933    34.5933    27.5532    27.5537    7.45162 0.0000e+00
       7439    239.854     3.0796     3.0738   3.150820   3.150267     1.9301     2.3367      7.927    -0.5918     0.1479 1.0715e-01    -0.1173   102.9757     6.4516     6.7545    34.5937    34.5932    27.5534    27.5535    7.45153 0.0000e+00
       7442    239.905     3.0801     3.0744   3.150862   3.150337     1.9301     2.3359      7.927    -0.6019     0.1479 1.0715e-01    -0.1169   102.9667     6.4501     6.7488    34.5936    34.5933    27.5533    27.5536    7.45144 0.0000e+00
       7445    239.961     3.0809     3.0752   3.150988   3.150449     1.9309     2.3359      7.927    -0.5816     0.1479 1.0715e-01    -0.1169   102.9667     6.4550     6.7480    34.5942    34.5938    27.5537    27.5539    7.45126 0.0000e+00
       7448    240.021     3.0819     3.0762   3.151099   3.150573     1.9301     2.3351      7.927    -0.5918     0.1479 1.0715e-01    -0.1169   102.9667     6.4529     6.7422    34.5944    34.5942    27.5538    27.5542    7.45106 0.0000e+00
       7451    240.085     3.0833     3.0777   3.151214   3.150714     1.9305     2.3359      7.927    -0.5816     1.2928 1.0715e-01    -0.1166   102.9576     6.4529     6.7456    34.5943    34.5943    27.5536    27.5540    7.45081 0.0000e+00
       7454    240.156     3.0843     3.0792   3.151366   3.150873     1.9305     2.3359      7.926    -0.5918     2.3193 1.0715e-01    -0.1173   102.9757     6.4502     6.7469    34.5951    34.5946    27.5541    27.5542    7.45059 0.0000e+00
       7457    240.232     3.0850     3.0800   3.151437   3.150986     1.9305     2.3359      7.927    -0.5816     2.2798 1.0715e-01    -0.1169   102.9667     6.4482     6.7460    34.5952    34.5950    27.5541    27.5544    7.45045 0.0000e+00
       7460    240.313     3.0855     3.0801   3.151492   3.151026     1.9305     2.3355      7.927    -0.6019     2.2798 1.0715e-01    -0.1169   102.9667     6.4471     6.7462    34.5952    34.5953    27.5541    27.5547    7.45035 0.0000e+00
       7463    240.396     3.0864     3.0810   3.151544   3.151126     1.9293     2.3355      7.927    -0.5918     2.2798 1.0715e-01    -0.1162   102.9486     6.4435     6.7480    34.5949    34.5956    27.5538    27.5548    7.45021 0.0000e+00
       7466    240.486     3.0867     3.0816   3.151645   3.151178     1.9301     2.3347      7.926    -0.5816     2.2798 1.0715e-01    -0.1162   102.9486     6.4472     6.7467    34.5957    34.5956    27.5544    27.5547    7.45011 0.0000e+00
       7469    240.584     3.0872     3.0819   3.151704   3.151260     1.9305     2.3351      7.926    -0.5918     2.2798 1.0715e-01    -0.1162   102.9486     6.4506     6.7506    34.5958    34.5961    27.5544    27.5552    7.45000 0.0000e+00
       7472    240.691     3.0877     3.0824   3.151771   3.151322     1.9301     2.3347      7.927    -0.6019     2.2798 1.0715e-01    -0.1162   102.9486     6.4498     6.7503    34.5961    34.5963    27.5546    27.5552    7.44991 0.0000e+00
       7475    240.801     3.0878     3.0829   3.151809   3.151369     1.9297     2.3347      7.926    -0.5714     2.2798 1.0715e-01    -0.1162   102.9486     6.4470     6.7496    34.5963    34.5963    27.5548    27.5552    7.44986 0.0000e+00
       7478    240.917     3.0883     3.0833   3.151872   3.151432     1.9293     2.3347      7.926    -0.5918     7.1357 1.0715e-01    -0.1162   102.9486     6.4446     6.7497    34.5966    34.5966    27.5549    27.5554    7.44977 0.0000e+00
       7481    241.040     3.0891     3.0840   3.151947   3.151480     1.9297     2.3347      7.927    -0.5816     8.1227 1.0715e-01    -0.1162   102.9486     6.4471     6.7512    34.5965    34.5964    27.5548    27.5551    7.44962 0.0000e+00
       7484    241.164     3.0894     3.0844   3.151986   3.151533     1.9297     2.3347      7.924    -0.5918     8.0832 1.0715e-01    -0.1169   102.9667     6.4493     6.7531    34.5966    34.5965    27.5548    27.5552    7.44956 0.0000e+00
       7487    241.292     3.0898     3.0848   3.152064   3.151610     1.9305     2.3351      7.926    -0.5816     8.0832 1.0715e-01    -0.1173   102.9757     6.4518     6.7548    34.5971    34.5969    27.5552    27.5555    7.44947 0.0000e+00
       7490    241.423     3.0907     3.0859   3.152143   3.151710     1.9305     2.3347      7.927    -0.5816     8.0832 1.0715e-01    -0.1173   102.9757     6.4497     6.7528    34.5970    34.5969    27.5551    27.5554    7.44930 0.0000e+00
       7493    241.556     3.0912     3.0866   3.152220   3.151790     1.9305     2.3359      7.927    -0.5918     8.0832 1.0715e-01    -0.1173   102.9757     6.4483     6.7577    34.5973    34.5970    27.5552    27.5554    7.44919 0.0000e+00
       7496    241.692     3.0921     3.0877   3.152340   3.151933     1.9297     2.3347      7.926    -0.5918     8.0832 1.0715e-01    -0.1176   102.9847     6.4452     6.7534    34.5978    34.5975    27.5555    27.5557    7.44900 0.0000e+00
       7499    241.830     3.0934     3.0889   3.152475   3.152030     1.9293     2.3347      7.927    -0.5816     8.0832 1.0715e-01    -0.1173   102.9757     6.4423     6.7522    34.5979    34.5973    27.5554    27.5555    7.44874 0.0000e+00
       7502    241.968     3.0942     3.0893   3.152538   3.152064     1.9293     2.3343      7.926    -0.5918     6.8199 1.0715e-01    -0.1173   102.9757     6.4418     6.7508    34.5977    34.5973    27.5553    27.5554    7.44860 0.0000e+00
       7505    242.105     3.0945     3.0897   3.152557   3.152121     1.9301     2.3347      7.926    -0.5816    -1.5892 1.0715e-01    -0.1173   102.9757     6.4445     6.7514    34.5976    34.5974    27.5551    27.5555    7.44856 0.0000e+00
       7508    242.236     3.0946     3.0895   3.152566   3.152095     1.9297     2.3347      7.927    -0.5816    -1.6681 1.0727e-01    -0.1176   102.9847     6.4434     6.7486    34.5976    34.5972    27.5551    27.5553    7.44855 0.0000e+00
       7511    242.367     3.0944     3.0894   3.152571   3.152096     1.9293     2.3343      7.927    -0.5714    -1.6286 1.0715e-01    -0.1173   102.9757     6.4414     6.7440    34.5978    34.5973    27.5553    27.5554    7.44858 0.0000e+00
       7514    242.494     3.0939     3.0892   3.152544   3.152092     1.9293     2.3343      7.929    -0.5816    -1.6286 1.0715e-01    -0.1173   102.9757     6.4434     6.7414    34.5979    34.5974    27.5554    27.5555    7.44866 0.0000e+00
       7517    242.616     3.0938     3.0888   3.152529   3.152061     1.9289     2.3347      7.927    -0.5918    -1.6286 1.0715e-01    -0.1173   102.9757     6.4434     6.7444    34.5977    34.5974    27.5553    27.5555    7.44868 0.0000e+00
       7520    242.738     3.0932     3.0884   3.152479   3.152024     1.9293     2.3347      7.926    -0.6121    -1.6286 1.0715e-01    -0.1173   102.9757     6.4452     6.7458    34.5977    34.5973    27.5553    27.5555    7.44880 0.0000e+00
       7523    242.855     3.0937     3.0883   3.152495   3.152023     1.9293     2.3343      7.927    -0.6019    -1.6681 1.0715e-01    -0.1173   102.9757     6.4460     6.7437    34.5973    34.5973    27.5550    27.5555    7.44873 0.0000e+00
       7526    242.967     3.0936     3.0881   3.152497   3.152026     1.9297     2.3347      7.926    -0.6223    -1.6286 1.0715e-01    -0.1190   103.0209     6.4461     6.7447    34.5973    34.5975    27.5550    27.5556    7.44874 0.0000e+00
       7529    243.074     3.0933     3.0878   3.152500   3.151999     1.9297     2.3338      7.927    -0.6223     2.1614 1.0715e-01    -0.1190   103.0209     6.4435     6.7396    34.5976    34.5975    27.5553    27.5557    7.44878 0.0000e+00
       7532    243.177     3.0933     3.0878   3.152490   3.152019     1.9293     2.3330      7.927    -0.6223     8.8728 1.0715e-01    -0.1194   103.0299     6.4439     6.7353    34.5975    34.5976    27.5551    27.5558    7.44879 0.0000e+00
