Datasets/AZMP/TEL210/tel210_2020_084.cnv
* Sea-Bird SBE 9 Data File:
* FileName = C:\CTDDATA\tel210_2020_084.hex
* Software Version Seasave V 7.26.7.110
* Temperature SN = 1697
* Conductivity SN = 4216
* Number of Bytes Per Scan = 30
* Number of Voltage Words = 4
* Number of Scans Averaged by the Deck Unit = 1
* NMEA baud rate = 4800
** VESSEL/TRIP/SEQ STN:  TEL210_2020_084
** LATITUDE XX XX.XX: 53 27.03 N
** LONGITUDE XX XX.XX: 055 18.25 W
** SOUNDING DEPTH (M): 0194
** PROBE TYPE: S1146
** CTD NUMBER: 054
** COMMENTS (14 CHAR): CSI-01
** BOTTLES:  0
** LEVELS: 
** STICKERS: 
** VNET: N
** DO2: N
# nquan = 22
# nvalues = 4497                        
# units = specified
# name 0 = scan: Scan Count
# name 1 = prDM: Pressure, Digiquartz [db]
# name 2 = t090C: Temperature [ITS-90, deg C]
# name 3 = t190C: Temperature, 2 [ITS-90, deg C]
# name 4 = c0S/m: Conductivity [S/m]
# name 5 = c1S/m: Conductivity, 2 [S/m]
# name 6 = sbeox0V: Oxygen raw, SBE 43 [V]
# name 7 = sbeox1V: Oxygen raw, SBE 43, 2 [V]
# name 8 = ph: pH
# name 9 = flECO-AFL: Fluorescence, WET Labs ECO-AFL/FL [mg/m^3]
# name 10 = wetCDOM: Fluorescence, WET Labs CDOM [mg/m^3]
# name 11 = par/sat/log: PAR/Logarithmic, Satlantic [umol photons/m^2/sec]
# name 12 = CStarAt0: Beam Attenuation, WET Labs C-Star [1/m]
# name 13 = CStarTr0: Beam Transmission, WET Labs C-Star [%]
# name 14 = sbeox0ML/L: Oxygen, SBE 43 [ml/l], WS = 2
# name 15 = sbeox1ML/L: Oxygen, SBE 43, 2 [ml/l], WS = 2
# name 16 = sal00: Salinity, Practical [PSU]
# name 17 = sal11: Salinity, Practical, 2 [PSU]
# name 18 = sigma-t00: Density [sigma-t, kg/m^3 ]
# name 19 = sigma-t11: Density, 2 [sigma-t, kg/m^3 ]
# name 20 = oxsatML/L: Oxygen Saturation, Weiss [ml/l]
# name 21 = flag: flag
# span 0 =          2,      14534       
# span 1 =      1.666,    201.833       
# span 2 =    -0.8987,     9.4491       
# span 3 =    -0.9065,     9.4520       
# span 4 =   2.643636,   3.344166       
# span 5 =   2.643269,   3.344067       
# span 6 =     1.9704,     2.4908       
# span 7 =     2.3761,     3.0599       
# span 8 =      7.946,      8.234       
# span 9 =     0.6664,     1.8410       
# span 10 =    -2.8130,   482.1870      
# span 11 = 1.0484e-01, 3.0703e-01      
# span 12 =    -0.1446,     0.1159      
# span 13 =    97.1429,   103.6811      
# span 14 =     7.0199,    10.5972      
# span 15 =     6.9314,    11.5058      
# span 16 =    30.6973,    33.5417      
# span 17 =    30.7460,    33.2766      
# span 18 =    23.7101,    26.8327      
# span 19 =    23.7203,    26.7373      
# span 20 =    6.57118,    8.38209      
# span 21 = 0.0000e+00, 0.0000e+00      
# interval = scans: 3                   
# start_time = Jul 25 2020 01:00:00 [System UTC, header]
# bad_flag = -9.990e-29
*END*
[from data line 593]
       1983     55.158    -0.8951    -0.9065   2.655746   2.655195     2.0927     2.5299      8.000     0.7616     4.0564 1.0715e-01    -0.1352   103.4369     7.9666     8.2706    32.6391    32.6440    26.2366    26.2409    8.37503 0.0000e+00
       1986     55.299    -0.8966    -0.9061   2.655983   2.655400     2.0919     2.5299      8.000     0.7299     3.4642 1.0715e-01    -0.1345   103.4188     7.9636     8.2679    32.6439    32.6463    26.2405    26.2428    8.37511 0.0000e+00
       1989     55.441    -0.8971    -0.9031   2.656356   2.655802     2.0911     2.5286      8.000     0.7405     0.2269 1.0715e-01    -0.1341   103.4098     7.9623     8.2606    32.6494    32.6484    26.2449    26.2444    8.37489 0.0000e+00
       1992     55.584    -0.8962    -0.9005   2.656583   2.656091     2.0915     2.5286      8.000     0.7299     0.2664 1.0715e-01    -0.1341   103.4098     7.9674     8.2594    32.6514    32.6494    26.2466    26.2451    8.37457 0.0000e+00
       1995     55.730    -0.8953    -0.8996   2.656702   2.656209     2.0915     2.5286      8.000     0.7405     0.2664 1.0715e-01    -0.1341   103.4098     7.9699     8.2593    32.6520    32.6500    26.2470    26.2455    8.37434 0.0000e+00
       1998     55.878    -0.8946    -0.8993   2.656756   2.656264     2.0907     2.5282      8.000     0.7405     0.2664 1.0715e-01    -0.1341   103.4098     7.9666     8.2578    32.6518    32.6503    26.2468    26.2457    8.37418 0.0000e+00
       2001     56.026    -0.8942    -0.8991   2.656849   2.656353     2.0903     2.5274      8.000     0.7299     0.2664 1.0727e-01    -0.1341   103.4098     7.9650     8.2537    32.6526    32.6512    26.2474    26.2465    8.37406 0.0000e+00
       2004     56.173    -0.8938    -0.8986   2.656919   2.656435     2.0899     2.5282      8.000     0.7405     0.2664 1.0715e-01    -0.1341   103.4098     7.9578     8.2603    32.6530    32.6516    26.2478    26.2468    8.37394 0.0000e+00
       2007     56.314    -0.8934    -0.8983   2.656989   2.656486     2.0911     2.5270      8.000     0.7299     0.2664 1.0715e-01    -0.1338   103.4007     7.9672     8.2584    32.6535    32.6519    26.2481    26.2470    8.37383 0.0000e+00
       2010     56.452    -0.8931    -0.8981   2.657018   2.656535     2.0911     2.5274      8.000     0.7510     0.2664 1.0715e-01    -0.1338   103.4007     7.9685     8.2623    32.6535    32.6523    26.2481    26.2473    8.37376 0.0000e+00
       2013     56.589    -0.8927    -0.8979   2.657086   2.656618     2.0903     2.5270      8.000     0.7722     1.1744 1.0715e-01    -0.1341   103.4098     7.9609     8.2608    32.6538    32.6532    26.2484    26.2480    8.37365 0.0000e+00
       2016     56.726    -0.8925    -0.8978   2.657124   2.656631     2.0911     2.5266      8.000     0.7828     2.5956 1.0715e-01    -0.1341   103.4098     7.9628     8.2571    32.6540    32.6532    26.2485    26.2480    8.37358 0.0000e+00
       2019     56.854    -0.8924    -0.8978   2.657120   2.656650     2.0907     2.5270      8.000     0.7828     2.5167 1.0715e-01    -0.1341   103.4098     7.9621     8.2570    32.6538    32.6532    26.2484    26.2481    8.37358 0.0000e+00
       2022     56.976    -0.8922    -0.8978   2.657121   2.656628     2.0907     2.5262      8.000     0.7722     2.5167 1.0715e-01    -0.1341   103.4098     7.9625     8.2549    32.6535    32.6530    26.2482    26.2479    8.37355 0.0000e+00
       2025     57.096    -0.8922    -0.8978   2.657154   2.656680     2.0895     2.5262      8.000     0.7616     2.5167 1.0715e-01    -0.1341   103.4098     7.9553     8.2560    32.6539    32.6536    26.2484    26.2484    8.37353 0.0000e+00
       2028     57.210    -0.8919    -0.8971   2.657312   2.656853     2.0891     2.5266      7.999     0.7616     2.5167 1.0715e-01    -0.1282   103.2560     7.9470     8.2583    32.6557    32.6551    26.2498    26.2495    8.37336 0.0000e+00
       2031     57.320    -0.8917    -0.8961   2.657595   2.657095     2.0903     2.5262      7.999     0.7722     2.5167 1.0715e-01    -0.1264   103.2108     7.9481     8.2554    32.6591    32.6572    26.2527    26.2512    8.37310 0.0000e+00
       2034     57.429    -0.8909    -0.8949   2.657883   2.657355     2.0887     2.5254      7.997     0.7722     2.5167 1.0715e-01    -0.1268   103.2199     7.9418     8.2503    32.6622    32.6594    26.2551    26.2530    8.37276 0.0000e+00
       2037     57.530    -0.8903    -0.8940   2.658079   2.657577     2.0879     2.5250      7.999     0.7616     2.5167 1.0715e-01    -0.1264   103.2108     7.9368     8.2489    32.6640    32.6613    26.2566    26.2545    8.37250 0.0000e+00
       2040     57.629    -0.8893    -0.8936   2.658284   2.657767     2.0895     2.5242      7.999     0.7828     0.8980 1.0715e-01    -0.1264   103.2108     7.9437     8.2436    32.6657    32.6633    26.2579    26.2561    8.37219 0.0000e+00
       2043     57.725    -0.8888    -0.8929   2.658568   2.658024     2.0887     2.5246      7.997     0.7616     0.2269 1.0715e-01    -0.1264   103.2108     7.9407     8.2421    32.6689    32.6660    26.2605    26.2583    8.37188 0.0000e+00
       2046     57.817    -0.8882    -0.8921   2.658945   2.658386     2.0891     2.5246      7.999     0.7722     0.2664 1.0715e-01    -0.1264   103.2108     7.9444     8.2412    32.6733    32.6700    26.2640    26.2614    8.37149 0.0000e+00
       2049     57.906    -0.8873    -0.8907   2.659235   2.658751     2.0883     2.5250      7.996     0.7722     0.2664 1.0715e-01    -0.1296   103.2922     7.9430     8.2416    32.6762    32.6734    26.2663    26.2642    8.37112 0.0000e+00
       2052     57.990    -0.8862    -0.8895   2.659609   2.659256     2.0879     2.5242      7.997     0.7828     0.2664 1.0715e-01    -0.1299   103.3012     7.9381     8.2398    32.6801    32.6789    26.2694    26.2685    8.37066 0.0000e+00
       2055     58.072    -0.8853    -0.8889   2.659984   2.659487     2.0870     2.5234      7.996     0.7722     0.2664 1.0715e-01    -0.1299   103.3012     7.9370     8.2381    32.6841    32.6813    26.2727    26.2705    8.37023 0.0000e+00
       2058     58.149    -0.8846    -0.8885   2.660296   2.659672     2.0883     2.5238      7.996     0.7934     0.2664 1.0715e-01    -0.1296   103.2922     7.9466     8.2435    32.6875    32.6833    26.2754    26.2721    8.36987 0.0000e+00
       2061     58.227    -0.8838    -0.8875   2.660618   2.660035     2.0870     2.5238      7.996     0.7828     0.2269 1.0715e-01    -0.1299   103.3012     7.9390     8.2446    32.6909    32.6871    26.2782    26.2751    8.36949 0.0000e+00
       2064     58.301    -0.8828    -0.8864   2.660734   2.660259     2.0875     2.5221      7.996     0.8251     0.3059 1.0715e-01    -0.1296   103.2922     7.9410     8.2369    32.6914    32.6889    26.2785    26.2766    8.36924 0.0000e+00
       2067     58.376    -0.8821    -0.8860   2.660826   2.660375     2.0866     2.5221      7.996     0.7934     1.1349 1.0715e-01    -0.1299   103.3012     7.9426     8.2361    32.6918    32.6899    26.2788    26.2774    8.36905 0.0000e+00
       2070     58.447    -0.8813    -0.8857   2.660965   2.660457     2.0870     2.5221      7.996     0.8040     1.2139 1.0715e-01    -0.1327   103.3736     7.9482     8.2412    32.6927    32.6907    26.2795    26.2780    8.36881 0.0000e+00
       2073     58.517    -0.8808    -0.8851   2.661048   2.660563     2.0866     2.5225      7.996     0.8145     1.2139 1.0715e-01    -0.1324   103.3645     7.9517     8.2465    32.6933    32.6915    26.2799    26.2786    8.36866 0.0000e+00
       2076     58.590    -0.8805    -0.8848   2.661120   2.660636     2.0866     2.5225      7.996     0.8040     1.2139 1.0715e-01    -0.1327   103.3736     7.9542     8.2499    32.6940    32.6920    26.2805    26.2791    8.36857 0.0000e+00
       2079     58.665    -0.8800    -0.8845   2.661168   2.660714     2.0875     2.5217      7.997     0.7934     1.2139 1.0715e-01    -0.1327   103.3736     7.9636     8.2487    32.6940    32.6927    26.2804    26.2796    8.36844 0.0000e+00
       2082     58.740    -0.8797    -0.8843   2.661214   2.660032     2.0866     2.5225      7.996     0.7934     1.2139 1.0715e-01    -0.1327   103.3736     7.9614     8.2564    32.6942    32.6832    26.2807    26.2719    8.36836 0.0000e+00
       2085     58.815    -0.8795    -0.8841   2.661239   2.660671     2.0862     2.5217      7.997     0.7934     1.2139 1.0715e-01    -0.1327   103.3736     7.9627     8.2584    32.6943    32.6916    26.2807    26.2787    8.36832 0.0000e+00
       2088     58.894    -0.8793    -0.8846   2.661246   2.660785     2.0875     2.5213      7.999     0.8145     1.2139 1.0715e-01    -0.1320   103.3555     7.9693     8.2594    32.6942    32.6936    26.2806    26.2803    8.36828 0.0000e+00
       2091     58.979    -0.8793    -0.8849   2.661265   2.660772     2.0866     2.5221      7.996     0.8569     1.7271 1.0715e-01    -0.1313   103.3374     7.9692     8.2634    32.6944    32.6937    26.2808    26.2804    8.36828 0.0000e+00
       2094     59.065    -0.8795    -0.8851   2.661301   2.660800     2.0870     2.5229      7.996     0.8251     3.3852 1.0727e-01    -0.1320   103.3555     7.9715     8.2693    32.6950    32.6943    26.2813    26.2809    8.36828 0.0000e+00
       2097     59.152    -0.8793    -0.8851   2.661413   2.660822     2.0866     2.5213      7.997     0.8357     3.3457 1.0715e-01    -0.1320   103.3555     7.9735     8.2643    32.6962    32.6946    26.2823    26.2811    8.36816 0.0000e+00
       2100     59.244    -0.8791    -0.8843   2.661603   2.661053     2.0875     2.5213      7.997     0.8357     3.3457 1.0715e-01    -0.1320   103.3555     7.9772     8.2693    32.6986    32.6968    26.2842    26.2829    8.36799 0.0000e+00
       2103     59.339    -0.8786    -0.8835   2.661646   2.661145     2.0875     2.5217      7.997     0.8251     3.3457 1.0715e-01    -0.1320   103.3555     7.9780     8.2756    32.6985    32.6971    26.2841    26.2831    8.36786 0.0000e+00
       2106     59.442    -0.8779    -0.8828   2.661752   2.661261     2.0870     2.5225      7.999     0.8357     3.3457 1.0715e-01    -0.1317   103.3465     7.9783     8.2820    32.6991    32.6978    26.2846    26.2837    8.36767 0.0000e+00
       2109     59.551    -0.8778    -0.8825   2.661818   2.661302     2.0866     2.5221      7.997     0.8357     3.3457 1.0715e-01    -0.1317   103.3465     7.9777     8.2848    32.6999    32.6979    26.2852    26.2837    8.36762 0.0000e+00
       2112     59.663    -0.8775    -0.8819   2.661848   2.661374     2.0870     2.5217      7.999     0.8357     3.3457 1.0715e-01    -0.1317   103.3465     7.9795     8.2840    32.6998    32.6983    26.2851    26.2840    8.36754 0.0000e+00
       2115     59.779    -0.8768    -0.8816   2.661941   2.661420     2.0879     2.5225      8.000     0.8569     3.3457 1.0715e-01    -0.1313   103.3374     7.9899     8.2916    32.7003    32.6985    26.2855    26.2842    8.36736 0.0000e+00
       2118     59.897    -0.8765    -0.8811   2.661985   2.661491     2.0875     2.5225      7.999     0.8675     1.8455 1.0715e-01    -0.1317   103.3465     7.9862     8.3005    32.7005    32.6988    26.2856    26.2845    8.36728 0.0000e+00
       2121     60.023    -0.8760    -0.8807   2.662063   2.661565     2.0883     2.5225      7.999     0.8569     0.4243 1.0715e-01    -0.1317   103.3465     7.9915     8.3105    32.7009    32.6992    26.2860    26.2848    8.36714 0.0000e+00
       2124     60.154    -0.8755    -0.8803   2.662326   2.661772     2.0870     2.5238      7.999     0.8569     0.5032 1.0715e-01    -0.1317   103.3465     7.9858     8.3229    32.7039    32.7015    26.2883    26.2866    8.36686 0.0000e+00
       2127     60.290    -0.8735    -0.8717   2.664204   2.663476     2.0879     2.5238      8.000     0.8675     0.5032 1.0715e-01    -0.1303   103.3103     7.9957     8.3267    32.7270    32.7152    26.3070    26.2974    8.36508 0.0000e+00
       2130     60.429    -0.8636    -0.8397   2.667608   2.667158     2.0879     2.5238      7.999     0.8675     0.5032 1.0715e-01    -0.1240   103.1475     7.9966     8.3237    32.7622    32.7301    26.3352    26.3084    8.36081 0.0000e+00
       2133     60.573    -0.8496    -0.8197   2.668962   2.668649     2.0883     2.5234      8.000     0.8675     0.5032 1.0715e-01    -0.1243   103.1566     7.9986     8.3253    32.7651    32.7284    26.3370    26.3062    8.35746 0.0000e+00
       2136     60.722    -0.8368    -0.8125   2.669610   2.669184     2.0887     2.5242      8.000     0.8569     0.5032 1.0715e-01    -0.1243   103.1566     8.0022     8.3327    32.7599    32.7277    26.3323    26.3054    8.35487 0.0000e+00
       2139     60.875    -0.8272    -0.8100   2.669877   2.669467     2.0891     2.5258      8.000     0.8463     0.5032 1.0715e-01    -0.1247   103.1656     8.0080     8.3445    32.7529    32.7287    26.3264    26.3062    8.35309 0.0000e+00
       2142     61.028    -0.8199    -0.8083   2.670121   2.669673     2.0883     2.5262      8.000     0.7934     0.5032 1.0715e-01    -0.1247   103.1656     8.0080     8.3529    32.7483    32.7296    26.3224    26.3068    8.35172 0.0000e+00
       2145     61.185    -0.8143    -0.8043   2.670568   2.670322     2.0887     2.5278      8.002     0.7934     0.1085 1.0715e-01    -0.1247   103.1656     8.0178     8.3673    32.7481    32.7340    26.3220    26.3102    8.35046 0.0000e+00
       2148     61.343    -0.8080    -0.7963   2.671687   2.671229     2.0895     2.5282      8.002     0.7934     0.0295 1.0715e-01    -0.1254   103.1837     8.0263     8.3742    32.7562    32.7373    26.3284    26.3126    8.34856 0.0000e+00
       2151     61.504    -0.8005    -0.7853   2.672812   2.672389     2.0903     2.5286      8.003     0.8040     0.0295 1.0715e-01    -0.1278   103.2470     8.0307     8.3802    32.7631    32.7410    26.3337    26.3152    8.34647 0.0000e+00
       2154     61.665    -0.7924    -0.7755   2.673827   2.673414     2.0907     2.5290      8.005     0.8040     0.0295 1.0715e-01    -0.1278   103.2470     8.0361     8.3852    32.7680    32.7441    26.3374    26.3174    8.34437 0.0000e+00
       2157     61.827    -0.7825    -0.7598   2.675647   2.675376     2.0911     2.5299      8.007     0.8040     0.0295 1.0715e-01    -0.1278   103.2470     8.0406     8.3907    32.7817    32.7534    26.3480    26.3244    8.34135 0.0000e+00
       2160     61.986    -0.7696    -0.7401   2.677223   2.677011     2.0923     2.5311      8.007     0.8040     0.0295 1.0715e-01    -0.1278   103.2470     8.0489     8.3937    32.7888    32.7539    26.3533    26.3240    8.33802 0.0000e+00
       2163     62.145    -0.7575    -0.7328   2.677737   2.677471     2.0919     2.5319      8.010     0.8040     0.0295 1.0715e-01    -0.1275   103.2380     8.0547     8.3986    32.7825    32.7520    26.3478    26.3223    8.33566 0.0000e+00
       2166     62.301    -0.7482    -0.7317   2.677990   2.677546     2.0927     2.5331      8.010     0.8146     0.0295 1.0715e-01    -0.1278   103.2470     8.0594     8.4062    32.7757    32.7518    26.3420    26.3221    8.33395 0.0000e+00
       2169     62.458    -0.7416    -0.7317   2.678066   2.677576     2.0936     2.5356      8.011     0.8463     0.0295 1.0715e-01    -0.1275   103.2380     8.0660     8.4187    32.7695    32.7521    26.3367    26.3223    8.33282 0.0000e+00
       2172     62.609    -0.7371    -0.7315   2.678169   2.677628     2.0940     2.5351      8.014     0.8357     0.1479 1.0715e-01    -0.1271   103.2289     8.0704     8.4204    32.7658    32.7525    26.3336    26.3226    8.33201 0.0000e+00
       2175     62.756    -0.7331    -0.7284   2.678729   2.678121     2.0940     2.5360      8.014     0.8463     0.1479 1.0715e-01    -0.1271   103.2289     8.0729     8.4251    32.7690    32.7557    26.3360    26.3251    8.33094 0.0000e+00
