Datasets/AZMP/TEL210/tel210_2020_074.cnv
* Sea-Bird SBE 9 Data File:
* FileName = C:\CTDDATA\tel210_2020_074.hex
* Software Version Seasave V 7.26.7.110
* Temperature SN = 1697
* Conductivity SN = 4216
* Number of Bytes Per Scan = 30
* Number of Voltage Words = 4
* Number of Scans Averaged by the Deck Unit = 1
* NMEA baud rate = 4800
** VESSEL/TRIP/SEQ STN:  tel210_2020_074
** LATITUDE XX XX.XX: 52 37.38 N
** LONGITUDE XX XX.XX: 052 12.96 W
** SOUNDING DEPTH (M): 0291
** PROBE TYPE: S1146
** CTD NUMBER: 049
** COMMENTS (14 CHAR): C0-01
** BOTTLES:  0
** LEVELS:
** STICKERS:
** VNET: N
** DO2: N
# nquan = 22
# nvalues = 6186                        
# units = specified
# name 0 = scan: Scan Count
# name 1 = prDM: Pressure, Digiquartz [db]
# name 2 = t090C: Temperature [ITS-90, deg C]
# name 3 = t190C: Temperature, 2 [ITS-90, deg C]
# name 4 = c0S/m: Conductivity [S/m]
# name 5 = c1S/m: Conductivity, 2 [S/m]
# name 6 = sbeox0V: Oxygen raw, SBE 43 [V]
# name 7 = sbeox1V: Oxygen raw, SBE 43, 2 [V]
# name 8 = ph: pH
# name 9 = flECO-AFL: Fluorescence, WET Labs ECO-AFL/FL [mg/m^3]
# name 10 = wetCDOM: Fluorescence, WET Labs CDOM [mg/m^3]
# name 11 = par/sat/log: PAR/Logarithmic, Satlantic [umol photons/m^2/sec]
# name 12 = CStarAt0: Beam Attenuation, WET Labs C-Star [1/m]
# name 13 = CStarTr0: Beam Transmission, WET Labs C-Star [%]
# name 14 = sbeox0ML/L: Oxygen, SBE 43 [ml/l], WS = 2
# name 15 = sbeox1ML/L: Oxygen, SBE 43, 2 [ml/l], WS = 2
# name 16 = sal00: Salinity, Practical [PSU]
# name 17 = sal11: Salinity, Practical, 2 [PSU]
# name 18 = sigma-t00: Density [sigma-t, kg/m^3 ]
# name 19 = sigma-t11: Density, 2 [sigma-t, kg/m^3 ]
# name 20 = oxsatML/L: Oxygen Saturation, Weiss [ml/l]
# name 21 = flag: flag
# span 0 =         33,      19615       
# span 1 =      2.064,    287.580       
# span 2 =    -0.5947,     9.8242       
# span 3 =    -0.6074,     9.8197       
# span 4 =   2.718051,   3.498626       
# span 5 =   2.716711,   3.498233       
# span 6 =     1.9730,     2.5358       
# span 7 =     2.3840,     3.0806       
# span 8 =      7.883,      8.166       
# span 9 =     0.6558,     2.3595       
# span 10 =    -2.6946,   481.7133      
# span 11 = 1.0678e-01, 1.0752e-01      
# span 12 =    -0.1394,     0.1126      
# span 13 =    97.2243,   103.5454      
# span 14 =     6.6046,     9.7234      
# span 15 =     6.7386,    10.4946      
# span 16 =    31.9794,    34.6211      
# span 17 =    31.9953,    34.6228      
# span 18 =    24.6232,    27.5439      
# span 19 =    24.6364,    27.5456      
# span 20 =    6.46500,    8.27669      
# span 21 = 0.0000e+00, 0.0000e+00      
# interval = scans: 3                   
# start_time = Jul 24 2020 04:15:48 [System UTC, header]
# bad_flag = -9.990e-29
*END*
[from data line 5268]
      16688     77.621     0.3508     0.3497   2.837878   2.838222     1.9998     2.4253      7.904     0.7616     1.2139 1.0715e-01    -0.1366   103.4730     7.2049     7.5553    33.6918    33.6976    27.0318    27.0365    8.04209 0.0000e+00
      16691     77.513     0.3481     0.3537   2.837694   2.838633     1.9998     2.4244      7.904     0.7510     1.2139 1.0715e-01    -0.1362   103.4640     7.2056     7.5505    33.6925    33.6986    27.0325    27.0371    8.04263 0.0000e+00
      16694     77.401     0.3456     0.3474   2.837429   2.837677     2.0002     2.4240      7.904     0.7510     1.2139 1.0715e-01    -0.1366   103.4730     7.2100     7.5527    33.6918    33.6931    27.0321    27.0331    8.04321 0.0000e+00
      16697     77.292     0.3445     0.3431   2.837322   2.837443     1.9994     2.4244      7.906     0.7722     1.2139 1.0715e-01    -0.1362   103.4640     7.2084     7.5552    33.6917    33.6948    27.0321    27.0346    8.04345 0.0000e+00
      16700     77.182     0.3416     0.3402   2.836791   2.837106     1.9994     2.4244      7.909     0.7616     1.2139 1.0715e-01    -0.1373   103.4911     7.2075     7.5554    33.6879    33.6936    27.0292    27.0339    8.04427 0.0000e+00
      16703     77.071     0.3380     0.3442   2.836484   2.837495     1.9994     2.4248      7.904     0.7510     1.2139 1.0715e-01    -0.1383   103.5183     7.2048     7.5548    33.6879    33.6944    27.0293    27.0343    8.04503 0.0000e+00
      16706     76.962     0.3357     0.3366   2.836222   2.836478     1.9990     2.4240      7.909     0.7510     1.2139 1.0715e-01    -0.1376   103.5002     7.2024     7.5533    33.6871    33.6894    27.0288    27.0306    8.04556 0.0000e+00
      16709     76.848     0.3322     0.3250   2.835843   2.835247     1.9985     2.4244      7.909     0.7616     0.8980 1.0715e-01    -0.1383   103.5183     7.2003     7.5597    33.6860    33.6860    27.0282    27.0286    8.04638 0.0000e+00
      16712     76.735     0.3291     0.3108   2.835399   2.833788     1.9981     2.4248      7.909     0.7616     0.4243 1.0715e-01    -0.1376   103.5002     7.2019     7.5658    33.6837    33.6825    27.0265    27.0265    8.04717 0.0000e+00
      16715     76.626     0.3205     0.2948   2.833853   2.832438     1.9985     2.4253      7.909     0.7722     0.5032 1.0715e-01    -0.1380   103.5092     7.2083     7.5719    33.6729    33.6825    27.0182    27.0273    8.04958 0.0000e+00
      16718     76.515     0.3118     0.2953   2.833794   2.832587     1.9998     2.4253      7.907     0.7616     0.5032 1.0715e-01    -0.1376   103.5002     7.2208     7.5737    33.6817    33.6839    27.0258    27.0285    8.05095 0.0000e+00
      16721     76.408     0.3076     0.2860   2.832961   2.831415     1.9985     2.4248      7.907     0.7510     0.5032 1.0715e-01    -0.1380   103.5092     7.2173     7.5769    33.6754    33.6788    27.0209    27.0248    8.05219 0.0000e+00
      16724     76.304     0.2961     0.2764   2.831552   2.830644     1.9990     2.4257      7.909     0.7616     0.5032 1.0715e-01    -0.1380   103.5092     7.2246     7.5852    33.6696    33.6792    27.0169    27.0257    8.05496 0.0000e+00
      16727     76.196     0.2870     0.2713   2.831076   2.830215     1.9981     2.4248      7.909     0.7616     0.5032 1.0715e-01    -0.1380   103.5092     7.2280     7.5857    33.6734    33.6793    27.0205    27.0260    8.05669 0.0000e+00
      16730     76.086     0.2808     0.2692   2.830691   2.830202     1.9990     2.4257      7.906     0.7510     0.5032 1.0715e-01    -0.1383   103.5183     7.2353     7.5920    33.6752    33.6815    27.0222    27.0279    8.05791 0.0000e+00
      16733     75.984     0.2771     0.2688   2.830530   2.829871     1.9985     2.4257      7.909     0.7616     0.5032 1.0727e-01    -0.1383   103.5183     7.2352     7.5931    33.6772    33.6777    27.0240    27.0249    8.05858 0.0000e+00
      16736     75.883     0.2746     0.2645   2.830432   2.829540     1.9990     2.4253      7.909     0.7616     0.3848 1.0727e-01    -0.1376   103.5002     7.2363     7.5906    33.6787    33.6781    27.0254    27.0254    8.05904 0.0000e+00
      16739     75.783     0.2751     0.2678   2.830673   2.830277     1.9990     2.4253      7.909     0.7616     0.3453 1.0740e-01    -0.1352   103.4369     7.2355     7.5899    33.6814    33.6842    27.0275    27.0302    8.05878 0.0000e+00
      16742     75.682     0.2741     0.2756   2.829880   2.831025     1.9998     2.4269      7.909     0.7616     0.3059 1.0752e-01    -0.1233   103.1294     7.2416     7.5971    33.6721    33.6856    27.0200    27.0308    8.05950 0.0000e+00
      16745     75.585     0.2654     0.2736   2.828724   2.830180     1.9981     2.4269      7.909     0.7510     0.3848 1.0752e-01    -0.1236   103.1385     7.2367     7.5966    33.6665    33.6767    27.0161    27.0238    8.06167 0.0000e+00
      16748     75.494     0.2568     0.2655   2.828076   2.829319     1.9994     2.4273      7.909     0.7722     0.2664 1.0752e-01    -0.1236   103.1385     7.2445     7.5979    33.6676    33.6743    27.0173    27.0223    8.06346 0.0000e+00
      16751     75.401     0.2516     0.2544   2.827711   2.828168     1.9998     2.4273      7.909     0.7510     0.3848 1.0715e-01    -0.1236   103.1385     7.2473     7.6007    33.6684    33.6714    27.0183    27.0206    8.06451 0.0000e+00
      16754     75.309     0.2455     0.2443   2.827189   2.827420     1.9990     2.4281      7.909     0.7510     0.3848 1.0715e-01    -0.1233   103.1294     7.2414     7.6002    33.6683    33.6727    27.0186    27.0222    8.06581 0.0000e+00
      16757     75.221     0.2424     0.2387   2.827064   2.826996     1.9998     2.4273      7.909     0.7616     0.3453 1.0715e-01    -0.1236   103.1385     7.2464     7.5923    33.6702    33.6734    27.0203    27.0230    8.06639 0.0000e+00
      16760     75.136     0.2391     0.2288   2.826606   2.825892     1.9990     2.4269      7.909     0.7616     0.4243 1.0715e-01    -0.1292   103.2831     7.2413     7.5871    33.6678    33.6697    27.0185    27.0206    8.06722 0.0000e+00
      16763     75.055     0.2348     0.2253   2.826137   2.825768     1.9994     2.4281      7.909     0.7510     1.2533 1.0715e-01    -0.1376   103.5002     7.2448     7.5844    33.6664    33.6720    27.0176    27.0226    8.06822 0.0000e+00
      16766     74.980     0.2305     0.2272   2.825894   2.826100     1.9998     2.4281      7.909     0.7616     1.3323 1.0715e-01    -0.1373   103.4911     7.2456     7.5772    33.6680    33.6743    27.0191    27.0244    8.06905 0.0000e+00
      16769     74.903     0.2272     0.2271   2.825538   2.826150     1.9990     2.4273      7.909     0.7722     1.3323 1.0715e-01    -0.1373   103.4911     7.2422     7.5682    33.6670    33.6752    27.0184    27.0250    8.06980 0.0000e+00
      16772     74.830     0.2258     0.2254   2.825626   2.825784     1.9998     2.4277      7.909     0.7616     1.3323 1.0715e-01    -0.1373   103.4911     7.2452     7.5622    33.6697    33.6722    27.0207    27.0228    8.06995 0.0000e+00
      16775     74.760     0.2243     0.2314   2.825288   2.826498     1.9998     2.4281      7.909     0.7616     1.3323 1.0715e-01    -0.1373   103.4911     7.2475     7.5535    33.6669    33.6751    27.0186    27.0248    8.07042 0.0000e+00
      16778     74.694     0.2247     0.2416   2.825839   2.827561     1.9990     2.4265      7.909     0.7616     1.2928 1.0715e-01    -0.1373   103.4911     7.2446     7.5408    33.6738    33.6779    27.0241    27.0265    8.06996 0.0000e+00
      16781     74.632     0.2272     0.2588   2.825856   2.829320     1.9998     2.4261      7.909     0.7616     1.3323 1.0715e-01    -0.1373   103.4911     7.2462     7.5329    33.6713    33.6822    27.0219    27.0291    8.06957 0.0000e+00
      16784     74.570     0.2246     0.2896   2.825731   2.832215     1.9994     2.4261      7.909     0.7616     1.3323 1.0715e-01    -0.1369   103.4821     7.2445     7.5239    33.6726    33.6864    27.0231    27.0308    8.07006 0.0000e+00
      16787     74.510     0.2171     0.3158   2.824794   2.834856     1.9998     2.4265      7.909     0.7616     1.0165 1.0715e-01    -0.1373   103.4911     7.2516     7.5191    33.6685    33.6924    27.0202    27.0342    8.07188 0.0000e+00
      16790     74.452     0.2208     0.3339   2.826813   2.835898     1.9985     2.4257      7.911     0.7616     0.1874 1.0715e-01    -0.1369   103.4821     7.2463     7.5144    33.6910    33.6862    27.0381    27.0283    8.06985 0.0000e+00
      16793     74.394     0.2330     0.3411   2.826621   2.836418     2.0002     2.4248      7.909     0.7722     0.2664 1.0715e-01    -0.1373   103.4911     7.2497     7.5116    33.6752    33.6852    27.0247    27.0270    8.06812 0.0000e+00
      16796     74.345     0.2269     0.3361   2.825326   2.836061     1.9998     2.4236      7.911     0.7722     0.2269 1.0715e-01    -0.1373   103.4911     7.2482     7.5111    33.6649    33.6861    27.0167    27.0280    8.06999 0.0000e+00
      16799     74.297     0.2126     0.3300   2.823692   2.835707     2.0002     2.4232      7.911     0.7405     0.2664 1.0715e-01    -0.1369   103.4821     7.2589     7.5163    33.6591    33.6882    27.0128    27.0300    8.07337 0.0000e+00
      16802     74.247     0.2014     0.3173   2.823496   2.834289     1.9994     2.4240      7.909     0.7299     0.2664 1.0715e-01    -0.1362   103.4640     7.2583     7.5270    33.6688    33.6835    27.0213    27.0269    8.07523 0.0000e+00
      16805     74.201     0.1921     0.3144   2.822268   2.834515     1.9994     2.4240      7.909     0.7299     0.2269 1.0715e-01    -0.1366   103.4730     7.2606     7.5309    33.6629    33.6896    27.0170    27.0320    8.07753 0.0000e+00
      16808     74.157     0.1832     0.3210   2.821173   2.834785     2.0002     2.4244      7.909     0.7299     0.2269 1.0715e-01    -0.1362   103.4640     7.2677     7.5350    33.6583    33.6860    27.0138    27.0288    8.07971 0.0000e+00
      16811     74.113     0.1734     0.3008   2.819613   2.832993     2.0006     2.4244      7.909     0.7299     0.2269 1.0715e-01    -0.1366   103.4730     7.2722     7.5422    33.6485    33.6846    27.0064    27.0287    8.08234 0.0000e+00
      16814     74.073     0.1636     0.2767   2.819440   2.830430     2.0006     2.4236      7.911     0.7299     1.2139 1.0715e-01    -0.1362   103.4640     7.2723     7.5506    33.6570    33.6775    27.0138    27.0243    8.08397 0.0000e+00
      16817     74.031     0.1670     0.2658   2.820187   2.827261     1.9990     2.4240      7.912     0.7299     2.0824 1.0715e-01    -0.1362   103.4640     7.2596     7.5617    33.6631    33.6478    27.0185    27.0010    8.08290 0.0000e+00
      16820     73.986     0.1639     0.2341   2.819033   2.825676     2.0006     2.4244      7.911     0.7193     2.0429 1.0715e-01    -0.1362   103.4640     7.2676     7.5712    33.6514    33.6618    27.0092    27.0139    8.08421 0.0000e+00
      16823     73.944     0.1536     0.1999   2.817864   2.822246     2.0010     2.4236      7.911     0.7299     2.0429 1.0715e-01    -0.1366   103.4730     7.2711     7.5747    33.6473    33.6541    27.0065    27.0096    8.08666 0.0000e+00
      16826     73.899     0.1456     0.1731   2.817174   2.819891     2.0006     2.4236      7.909     0.7193     2.0429 1.0715e-01    -0.1366   103.4730     7.2719     7.5809    33.6471    33.6527    27.0067    27.0097    8.08839 0.0000e+00
      16829     73.852     0.1409     0.1512   2.816946   2.818053     2.0006     2.4244      7.913     0.7722     2.0429 1.0715e-01    -0.1362   103.4640     7.2732     7.5900    33.6492    33.6526    27.0086    27.0108    8.08928 0.0000e+00
      16832     73.804     0.1382     0.1423   2.816742   2.817385     2.0006     2.4236      7.914     0.7510     2.0429 1.0715e-01    -0.1362   103.4640     7.2707     7.5917    33.6495    33.6534    27.0090    27.0120    8.08983 0.0000e+00
      16835     73.754     0.1367     0.1374   2.816597   2.816992     2.0002     2.4232      7.911     0.7616     2.0429 1.0715e-01    -0.1366   103.4730     7.2696     7.5963    33.6493    33.6537    27.0089    27.0124    8.09017 0.0000e+00
      16838     73.701     0.1358     0.1342   2.816524   2.816591     2.0006     2.4244      7.911     0.7616     2.0429 1.0715e-01    -0.1369   103.4821     7.2725     7.6049    33.6494    33.6520    27.0091    27.0112    8.09036 0.0000e+00
      16841     73.651     0.1359     0.1336   2.816571   2.816550     1.9998     2.4244      7.913     0.7510     0.7006 1.0715e-01    -0.1362   103.4640     7.2695     7.6064    33.6499    33.6521    27.0094    27.0113    8.09030 0.0000e+00
      16844     73.595     0.1367     0.1341   2.816672   2.816564     2.0002     2.4236      7.911     0.7510     0.4637 1.0715e-01    -0.1369   103.4821     7.2682     7.6069    33.6504    33.6518    27.0098    27.0111    8.09011 0.0000e+00
      16847     73.535     0.1385     0.1352   2.816853   2.816579     2.0006     2.4244      7.913     0.7510     0.5032 1.0715e-01    -0.1362   103.4640     7.2743     7.6127    33.6508    33.6508    27.0100    27.0102    8.08969 0.0000e+00
      16850     73.469     0.1410     0.1381   2.817097   2.816818     2.0006     2.4244      7.910     0.7510     0.4637 1.0715e-01    -0.1369   103.4821     7.2752     7.6129    33.6513    33.6508    27.0103    27.0100    8.08913 0.0000e+00
      16853     73.397     0.1444     0.1413   2.817314   2.816984     2.0014     2.4248      7.909     0.7405     0.5032 1.0715e-01    -0.1366   103.4730     7.2796     7.6154    33.6505    33.6495    27.0095    27.0089    8.08845 0.0000e+00
      16856     73.322     0.1466     0.1429   2.817330   2.816984     2.0006     2.4253      7.914     0.7299     0.4637 1.0715e-01    -0.1362   103.4640     7.2751     7.6205    33.6484    33.6479    27.0077    27.0074    8.08810 0.0000e+00
      16859     73.238     0.1475     0.1426   2.817273   2.816811     2.0006     2.4257      7.909     0.7299     0.5032 1.0715e-01    -0.1362   103.4640     7.2771     7.6225    33.6467    33.6459    27.0063    27.0058    8.08800 0.0000e+00
      16862     73.152     0.1474     0.1421   2.817070   2.816669     2.0006     2.4253      7.912     0.7299     0.5032 1.0715e-01    -0.1348   103.4279     7.2808     7.6200    33.6441    33.6447    27.0042    27.0049    8.08816 0.0000e+00
      16865     73.059     0.1459     0.1388   2.816769   2.816124     2.0018     2.4257      7.911     0.7299     0.3453 1.0715e-01    -0.1341   103.4098     7.2889     7.6250    33.6419    33.6412    27.0025    27.0023    8.08860 0.0000e+00
      16868     72.961     0.1441     0.1349   2.816544   2.815745     2.0010     2.4261      7.911     0.7299    -0.8390 1.0715e-01    -0.1341   103.4098     7.2846     7.6297    33.6409    33.6405    27.0018    27.0019    8.08904 0.0000e+00
      16871     72.856     0.1419     0.1320   2.816209   2.815478     2.0014     2.4257      7.914     0.7299    -0.8391 1.0715e-01    -0.1341   103.4098     7.2896     7.6298    33.6390    33.6402    27.0004    27.0018    8.08963 0.0000e+00
      16874     72.748     0.1398     0.1315   2.816072   2.815437     2.0010     2.4265      7.914     0.7299    -0.9180 1.0715e-01    -0.1341   103.4098     7.2900     7.6361    33.6395    33.6404    27.0009    27.0020    8.09004 0.0000e+00
      16877     72.629     0.1387     0.1319   2.816033   2.815380     2.0014     2.4265      7.911     0.7193    -0.8391 1.0715e-01    -0.1341   103.4098     7.2949     7.6373    33.6404    33.6392    27.0016    27.0010    8.09024 0.0000e+00
      16880     72.505     0.1387     0.1342   2.815855   2.815665     2.0010     2.4273      7.911     0.7299    -0.8391 1.0752e-01    -0.1341   103.4098     7.2946     7.6427    33.6380    33.6406    26.9997    27.0020    8.09036 0.0000e+00
