Datasets/AZMP/TEL210/tel210_2020_085.cnv
* Sea-Bird SBE 9 Data File:
* FileName = C:\CTDDATA\tel210_2020_085.hex
* Software Version Seasave V 7.26.7.110
* Temperature SN = 1697
* Conductivity SN = 4216
* Number of Bytes Per Scan = 30
* Number of Voltage Words = 4
* Number of Scans Averaged by the Deck Unit = 1
* NMEA baud rate = 4800
** VESSEL/TRIP/SEQ STN:  TEL210_2020
** LATITUDE XX XX.XX: 53 32.00 N
** LONGITUDE XX XX.XX: 055 08.70 W
** SOUNDING DEPTH (M): 0203
** PROBE TYPE: S1146
** CTD NUMBER: 055
** COMMENTS (14 CHAR): SI-04
** BOTTLES:  10
** LEVELS: 5,10,20,30,40,50,75,100,150,BTM
** STICKERS: 436130 - 436139
** VNET: Y
** DO2: Y
# nquan = 22
# nvalues = 4759                        
# units = specified
# name 0 = scan: Scan Count
# name 1 = prDM: Pressure, Digiquartz [db]
# name 2 = t090C: Temperature [ITS-90, deg C]
# name 3 = t190C: Temperature, 2 [ITS-90, deg C]
# name 4 = c0S/m: Conductivity [S/m]
# name 5 = c1S/m: Conductivity, 2 [S/m]
# name 6 = sbeox0V: Oxygen raw, SBE 43 [V]
# name 7 = sbeox1V: Oxygen raw, SBE 43, 2 [V]
# name 8 = ph: pH
# name 9 = flECO-AFL: Fluorescence, WET Labs ECO-AFL/FL [mg/m^3]
# name 10 = wetCDOM: Fluorescence, WET Labs CDOM [mg/m^3]
# name 11 = par/sat/log: PAR/Logarithmic, Satlantic [umol photons/m^2/sec]
# name 12 = CStarAt0: Beam Attenuation, WET Labs C-Star [1/m]
# name 13 = CStarTr0: Beam Transmission, WET Labs C-Star [%]
# name 14 = sbeox0ML/L: Oxygen, SBE 43 [ml/l], WS = 2
# name 15 = sbeox1ML/L: Oxygen, SBE 43, 2 [ml/l], WS = 2
# name 16 = sal00: Salinity, Practical [PSU]
# name 17 = sal11: Salinity, Practical, 2 [PSU]
# name 18 = sigma-t00: Density [sigma-t, kg/m^3 ]
# name 19 = sigma-t11: Density, 2 [sigma-t, kg/m^3 ]
# name 20 = oxsatML/L: Oxygen Saturation, Weiss [ml/l]
# name 21 = flag: flag
# span 0 =         59,      37311       
# span 1 =      1.531,    200.273       
# span 2 =    -0.6484,     9.3607       
# span 3 =    -0.6493,     9.4036       
# span 4 =   2.703648,   3.368945       
# span 5 =   2.702876,   3.371071       
# span 6 =     1.9011,     2.6204       
# span 7 =     2.2833,     3.2197       
# span 8 =      7.930,      8.284       
# span 9 =     0.6664,     1.7669       
# span 10 =    -2.8130,   482.1870      
# span 11 = 1.0592e-01, 4.2512e-01      
# span 12 =    -0.1446,     0.0469      
# span 13 =    98.8339,   103.6811      
# span 14 =     6.6414,     9.7666      
# span 15 =     6.8846,    10.3490      
# span 16 =    31.0802,    34.0111      
# span 17 =    31.0669,    34.0125      
# span 18 =    23.9949,    27.2297      
# span 19 =    23.9777,    27.2312      
# span 20 =    6.57038,    8.28425      
# span 21 = 0.0000e+00, 0.0000e+00      
# interval = scans: 3                   
# start_time = Jul 25 2020 02:14:01 [System UTC, header]
# bad_flag = -9.990e-29
*END*
[from data line 1844]
       5780    190.175     1.2968     1.2916   2.947226   2.946878     1.9112     2.2909      7.935     0.7510     1.6876 1.0752e-01    -0.0990   102.5055     6.6690     6.9111    34.0080    34.0092    27.2281    27.2294    7.82856 0.0000e+00
       5783    190.268     1.2970     1.2916   2.947248   2.946876     1.9116     2.2909      7.935     0.7510     1.6876 1.0740e-01    -0.0880   102.2251     6.6695     6.9072    34.0080    34.0091    27.2280    27.2293    7.82851 0.0000e+00
       5786    190.362     1.2976     1.2917   2.947293   2.946901     1.9099     2.2905      7.935     0.7616     3.7011 1.0740e-01    -0.0856   102.1618     6.6619     6.9024    34.0078    34.0093    27.2279    27.2295    7.82840 0.0000e+00
       5789    190.455     1.2975     1.2917   2.947298   2.946896     1.9116     2.2896      7.935     0.7616     4.3327 1.0740e-01    -0.0856   102.1618     6.6711     6.9022    34.0079    34.0091    27.2280    27.2293    7.82841 0.0000e+00
       5792    190.544     1.2975     1.2919   2.947310   2.946921     1.9108     2.2892      7.935     0.7616     4.2932 1.0752e-01    -0.0856   102.1618     6.6694     6.9023    34.0080    34.0092    27.2281    27.2294    7.82840 0.0000e+00
       5795    190.635     1.2977     1.2921   2.947317   2.946949     1.9099     2.2896      7.935     0.7616     4.2932 1.0752e-01    -0.0856   102.1618     6.6675     6.9050    34.0078    34.0093    27.2279    27.2294    7.82837 0.0000e+00
       5798    190.725     1.2978     1.2922   2.947316   2.946985     1.9104     2.2905      7.935     0.7510     4.2932 1.0752e-01    -0.0856   102.1618     6.6693     6.9079    34.0077    34.0096    27.2278    27.2297    7.82837 0.0000e+00
       5801    190.813     1.2976     1.2924   2.947325   2.946989     1.9108     2.2905      7.935     0.7616     4.2932 1.0752e-01    -0.0866   102.1889     6.6744     6.9076    34.0080    34.0094    27.2280    27.2295    7.82839 0.0000e+00
       5804    190.896     1.2978     1.2925   2.947330   2.946996     1.9104     2.2896      7.935     0.7616     4.2932 1.0727e-01    -0.0990   102.5054     6.6713     6.9033    34.0078    34.0093    27.2278    27.2294    7.82836 0.0000e+00
       5807    190.977     1.2979     1.2924   2.947337   2.947003     1.9104     2.2884      7.933     0.7510     4.2932 1.0752e-01    -0.0993   102.5145     6.6715     6.8980    34.0077    34.0094    27.2278    27.2295    7.82835 0.0000e+00
       5810    191.058     1.2976     1.2924   2.947338   2.946993     1.9095     2.2892      7.935     0.7510     4.2537 1.0752e-01    -0.0993   102.5145     6.6713     6.9043    34.0080    34.0093    27.2280    27.2294    7.82840 0.0000e+00
       5813    191.134     1.2978     1.2925   2.947335   2.947003     1.9099     2.2896      7.935     0.7616     3.8195 1.0740e-01    -0.0993   102.5145     6.6749     6.9078    34.0078    34.0093    27.2278    27.2294    7.82837 0.0000e+00
       5816    191.208     1.2978     1.2926   2.947325   2.947014     1.9099     2.2892      7.935     0.7510     3.8195 1.0740e-01    -0.0993   102.5145     6.6779     6.9034    34.0076    34.0092    27.2277    27.2294    7.82838 0.0000e+00
       5819    191.278     1.2978     1.2926   2.947308   2.947007     1.9095     2.2896      7.935     0.7510     3.8195 1.0752e-01    -0.0993   102.5145     6.6762     6.9020    34.0073    34.0091    27.2275    27.2292    7.82840 0.0000e+00
       5822    191.346     1.2978     1.2925   2.947317   2.947018     1.9099     2.2888      7.935     0.7510     3.8195 1.0752e-01    -0.0993   102.5145     6.6772     6.9003    34.0074    34.0093    27.2275    27.2294    7.82839 0.0000e+00
       5825    191.412     1.2975     1.2925   2.947323   2.946992     1.9099     2.2892      7.935     0.7616     3.8195 1.0727e-01    -0.0993   102.5145     6.6795     6.9036    34.0077    34.0090    27.2278    27.2292    7.82843 0.0000e+00
       5828    191.475     1.2978     1.2924   2.947321   2.947018     1.9095     2.2884      7.935     0.7405     3.8195 1.0727e-01    -0.1000   102.5326     6.6800     6.9024    34.0073    34.0093    27.2275    27.2295    7.82838 0.0000e+00
       5831    191.535     1.2979     1.2922   2.947341   2.946992     1.9091     2.2884      7.933     0.7510     3.8195 1.0740e-01    -0.0993   102.5145     6.6771     6.9025    34.0075    34.0092    27.2276    27.2294    7.82837 0.0000e+00
       5834    191.592     1.2978     1.2924   2.947339   2.946992     1.9104     2.2892      7.935     0.7510     3.8195 1.0752e-01    -0.0993   102.5145     6.6828     6.9038    34.0074    34.0090    27.2276    27.2292    7.82837 0.0000e+00
       5837    191.650     1.2978     1.2922   2.947316   2.946972     1.9104     2.2888      7.935     0.7510     2.4377 1.0752e-01    -0.0993   102.5145     6.6793     6.9025    34.0072    34.0089    27.2274    27.2292    7.82841 0.0000e+00
       5840    191.706     1.2976     1.2923   2.947341   2.946972     1.9095     2.2880      7.935     0.7616    -0.7206 1.0752e-01    -0.1000   102.5326     6.6724     6.8981    34.0076    34.0087    27.2278    27.2290    7.82841 0.0000e+00
       5843    191.761     1.2978     1.2925   2.947335   2.947003     1.9091     2.2880      7.935     0.7510    -0.5627 1.0752e-01    -0.0986   102.4964     6.6695     6.8994    34.0074    34.0089    27.2275    27.2291    7.82839 0.0000e+00
       5846    191.817     1.2980     1.2929   2.947338   2.947034     1.9099     2.2888      7.935     0.7616    -0.5627 1.0740e-01    -0.0972   102.4602     6.6713     6.9037    34.0072    34.0088    27.2273    27.2290    7.82836 0.0000e+00
       5849    191.871     1.2978     1.2928   2.947336   2.947033     1.9099     2.2880      7.935     0.7510    -0.5627 1.0740e-01    -0.0979   102.4783     6.6721     6.9008    34.0073    34.0088    27.2274    27.2290    7.82839 0.0000e+00
       5852    191.924     1.2979     1.2926   2.947332   2.947030     1.9095     2.2880      7.935     0.7616    -0.5627 1.0752e-01    -0.0979   102.4783     6.6707     6.9025    34.0071    34.0090    27.2273    27.2292    7.82838 0.0000e+00
       5855    191.977     1.2977     1.2925   2.947342   2.947013     1.9091     2.2888      7.935     0.7405    -0.6022 1.0740e-01    -0.0983   102.4874     6.6672     6.9054    34.0074    34.0089    27.2275    27.2291    7.82840 0.0000e+00
       5858    192.034     1.2979     1.2924   2.947327   2.947002     1.9091     2.2880      7.935     0.7616    -0.6416 1.0752e-01    -0.0979   102.4783     6.6680     6.9040    34.0070    34.0089    27.2272    27.2291    7.82839 0.0000e+00
       5861    192.089     1.2980     1.2924   2.947340   2.947012     1.9083     2.2872      7.935     0.7510    -0.5627 1.0752e-01    -0.0979   102.4783     6.6653     6.9019    34.0070    34.0089    27.2272    27.2291    7.82836 0.0000e+00
       5864    192.148     1.2980     1.2925   2.947353   2.947026     1.9083     2.2876      7.935     0.7616     0.3848 1.0752e-01    -0.0979   102.4783     6.6649     6.9019    34.0072    34.0090    27.2273    27.2291    7.82836 0.0000e+00
       5867    192.215     1.2979     1.2925   2.947360   2.947028     1.9087     2.2876      7.935     0.7510     1.0954 1.0740e-01    -0.0983   102.4874     6.6666     6.8994    34.0073    34.0089    27.2275    27.2291    7.82838 0.0000e+00
       5870    192.286     1.2978     1.2925   2.947374   2.947026     1.9087     2.2880      7.935     0.7510     1.0954 1.0752e-01    -0.0983   102.4874     6.6639     6.8996    34.0075    34.0089    27.2276    27.2291    7.82837 0.0000e+00
       5873    192.359     1.2980     1.2927   2.947378   2.947049     1.9091     2.2876      7.935     0.7616     1.0559 1.0752e-01    -0.0983   102.4874     6.6677     6.8981    34.0074    34.0089    27.2275    27.2290    7.82835 0.0000e+00
       5876    192.436     1.2978     1.2928   2.947389   2.947059     1.9087     2.2880      7.935     0.7616     1.0954 1.0752e-01    -0.0983   102.4874     6.6682     6.8990    34.0076    34.0089    27.2277    27.2291    7.82837 0.0000e+00
       5879    192.518     1.2980     1.2928   2.947410   2.947076     1.9087     2.2880      7.935     0.7405     1.0954 1.0740e-01    -0.0983   102.4874     6.6685     6.8992    34.0076    34.0090    27.2277    27.2292    7.82833 0.0000e+00
       5882    192.602     1.2979     1.2930   2.947405   2.947126     1.9091     2.2880      7.935     0.7616     1.0954 1.0752e-01    -0.0983   102.4874     6.6688     6.9013    34.0076    34.0094    27.2277    27.2295    7.82835 0.0000e+00
       5885    192.696     1.2985     1.2934   2.947443   2.947145     1.9079     2.2868      7.935     0.7510     1.0954 1.0752e-01    -0.0993   102.5145     6.6652     6.8971    34.0074    34.0092    27.2275    27.2293    7.82824 0.0000e+00
       5888    192.794     1.2983     1.2929   2.947423   2.947098     1.9079     2.2868      7.935     0.7510     1.0559 1.0752e-01    -0.0993   102.5145     6.6669     6.8948    34.0073    34.0091    27.2274    27.2292    7.82828 0.0000e+00
       5891    192.900     1.2982     1.2930   2.947448   2.947121     1.9079     2.2864      7.935     0.7616    -0.4048 1.0740e-01    -0.0993   102.5145     6.6648     6.8933    34.0077    34.0092    27.2277    27.2293    7.82828 0.0000e+00
       5894    193.012     1.2990     1.2932   2.947557   2.947135     1.9079     2.2868      7.935     0.7510    -0.6022 1.0752e-01    -0.0993   102.5145     6.6640     6.8956    34.0082    34.0090    27.2281    27.2292    7.82811 0.0000e+00
       5897    193.129     1.2998     1.2936   2.947636   2.947207     1.9079     2.2868      7.935     0.7510    -0.6022 1.0752e-01    -0.0993   102.5145     6.6633     6.8963    34.0083    34.0094    27.2281    27.2295    7.82793 0.0000e+00
       5900    193.253     1.2998     1.2941   2.947631   2.947208     1.9079     2.2868      7.935     0.7510    -0.6022 1.0752e-01    -0.0993   102.5145     6.6664     6.8982    34.0081    34.0089    27.2279    27.2290    7.82794 0.0000e+00
       5903    193.379     1.2995     1.2941   2.947600   2.947250     1.9075     2.2868      7.935     0.7510    -0.6022 1.0740e-01    -0.0986   102.4964     6.6647     6.9001    34.0080    34.0093    27.2279    27.2294    7.82802 0.0000e+00
       5906    193.513     1.3000     1.2944   2.947633   2.947290     1.9071     2.2868      7.935     0.7616    -0.6022 1.0752e-01    -0.0983   102.4874     6.6652     6.8999    34.0078    34.0095    27.2277    27.2294    7.82792 0.0000e+00
       5909    193.651     1.2995     1.2944   2.947616   2.947296     1.9087     2.2868      7.935     0.7616    -0.5627 1.0740e-01    -0.0983   102.4874     6.6761     6.9008    34.0080    34.0094    27.2279    27.2294    7.82800 0.0000e+00
       5912    193.792     1.2995     1.2945   2.947651   2.947278     1.9083     2.2860      7.935     0.7510    -0.6416 1.0752e-01    -0.0983   102.4874     6.6746     6.8963    34.0084    34.0090    27.2282    27.2291    7.82800 0.0000e+00
       5915    193.941     1.2997     1.2942   2.947670   2.947290     1.9071     2.2868      7.935     0.7510     0.1874 1.0752e-01    -0.0983   102.4874     6.6708     6.8977    34.0084    34.0095    27.2282    27.2295    7.82796 0.0000e+00
       5918    194.091     1.3005     1.2948   2.947763   2.947376     1.9075     2.2868      7.935     0.7616     4.2143 1.0752e-01    -0.0983   102.4874     6.6698     6.8959    34.0085    34.0098    27.2283    27.2297    7.82778 0.0000e+00
       5921    194.244     1.3012     1.2958   2.947824   2.947488     1.9075     2.2864      7.935     0.7616     4.1748 1.0752e-01    -0.0983   102.4874     6.6716     6.8962    34.0085    34.0101    27.2282    27.2298    7.82764 0.0000e+00
       5924    194.396     1.3015     1.2965   2.947874   2.947531     1.9075     2.2868      7.935     0.7510     4.1748 1.0752e-01    -0.0983   102.4874     6.6743     6.8981    34.0087    34.0098    27.2283    27.2295    7.82756 0.0000e+00
       5927    194.550     1.3016     1.2965   2.947878   2.947515     1.9071     2.2860      7.935     0.7510     4.1748 1.0752e-01    -0.0983   102.4874     6.6730     6.8958    34.0086    34.0094    27.2282    27.2293    7.82755 0.0000e+00
       5930    194.702     1.3025     1.2966   2.947953   2.947558     1.9079     2.2856      7.935     0.7405     4.1748 1.0740e-01    -0.0983   102.4874     6.6751     6.8946    34.0085    34.0098    27.2281    27.2295    7.82738 0.0000e+00
       5933    194.856     1.3029     1.2973   2.948012   2.947644     1.9075     2.2856      7.935     0.7616     4.1748 1.0740e-01    -0.0983   102.4874     6.6732     6.8953    34.0087    34.0101    27.2282    27.2297    7.82728 0.0000e+00
       5936    195.010     1.3032     1.2975   2.948040   2.947684     1.9079     2.2856      7.935     0.7510     4.1748 1.0740e-01    -0.0983   102.4874     6.6806     6.8960    34.0086    34.0102    27.2281    27.2298    7.82722 0.0000e+00
       5939    195.161     1.3031     1.2978   2.948030   2.947716     1.9075     2.2852      7.935     0.7405     4.1748 1.0727e-01    -0.0983   102.4874     6.6796     6.8931    34.0085    34.0103    27.2281    27.2298    7.82725 0.0000e+00
       5942    195.307     1.3033     1.2982   2.948046   2.947761     1.9067     2.2860      7.935     0.7616     3.8984 1.0752e-01    -0.0979   102.4783     6.6749     6.8979    34.0084    34.0103    27.2280    27.2299    7.82722 0.0000e+00
       5945    195.448     1.3034     1.2984   2.948097   2.947763     1.9083     2.2864      7.935     0.7616     3.5826 1.0752e-01    -0.0993   102.5145     6.6825     6.9012    34.0089    34.0100    27.2283    27.2296    7.82717 0.0000e+00
       5948    195.586     1.3034     1.2984   2.948123   2.947795     1.9079     2.2860      7.935     0.7616     3.5826 1.0752e-01    -0.0997   102.5235     6.6814     6.9044    34.0092    34.0104    27.2286    27.2299    7.82716 0.0000e+00
       5951    195.719     1.3035     1.2987   2.948102   2.947792     1.9075     2.2856      7.935     0.7510     3.5826 1.0752e-01    -0.1000   102.5326     6.6777     6.9070    34.0087    34.0100    27.2282    27.2296    7.82716 0.0000e+00
       5954    195.842     1.3033     1.2986   2.948119   2.947821     1.9075     2.2856      7.935     0.7616     3.5826 1.0752e-01    -0.0993   102.5145     6.6771     6.9095    34.0090    34.0104    27.2285    27.2299    7.82718 0.0000e+00
       5957    195.960     1.3035     1.2986   2.948131   2.947803     1.9079     2.2856      7.935     0.7616     3.5826 1.0752e-01    -0.0993   102.5145     6.6816     6.9105    34.0089    34.0101    27.2284    27.2296    7.82715 0.0000e+00
       5960    196.073     1.3036     1.2985   2.948153   2.947836     1.9079     2.2856      7.935     0.7510     3.5826 1.0752e-01    -0.0993   102.5145     6.6815     6.9116    34.0090    34.0105    27.2284    27.2300    7.82712 0.0000e+00
       5963    196.178     1.3040     1.2986   2.948176   2.947857     1.9079     2.2852      7.935     0.7299     3.5826 1.0752e-01    -0.0990   102.5055     6.6818     6.9109    34.0088    34.0106    27.2282    27.2300    7.82705 0.0000e+00
       5966    196.281     1.3042     1.2988   2.948184   2.947852     1.9075     2.2856      7.935     0.7299     3.5826 1.0752e-01    -0.0976   102.4693     6.6792     6.9134    34.0087    34.0103    27.2281    27.2298    7.82702 0.0000e+00
       5969    196.377     1.3039     1.2988   2.948188   2.947882     1.9079     2.2860      7.935     0.7299     1.7666 1.0740e-01    -0.0979   102.4783     6.6800     6.9202    34.0090    34.0106    27.2284    27.2300    7.82707 0.0000e+00
       5972    196.465     1.3053     1.2988   2.948410   2.947861     1.9079     2.2868      7.935     0.7299     1.0559 1.0752e-01    -0.0983   102.4874     6.6816     6.9250    34.0103    34.0103    27.2293    27.2298    7.82672 0.0000e+00
