Datasets/AZMP/TEL210/tel210_2020_086.cnv
* Sea-Bird SBE 9 Data File:
* FileName = C:\CTDDATA\tel210_2020_086.hex
* Software Version Seasave V 7.26.7.110
* Temperature SN = 1697
* Conductivity SN = 4216
* Number of Bytes Per Scan = 30
* Number of Voltage Words = 4
* Number of Scans Averaged by the Deck Unit = 1
* NMEA baud rate = 4800
** VESSEL/TRIP/SEQ STN:  TEL210_2020_086
** LATITUDE XX XX.XX: 53 37.00 N
** LONGITUDE XX XX.XX: 055 00.00 W
** SOUNDING DEPTH (M): 0294
** PROBE TYPE: S1146
** CTD NUMBER: 056
** COMMENTS (14 CHAR): SI-05
** BOTTLES:  11
** LEVELS: 5,10,20,30,40,50,75,100,150,250,BTM
** STICKERS: 436140 - 436150
** VNET: Y
** DO2: N
# nquan = 22
# nvalues = 6562                        
# units = specified
# name 0 = scan: Scan Count
# name 1 = prDM: Pressure, Digiquartz [db]
# name 2 = t090C: Temperature [ITS-90, deg C]
# name 3 = t190C: Temperature, 2 [ITS-90, deg C]
# name 4 = c0S/m: Conductivity [S/m]
# name 5 = c1S/m: Conductivity, 2 [S/m]
# name 6 = sbeox0V: Oxygen raw, SBE 43 [V]
# name 7 = sbeox1V: Oxygen raw, SBE 43, 2 [V]
# name 8 = ph: pH
# name 9 = flECO-AFL: Fluorescence, WET Labs ECO-AFL/FL [mg/m^3]
# name 10 = wetCDOM: Fluorescence, WET Labs CDOM [mg/m^3]
# name 11 = par/sat/log: PAR/Logarithmic, Satlantic [umol photons/m^2/sec]
# name 12 = CStarAt0: Beam Attenuation, WET Labs C-Star [1/m]
# name 13 = CStarTr0: Beam Transmission, WET Labs C-Star [%]
# name 14 = sbeox0ML/L: Oxygen, SBE 43 [ml/l], WS = 2
# name 15 = sbeox1ML/L: Oxygen, SBE 43, 2 [ml/l], WS = 2
# name 16 = sal00: Salinity, Practical [PSU]
# name 17 = sal11: Salinity, Practical, 2 [PSU]
# name 18 = sigma-t00: Density [sigma-t, kg/m^3 ]
# name 19 = sigma-t11: Density, 2 [sigma-t, kg/m^3 ]
# name 20 = oxsatML/L: Oxygen Saturation, Weiss [ml/l]
# name 21 = flag: flag
# span 0 =         47,      40985       
# span 1 =      1.407,    292.010       
# span 2 =    -0.6572,    11.1704       
# span 3 =    -0.6626,    11.1747       
# span 4 =   2.707304,   3.545647       
# span 5 =   2.707073,   3.545131       
# span 6 =     1.9334,     2.5968       
# span 7 =     2.3271,     3.1672       
# span 8 =      7.966,      8.286       
# span 9 =     0.6664,     6.6240       
# span 10 =    -2.8130,   482.1870      
# span 11 = 1.0544e-01, 5.7620e-01      
# span 12 =    -0.1341,     0.6856      
# span 13 =    84.2473,   103.4098      
# span 14 =     6.4401,     9.6454      
# span 15 =     6.3998,    10.2466      
# span 16 =    31.2583,    34.0876      
# span 17 =    31.2569,    34.0887      
# span 18 =    23.8337,    27.2722      
# span 19 =    23.8320,    27.2734      
# span 20 =    6.30515,    8.29490      
# span 21 = 0.0000e+00, 0.0000e+00      
# interval = scans: 3                   
# start_time = Jul 25 2020 03:58:50 [System UTC, header]
# bad_flag = -9.990e-29
*END*
[from data line 4675]
      21584    144.203     0.4741     0.4718   2.856230   2.856320     1.9951     2.4040      8.005     0.7616    -0.4443 1.0715e-01    -0.1275   103.2380     7.2369     7.5274    33.7575    33.7611    27.0779    27.0810    8.01238 0.0000e+00
      21587    144.125     0.4742     0.4699   2.856236   2.855891     1.9956     2.4040      8.005     0.7510    -0.3258 1.0715e-01    -0.1275   103.2380     7.2414     7.5286    33.7575    33.7578    27.0779    27.0783    8.01236 0.0000e+00
      21590    144.052     0.4734     0.4681   2.855865   2.855580     1.9947     2.4044      8.005     0.7405    -0.3258 1.0715e-01    -0.1271   103.2289     7.2397     7.5308    33.7536    33.7557    27.0748    27.0768    8.01275 0.0000e+00
      21593    143.982     0.4729     0.4678   2.855697   2.855510     1.9943     2.4052      8.005     0.7616    -0.3258 1.0727e-01    -0.1275   103.2380     7.2340     7.5357    33.7520    33.7551    27.0735    27.0764    8.01293 0.0000e+00
      21596    143.912     0.4726     0.4678   2.855541   2.855546     1.9935     2.4056      8.005     0.7616    -0.4048 1.0715e-01    -0.1271   103.2289     7.2290     7.5363    33.7503    33.7556    27.0722    27.0768    8.01308 0.0000e+00
      21599    143.843     0.4727     0.4680   2.855684   2.855489     1.9947     2.4044      8.005     0.7299    -0.3258 1.0715e-01    -0.1278   103.2470     7.2343     7.5323    33.7522    33.7547    27.0737    27.0760    8.01298 0.0000e+00
      21602    143.776     0.4727     0.4681   2.855833   2.855489     1.9951     2.4052      8.005     0.7193    -0.3653 1.0715e-01    -0.1275   103.2380     7.2328     7.5344    33.7541    33.7547    27.0753    27.0760    8.01286 0.0000e+00
      21605    143.706     0.4729     0.4685   2.855663   2.855495     1.9943     2.4052      8.005     0.7299    -0.3653 1.0715e-01    -0.1271   103.2289     7.2314     7.5336    33.7517    33.7543    27.0733    27.0756    8.01295 0.0000e+00
      21608    143.640     0.4722     0.4685   2.855584   2.855472     1.9951     2.4064      8.005     0.7299    -0.6811 1.0715e-01    -0.1271   103.2289     7.2383     7.5386    33.7514    33.7541    27.0731    27.0755    8.01311 0.0000e+00
      21611    143.579     0.4726     0.4682   2.855724   2.855264     1.9960     2.4064      8.005     0.7299    -0.9180 1.0715e-01    -0.1278   103.2470     7.2465     7.5404    33.7529    33.7517    27.0743    27.0736    8.01296 0.0000e+00
      21614    143.520     0.4725     0.4674   2.855699   2.855087     1.9960     2.4064      8.005     0.7299    -0.9575 1.0715e-01    -0.1275   103.2380     7.2505     7.5413    33.7527    33.7504    27.0742    27.0725    8.01298 0.0000e+00
      21617    143.466     0.4720     0.4674   2.855593   2.855147     1.9951     2.4064      8.005     0.7299    -0.9180 1.0727e-01    -0.1271   103.2289     7.2462     7.5402    33.7519    33.7512    27.0735    27.0732    8.01312 0.0000e+00
      21620    143.410     0.4728     0.4675   2.855819   2.855221     1.9956     2.4064      8.005     0.7299    -0.9180 1.0727e-01    -0.1275   103.2380     7.2469     7.5419    33.7541    33.7521    27.0752    27.0739    8.01285 0.0000e+00
      21623    143.357     0.4735     0.4683   2.855877   2.855353     1.9951     2.4064      8.005     0.7299    -0.9180 1.0715e-01    -0.1275   103.2380     7.2412     7.5400    33.7540    33.7529    27.0752    27.0745    8.01270 0.0000e+00
      21626    143.308     0.4727     0.4682   2.855781   2.855370     1.9943     2.4073      8.005     0.7510    -0.9180 1.0715e-01    -0.1275   103.2380     7.2356     7.5406    33.7537    33.7533    27.0749    27.0749    8.01288 0.0000e+00
      21629    143.263     0.4721     0.4682   2.855559   2.855400     1.9964     2.4077      8.005     0.7510    -0.9180 1.0715e-01    -0.1271   103.2289     7.2459     7.5419    33.7515    33.7537    27.0732    27.0752    8.01313 0.0000e+00
      21632    143.220     0.4713     0.4684   2.855477   2.855640     1.9960     2.4077      8.005     0.7616    -0.9575 1.0715e-01    -0.1278   103.2470     7.2416     7.5410    33.7513    33.7566    27.0731    27.0775    8.01331 0.0000e+00
      21635    143.177     0.4718     0.4690   2.855549   2.855825     1.9964     2.4089      8.005     0.7510     0.1874 1.0752e-01    -0.1275   103.2380     7.2435     7.5450    33.7518    33.7584    27.0735    27.0789    8.01319 0.0000e+00
      21638    143.137     0.4717     0.4690   2.855522   2.855815     1.9960     2.4085      8.005     0.7405     0.5032 1.0727e-01    -0.1257   103.1927     7.2436     7.5427    33.7515    33.7583    27.0732    27.0789    8.01321 0.0000e+00
      21641    143.099     0.4700     0.4687   2.855071   2.855770     1.9960     2.4077      8.005     0.7405     0.5032 1.0715e-01    -0.1254   103.1837     7.2445     7.5376    33.7475    33.7580    27.0701    27.0786    8.01380 0.0000e+00
      21644    143.058     0.4684     0.4681   2.855004   2.855591     1.9964     2.4089      8.005     0.7405     0.5032 1.0715e-01    -0.1257   103.1927     7.2453     7.5393    33.7484    33.7563    27.0709    27.0773    8.01409 0.0000e+00
      21647    143.018     0.4706     0.4675   2.855461   2.855349     1.9960     2.4081      8.005     0.7616     0.5032 1.0715e-01    -0.1247   103.1656     7.2435     7.5331    33.7520    33.7540    27.0737    27.0754    8.01342 0.0000e+00
      21650    142.977     0.4708     0.4656   2.855280   2.854883     1.9960     2.4085      8.005     0.7616     0.5032 1.0727e-01    -0.1254   103.1837     7.2400     7.5309    33.7495    33.7500    27.0716    27.0723    8.01352 0.0000e+00
      21653    142.936     0.4698     0.4647   2.855153   2.854811     1.9964     2.4097      8.005     0.7510     0.5032 1.0715e-01    -0.1247   103.1656     7.2399     7.5334    33.7489    33.7501    27.0712    27.0725    8.01376 0.0000e+00
      21656    142.891     0.4697     0.4652   2.855112   2.855006     1.9964     2.4089      8.005     0.7510     0.4637 1.0740e-01    -0.1254   103.1837     7.2429     7.5275    33.7485    33.7520    27.0709    27.0740    8.01380 0.0000e+00
      21659    142.847     0.4693     0.4665   2.855181   2.855323     1.9964     2.4089      8.005     0.7510     0.5427 1.0727e-01    -0.1296   103.2922     7.2432     7.5257    33.7499    33.7547    27.0720    27.0761    8.01382 0.0000e+00
      21662    142.799     0.4685     0.4680   2.854961   2.855387     1.9964     2.4093      8.005     0.7510     1.2928 1.0715e-01    -0.1292   103.2831     7.2445     7.5301    33.7479    33.7540    27.0705    27.0754    8.01409 0.0000e+00
      21665    142.748     0.4672     0.4665   2.854692   2.854934     1.9960     2.4089      8.005     0.7510     1.3323 1.0715e-01    -0.1296   103.2922     7.2457     7.5316    33.7458    33.7498    27.0689    27.0721    8.01447 0.0000e+00
      21668    142.692     0.4670     0.4632   2.854619   2.854272     1.9968     2.4089      8.005     0.7405     1.3323 1.0715e-01    -0.1292   103.2831     7.2485     7.5327    33.7451    33.7448    27.0683    27.0683    8.01455 0.0000e+00
      21671    142.632     0.4662     0.4621   2.854582   2.854231     1.9968     2.4093      8.005     0.7616     1.3323 1.0727e-01    -0.1296   103.2922     7.2496     7.5355    33.7456    33.7455    27.0687    27.0689    8.01470 0.0000e+00
      21674    142.568     0.4653     0.4630   2.854448   2.854525     1.9964     2.4089      8.005     0.7510     1.3323 1.0727e-01    -0.1292   103.2831     7.2478     7.5317    33.7448    33.7484    27.0682    27.0712    8.01493 0.0000e+00
      21677    142.501     0.4630     0.4649   2.854050   2.854903     1.9972     2.4089      8.005     0.7616     1.2928 1.0727e-01    -0.1289   103.2741     7.2503     7.5313    33.7422    33.7512    27.0662    27.0734    8.01557 0.0000e+00
      21680    142.426     0.4608     0.4651   2.853717   2.854741     1.9972     2.4089      8.005     0.7616     1.2534 1.0715e-01    -0.1278   103.2470     7.2518     7.5350    33.7403    33.7489    27.0647    27.0716    8.01613 0.0000e+00
      21683    142.350     0.4593     0.4617   2.853599   2.854067     1.9968     2.4093      8.005     0.7510     1.3323 1.0715e-01    -0.1278   103.2470     7.2488     7.5380    33.7405    33.7439    27.0650    27.0677    8.01644 0.0000e+00
      21686    142.269     0.4585     0.4587   2.853412   2.853689     1.9972     2.4101      8.005     0.7616     1.3718 1.0727e-01    -0.1278   103.2470     7.2498     7.5415    33.7390    33.7423    27.0639    27.0666    8.01669 0.0000e+00
      21689    142.183     0.4564     0.4552   2.853128   2.853208     1.9976     2.4109      8.005     0.7616     1.4507 1.0715e-01    -0.1278   103.2470     7.2514     7.5448    33.7376    33.7399    27.0628    27.0648    8.01721 0.0000e+00
      21692    142.096     0.4544     0.4519   2.852942   2.852846     1.9968     2.4101      8.005     0.7616     1.4507 1.0727e-01    -0.1278   103.2470     7.2462     7.5417    33.7373    33.7389    27.0628    27.0641    8.01764 0.0000e+00
      21695    142.006     0.4525     0.4491   2.852709   2.852571     1.9976     2.4105      8.005     0.7510     1.4507 1.0727e-01    -0.1278   103.2470     7.2492     7.5447    33.7365    33.7384    27.0622    27.0639    8.01810 0.0000e+00
      21698    141.913     0.4503     0.4487   2.852492   2.852592     1.9972     2.4097      8.005     0.7510     1.4112 1.0715e-01    -0.1285   103.2651     7.2458     7.5396    33.7361    33.7392    27.0620    27.0645    8.01859 0.0000e+00
      21701    141.821     0.4486     0.4471   2.852249   2.852302     1.9968     2.4101      8.005     0.7510     1.4112 1.0727e-01    -0.1289   103.2741     7.2418     7.5391    33.7349    33.7371    27.0611    27.0630    8.01901 0.0000e+00
      21704    141.728     0.4466     0.4455   2.852113   2.852164     1.9976     2.4109      8.005     0.7299     1.4507 1.0715e-01    -0.1289   103.2741     7.2466     7.5417    33.7353    33.7372    27.0616    27.0632    8.01941 0.0000e+00
      21707    141.633     0.4460     0.4456   2.852018   2.852277     1.9972     2.4105      8.005     0.7299     1.4112 1.0727e-01    -0.1289   103.2741     7.2443     7.5358    33.7348    33.7386    27.0612    27.0643    8.01957 0.0000e+00
      21710    141.538     0.4450     0.4455   2.851855   2.852108     1.9972     2.4101      8.005     0.7299     1.4507 1.0715e-01    -0.1289   103.2741     7.2429     7.5317    33.7338    33.7365    27.0605    27.0627    8.01983 0.0000e+00
      21713    141.440     0.4447     0.4427   2.851891   2.851793     1.9976     2.4101      8.005     0.7299     2.4377 1.0715e-01    -0.1289   103.2741     7.2467     7.5343    33.7347    33.7355    27.0612    27.0620    8.01985 0.0000e+00
      21716    141.343     0.4448     0.4416   2.851916   2.851794     1.9976     2.4109      8.005     0.7299     3.1089 1.0715e-01    -0.1289   103.2741     7.2433     7.5380    33.7349    33.7368    27.0614    27.0631    8.01981 0.0000e+00
      21719    141.247     0.4460     0.4409   2.852076   2.851678     1.9972     2.4109      8.005     0.7193     3.1089 1.0740e-01    -0.1268   103.2199     7.2401     7.5370    33.7358    33.7362    27.0620    27.0626    8.01951 0.0000e+00
      21722    141.151     0.4458     0.4419   2.852028   2.851788     1.9972     2.4101      8.005     0.7299     3.1089 1.0715e-01    -0.1268   103.2199     7.2419     7.5320    33.7355    33.7365    27.0617    27.0628    8.01957 0.0000e+00
      21725    141.059     0.4442     0.4409   2.851781   2.851584     1.9968     2.4109      8.005     0.7299     3.1089 1.0715e-01    -0.1268   103.2199     7.2398     7.5344    33.7339    33.7350    27.0606    27.0617    8.01998 0.0000e+00
      21728    140.966     0.4426     0.4408   2.851551   2.851721     1.9976     2.4113      8.005     0.6981     3.1089 1.0715e-01    -0.1268   103.2199     7.2433     7.5354    33.7328    33.7369    27.0598    27.0632    8.02040 0.0000e+00
      21731    140.875     0.4395     0.4421   2.851228   2.851678     1.9976     2.4097      8.005     0.6770     3.1089 1.0715e-01    -0.1268   103.2199     7.2452     7.5300    33.7320    33.7350    27.0593    27.0616    8.02109 0.0000e+00
      21734    140.783     0.4390     0.4364   2.851422   2.850891     1.9972     2.4109      8.005     0.6981     3.1089 1.0715e-01    -0.1268   103.2199     7.2420     7.5352    33.7352    33.7310    27.0619    27.0587    8.02103 0.0000e+00
      21737    140.692     0.4410     0.4351   2.851334   2.851015     1.9972     2.4109      8.005     0.6875     3.0694 1.0740e-01    -0.1268   103.2199     7.2407     7.5336    33.7318    33.7342    27.0591    27.0613    8.02077 0.0000e+00
      21740    140.605     0.4285     0.4365   2.849784   2.851244     1.9968     2.4105      8.005     0.6875     1.8061 1.0727e-01    -0.1289   103.2741     7.2412     7.5300    33.7254    33.7356    27.0546    27.0624    8.02379 0.0000e+00
      21743    140.516     0.4257     0.4395   2.849807   2.851516     1.9972     2.4105      8.005     0.6875     1.6481 1.0727e-01    -0.1289   103.2741     7.2471     7.5291    33.7288    33.7360    27.0575    27.0625    8.02419 0.0000e+00
      21746    140.428     0.4246     0.4417   2.849607   2.851831     1.9976     2.4105      8.005     0.6981     1.6876 1.0715e-01    -0.1289   103.2741     7.2481     7.5267    33.7274    33.7378    27.0565    27.0639    8.02450 0.0000e+00
      21749    140.340     0.4251     0.4425   2.849981   2.851843     1.9972     2.4105      8.005     0.6875     1.6876 1.0727e-01    -0.1289   103.2741     7.2477     7.5270    33.7318    33.7370    27.0599    27.0632    8.02414 0.0000e+00
      21752    140.252     0.4274     0.4405   2.850349   2.851752     1.9972     2.4109      8.005     0.6664     1.6876 1.0715e-01    -0.1289   103.2741     7.2477     7.5297    33.7341    33.7382    27.0617    27.0642    8.02353 0.0000e+00
      21755    140.163     0.4311     0.4471   2.850516   2.852576     1.9976     2.4109      8.005     0.7404     1.6876 1.0715e-01    -0.1289   103.2741     7.2490     7.5276    33.7323    33.7418    27.0600    27.0668    8.02284 0.0000e+00
      21758    140.070     0.4216     0.4487   2.849081   2.852227     1.9968     2.4101      8.005     0.7510     1.6876 1.0715e-01    -0.1282   103.2560     7.2506     7.5191    33.7240    33.7354    27.0539    27.0616    8.02531 0.0000e+00
      21761    139.976     0.4133     0.4341   2.848468   2.850459     1.9968     2.4109      8.005     0.7510     1.6876 1.0715e-01    -0.1285   103.2651     7.2536     7.5268    33.7251    33.7284    27.0552    27.0567    8.02700 0.0000e+00
      21764    139.880     0.4071     0.4207   2.847642   2.848991     1.9972     2.4101      8.004     0.7405     1.3323 1.0715e-01    -0.1285   103.2651     7.2547     7.5292    33.7213    33.7240    27.0524    27.0539    8.02855 0.0000e+00
      21767    139.784     0.4012     0.4081   2.846994   2.847797     1.9980     2.4097      8.005     0.7616     0.0690 1.0715e-01    -0.1282   103.2560     7.2616     7.5302    33.7192    33.7222    27.0511    27.0531    8.02989 0.0000e+00
      21770    139.689     0.3973     0.3997   2.846634   2.847048     1.9968     2.4105      8.005     0.7722     0.1084 1.0727e-01    -0.1285   103.2651     7.2580     7.5347    33.7188    33.7217    27.0511    27.0532    8.03074 0.0000e+00
      21773    139.586     0.3967     0.3958   2.846884   2.846607     1.9984     2.4109      8.005     0.7510     0.1084 1.0727e-01    -0.1282   103.2560     7.2697     7.5371    33.7229    33.7202    27.0544    27.0522    8.03066 0.0000e+00
      21776    139.484     0.3971     0.3910   2.846551   2.846007     1.9972     2.4101      8.005     0.7616     0.0295 1.0740e-01    -0.1282   103.2560     7.2653     7.5346    33.7181    33.7177    27.0505    27.0505    8.03083 0.0000e+00
