Datasets/AZMP/TEL210/tel210_2020_089.cnv
* Sea-Bird SBE 9 Data File:
* FileName = C:\CTDDATA\tel210_2020_089.hex
* Software Version Seasave V 7.26.7.110
* Temperature SN = 1697
* Conductivity SN = 4216
* Number of Bytes Per Scan = 30
* Number of Voltage Words = 4
* Number of Scans Averaged by the Deck Unit = 1
* NMEA baud rate = 4800
** VESSEL/TRIP/SEQ STN:  tel210_2020_089
** LATITUDE XX XX.XX: 54 04.90 N
** LONGITUDE XX XX.XX: 054 13.00 W
** SOUNDING DEPTH (M): 0190
** PROBE TYPE: S1146
** CTD NUMBER: 059
** COMMENTS (14 CHAR): SI-08
** BOTTLES:  10
** LEVELS: 5,10,20,30,40,50,75,100,150,BTM
** STICKERS: 436160 - 436169
** VNET: Y
** DO2: N
# nquan = 22
# nvalues = 4279                        
# units = specified
# name 0 = scan: Scan Count
# name 1 = prDM: Pressure, Digiquartz [db]
# name 2 = t090C: Temperature [ITS-90, deg C]
# name 3 = t190C: Temperature, 2 [ITS-90, deg C]
# name 4 = c0S/m: Conductivity [S/m]
# name 5 = c1S/m: Conductivity, 2 [S/m]
# name 6 = sbeox0V: Oxygen raw, SBE 43 [V]
# name 7 = sbeox1V: Oxygen raw, SBE 43, 2 [V]
# name 8 = ph: pH
# name 9 = flECO-AFL: Fluorescence, WET Labs ECO-AFL/FL [mg/m^3]
# name 10 = wetCDOM: Fluorescence, WET Labs CDOM [mg/m^3]
# name 11 = par/sat/log: PAR/Logarithmic, Satlantic [umol photons/m^2/sec]
# name 12 = CStarAt0: Beam Attenuation, WET Labs C-Star [1/m]
# name 13 = CStarTr0: Beam Transmission, WET Labs C-Star [%]
# name 14 = sbeox0ML/L: Oxygen, SBE 43 [ml/l], WS = 2
# name 15 = sbeox1ML/L: Oxygen, SBE 43, 2 [ml/l], WS = 2
# name 16 = sal00: Salinity, Practical [PSU]
# name 17 = sal11: Salinity, Practical, 2 [PSU]
# name 18 = sigma-t00: Density [sigma-t, kg/m^3 ]
# name 19 = sigma-t11: Density, 2 [sigma-t, kg/m^3 ]
# name 20 = oxsatML/L: Oxygen Saturation, Weiss [ml/l]
# name 21 = flag: flag
# span 0 =         26,      32365       
# span 1 =      0.473,    188.148       
# span 2 =    -0.7797,     9.0010       
# span 3 =    -0.7850,     9.0034       
# span 4 =   2.686516,   3.402712       
# span 5 =   2.685858,   3.402793       
# span 6 =     1.9276,     2.6615       
# span 7 =     2.3163,     3.2591       
# span 8 =      7.960,      8.292       
# span 9 =     0.6664,     1.7563       
# span 10 =    -2.8130,   482.1870      
# span 11 = 1.0715e-01, 2.0337e+02      
# span 12 =    -0.1411,     0.1115      
# span 13 =    97.2514,   103.5906      
# span 14 =     6.5407,     9.8090      
# span 15 =     6.7686,    10.3244      
# span 16 =    31.6917,    34.2985      
# span 17 =    31.6862,    34.2993      
# span 18 =    24.5564,    27.3856      
# span 19 =    24.5593,    27.3866      
# span 20 =    6.59568,    8.32871      
# span 21 = 0.0000e+00, 0.0000e+00      
# interval = scans: 3                   
# start_time = Jul 25 2020 09:57:13 [System UTC, header]
# bad_flag = -9.990e-29
*END*
[from data line 791]
       2892     83.123    -0.6036    -0.6087   2.726526   2.726115     2.0211     2.4334      8.009     0.7616     2.7535 1.0715e-01    -0.1352   103.4369     7.5288     7.7928    33.2582    33.2584    26.7269    26.7272    8.27402 0.0000e+00
       2895     83.229    -0.6043    -0.6095   2.726542   2.726130     2.0199     2.4334      8.007     0.7828     2.3587 1.0715e-01    -0.1352   103.4369     7.5262     7.7958    33.2592    33.2593    26.7278    26.7280    8.27413 0.0000e+00
       2898     83.336    -0.6046    -0.6101   2.726604   2.726171     2.0203     2.4330      8.004     0.7722     1.7665 1.0715e-01    -0.1355   103.4459     7.5285     7.7925    33.2603    33.2605    26.7287    26.7290    8.27414 0.0000e+00
       2901     83.444    -0.6045    -0.6100   2.726765   2.726307     2.0191     2.4321      8.004     0.7616     1.8060 1.0715e-01    -0.1352   103.4369     7.5254     7.7899    33.2623    33.2621    26.7303    26.7303    8.27401 0.0000e+00
       2904     83.553    -0.6040    -0.6094   2.726865   2.726442     2.0186     2.4321      8.004     0.7616     1.8060 1.0715e-01    -0.1352   103.4369     7.5276     7.7929    33.2630    33.2632    26.7308    26.7312    8.27385 0.0000e+00
       2907     83.664    -0.6040    -0.6092   2.726876   2.726488     2.0195     2.4321      8.004     0.7722     1.8060 1.0715e-01    -0.1341   103.4098     7.5311     7.7953    33.2631    33.2636    26.7309    26.7315    8.27385 0.0000e+00
       2910     83.776    -0.6066    -0.6105   2.726626   2.726329     2.0195     2.4317      8.004     0.7616     1.8060 1.0715e-01    -0.1299   103.3012     7.5303     7.7979    33.2626    33.2628    26.7305    26.7309    8.27446 0.0000e+00
       2913     83.889    -0.6116    -0.6149   2.726189   2.725903     2.0186     2.4313      8.004     0.7722     1.8060 1.0715e-01    -0.1299   103.3012     7.5271     7.8022    33.2620    33.2619    26.7303    26.7303    8.27559 0.0000e+00
       2916     84.002    -0.6177    -0.6209   2.725699   2.725441     2.0191     2.4321      8.004     0.7511     1.8060 1.0715e-01    -0.1299   103.3012     7.5298     7.8105    33.2621    33.2622    26.7306    26.7308    8.27695 0.0000e+00
       2919     84.117    -0.6192    -0.6252   2.725925   2.725329     2.0186     2.4309      8.004     0.7299     1.7665 1.0715e-01    -0.1299   103.3012     7.5277     7.8099    33.2667    33.2653    26.7344    26.7335    8.27703 0.0000e+00
       2922     84.233    -0.6096    -0.6204   2.727082   2.726239     2.0186     2.4301      8.004     0.7299     1.0954 1.0715e-01    -0.1299   103.3012     7.5279     7.8106    33.2717    33.2722    26.7381    26.7389    8.27461 0.0000e+00
       2925     84.347    -0.5945    -0.6065   2.728476   2.727666     2.0191     2.4313      8.004     0.7299     0.8191 1.0715e-01    -0.1299   103.3012     7.5297     7.8132    33.2737    33.2760    26.7391    26.7415    8.27112 0.0000e+00
       2928     84.460    -0.5860    -0.5938   2.729101   2.728528     2.0186     2.4309      8.004     0.7405     0.8586 1.0715e-01    -0.1299   103.3012     7.5243     7.8127    33.2727    33.2736    26.7379    26.7390    8.26928 0.0000e+00
       2931     84.573    -0.5829    -0.5873   2.729249   2.728929     2.0182     2.4317      8.004     0.7299     0.8191 1.0715e-01    -0.1299   103.3012     7.5224     7.8186    33.2712    33.2718    26.7366    26.7372    8.26869 0.0000e+00
       2934     84.685    -0.5846    -0.5873   2.729084   2.728821     2.0170     2.4309      8.004     0.7299     0.8586 1.0715e-01    -0.1299   103.3012     7.5193     7.8194    33.2708    33.2703    26.7364    26.7360    8.26909 0.0000e+00
       2937     84.799    -0.5896    -0.5920   2.728623   2.728387     2.0170     2.4309      8.004     0.7299     0.8191 1.0715e-01    -0.1299   103.3012     7.5222     7.8194    33.2701    33.2695    26.7359    26.7355    8.27024 0.0000e+00
       2940     84.911    -0.5960    -0.5987   2.728168   2.727879     2.0170     2.4309      8.004     0.7299     0.8586 1.0727e-01    -0.1299   103.3012     7.5235     7.8200    33.2709    33.2700    26.7369    26.7363    8.27162 0.0000e+00
       2943     85.022    -0.5987    -0.6032   2.728091   2.727679     2.0166     2.4309      8.009     0.7405     0.8191 1.0715e-01    -0.1299   103.3012     7.5276     7.8224    33.2728    33.2722    26.7385    26.7382    8.27212 0.0000e+00
       2946     85.134    -0.5968    -0.6032   2.728436   2.727938     2.0182     2.4313      8.004     0.7616     0.9375 1.0715e-01    -0.1299   103.3012     7.5342     7.8193    33.2752    33.2755    26.7404    26.7409    8.27154 0.0000e+00
       2949     85.244    -0.5915    -0.5989   2.729039   2.728429     2.0170     2.4305      8.004     0.7616     2.6746 1.0715e-01    -0.1299   103.3012     7.5262     7.8116    33.2774    33.2774    26.7420    26.7423    8.27024 0.0000e+00
       2952     85.358    -0.5849    -0.5921   2.729709   2.729148     2.0178     2.4321      8.004     0.7616     2.7535 1.0740e-01    -0.1303   103.3103     7.5306     7.8161    33.2791    33.2795    26.7431    26.7437    8.26868 0.0000e+00
       2955     85.470    -0.5785    -0.5859   2.730335   2.729765     2.0170     2.4313      8.006     0.7616     2.7535 1.0752e-01    -0.1303   103.3103     7.5272     7.8128    33.2804    33.2809    26.7439    26.7446    8.26718 0.0000e+00
       2958     85.585    -0.5715    -0.5791   2.731090   2.730489     2.0174     2.4317      8.004     0.7616     2.7535 1.0752e-01    -0.1299   103.3012     7.5281     7.8129    33.2827    33.2831    26.7455    26.7461    8.26548 0.0000e+00
       2961     85.699    -0.5644    -0.5717   2.731750   2.731173     2.0166     2.4301      8.006     0.7616     2.7535 1.0752e-01    -0.1303   103.3103     7.5202     7.8024    33.2838    33.2841    26.7460    26.7465    8.26384 0.0000e+00
       2964     85.814    -0.5591    -0.5654   2.732225   2.731717     2.0170     2.4305      8.007     0.7722     2.7535 1.0752e-01    -0.1299   103.3012     7.5191     7.8025    33.2842    33.2844    26.7462    26.7465    8.26264 0.0000e+00
       2967     85.932    -0.5554    -0.5608   2.732566   2.732121     2.0174     2.4305      8.009     0.7616     2.7535 1.0740e-01    -0.1303   103.3103     7.5211     7.8023    33.2847    33.2847    26.7464    26.7466    8.26179 0.0000e+00
       2970     86.048    -0.5519    -0.5575   2.732876   2.732407     2.0158     2.4297      8.009     0.7616     2.7535 1.0715e-01    -0.1310   103.3284     7.5125     7.7974    33.2850    33.2848    26.7465    26.7466    8.26100 0.0000e+00
       2973     86.167    -0.5495    -0.5552   2.733116   2.732651     2.0158     2.4301      8.009     0.7510     2.6351 1.0715e-01    -0.1310   103.3284     7.5129     7.7965    33.2854    33.2855    26.7467    26.7470    8.26043 0.0000e+00
       2976     86.288    -0.5478    -0.5531   2.733263   2.732842     2.0158     2.4309      8.009     0.7616     2.3982 1.0715e-01    -0.1310   103.3284     7.5127     7.7989    33.2855    33.2857    26.7467    26.7471    8.26006 0.0000e+00
       2979     86.410    -0.5474    -0.5522   2.733328   2.732934     2.0162     2.4309      8.009     0.7722     2.3982 1.0727e-01    -0.1310   103.3284     7.5175     7.8015    33.2859    33.2858    26.7470    26.7472    8.25995 0.0000e+00
       2982     86.531    -0.5472    -0.5522   2.733312   2.732958     2.0162     2.4301      8.009     0.7722     2.3982 1.0715e-01    -0.1310   103.3284     7.5160     7.8001    33.2854    33.2861    26.7466    26.7474    8.25994 0.0000e+00
       2985     86.653    -0.5482    -0.5531   2.733221   2.732848     2.0158     2.4297      8.009     0.7616     2.3982 1.0715e-01    -0.1310   103.3284     7.5152     7.8005    33.2852    33.2855    26.7465    26.7470    8.26017 0.0000e+00
       2988     86.775    -0.5506    -0.5552   2.733044   2.732675     2.0162     2.4309      8.009     0.7616     2.3982 1.0715e-01    -0.1303   103.3103     7.5160     7.8043    33.2854    33.2854    26.7467    26.7469    8.26070 0.0000e+00
       2991     86.898    -0.5526    -0.5575   2.732902   2.732532     2.0170     2.4305      8.009     0.7616     2.3982 1.0715e-01    -0.1289   103.2741     7.5252     7.8030    33.2856    33.2860    26.7470    26.7475    8.26113 0.0000e+00
       2994     87.025    -0.5540    -0.5590   2.732846   2.732462     2.0154     2.4297      8.009     0.7722     2.3982 1.0715e-01    -0.1285   103.2651     7.5171     7.7996    33.2862    33.2866    26.7476    26.7481    8.26139 0.0000e+00
       2997     87.151    -0.5556    -0.5605   2.732683   2.732342     2.0158     2.4297      8.009     0.7722     2.3982 1.0715e-01    -0.1289   103.2741     7.5130     7.7969    33.2858    33.2866    26.7473    26.7481    8.26179 0.0000e+00
       3000     87.274    -0.5585    -0.5629   2.732455   2.732122     2.0158     2.4297      8.009     0.7722     1.6481 1.0715e-01    -0.1289   103.2741     7.5101     7.7945    33.2858    33.2862    26.7474    26.7479    8.26242 0.0000e+00
       3003     87.397    -0.5624    -0.5669   2.732147   2.731826     2.0158     2.4297      8.009     0.7616     0.9770 1.0715e-01    -0.1289   103.2741     7.5146     7.7953    33.2859    33.2865    26.7476    26.7483    8.26328 0.0000e+00
       3006     87.518    -0.5643    -0.5697   2.732153   2.731719     2.0146     2.4297      8.009     0.7722     0.9770 1.0715e-01    -0.1289   103.2741     7.5118     7.7958    33.2879    33.2881    26.7494    26.7497    8.26358 0.0000e+00
       3009     87.638    -0.5644    -0.5699   2.732233   2.731791     2.0154     2.4297      8.007     0.7722     0.9770 1.0715e-01    -0.1303   103.3103     7.5133     7.7943    33.2891    33.2893    26.7503    26.7507    8.26356 0.0000e+00
       3012     87.756    -0.5640    -0.5694   2.732262   2.731837     2.0150     2.4297      8.009     0.7616     0.9770 1.0715e-01    -0.1331   103.3826     7.5124     7.7936    33.2890    33.2892    26.7502    26.7506    8.26346 0.0000e+00
       3015     87.875    -0.5640    -0.5691   2.732304   2.731892     2.0154     2.4293      8.009     0.7722     0.9770 1.0715e-01    -0.1331   103.3826     7.5184     7.7946    33.2895    33.2896    26.7506    26.7509    8.26344 0.0000e+00
       3018     87.990    -0.5641    -0.5691   2.732313   2.731908     2.0142     2.4297      8.006     0.7616     0.9770 1.0715e-01    -0.1331   103.3826     7.5170     7.7982    33.2896    33.2897    26.7507    26.7510    8.26345 0.0000e+00
       3021     88.103    -0.5650    -0.5700   2.732253   2.731868     2.0138     2.4285      8.006     0.7722     0.9770 1.0715e-01    -0.1331   103.3826     7.5140     7.7933    33.2898    33.2900    26.7509    26.7513    8.26365 0.0000e+00
       3024     88.214    -0.5656    -0.5708   2.732226   2.731840     2.0146     2.4285      8.006     0.7616     0.9770 1.0715e-01    -0.1331   103.3826     7.5176     7.7898    33.2900    33.2905    26.7511    26.7517    8.26377 0.0000e+00
       3027     88.327    -0.5660    -0.5710   2.732234   2.731846     2.0162     2.4285      8.004     0.7616    -0.3653 1.0715e-01    -0.1331   103.3826     7.5273     7.7873    33.2905    33.2907    26.7515    26.7519    8.26383 0.0000e+00
       3030     88.435    -0.5662    -0.5714   2.732188   2.731817     2.0146     2.4285      8.004     0.7722    -0.6416 1.0715e-01    -0.1338   103.4007     7.5191     7.7893    33.2899    33.2907    26.7511    26.7520    8.26389 0.0000e+00
       3033     88.539    -0.5675    -0.5726   2.732047   2.731658     2.0142     2.4285      8.004     0.7510    -0.5627 1.0727e-01    -0.1341   103.4098     7.5138     7.7897    33.2894    33.2899    26.7507    26.7513    8.26421 0.0000e+00
       3036     88.642    -0.5695    -0.5746   2.731881   2.731521     2.0150     2.4285      8.004     0.7722    -0.5627 1.0715e-01    -0.1341   103.4098     7.5157     7.7887    33.2894    33.2902    26.7508    26.7516    8.26467 0.0000e+00
       3039     88.746    -0.5717    -0.5765   2.731833   2.731418     2.0150     2.4285      8.004     0.7616    -0.5627 1.0715e-01    -0.1341   103.4098     7.5166     7.7879    33.2910    33.2908    26.7522    26.7522    8.26505 0.0000e+00
       3042     88.846    -0.5726    -0.5779   2.731762   2.731369     2.0146     2.4289      8.004     0.7616    -0.5627 1.0727e-01    -0.1341   103.4098     7.5123     7.7871    33.2910    33.2916    26.7522    26.7529    8.26526 0.0000e+00
       3045     88.946    -0.5740    -0.5790   2.731715   2.731335     2.0138     2.4281      8.004     0.7722    -0.5627 1.0715e-01    -0.1341   103.4098     7.5059     7.7812    33.2919    33.2923    26.7530    26.7535    8.26552 0.0000e+00
       3048     89.046    -0.5755    -0.5804   2.731636   2.731248     2.0142     2.4264      8.004     0.7722    -0.5627 1.0715e-01    -0.1341   103.4098     7.5050     7.7713    33.2925    33.2926    26.7535    26.7538    8.26583 0.0000e+00
       3051     89.144    -0.5769    -0.5818   2.731587   2.731181     2.0142     2.4277      8.004     0.7616    -0.5627 1.0715e-01    -0.1352   103.4369     7.5045     7.7731    33.2932    33.2933    26.7542    26.7544    8.26609 0.0000e+00
       3054     89.239    -0.5785    -0.5834   2.731513   2.731119     2.0134     2.4281      8.004     0.7616    -0.4443 1.0715e-01    -0.1352   103.4369     7.5045     7.7721    33.2940    33.2941    26.7549    26.7551    8.26641 0.0000e+00
       3057     89.337    -0.5796    -0.5849   2.731518   2.731079     2.0134     2.4273      8.004     0.7616    -0.4443 1.0715e-01    -0.1352   103.4369     7.4993     7.7661    33.2952    33.2951    26.7559    26.7560    8.26659 0.0000e+00
       3060     89.434    -0.5798    -0.5856   2.731590   2.731150     2.0130     2.4264      8.002     0.7616    -0.4443 1.0715e-01    -0.1348   103.4279     7.4954     7.7604    33.2963    33.2969    26.7568    26.7574    8.26657 0.0000e+00
       3063     89.534    -0.5787    -0.5849   2.731851   2.731352     2.0134     2.4260      8.002     0.7510    -0.4443 1.0715e-01    -0.1352   103.4369     7.4972     7.7545    33.2985    33.2987    26.7585    26.7589    8.26619 0.0000e+00
       3066     89.632    -0.5765    -0.5829   2.732259   2.731712     2.0125     2.4256      8.004     0.7616    -0.4443 1.0715e-01    -0.1352   103.4369     7.4952     7.7537    33.3015    33.3012    26.7608    26.7608    8.26553 0.0000e+00
       3069     89.729    -0.5729    -0.5797   2.732745   2.732173     2.0138     2.4252      8.001     0.7616    -0.4443 1.0727e-01    -0.1352   103.4369     7.5025     7.7532    33.3041    33.3038    26.7628    26.7629    8.26460 0.0000e+00
       3072     89.827    -0.5685    -0.5759   2.733331   2.732698     2.0134     2.4252      7.999     0.7616    -0.4443 1.0715e-01    -0.1373   103.4911     7.4972     7.7518    33.3070    33.3067    26.7649    26.7650    8.26344 0.0000e+00
       3075     89.926    -0.5596    -0.5713   2.734493   2.733275     2.0121     2.4248      7.999     0.7722    -0.4443 1.0727e-01    -0.1373   103.4911     7.4884     7.7460    33.3127    33.3093    26.7692    26.7669    8.26113 0.0000e+00
       3078     90.026    -0.5507    -0.5621   2.735372   2.734505     2.0125     2.4244      7.999     0.7616     0.0690 1.0727e-01    -0.1373   103.4911     7.4903     7.7453    33.3147    33.3156    26.7705    26.7717    8.25905 0.0000e+00
       3081     90.126    -0.5423    -0.5505   2.736306   2.735688     2.0113     2.4244      8.001     0.7510     0.9770 1.0715e-01    -0.1373   103.4911     7.4817     7.7467    33.3180    33.3187    26.7728    26.7737    8.25700 0.0000e+00
