Datasets/AZMP/TEL210/tel210_2020_090.cnv
* Sea-Bird SBE 9 Data File:
* FileName = C:\CTDDATA\tel210_2020_090.hex
* Software Version Seasave V 7.26.7.110
* Temperature SN = 1697
* Conductivity SN = 4216
* Number of Bytes Per Scan = 30
* Number of Voltage Words = 4
* Number of Scans Averaged by the Deck Unit = 1
* NMEA baud rate = 4800
** VESSEL/TRIP/SEQ STN:  tel210_2020_090
** LATITUDE XX XX.XX: 54 12.00 N
** LONGITUDE XX XX.XX: 054 00.00 W
** SOUNDING DEPTH (M): 0216
** PROBE TYPE: S1146
** CTD NUMBER: 060
** COMMENTS (14 CHAR): SI-09
** BOTTLES:  10
** LEVELS: 5,10,20,30,40,50,75,100,150,BTM
** STICKERS: 436170 - 436179
** VNET: Y
** DO2: Y
# nquan = 22
# nvalues = 5370                        
# units = specified
# name 0 = scan: Scan Count
# name 1 = prDM: Pressure, Digiquartz [db]
# name 2 = t090C: Temperature [ITS-90, deg C]
# name 3 = t190C: Temperature, 2 [ITS-90, deg C]
# name 4 = c0S/m: Conductivity [S/m]
# name 5 = c1S/m: Conductivity, 2 [S/m]
# name 6 = sbeox0V: Oxygen raw, SBE 43 [V]
# name 7 = sbeox1V: Oxygen raw, SBE 43, 2 [V]
# name 8 = ph: pH
# name 9 = flECO-AFL: Fluorescence, WET Labs ECO-AFL/FL [mg/m^3]
# name 10 = wetCDOM: Fluorescence, WET Labs CDOM [mg/m^3]
# name 11 = par/sat/log: PAR/Logarithmic, Satlantic [umol photons/m^2/sec]
# name 12 = CStarAt0: Beam Attenuation, WET Labs C-Star [1/m]
# name 13 = CStarTr0: Beam Transmission, WET Labs C-Star [%]
# name 14 = sbeox0ML/L: Oxygen, SBE 43 [ml/l], WS = 2
# name 15 = sbeox1ML/L: Oxygen, SBE 43, 2 [ml/l], WS = 2
# name 16 = sal00: Salinity, Practical [PSU]
# name 17 = sal11: Salinity, Practical, 2 [PSU]
# name 18 = sigma-t00: Density [sigma-t, kg/m^3 ]
# name 19 = sigma-t11: Density, 2 [sigma-t, kg/m^3 ]
# name 20 = oxsatML/L: Oxygen Saturation, Weiss [ml/l]
# name 21 = flag: flag
# span 0 =         75,      41124       
# span 1 =      1.065,    215.405       
# span 2 =    -0.7122,     8.2144       
# span 3 =    -0.7188,     8.2083       
# span 4 =   2.692237,   3.281943       
# span 5 =   2.691682,   3.281521       
# span 6 =     1.9554,     2.7524       
# span 7 =     2.3521,     3.3835       
# span 8 =      7.994,      8.336       
# span 9 =     0.6664,     8.6770       
# span 10 =    -2.8130,   482.1870      
# span 11 = 1.0678e-01, 6.4486e+02      
# span 12 =    -0.1306,     0.5831      
# span 13 =    86.4358,   103.3193      
# span 14 =     6.5390,    10.3847      
# span 15 =     6.7882,    10.8479      
# span 16 =    31.1721,    34.5244      
# span 17 =    31.1850,    34.5249      
# span 18 =    24.2484,    27.4967      
# span 19 =    24.2496,    27.4972      
# span 20 =    6.73873,    8.31614      
# span 21 = 0.0000e+00, 0.0000e+00      
# interval = scans: 3                   
# start_time = Jul 25 2020 11:50:48 [System UTC, header]
# bad_flag = -9.990e-29
*END*
[from data line 4544]
      26934     47.304     1.2269     0.6532   2.882745   2.831180     2.1915     2.6406      8.118     4.5183    -1.8655 6.4384e-01     0.2585    93.7427     8.1867     8.6081    33.3424    33.2939    26.6981    26.6944    7.87819 0.0000e+00
      26937     47.251     1.2023     0.5975   2.878945   2.828635     2.1944     2.6439      8.118     4.4971    -1.8655 6.6197e-01     0.2581    93.7517     8.2116     8.6485    33.3202    33.3209    26.6819    26.7193    7.88442 0.0000e+00
      26940     47.195     1.1496     0.5966   2.877429   2.830243     2.1964     2.6463      8.120     4.4971    -0.7601 6.6888e-01     0.2631    93.6341     8.2356     8.6707    33.3572    33.3429    26.7150    26.7370    7.89327 0.0000e+00
      26943     47.140     1.1966     0.6302   2.875282   2.834764     2.1980     2.6492      8.123     4.5183    -0.3258 6.8059e-01     0.3152    92.4223     8.2339     8.6826    33.2796    33.3654    26.6496    26.7532    7.88777 0.0000e+00
      26946     47.090     1.0067     0.7466   2.864613   2.853933     2.2013     2.6524      8.126     4.4971    -0.3258 6.8136e-01     0.3176    92.3681     8.2902     8.6685    33.3460    33.4881    26.7150    26.8452    7.92334 0.0000e+00
      26949     47.031     0.9970     0.9220   2.868035   2.866308     2.2029     2.6553      8.129     4.5077    -0.3258 6.8533e-01     0.3176    92.3681     8.2925     8.6448    33.4003    33.4588    26.7593    26.8110    7.92242 0.0000e+00
      26952     46.977     0.9950     1.1342   2.871191   2.879021     2.2046     2.6589      8.129     4.8992    -0.3258 7.0297e-01     0.3176    92.3681     8.2946     8.6124    33.4431    33.3941    26.7939    26.7456    7.92054 0.0000e+00
      26955     46.924     1.0535     1.1989   2.869899   2.882678     2.2062     2.6626      8.131     5.0156    -0.3258 7.0786e-01     0.3176    92.3681     8.2853     8.6138    33.3637    33.3717    26.7263    26.7234    7.91271 0.0000e+00
      26958     46.868     1.0673     1.2020   2.871577   2.881237     2.2090     2.6654      8.133     5.0156    -0.3653 7.1776e-01     0.3176    92.3681     8.2885     8.6297    33.3704    33.3500    26.7309    26.7058    7.90949 0.0000e+00
      26961     46.816     1.1403     1.1843   2.881340   2.879261     2.2103     2.6691      8.133     5.0262    -0.3258 7.1943e-01     0.3137    92.4585     8.2696     8.6516    33.4175    33.3438    26.7640    26.7020    7.89197 0.0000e+00
      26964     46.766     1.1967     1.1339   2.880811   2.876479     2.2119     2.6724      8.138     5.0262    -0.2074 7.1777e-01     0.3019    92.7298     8.2648     8.6775    33.3503    33.3620    26.7064    26.7199    7.88396 0.0000e+00
      26967     46.717     1.0904     1.1379   2.876654   2.877639     2.2131     2.6748      8.140     5.0262     1.7271 7.4138e-01     0.3023    92.7208     8.2927     8.6856    33.4110    33.3727    26.7620    26.7282    7.90257 0.0000e+00
      26970     46.667     1.1104     1.1585   2.877054   2.880187     2.2155     2.6793      8.138     5.0262     1.8060 7.4312e-01     0.3023    92.7208     8.3005     8.6970    33.3947    33.3832    26.7477    26.7353    7.89933 0.0000e+00
      26973     46.620     1.1383     1.1811   2.875436   2.881234     2.2176     2.6821      8.141     5.0262     1.8060 7.5434e-01     0.3027    92.7117     8.3075     8.7011    33.3440    33.3725    26.7052    26.7252    7.89628 0.0000e+00
      26976     46.578     1.1193     1.1662   2.876137   2.878680     2.2192     2.6846      8.143     5.0685     1.8060 7.6311e-01     0.3023    92.7208     8.3203     8.7124    33.3734    33.3558    26.7299    26.7128    7.89863 0.0000e+00
      26979     46.539     1.2367     1.1540   2.887072   2.880121     2.2212     2.6883      8.142     5.8939     1.8060 7.7735e-01     0.3023    92.7208     8.2988     8.7259    33.3877    33.3873    26.7338    26.7389    7.87380 0.0000e+00
      26982     46.499     1.4069     1.2332   2.899554   2.887875     2.2233     2.6923      8.142     5.9256     1.8060 7.7736e-01     0.3066    92.6213     8.2664     8.7152    33.3650    33.4016    26.7043    26.7453    7.84027 0.0000e+00
      26985     46.466     1.4445     1.2925   2.899405   2.890333     2.2253     2.6948      8.146     5.9045     1.8060 7.8367e-01     0.3093    92.5580     8.2702     8.7065    33.3231    33.3697    26.6681    26.7158    7.83485 0.0000e+00
      26988     46.433     1.4420     1.3026   2.900702   2.891079     2.2269     2.6980      8.146     5.9362     1.8060 7.9646e-01     0.3093    92.5580     8.2789     8.7134    33.3423    33.3684    26.6837    26.7140    7.83436 0.0000e+00
      26991     46.406     1.4508     1.3209   2.902141   2.893947     2.2294     2.7017      8.146     5.9151     1.2533 7.9462e-01     0.3089    92.5670     8.2861     8.7181    33.3512    33.3855    26.6902    26.7265    7.83210 0.0000e+00
      26994     46.382     1.4618     1.3582   2.904712   2.897127     2.2314     2.7050      8.146     5.9151    -0.2863 7.9187e-01     0.3093    92.5580     8.2882     8.7159    33.3722    33.3862    26.7063    26.7245    7.82877 0.0000e+00
      27025     46.248     1.4137     1.3988   2.901104   2.899657     2.2477     2.7298      8.146     6.0209     0.9770 8.0017e-01     0.2988    92.8022     8.3084     8.6863    33.3776    33.3751    26.7139    26.7129    7.83823 0.0000e+00
      27042     46.168     1.3900     1.3952   2.898713   2.899103     2.2575     2.7424      8.148     6.0738     1.5692 8.0202e-01     0.2864    93.0915     8.3187     8.6711    33.3725    33.3720    26.7114    26.7106    7.84331 0.0000e+00
      27045     46.143     1.3893     1.3842   2.898742   2.898057     2.2583     2.7440      8.146     6.0844    -0.5232 8.0950e-01     0.2708    93.4533     8.3103     8.6683    33.3737    33.3704    26.7125    26.7102    7.84340 0.0000e+00
      27048     46.116     1.3950     1.3644   2.899191   2.896648     2.2587     2.7448      8.146     6.0738    -0.9575 8.1604e-01     0.2708    93.4533     8.3014     8.6646    33.3733    33.3736    26.7118    26.7141    7.84225 0.0000e+00
      27051     46.085     1.3950     1.3581   2.898740   2.895984     2.2595     2.7465      8.146     6.0950    -0.9180 8.1701e-01     0.2712    93.4442     8.2988     8.6596    33.3676    33.3719    26.7071    26.7131    7.84255 0.0000e+00
      27054     46.050     1.3548     1.3553   2.894789   2.895976     2.2612     2.7477      8.147     6.0844    -0.9180 8.1698e-01     0.2708    93.4533     8.3079     8.6546    33.3602    33.3748    26.7039    26.7156    7.85113 0.0000e+00
      27057     46.007     1.3263     1.3598   2.892501   2.896351     2.2620     2.7493      8.147     6.0103    -0.9180 8.2553e-01     0.2712    93.4442     8.3125     8.6494    33.3615    33.3748    26.7069    26.7154    7.85687 0.0000e+00
      27060     45.963     1.3146     1.3605   2.891570   2.896412     2.2628     2.7497      8.145     5.9891    -0.9180 8.3320e-01     0.2712    93.4442     8.3107     8.6386    33.3622    33.3748    26.7082    26.7153    7.85922 0.0000e+00
      27063     45.909     1.3129     1.3584   2.891825   2.895805     2.2636     2.7505      8.142     5.9786    -0.9180 8.4191e-01     0.2627    93.6432     8.3052     8.6307    33.3673    33.3694    26.7124    26.7111    7.85929 0.0000e+00
      27066     45.853     1.3097     1.3510   2.891885   2.894641     2.2640     2.7514      8.142     5.9891    -0.9180 8.5565e-01     0.2554    93.8150     8.3017     8.6288    33.3715    33.3625    26.7160    26.7061    7.85973 0.0000e+00
      27069     45.791     1.3107     1.3409   2.891878   2.893765     2.2636     2.7518      8.140     5.9997    64.7751 8.6261e-01     0.2558    93.8059     8.2939     8.6229    33.3703    33.3622    26.7150    26.7065    7.85957 0.0000e+00
      27072     45.722     1.3091     1.3171   2.891459   2.891030     2.2660     2.7526      8.140     5.9786   468.9220 8.7770e-01     0.2558    93.8059     8.2986     8.6227    33.3668    33.3527    26.7123    26.7004    7.86010 0.0000e+00
      27075     45.650     1.3090     1.2816   2.891427   2.887866     2.2660     2.7526      8.140     5.9891   481.4369 8.8789e-01     0.2554    93.8150     8.2902     8.6182    33.3665    33.3503    26.7120    26.7009    7.86012 0.0000e+00
      27078     45.571     1.3035     1.2636   2.890755   2.886816     2.2660     2.7534      8.137     5.9891   481.0421 8.9928e-01     0.2558    93.8059     8.2833     8.6138    33.3638    33.3562    26.7102    26.7068    7.86139 0.0000e+00
      27081     45.488     1.2935     1.2580   2.889342   2.886399     2.2660     2.7538      8.137     5.8093   481.1211 9.1184e-01     0.2558    93.8059     8.2795     8.6071    33.3566    33.3569    26.7051    26.7077    7.86382 0.0000e+00
      27084     45.403     1.2640     1.2491   2.886491   2.885224     2.2660     2.7530      8.137     4.8145   481.1211 9.2777e-01     0.2442    94.0772     8.2777     8.5979    33.3518    33.3515    26.7032    26.7040    7.87011 0.0000e+00
      27087     45.314     1.2460     1.2384   2.884816   2.884511     2.2672     2.7542      8.136     4.7934   481.2395 9.3861e-01     0.2419    94.1315     8.2797     8.5950    33.3497    33.3538    26.7027    26.7065    7.87390 0.0000e+00
      27090     45.223     1.2330     1.2344   2.883782   2.884020     2.2677     2.7550      8.133     4.7934   481.1211 9.5169e-01     0.2419    94.1315     8.2761     8.5876    33.3504    33.3519    26.7041    26.7052    7.87653 0.0000e+00
      27093     45.128     1.2248     1.2277   2.883238   2.883150     2.2677     2.7542      8.133     4.7934   481.2395 9.6385e-01     0.2419    94.1315     8.2671     8.5769    33.3522    33.3480    26.7061    26.7026    7.87810 0.0000e+00
      27096     45.027     1.2080     1.2153   2.881385   2.881986     2.2681     2.7538      8.133     4.7934   290.2399 9.7734e-01     0.2419    94.1315     8.2618     8.5719    33.3466    33.3464    26.7027    26.7021    7.88184 0.0000e+00
      27099     44.926     1.2083     1.2024   2.882724   2.880795     2.2681     2.7530      8.131     4.8040    -2.8130 9.8413e-01     0.2419    94.1315     8.2541     8.5622    33.3634    33.3450    26.7162    26.7018    7.88089 0.0000e+00
      27102     44.823     1.2168     1.1930   2.883078   2.880416     2.2677     2.7530      8.128     4.7934    -2.2208 1.0048e+00     0.2381    94.2219     8.2401     8.5560    33.3589    33.3503    26.7120    26.7067    7.87938 0.0000e+00
      27105     44.721     1.1962     1.1958   2.880021   2.881007     2.2677     2.7530      8.128     4.7934    -1.4707 1.0200e+00     0.2128    94.8188     8.2374     8.5482    33.3419    33.3549    26.6997    26.7102    7.88451 0.0000e+00
      27108     44.616     1.1656     1.1918   2.877561   2.879831     2.2672     2.7526      8.128     4.9309    -1.5102 1.0331e+00     0.2120    94.8369     8.2316     8.5419    33.3432    33.3442    26.7028    26.7019    7.89073 0.0000e+00
      27111     44.513     1.1609     1.1878   2.876780   2.880044     2.2668     2.7518      8.128     5.1955    -1.5102 1.0451e+00     0.2124    94.8278     8.2199     8.5330    33.3383    33.3514    26.6991    26.7079    7.89195 0.0000e+00
      27114     44.409     1.1469     1.1870   2.875884   2.879769     2.2664     2.7505      8.126     5.1849    -1.5497 1.0683e+00     0.2124    94.8278     8.2152     8.5234    33.3419    33.3487    26.7029    26.7058    7.89464 0.0000e+00
      27117     44.306     1.1517     1.1825   2.876547   2.879451     2.2664     2.7509      8.125     5.1743    -1.5102 1.0921e+00     0.2120    94.8369     8.2115     8.5214    33.3453    33.3495    26.7053    26.7067    7.89347 0.0000e+00
      27120     44.205     1.1361     1.1863   2.874180   2.880233     2.2652     2.7505      8.123     5.1743    -1.5102 1.1074e+00     0.2124    94.8278     8.2060     8.5158    33.3317    33.3555    26.6953    26.7112    7.89740 0.0000e+00
      27123     44.107     1.1186     1.1880   2.873582   2.879632     2.2652     2.7493      8.125     5.1849   320.5993 1.1254e+00     0.2120    94.8369     8.2091     8.5067    33.3428    33.3460    26.7054    26.7036    7.90040 0.0000e+00
      27126     44.008     1.1390     1.1806   2.875740   2.879257     2.2644     2.7489      8.123     5.1743   482.1475 1.1424e+00     0.2102    94.8821     8.1968     8.5044    33.3488    33.3492    26.7089    26.7066    7.89590 0.0000e+00
      27129     43.914     1.1430     1.1715   2.874994   2.877950     2.2644     2.7481      8.123     5.1637   480.8053 1.1464e+00     0.2098    94.8911     8.1940     8.5009    33.3350    33.3423    26.6976    26.7017    7.89582 0.0000e+00
      27132     43.825     1.1289     1.1604   2.874659   2.877329     2.2632     2.7481      8.123     5.1849   481.1211 1.1597e+00     0.2102    94.8821     8.1927     8.5027    33.3458    33.3462    26.7072    26.7055    7.89813 0.0000e+00
      27135     43.736     1.1609     1.1610   2.877398   2.877665     2.2632     2.7473      8.123     5.1743   481.1211 1.1814e+00     0.2102    94.8821     8.1856     8.4990    33.3467    33.3500    26.7058    26.7085    7.89151 0.0000e+00
      27138     43.655     1.1546     1.1692   2.876699   2.878405     2.2632     2.7448      8.123     5.1637   481.1211 1.2076e+00     0.2098    94.8911     8.1861     8.4864    33.3445    33.3508    26.7045    26.7086    7.89292 0.0000e+00
      27141     43.580     1.1402     1.1732   2.877656   2.878677     2.2628     2.7453      8.121     5.1743   481.1211 1.2188e+00     0.2105    94.8730     8.1855     8.4849    33.3722    33.3499    26.7277    26.7076    7.89440 0.0000e+00
      27144     43.510     1.1737     1.1720   2.878294   2.878183     2.2620     2.7444      8.120     5.1849   481.1211 1.2373e+00     0.2098    94.8911     8.1740     8.4833    33.3446    33.3450    26.7033    26.7038    7.88899 0.0000e+00
      27147     43.447     1.1698     1.1584   2.877165   2.876952     2.2620     2.7436      8.121     5.1743   464.9347 1.2546e+00     0.2082    94.9273     8.1719     8.4824    33.3344    33.3439    26.6954    26.7037    7.89034 0.0000e+00
      27150     43.386     1.1664     1.1424   2.876684   2.875418     2.2603     2.7436      8.120     5.1849    41.4035 1.2736e+00     0.2082    94.9273     8.1616     8.4851    33.3318    33.3413    26.6935    26.7026    7.89116 0.0000e+00
      27153     43.335     1.1498     1.1238   2.875779   2.873561     2.2603     2.7420      8.118     5.1743    -2.5366 1.2884e+00     0.2086    94.9183     8.1620     8.4828    33.3381    33.3375    26.6996    26.7008    7.89425 0.0000e+00
      27156     43.291     1.1328     1.1049   2.875012   2.871750     2.2611     2.7420      8.119     5.1743    -0.8785 1.2973e+00     0.2086    94.9183     8.1657     8.4873    33.3464    33.3345    26.7074    26.6996    7.89729 0.0000e+00
      27159     43.251     1.0786     1.0910   2.869378   2.870439     2.2599     2.7412      8.119     5.1849    -0.9180 1.3094e+00     0.2086    94.9183     8.1695     8.4890    33.3322    33.3326    26.6995    26.6989    7.90921 0.0000e+00
      27162     43.216     1.0284     1.0741   2.863844   2.868723     2.2587     2.7408      8.119     5.1320    -0.9180 1.3185e+00     0.2086    94.9183     8.1715     8.4908    33.3150    33.3287    26.6888    26.6969    7.92051 0.0000e+00
      27165     43.189     0.9814     1.0683   2.860024   2.869010     2.2591     2.7396      8.119     5.1320    -0.9180 1.3307e+00     0.1923    95.3071     8.1822     8.4806    33.3163    33.3386    26.6927    26.7053    7.93016 0.0000e+00
      27207     43.153     0.9595     1.0146   2.858521   2.863832     2.2489     2.7282      8.116     4.5606     3.3852 1.3700e+00     0.1798    95.6055     8.1398     8.4520    33.3205    33.3296    26.6974    26.7014    7.93448 0.0000e+00
