Datasets/AZMP/TEL210/tel210_2020_081.cnv
* Sea-Bird SBE 9 Data File:
* FileName = C:\CTDDATA\tel210_2020_081.hex
* Software Version Seasave V 7.26.7.110
* Temperature SN = 1697
* Conductivity SN = 4216
* Number of Bytes Per Scan = 30
* Number of Voltage Words = 4
* Number of Scans Averaged by the Deck Unit = 1
* NMEA baud rate = 4800
** VESSEL/TRIP/SEQ STN:  TEL210_2020_081
** LATITUDE XX XX.XX: 53 14.00 N
** LONGITUDE XX XX.XX: 55 39.00 W
** SOUNDING DEPTH (M): 0073
** PROBE TYPE: S1146
** CTD NUMBER: 051
** COMMENTS (14 CHAR): SI-01
** BOTTLES:  7
** LEVELS: 5,10,20,30,40,50,BTM
** STICKERS: 436114 - 436120
** VNET: Y
** DO2: N
# nquan = 22
# nvalues = 2168                        
# units = specified
# name 0 = scan: Scan Count
# name 1 = prDM: Pressure, Digiquartz [db]
# name 2 = t090C: Temperature [ITS-90, deg C]
# name 3 = t190C: Temperature, 2 [ITS-90, deg C]
# name 4 = c0S/m: Conductivity [S/m]
# name 5 = c1S/m: Conductivity, 2 [S/m]
# name 6 = sbeox0V: Oxygen raw, SBE 43 [V]
# name 7 = sbeox1V: Oxygen raw, SBE 43, 2 [V]
# name 8 = ph: pH
# name 9 = flECO-AFL: Fluorescence, WET Labs ECO-AFL/FL [mg/m^3]
# name 10 = wetCDOM: Fluorescence, WET Labs CDOM [mg/m^3]
# name 11 = par/sat/log: PAR/Logarithmic, Satlantic [umol photons/m^2/sec]
# name 12 = CStarAt0: Beam Attenuation, WET Labs C-Star [1/m]
# name 13 = CStarTr0: Beam Transmission, WET Labs C-Star [%]
# name 14 = sbeox0ML/L: Oxygen, SBE 43 [ml/l], WS = 2
# name 15 = sbeox1ML/L: Oxygen, SBE 43, 2 [ml/l], WS = 2
# name 16 = sal00: Salinity, Practical [PSU]
# name 17 = sal11: Salinity, Practical, 2 [PSU]
# name 18 = sigma-t00: Density [sigma-t, kg/m^3 ]
# name 19 = sigma-t11: Density, 2 [sigma-t, kg/m^3 ]
# name 20 = oxsatML/L: Oxygen Saturation, Weiss [ml/l]
# name 21 = flag: flag
# span 0 =        106,      27423       
# span 1 =      0.825,     67.834       
# span 2 =    -0.0740,    10.5974       
# span 3 =    -0.1082,    10.5905       
# span 4 =   2.690573,   3.163355       
# span 5 =   2.688393,   3.162035       
# span 6 =     2.2101,     2.4386       
# span 7 =     2.6956,     2.9779       
# span 8 =      7.983,      8.170       
# span 9 =     0.7510,     2.7828       
# span 10 =    -2.8130,   482.1870      
# span 11 = 1.0715e-01, 1.0957e+02      
# span 12 =    -0.1183,     0.2143      
# span 13 =    94.7826,   103.0028      
# span 14 =     7.0795,     8.9878      
# span 15 =     6.8367,     9.5498      
# span 16 =    27.9159,    32.2192      
# span 17 =    27.9721,    32.2257      
# span 18 =    21.3667,    25.8650      
# span 19 =    21.4029,    25.8718      
# span 20 =    6.51786,    8.21554      
# span 21 = 0.0000e+00, 0.0000e+00      
# interval = scans: 3                   
# start_time = Jul 24 2020 20:14:18 [System UTC, header]
# bad_flag = -9.990e-29
*END*
[from data line 1120]
       6339     65.711    -0.0653    -0.0674   2.690938   2.690689     2.2109     2.6973      7.985     0.8463     2.8325 1.0715e-01    -0.0958   102.4241     8.3967     8.8024    32.2152    32.2142    25.8614    25.8607    8.21385 0.0000e+00
       6342     65.664    -0.0645    -0.0666   2.690949   2.690728     2.2121     2.6964      7.983     0.8463     2.7535 1.0752e-01    -0.0962   102.4331     8.4066     8.7995    32.2146    32.2139    25.8609    25.8604    8.21371 0.0000e+00
       6345     65.615    -0.0643    -0.0653   2.690912   2.690781     2.2113     2.6960      7.985     0.8463     2.7535 1.0727e-01    -0.0962   102.4331     8.4073     8.7985    32.2139    32.2132    25.8603    25.8598    8.21370 0.0000e+00
       6348     65.565    -0.0642    -0.0643   2.690864   2.690843     2.2125     2.6960      7.983     0.8357     2.7535 1.0740e-01    -0.0958   102.4241     8.4154     8.7988    32.2132    32.2131    25.8598    25.8596    8.21373 0.0000e+00
       6351     65.512    -0.0643    -0.0638   2.690839   2.690841     2.2117     2.6964      7.985     0.8039     2.7535 1.0715e-01    -0.0969   102.4512     8.4152     8.8016    32.2130    32.2126    25.8596    25.8592    8.21375 0.0000e+00
       6354     65.461    -0.0645    -0.0628   2.690890   2.690917     2.2113     2.6973      7.986     0.7510     2.7930 1.0727e-01    -0.0983   102.4874     8.4175     8.8075    32.2140    32.2125    25.8604    25.8591    8.21375 0.0000e+00
       6357     65.409    -0.0632    -0.0616   2.691017   2.690984     2.2117     2.6964      7.983     0.7616     2.7535 1.0740e-01    -0.0983   102.4874     8.4229     8.8056    32.2143    32.2121    25.8606    25.8588    8.21345 0.0000e+00
       6360     65.352    -0.0620    -0.0611   2.691076   2.690983     2.2117     2.6969      7.986     0.7616     2.7535 1.0727e-01    -0.0983   102.4874     8.4248     8.8082    32.2138    32.2116    25.8601    25.8583    8.21320 0.0000e+00
       6363     65.291    -0.0608    -0.0583   2.691156   2.691161     2.2125     2.6973      7.985     0.7616     2.8720 1.0727e-01    -0.0983   102.4874     8.4293     8.8106    32.2136    32.2111    25.8599    25.8578    8.21295 0.0000e+00
       6366     65.232    -0.0588    -0.0539   2.691298   2.691363     2.2129     2.6973      7.988     0.7722     2.9904 1.0727e-01    -0.0983   102.4874     8.4311     8.8146    32.2134    32.2091    25.8597    25.8559    8.21252 0.0000e+00
       6369     65.173    -0.0571    -0.0524   2.691406   2.691418     2.2121     2.6973      7.985     0.7722     2.9904 1.0752e-01    -0.0983   102.4874     8.4283     8.8143    32.2131    32.2083    25.8593    25.8552    8.21218 0.0000e+00
       6372     65.115    -0.0553    -0.0504   2.691470   2.691524     2.2133     2.6973      7.988     0.7616     2.9904 1.0727e-01    -0.0972   102.4602     8.4357     8.8126    32.2120    32.2076    25.8584    25.8546    8.21183 0.0000e+00
       6375     65.053    -0.0541    -0.0493   2.691433   2.691544     2.2137     2.6981      7.986     0.7722     2.9904 1.0715e-01    -0.0972   102.4602     8.4399     8.8154    32.2104    32.2068    25.8570    25.8539    8.21168 0.0000e+00
       6378     64.986    -0.0539    -0.0535   2.691419   2.691263     2.2137     2.6985      7.986     0.7722     2.9904 1.0740e-01    -0.0979   102.4783     8.4357     8.8192    32.2100    32.2075    25.8567    25.8546    8.21164 0.0000e+00
       6381     64.918    -0.0532    -0.0570   2.691418   2.691166     2.2137     2.6985      7.988     0.8040     2.9904 1.0727e-01    -0.0972   102.4602     8.4328     8.8214    32.2093    32.2099    25.8561    25.8568    8.21153 0.0000e+00
       6384     64.846    -0.0529    -0.0540   2.691495   2.691319     2.2133     2.6985      7.988     0.7934     2.9904 1.0727e-01    -0.0976   102.4693     8.4285     8.8211    32.2100    32.2089    25.8566    25.8558    8.21142 0.0000e+00
       6387     64.768    -0.0518    -0.0540   2.691547   2.691267     2.2137     2.6985      7.988     0.8145     2.9904 1.0740e-01    -0.0972   102.4602     8.4327     8.8244    32.2096    32.2082    25.8562    25.8553    8.21120 0.0000e+00
       6390     64.686    -0.0514    -0.0540   2.691567   2.691308     2.2137     2.6997      7.988     0.7934     0.5427 1.0740e-01    -0.0972   102.4602     8.4354     8.8330    32.2094    32.2089    25.8561    25.8558    8.21112 0.0000e+00
       6393     64.605    -0.0505    -0.0521   2.691624   2.691398     2.2145     2.6985      7.988     0.7934    -0.1284 1.0715e-01    -0.0965   102.4421     8.4413     8.8303    32.2093    32.2081    25.8560    25.8550    8.21094 0.0000e+00
       6396     64.520    -0.0493    -0.0509   2.691737   2.691472     2.2145     2.6993      7.988     0.8040    -0.1284 1.0740e-01    -0.0962   102.4331     8.4392     8.8347    32.2097    32.2078    25.8562    25.8547    8.21066 0.0000e+00
       6399     64.432    -0.0476    -0.0490   2.691955   2.691542     2.2141     2.6997      7.988     0.8145    -0.0889 1.0727e-01    -0.0962   102.4331     8.4384     8.8377    32.2107    32.2068    25.8570    25.8539    8.21022 0.0000e+00
       6402     64.342    -0.0447    -0.0486   2.692088   2.691600     2.2137     2.6997      7.986     0.7934    -0.1284 1.0752e-01    -0.0965   102.4421     8.4364     8.8410    32.2094    32.2072    25.8558    25.8542    8.20965 0.0000e+00
       6405     64.250    -0.0419    -0.0458   2.692211   2.691743     2.2145     2.7001      7.988     0.7934    -0.0889 1.0715e-01    -0.0962   102.4331     8.4438     8.8462    32.2082    32.2062    25.8547    25.8532    8.20911 0.0000e+00
       6408     64.153    -0.0393    -0.0429   2.692303   2.691851     2.2153     2.7009      7.988     0.7934    -0.0889 1.0715e-01    -0.0969   102.4512     8.4480     8.8520    32.2067    32.2046    25.8534    25.8518    8.20863 0.0000e+00
       6411     64.056    -0.0371    -0.0411   2.692405   2.691929     2.2162     2.7018      7.988     0.8040    -0.0889 1.0727e-01    -0.0969   102.4512     8.4527     8.8583    32.2058    32.2038    25.8526    25.8511    8.20820 0.0000e+00
       6414     63.956    -0.0347    -0.0389   2.692522   2.692035     2.2158     2.7022      7.988     0.7934    -0.0494 1.0740e-01    -0.0993   102.5145     8.4504     8.8641    32.2049    32.2029    25.8517    25.8502    8.20772 0.0000e+00
       6417     63.855    -0.0321    -0.0385   2.692767   2.692014     2.2166     2.7022      7.988     0.8040     0.4637 1.0727e-01    -0.0993   102.5145     8.4564     8.8677    32.2055    32.2023    25.8520    25.8498    8.20713 0.0000e+00
       6420     63.754    -0.0271    -0.0385   2.693297   2.692054     2.2158     2.7026      7.988     0.7934     0.5032 1.0727e-01    -0.0993   102.5145     8.4566     8.8668    32.2072    32.2029    25.8533    25.8502    8.20594 0.0000e+00
       6423     63.652    -0.0207    -0.0307   2.693721   2.692527     2.2162     2.7034      7.988     0.8040     0.5032 1.0727e-01    -0.0993   102.5145     8.4605     8.8684    32.2062    32.2009    25.8521    25.8483    8.20459 0.0000e+00
       6426     63.549    -0.0146    -0.0236   2.693912   2.692893     2.2162     2.7034      7.988     0.7934     0.5032 1.0715e-01    -0.0993   102.5145     8.4586     8.8645    32.2023    32.1983    25.8487    25.8459    8.20347 0.0000e+00
       6429     63.444    -0.0099    -0.0162   2.694015   2.693309     2.2174     2.7046      7.988     0.7934     0.5032 1.0727e-01    -0.0993   102.5145     8.4635     8.8655    32.1987    32.1961    25.8456    25.8438    8.20264 0.0000e+00
       6432     63.341    -0.0064    -0.0098   2.694046   2.693536     2.2170     2.7046      7.988     0.7722     0.5032 1.0715e-01    -0.1001   102.5326     8.4616     8.8636    32.1955    32.1923    25.8428    25.8404    8.20205 0.0000e+00
       6435     63.237    -0.0037    -0.0083   2.694131   2.693554     2.2174     2.7058      7.988     0.7722     0.5032 1.0715e-01    -0.1015   102.5687     8.4658     8.8691    32.1938    32.1911    25.8414    25.8394    8.20155 0.0000e+00
       6438     63.129    -0.0016    -0.0067   2.694153   2.693647     2.2178     2.7066      7.988     0.7722     0.5032 1.0727e-01    -0.1015   102.5687     8.4692     8.8701    32.1919    32.1907    25.8398    25.8390    8.20120 0.0000e+00
       6441     63.025    -0.0000    -0.0048   2.694189   2.693734     2.2190     2.7062      7.988     0.7722     1.2928 1.0727e-01    -0.1015   102.5687     8.4741     8.8663    32.1909    32.1899    25.8388    25.8383    8.20092 0.0000e+00
       6444     62.917     0.0011    -0.0025   2.694206   2.693895     2.2190     2.7062      7.988     0.7828     2.9509 1.0727e-01    -0.1015   102.5687     8.4760     8.8617    32.1900    32.1897    25.8380    25.8380    8.20072 0.0000e+00
       6447     62.811     0.0024    -0.0008   2.694243   2.693914     2.2194     2.7070      7.987     0.7616     2.8720 1.0752e-01    -0.1015   102.5687     8.4760     8.8616    32.1892    32.1882    25.8374    25.8367    8.20049 0.0000e+00
       6450     62.708     0.0032     0.0009   2.694292   2.694046     2.2198     2.7066      7.987     0.7616     2.8720 1.0715e-01    -0.1011   102.5597     8.4758     8.8560    32.1890    32.1882    25.8372    25.8366    8.20033 0.0000e+00
       6453     62.601     0.0046     0.0014   2.694432   2.694031     2.2202     2.7083      7.987     0.7722     2.8720 1.0740e-01    -0.1043   102.6411     8.4763     8.8581    32.1895    32.1875    25.8375    25.8361    8.19999 0.0000e+00
       6456     62.498     0.0061     0.0013   2.694495   2.694002     2.2207     2.7087      7.987     0.7934     2.8720 1.0740e-01    -0.1046   102.6501     8.4757     8.8564    32.1887    32.1874    25.8368    25.8359    8.19969 0.0000e+00
       6459     62.396     0.0072     0.0039   2.694510   2.694201     2.2207     2.7091      7.987     0.7934     2.8720 1.0715e-01    -0.1046   102.6501     8.4748     8.8529    32.1878    32.1873    25.8360    25.8358    8.19950 0.0000e+00
       6462     62.296     0.0085     0.0057   2.694596   2.694237     2.2207     2.7083      7.987     0.7934     2.8720 1.0727e-01    -0.1046   102.6501     8.4679     8.8467    32.1877    32.1859    25.8359    25.8345    8.19924 0.0000e+00
       6465     62.196     0.0102     0.0052   2.694688   2.694261     2.2211     2.7091      7.987     0.8145     2.8720 1.0715e-01    -0.1046   102.6501     8.4658     8.8501    32.1871    32.1868    25.8354    25.8353    8.19889 0.0000e+00
       6468     62.098     0.0116     0.0074   2.694775   2.694353     2.2211     2.7091      7.987     0.7934     2.2798 1.0752e-01    -0.1046   102.6501     8.4664     8.8467    32.1868    32.1858    25.8350    25.8343    8.19859 0.0000e+00
       6471     62.002     0.0127     0.0084   2.694708   2.694368     2.2223     2.7095      7.987     0.8040     1.8850 1.0715e-01    -0.1036   102.6230     8.4700     8.8445    32.1849    32.1849    25.8334    25.8336    8.19847 0.0000e+00
       6474     61.907     0.0131     0.0091   2.694786   2.694429     2.2223     2.7095      7.987     0.8040     1.9245 1.0740e-01    -0.0965   102.4421     8.4669     8.8413    32.1855    32.1850    25.8339    25.8337    8.19834 0.0000e+00
       6477     61.816     0.0144     0.0108   2.694868   2.694524     2.2223     2.7095      7.992     0.8040     1.9245 1.0715e-01    -0.0962   102.4331     8.4643     8.8374    32.1853    32.1845    25.8337    25.8332    8.19807 0.0000e+00
       6480     61.725     0.0154     0.0114   2.694854   2.694487     2.2223     2.7099      7.990     0.8040     1.9245 1.0752e-01    -0.0962   102.4331     8.4621     8.8399    32.1841    32.1835    25.8327    25.8324    8.19792 0.0000e+00
       6483     61.637     0.0155     0.0094   2.694815   2.694363     2.2235     2.7095      7.992     0.7934     1.9245 1.0740e-01    -0.0962   102.4331     8.4691     8.8398    32.1836    32.1840    25.8322    25.8329    8.19793 0.0000e+00
       6486     61.553     0.0157     0.0075   2.694792   2.694298     2.2223     2.7099      7.990     0.7934     1.9245 1.0727e-01    -0.0962   102.4331     8.4618     8.8404    32.1830    32.1852    25.8318    25.8339    8.19791 0.0000e+00
       6489     61.474     0.0152     0.0068   2.694744   2.694272     2.2231     2.7107      7.992     0.8040     1.9245 1.0715e-01    -0.0962   102.4331     8.4636     8.8430    32.1830    32.1856    25.8318    25.8343    8.19802 0.0000e+00
       6492     61.397     0.0155     0.0079   2.694927   2.694398     2.2235     2.7107      7.990     0.8040     1.9245 1.0715e-01    -0.0986   102.4964     8.4645     8.8403    32.1852    32.1862    25.8335    25.8347    8.19784 0.0000e+00
       6495     61.322     0.0175     0.0118   2.695054   2.694566     2.2231     2.7103      7.990     0.7934     0.1874 1.0715e-01    -0.1046   102.6501     8.4589     8.8352    32.1847    32.1844    25.8331    25.8330    8.19742 0.0000e+00
       6498     61.255     0.0188     0.0133   2.694970   2.694618     2.2239     2.7107      7.990     0.7934     0.0295 1.0727e-01    -0.1043   102.6411     8.4612     8.8364    32.1824    32.1834    25.8311    25.8322    8.19728 0.0000e+00
       6501     61.185     0.0186     0.0134   2.694922   2.694586     2.2227     2.7107      7.990     0.7828     0.0295 1.0715e-01    -0.1046   102.6501     8.4532     8.8363    32.1820    32.1830    25.8308    25.8319    8.19735 0.0000e+00
       6504     61.118     0.0189     0.0131   2.694986   2.694606     2.2243     2.7119      7.992     0.8040     0.0295 1.0727e-01    -0.1046   102.6501     8.4595     8.8399    32.1825    32.1836    25.8313    25.8324    8.19725 0.0000e+00
       6507     61.056     0.0194     0.0117   2.695003   2.694497     2.2243     2.7107      7.992     0.7934     0.0295 1.0727e-01    -0.1046   102.6501     8.4598     8.8341    32.1822    32.1836    25.8310    25.8325    8.19715 0.0000e+00
       6510     60.998     0.0205     0.0099   2.695036   2.694389     2.2247     2.7111      7.992     0.8357     0.0295 1.0727e-01    -0.1043   102.6411     8.4615     8.8312    32.1816    32.1842    25.8304    25.8330    8.19695 0.0000e+00
       6513     60.944     0.0206    -0.0000   2.694989   2.693894     2.2247     2.7115      7.992     0.8463     0.0295 1.0727e-01    -0.1064   102.6954     8.4601     8.8322    32.1808    32.1882    25.8298    25.8367    8.19696 0.0000e+00
       6516     60.892     0.0213    -0.0047   2.694926   2.693795     2.2243     2.7103      7.992     0.8251     0.0295 1.0740e-01    -0.1089   102.7587     8.4584     8.8288    32.1794    32.1918    25.8286    25.8398    8.19690 0.0000e+00
       6519     60.843     0.0205     0.0023   2.694900   2.694121     2.2247     2.7111      7.992     0.8251     0.2664 1.0727e-01    -0.1089   102.7587     8.4562     8.8317    32.1798    32.1887    25.8290    25.8370    8.19704 0.0000e+00
       6522     60.796     0.0193     0.0031   2.694917   2.693977     2.2243     2.7115      7.992     0.8357     1.4112 1.0715e-01    -0.1092   102.7677     8.4507     8.8336    32.1814    32.1861    25.8303    25.8349    8.19722 0.0000e+00
       6525     60.751     0.0191    -0.0034   2.694928   2.693754     2.2243     2.7119      7.992     0.8357     1.4507 1.0740e-01    -0.1089   102.7587     8.4512     8.8397    32.1817    32.1900    25.8306    25.8383    8.19724 0.0000e+00
       6528     60.711     0.0191    -0.0009   2.694900   2.693864     2.2251     2.7115      7.992     0.8145     1.4507 1.0727e-01    -0.1089   102.7587     8.4522     8.8389    32.1814    32.1888    25.8303    25.8372    8.19726 0.0000e+00
       6531     60.670     0.0188    -0.0011   2.694918   2.693811     2.2247     2.7111      7.992     0.8251     1.4507 1.0740e-01    -0.1089   102.7587     8.4517     8.8409    32.1819    32.1884    25.8308    25.8369    8.19729 0.0000e+00
