Datasets/AZMP/TEL210/tel210_2020_003.cnv
* Sea-Bird SBE 9 Data File:
* FileName = C:\CTDDATA\tel210_2020_003.hex
* Software Version Seasave V 7.26.7.110
* Temperature SN = 1697
* Conductivity SN = 4216
* Number of Bytes Per Scan = 30
* Number of Voltage Words = 4
* Number of Scans Averaged by the Deck Unit = 1
* NMEA baud rate = 4800
** VESSEL/TRIP/SEQ STN:  tel210_2020_003
** LATITUDE XX XX.XX: 47 00.00 N
** LONGITUDE XX XX.XX: 052 49.90 W
** SOUNDING DEPTH (M): 0107
** PROBE TYPE: S1146
** CTD NUMBER: 002
** COMMENTS (14 CHAR): FC-01
** BOTTLES:  8
** LEVELS: 5,10,20,30,40,50,75,BTM
** STICKERS: 435744 - 435751
** VNET: Y
** DO2: N
# nquan = 22
# nvalues = 2768                        
# units = specified
# name 0 = scan: Scan Count
# name 1 = prDM: Pressure, Digiquartz [db]
# name 2 = t090C: Temperature [ITS-90, deg C]
# name 3 = t190C: Temperature, 2 [ITS-90, deg C]
# name 4 = c0S/m: Conductivity [S/m]
# name 5 = c1S/m: Conductivity, 2 [S/m]
# name 6 = sbeox0V: Oxygen raw, SBE 43 [V]
# name 7 = sbeox1V: Oxygen raw, SBE 43, 2 [V]
# name 8 = ph: pH
# name 9 = flECO-AFL: Fluorescence, WET Labs ECO-AFL/FL [mg/m^3]
# name 10 = wetCDOM: Fluorescence, WET Labs CDOM [mg/m^3]
# name 11 = par/sat/log: PAR/Logarithmic, Satlantic [umol photons/m^2/sec]
# name 12 = CStarAt0: Beam Attenuation, WET Labs C-Star [1/m]
# name 13 = CStarTr0: Beam Transmission, WET Labs C-Star [%]
# name 14 = sbeox0ML/L: Oxygen, SBE 43 [ml/l], WS = 2
# name 15 = sbeox1ML/L: Oxygen, SBE 43, 2 [ml/l], WS = 2
# name 16 = sal00: Salinity, Practical [PSU]
# name 17 = sal11: Salinity, Practical, 2 [PSU]
# name 18 = sigma-t00: Density [sigma-t, kg/m^3 ]
# name 19 = sigma-t11: Density, 2 [sigma-t, kg/m^3 ]
# name 20 = oxsatML/L: Oxygen Saturation, Weiss [ml/l]
# name 21 = flag: flag
# span 0 =         51,      31578       
# span 1 =      2.037,    107.631       
# span 2 =    -1.5694,     6.6183       
# span 3 =    -1.5594,     6.6081       
# span 4 =   2.601415,   3.213992       
# span 5 =   2.602634,   3.212811       
# span 6 =     1.9800,     2.4093       
# span 7 =     2.4128,     2.9699       
# span 8 =      7.832,      8.063       
# span 9 =    -0.5918,     1.0057       
# span 10 =    -2.8130,   482.1870      
# span 11 = 1.0715e-01, 1.0752e-01      
# span 12 =    -0.1575,    -0.0036      
# span 13 =   100.0909,   104.0156      
# span 14 =     7.4176,     8.8063      
# span 15 =     7.3489,     9.3592      
# span 16 =    31.8786,    32.6988      
# span 17 =    31.8668,    32.6996      
# span 18 =    25.0263,    26.2995      
# span 19 =    25.0199,    26.3003      
# span 20 =    6.96048,    8.53127      
# span 21 = 0.0000e+00, 0.0000e+00      
# interval = scans: 3                   
# start_time = Jul 15 2020 03:35:42 [System UTC, header]
# bad_flag = -9.990e-29
*END*
[from data line 1910]
      12235     57.673    -1.3756    -1.4628   2.616022   2.609832     2.0217     2.4650      7.851    -0.4798     3.9774 1.0752e-01    -0.1557   103.9704     7.8031     8.2153    32.6199    32.6303    26.2356    26.2464    8.48657 0.0000e+00
      12238     57.554    -1.3769    -1.4704   2.615974   2.609454     2.0209     2.4654      7.851    -0.4900     4.2932 1.0752e-01    -0.1550   103.9523     7.8015     8.2169    32.6207    32.6334    26.2363    26.2491    8.48683 0.0000e+00
      12241     57.435    -1.3777    -1.4689   2.615824   2.609672     2.0217     2.4663      7.851    -0.4798     4.2932 1.0740e-01    -0.1550   103.9523     7.8022     8.2194    32.6195    32.6349    26.2354    26.2503    8.48707 0.0000e+00
      12244     57.318    -1.3809    -1.4634   2.615431   2.610429     2.0221     2.4658      7.851    -0.4798     4.2932 1.0752e-01    -0.1550   103.9523     7.8034     8.2136    32.6178    32.6393    26.2341    26.2537    8.48793 0.0000e+00
      12247     57.196    -1.3852    -1.4255   2.615128   2.612871     2.0230     2.4667      7.851    -0.4900     4.2932 1.0752e-01    -0.1550   103.9523     7.8050     8.2036    32.6184    32.6315    26.2347    26.2464    8.48889 0.0000e+00
      12250     57.070    -1.3877    -1.4057   2.614980   2.614124     2.0225     2.4654      7.851    -0.5002     4.2932 1.0740e-01    -0.1550   103.9523     7.8037     8.1928    32.6191    32.6271    26.2353    26.2422    8.48942 0.0000e+00
      12253     56.948    -1.3886    -1.3917   2.614966   2.614856     2.0221     2.4671      7.851    -0.5308     4.2932 1.0740e-01    -0.1550   103.9523     7.8004     8.1999    32.6201    32.6219    26.2361    26.2376    8.48959 0.0000e+00
      12256     56.832    -1.3880    -1.3875   2.615004   2.615064     2.0230     2.4679      7.853    -0.5104     4.2932 1.0740e-01    -0.1550   103.9523     7.8030     8.2027    32.6200    32.6203    26.2360    26.2362    8.48944 0.0000e+00
      12259     56.710    -1.3913    -1.3883   2.614680   2.615018     2.0234     2.4679      7.853    -0.5206     4.2932 1.0752e-01    -0.1550   103.9523     7.8047     8.2012    32.6192    32.6205    26.2355    26.2365    8.49026 0.0000e+00
      12262     56.587    -1.3909    -1.3900   2.614880   2.614814     2.0234     2.4675      7.853    -0.5104     3.0299 1.0752e-01    -0.1550   103.9523     7.8032     8.1955    32.6215    32.6197    26.2374    26.2358    8.49002 0.0000e+00
      12265     56.466    -1.3864    -1.3941   2.615158   2.614509     2.0225     2.4671      7.851    -0.5104     2.1219 1.0752e-01    -0.1547   103.9433     7.7932     8.1913    32.6205    32.6201    26.2364    26.2363    8.48904 0.0000e+00
      12268     56.346    -1.3880    -1.3984   2.614874   2.614191     2.0234     2.4675      7.853    -0.5308     2.1614 1.0740e-01    -0.1540   103.9252     7.7982     8.1919    32.6185    32.6204    26.2348    26.2367    8.48953 0.0000e+00
      12271     56.227    -1.3917    -1.4010   2.614609   2.614084     2.0234     2.4667      7.854    -0.5104     2.1614 1.0752e-01    -0.1537   103.9162     7.8017     8.1898    32.6190    32.6219    26.2353    26.2380    8.49037 0.0000e+00
      12274     56.107    -1.3932    -1.4010   2.614652   2.614088     2.0238     2.4683      7.853    -0.5206     2.1614 1.0740e-01    -0.1540   103.9252     7.8028     8.1959    32.6212    32.6220    26.2372    26.2380    8.49057 0.0000e+00
      12277     55.986    -1.3893    -1.4007   2.615219   2.614101     2.0234     2.4691      7.851    -0.4900     2.1614 1.0752e-01    -0.1540   103.9252     7.7966     8.1961    32.6248    32.6219    26.2400    26.2379    8.48946 0.0000e+00
      12280     55.865    -1.3750    -1.4021   2.616301   2.614010     2.0242     2.4679      7.854    -0.5002     2.1614 1.0727e-01    -0.1540   103.9252     7.7940     8.1928    32.6242    32.6223    26.2391    26.2383    8.48618 0.0000e+00
      12283     55.746    -1.3751    -1.4008   2.615961   2.614176     2.0234     2.4679      7.853    -0.4900     2.1614 1.0740e-01    -0.1540   103.9252     7.7907     8.1944    32.6196    32.6232    26.2354    26.2390    8.48646 0.0000e+00
      12286     55.627    -1.3779    -1.3907   2.615910   2.615038     2.0242     2.4675      7.856    -0.5002     2.1219 1.0740e-01    -0.1543   103.9342     7.7958     8.1896    32.6220    32.6240    26.2374    26.2394    8.48697 0.0000e+00
      12289     55.507    -1.3692    -1.3813   2.616691   2.615597     2.0242     2.4679      7.853    -0.4900     0.3848 1.0752e-01    -0.1550   103.9523     7.7922     8.1893    32.6234    32.6215    26.2382    26.2371    8.48487 0.0000e+00
      12292     55.387    -1.3651    -1.3858   2.616737   2.615118     2.0246     2.4687      7.856    -0.4900     0.1479 1.0752e-01    -0.1550   103.9523     7.7916     8.1922    32.6196    32.6200    26.2351    26.2359    8.48415 0.0000e+00
      12295     55.271    -1.3672    -1.3925   2.616532   2.614643     2.0250     2.4691      7.856    -0.4900     0.1479 1.0740e-01    -0.1550   103.9523     7.7923     8.1927    32.6191    32.6209    26.2347    26.2369    8.48465 0.0000e+00
      12298     55.162    -1.3666    -1.3953   2.616678   2.614537     2.0238     2.4691      7.854    -0.4900     0.1479 1.0752e-01    -0.1550   103.9523     7.7853     8.1898    32.6206    32.6226    26.2359    26.2383    8.48444 0.0000e+00
      12301     55.051    -1.3658    -1.3946   2.616686   2.614726     2.0242     2.4691      7.854    -0.4900     0.1084 1.0752e-01    -0.1550   103.9523     7.7862     8.1904    32.6199    32.6244    26.2353    26.2398    8.48429 0.0000e+00
      12304     54.936    -1.3668    -1.3813   2.616670   2.615852     2.0246     2.4691      7.856    -0.4900     0.1479 1.0727e-01    -0.1550   103.9523     7.7904     8.1887    32.6208    32.6254    26.2361    26.2402    8.48447 0.0000e+00
      12307     54.825    -1.3619    -1.3725   2.617167   2.616208     2.0246     2.4691      7.854    -0.4798     0.1479 1.0752e-01    -0.1543   103.9342     7.7906     8.1853    32.6223    32.6207    26.2372    26.2362    8.48323 0.0000e+00
      12310     54.718    -1.3597    -1.3788   2.617219   2.615833     2.0246     2.4687      7.854    -0.4798     0.1084 1.0752e-01    -0.1547   103.9433     7.7906     8.1882    32.6207    32.6225    26.2358    26.2379    8.48282 0.0000e+00
      12313     54.615    -1.3604    -1.3771   2.617013   2.615945     2.0250     2.4691      7.856    -0.4798     0.1084 1.0752e-01    -0.1543   103.9342     7.7953     8.1890    32.6186    32.6223    26.2342    26.2376    8.48310 0.0000e+00
      12316     54.507    -1.3637    -1.3790   2.616859   2.615741     2.0246     2.4691      7.854    -0.4900     0.0295 1.0752e-01    -0.1547   103.9433     7.7957     8.1864    32.6202    32.6217    26.2356    26.2371    8.48378 0.0000e+00
      12319     54.401    -1.3628    -1.3772   2.616915   2.615909     2.0246     2.4691      7.856    -0.5002     0.0295 1.0740e-01    -0.1547   103.9433     7.7976     8.1858    32.6201    32.6221    26.2355    26.2374    8.48358 0.0000e+00
      12322     54.298    -1.3654    -1.3783   2.616703   2.615802     2.0250     2.4691      7.856    -0.5002     0.0295 1.0740e-01    -0.1547   103.9433     7.8003     8.1877    32.6201    32.6218    26.2355    26.2373    8.48418 0.0000e+00
      12325     54.194    -1.3710    -1.3842   2.616363   2.615406     2.0250     2.4691      7.856    -0.5002    -0.0100 1.0752e-01    -0.1547   103.9433     7.8002     8.1910    32.6216    32.6230    26.2369    26.2383    8.48540 0.0000e+00
      12328     54.093    -1.3720    -1.3860   2.616275   2.615321     2.0258     2.4695      7.856    -0.4900     0.0295 1.0740e-01    -0.1550   103.9523     7.8042     8.1957    32.6216    32.6238    26.2369    26.2390    8.48563 0.0000e+00
      12331     53.991    -1.3737    -1.3861   2.616064   2.615205     2.0258     2.4695      7.856    -0.4900     0.0295 1.0752e-01    -0.1554   103.9614     7.8065     8.1988    32.6206    32.6224    26.2362    26.2379    8.48609 0.0000e+00
      12334     53.893    -1.3748    -1.3903   2.616032   2.614904     2.0262     2.4715      7.856    -0.4900     0.0295 1.0752e-01    -0.1550   103.9523     7.8095     8.2093    32.6215    32.6229    26.2369    26.2384    8.48629 0.0000e+00
      12337     53.797    -1.3764    -1.3893   2.615867   2.615046     2.0262     2.4703      7.856    -0.5002     0.0295 1.0740e-01    -0.1554   103.9614     7.8091     8.2032    32.6209    32.6238    26.2365    26.2391    8.48668 0.0000e+00
      12340     53.701    -1.3780    -1.3859   2.615770   2.615233     2.0258     2.4695      7.856    -0.4798    -0.0889 1.0752e-01    -0.1550   103.9523     7.8083     8.1999    32.6214    32.6227    26.2369    26.2381    8.48702 0.0000e+00
      12343     53.605    -1.3798    -1.3867   2.615594   2.615190     2.0258     2.4699      7.856    -0.4798    -0.2469 1.0752e-01    -0.1557   103.9704     7.8070     8.2021    32.6210    32.6230    26.2366    26.2384    8.48747 0.0000e+00
      12346     53.511    -1.3781    -1.3878   2.615983   2.615091     2.0262     2.4703      7.856    -0.4900    -0.2074 1.0740e-01    -0.1550   103.9523     7.8045     8.2034    32.6245    32.6229    26.2394    26.2384    8.48686 0.0000e+00
      12349     53.418    -1.3733    -1.3877   2.616070   2.615097     2.0258     2.4707      7.856    -0.4900    -0.2074 1.0752e-01    -0.1550   103.9523     7.8002     8.2001    32.6206    32.6230    26.2361    26.2384    8.48599 0.0000e+00
      12352     53.323    -1.3755    -1.3876   2.615981   2.615159     2.0266     2.4711      7.856    -0.4798    -0.2074 1.0740e-01    -0.1550   103.9523     7.8015     8.1991    32.6218    32.6237    26.2372    26.2391    8.48643 0.0000e+00
      12355     53.232    -1.3741    -1.3801   2.616270   2.615884     2.0270     2.4715      7.854    -0.5002    -0.2074 1.0752e-01    -0.1550   103.9523     7.8039     8.1961    32.6243    32.6256    26.2392    26.2403    8.48595 0.0000e+00
      12358     53.141    -1.3691    -1.3704   2.616845   2.616523     2.0266     2.4711      7.856    -0.5206    -0.2074 1.0740e-01    -0.1550   103.9523     7.7996     8.1918    32.6268    32.6238    26.2410    26.2387    8.48465 0.0000e+00
      12361     53.051    -1.3558    -1.3733   2.617762   2.616249     2.0270     2.4711      7.856    -0.5308    -0.2074 1.0752e-01    -0.1550   103.9523     7.8001     8.1945    32.6248    32.6232    26.2391    26.2383    8.48167 0.0000e+00
      12364     52.960    -1.3515    -1.3764   2.617967   2.616036     2.0270     2.4715      7.856    -0.5104    -0.2074 1.0752e-01    -0.1550   103.9523     7.8013     8.1924    32.6230    32.6238    26.2375    26.2387    8.48078 0.0000e+00
      12367     52.868    -1.3526    -1.3725   2.617755   2.616239     2.0270     2.4719      7.856    -0.5104    -0.1284 1.0752e-01    -0.1540   103.9252     7.7997     8.1891    32.6214    32.6224    26.2362    26.2375    8.48113 0.0000e+00
      12370     52.774    -1.3538    -1.3816   2.617629   2.615281     2.0270     2.4711      7.856    -0.5104    -0.1284 1.0740e-01    -0.1543   103.9342     7.7975     8.1876    32.6210    32.6192    26.2359    26.2352    8.48143 0.0000e+00
      12373     52.680    -1.3547    -1.3868   2.617667   2.615804     2.0270     2.4707      7.854    -0.5206    -0.0889 1.0727e-01    -0.1547   103.9433     7.7962     8.1836    32.6226    32.6322    26.2372    26.2458    8.48155 0.0000e+00
      12376     52.580    -1.3453    -1.3580   2.618900   2.617710     2.0266     2.4715      7.856    -0.5206    -0.0889 1.0715e-01    -0.1547   103.9433     7.7894     8.1801    32.6292    32.6269    26.2424    26.2408    8.47897 0.0000e+00
      12379     52.479    -1.3313    -1.3586   2.619756   2.617531     2.0274     2.4715      7.856    -0.5206    -0.1679 1.0752e-01    -0.1547   103.9433     7.7871     8.1840    32.6257    32.6251    26.2392    26.2394    8.47593 0.0000e+00
      12382     52.378    -1.3292    -1.3551   2.619567   2.617720     2.0270     2.4715      7.856    -0.4798    -0.0889 1.0740e-01    -0.1540   103.9252     7.7856     8.1871    32.6210    32.6240    26.2352    26.2384    8.47573 0.0000e+00
      12385     52.271    -1.3297    -1.3535   2.619705   2.617920     2.0279     2.4715      7.856    -0.4900    -0.1284 1.0740e-01    -0.1547   103.9433     7.7911     8.1870    32.6235    32.6250    26.2373    26.2391    8.47571 0.0000e+00
      12388     52.162    -1.3280    -1.3376   2.619995   2.619327     2.0279     2.4703      7.856    -0.4900    -0.0889 1.0740e-01    -0.1540   103.9252     7.7924     8.1798    32.6256    32.6270    26.2390    26.2404    8.47517 0.0000e+00
      12391     52.052    -1.3193    -1.3248   2.620715   2.620010     2.0274     2.4719      7.854    -0.4900    -0.1284 1.0740e-01    -0.1540   103.9252     7.7917     8.1890    32.6261    32.6224    26.2391    26.2362    8.47314 0.0000e+00
      12394     51.939    -1.3128    -1.3278   2.621010   2.619637     2.0274     2.4715      7.856    -0.4900    -0.0889 1.0752e-01    -0.1540   103.9252     7.7909     8.1945    32.6231    32.6207    26.2365    26.2350    8.47181 0.0000e+00
      12397     51.823    -1.3107    -1.3388   2.621102   2.618824     2.0279     2.4715      7.856    -0.4697    -0.0889 1.0727e-01    -0.1540   103.9252     7.7952     8.1979    32.6221    32.6216    26.2357    26.2360    8.47138 0.0000e+00
      12400     51.706    -1.3124    -1.3439   2.620877   2.618555     2.0274     2.4724      7.854    -0.4900    -0.0889 1.0740e-01    -0.1540   103.9252     7.7954     8.2043    32.6209    32.6235    26.2348    26.2377    8.47183 0.0000e+00
      12403     51.586    -1.3106    -1.3421   2.621129   2.618758     2.0270     2.4728      7.856    -0.4798    -0.0889 1.0752e-01    -0.1540   103.9252     7.7928     8.2078    32.6225    32.6245    26.2359    26.2384    8.47133 0.0000e+00
      12406     51.466    -1.3073    -1.3415   2.621289   2.618604     2.0279     2.4728      7.856    -0.4798    -0.0889 1.0727e-01    -0.1540   103.9252     7.7943     8.2093    32.6212    32.6217    26.2348    26.2362    8.47064 0.0000e+00
      12409     51.343    -1.3074    -1.3485   2.621164   2.618047     2.0283     2.4724      7.856    -0.4798    -0.1284 1.0752e-01    -0.1540   103.9252     7.7966     8.2091    32.6196    32.6218    26.2335    26.2364    8.47076 0.0000e+00
      12412     51.220    -1.3086    -1.3503   2.621087   2.618075     2.0283     2.4728      7.856    -0.4900    -0.1284 1.0727e-01    -0.1537   103.9162     7.8004     8.2099    32.6200    32.6242    26.2339    26.2384    8.47102 0.0000e+00
      12415     51.100    -1.3082    -1.3470   2.621083   2.618263     2.0291     2.4744      7.856    -0.4798    -0.1284 1.0752e-01    -0.1537   103.9162     7.8054     8.2125    32.6196    32.6233    26.2335    26.2376    8.47095 0.0000e+00
      12418     50.982    -1.3051    -1.3497   2.621272   2.617792     2.0287     2.4736      7.856    -0.4798    -0.0494 1.0752e-01    -0.1540   103.9252     7.8022     8.2108    32.6188    32.6199    26.2328    26.2349    8.47028 0.0000e+00
      12421     50.868    -1.3022    -1.3620   2.621435   2.616927     2.0291     2.4740      7.856    -0.4798     0.1479 1.0752e-01    -0.1537   103.9162     7.8036     8.2101    32.6179    32.6215    26.2320    26.2366    8.46964 0.0000e+00
      12424     50.756    -1.3035    -1.3639   2.621035   2.617194     2.0295     2.4740      7.856    -0.4798     0.1479 1.0740e-01    -0.1540   103.9252     7.8048     8.2070    32.6139    32.6274    26.2288    26.2414    8.47017 0.0000e+00
      12427     50.639    -1.3082    -1.3457   2.620730   2.618513     2.0287     2.4744      7.856    -0.4697     0.1084 1.0752e-01    -0.1537   103.9162     7.7961     8.2041    32.6150    32.6256    26.2298    26.2394    8.47121 0.0000e+00
