Datasets/AZMP/TEL210/tel210_2020_052.cnv
* Sea-Bird SBE 9 Data File:
* FileName = C:\CTDDATA\tel210_2020_052.hex
* Software Version Seasave V 7.26.7.110
* Temperature SN = 1697
* Conductivity SN = 4216
* Number of Bytes Per Scan = 30
* Number of Voltage Words = 4
* Number of Scans Averaged by the Deck Unit = 1
* NMEA baud rate = 4800
** VESSEL/TRIP/SEQ STN:  tel210_2020_052
** LATITUDE XX XX.XX: 49 11.40 N
** LONGITUDE XX XX.XX: 051 32.50 W
** SOUNDING DEPTH (M): 0312
** PROBE TYPE: S1146
** CTD NUMBER: 042
** COMMENTS (14 CHAR): BB-07
** BOTTLES:  11
** LEVELS: 5,10,20,30,40,50,75,100,150,250,BTM
** STICKERS: 436054 - 436064
** VNET: Y
** DO2: N
# nquan = 22
# nvalues = 7074                        
# units = specified
# name 0 = scan: Scan Count
# name 1 = prDM: Pressure, Digiquartz [db]
# name 2 = t090C: Temperature [ITS-90, deg C]
# name 3 = t190C: Temperature, 2 [ITS-90, deg C]
# name 4 = c0S/m: Conductivity [S/m]
# name 5 = c1S/m: Conductivity, 2 [S/m]
# name 6 = sbeox0V: Oxygen raw, SBE 43 [V]
# name 7 = sbeox1V: Oxygen raw, SBE 43, 2 [V]
# name 8 = ph: pH
# name 9 = flECO-AFL: Fluorescence, WET Labs ECO-AFL/FL [mg/m^3]
# name 10 = wetCDOM: Fluorescence, WET Labs CDOM [mg/m^3]
# name 11 = par/sat/log: PAR/Logarithmic, Satlantic [umol photons/m^2/sec]
# name 12 = CStarAt0: Beam Attenuation, WET Labs C-Star [1/m]
# name 13 = CStarTr0: Beam Transmission, WET Labs C-Star [%]
# name 14 = sbeox0ML/L: Oxygen, SBE 43 [ml/l], WS = 2
# name 15 = sbeox1ML/L: Oxygen, SBE 43, 2 [ml/l], WS = 2
# name 16 = sal00: Salinity, Practical [PSU]
# name 17 = sal11: Salinity, Practical, 2 [PSU]
# name 18 = sigma-t00: Density [sigma-t, kg/m^3 ]
# name 19 = sigma-t11: Density, 2 [sigma-t, kg/m^3 ]
# name 20 = oxsatML/L: Oxygen Saturation, Weiss [ml/l]
# name 21 = flag: flag
# span 0 =         44,      46395       
# span 1 =      0.584,    307.777       
# span 2 =    -1.1936,    11.1771       
# span 3 =    -1.2003,    11.1748       
# span 4 =   2.643172,   3.581827       
# span 5 =   2.643029,   3.581524       
# span 6 =     1.7960,     2.6086       
# span 7 =     2.1562,     3.2161       
# span 8 =      7.919,      8.322       
# span 9 =     0.6346,    24.8357       
# span 10 =    -2.8130,   482.1870      
# span 11 = 1.0667e-01, 3.9986e-01      
# span 12 =    -0.1477,     2.9774      
# span 13 =    47.5051,   103.7624      
# span 14 =     5.8724,     9.8186      
# span 15 =     6.1384,    10.6633      
# span 16 =    31.1448,    34.7040      
# span 17 =    31.6179,    34.7045      
# span 18 =    24.0649,    27.6281      
# span 19 =    24.1328,    27.6266      
# span 20 =    6.29001,    8.43330      
# span 21 = 0.0000e+00, 0.0000e+00      
# interval = scans: 3                   
# start_time = Jul 21 2020 05:11:43 [System UTC, header]
# bad_flag = -9.990e-29
*END*
[from data line 1252]
       4190    114.959    -0.5225    -0.5233   2.743060   2.742928     1.9450     2.3536      7.975     0.7405     1.6876 1.0715e-01    -0.1404   103.5725     7.1977     7.5082    33.3718    33.3709    26.8155    26.8148    8.24955 0.0000e+00
       4193    115.059    -0.5205    -0.5221   2.743219   2.743063     1.9446     2.3528      7.975     0.7405     2.1614 1.0715e-01    -0.1404   103.5725     7.1962     7.5036    33.3716    33.3714    26.8153    26.8151    8.24912 0.0000e+00
       4196    115.164    -0.5191    -0.5221   2.743263   2.743059     1.9450     2.3532      7.975     0.7299     2.1614 1.0715e-01    -0.1404   103.5725     7.1975     7.5019    33.3707    33.3712    26.8145    26.8150    8.24887 0.0000e+00
       4199    115.263    -0.5181    -0.5216   2.743322   2.743195     1.9450     2.3520      7.975     0.7405     2.1614 1.0727e-01    -0.1404   103.5725     7.1980     7.4990    33.3703    33.3725    26.8141    26.8160    8.24867 0.0000e+00
       4202    115.355    -0.5170    -0.5193   2.743596   2.743500     1.9450     2.3524      7.975     0.7299     2.1614 1.0715e-01    -0.1394   103.5454     7.1967     7.4978    33.3727    33.3740    26.8160    26.8171    8.24829 0.0000e+00
       4205    115.447    -0.5154    -0.5175   2.743885   2.743673     1.9450     2.3520      7.975     0.7299     2.1614 1.0715e-01    -0.1394   103.5454     7.1935     7.4964    33.3748    33.3742    26.8176    26.8172    8.24782 0.0000e+00
       4208    115.538    -0.5136    -0.5160   2.744018   2.743795     1.9442     2.3516      7.975     0.7299     2.1614 1.0715e-01    -0.1397   103.5544     7.1831     7.4909    33.3745    33.3742    26.8173    26.8171    8.24743 0.0000e+00
       4211    115.631    -0.5121    -0.5148   2.744088   2.743883     1.9450     2.3516      7.975     0.7616     2.1614 1.0715e-01    -0.1394   103.5454     7.1815     7.4837    33.3737    33.3740    26.8166    26.8169    8.24714 0.0000e+00
       4214    115.721    -0.5109    -0.5146   2.744161   2.743925     1.9442     2.3520      7.975     0.7722     2.1219 1.0715e-01    -0.1394   103.5454     7.1718     7.4821    33.3733    33.3742    26.8162    26.8171    8.24689 0.0000e+00
       4217    115.814    -0.5102    -0.5150   2.744123   2.743867     1.9438     2.3516      7.975     0.7722     1.6876 1.0715e-01    -0.1394   103.5454     7.1665     7.4818    33.3719    33.3739    26.8151    26.8168    8.24681 0.0000e+00
       4220    115.905    -0.5104    -0.5158   2.744068   2.743827     1.9438     2.3516      7.975     0.7722     1.6876 1.0715e-01    -0.1397   103.5544     7.1682     7.4833    33.3714    33.3742    26.8147    26.8171    8.24689 0.0000e+00
       4223    115.991    -0.5107    -0.5171   2.744010   2.743761     1.9442     2.3516      7.975     0.7510     1.6876 1.0727e-01    -0.1394   103.5454     7.1735     7.4838    33.3710    33.3746    26.8143    26.8175    8.24699 0.0000e+00
       4226    116.078    -0.5116    -0.5180   2.743973   2.743716     1.9438     2.3512      7.975     0.7616     1.6876 1.0715e-01    -0.1394   103.5454     7.1745     7.4836    33.3714    33.3749    26.8147    26.8178    8.24716 0.0000e+00
       4229    116.163    -0.5123    -0.5184   2.743991   2.743735     1.9438     2.3512      7.975     0.7722     1.6876 1.0715e-01    -0.1397   103.5544     7.1761     7.4828    33.3723    33.3757    26.8155    26.8184    8.24726 0.0000e+00
       4232    116.248    -0.5124    -0.5184   2.744046   2.743775     1.9429     2.3495      7.975     0.7722     1.6876 1.0715e-01    -0.1394   103.5454     7.1736     7.4746    33.3731    33.3761    26.8161    26.8188    8.24724 0.0000e+00
       4235    116.328    -0.5129    -0.5187   2.744035   2.743750     1.9434     2.3495      7.975     0.7722     1.6876 1.0715e-01    -0.1397   103.5544     7.1758     7.4746    33.3735    33.3761    26.8165    26.8188    8.24734 0.0000e+00
       4238    116.411    -0.5134    -0.5193   2.744006   2.743721     1.9425     2.3499      7.975     0.7616     1.6876 1.0727e-01    -0.1394   103.5454     7.1719     7.4772    33.3736    33.3762    26.8165    26.8189    8.24744 0.0000e+00
       4241    116.490    -0.5140    -0.5202   2.743950   2.743661     1.9429     2.3499      7.975     0.7722     1.7666 1.0715e-01    -0.1394   103.5454     7.1753     7.4786    33.3734    33.3764    26.8164    26.8191    8.24757 0.0000e+00
       4244    116.566    -0.5145    -0.5211   2.743874   2.743591     1.9438     2.3503      7.975     0.7616     1.9245 1.0715e-01    -0.1394   103.5454     7.1797     7.4819    33.3729    33.3765    26.8161    26.8192    8.24772 0.0000e+00
       4247    116.641    -0.5153    -0.5221   2.743847   2.743554     1.9438     2.3495      7.975     0.7722     1.9245 1.0727e-01    -0.1394   103.5454     7.1834     7.4791    33.3735    33.3770    26.8165    26.8196    8.24787 0.0000e+00
       4250    116.716    -0.5163    -0.5232   2.743766   2.743481     1.9434     2.3495      7.975     0.7722     1.9245 1.0715e-01    -0.1394   103.5454     7.1831     7.4810    33.3734    33.3772    26.8165    26.8199    8.24809 0.0000e+00
       4253    116.793    -0.5176    -0.5255   2.743624   2.743340     1.9429     2.3491      7.975     0.7722     1.9245 1.0715e-01    -0.1394   103.5454     7.1799     7.4815    33.3729    33.3777    26.8162    26.8204    8.24842 0.0000e+00
       4256    116.868    -0.5193    -0.5273   2.743506   2.743266     1.9429     2.3491      7.973     0.7616     1.9245 1.0715e-01    -0.1394   103.5454     7.1781     7.4837    33.3732    33.3787    26.8164    26.8213    8.24878 0.0000e+00
       4259    116.943    -0.5215    -0.5299   2.743408   2.743123     1.9425     2.3491      7.975     0.7722     1.9245 1.0715e-01    -0.1394   103.5454     7.1748     7.4833    33.3742    33.3796    26.8173    26.8221    8.24920 0.0000e+00
       4262    117.016    -0.5231    -0.5317   2.743329   2.743036     1.9425     2.3491      7.975     0.7405     1.9245 1.0715e-01    -0.1394   103.5454     7.1757     7.4859    33.3749    33.3803    26.8180    26.8228    8.24952 0.0000e+00
       4265    117.084    -0.5246    -0.5322   2.743309   2.743002     1.9425     2.3487      7.975     0.6981     1.9245 1.0715e-01    -0.1390   103.5364     7.1723     7.4820    33.3762    33.3804    26.8191    26.8229    8.24977 0.0000e+00
       4268    117.152    -0.5254    -0.5326   2.743302   2.743004     1.9429     2.3483      7.975     0.7087     0.8191 1.0715e-01    -0.1394   103.5454     7.1727     7.4823    33.3769    33.3808    26.8198    26.8232    8.24992 0.0000e+00
       4271    117.214    -0.5262    -0.5328   2.743297   2.742987     1.9434     2.3479      7.975     0.7087    -0.0494 1.0715e-01    -0.1394   103.5454     7.1767     7.4841    33.3777    33.3809    26.8204    26.8232    8.25005 0.0000e+00
       4274    117.279    -0.5266    -0.5331   2.743295   2.742989     1.9421     2.3479      7.973     0.7087     0.0295 1.0715e-01    -0.1394   103.5454     7.1725     7.4909    33.3781    33.3811    26.8208    26.8235    8.25011 0.0000e+00
       4277    117.343    -0.5271    -0.5333   2.743289   2.742982     1.9421     2.3479      7.975     0.7193     0.0295 1.0727e-01    -0.1394   103.5454     7.1724     7.4952    33.3785    33.3813    26.8211    26.8236    8.25020 0.0000e+00
       4280    117.402    -0.5272    -0.5335   2.743304   2.743002     1.9417     2.3483      7.975     0.7087     0.0295 1.0715e-01    -0.1390   103.5364     7.1746     7.4986    33.3788    33.3816    26.8214    26.8239    8.25021 0.0000e+00
       4283    117.462    -0.5274    -0.5335   2.743301   2.742995     1.9421     2.3487      7.975     0.7299     0.0295 1.0715e-01    -0.1387   103.5273     7.1825     7.5027    33.3789    33.3816    26.8214    26.8238    8.25024 0.0000e+00
       4286    117.526    -0.5276    -0.5336   2.743288   2.742988     1.9421     2.3483      7.975     0.7193     0.0295 1.0715e-01    -0.1373   103.4911     7.1874     7.5030    33.3790    33.3815    26.8215    26.8238    8.25029 0.0000e+00
       4289    117.585    -0.5278    -0.5338   2.743299   2.742990     1.9421     2.3471      7.975     0.7193     0.0295 1.0715e-01    -0.1376   103.5002     7.1904     7.4985    33.3792    33.3818    26.8217    26.8240    8.25031 0.0000e+00
       4292    117.647    -0.5281    -0.5343   2.743277   2.742984     1.9413     2.3479      7.975     0.7299     0.0295 1.0715e-01    -0.1376   103.5002     7.1842     7.5039    33.3792    33.3821    26.8217    26.8243    8.25037 0.0000e+00
       4295    117.714    -0.5284    -0.5349   2.743316   2.743008     1.9421     2.3487      7.975     0.7299    -1.0364 1.0715e-01    -0.1373   103.4911     7.1887     7.5096    33.3800    33.3831    26.8224    26.8251    8.25039 0.0000e+00
       4298    117.783    -0.5285    -0.5343   2.743475   2.743136     1.9413     2.3495      7.975     0.7299    -1.1944 1.0715e-01    -0.1373   103.4911     7.1879     7.5133    33.3823    33.3841    26.8242    26.8259    8.25029 0.0000e+00
       4301    117.851    -0.5278    -0.5326   2.743689   2.743345     1.9417     2.3491      7.975     0.7405    -1.1549 1.0715e-01    -0.1383   103.5183     7.1898     7.5114    33.3843    33.3850    26.8258    26.8266    8.25002 0.0000e+00
       4304    117.928    -0.5267    -0.5308   2.743854   2.743538     1.9425     2.3483      7.975     0.7299    -1.1549 1.0715e-01    -0.1362   103.4640     7.1945     7.5079    33.3853    33.3856    26.8266    26.8270    8.24973 0.0000e+00
       4307    118.000    -0.5258    -0.5301   2.743917   2.743633     1.9438     2.3487      7.975     0.7510    -1.1944 1.0715e-01    -0.1352   103.4369     7.2013     7.5100    33.3851    33.3860    26.8264    26.8273    8.24954 0.0000e+00
       4310    118.074    -0.5251    -0.5300   2.743950   2.743669     1.9434     2.3479      7.975     0.7299    -1.1944 1.0715e-01    -0.1352   103.4369     7.1976     7.5077    33.3847    33.3864    26.8260    26.8276    8.24940 0.0000e+00
       4313    118.153    -0.5248    -0.5296   2.744029   2.743734     1.9425     2.3479      7.975     0.7299    -1.1944 1.0715e-01    -0.1352   103.4369     7.1921     7.5048    33.3855    33.3868    26.8266    26.8279    8.24930 0.0000e+00
       4316    118.237    -0.5243    -0.5289   2.744115   2.743823     1.9409     2.3491      7.975     0.7510    -1.1549 1.0715e-01    -0.1352   103.4369     7.1824     7.5081    33.3859    33.3871    26.8270    26.8282    8.24915 0.0000e+00
       4319    118.320    -0.5238    -0.5283   2.744210   2.743925     1.9413     2.3491      7.975     0.7405    -1.0759 1.0715e-01    -0.1352   103.4369     7.1809     7.5040    33.3866    33.3877    26.8275    26.8286    8.24901 0.0000e+00
       4322    118.410    -0.5230    -0.5277   2.744318   2.744024     1.9425     2.3491      7.975     0.7299    -0.6022 1.0715e-01    -0.1352   103.4369     7.1833     7.5030    33.3872    33.3884    26.8279    26.8291    8.24880 0.0000e+00
       4325    118.501    -0.5225    -0.5274   2.744368   2.744099     1.9421     2.3491      7.975     0.7405    -0.5627 1.0715e-01    -0.1359   103.4550     7.1781     7.5029    33.3872    33.3889    26.8280    26.8296    8.24869 0.0000e+00
       4328    118.597    -0.5220    -0.5265   2.744473   2.744195     1.9429     2.3491      7.975     0.7299    -0.5627 1.0715e-01    -0.1366   103.4730     7.1829     7.5010    33.3880    33.3893    26.8286    26.8297    8.24853 0.0000e+00
       4331    118.698    -0.5211    -0.5253   2.744609   2.744369     1.9425     2.3491      7.975     0.7299    -0.5627 1.0715e-01    -0.1373   103.4911     7.1814     7.5010    33.3887    33.3901    26.8291    26.8305    8.24828 0.0000e+00
       4334    118.803    -0.5195    -0.5222   2.745153   2.744850     1.9413     2.3483      7.975     0.7299    -0.5627 1.0715e-01    -0.1366   103.4730     7.1776     7.4979    33.3942    33.3931    26.8335    26.8327    8.24762 0.0000e+00
       4337    118.910    -0.5149    -0.5114   2.746121   2.746112     1.9421     2.3491      7.975     0.7299    -0.6022 1.0715e-01    -0.1366   103.4730     7.1826     7.4971    33.4021    33.3981    26.8396    26.8363    8.24615 0.0000e+00
       4340    119.023    -0.5072    -0.4963   2.747499   2.747603     1.9417     2.3495      7.975     0.7299    -0.5627 1.0715e-01    -0.1369   103.4821     7.1749     7.4936    33.4120    33.4014    26.8473    26.8384    8.24388 0.0000e+00
       4343    119.139    -0.4953    -0.4804   2.748923   2.748977     1.9421     2.3479      7.975     0.7193    -0.5627 1.0715e-01    -0.1362   103.4640     7.1697     7.4864    33.4179    33.4023    26.8516    26.8384    8.24092 0.0000e+00
       4346    119.254    -0.4835    -0.4718   2.749567   2.749567     1.9413     2.3483      7.975     0.7087    -0.3258 1.0727e-01    -0.1390   103.5364     7.1637     7.4885    33.4134    33.4007    26.8475    26.8367    8.23855 0.0000e+00
       4349    119.369    -0.4753    -0.4696   2.749840   2.749714     1.9430     2.3479      7.975     0.6981     0.0295 1.0715e-01    -0.1394   103.5454     7.1741     7.4876    33.4080    33.4001    26.8428    26.8361    8.23706 0.0000e+00
       4352    119.485    -0.4702    -0.4677   2.750159   2.749973     1.9421     2.3483      7.975     0.7087     0.0295 1.0715e-01    -0.1394   103.5454     7.1707     7.4874    33.4066    33.4014    26.8414    26.8371    8.23600 0.0000e+00
       4355    119.599    -0.4659    -0.4659   2.750422   2.750164     1.9413     2.3491      7.975     0.6981     0.0295 1.0715e-01    -0.1394   103.5454     7.1684     7.4881    33.4053    33.4019    26.8402    26.8375    8.23512 0.0000e+00
       4358    119.714    -0.4621    -0.4623   2.750755   2.750543     1.9409     2.3491      7.975     0.7087     0.0295 1.0715e-01    -0.1394   103.5454     7.1687     7.4885    33.4056    33.4029    26.8403    26.8381    8.23427 0.0000e+00
       4361    119.828    -0.4592    -0.4598   2.750900   2.750749     1.9417     2.3491      7.975     0.7087     0.0295 1.0715e-01    -0.1394   103.5454     7.1706     7.4877    33.4042    33.4029    26.8391    26.8380    8.23371 0.0000e+00
       4364    119.941    -0.4568    -0.4579   2.751060   2.750937     1.9405     2.3491      7.975     0.7087     0.0295 1.0715e-01    -0.1397   103.5544     7.1649     7.4925    33.4036    33.4032    26.8384    26.8382    8.23320 0.0000e+00
       4367    120.052    -0.4550    -0.4558   2.751165   2.751182     1.9421     2.3495      7.975     0.7299     0.0295 1.0727e-01    -0.1404   103.5725     7.1714     7.4947    33.4030    33.4042    26.8379    26.8389    8.23285 0.0000e+00
       4370    120.164    -0.4539    -0.4544   2.751423   2.751319     1.9421     2.3491      7.975     0.7616     0.0295 1.0715e-01    -0.1404   103.5725     7.1704     7.4904    33.4052    33.4043    26.8396    26.8389    8.23248 0.0000e+00
       4373    120.273    -0.4519    -0.4531   2.751661   2.751462     1.9421     2.3487      7.975     0.7616    -0.2468 1.0727e-01    -0.1404   103.5725     7.1714     7.4860    33.4061    33.4048    26.8403    26.8393    8.23198 0.0000e+00
       4376    120.384    -0.4499    -0.4520   2.751910   2.751588     1.9417     2.3479      7.975     0.7828    -0.3653 1.0715e-01    -0.1404   103.5725     7.1723     7.4795    33.4071    33.4052    26.8410    26.8395    8.23148 0.0000e+00
       4379    120.489    -0.4475    -0.4500   2.752214   2.751862     1.9417     2.3479      7.973     0.7616    -0.3258 1.0715e-01    -0.1404   103.5725     7.1725     7.4780    33.4085    33.4066    26.8420    26.8406    8.23087 0.0000e+00
