Datasets/AZMP/TEL210/tel210_2020_103.cnv
* Sea-Bird SBE 9 Data File:
* FileName = C:\CTDDATA\tel210_2020_103.hex
* Software Version Seasave V 7.26.7.110
* Temperature SN = 1697
* Conductivity SN = 4216
* Number of Bytes Per Scan = 30
* Number of Voltage Words = 4
* Number of Scans Averaged by the Deck Unit = 1
* NMEA baud rate = 4800
** VESSEL/TRIP/SEQ STN:  tel210_2020_103
** LATITUDE XX XX.XX: 55 46.20 N
** LONGITUDE XX XX.XX: 057 13.30 W
** SOUNDING DEPTH (M): 0425
** PROBE TYPE: S1146
** CTD NUMBER: 069
** COMMENTS (14 CHAR): MB-09
** BOTTLES:  11
** LEVELS: 5,10,20,30,40,50,75,100,150,250,BTM
** STICKERS: 436260 - 436270
** VNET: Y
** DO2: N
# nquan = 22
# nvalues = 10058                       
# units = specified
# name 0 = scan: Scan Count
# name 1 = prDM: Pressure, Digiquartz [db]
# name 2 = t090C: Temperature [ITS-90, deg C]
# name 3 = t190C: Temperature, 2 [ITS-90, deg C]
# name 4 = c0S/m: Conductivity [S/m]
# name 5 = c1S/m: Conductivity, 2 [S/m]
# name 6 = sbeox0V: Oxygen raw, SBE 43 [V]
# name 7 = sbeox1V: Oxygen raw, SBE 43, 2 [V]
# name 8 = ph: pH
# name 9 = flECO-AFL: Fluorescence, WET Labs ECO-AFL/FL [mg/m^3]
# name 10 = wetCDOM: Fluorescence, WET Labs CDOM [mg/m^3]
# name 11 = par/sat/log: PAR/Logarithmic, Satlantic [umol photons/m^2/sec]
# name 12 = CStarAt0: Beam Attenuation, WET Labs C-Star [1/m]
# name 13 = CStarTr0: Beam Transmission, WET Labs C-Star [%]
# name 14 = sbeox0ML/L: Oxygen, SBE 43 [ml/l], WS = 2
# name 15 = sbeox1ML/L: Oxygen, SBE 43, 2 [ml/l], WS = 2
# name 16 = sal00: Salinity, Practical [PSU]
# name 17 = sal11: Salinity, Practical, 2 [PSU]
# name 18 = sigma-t00: Density [sigma-t, kg/m^3 ]
# name 19 = sigma-t11: Density, 2 [sigma-t, kg/m^3 ]
# name 20 = oxsatML/L: Oxygen Saturation, Weiss [ml/l]
# name 21 = flag: flag
# span 0 =         79,      58837       
# span 1 =      0.564,    436.325       
# span 2 =    -0.2051,     6.3544       
# span 3 =    -0.1980,     6.3636       
# span 4 =   2.752020,   3.207716       
# span 5 =   2.752988,   3.207039       
# span 6 =     1.9206,     2.7205       
# span 7 =     2.3037,     3.3537       
# span 8 =      8.020,      8.383       
# span 9 =     0.6346,    16.6240       
# span 10 =    -2.8130,   482.1870      
# span 11 = 1.0484e-01, 3.2828e+00      
# span 12 =    -0.1303,     1.0859      
# span 13 =    76.2260,   103.3103      
# span 14 =     6.4927,    10.6043      
# span 15 =     6.7146,    11.2591      
# span 16 =    31.4255,    34.6804      
# span 17 =    31.4223,    34.6767      
# span 18 =    24.6862,    27.5784      
# span 19 =    24.6825,    27.5763      
# span 20 =    7.02595,    8.18997      
# span 21 = 0.0000e+00, 0.0000e+00      
# interval = scans: 3                   
# start_time = Jul 27 2020 06:57:13 [System UTC, header]
# bad_flag = -9.990e-29
*END*
[from data line 5795]
      21107    370.946     3.2235     3.2143   3.169635   3.168668     1.9303     2.3169      8.029     0.7299     0.3059 1.0740e-01    -0.1236   103.1385     6.5410     6.7916    34.5965    34.5946    27.5422    27.5416    7.42464 0.0000e+00
      21110    370.875     3.2260     3.2149   3.169755   3.168688     1.9291     2.3177      8.029     0.7193     0.6612 1.0715e-01    -0.1236   103.1385     6.5343     6.7912    34.5953    34.5942    27.5410    27.5412    7.42424 0.0000e+00
      21113    370.813     3.2273     3.2149   3.169898   3.168749     1.9303     2.3173      8.029     0.7299     2.0034 1.0740e-01    -0.1229   103.1204     6.5406     6.7870    34.5957    34.5949    27.5412    27.5418    7.42398 0.0000e+00
      21116    370.743     3.2296     3.2187   3.170035   3.169127     1.9304     2.3165      8.029     0.7299     2.0034 1.0715e-01    -0.1236   103.1385     6.5389     6.7824    34.5949    34.5956    27.5403    27.5419    7.42358 0.0000e+00
      21119    370.681     3.2292     3.2211   3.169936   3.169274     1.9300     2.3169      8.029     0.7299     2.0429 1.0715e-01    -0.1236   103.1385     6.5373     6.7819    34.5941    34.5948    27.5398    27.5411    7.42369 0.0000e+00
      21122    370.621     3.2277     3.2227   3.169867   3.169385     1.9304     2.3169      8.029     0.7299     2.0429 1.0715e-01    -0.1236   103.1385     6.5399     6.7780    34.5949    34.5945    27.5406    27.5406    7.42393 0.0000e+00
      21125    370.558     3.2319     3.2242   3.170353   3.169553     1.9304     2.3177      8.029     0.7299     2.0429 1.0727e-01    -0.1233   103.1294     6.5395     6.7788    34.5964    34.5949    27.5413    27.5408    7.42308 0.0000e+00
      21128    370.496     3.2404     3.2264   3.171039   3.169727     1.9300     2.3173      8.029     0.7510     2.0429 1.0727e-01    -0.1236   103.1385     6.5389     6.7744    34.5957    34.5947    27.5399    27.5405    7.42155 0.0000e+00
      21131    370.436     3.2423     3.2295   3.171184   3.169966     1.9304     2.3169      8.029     0.7405     2.0429 1.0715e-01    -0.1229   103.1204     6.5409     6.7703    34.5955    34.5943    27.5396    27.5399    7.42121 0.0000e+00
      21134    370.373     3.2451     3.2345   3.171431   3.170422     1.9300     2.3165      8.029     0.7510     2.0429 1.0752e-01    -0.1226   103.1113     6.5387     6.7682    34.5955    34.5946    27.5393    27.5397    7.42069 0.0000e+00
      21137    370.306     3.2464     3.2379   3.171437   3.170679     1.9308     2.3161      8.029     0.7722     1.6481 1.0727e-01    -0.1226   103.1113     6.5398     6.7681    34.5942    34.5941    27.5382    27.5389    7.42051 0.0000e+00
      21140    370.240     3.2528     3.2420   3.172035   3.171097     1.9300     2.3173      8.029     0.7405     1.1744 1.0715e-01    -0.1226   103.1113     6.5347     6.7731    34.5946    34.5948    27.5380    27.5391    7.41931 0.0000e+00
      21143    370.176     3.2544     3.2473   3.172043   3.171538     1.9308     2.3165      8.029     0.7510     1.2139 1.0740e-01    -0.1226   103.1113     6.5370     6.7686    34.5931    34.5945    27.5365    27.5383    7.41909 0.0000e+00
      21146    370.110     3.2547     3.2511   3.172161   3.171814     1.9304     2.3165      8.029     0.7405     1.2139 1.0727e-01    -0.1226   103.1113     6.5330     6.7678    34.5942    34.5939    27.5374    27.5375    7.41897 0.0000e+00
      21149    370.038     3.2560     3.2534   3.172277   3.171988     1.9304     2.3165      8.029     0.7510     1.2139 1.0727e-01    -0.1226   103.1113     6.5324     6.7677    34.5942    34.5935    27.5373    27.5370    7.41873 0.0000e+00
      21152    369.970     3.2577     3.2550   3.172431   3.172092     1.9308     2.3161      8.029     0.7510     1.1744 1.0740e-01    -0.1226   103.1113     6.5324     6.7678    34.5943    34.5931    27.5372    27.5365    7.41841 0.0000e+00
      21155    369.898     3.2593     3.2564   3.172507   3.172212     1.9304     2.3165      8.029     0.7299     1.2139 1.0727e-01    -0.1226   103.1113     6.5273     6.7701    34.5936    34.5931    27.5365    27.5364    7.41815 0.0000e+00
      21158    369.823     3.2605     3.2570   3.172574   3.172241     1.9308     2.3165      8.029     0.7299     1.2139 1.0715e-01    -0.1226   103.1113     6.5281     6.7721    34.5932    34.5928    27.5361    27.5361    7.41796 0.0000e+00
      21161    369.743     3.2611     3.2572   3.172605   3.172247     1.9304     2.3169      8.029     0.7299     1.2139 1.0727e-01    -0.1226   103.1113     6.5273     6.7721    34.5929    34.5928    27.5358    27.5360    7.41785 0.0000e+00
      21164    369.661     3.2609     3.2580   3.172626   3.172329     1.9304     2.3169      8.029     0.7193     0.5822 1.0727e-01    -0.1226   103.1113     6.5269     6.7717    34.5935    34.5930    27.5362    27.5361    7.41786 0.0000e+00
      21167    369.575     3.2615     3.2591   3.172730   3.172390     1.9300     2.3165      8.029     0.7087     0.3453 1.0715e-01    -0.1226   103.1113     6.5248     6.7693    34.5941    34.5926    27.5367    27.5357    7.41772 0.0000e+00
      21170    369.483     3.2627     3.2591   3.172774   3.172387     1.9300     2.3165      8.029     0.7193     0.3848 1.0727e-01    -0.1226   103.1113     6.5248     6.7682    34.5935    34.5926    27.5360    27.5357    7.41753 0.0000e+00
      21173    369.391     3.2621     3.2587   3.172697   3.172351     1.9304     2.3165      8.029     0.7299     0.3848 1.0740e-01    -0.1219   103.0932     6.5272     6.7682    34.5932    34.5926    27.5359    27.5357    7.41765 0.0000e+00
      21176    369.295     3.2616     3.2568   3.172645   3.172110     1.9295     2.3165      8.029     0.7299     0.3848 1.0715e-01    -0.1215   103.0842     6.5229     6.7682    34.5932    34.5918    27.5359    27.5353    7.41775 0.0000e+00
      21179    369.193     3.2610     3.2553   3.172646   3.172020     1.9300     2.3169      8.029     0.7193     0.3453 1.0727e-01    -0.1215   103.0842     6.5272     6.7691    34.5939    34.5924    27.5366    27.5359    7.41783 0.0000e+00
      21182    369.090     3.2613     3.2565   3.172598   3.172153     1.9300     2.3169      8.029     0.6981     0.3059 1.0727e-01    -0.1215   103.0842     6.5282     6.7687    34.5930    34.5927    27.5359    27.5361    7.41781 0.0000e+00
      21185    368.984     3.2606     3.2573   3.172474   3.172163     1.9308     2.3161      8.029     0.6664     0.3059 1.0740e-01    -0.1215   103.0842     6.5334     6.7650    34.5923    34.5921    27.5354    27.5355    7.41797 0.0000e+00
      21188    368.873     3.2592     3.2551   3.172363   3.171955     1.9300     2.3169      8.029     0.6981     0.4638 1.0727e-01    -0.1215   103.0842     6.5312     6.7675    34.5926    34.5920    27.5357    27.5356    7.41823 0.0000e+00
      21191    368.760     3.2582     3.2534   3.172235   3.171801     1.9304     2.3153      8.029     0.6770     2.2008 1.0727e-01    -0.1212   103.0752     6.5343     6.7599    34.5921    34.5920    27.5354    27.5358    7.41843 0.0000e+00
      21194    368.645     3.2571     3.2519   3.172189   3.171710     1.9300     2.3165      8.029     0.6875     2.2798 1.0715e-01    -0.1215   103.0842     6.5325     6.7629    34.5928    34.5925    27.5360    27.5363    7.41860 0.0000e+00
      21197    368.528     3.2565     3.2512   3.172119   3.171639     1.9304     2.3165      8.029     0.6981     2.2798 1.0715e-01    -0.1215   103.0842     6.5335     6.7628    34.5926    34.5925    27.5360    27.5364    7.41871 0.0000e+00
      21200    368.411     3.2562     3.2501   3.172130   3.171546     1.9295     2.3165      8.029     0.6664     2.2798 1.0727e-01    -0.1215   103.0842     6.5292     6.7618    34.5932    34.5926    27.5364    27.5366    7.41875 0.0000e+00
      21203    368.293     3.2563     3.2502   3.172116   3.171589     1.9308     2.3165      8.029     0.6664     2.2403 1.0727e-01    -0.1215   103.0842     6.5330     6.7611    34.5929    34.5930    27.5362    27.5369    7.41874 0.0000e+00
      21206    368.171     3.2563     3.2503   3.172123   3.171561     1.9300     2.3165      8.029     0.6770     2.2798 1.0715e-01    -0.1215   103.0842     6.5288     6.7619    34.5931    34.5927    27.5364    27.5366    7.41873 0.0000e+00
      21209    368.051     3.2561     3.2501   3.172101   3.171576     1.9304     2.3161      8.029     0.6981     2.2798 1.0715e-01    -0.1215   103.0842     6.5288     6.7597    34.5931    34.5931    27.5364    27.5370    7.41877 0.0000e+00
      21212    367.933     3.2563     3.2508   3.172118   3.171642     1.9304     2.3153      8.029     0.6770     2.2798 1.0727e-01    -0.1215   103.0842     6.5296     6.7569    34.5932    34.5933    27.5365    27.5370    7.41873 0.0000e+00
      21215    367.814     3.2563     3.2521   3.172126   3.171724     1.9304     2.3153      8.029     0.6875     1.8850 1.0715e-01    -0.1219   103.0932     6.5299     6.7564    34.5933    34.5929    27.5365    27.5366    7.41872 0.0000e+00
      21218    367.696     3.2567     3.2529   3.172150   3.171794     1.9304     2.3157      8.029     0.6770     0.7401 1.0727e-01    -0.1222   103.1023     6.5317     6.7572    34.5933    34.5929    27.5365    27.5366    7.41865 0.0000e+00
      21221    367.577     3.2571     3.2533   3.172171   3.171811     1.9295     2.3157      8.029     0.6875     0.8586 1.0752e-01    -0.1219   103.0932     6.5278     6.7604    34.5932    34.5928    27.5364    27.5364    7.41859 0.0000e+00
      21224    367.465     3.2572     3.2537   3.172183   3.171813     1.9304     2.3157      8.029     0.6875     0.8191 1.0740e-01    -0.1222   103.1023     6.5304     6.7634    34.5932    34.5925    27.5364    27.5362    7.41856 0.0000e+00
      21227    367.355     3.2573     3.2537   3.172194   3.171795     1.9304     2.3153      8.029     0.6875     0.8586 1.0715e-01    -0.1219   103.0932     6.5302     6.7629    34.5933    34.5923    27.5364    27.5360    7.41853 0.0000e+00
      21230    367.248     3.2574     3.2537   3.172203   3.171802     1.9300     2.3153      8.029     0.6875     0.8191 1.0715e-01    -0.1215   103.0842     6.5298     6.7647    34.5934    34.5925    27.5365    27.5361    7.41852 0.0000e+00
      21233    367.144     3.2580     3.2535   3.172246   3.171777     1.9295     2.3153      8.029     0.6981     0.8586 1.0715e-01    -0.1215   103.0842     6.5279     6.7663    34.5933    34.5924    27.5363    27.5361    7.41840 0.0000e+00
      21236    367.044     3.2581     3.2539   3.172232   3.171796     1.9304     2.3153      8.029     0.6664     0.8586 1.0715e-01    -0.1215   103.0842     6.5311     6.7679    34.5931    34.5923    27.5362    27.5360    7.41840 0.0000e+00
      21239    366.953     3.2582     3.2539   3.172234   3.171765     1.9304     2.3153      8.029     0.6875     0.7796 1.0727e-01    -0.1215   103.0842     6.5330     6.7665    34.5931    34.5920    27.5362    27.5357    7.41839 0.0000e+00
      21242    366.862     3.2581     3.2537   3.172184   3.171715     1.9308     2.3161      8.029     0.6875     2.0035 1.0715e-01    -0.1215   103.0842     6.5383     6.7678    34.5926    34.5917    27.5358    27.5355    7.41842 0.0000e+00
      21245    366.773     3.2576     3.2536   3.172145   3.171720     1.9304     2.3165      8.029     0.6875     3.0299 1.0727e-01    -0.1215   103.0842     6.5375     6.7692    34.5928    34.5919    27.5360    27.5356    7.41851 0.0000e+00
      21248    366.689     3.2581     3.2536   3.172151   3.171696     1.9300     2.3161      8.029     0.6981     2.9904 1.0715e-01    -0.1215   103.0842     6.5358     6.7681    34.5923    34.5916    27.5356    27.5354    7.41844 0.0000e+00
      21251    366.605     3.2578     3.2537   3.172107   3.171705     1.9304     2.3153      8.030     0.6981     2.9904 1.0715e-01    -0.1215   103.0842     6.5402     6.7647    34.5922    34.5916    27.5355    27.5355    7.41851 0.0000e+00
      21254    366.524     3.2579     3.2537   3.172127   3.171702     1.9308     2.3157      8.029     0.6875     2.9904 1.0715e-01    -0.1205   103.0571     6.5410     6.7636    34.5923    34.5916    27.5356    27.5354    7.41847 0.0000e+00
      21257    366.443     3.2583     3.2537   3.172149   3.171701     1.9304     2.3157      8.029     0.7087     2.9904 1.0715e-01    -0.1205   103.0571     6.5358     6.7613    34.5922    34.5916    27.5355    27.5355    7.41841 0.0000e+00
      21260    366.363     3.2587     3.2539   3.172148   3.171698     1.9300     2.3161      8.029     0.7299     2.9904 1.0727e-01    -0.1205   103.0571     6.5329     6.7622    34.5918    34.5915    27.5351    27.5353    7.41835 0.0000e+00
      21263    366.284     3.2587     3.2537   3.172170   3.171691     1.9312     2.3153      8.029     0.7193     2.9904 1.0715e-01    -0.1205   103.0571     6.5375     6.7578    34.5922    34.5916    27.5354    27.5354    7.41834 0.0000e+00
      21266    366.207     3.2593     3.2539   3.172229   3.171682     1.9312     2.3153      8.029     0.7299     2.9904 1.0715e-01    -0.1205   103.0571     6.5389     6.7560    34.5923    34.5914    27.5354    27.5352    7.41822 0.0000e+00
      21269    366.131     3.2598     3.2537   3.172240   3.171699     1.9308     2.3153      8.029     0.7193     1.9639 1.0715e-01    -0.1205   103.0571     6.5376     6.7580    34.5918    34.5918    27.5350    27.5356    7.41814 0.0000e+00
      21272    366.054     3.2602     3.2542   3.172248   3.171735     1.9316     2.3161      8.029     0.7299     1.8060 1.0715e-01    -0.1198   103.0390     6.5411     6.7647    34.5916    34.5918    27.5348    27.5356    7.41808 0.0000e+00
      21275    365.979     3.2605     3.2546   3.172252   3.171736     1.9312     2.3153      8.029     0.7299     1.8060 1.0715e-01    -0.1208   103.0661     6.5389     6.7626    34.5914    34.5914    27.5346    27.5352    7.41805 0.0000e+00
      21278    365.904     3.2606     3.2551   3.172256   3.171780     1.9300     2.3145      8.030     0.7193     1.8060 1.0727e-01    -0.1215   103.0842     6.5338     6.7595    34.5914    34.5914    27.5346    27.5352    7.41803 0.0000e+00
      21281    365.828     3.2604     3.2556   3.172250   3.171831     1.9312     2.3153      8.029     0.7193     1.8060 1.0715e-01    -0.1215   103.0842     6.5407     6.7626    34.5916    34.5915    27.5348    27.5352    7.41805 0.0000e+00
      21284    365.757     3.2601     3.2559   3.172241   3.171845     1.9308     2.3157      8.029     0.7087     1.8060 1.0715e-01    -0.1215   103.0842     6.5356     6.7657    34.5918    34.5915    27.5349    27.5351    7.41809 0.0000e+00
      21287    365.682     3.2596     3.2559   3.172183   3.171828     1.9308     2.3153      8.029     0.7087     1.8060 1.0715e-01    -0.1215   103.0842     6.5346     6.7650    34.5916    34.5913    27.5349    27.5350    7.41819 0.0000e+00
      21290    365.607     3.2590     3.2558   3.172185   3.171822     1.9312     2.3149      8.029     0.7087     1.8060 1.0715e-01    -0.1215   103.0842     6.5372     6.7639    34.5924    34.5914    27.5355    27.5351    7.41827 0.0000e+00
      21293    365.532     3.2590     3.2555   3.172168   3.171814     1.9312     2.3161      8.029     0.6770     1.6481 1.0727e-01    -0.1212   103.0752     6.5361     6.7673    34.5921    34.5916    27.5354    27.5353    7.41828 0.0000e+00
      21296    365.461     3.2590     3.2553   3.172166   3.171775     1.9316     2.3157      8.029     0.6770     0.8586 1.0715e-01    -0.1222   103.1023     6.5363     6.7662    34.5922    34.5915    27.5354    27.5351    7.41828 0.0000e+00
      21299    365.388     3.2590     3.2549   3.172156   3.171762     1.9316     2.3161      8.029     0.6664     0.8586 1.0715e-01    -0.1222   103.1023     6.5358     6.7703    34.5922    34.5917    27.5354    27.5354    7.41829 0.0000e+00
