Datasets/AZMP/TEL210/tel210_2020_056.cnv
* Sea-Bird SBE 9 Data File:
* FileName = C:\CTDDATA\tel210_2020_056.hex
* Software Version Seasave V 7.26.7.110
* Temperature SN = 1697
* Conductivity SN = 4216
* Number of Bytes Per Scan = 30
* Number of Voltage Words = 4
* Number of Scans Averaged by the Deck Unit = 1
* NMEA baud rate = 4800
** VESSEL/TRIP/SEQ STN:  tel210_2020_056
** LATITUDE XX XX.XX: 48 50.00 N
** LONGITUDE XX XX.XX: 052 39.00 W
** SOUNDING DEPTH (M): 0253
** PROBE TYPE: S1146
** CTD NUMBER: 046
** COMMENTS (14 CHAR): BB-03
** BOTTLES:  10
** LEVELS: 5,10,20,30,40,50,75,100,150,BTM
** STICKERS: 436096 - 436105
** VNET: Y
** DO2: N
# nquan = 22
# nvalues = 5337                        
# units = specified
# name 0 = scan: Scan Count
# name 1 = prDM: Pressure, Digiquartz [db]
# name 2 = t090C: Temperature [ITS-90, deg C]
# name 3 = t190C: Temperature, 2 [ITS-90, deg C]
# name 4 = c0S/m: Conductivity [S/m]
# name 5 = c1S/m: Conductivity, 2 [S/m]
# name 6 = sbeox0V: Oxygen raw, SBE 43 [V]
# name 7 = sbeox1V: Oxygen raw, SBE 43, 2 [V]
# name 8 = ph: pH
# name 9 = flECO-AFL: Fluorescence, WET Labs ECO-AFL/FL [mg/m^3]
# name 10 = wetCDOM: Fluorescence, WET Labs CDOM [mg/m^3]
# name 11 = par/sat/log: PAR/Logarithmic, Satlantic [umol photons/m^2/sec]
# name 12 = CStarAt0: Beam Attenuation, WET Labs C-Star [1/m]
# name 13 = CStarTr0: Beam Transmission, WET Labs C-Star [%]
# name 14 = sbeox0ML/L: Oxygen, SBE 43 [ml/l], WS = 2
# name 15 = sbeox1ML/L: Oxygen, SBE 43, 2 [ml/l], WS = 2
# name 16 = sal00: Salinity, Practical [PSU]
# name 17 = sal11: Salinity, Practical, 2 [PSU]
# name 18 = sigma-t00: Density [sigma-t, kg/m^3 ]
# name 19 = sigma-t11: Density, 2 [sigma-t, kg/m^3 ]
# name 20 = oxsatML/L: Oxygen Saturation, Weiss [ml/l]
# name 21 = flag: flag
# span 0 =         96,      46815       
# span 1 =      0.273,    249.023       
# span 2 =    -1.3935,    11.4625       
# span 3 =    -1.3966,    11.4587       
# span 4 =   2.623318,   3.610779       
# span 5 =   2.623063,   3.610341       
# span 6 =     1.8918,     2.5941       
# span 7 =     2.2813,     3.1820       
# span 8 =      7.943,      8.299       
# span 9 =     0.6346,    12.2114       
# span 10 =    -2.8130,   482.1870      
# span 11 = 1.0715e-01, 2.1757e+03      
# span 12 =    -0.1463,     0.9629      
# span 13 =    78.6044,   103.7263      
# span 14 =     5.7505,     9.4224      
# span 15 =     5.8281,    10.6904      
# span 16 =    29.9164,    34.0838      
# span 17 =    30.6964,    34.0817      
# span 18 =    22.8709,    27.2627      
# span 19 =    23.3511,    27.2565      
# span 20 =    6.24985,    8.48355      
# span 21 = 0.0000e+00, 0.0000e+00      
# interval = scans: 3                   
# start_time = Jul 21 2020 16:27:24 [System UTC, header]
# bad_flag = -9.990e-29
*END*
[from data line 2173]
       6736    232.163     0.8358     0.8494   2.894504   2.894564     1.9129     2.3085      7.953     0.7510    -0.3258 1.0727e-01    -0.0646   101.6282     6.8401     7.1268    33.8083    33.7942    27.0974    27.0853    7.93387 0.0000e+00
       6739    232.261     0.8524     0.8656   2.896084   2.896255     1.9125     2.3093      7.952     0.7722    -0.3653 1.0727e-01    -0.0642   101.6192     6.8343     7.1265    33.8106    33.7985    27.0983    27.0877    7.93032 0.0000e+00
       6742    232.355     0.8668     0.8778   2.897443   2.897549     1.9133     2.3081      7.951     0.7616    -0.2863 1.0715e-01    -0.0596   101.5017     6.8350     7.1205    33.8124    33.8018    27.0988    27.0897    7.92722 0.0000e+00
       6745    232.443     0.8784     0.8891   2.898431   2.898674     1.9137     2.3089      7.951     0.7616     2.0429 1.0740e-01    -0.0589   101.4836     6.8332     7.1227    33.8125    33.8039    27.0982    27.0907    7.92482 0.0000e+00
       6748    232.523     0.8898     0.8982   2.899866   2.899718     1.9146     2.3081      7.952     0.7616     2.2798 1.0727e-01    -0.0589   101.4836     6.8328     7.1155    33.8185    33.8075    27.1023    27.0930    7.92213 0.0000e+00
       6751    232.597     0.9046     0.9105   2.902209   2.901247     1.9137     2.3085      7.952     0.7616     2.2798 1.0715e-01    -0.0589   101.4836     6.8260     7.1136    33.8326    33.8138    27.1127    27.0973    7.91830 0.0000e+00
       6754    232.666     0.9247     0.9328   2.904888   2.903577     1.9121     2.3089      7.952     0.7616     2.2798 1.0727e-01    -0.0589   101.4836     6.8096     7.1086    33.8452    33.8195    27.1216    27.1005    7.91347 0.0000e+00
       6757    232.731     0.9473     0.9591   2.907237   2.906199     1.9125     2.3081      7.952     0.7722     2.2798 1.0727e-01    -0.0589   101.4836     6.8054     7.1016    33.8509    33.8247    27.1247    27.1029    7.90851 0.0000e+00
       6760    232.792     0.9684     0.9799   2.908394   2.907957     1.9133     2.3089      7.950     0.7616     2.2798 1.0715e-01    -0.0578   101.4564     6.8059     7.0990    33.8428    33.8247    27.1169    27.1016    7.90458 0.0000e+00
       6763    232.848     0.9849     0.9921   2.909709   2.909041     1.9133     2.3093      7.952     0.7616     2.2798 1.0740e-01    -0.0546   101.3751     6.8026     7.1002    33.8417    33.8253    27.1150    27.1013    7.90124 0.0000e+00
       6766    232.900     0.9992     1.0020   2.910672   2.910183     1.9133     2.3081      7.950     0.7616     2.2798 1.0727e-01    -0.0546   101.3751     6.8000     7.0944    33.8385    33.8292    27.1115    27.1038    7.89845 0.0000e+00
       6769    232.950     1.0109     1.0113   2.911367   2.910826     1.9121     2.3085      7.950     0.7510     2.2403 1.0715e-01    -0.0546   101.3751     6.7931     7.0949    33.8347    33.8274    27.1077    27.1018    7.89625 0.0000e+00
       6772    233.001     1.0198     1.0172   2.912115   2.911244     1.9125     2.3085      7.950     0.7722     2.1614 1.0727e-01    -0.0546   101.3751     6.7952     7.0951    33.8347    33.8263    27.1071    27.1006    7.89442 0.0000e+00
       6775    233.051     1.0282     1.0237   2.913243   2.912429     1.9133     2.3085      7.950     0.7510     2.1614 1.0715e-01    -0.0546   101.3751     6.8027     7.0921    33.8400    33.8344    27.1109    27.1066    7.89240 0.0000e+00
       6778    233.101     1.0372     1.0353   2.914469   2.914011     1.9121     2.3081      7.950     0.7616     2.1614 1.0740e-01    -0.0546   101.3751     6.7979     7.0883    33.8459    33.8422    27.1151    27.1121    7.89023 0.0000e+00
       6781    233.154     1.0460     1.0468   2.915363   2.915117     1.9129     2.3089      7.952     0.7510     2.1614 1.0715e-01    -0.0528   101.3299     6.7983     7.0925    33.8479    33.8439    27.1161    27.1128    7.88833 0.0000e+00
       6784    233.209     1.0511     1.0497   2.915586   2.915481     1.9137     2.3081      7.952     0.7616     2.1614 1.0740e-01    -0.0510   101.2846     6.8025     7.0916    33.8451    33.8453    27.1135    27.1138    7.88741 0.0000e+00
       6787    233.268     1.0573     1.0543   2.916802   2.916273     1.9129     2.3089      7.950     0.7616     2.1614 1.0727e-01    -0.0514   101.2937     6.8006     7.0967    33.8540    33.8505    27.1203    27.1176    7.88568 0.0000e+00
       6790    233.328     1.0661     1.0642   2.917898   2.917492     1.9137     2.3089      7.952     0.7616     2.1614 1.0715e-01    -0.0514   101.2937     6.8042     7.0967    33.8584    33.8552    27.1232    27.1208    7.88363 0.0000e+00
       6793    233.397     1.0727     1.0715   2.919051   2.918449     1.9125     2.3089      7.950     0.6981     2.1614 1.0727e-01    -0.0510   101.2846     6.7991     7.0991    33.8660    33.8596    27.1289    27.1239    7.88186 0.0000e+00
       6796    233.475     1.0805     1.0819   2.920111   2.919860     1.9129     2.3089      7.953     0.6981     1.9640 1.0715e-01    -0.0514   101.2937     6.7991     7.0998    33.8711    33.8664    27.1324    27.1286    7.87999 0.0000e+00
       6799    233.564     1.0893     1.0892   2.921587   2.920576     1.9137     2.3085      7.950     0.6770     1.8060 1.0715e-01    -0.0514   101.2937     6.8023     7.0987    33.8804    33.8676    27.1394    27.1291    7.87769 0.0000e+00
       6802    233.662     1.0992     1.0989   2.922744   2.922375     1.9133     2.3090      7.952     0.7087     1.8060 1.0727e-01    -0.0503   101.2665     6.7993     7.0967    33.8844    33.8800    27.1420    27.1385    7.87544 0.0000e+00
       6805    233.769     1.1115     1.1174   2.924947   2.924606     1.9137     2.3102      7.952     0.6981     1.8060 1.0715e-01    -0.0500   101.2575     6.7972     7.0988    33.8993    33.8885    27.1531    27.1440    7.87213 0.0000e+00
       6808    233.887     1.1292     1.1388   2.927381   2.927017     1.9133     2.3106      7.953     0.6875     1.8060 1.0727e-01    -0.0500   101.2575     6.7914     7.0966    33.9111    33.8960    27.1615    27.1487    7.86787 0.0000e+00
       6811    234.010     1.1465     1.1591   2.928637   2.928864     1.9142     2.3090      7.954     0.6981     1.8060 1.0715e-01    -0.0500   101.2575     6.7935     7.0868    33.9084    33.8976    27.1582    27.1487    7.86448 0.0000e+00
       6814    234.144     1.1598     1.1694   2.929495   2.929649     1.9133     2.3106      7.954     0.6875     1.8060 1.0727e-01    -0.0500   101.2575     6.7883     7.0894    33.9048    33.8964    27.1544    27.1470    7.86194 0.0000e+00
       6817    234.288     1.1698     1.1753   2.930065   2.930137     1.9146     2.3110      7.954     0.7510     1.8060 1.0715e-01    -0.0503   101.2665     6.7961     7.0897    33.9012    33.8962    27.1508    27.1465    7.86009 0.0000e+00
       6820    234.447     1.1763     1.1783   2.930345   2.930420     1.9142     2.3110      7.954     0.7616     1.8060 1.0727e-01    -0.0493   101.2394     6.7905     7.0895    33.8977    33.8965    27.1475    27.1465    7.85895 0.0000e+00
       6823    234.611     1.1811     1.1840   2.931027   2.931367     1.9146     2.3106      7.954     0.7616     2.8325 1.0715e-01    -0.0435   101.0947     6.7892     7.0830    33.9011    33.9023    27.1500    27.1508    7.85780 0.0000e+00
       6826    234.783     1.1896     1.1996   2.932752   2.933343     1.9146     2.3106      7.954     0.7722     3.1089 1.0715e-01    -0.0428   101.0766     6.7855     7.0727    33.9139    33.9106    27.1597    27.1563    7.85538 0.0000e+00
       6829    234.962     1.2031     1.2155   2.934436   2.934804     1.9142     2.3114      7.954     0.7616     3.1089 1.0715e-01    -0.0428   101.0766     6.7772     7.0664    33.9206    33.9118    27.1642    27.1563    7.85226 0.0000e+00
       6832    235.150     1.2148     1.2231   2.935339   2.935471     1.9146     2.3114      7.954     0.7510     3.1089 1.0715e-01    -0.0432   101.0857     6.7738     7.0592    33.9194    33.9121    27.1624    27.1560    7.84995 0.0000e+00
       6835    235.341     1.2244     1.2308   2.936277   2.936431     1.9146     2.3114      7.954     0.7722     3.1089 1.0715e-01    -0.0428   101.0766     6.7663     7.0505    33.9208    33.9159    27.1629    27.1586    7.84790 0.0000e+00
       6838    235.533     1.2335     1.2377   2.937416   2.937356     1.9150     2.3110      7.954     0.7616     3.1089 1.0715e-01    -0.0428   101.0766     6.7599     7.0367    33.9255    33.9201    27.1661    27.1615    7.84582 0.0000e+00
       6841    235.726     1.2475     1.2627   2.940101   2.940729     1.9158     2.3118      7.956     0.7616     3.1089 1.0715e-01    -0.0428   101.0766     6.7523     7.0270    33.9444    33.9360    27.1804    27.1725    7.84196 0.0000e+00
       6844    235.920     1.2699     1.2953   2.943241   2.944368     1.9146     2.3118      7.956     0.7616     3.1089 1.0715e-01    -0.0418   101.0495     6.7360     7.0122    33.9600    33.9470    27.1914    27.1792    7.83656 0.0000e+00
       6847    236.111     1.2984     1.3373   2.947586   2.949411     1.9146     2.3110      7.956     0.7616    43.8907 1.0727e-01    -0.0418   101.0495     6.7258     6.9932    33.9845    33.9655    27.2091    27.1912    7.82949 0.0000e+00
       6850    236.297     1.3353     1.3807   2.952399   2.953946     1.9146     2.3098      7.956     0.7510   456.9204 1.0727e-01    -0.0425   101.0676     6.7156     6.9729    34.0057    33.9761    27.2236    27.1968    7.82087 0.0000e+00
       6853    236.472     1.3702     1.4051   2.955267   2.956066     1.9142     2.3102      7.955     0.7510   481.5553 1.0715e-01    -0.0421   101.0585     6.7029     6.9640    34.0043    33.9766    27.2200    27.1954    7.81389 0.0000e+00
       6856    236.642     1.3934     1.4128   2.956158   2.956604     1.9142     2.3086      7.957     0.7616   481.1605 1.0715e-01    -0.0418   101.0495     6.6951     6.9527    33.9903    33.9750    27.2072    27.1936    7.80992 0.0000e+00
       6859    236.807     1.4062     1.4152   2.956554   2.956907     1.9133     2.3086      7.958     0.7616   481.3184 1.0715e-01    -0.0418   101.0495     6.6871     6.9503    33.9814    33.9762    27.1992    27.1944    7.80781 0.0000e+00
       6862    236.962     1.4134     1.4186   2.957012   2.957437     1.9129     2.3077      7.958     0.7510   481.2790 1.0715e-01    -0.0439   101.1038     6.6851     6.9423    33.9794    33.9791    27.1970    27.1965    7.80646 0.0000e+00
       6865    237.107     1.4188     1.4226   2.957439   2.957944     1.9125     2.3069      7.958     0.7510   481.2790 1.0727e-01    -0.0471   101.1851     6.6860     6.9384    33.9789    33.9812    27.1963    27.1979    7.80540 0.0000e+00
       6868    237.240     1.4220     1.4287   2.957765   2.958902     1.9125     2.3065      7.958     0.7722   481.2790 1.0740e-01    -0.0471   101.1851     6.6907     6.9408    33.9795    33.9867    27.1966    27.2019    7.80473 0.0000e+00
       6871    237.360     1.4264     1.4368   2.958735   2.959702     1.9129     2.3065      7.958     0.7299   481.2790 1.0740e-01    -0.0471   101.1851     6.6959     6.9470    33.9869    33.9880    27.2022    27.2023    7.80344 0.0000e+00
       6874    237.470     1.4304     1.4412   2.958992   2.960177     1.9129     2.3065      7.958     0.7299   481.3184 1.0740e-01    -0.0471   101.1851     6.7003     6.9544    33.9858    33.9892    27.2010    27.2030    7.80269 0.0000e+00
       6877    237.564     1.4355     1.4451   2.959776   2.960671     1.9121     2.3053      7.958     0.7299   481.3579 1.0727e-01    -0.0471   101.1851     6.7024     6.9585    33.9902    33.9912    27.2042    27.2043    7.80142 0.0000e+00
       6880    237.646     1.4410     1.4488   2.960419   2.961046     1.9121     2.3053      7.958     0.7299   481.3579 1.0727e-01    -0.0471   101.1851     6.7100     6.9692    33.9924    33.9919    27.2056    27.2046    7.80021 0.0000e+00
       6883    237.713     1.4486     1.4551   2.961021   2.961544     1.9121     2.3045      7.958     0.7405   481.3184 1.0740e-01    -0.0478   101.2032     6.7171     6.9747    33.9917    33.9914    27.2045    27.2038    7.79870 0.0000e+00
       6886    237.767     1.4546     1.4597   2.961225   2.961704     1.9129     2.3041      7.958     0.7299   481.3579 1.0715e-01    -0.0482   101.2123     6.7273     6.9836    33.9879    33.9884    27.2010    27.2010    7.79770 0.0000e+00
       6889    237.811     1.4566     1.4618   2.960981   2.961842     1.9125     2.3045      7.958     0.7299   481.3184 1.0727e-01    -0.0482   101.2123     6.7299     6.9935    33.9825    33.9879    27.1965    27.2004    7.79757 0.0000e+00
       6892    237.845     1.4519     1.4498   2.958821   2.959770     1.9129     2.3049      7.958     0.7299   481.3579 1.0715e-01    -0.0482   101.2123     6.7366     7.0046    33.9601    33.9745    27.1789    27.1906    7.79970 0.0000e+00
       6913    237.924     1.3151     1.2839   2.943821   2.942368     1.9150     2.3082      7.959     0.7405   162.5252 1.0715e-01    -0.0521   101.3118     6.7744     7.0767    33.9173    33.9325    27.1539    27.1683    7.82968 0.0000e+00
       6925    237.978     1.2575     1.2196   2.938967   2.934843     1.9150     2.3098      7.959     0.7616     3.1089 1.0727e-01    -0.0568   101.4293     6.7822     7.1054    33.9178    33.9062    27.1583    27.1515    7.84133 0.0000e+00
       6928    238.014     1.2652     1.2113   2.940473   2.933901     1.9162     2.3102      7.959     0.7828     3.3062 1.0740e-01    -0.0561   101.4112     6.7838     7.1088    33.9287    33.9032    27.1665    27.1496    7.83919 0.0000e+00
       6931    238.058     1.2751     1.2022   2.942391   2.933018     1.9162     2.3114      7.959     0.7616     3.3457 1.0740e-01    -0.0564   101.4203     6.7826     7.1121    33.9423    33.9017    27.1768    27.1491    7.83645 0.0000e+00
       6934    238.116     1.2880     1.2125   2.944960   2.935019     1.9158     2.3110      7.959     0.7510     3.3457 1.0727e-01    -0.0568   101.4293     6.7772     7.1050    33.9611    33.9161    27.1910    27.1599    7.83283 0.0000e+00
       6937    238.184     1.3211     1.2228   2.951532   2.935232     1.9158     2.3114      7.959     0.7616     3.3457 1.0740e-01    -0.0561   101.4112     6.7679     7.1020    34.0089    33.9076    27.2272    27.1524    7.82358 0.0000e+00
       6940    238.260     1.3705     1.2465   2.958744   2.940850     1.9154     2.3114      7.958     0.7510     3.3457 1.0727e-01    -0.0561   101.4112     6.7521     7.0893    34.0471    33.9535    27.2544    27.1877    7.81155 0.0000e+00
       6943    238.347     1.4284     1.3878   2.964894   2.957948     1.9158     2.3126      7.958     0.7616     3.3457 1.0715e-01    -0.0571   101.4384     6.7419     7.0595    34.0625    34.0182    27.2627    27.2299    7.79905 0.0000e+00
       6946    238.448     1.4738     1.4776   2.967917   2.965418     1.9166     2.3126      7.958     0.7616     3.3457 1.0740e-01    -0.0593   101.4926     6.7346     7.0384    34.0515    34.0157    27.2508    27.2217    7.79047 0.0000e+00
       6949    238.562     1.5029     1.5156   2.969270   2.968654     1.9170     2.3122      7.958     0.7299     3.3457 1.0727e-01    -0.0589   101.4836     6.7287     7.0235    34.0371    34.0156    27.2371    27.2189    7.78537 0.0000e+00
       6952    238.687     1.5206     1.5291   2.970408   2.969786     1.9170     2.3139      7.958     0.7299     3.3852 1.0752e-01    -0.0589   101.4836     6.7228     7.0245    34.0323    34.0153    27.2320    27.2178    7.78207 0.0000e+00
       6955    238.825     1.5340     1.5371   2.971610   2.970836     1.9170     2.3118      7.958     0.7299     3.7010 1.0727e-01    -0.0589   101.4836     6.7201     7.0121    34.0330    34.0199    27.2317    27.2209    7.77935 0.0000e+00
