Datasets/AZMP/TEL210/tel210_2020_026.cnv
* Sea-Bird SBE 9 Data File:
* FileName = C:\CTDDATA\tel210_2020_026.hex
* Software Version Seasave V 7.26.7.110
* Temperature SN = 1697
* Conductivity SN = 4216
* Number of Bytes Per Scan = 30
* Number of Voltage Words = 4
* Number of Scans Averaged by the Deck Unit = 1
* NMEA baud rate = 4800
** VESSEL/TRIP/SEQ STN:  tel210_2020_026
** LATITUDE XX XX.XX: 47 00.00 N
** LONGITUDE XX XX.XX: 045 12.80 W
** SOUNDING DEPTH (M): 0169
** PROBE TYPE: S1146
** CTD NUMBER: 025
** COMMENTS (14 CHAR): FC-24
** BOTTLES:  10
** LEVELS: 5,10,20,30,40,50,75,100,150,BTM
** STICKERS: 435912 - 435921
** VNET: Y
** DO2: Y
# nquan = 22
# nvalues = 3978                        
# units = specified
# name 0 = scan: Scan Count
# name 1 = prDM: Pressure, Digiquartz [db]
# name 2 = t090C: Temperature [ITS-90, deg C]
# name 3 = t190C: Temperature, 2 [ITS-90, deg C]
# name 4 = c0S/m: Conductivity [S/m]
# name 5 = c1S/m: Conductivity, 2 [S/m]
# name 6 = sbeox0V: Oxygen raw, SBE 43 [V]
# name 7 = sbeox1V: Oxygen raw, SBE 43, 2 [V]
# name 8 = ph: pH
# name 9 = flECO-AFL: Fluorescence, WET Labs ECO-AFL/FL [mg/m^3]
# name 10 = wetCDOM: Fluorescence, WET Labs CDOM [mg/m^3]
# name 11 = par/sat/log: PAR/Logarithmic, Satlantic [umol photons/m^2/sec]
# name 12 = CStarAt0: Beam Attenuation, WET Labs C-Star [1/m]
# name 13 = CStarTr0: Beam Transmission, WET Labs C-Star [%]
# name 14 = sbeox0ML/L: Oxygen, SBE 43 [ml/l], WS = 2
# name 15 = sbeox1ML/L: Oxygen, SBE 43, 2 [ml/l], WS = 2
# name 16 = sal00: Salinity, Practical [PSU]
# name 17 = sal11: Salinity, Practical, 2 [PSU]
# name 18 = sigma-t00: Density [sigma-t, kg/m^3 ]
# name 19 = sigma-t11: Density, 2 [sigma-t, kg/m^3 ]
# name 20 = oxsatML/L: Oxygen Saturation, Weiss [ml/l]
# name 21 = flag: flag
# span 0 =         36,      51747       
# span 1 =      1.820,    164.852       
# span 2 =     3.6922,    11.5427       
# span 3 =     3.6866,    11.5431       
# span 4 =   3.187157,   3.752406       
# span 5 =   3.186530,   3.752199       
# span 6 =     1.8882,     2.4304       
# span 7 =     2.2797,     2.9694       
# span 8 =      7.936,      8.218       
# span 9 =    -0.6121,     6.9275       
# span 10 =    -2.8130,   482.1870      
# span 11 = 1.0580e-01, 3.0827e-01      
# span 12 =    -0.1057,     0.2365      
# span 13 =    94.2581,   102.6773      
# span 14 =     6.0815,     7.8335      
# span 15 =     6.3075,     8.2179      
# span 16 =    32.9761,    34.6226      
# span 17 =    32.9741,    34.6196      
# span 18 =    25.1055,    27.5114      
# span 19 =    25.1047,    27.5095      
# span 20 =    6.18787,    7.34563      
# span 21 = 0.0000e+00, 0.0000e+00      
# interval = scans: 3                   
# start_time = Jul 18 2020 01:09:00 [System UTC, header]
# bad_flag = -9.990e-29
*END*
[from data line 3819]
      48116     10.095    10.7931    10.7907   3.703620   3.702891     2.3249     2.8208      8.192     0.2222    -0.3258 1.0703e-01     0.0726    98.2009     6.5968     6.8832    33.1863    33.1813    25.3999    25.3964    6.28130 0.0000e+00
      48119     10.065    10.8152    10.8070   3.704683   3.703747     2.3237     2.8204      8.192     0.2222    -0.3258 1.0715e-01     0.0686    98.3004     6.5907     6.8807    33.1769    33.1750    25.3887    25.3886    6.27866 0.0000e+00
      48235     10.013    10.8465    10.8552   3.707415   3.708369     2.3327     2.8302      8.192     0.2528    19.0584 1.0715e-01     0.0708    98.2461     6.6125     6.8891    33.1758    33.1775    25.3823    25.3821    6.27443 0.0000e+00
      48238      9.908    10.9062    10.9455   3.711470   3.713407     2.3318     2.8310      8.192     0.2527   441.6420 1.0703e-01     0.0782    98.0652     6.5960     6.8745    33.1622    33.1458    25.3612    25.3415    6.26685 0.0000e+00
      48241      9.803    10.9507    10.9802   3.713487   3.714422     2.3318     2.8294      8.190     0.1408   481.3185 1.0703e-01     0.0789    98.0472     6.5865     6.8607    33.1419    33.1246    25.3376    25.3188    6.26160 0.0000e+00
      48244      9.699    10.9421    10.9613   3.712228   3.712929     2.3310     2.8285      8.192     0.1713   481.0816 1.0678e-01     0.0793    98.0381     6.5805     6.8561    33.1373    33.1268    25.3355    25.3240    6.26295 0.0000e+00
      48247      9.600    10.9347    10.9531   3.712492   3.712890     2.3302     2.8285      8.190     0.1612   481.2395 1.0678e-01     0.0789    98.0472     6.5748     6.8528    33.1466    33.1339    25.3440    25.3309    6.26359 0.0000e+00
      48250      9.502    10.9622    10.9707   3.714500   3.714571     2.3290     2.8269      8.190     0.1510   481.3184 1.0703e-01     0.0793    98.0381     6.5641     6.8426    33.1418    33.1348    25.3354    25.3285    6.26005 0.0000e+00
      48253      9.410    11.0059    11.0133   3.717834   3.717562     2.3278     2.8257      8.190     0.1510   481.3184 1.0690e-01     0.0793    98.0381     6.5526     6.8308    33.1354    33.1260    25.3227    25.3141    6.25437 0.0000e+00
      48256      9.324    11.0549    11.0490   3.720180   3.720031     2.3269     2.8240      8.190     0.1612   481.3579 1.0703e-01     0.0778    98.0743     6.5420     6.8196    33.1145    33.1183    25.2977    25.3017    6.24856 0.0000e+00
      48259      9.245    11.0727    11.0966   3.721175   3.722629     2.3257     2.8224      8.190     0.1408   481.3579 1.0715e-01     0.0678    98.3185     6.5347     6.8083    33.1084    33.1012    25.2898    25.2799    6.24640 0.0000e+00
      48262      9.172    11.0887    11.1099   3.722967   3.723430     2.3253     2.8208      8.189     0.1510   370.7771 1.0715e-01     0.0678    98.3185     6.5319     6.8021    33.1117    33.0972    25.2895    25.2744    6.24410 0.0000e+00
      48265      9.109    11.1228    11.1304   3.724659   3.724594     2.3249     2.8192      8.186     0.1612    -0.5627 1.0715e-01     0.0675    98.3275     6.5283     6.7987    33.0978    33.0903    25.2726    25.2654    6.24005 0.0000e+00
      48268      9.055    11.1441    11.1469   3.726493   3.725826     2.3233     2.8184      8.189     0.1612     4.6091 1.0703e-01     0.0675    98.3275     6.5230     6.7968    33.0967    33.0876    25.2680    25.2604    6.23721 0.0000e+00
      48271      9.009    11.1840    11.1783   3.728723   3.728070     2.3229     2.8175      8.186     0.1612     5.0433 1.0715e-01     0.0671    98.3366     6.5208     6.7950    33.0829    33.0816    25.2501    25.2500    6.23238 0.0000e+00
      48274      8.971    11.2029    11.1943   3.729736   3.728704     2.3225     2.8163      8.188     0.1612     5.0038 1.0715e-01     0.0682    98.3094     6.5197     6.7959    33.0759    33.0735    25.2413    25.2409    6.23011 0.0000e+00
      48277      8.942    11.2139    11.2106   3.730515   3.730001     2.3217     2.8155      8.189     0.1612     5.0038 1.0690e-01     0.0675    98.3275     6.5180     6.7970    33.0737    33.0716    25.2375    25.2365    6.22871 0.0000e+00
      48333      8.925    11.3090    11.2521   3.736997   3.732705     2.3152     2.8102      8.186     0.2120   481.3184 1.0715e-01     0.0660    98.3637     6.5028     6.7919    33.0524    33.0611    25.2038    25.2208    6.21679 0.0000e+00
      48336      8.897    11.3148    11.2672   3.737020   3.733914     2.3152     2.8094      8.186     0.2120   481.3579 1.0690e-01     0.0664    98.3547     6.5018     6.7871    33.0473    33.0595    25.1989    25.2169    6.21620 0.0000e+00
      48339      8.862    11.3095    11.2906   3.736208   3.735261     2.3143     2.8090      8.186     0.2018   481.2790 1.0703e-01     0.0686    98.3004     6.4990     6.7816    33.0441    33.0518    25.1973    25.2067    6.21704 0.0000e+00
      48342      8.821    11.2915    11.2852   3.735006   3.734863     2.3143     2.8090      8.186     0.2222   140.1011 1.0703e-01     0.0693    98.2823     6.5006     6.7798    33.0484    33.0527    25.2039    25.2084    6.21928 0.0000e+00
      48345      8.773    11.2919    11.3186   3.735986   3.737372     2.3143     2.8090      8.186     0.1917     5.7934 1.0715e-01     0.0693    98.2823     6.4980     6.7711    33.0578    33.0474    25.2111    25.1983    6.21887 0.0000e+00
      48348      8.717    11.3306    11.3332   3.738792   3.738057     2.3139     2.8074      8.185     0.2018    11.8337 1.0715e-01     0.0693    98.2823     6.4895     6.7617    33.0508    33.0412    25.1987    25.1907    6.21396 0.0000e+00
      48351      8.657    11.3510    11.3312   3.739800   3.738001     2.3143     2.8078      8.185     0.1917    11.5968 1.0715e-01     0.0693    98.2823     6.4872     6.7613    33.0424    33.0425    25.1885    25.1921    6.21156 0.0000e+00
      48354      8.591    11.3511    11.3297   3.739565   3.737788     2.3139     2.8069      8.185     0.1815    11.6363 1.0703e-01     0.0689    98.2913     6.4863     6.7564    33.0400    33.0418    25.1866    25.1918    6.21163 0.0000e+00
      48357      8.521    11.3527    11.3321   3.739605   3.738153     2.3123     2.8057      8.185     0.1917    11.6363 1.0715e-01     0.0697    98.2733     6.4797     6.7502    33.0390    33.0432    25.1856    25.1925    6.21146 0.0000e+00
      48360      8.446    11.3546    11.3476   3.739930   3.739188     2.3115     2.8053      8.185     0.1815    11.6363 1.0703e-01     0.0726    98.2009     6.4769     6.7458    33.0405    33.0395    25.1864    25.1868    6.21114 0.0000e+00
      48363      8.365    11.3602    11.3533   3.740251   3.739341     2.3115     2.8041      8.185     0.1917    11.6363 1.0703e-01     0.0726    98.2009     6.4762     6.7403    33.0388    33.0360    25.1840    25.1831    6.21047 0.0000e+00
      48366      8.280    11.3596    11.3535   3.740126   3.739396     2.3107     2.8021      8.185     0.1917    36.7845 1.0715e-01     0.0722    98.2099     6.4738     6.7344    33.0381    33.0363    25.1836    25.1833    6.21057 0.0000e+00
      48369      8.196    11.3591    11.3563   3.740155   3.739622     2.3107     2.8017      8.185     0.1917   447.4849 1.0703e-01     0.0726    98.2009     6.4736     6.7346    33.0388    33.0362    25.1842    25.1827    6.21061 0.0000e+00
      48372      8.110    11.3618    11.3582   3.740366   3.739730     2.3103     2.8008      8.185     0.1408   481.5159 1.0715e-01     0.0726    98.2009     6.4729     6.7339    33.0385    33.0355    25.1836    25.1818    6.21027 0.0000e+00
      48375      8.022    11.3661    11.3660   3.740641   3.740661     2.3103     2.8013      8.185     0.1408   481.1605 1.0703e-01     0.0722    98.2099     6.4740     6.7351    33.0374    33.0377    25.1819    25.1821    6.20973 0.0000e+00
      48378      7.935    11.3700    11.3951   3.740904   3.742734     2.3103     2.7996      8.185     0.1612   481.2790 1.0715e-01     0.0711    98.2371     6.4769     6.7294    33.0365    33.0321    25.1805    25.1725    6.20924 0.0000e+00
      48381      7.845    11.3905    11.4245   3.742775   3.744419     2.3103     2.7992      8.185     0.1612   481.3184 1.0715e-01     0.0682    98.3094     6.4764     6.7278    33.0366    33.0224    25.1769    25.1596    6.20650 0.0000e+00
      48384      7.760    11.4205    11.4414   3.744515   3.745364     2.3095     2.7988      8.185     0.1612   481.3579 1.0703e-01     0.0686    98.3004     6.4706     6.7282    33.0269    33.0166    25.1639    25.1520    6.20287 0.0000e+00
      48387      7.675    11.4297    11.4505   3.744699   3.745791     2.3091     2.7980      8.185     0.1408   481.3579 1.0715e-01     0.0682    98.3094     6.4687     6.7291    33.0206    33.0127    25.1573    25.1473    6.20189 0.0000e+00
      48390      7.591    11.4318    11.4534   3.744836   3.745925     2.3091     2.7984      8.185     0.1713   481.3579 1.0715e-01     0.0682    98.3094     6.4697     6.7332    33.0201    33.0114    25.1565    25.1459    6.20163 0.0000e+00
      48393      7.512    11.4309    11.4555   3.744808   3.746008     2.3082     2.7980      8.185     0.1612   356.7226 1.0715e-01     0.0682    98.3094     6.4670     6.7349    33.0206    33.0104    25.1570    25.1447    6.20173 0.0000e+00
      48396      7.438    11.4367    11.4565   3.745154   3.746080     2.3086     2.7972      8.183     0.1408    -2.8130 1.0715e-01     0.0682    98.3094     6.4674     6.7358    33.0188    33.0103    25.1546    25.1444    6.20102 0.0000e+00
      48399      7.369    11.4383    11.4553   3.745277   3.745869     2.3086     2.7968      8.185     0.1307    -1.8260 1.0715e-01     0.0697    98.2733     6.4665     6.7387    33.0187    33.0093    25.1542    25.1438    6.20082 0.0000e+00
      48402      7.301    11.4393    11.4463   3.745278   3.745230     2.3086     2.7968      8.183     0.1103    -0.7601 1.0715e-01     0.0693    98.2823     6.4671     6.7437    33.0178    33.0111    25.1533    25.1468    6.20072 0.0000e+00
      48405      7.235    11.4376    11.4353   3.745078   3.744397     2.3082     2.7968      8.185     0.1205    -0.7996 1.0715e-01     0.0697    98.2733     6.4665     6.7482    33.0174    33.0128    25.1533    25.1502    6.20096 0.0000e+00
      48408      7.174    11.4223    11.4050   3.743297   3.742603     2.3082     2.7976      8.185     0.1103    -0.7996 1.0715e-01     0.0697    98.2733     6.4698     6.7566    33.0136    33.0223    25.1532    25.1631    6.20315 0.0000e+00
      48411      7.118    11.4030    11.3909   3.742079   3.741464     2.3082     2.7968      8.185     0.1205    -0.7996 1.0703e-01     0.0697    98.2733     6.4710     6.7569    33.0190    33.0237    25.1608    25.1667    6.20552 0.0000e+00
      48414      7.067    11.3861    11.3797   3.741448   3.741050     2.3082     2.7968      8.185     0.1205    -0.7996 1.0715e-01     0.0700    98.2642     6.4725     6.7592    33.0278    33.0296    25.1708    25.1734    6.20743 0.0000e+00
      48417      7.020    11.3771    11.3916   3.741066   3.741729     2.3074     2.7980      8.185     0.1307    -0.7996 1.0703e-01     0.0700    98.2642     6.4695     6.7618    33.0321    33.0257    25.1758    25.1682    6.20846 0.0000e+00
      48420      6.975    11.3746    11.3890   3.740986   3.741595     2.3070     2.7980      8.185     0.1205     3.2273 1.0715e-01     0.1022    97.4775     6.4679     6.7626    33.0337    33.0267    25.1775    25.1694    6.20874 0.0000e+00
      48423      6.936    11.3735    11.3904   3.740967   3.741724     2.3070     2.7980      8.185     0.1408     6.9383 1.0703e-01     0.1070    97.3599     6.4680     6.7609    33.0345    33.0268    25.1783    25.1692    6.20886 0.0000e+00
      48426      6.903    11.3758    11.3943   3.741303   3.741911     2.3070     2.7984      8.185     0.1612     6.7804 1.0715e-01     0.1070    97.3599     6.4682     6.7598    33.0357    33.0251    25.1788    25.1672    6.20850 0.0000e+00
      48429      6.874    11.3844    11.3847   3.741849   3.741103     2.3074     2.7984      8.184     0.1510     6.7804 1.0715e-01     0.1070    97.3599     6.4687     6.7593    33.0334    33.0258    25.1754    25.1695    6.20744 0.0000e+00
      48432      6.846    11.3862    11.3745   3.741854   3.740676     2.3062     2.7976      8.185     0.1612     6.7804 1.0703e-01     0.1070    97.3599     6.4647     6.7554    33.0318    33.0308    25.1739    25.1752    6.20726 0.0000e+00
      48435      6.817    11.3851    11.3795   3.741682   3.741012     2.3058     2.7976      8.185     0.1408     6.7804 1.0703e-01     0.1070    97.3599     6.4639     6.7524    33.0312    33.0296    25.1736    25.1734    6.20744 0.0000e+00
      48438      6.791    11.3804    11.3785   3.741359   3.740910     2.3058     2.7976      8.185     0.1510     6.7804 1.0715e-01     0.1026    97.4684     6.4664     6.7496    33.0322    33.0295    25.1752    25.1734    6.20802 0.0000e+00
      48441      6.767    11.3805    11.3807   3.741420   3.741168     2.3054     2.7976      8.185     0.1510     6.7804 1.0715e-01     0.0774    98.0833     6.4668     6.7473    33.0327    33.0301    25.1756    25.1736    6.20798 0.0000e+00
      48444      6.742    11.3834    11.3840   3.741653   3.741405     2.3062     2.7972      8.185     0.1408     6.7804 1.0715e-01     0.0770    98.0924     6.4701     6.7442    33.0324    33.0294    25.1749    25.1724    6.20761 0.0000e+00
      48447      6.714    11.3850    11.3815   3.741753   3.740900     2.3058     2.7968      8.185     0.1612   388.2269 1.0715e-01     0.0774    98.0834     6.4681     6.7420    33.0320    33.0268    25.1742    25.1708    6.20741 0.0000e+00
      48450      6.687    11.3945    11.3684   3.742606   3.740047     2.3058     2.7968      8.185     0.2018   481.9501 1.0715e-01     0.0770    98.0924     6.4666     6.7428    33.0319    33.0301    25.1724    25.1757    6.20615 0.0000e+00
      48453      6.662    11.4023    11.3697   3.742872   3.740337     2.3054     2.7964      8.185     0.2120   481.0421 1.0715e-01     0.0770    98.0924     6.4663     6.7409    33.0275    33.0318    25.1677    25.1769    6.20528 0.0000e+00
      48456      6.634    11.3964    11.3772   3.742244   3.740769     2.3054     2.7952      8.185     0.2018   481.3579 1.0715e-01     0.0770    98.0924     6.4697     6.7355    33.0267    33.0293    25.1681    25.1736    6.20610 0.0000e+00
      48459      6.607    11.3932    11.3786   3.742295   3.741108     2.3050     2.7956      8.185     0.2018   481.2790 1.0715e-01     0.0766    98.1015     6.4680     6.7354    33.0300    33.0314    25.1712    25.1749    6.20639 0.0000e+00
      48462      6.577    11.4130    11.3931   3.743652   3.742011     2.3058     2.7952      8.185     0.2120   481.3579 1.0690e-01     0.0744    98.1557     6.4674     6.7322    33.0257    33.0273    25.1642    25.1692    6.20392 0.0000e+00
      48465      6.543    11.4164    11.4081   3.743564   3.743038     2.3054     2.7956      8.185     0.2120   481.3579 1.0715e-01     0.0748    98.1467     6.4639     6.7305    33.0218    33.0240    25.1606    25.1639    6.20362 0.0000e+00
      48468      6.505    11.4000    11.4010   3.742384   3.742134     2.3054     2.7943      8.185     0.2222   481.3579 1.0703e-01     0.0748    98.1467     6.4657     6.7294    33.0249    33.0215    25.1660    25.1632    6.20569 0.0000e+00
      48471      6.465    11.3944    11.4039   3.742338   3.742944     2.3042     2.7943      8.185     0.2018   428.2191 1.0703e-01     0.0744    98.1557     6.4631     6.7301    33.0295    33.0269    25.1706    25.1669    6.20626 0.0000e+00
      48474      6.422    11.4116    11.4225   3.743799   3.743901     2.3050     2.7943      8.185     0.2018    21.5061 1.0715e-01     0.0752    98.1376     6.4640     6.7278    33.0284    33.0197    25.1666    25.1578    6.20400 0.0000e+00
