Datasets/AZMP/TEL210/tel210_2020_027.cnv
* Sea-Bird SBE 9 Data File:
* FileName = C:\CTDDATA\tel210_2020_027.hex
* Software Version Seasave V 7.26.7.110
* Temperature SN = 1697
* Conductivity SN = 4216
* Number of Bytes Per Scan = 30
* Number of Voltage Words = 4
* Number of Scans Averaged by the Deck Unit = 1
* NMEA baud rate = 4800
** VESSEL/TRIP/SEQ STN:  tel210_2020_027
** LATITUDE XX XX.XX: 47 00.00 N
** LONGITUDE XX XX.XX: 044 59.30 W
** SOUNDING DEPTH (M): 0151
** PROBE TYPE: S1146
** CTD NUMBER: 026
** COMMENTS (14 CHAR): FC-25
** BOTTLES:  0
** LEVELS:
** STICKERS:
** VNET: N
** DO2: N
# nquan = 22
# nvalues = 3169                        
# units = specified
# name 0 = scan: Scan Count
# name 1 = prDM: Pressure, Digiquartz [db]
# name 2 = t090C: Temperature [ITS-90, deg C]
# name 3 = t190C: Temperature, 2 [ITS-90, deg C]
# name 4 = c0S/m: Conductivity [S/m]
# name 5 = c1S/m: Conductivity, 2 [S/m]
# name 6 = sbeox0V: Oxygen raw, SBE 43 [V]
# name 7 = sbeox1V: Oxygen raw, SBE 43, 2 [V]
# name 8 = ph: pH
# name 9 = flECO-AFL: Fluorescence, WET Labs ECO-AFL/FL [mg/m^3]
# name 10 = wetCDOM: Fluorescence, WET Labs CDOM [mg/m^3]
# name 11 = par/sat/log: PAR/Logarithmic, Satlantic [umol photons/m^2/sec]
# name 12 = CStarAt0: Beam Attenuation, WET Labs C-Star [1/m]
# name 13 = CStarTr0: Beam Transmission, WET Labs C-Star [%]
# name 14 = sbeox0ML/L: Oxygen, SBE 43 [ml/l], WS = 2
# name 15 = sbeox1ML/L: Oxygen, SBE 43, 2 [ml/l], WS = 2
# name 16 = sal00: Salinity, Practical [PSU]
# name 17 = sal11: Salinity, Practical, 2 [PSU]
# name 18 = sigma-t00: Density [sigma-t, kg/m^3 ]
# name 19 = sigma-t11: Density, 2 [sigma-t, kg/m^3 ]
# name 20 = oxsatML/L: Oxygen Saturation, Weiss [ml/l]
# name 21 = flag: flag
# span 0 =         45,      11606       
# span 1 =      1.908,    148.662       
# span 2 =     3.7129,    11.4523       
# span 3 =     3.7075,    11.4423       
# span 4 =   3.184406,   3.740447       
# span 5 =   3.182275,   3.739583       
# span 6 =     1.9015,     2.4267       
# span 7 =     2.2881,     2.9482       
# span 8 =      7.931,      8.219       
# span 9 =    -0.6019,     6.8767       
# span 10 =    -2.8130,   482.1870      
# span 11 = 1.0592e-01, 2.9429e-01      
# span 12 =    -0.1162,     0.2170      
# span 13 =    94.7193,   102.9486      
# span 14 =     6.1290,     7.7441      
# span 15 =     6.3897,     8.1144      
# span 16 =    32.9597,    34.5156      
# span 17 =    32.9593,    34.5151      
# span 18 =    25.1058,    27.4267      
# span 19 =    25.1080,    27.4267      
# span 20 =    6.20125,    7.34424      
# span 21 = 0.0000e+00, 0.0000e+00      
# interval = scans: 3                   
# start_time = Jul 18 2020 03:11:20 [System UTC, header]
# bad_flag = -9.990e-29
*END*
[from data line 791]
       3279     75.775     4.0251     4.0213   3.207092   3.206613     2.0158     2.4334      7.983    -0.4290     4.8854 1.0715e-01    -0.1067   102.7044     6.5428     6.8180    34.3576    34.3559    27.2725    27.2716    7.29021 0.0000e+00
       3282     75.852     4.0221     4.0178   3.206899   3.206367     2.0158     2.4334      7.983    -0.4188     4.8854 1.0715e-01    -0.1067   102.7044     6.5422     6.8183    34.3585    34.3567    27.2736    27.2726    7.29071 0.0000e+00
       3285     75.935     4.0205     4.0157   3.206780   3.206247     2.0166     2.4330      7.983    -0.4188     4.8854 1.0715e-01    -0.1071   102.7134     6.5459     6.8175    34.3587    34.3573    27.2739    27.2733    7.29098 0.0000e+00
       3288     76.024     4.0193     4.0146   3.206711   3.206166     2.0154     2.4338      7.985    -0.4290     4.8854 1.0715e-01    -0.1071   102.7134     6.5423     6.8185    34.3591    34.3575    27.2743    27.2735    7.29118 0.0000e+00
       3291     76.121     4.0184     4.0136   3.206657   3.206098     2.0162     2.4330      7.983    -0.4392     4.9249 1.0715e-01    -0.1071   102.7134     6.5458     6.8142    34.3593    34.3577    27.2746    27.2738    7.29133 0.0000e+00
       3294     76.224     4.0174     4.0125   3.206578   3.206015     2.0166     2.4338      7.986    -0.4493     5.4776 1.0715e-01    -0.1067   102.7044     6.5468     6.8162    34.3594    34.3578    27.2747    27.2740    7.29150 0.0000e+00
       3297     76.327     4.0164     4.0118   3.206510   3.205949     2.0174     2.4342      7.983    -0.4697     6.9778 1.0715e-01    -0.1071   102.7134     6.5490     6.8177    34.3595    34.3577    27.2750    27.2740    7.29167 0.0000e+00
       3300     76.437     4.0152     4.0107   3.206398   3.205878     2.0170     2.4342      7.983    -0.4493     6.8988 1.0715e-01    -0.1067   102.7044     6.5441     6.8143    34.3594    34.3579    27.2750    27.2743    7.29190 0.0000e+00
       3303     76.548     4.0141     4.0094   3.206353   3.205769     2.0166     2.4346      7.985    -0.4392     6.8988 1.0715e-01    -0.1078   102.7315     6.5402     6.8129    34.3600    34.3579    27.2756    27.2744    7.29206 0.0000e+00
       3306     76.670     4.0133     4.0085   3.206273   3.205730     2.0166     2.4346      7.985    -0.4493     6.8988 1.0715e-01    -0.1078   102.7315     6.5378     6.8105    34.3598    34.3584    27.2755    27.2749    7.29222 0.0000e+00
       3309     76.793     4.0124     4.0075   3.206208   3.205647     2.0174     2.4342      7.985    -0.4493     6.8988 1.0715e-01    -0.1078   102.7315     6.5386     6.8063    34.3599    34.3583    27.2757    27.2749    7.29237 0.0000e+00
       3312     76.915     4.0095     4.0052   3.205908   3.205389     2.0174     2.4334      7.986    -0.4493     6.8988 1.0715e-01    -0.1078   102.7315     6.5377     6.8001    34.3593    34.3576    27.2755    27.2746    7.29292 0.0000e+00
       3315     77.044     4.0043     4.0001   3.205495   3.204971     2.0170     2.4342      7.983    -0.4595     6.8988 1.0715e-01    -0.1078   102.7315     6.5349     6.8000    34.3598    34.3580    27.2764    27.2754    7.29383 0.0000e+00
       3318     77.175     3.9974     3.9931   3.205017   3.204505     2.0170     2.4346      7.983    -0.4697     6.8988 1.0715e-01    -0.1078   102.7315     6.5319     6.7991    34.3612    34.3597    27.2783    27.2775    7.29499 0.0000e+00
       3321     77.309     3.9913     3.9870   3.204613   3.204119     2.0170     2.4342      7.983    -0.4493   274.7246 1.0715e-01    -0.1074   102.7225     6.5309     6.7950    34.3628    34.3614    27.2802    27.2795    7.29603 0.0000e+00
       3324     77.439     3.9846     3.9809   3.204081   3.203625     2.0162     2.4334      7.983    -0.4595   481.7133 1.0715e-01    -0.1092   102.7677     6.5276     6.7902    34.3635    34.3619    27.2814    27.2806    7.29720 0.0000e+00
       3327     77.571     3.9776     3.9732   3.203572   3.203080     2.0162     2.4338      7.983    -0.4493   481.0421 1.0715e-01    -0.1089   102.7587     6.5257     6.7912    34.3647    34.3634    27.2830    27.2825    7.29839 0.0000e+00
       3330     77.705     3.9742     3.9695   3.203348   3.202828     2.0166     2.4325      7.983    -0.4697   481.3579 1.0715e-01    -0.1089   102.7587     6.5269     6.7846    34.3655    34.3643    27.2841    27.2836    7.29896 0.0000e+00
       3333     77.841     3.9725     3.9680   3.203262   3.202718     2.0166     2.4334      7.983    -0.4697   481.3579 1.0715e-01    -0.1089   102.7587     6.5253     6.7878    34.3662    34.3645    27.2848    27.2839    7.29923 0.0000e+00
       3336     77.977     3.9703     3.9659   3.203073   3.202527     2.0166     2.4321      7.983    -0.4595   481.3579 1.0715e-01    -0.1089   102.7587     6.5268     6.7820    34.3662    34.3644    27.2850    27.2840    7.29963 0.0000e+00
       3339     78.110     3.9692     3.9643   3.202989   3.202429     2.0166     2.4321      7.981    -0.4595   481.3579 1.0715e-01    -0.1089   102.7587     6.5264     6.7801    34.3663    34.3647    27.2852    27.2845    7.29983 0.0000e+00
       3342     78.238     3.9687     3.9638   3.202971   3.202428     2.0150     2.4325      7.980    -0.4595   481.3579 1.0715e-01    -0.1092   102.7677     6.5186     6.7818    34.3665    34.3652    27.2855    27.2849    7.29990 0.0000e+00
       3345     78.363     3.9687     3.9635   3.202986   3.202381     2.0162     2.4313      7.980    -0.4595   480.7657 1.0715e-01    -0.1099   102.7858     6.5231     6.7783    34.3666    34.3648    27.2855    27.2847    7.29989 0.0000e+00
       3348     78.484     3.9684     3.9633   3.202956   3.202379     2.0150     2.4309      7.978    -0.4493    78.5138 1.0715e-01    -0.1099   102.7858     6.5172     6.7776    34.3666    34.3650    27.2855    27.2848    7.29996 0.0000e+00
       3351     78.604     3.9674     3.9627   3.202840   3.202265     2.0154     2.4309      7.980    -0.4697     1.1744 1.0715e-01    -0.1099   102.7858     6.5194     6.7776    34.3661    34.3643    27.2853    27.2843    7.30016 0.0000e+00
       3354     78.722     3.9660     3.9609   3.202710   3.202165     2.0154     2.4301      7.981    -0.4493     4.7670 1.0715e-01    -0.1099   102.7858     6.5178     6.7774    34.3660    34.3648    27.2853    27.2849    7.30042 0.0000e+00
       3357     78.839     3.9650     3.9602   3.202665   3.202107     2.0150     2.4309      7.978    -0.4595     4.5696 1.0715e-01    -0.1099   102.7858     6.5157     6.7806    34.3665    34.3648    27.2858    27.2849    7.30058 0.0000e+00
       3360     78.951     3.9648     3.9600   3.202651   3.202112     2.0154     2.4301      7.978    -0.4493     4.5696 1.0715e-01    -0.1099   102.7858     6.5184     6.7791    34.3665    34.3650    27.2858    27.2852    7.30061 0.0000e+00
       3363     79.058     3.9645     3.9598   3.202659   3.202099     2.0142     2.4297      7.978    -0.4595     4.5696 1.0715e-01    -0.1096   102.7768     6.5166     6.7786    34.3668    34.3651    27.2861    27.2852    7.30065 0.0000e+00
       3366     79.165     3.9645     3.9596   3.202655   3.202103     2.0146     2.4297      7.978    -0.4697     4.5301 1.0715e-01    -0.1099   102.7858     6.5189     6.7805    34.3666    34.3652    27.2860    27.2853    7.30065 0.0000e+00
       3369     79.265     3.9641     3.9589   3.202633   3.202033     2.0138     2.4289      7.978    -0.4392     4.5301 1.0715e-01    -0.1099   102.7858     6.5140     6.7789    34.3668    34.3651    27.2861    27.2853    7.30072 0.0000e+00
       3372     79.361     3.9631     3.9579   3.202521   3.201946     2.0146     2.4293      7.978    -0.4595     5.0038 1.0715e-01    -0.1099   102.7858     6.5177     6.7812    34.3664    34.3650    27.2860    27.2854    7.30091 0.0000e+00
       3375     79.451     3.9623     3.9575   3.202494   3.201937     2.0142     2.4285      7.978    -0.4595     7.6095 1.0715e-01    -0.1099   102.7858     6.5121     6.7781    34.3669    34.3653    27.2864    27.2856    7.30103 0.0000e+00
       3378     79.537     3.9621     3.9576   3.202479   3.201946     2.0134     2.4293      7.978    -0.4595     7.6095 1.0715e-01    -0.1099   102.7858     6.5081     6.7792    34.3668    34.3653    27.2864    27.2856    7.30107 0.0000e+00
       3381     79.619     3.9622     3.9569   3.202540   3.201853     2.0138     2.4285      7.978    -0.4392     7.6095 1.0715e-01    -0.1096   102.7768     6.5100     6.7777    34.3675    34.3648    27.2869    27.2853    7.30102 0.0000e+00
       3384     79.703     3.9618     3.9553   3.202427   3.201741     2.0138     2.4281      7.978    -0.4493     7.6095 1.0715e-01    -0.1092   102.7677     6.5111     6.7770    34.3665    34.3652    27.2862    27.2858    7.30115 0.0000e+00
       3387     79.785     3.9599     3.9544   3.202299   3.201709     2.0138     2.4285      7.978    -0.4595     7.6095 1.0715e-01    -0.1099   102.7858     6.5113     6.7764    34.3669    34.3656    27.2867    27.2862    7.30147 0.0000e+00
       3390     79.863     3.9592     3.9539   3.202282   3.201675     2.0130     2.4277      7.978    -0.4493     7.6095 1.0715e-01    -0.1092   102.7677     6.5071     6.7730    34.3674    34.3657    27.2871    27.2863    7.30156 0.0000e+00
       3393     79.938     3.9592     3.9539   3.202266   3.201685     2.0130     2.4281      7.978    -0.4493     7.6095 1.0715e-01    -0.1092   102.7677     6.5054     6.7736    34.3672    34.3658    27.2870    27.2864    7.30157 0.0000e+00
       3396     80.009     3.9590     3.9540   3.202279   3.201710     2.0125     2.4273      7.976    -0.4493     7.6095 1.0715e-01    -0.1096   102.7768     6.5010     6.7710    34.3675    34.3660    27.2872    27.2865    7.30160 0.0000e+00
       3399     80.076     3.9591     3.9541   3.202249   3.201677     2.0117     2.4264      7.976    -0.4595   193.9111 1.0715e-01    -0.1099   102.7858     6.4965     6.7669    34.3670    34.3654    27.2868    27.2861    7.30160 0.0000e+00
       3402     80.141     3.9590     3.9538   3.202295   3.201664     2.0117     2.4269      7.975    -0.4697   482.1870 1.0715e-01    -0.1092   102.7677     6.4970     6.7669    34.3676    34.3656    27.2873    27.2863    7.30159 0.0000e+00
       3405     80.205     3.9591     3.9529   3.202272   3.201585     2.0125     2.4273      7.975    -0.4697   481.2395 1.0715e-01    -0.1089   102.7587     6.5014     6.7667    34.3672    34.3656    27.2870    27.2863    7.30159 0.0000e+00
       3408     80.275     3.9580     3.9519   3.202145   3.201524     2.0117     2.4256      7.976    -0.4392   481.3579 1.0715e-01    -0.1089   102.7587     6.4959     6.7601    34.3668    34.3658    27.2868    27.2867    7.30181 0.0000e+00
       3411     80.346     3.9567     3.9519   3.202092   3.201523     2.0117     2.4252      7.973    -0.4493   481.3579 1.0715e-01    -0.1089   102.7587     6.4952     6.7580    34.3675    34.3658    27.2874    27.2866    7.30201 0.0000e+00
       3414     80.416     3.9568     3.9507   3.202091   3.201436     2.0113     2.4256      7.975    -0.4493   481.3579 1.0715e-01    -0.1085   102.7496     6.4939     6.7597    34.3674    34.3660    27.2874    27.2869    7.30200 0.0000e+00
       3417     80.486     3.9554     3.9494   3.201970   3.201338     2.0105     2.4256      7.978    -0.4493   481.3579 1.0715e-01    -0.1089   102.7587     6.4901     6.7573    34.3674    34.3661    27.2875    27.2871    7.30226 0.0000e+00
       3420     80.556     3.9548     3.9491   3.201956   3.201328     2.0101     2.4252      7.973    -0.4595   481.3579 1.0715e-01    -0.1089   102.7587     6.4878     6.7563    34.3677    34.3663    27.2878    27.2872    7.30233 0.0000e+00
       3423     80.628     3.9554     3.9487   3.202017   3.201272     2.0101     2.4248      7.976    -0.3883   481.3579 1.0715e-01    -0.1096   102.7768     6.4852     6.7537    34.3678    34.3660    27.2879    27.2871    7.30223 0.0000e+00
       3426     80.705     3.9552     3.9488   3.201997   3.201281     2.0109     2.4236      7.973    -0.3679   161.0250 1.0715e-01    -0.1103   102.7948     6.4862     6.7464    34.3677    34.3660    27.2878    27.2871    7.30226 0.0000e+00
       3429     80.787     3.9546     3.9480   3.201897   3.201229     2.0105     2.4232      7.975    -0.3476    -2.1419 1.0715e-01    -0.1099   102.7858     6.4841     6.7436    34.3671    34.3661    27.2874    27.2872    7.30240 0.0000e+00
       3432     80.866     3.9529     3.9472   3.201774   3.201168     2.0085     2.4236      7.975    -0.3679     1.4507 1.0715e-01    -0.1099   102.7858     6.4756     6.7426    34.3674    34.3662    27.2878    27.2874    7.30269 0.0000e+00
       3435     80.949     3.9521     3.9470   3.201759   3.201176     2.0085     2.4232      7.973    -0.3577     1.3323 1.0715e-01    -0.1103   102.7948     6.4747     6.7366    34.3680    34.3665    27.2883    27.2877    7.30281 0.0000e+00
       3438     81.035     3.9516     3.9466   3.201713   3.201148     2.0089     2.4224      7.975    -0.3679     1.3323 1.0715e-01    -0.1099   102.7858     6.4765     6.7291    34.3680    34.3665    27.2884    27.2877    7.30291 0.0000e+00
       3441     81.123     3.9508     3.9462   3.201667   3.201117     2.0085     2.4212      7.975    -0.3577     1.3323 1.0715e-01    -0.1099   102.7858     6.4730     6.7211    34.3682    34.3665    27.2886    27.2877    7.30303 0.0000e+00
       3444     81.217     3.9506     3.9455   3.201658   3.201097     2.0076     2.4220      7.973    -0.3577     1.3323 1.0715e-01    -0.1099   102.7858     6.4657     6.7215    34.3682    34.3669    27.2887    27.2881    7.30306 0.0000e+00
       3447     81.316     3.9503     3.9453   3.201630   3.201073     2.0076     2.4212      7.973    -0.3679     1.3323 1.0715e-01    -0.1099   102.7858     6.4600     6.7157    34.3682    34.3668    27.2887    27.2881    7.30312 0.0000e+00
       3450     81.413     3.9500     3.9449   3.201586   3.201032     2.0073     2.4199      7.973    -0.4188     1.5297 1.0715e-01    -0.1103   102.7948     6.4514     6.7071    34.3679    34.3667    27.2885    27.2880    7.30319 0.0000e+00
       3453     81.514     3.9477     3.9430   3.201349   3.200826     2.0069     2.4191      7.973    -0.4290     8.0437 1.0715e-01    -0.1099   102.7858     6.4451     6.6995    34.3675    34.3662    27.2883    27.2878    7.30362 0.0000e+00
       3456     81.620     3.9447     3.9400   3.201178   3.200616     2.0064     2.4179      7.973    -0.4188     8.5965 1.0715e-01    -0.1099   102.7858     6.4413     6.6906    34.3686    34.3669    27.2896    27.2887    7.30412 0.0000e+00
       3459     81.724     3.9427     3.9382   3.200955   3.200469     2.0064     2.4179      7.973    -0.4188     8.5570 1.0715e-01    -0.1103   102.7948     6.4346     6.6877    34.3679    34.3669    27.2892    27.2889    7.30451 0.0000e+00
       3462     81.831     3.9360     3.9332   3.200374   3.200005     2.0052     2.4163      7.973    -0.4290     8.5570 1.0715e-01    -0.1099   102.7858     6.4262     6.6794    34.3680    34.3666    27.2900    27.2892    7.30571 0.0000e+00
       3465     81.943     3.9232     3.9251   3.199168   3.199354     2.0048     2.4159      7.974    -0.4392     8.5570 1.0715e-01    -0.1096   102.7768     6.4223     6.6736    34.3670    34.3672    27.2905    27.2905    7.30806 0.0000e+00
       3468     82.056     3.9132     3.9142   3.198630   3.198520     2.0036     2.4150      7.974    -0.4290     8.5570 1.0715e-01    -0.1096   102.7768     6.4153     6.6681    34.3710    34.3687    27.2947    27.2928    7.30966 0.0000e+00
