Datasets/AZMP/TEL210/tel210_2020_029.cnv
* Sea-Bird SBE 9 Data File:
* FileName = C:\CTDDATA\tel210_2020_029.hex
* Software Version Seasave V 7.26.7.110
* Temperature SN = 1697
* Conductivity SN = 4216
* Number of Bytes Per Scan = 30
* Number of Voltage Words = 4
* Number of Scans Averaged by the Deck Unit = 1
* NMEA baud rate = 4800
** VESSEL/TRIP/SEQ STN:  tel210_2020_029
** LATITUDE XX XX.XX: 47 00.00 N
** LONGITUDE XX XX.XX: 044 34.70 W
** SOUNDING DEPTH (M): 0133
** PROBE TYPE: S1146
** CTD NUMBER: 028
** COMMENTS (14 CHAR): FC-27
** BOTTLES:  0
** LEVELS:
** STICKERS:
** VNET: N
** DO2: N
# nquan = 22
# nvalues = 2777                        
# units = specified
# name 0 = scan: Scan Count
# name 1 = prDM: Pressure, Digiquartz [db]
# name 2 = t090C: Temperature [ITS-90, deg C]
# name 3 = t190C: Temperature, 2 [ITS-90, deg C]
# name 4 = c0S/m: Conductivity [S/m]
# name 5 = c1S/m: Conductivity, 2 [S/m]
# name 6 = sbeox0V: Oxygen raw, SBE 43 [V]
# name 7 = sbeox1V: Oxygen raw, SBE 43, 2 [V]
# name 8 = ph: pH
# name 9 = flECO-AFL: Fluorescence, WET Labs ECO-AFL/FL [mg/m^3]
# name 10 = wetCDOM: Fluorescence, WET Labs CDOM [mg/m^3]
# name 11 = par/sat/log: PAR/Logarithmic, Satlantic [umol photons/m^2/sec]
# name 12 = CStarAt0: Beam Attenuation, WET Labs C-Star [1/m]
# name 13 = CStarTr0: Beam Transmission, WET Labs C-Star [%]
# name 14 = sbeox0ML/L: Oxygen, SBE 43 [ml/l], WS = 2
# name 15 = sbeox1ML/L: Oxygen, SBE 43, 2 [ml/l], WS = 2
# name 16 = sal00: Salinity, Practical [PSU]
# name 17 = sal11: Salinity, Practical, 2 [PSU]
# name 18 = sigma-t00: Density [sigma-t, kg/m^3 ]
# name 19 = sigma-t11: Density, 2 [sigma-t, kg/m^3 ]
# name 20 = oxsatML/L: Oxygen Saturation, Weiss [ml/l]
# name 21 = flag: flag
# span 0 =          9,      10780       
# span 1 =      2.350,    134.541       
# span 2 =     3.7337,    11.4737       
# span 3 =     3.7288,    11.4802       
# span 4 =   3.189036,   3.744655       
# span 5 =   3.188448,   3.744974       
# span 6 =     1.9271,     2.4251       
# span 7 =     2.3272,     2.9645       
# span 8 =      7.934,      8.217       
# span 9 =    -0.6019,     5.8083       
# span 10 =    -2.8130,   482.1870      
# span 11 = 1.0678e-01, 3.2478e-01      
# span 12 =    -0.1141,     0.1245      
# span 13 =    96.9349,   102.8943      
# span 14 =     6.2401,     7.8785      
# span 15 =     6.3694,     8.3329      
# span 16 =    32.9723,    34.4393      
# span 17 =    32.9750,    34.4382      
# span 18 =    25.1176,    27.3672      
# span 19 =    25.1133,    27.3665      
# span 20 =    6.19761,    7.33889      
# span 21 = 0.0000e+00, 0.0000e+00      
# interval = scans: 3                   
# start_time = Jul 18 2020 06:05:06 [System UTC, header]
# bad_flag = -9.990e-29
*END*
[from data line 132]
       1019     14.736     9.4888     9.4755   3.594591   3.594045     2.3215     2.8091      8.179     0.3545     4.1748 1.0690e-01     0.0319    99.2047     6.9236     7.2367    33.2771    33.2838    25.6911    25.6985    6.46047 0.0000e+00
       1022     14.811     9.4563     9.4372   3.592424   3.591742     2.3219     2.8116      8.179     0.3545    38.1662 1.0715e-01     0.0319    99.2047     6.9214     7.2406    33.2849    33.2957    25.7025    25.7139    6.46482 0.0000e+00
       1025     14.882     9.4349     9.4245   3.591010   3.590639     2.3244     2.8136      8.179     0.3647   452.8146 1.0715e-01     0.0337    99.1595     6.9272     7.2386    33.2903    33.2961    25.7101    25.7164    6.46770 0.0000e+00
       1028     14.946     9.4243     9.4153   3.590390   3.589779     2.3252     2.8156      8.179     0.3647   481.5948 1.0715e-01     0.0374    99.0691     6.9256     7.2397    33.2937    33.2958    25.7145    25.7176    6.46908 0.0000e+00
       1031     15.011     9.4166     9.4073   3.589871   3.589359     2.3260     2.8181      8.179     0.3443   481.2000 1.0715e-01     0.0374    99.0691     6.9245     7.2425    33.2955    33.2988    25.7172    25.7213    6.47012 0.0000e+00
       1034     15.075     9.4112     9.4278   3.589579   3.590299     2.3272     2.8185      8.179     0.3647   481.3579 1.0715e-01     0.0374    99.0691     6.9247     7.2342    33.2974    33.2894    25.7196    25.7106    6.47081 0.0000e+00
       1037     15.140     9.4064     9.4256   3.589091   3.590036     2.3276     2.8197      8.181     0.3647   481.3579 1.0715e-01     0.0378    99.0600     6.9233     7.2340    33.2969    33.2887    25.7199    25.7104    6.47153 0.0000e+00
       1040     15.208     9.4011     9.4274   3.588721   3.590720     2.3285     2.8221      8.181     0.3749   481.3184 1.0715e-01     0.0374    99.0691     6.9244     7.2387    33.2979    33.2941    25.7216    25.7143    6.47224 0.0000e+00
       1043     15.277     9.3946     9.4050   3.588132   3.588893     2.3293     2.8242      8.181     0.4155   481.3579 1.0703e-01     0.0374    99.0691     6.9247     7.2473    33.2979    33.2961    25.7226    25.7195    6.47319 0.0000e+00
       1046     15.346     9.3823     9.4098   3.587365   3.589507     2.3301     2.8254      8.183     0.4155   481.3579 1.0703e-01     0.0396    99.0148     6.9280     7.2490    33.3014    33.2979    25.7273    25.7202    6.47482 0.0000e+00
       1049     15.416     9.3710     9.4106   3.587043   3.589864     2.3313     2.8262      8.184     0.4257   349.4584 1.0715e-01     0.0407    98.9877     6.9318     7.2512    33.3086    33.3009    25.7347    25.7223    6.47615 0.0000e+00
       1052     15.486     9.3727     9.4110   3.587841   3.589390     2.3317     2.8295      8.183     0.4155    -0.5627 1.0715e-01     0.0407    98.9877     6.9332     7.2611    33.3152    33.2956    25.7396    25.7181    6.47564 0.0000e+00
       1055     15.558     9.3853     9.4183   3.588240   3.589322     2.3329     2.8303      8.183     0.4155     8.7544 1.0715e-01     0.0407    98.9877     6.9354     7.2631    33.3075    33.2880    25.7316    25.7110    6.47413 0.0000e+00
       1058     15.636     9.3696     9.3674   3.586849   3.585627     2.3337     2.8319      8.183     0.4257     8.5570 1.0715e-01     0.0407    98.9877     6.9403     7.2770    33.3078    33.2972    25.7343    25.7264    6.47639 0.0000e+00
       1061     15.720     9.3286     9.3381   3.583723   3.584569     2.3350     2.8340      8.184     0.4359     8.5965 1.0715e-01     0.0407    98.9877     6.9513     7.2876    33.3137    33.3135    25.7455    25.7439    6.48208 0.0000e+00
       1064     15.811     9.2932     9.3232   3.582461   3.583119     2.3354     2.8356      8.185     0.4460     8.5570 1.0715e-01     0.0411    98.9786     6.9566     7.2937    33.3335    33.3124    25.7668    25.7454    6.48638 0.0000e+00
       1067     15.906     9.3103     9.3158   3.583246   3.583238     2.3354     2.8376      8.185     0.4359     8.5570 1.0703e-01     0.0433    98.9244     6.9548     7.3007    33.3257    33.3205    25.7579    25.7529    6.48423 0.0000e+00
       1070     16.008     9.2748     9.2791   3.580528   3.581070     2.3370     2.8392      8.185     0.4257     8.5570 1.0703e-01     0.0433    98.9244     6.9656     7.3111    33.3306    33.3323    25.7675    25.7680    6.48916 0.0000e+00
       1073     16.116     9.2730     9.3154   3.581427   3.583582     2.3378     2.8409      8.185     0.4155     8.5570 1.0715e-01     0.0436    98.9153     6.9671     7.3089    33.3416    33.3244    25.7763    25.7560    6.48898 0.0000e+00
       1076     16.232     9.2729     9.2794   3.580308   3.580501     2.3386     2.8421      8.185     0.4257   266.9867 1.0703e-01     0.0433    98.9244     6.9698     7.3175    33.3301    33.3260    25.7673    25.7631    6.48947 0.0000e+00
       1079     16.351     9.2389     9.2410   3.578536   3.578401     2.3394     2.8433      8.185     0.4257   481.8712 1.0690e-01     0.0429    98.9334     6.9769     7.3276    33.3434    33.3401    25.7832    25.7802    6.49385 0.0000e+00
       1082     16.478     9.2165     9.2105   3.577116   3.576385     2.3394     2.8458      8.185     0.4257   481.0421 1.0703e-01     0.0433    98.9244     6.9796     7.3401    33.3496    33.3477    25.7916    25.7910    6.49685 0.0000e+00
       1085     16.611     9.2008     9.1959   3.575843   3.575223     2.3403     2.8474      8.185     0.4257   481.3579 1.0715e-01     0.0444    98.8972     6.9858     7.3464    33.3511    33.3492    25.7952    25.7946    6.49908 0.0000e+00
       1088     16.749     9.1542     9.1535   3.572692   3.572100     2.3415     2.8482      8.185     0.4257   481.3579 1.0715e-01     0.0502    98.7525     6.9967     7.3554    33.3619    33.3563    25.8111    25.8069    6.50540 0.0000e+00
       1091     16.892     9.1262     9.1270   3.570619   3.570949     2.3427     2.8502      8.185     0.4257   481.3579 1.0703e-01     0.0506    98.7435     7.0037     7.3633    33.3665    33.3692    25.8192    25.8211    6.50929 0.0000e+00
       1094     17.037     9.0918     9.1132   3.568475   3.569907     2.3435     2.8515      8.185     0.4257   481.3579 1.0715e-01     0.0510    98.7345     7.0112     7.3667    33.3764    33.3712    25.8324    25.8249    6.51391 0.0000e+00
       1097     17.185     9.0722     9.0784   3.567299   3.567233     2.3427     2.8531      8.186     0.4257   481.3579 1.0715e-01     0.0506    98.7435     7.0111     7.3756    33.3824    33.3760    25.8402    25.8342    6.51651 0.0000e+00
       1100     17.334     9.0575     9.0627   3.566393   3.566436     2.3443     2.8547      8.186     0.4257   481.3579 1.0703e-01     0.0506    98.7435     7.0188     7.3803    33.3868    33.3824    25.8460    25.8417    6.51848 0.0000e+00
       1103     17.486     9.0462     9.0509   3.565710   3.565631     2.3447     2.8572      8.186     0.4359    85.3832 1.0703e-01     0.0506    98.7435     7.0211     7.3860    33.3902    33.3849    25.8504    25.8455    6.51999 0.0000e+00
       1106     17.639     9.0399     9.0364   3.565319   3.564768     2.3460     2.8584      8.186     0.4359     0.3453 1.0715e-01     0.0517    98.7164     7.0278     7.3884    33.3920    33.3895    25.8528    25.8514    6.52084 0.0000e+00
       1109     17.788     9.0379     9.0332   3.565252   3.564672     2.3468     2.8596      8.186     0.4359     3.9774 1.0690e-01     0.0528    98.6892     7.0288     7.3883    33.3931    33.3915    25.8539    25.8534    6.52108 0.0000e+00
       1112     17.936     9.0367     9.0325   3.565235   3.564644     2.3460     2.8608      8.189     0.4257     3.7405 1.0715e-01     0.0528    98.6892     7.0237     7.3862    33.3940    33.3917    25.8549    25.8537    6.52123 0.0000e+00
       1115     18.082     9.0356     9.0287   3.565201   3.564319     2.3472     2.8604      8.187     0.4257     3.8195 1.0715e-01     0.0528    98.6892     7.0292     7.3800    33.3946    33.3919    25.8555    25.8545    6.52136 0.0000e+00
       1118     18.225     9.0334     9.0245   3.564936   3.564028     2.3484     2.8620      8.187     0.4155     3.7405 1.0715e-01     0.0528    98.6892     7.0322     7.3796    33.3938    33.3927    25.8553    25.8558    6.52172 0.0000e+00
       1121     18.363     9.0276     9.0203   3.564608   3.563868     2.3488     2.8641      8.189     0.4460     3.7010 1.0715e-01     0.0528    98.6892     7.0342     7.3819    33.3958    33.3949    25.8577    25.8582    6.52248 0.0000e+00
       1124     18.496     9.0241     9.0214   3.564382   3.564003     2.3492     2.8637      8.187     0.4562     3.7010 1.0715e-01     0.0532    98.6802     7.0351     7.3757    33.3967    33.3952    25.8589    25.8583    6.52296 0.0000e+00
       1127     18.622     9.0220     9.0190   3.564243   3.563755     2.3500     2.8657      8.186     0.4664     4.2537 1.0715e-01     0.0517    98.7164     7.0369     7.3765    33.3971    33.3949    25.8596    25.8583    6.52325 0.0000e+00
       1130     18.743     9.0204     9.0178   3.564154   3.563714     2.3513     2.8657      8.187     0.4460     7.8463 1.0715e-01     0.0499    98.7616     7.0401     7.3740    33.3976    33.3955    25.8603    25.8590    6.52346 0.0000e+00
       1133     18.855     9.0192     9.0201   3.564135   3.564022     2.3504     2.8657      8.189     0.4562     7.8463 1.0715e-01     0.0502    98.7525     7.0358     7.3718    33.3985    33.3965    25.8611    25.8594    6.52359 0.0000e+00
       1136     18.964     9.0168     9.0143   3.563938   3.563496     2.3513     2.8661      8.187     0.4460     7.8463 1.0715e-01     0.0495    98.7706     7.0380     7.3733    33.3987    33.3964    25.8617    25.8603    6.52395 0.0000e+00
       1139     19.073     9.0100     9.0062   3.563560   3.563075     2.3525     2.8669      8.186     0.4766     7.8463 1.0715e-01     0.0499    98.7616     7.0409     7.3757    33.4011    33.3996    25.8646    25.8640    6.52483 0.0000e+00
       1142     19.170     9.0073     9.0046   3.563465   3.563117     2.3517     2.8673      8.186     0.4664     7.8463 1.0715e-01     0.0502    98.7525     7.0362     7.3739    33.4026    33.4015    25.8662    25.8658    6.52517 0.0000e+00
       1145     19.262     9.0042     9.0044   3.563241   3.563010     2.3529     2.8690      8.189     0.4664     7.8463 1.0715e-01     0.0499    98.7616     7.0396     7.3773    33.4031    33.4006    25.8671    25.8651    6.52560 0.0000e+00
       1148     19.347     9.0019     8.9954   3.563223   3.562506     2.3541     2.8682      8.189     0.4970     7.8463 1.0715e-01     0.0510    98.7345     7.0412     7.3754    33.4050    33.4037    25.8690    25.8689    6.52586 0.0000e+00
       1151     19.432     9.0009     8.9910   3.562992   3.562213     2.3529     2.8682      8.191     0.4868     7.8463 1.0715e-01     0.0513    98.7254     7.0334     7.3738    33.4036    33.4047    25.8680    25.8705    6.52607 0.0000e+00
       1154     19.515     8.9802     8.9893   3.561777   3.562259     2.3541     2.8698      8.188     0.4868   181.2383 1.0715e-01     0.0513    98.7254     7.0388     7.3782    33.4102    33.4068    25.8765    25.8723    6.52882 0.0000e+00
       1157     19.595     8.9845     8.9967   3.562125   3.562672     2.3541     2.8706      8.188     0.4766   482.1870 1.0703e-01     0.0510    98.7345     7.0348     7.3773    33.4098    33.4041    25.8755    25.8690    6.52821 0.0000e+00
       1160     19.669     8.9679     8.9891   3.560996   3.562148     2.3549     2.8714      8.189     0.4970   481.2000 1.0715e-01     0.0513    98.7254     7.0361     7.3777    33.4137    33.4058    25.8811    25.8716    6.53049 0.0000e+00
       1163     19.743     8.9632     8.9736   3.560898   3.561126     2.3549     2.8714      8.189     0.4766   481.3184 1.0703e-01     0.0510    98.7345     7.0341     7.3770    33.4170    33.4096    25.8844    25.8770    6.53103 0.0000e+00
       1166     19.816     8.9559     8.9642   3.560757   3.560614     2.3549     2.8710      8.189     0.4970   481.3579 1.0715e-01     0.0517    98.7164     7.0305     7.3736    33.4224    33.4131    25.8898    25.8812    6.53189 0.0000e+00
       1169     19.889     8.9654     8.9603   3.561383   3.560514     2.3549     2.8718      8.188     0.4766   481.3579 1.0703e-01     0.0528    98.6892     7.0255     7.3725    33.4199    33.4157    25.8864    25.8838    6.53059 0.0000e+00
       1172     19.961     8.9649     8.9544   3.561245   3.560292     2.3549     2.8718      8.189     0.5376   481.3579 1.0715e-01     0.0532    98.6802     7.0252     7.3712    33.4190    33.4189    25.8857    25.8873    6.53071 0.0000e+00
       1175     20.030     8.9626     8.9545   3.561023   3.560531     2.3549     2.8718      8.189     0.5783   481.3579 1.0703e-01     0.0532    98.6802     7.0253     7.3674    33.4188    33.4212    25.8859    25.8891    6.53105 0.0000e+00
       1178     20.102     8.9575     8.9610   3.560693   3.560817     2.3545     2.8718      8.191     0.5885   481.3579 1.0715e-01     0.0539    98.6621     7.0234     7.3631    33.4200    33.4181    25.8877    25.8856    6.53174 0.0000e+00
       1181     20.173     8.9530     8.9612   3.560275   3.560914     2.3545     2.8718      8.189     0.5783   175.7507 1.0715e-01     0.0528    98.6892     7.0234     7.3618    33.4199    33.4189    25.8883    25.8862    6.53241 0.0000e+00
       1184     20.251     8.9401     8.9504   3.559807   3.559591     2.3545     2.8718      8.191     0.5783     0.3848 1.0715e-01     0.0532    98.6802     7.0272     7.3642    33.4271    33.4152    25.8960    25.8850    6.53401 0.0000e+00
       1187     20.327     8.9360     8.9250   3.559590   3.558262     2.3545     2.8718      8.188     0.5681     6.0698 1.0715e-01     0.0528    98.6892     7.0304     7.3686    33.4287    33.4252    25.8979    25.8968    6.53455 0.0000e+00
       1190     20.405     8.9167     8.9149   3.557966   3.557967     2.3541     2.8714      8.189     0.5783     5.7145 1.0715e-01     0.0517    98.7164     7.0357     7.3699    33.4299    33.4315    25.9018    25.9034    6.53733 0.0000e+00
       1193     20.487     8.8982     8.9207   3.556826   3.558403     2.3545     2.8710      8.189     0.5885     5.7540 1.0715e-01     0.0517    98.7164     7.0423     7.3688    33.4353    33.4306    25.9090    25.9017    6.53982 0.0000e+00
       1196     20.572     8.8977     8.9186   3.557078   3.558151     2.3553     2.8714      8.191     0.5885     5.7145 1.0715e-01     0.0517    98.7164     7.0486     7.3733    33.4384    33.4300    25.9115    25.9016    6.53977 0.0000e+00
       1199     20.659     8.8779     8.9043   3.555672   3.557071     2.3553     2.8718      8.191     0.5478     5.7540 1.0715e-01     0.0517    98.7164     7.0539     7.3795    33.4424    33.4321    25.9176    25.9054    6.54252 0.0000e+00
       1202     20.751     8.8854     8.8883   3.556254   3.556060     2.3549     2.8718      8.191     0.5580     5.7145 1.0715e-01     0.0517    98.7164     7.0542     7.3843    33.4413    33.4365    25.9156    25.9114    6.54145 0.0000e+00
       1205     20.847     8.8786     8.8777   3.555958   3.555506     2.3557     2.8722      8.191     0.5376     5.7540 1.0715e-01     0.0517    98.7164     7.0624     7.3896    33.4445    33.4407    25.9192    25.9164    6.54232 0.0000e+00
       1208     20.950     8.8754     8.8768   3.555582   3.555300     2.3565     2.8726      8.191     0.5478     6.5830 1.0715e-01     0.0502    98.7525     7.0681     7.3942    33.4436    33.4394    25.9190    25.9155    6.54283 0.0000e+00
       1211     21.056     8.8396     8.8589   3.553209   3.554176     2.3565     2.8726      8.191     0.5478     6.6620 1.0703e-01     0.0488    98.7887     7.0745     7.3993    33.4525    33.4444    25.9316    25.9222    6.54773 0.0000e+00
