Datasets/AZMP/TEL210/tel210_2020_090.cnv
* Sea-Bird SBE 9 Data File:
* FileName = C:\CTDDATA\tel210_2020_090.hex
* Software Version Seasave V 7.26.7.110
* Temperature SN = 1697
* Conductivity SN = 4216
* Number of Bytes Per Scan = 30
* Number of Voltage Words = 4
* Number of Scans Averaged by the Deck Unit = 1
* NMEA baud rate = 4800
** VESSEL/TRIP/SEQ STN:  tel210_2020_090
** LATITUDE XX XX.XX: 54 12.00 N
** LONGITUDE XX XX.XX: 054 00.00 W
** SOUNDING DEPTH (M): 0216
** PROBE TYPE: S1146
** CTD NUMBER: 060
** COMMENTS (14 CHAR): SI-09
** BOTTLES:  10
** LEVELS: 5,10,20,30,40,50,75,100,150,BTM
** STICKERS: 436170 - 436179
** VNET: Y
** DO2: Y
# nquan = 22
# nvalues = 5370                        
# units = specified
# name 0 = scan: Scan Count
# name 1 = prDM: Pressure, Digiquartz [db]
# name 2 = t090C: Temperature [ITS-90, deg C]
# name 3 = t190C: Temperature, 2 [ITS-90, deg C]
# name 4 = c0S/m: Conductivity [S/m]
# name 5 = c1S/m: Conductivity, 2 [S/m]
# name 6 = sbeox0V: Oxygen raw, SBE 43 [V]
# name 7 = sbeox1V: Oxygen raw, SBE 43, 2 [V]
# name 8 = ph: pH
# name 9 = flECO-AFL: Fluorescence, WET Labs ECO-AFL/FL [mg/m^3]
# name 10 = wetCDOM: Fluorescence, WET Labs CDOM [mg/m^3]
# name 11 = par/sat/log: PAR/Logarithmic, Satlantic [umol photons/m^2/sec]
# name 12 = CStarAt0: Beam Attenuation, WET Labs C-Star [1/m]
# name 13 = CStarTr0: Beam Transmission, WET Labs C-Star [%]
# name 14 = sbeox0ML/L: Oxygen, SBE 43 [ml/l], WS = 2
# name 15 = sbeox1ML/L: Oxygen, SBE 43, 2 [ml/l], WS = 2
# name 16 = sal00: Salinity, Practical [PSU]
# name 17 = sal11: Salinity, Practical, 2 [PSU]
# name 18 = sigma-t00: Density [sigma-t, kg/m^3 ]
# name 19 = sigma-t11: Density, 2 [sigma-t, kg/m^3 ]
# name 20 = oxsatML/L: Oxygen Saturation, Weiss [ml/l]
# name 21 = flag: flag
# span 0 =         75,      41124       
# span 1 =      1.065,    215.405       
# span 2 =    -0.7122,     8.2144       
# span 3 =    -0.7188,     8.2083       
# span 4 =   2.692237,   3.281943       
# span 5 =   2.691682,   3.281521       
# span 6 =     1.9554,     2.7524       
# span 7 =     2.3521,     3.3835       
# span 8 =      7.994,      8.336       
# span 9 =     0.6664,     8.6770       
# span 10 =    -2.8130,   482.1870      
# span 11 = 1.0678e-01, 6.4486e+02      
# span 12 =    -0.1306,     0.5831      
# span 13 =    86.4358,   103.3193      
# span 14 =     6.5390,    10.3847      
# span 15 =     6.7882,    10.8479      
# span 16 =    31.1721,    34.5244      
# span 17 =    31.1850,    34.5249      
# span 18 =    24.2484,    27.4967      
# span 19 =    24.2496,    27.4972      
# span 20 =    6.73873,    8.31614      
# span 21 = 0.0000e+00, 0.0000e+00      
# interval = scans: 3                   
# start_time = Jul 25 2020 11:50:48 [System UTC, header]
# bad_flag = -9.990e-29
*END*
[from data line 1910]
       6083    185.506     3.0057     3.0020   3.134309   3.133943     1.9784     2.3789      7.996     0.7616   366.0397 1.0740e-01    -0.0831   102.0985     6.6025     6.8424    34.5016    34.5012    27.4867    27.4867    7.46993 0.0000e+00
       6086    185.616     3.0074     3.0021   3.134436   3.133955     1.9780     2.3785      7.996     0.7616    -2.8130 1.0727e-01    -0.0824   102.0804     6.6026     6.8460    34.5012    34.5011    27.4863    27.4866    7.46962 0.0000e+00
       6089    185.723     3.0077     3.0025   3.134450   3.134046     1.9780     2.3785      7.996     0.7510    -2.0629 1.0752e-01    -0.0824   102.0804     6.6026     6.8492    34.5011    34.5017    27.4861    27.4871    7.46958 0.0000e+00
       6092    185.831     3.0077     3.0030   3.134416   3.134069     1.9772     2.3781      7.996     0.7616    -0.9969 1.0715e-01    -0.0824   102.0804     6.5997     6.8499    34.5007    34.5014    27.4857    27.4868    7.46961 0.0000e+00
       6095    185.943     3.0079     3.0031   3.134458   3.134089     1.9776     2.3772      7.996     0.7722    -1.0364 1.0727e-01    -0.0824   102.0804     6.6029     6.8483    34.5009    34.5016    27.4859    27.4869    7.46956 0.0000e+00
       6098    186.053     3.0098     3.0033   3.134722   3.134126     1.9768     2.3772      7.996     0.7616    -1.0364 1.0740e-01    -0.0824   102.0804     6.6026     6.8477    34.5020    34.5017    27.4866    27.4870    7.46914 0.0000e+00
       6101    186.166     3.0109     3.0037   3.134846   3.134217     1.9768     2.3768      7.996     0.7616    -1.0364 1.0727e-01    -0.0824   102.0804     6.6048     6.8462    34.5022    34.5023    27.4867    27.4874    7.46892 0.0000e+00
       6104    186.278     3.0126     3.0060   3.135065   3.134585     1.9764     2.3756      7.996     0.7405    -1.0364 1.0740e-01    -0.0824   102.0804     6.6041     6.8425    34.5031    34.5043    27.4872    27.4888    7.46857 0.0000e+00
       6107    186.392     3.0140     3.0100   3.135254   3.134956     1.9764     2.3768      7.996     0.7299    -1.0364 1.0740e-01    -0.0820   102.0714     6.6053     6.8484    34.5038    34.5044    27.4877    27.4885    7.46827 0.0000e+00
       6110    186.513     3.0204     3.0117   3.136071   3.135207     1.9764     2.3772      7.996     0.7299     2.0824 1.0715e-01    -0.0802   102.0262     6.6051     6.8521    34.5069    34.5057    27.4896    27.4894    7.46692 0.0000e+00
       6113    186.633     3.0240     3.0163   3.136413   3.135730     1.9764     2.3760      7.996     0.7299     5.1223 1.0752e-01    -0.0806   102.0352     6.6038     6.8487    34.5071    34.5070    27.4894    27.4900    7.46623 0.0000e+00
       6116    186.755     3.0261     3.0191   3.136594   3.135976     1.9759     2.3752      7.994     0.7299     5.0038 1.0727e-01    -0.0802   102.0262     6.6006     6.8467    34.5070    34.5070    27.4892    27.4898    7.46585 0.0000e+00
       6119    186.878     3.0270     3.0210   3.136669   3.136150     1.9768     2.3756      7.996     0.7299     5.0038 1.0740e-01    -0.0806   102.0352     6.6024     6.8478    34.5069    34.5070    27.4890    27.4896    7.46568 0.0000e+00
       6122    187.006     3.0271     3.0223   3.136631   3.136301     1.9755     2.3744      7.996     0.7193     5.0038 1.0727e-01    -0.0802   102.0262     6.6000     6.8436    34.5063    34.5073    27.4885    27.4898    7.46570 0.0000e+00
       6125    187.135     3.0267     3.0227   3.136606   3.136335     1.9755     2.3744      7.996     0.7299     5.0038 1.0715e-01    -0.0806   102.0352     6.5997     6.8454    34.5062    34.5073    27.4885    27.4897    7.46576 0.0000e+00
       6128    187.264     3.0271     3.0230   3.136685   3.136337     1.9751     2.3744      7.994     0.7405     5.0038 1.0752e-01    -0.0802   102.0262     6.5963     6.8457    34.5068    34.5069    27.4889    27.4893    7.46567 0.0000e+00
       6131    187.395     3.0275     3.0230   3.136719   3.136332     1.9751     2.3748      7.996     0.7616     5.0038 1.0740e-01    -0.0802   102.0262     6.5960     6.8463    34.5067    34.5068    27.4888    27.4893    7.46560 0.0000e+00
       6134    187.528     3.0277     3.0225   3.136744   3.136299     1.9747     2.3748      7.996     0.7616     5.0038 1.0715e-01    -0.0802   102.0262     6.5949     6.8477    34.5067    34.5068    27.4887    27.4893    7.46556 0.0000e+00
       6137    187.657     3.0285     3.0222   3.137016   3.136287     1.9743     2.3740      7.996     0.7405     1.3323 1.0727e-01    -0.0802   102.0262     6.5927     6.8479    34.5090    34.5069    27.4905    27.4894    7.46529 0.0000e+00
       6140    187.786     3.0350     3.0232   3.137582   3.136440     1.9739     2.3736      7.996     0.7510     0.4637 1.0727e-01    -0.0802   102.0262     6.5907     6.8467    34.5090    34.5077    27.4899    27.4899    7.46409 0.0000e+00
       6143    187.915     3.0305     3.0265   3.136884   3.136996     1.9739     2.3732      7.994     0.7510     0.5032 1.0727e-01    -0.0802   102.0262     6.5925     6.8440    34.5052    34.5108    27.4873    27.4921    7.46512 0.0000e+00
       6146    188.041     3.0297     3.0272   3.137082   3.136808     1.9751     2.3736      7.996     0.7616     0.5032 1.0740e-01    -0.0802   102.0262     6.5989     6.8449    34.5084    34.5076    27.4899    27.4896    7.46511 0.0000e+00
       6149    188.164     3.0371     3.0305   3.138130   3.137605     1.9735     2.3736      7.996     0.7616     0.5032 1.0740e-01    -0.0781   101.9719     6.5900     6.8423    34.5132    34.5139    27.4931    27.4942    7.46348 0.0000e+00
       6152    188.288     3.0425     3.0394   3.138373   3.138526     1.9735     2.3732      7.996     0.7616     0.4637 1.0752e-01    -0.0774   101.9538     6.5890     6.8373    34.5103    34.5155    27.4902    27.4947    7.46261 0.0000e+00
       6155    188.408     3.0472     3.0466   3.139508   3.139338     1.9739     2.3728      7.996     0.7616     0.5032 1.0727e-01    -0.0770   101.9448     6.5904     6.8344    34.5190    34.5176    27.4967    27.4957    7.46130 0.0000e+00
       6158    188.519     3.0579     3.0539   3.140411   3.139933     1.9735     2.3724      7.994     0.7510     0.5032 1.0752e-01    -0.0777   101.9629     6.5857     6.8312    34.5185    34.5170    27.4954    27.4945    7.45932 0.0000e+00
       6161    188.629     3.0621     3.0561   3.140676   3.140150     1.9731     2.3728      7.996     0.7510     0.5032 1.0740e-01    -0.0770   101.9448     6.5830     6.8328    34.5172    34.5172    27.4940    27.4946    7.45861 0.0000e+00
       6164    188.734     3.0627     3.0615   3.140685   3.140843     1.9731     2.3720      7.996     0.7616     0.7006 1.0727e-01    -0.0770   101.9448     6.5825     6.8282    34.5166    34.5198    27.4934    27.4961    7.45853 0.0000e+00
       6167    188.835     3.0629     3.0647   3.140635   3.141003     1.9727     2.3720      7.996     0.7616     0.7401 1.0727e-01    -0.0770   101.9448     6.5782     6.8266    34.5157    34.5183    27.4927    27.4946    7.45853 0.0000e+00
       6170    188.930     3.0656     3.0645   3.141175   3.140977     1.9723     2.3711      7.996     0.7510     0.7401 1.0727e-01    -0.0760   101.9176     6.5750     6.8237    34.5193    34.5181    27.4953    27.4945    7.45784 0.0000e+00
       6173    189.023     3.0720     3.0672   3.141832   3.141518     1.9723     2.3715      7.996     0.7722     0.7401 1.0727e-01    -0.0760   101.9176     6.5764     6.8243    34.5205    34.5218    27.4957    27.4972    7.45660 0.0000e+00
       6176    189.112     3.0757     3.0714   3.142061   3.141751     1.9719     2.3711      7.996     0.7510     0.7401 1.0715e-01    -0.0760   101.9176     6.5739     6.8218    34.5192    34.5201    27.4943    27.4954    7.45596 0.0000e+00
       6179    189.192     3.0775     3.0701   3.142183   3.141439     1.9723     2.3711      7.996     0.7405     0.7401 1.0727e-01    -0.0760   101.9176     6.5765     6.8217    34.5188    34.5176    27.4938    27.4936    7.45566 0.0000e+00
       6182    189.269     3.0768     3.0700   3.141985   3.141408     1.9711     2.3699      7.996     0.7510     0.7401 1.0740e-01    -0.0760   101.9176     6.5732     6.8166    34.5170    34.5173    27.4925    27.4934    7.45586 0.0000e+00
       6185    189.343     3.0757     3.0697   3.141984   3.141412     1.9719     2.3707      7.996     0.7616     0.7401 1.0727e-01    -0.0760   101.9176     6.5790     6.8200    34.5181    34.5176    27.4935    27.4936    7.45602 0.0000e+00
       6188    189.411     3.0778     3.0700   3.142162   3.141554     1.9715     2.3699      7.996     0.7616     0.9375 1.0727e-01    -0.0756   101.9086     6.5759     6.8180    34.5180    34.5189    27.4932    27.4946    7.45563 0.0000e+00
       6191    189.477     3.0766     3.0714   3.141996   3.141673     1.9707     2.3699      7.996     0.7510     1.3323 1.0740e-01    -0.0738   101.8634     6.5737     6.8171    34.5172    34.5189    27.4927    27.4945    7.45589 0.0000e+00
       6194    189.538     3.0768     3.0723   3.142032   3.141783     1.9707     2.3703      7.996     0.7405     1.3323 1.0727e-01    -0.0738   101.8634     6.5745     6.8165    34.5175    34.5192    27.4928    27.4947    7.45585 0.0000e+00
       6197    189.601     3.0771     3.0730   3.142111   3.141782     1.9711     2.3687      7.996     0.7616     1.3323 1.0752e-01    -0.0738   101.8634     6.5781     6.8109    34.5180    34.5185    27.4933    27.4940    7.45576 0.0000e+00
       6200    189.661     3.0777     3.0719   3.142185   3.141731     1.9707     2.3687      7.996     0.7405     1.3323 1.0727e-01    -0.0738   101.8634     6.5760     6.8137    34.5183    34.5190    27.4934    27.4945    7.45564 0.0000e+00
       6203    189.723     3.0768     3.0727   3.142078   3.141793     1.9707     2.3687      7.994     0.7510     1.3323 1.0752e-01    -0.0738   101.8634     6.5768     6.8165    34.5179    34.5188    27.4932    27.4943    7.45583 0.0000e+00
       6206    189.782     3.0772     3.0730   3.142117   3.141869     1.9707     2.3679      7.996     0.7510     1.2928 1.0740e-01    -0.0738   101.8634     6.5769     6.8151    34.5179    34.5194    27.4932    27.4948    7.45576 0.0000e+00
       6209    189.837     3.0800     3.0760   3.142454   3.142248     1.9707     2.3687      7.996     0.7299     1.3323 1.0715e-01    -0.0721   101.8182     6.5778     6.8166    34.5190    34.5208    27.4938    27.4955    7.45517 0.0000e+00
       6212    189.895     3.0833     3.0825   3.142783   3.142793     1.9694     2.3679      7.996     0.7193     1.3323 1.0727e-01    -0.0707   101.7820     6.5719     6.8143    34.5195    34.5204    27.4938    27.4946    7.45454 0.0000e+00
       6215    189.949     3.0831     3.0820   3.142742   3.142602     1.9698     2.3671      7.996     0.7299   301.5704 1.0740e-01    -0.0707   101.7820     6.5721     6.8141    34.5191    34.5186    27.4936    27.4932    7.45458 0.0000e+00
       6218    190.003     3.0835     3.0810   3.142764   3.142634     1.9703     2.3671      7.996     0.7299   481.7527 1.0727e-01    -0.0710   101.7910     6.5723     6.8174    34.5190    34.5201    27.4934    27.4945    7.45453 0.0000e+00
       6221    190.056     3.0827     3.0826   3.142699   3.142831     1.9698     2.3675      7.996     0.7299   480.9632 1.0752e-01    -0.0710   101.7910     6.5696     6.8193    34.5190    34.5207    27.4935    27.4949    7.45467 0.0000e+00
       6224    190.108     3.0850     3.0829   3.143014   3.142844     1.9694     2.3683      7.996     0.7299   481.3579 1.0752e-01    -0.0707   101.7820     6.5673     6.8216    34.5203    34.5205    27.4943    27.4947    7.45417 0.0000e+00
       6227    190.161     3.0870     3.0829   3.143155   3.142870     1.9694     2.3675      7.996     0.7299   481.3579 1.0752e-01    -0.0707   101.7820     6.5678     6.8189    34.5199    34.5208    27.4938    27.4949    7.45383 0.0000e+00
       6230    190.210     3.0872     3.0828   3.143176   3.142855     1.9694     2.3671      7.996     0.7299   481.3579 1.0727e-01    -0.0724   101.8272     6.5684     6.8184    34.5199    34.5207    27.4938    27.4948    7.45378 0.0000e+00
       6233    190.258     3.0879     3.0827   3.143212   3.142856     1.9698     2.3667      7.996     0.7299   481.3579 1.0752e-01    -0.0735   101.8544     6.5717     6.8182    34.5196    34.5208    27.4935    27.4949    7.45368 0.0000e+00
       6236    190.306     3.0891     3.0837   3.143359   3.142990     1.9686     2.3667      7.996     0.7616   481.3579 1.0740e-01    -0.0735   101.8544     6.5659     6.8204    34.5201    34.5214    27.4938    27.4953    7.45343 0.0000e+00
       6239    190.352     3.0906     3.0835   3.143500   3.142926     1.9682     2.3675      7.994     0.7510   481.3579 1.0752e-01    -0.0735   101.8544     6.5617     6.8241    34.5202    34.5208    27.4937    27.4949    7.45315 0.0000e+00
       6242    190.398     3.0911     3.0830   3.143520   3.142873     1.9690     2.3667      7.996     0.7616   481.3579 1.0740e-01    -0.0728   101.8363     6.5657     6.8190    34.5198    34.5206    27.4934    27.4948    7.45306 0.0000e+00
       6245    190.444     3.0909     3.0850   3.143517   3.143064     1.9682     2.3659      7.994     0.7616   481.3579 1.0727e-01    -0.0735   101.8544     6.5627     6.8138    34.5200    34.5208    27.4936    27.4947    7.45310 0.0000e+00
       6248    190.490     3.0906     3.0861   3.143516   3.143195     1.9682     2.3659      7.996     0.7722   481.3579 1.0727e-01    -0.0731   101.8453     6.5611     6.8118    34.5202    34.5211    27.4937    27.4949    7.45313 0.0000e+00
       6251    190.537     3.0914     3.0875   3.143629   3.143354     1.9686     2.3659      7.994     0.7510   481.3579 1.0740e-01    -0.0724   101.8272     6.5630     6.8121    34.5208    34.5215    27.4942    27.4951    7.45297 0.0000e+00
       6254    190.584     3.0929     3.0883   3.143765   3.143432     1.9682     2.3667      7.996     0.7616   481.3579 1.0740e-01    -0.0728   101.8363     6.5630     6.8164    34.5207    34.5216    27.4940    27.4950    7.45267 0.0000e+00
       6257    190.632     3.0939     3.0877   3.143841   3.143392     1.9682     2.3663      7.996     0.7616   481.3184 1.0727e-01    -0.0728   101.8363     6.5633     6.8138    34.5205    34.5218    27.4937    27.4952    7.45250 0.0000e+00
       6260    190.681     3.0932     3.0884   3.143809   3.143470     1.9678     2.3663      7.994     0.7510   481.3579 1.0752e-01    -0.0728   101.8363     6.5623     6.8125    34.5209    34.5219    27.4941    27.4953    7.45261 0.0000e+00
       6263    190.732     3.0921     3.0889   3.143683   3.143490     1.9674     2.3663      7.996     0.7299   481.3579 1.0715e-01    -0.0728   101.8363     6.5574     6.8122    34.5205    34.5216    27.4938    27.4950    7.45284 0.0000e+00
       6266    190.786     3.0912     3.0891   3.143588   3.143503     1.9678     2.3654      7.996     0.7299   393.5171 1.0727e-01    -0.0728   101.8363     6.5581     6.8098    34.5203    34.5215    27.4937    27.4949    7.45302 0.0000e+00
       6269    190.845     3.0908     3.0887   3.143607   3.143447     1.9666     2.3650      7.996     0.7193     4.2932 1.0740e-01    -0.0721   101.8182     6.5557     6.8068    34.5210    34.5213    27.4943    27.4948    7.45306 0.0000e+00
       6272    190.906     3.0918     3.0869   3.143688   3.143260     1.9670     2.3642      7.996     0.7299     4.2143 1.0740e-01    -0.0717   101.8091     6.5609     6.8029    34.5209    34.5208    27.4942    27.4946    7.45288 0.0000e+00
       6275    190.974     3.0913     3.0847   3.143602   3.143040     1.9674     2.3650      7.996     0.7299     4.9249 1.0715e-01    -0.0714   101.8001     6.5634     6.8057    34.5202    34.5205    27.4937    27.4945    7.45300 0.0000e+00
