Datasets/AZMP/TEL210/tel210_2020_091.cnv
* Sea-Bird SBE 9 Data File:
* FileName = C:\CTDDATA\tel210_2020_091.hex
* Software Version Seasave V 7.26.7.110
* Temperature SN = 1697
* Conductivity SN = 4216
* Number of Bytes Per Scan = 30
* Number of Voltage Words = 4
* Number of Scans Averaged by the Deck Unit = 1
* NMEA baud rate = 4800
** VESSEL/TRIP/SEQ STN:  tel210_2020_091
** LATITUDE XX XX.XX: 54 21.30 N
** LONGITUDE XX XX.XX: 53 44.00 W
** SOUNDING DEPTH (M): 0235
** PROBE TYPE: S1146
** CTD NUMBER: 061
** COMMENTS (14 CHAR): SI-10
** BOTTLES:  10
** LEVELS: 5,10,20,30,40,50,75,100,150,BTM
** STICKERS: 436180 - 436189
** VNET: Y
** DO2: N
# nquan = 22
# nvalues = 5707                        
# units = specified
# name 0 = scan: Scan Count
# name 1 = prDM: Pressure, Digiquartz [db]
# name 2 = t090C: Temperature [ITS-90, deg C]
# name 3 = t190C: Temperature, 2 [ITS-90, deg C]
# name 4 = c0S/m: Conductivity [S/m]
# name 5 = c1S/m: Conductivity, 2 [S/m]
# name 6 = sbeox0V: Oxygen raw, SBE 43 [V]
# name 7 = sbeox1V: Oxygen raw, SBE 43, 2 [V]
# name 8 = ph: pH
# name 9 = flECO-AFL: Fluorescence, WET Labs ECO-AFL/FL [mg/m^3]
# name 10 = wetCDOM: Fluorescence, WET Labs CDOM [mg/m^3]
# name 11 = par/sat/log: PAR/Logarithmic, Satlantic [umol photons/m^2/sec]
# name 12 = CStarAt0: Beam Attenuation, WET Labs C-Star [1/m]
# name 13 = CStarTr0: Beam Transmission, WET Labs C-Star [%]
# name 14 = sbeox0ML/L: Oxygen, SBE 43 [ml/l], WS = 2
# name 15 = sbeox1ML/L: Oxygen, SBE 43, 2 [ml/l], WS = 2
# name 16 = sal00: Salinity, Practical [PSU]
# name 17 = sal11: Salinity, Practical, 2 [PSU]
# name 18 = sigma-t00: Density [sigma-t, kg/m^3 ]
# name 19 = sigma-t11: Density, 2 [sigma-t, kg/m^3 ]
# name 20 = oxsatML/L: Oxygen Saturation, Weiss [ml/l]
# name 21 = flag: flag
# span 0 =          2,      46548       
# span 1 =      2.239,    234.777       
# span 2 =    -0.6582,     8.5317       
# span 3 =    -0.6663,     8.5243       
# span 4 =   2.690610,   3.324514       
# span 5 =   2.690154,   3.323940       
# span 6 =     1.9567,     2.5139       
# span 7 =     2.3552,     3.0758       
# span 8 =      8.000,      8.254       
# span 9 =     0.6664,     2.6558       
# span 10 =    -2.8130,   482.1870      
# span 11 = 1.0715e-01, 3.0622e+02      
# span 12 =    -0.1152,     0.0748      
# span 13 =    98.1467,   102.9214      
# span 14 =     6.5456,     9.5830      
# span 15 =     6.7929,    10.1591      
# span 16 =    31.3200,    34.5300      
# span 17 =    31.3105,    34.5306      
# span 18 =    24.3168,    27.4917      
# span 19 =    24.3108,    27.4925      
# span 20 =    6.68298,    8.30387      
# span 21 = 0.0000e+00, 0.0000e+00      
# interval = scans: 3                   
# start_time = Jul 25 2020 13:58:50 [System UTC, header]
# bad_flag = -9.990e-29
*END*
[from data line 2305]
       7596    211.675     3.1852     3.1812   3.153176   3.152863     1.9663     2.3655      8.005     0.7616     3.2273 1.0740e-01    -0.0887   102.2432     6.5697     6.8238    34.5249    34.5254    27.4886    27.4894    7.43529 0.0000e+00
       7599    211.712     3.1857     3.1812   3.153194   3.152879     1.9663     2.3651      8.005     0.7405     3.2273 1.0727e-01    -0.0873   102.2070     6.5708     6.8199    34.5246    34.5255    27.4883    27.4896    7.43521 0.0000e+00
       7602    211.744     3.1857     3.1808   3.153224   3.152803     1.9663     2.3651      8.005     0.7299     3.2273 1.0752e-01    -0.0866   102.1889     6.5692     6.8199    34.5250    34.5250    27.4887    27.4891    7.43520 0.0000e+00
       7605    211.768     3.1859     3.1806   3.153224   3.152815     1.9663     2.3651      8.005     0.7299     2.3193 1.0740e-01    -0.0866   102.1889     6.5683     6.8187    34.5247    34.5254    27.4885    27.4895    7.43518 0.0000e+00
       7627    211.881     3.1859     3.1808   3.153247   3.152838     1.9659     2.3647      8.005     0.7616     0.9770 1.0740e-01    -0.0887   102.2432     6.5669     6.8154    34.5249    34.5254    27.4886    27.4894    7.43517 0.0000e+00
       7630    211.903     3.1857     3.1809   3.153221   3.152863     1.9650     2.3639      8.003     0.7616     1.0954 1.0740e-01    -0.0887   102.2432     6.5637     6.8136    34.5247    34.5256    27.4885    27.4896    7.43520 0.0000e+00
       7633    211.934     3.1854     3.1807   3.153215   3.152833     1.9655     2.3639      8.005     0.7616     2.8720 1.0740e-01    -0.0887   102.2432     6.5664     6.8156    34.5250    34.5254    27.4888    27.4895    7.43524 0.0000e+00
       7636    211.969     3.1856     3.1808   3.153203   3.152859     1.9646     2.3639      8.005     0.7722     2.9904 1.0740e-01    -0.0887   102.2432     6.5611     6.8168    34.5247    34.5255    27.4885    27.4896    7.43524 0.0000e+00
       7639    212.013     3.1858     3.1809   3.153233   3.152847     1.9650     2.3639      8.005     0.7722     2.9904 1.0740e-01    -0.0884   102.2342     6.5648     6.8178    34.5247    34.5253    27.4885    27.4894    7.43519 0.0000e+00
       7642    212.063     3.1860     3.1809   3.153274   3.152862     1.9650     2.3639      8.005     0.7722     2.9904 1.0740e-01    -0.0880   102.2251     6.5629     6.8176    34.5250    34.5255    27.4887    27.4895    7.43514 0.0000e+00
       7645    212.121     3.1858     3.1810   3.153245   3.152883     1.9655     2.3639      8.005     0.7722     2.9904 1.0740e-01    -0.0880   102.2251     6.5644     6.8197    34.5249    34.5256    27.4886    27.4897    7.43519 0.0000e+00
       7648    212.184     3.1858     3.1813   3.153243   3.152940     1.9663     2.3639      8.005     0.7510     2.9904 1.0740e-01    -0.0887   102.2432     6.5711     6.8201    34.5248    34.5260    27.4885    27.4899    7.43518 0.0000e+00
       7651    212.253     3.1854     3.1814   3.153217   3.152918     1.9650     2.3639      8.005     0.7087     2.9904 1.0740e-01    -0.0887   102.2432     6.5678     6.8220    34.5248    34.5255    27.4886    27.4896    7.43525 0.0000e+00
       7654    212.330     3.1851     3.1812   3.153171   3.152898     1.9650     2.3643      8.005     0.6876     2.9904 1.0727e-01    -0.0884   102.2342     6.5684     6.8258    34.5246    34.5255    27.4884    27.4895    7.43533 0.0000e+00
       7657    212.416     3.1857     3.1811   3.153237   3.152908     1.9650     2.3643      8.003     0.7087     2.6746 1.0740e-01    -0.0884   102.2342     6.5678     6.8277    34.5247    34.5256    27.4885    27.4896    7.43522 0.0000e+00
       7660    212.512     3.1858     3.1812   3.153296   3.152910     1.9655     2.3639      8.002     0.6875     1.7665 1.0752e-01    -0.0877   102.2161     6.5699     6.8257    34.5252    34.5255    27.4889    27.4895    7.43516 0.0000e+00
       7663    212.613     3.1861     3.1814   3.153306   3.152927     1.9659     2.3639      8.005     0.6875     1.8060 1.0727e-01    -0.0877   102.2161     6.5695     6.8258    34.5250    34.5254    27.4887    27.4895    7.43513 0.0000e+00
       7666    212.719     3.1860     3.1816   3.153305   3.152969     1.9646     2.3643      8.005     0.6981     1.8060 1.0752e-01    -0.0877   102.2161     6.5639     6.8271    34.5250    34.5256    27.4887    27.4896    7.43513 0.0000e+00
       7669    212.828     3.1859     3.1815   3.153276   3.152939     1.9650     2.3639      8.005     0.6875     1.8060 1.0727e-01    -0.0877   102.2161     6.5640     6.8246    34.5247    34.5254    27.4885    27.4894    7.43517 0.0000e+00
       7672    212.937     3.1857     3.1811   3.153259   3.152905     1.9655     2.3639      8.005     0.6981     1.8060 1.0727e-01    -0.0880   102.2251     6.5664     6.8237    34.5247    34.5253    27.4885    27.4894    7.43521 0.0000e+00
       7675    213.051     3.1857     3.1808   3.153254   3.152902     1.9650     2.3639      8.005     0.7087     1.8060 1.0752e-01    -0.0877   102.2161     6.5666     6.8227    34.5246    34.5256    27.4884    27.4896    7.43522 0.0000e+00
       7678    213.162     3.1854     3.1809   3.153250   3.152902     1.9650     2.3651      8.005     0.7616     1.8060 1.0727e-01    -0.0877   102.2161     6.5676     6.8260    34.5247    34.5254    27.4885    27.4894    7.43526 0.0000e+00
       7681    213.265     3.1853     3.1808   3.153248   3.152894     1.9655     2.3647      8.005     0.7722     1.8060 1.0740e-01    -0.0891   102.2522     6.5703     6.8248    34.5248    34.5253    27.4886    27.4894    7.43528 0.0000e+00
       7684    213.353     3.1852     3.1805   3.153242   3.152870     1.9650     2.3639      8.005     0.7616     1.0954 1.0727e-01    -0.0898   102.2703     6.5682     6.8240    34.5248    34.5253    27.4886    27.4894    7.43530 0.0000e+00
       7687    213.417     3.1850     3.1803   3.153227   3.152879     1.9650     2.3647      8.005     0.7405     0.4243 1.0715e-01    -0.0898   102.2703     6.5701     6.8260    34.5247    34.5256    27.4885    27.4897    7.43533 0.0000e+00
       7754    213.460     3.1849     3.1799   3.153182   3.152826     1.9650     2.3631      8.005     0.7510     2.5561 1.0740e-01    -0.0884   102.2342     6.5677     6.8142    34.5243    34.5253    27.4882    27.4895    7.43537 0.0000e+00
       7789    213.564     3.1844     3.1800   3.153158   3.152805     1.9655     2.3639      8.005     0.7299     0.2269 1.0740e-01    -0.0877   102.2161     6.5668     6.8138    34.5245    34.5249    27.4884    27.4892    7.43546 0.0000e+00
       7792    213.689     3.1845     3.1801   3.153157   3.152810     1.9646     2.3631      8.005     0.7299    -1.5102 1.0740e-01    -0.0873   102.2070     6.5631     6.8118    34.5243    34.5248    27.4883    27.4891    7.43545 0.0000e+00
       7795    213.824     3.1845     3.1798   3.153171   3.152819     1.9650     2.3631      8.005     0.7405    -1.4313 1.0752e-01    -0.0873   102.2070     6.5667     6.8133    34.5244    34.5251    27.4884    27.4894    7.43545 0.0000e+00
       7798    213.964     3.1843     3.1798   3.153197   3.152830     1.9650     2.3639      8.005     0.7299    -1.3918 1.0740e-01    -0.0877   102.2161     6.5680     6.8178    34.5248    34.5252    27.4887    27.4894    7.43546 0.0000e+00
       7801    214.105     3.1846     3.1798   3.153217   3.152828     1.9646     2.3627      8.005     0.7299    -1.4707 1.0740e-01    -0.0873   102.2070     6.5628     6.8154    34.5247    34.5251    27.4886    27.4893    7.43542 0.0000e+00
       7804    214.239     3.1847     3.1800   3.153219   3.152836     1.9646     2.3627      8.005     0.7299    -1.3918 1.0740e-01    -0.0887   102.2432     6.5611     6.8175    34.5246    34.5250    27.4885    27.4892    7.43541 0.0000e+00
       7807    214.365     3.1847     3.1801   3.153224   3.152876     1.9646     2.3627      8.005     0.7405    -1.4707 1.0752e-01    -0.0887   102.2432     6.5645     6.8177    34.5246    34.5253    27.4885    27.4894    7.43541 0.0000e+00
       7810    214.481     3.1847     3.1801   3.153246   3.152894     1.9655     2.3623      8.005     0.7616    -1.4313 1.0740e-01    -0.0887   102.2432     6.5677     6.8141    34.5248    34.5254    27.4887    27.4896    7.43540 0.0000e+00
       7813    214.591     3.1848     3.1798   3.153250   3.152839     1.9646     2.3631      8.005     0.7405    -1.3918 1.0752e-01    -0.0887   102.2432     6.5658     6.8149    34.5247    34.5249    27.4885    27.4892    7.43539 0.0000e+00
       7816    214.691     3.1848     3.1793   3.153248   3.152812     1.9646     2.3627      8.005     0.7616    -0.2468 1.0740e-01    -0.0887   102.2432     6.5695     6.8143    34.5246    34.5251    27.4884    27.4894    7.43539 0.0000e+00
       7819    214.779     3.1847     3.1800   3.153245   3.152896     1.9655     2.3635      8.005     0.7616    -0.0889 1.0727e-01    -0.0887   102.2432     6.5750     6.8148    34.5246    34.5254    27.4884    27.4896    7.43540 0.0000e+00
       7822    214.858     3.1849     3.1801   3.153261   3.152917     1.9646     2.3627      8.005     0.7722    -0.0889 1.0740e-01    -0.0884   102.2342     6.5704     6.8129    34.5245    34.5254    27.4884    27.4896    7.43537 0.0000e+00
       7825    214.927     3.1847     3.1800   3.153270   3.152896     1.9638     2.3635      8.005     0.7616    -0.1679 1.0740e-01    -0.0887   102.2432     6.5664     6.8180    34.5248    34.5252    27.4887    27.4894    7.43540 0.0000e+00
       7828    214.987     3.1846     3.1801   3.153291   3.152912     1.9642     2.3627      8.005     0.7510    -0.0889 1.0715e-01    -0.0887   102.2432     6.5673     6.8163    34.5251    34.5253    27.4889    27.4895    7.43540 0.0000e+00
       7831    215.039     3.1846     3.1802   3.153280   3.152915     1.9650     2.3623      8.005     0.7510    -0.1679 1.0752e-01    -0.0884   102.2342     6.5709     6.8141    34.5250    34.5252    27.4888    27.4894    7.43541 0.0000e+00
       7834    215.081     3.1847     3.1802   3.153266   3.152927     1.9646     2.3623      8.005     0.7087    -0.0889 1.0727e-01    -0.0887   102.2432     6.5707     6.8160    34.5246    34.5253    27.4885    27.4894    7.43539 0.0000e+00
       7837    215.113     3.1849     3.1802   3.153260   3.152896     1.9650     2.3619      8.005     0.6981    -0.0889 1.0740e-01    -0.0884   102.2342     6.5739     6.8144    34.5244    34.5249    27.4883    27.4892    7.43538 0.0000e+00
       7864    215.198     3.1848     3.1798   3.153282   3.152891     1.9650     2.3627      8.005     0.7087    -0.6416 1.0740e-01    -0.0887   102.2432     6.5696     6.8179    34.5247    34.5253    27.4886    27.4895    7.43538 0.0000e+00
       7879    215.261     3.1848     3.1798   3.153271   3.152875     1.9646     2.3623      8.005     0.7299    -0.9180 1.0740e-01    -0.0891   102.2522     6.5674     6.8145    34.5246    34.5250    27.4884    27.4892    7.43539 0.0000e+00
       7882    215.295     3.1848     3.1799   3.153253   3.152924     1.9630     2.3627      8.005     0.7299    -0.9180 1.0727e-01    -0.0887   102.2432     6.5630     6.8164    34.5243    34.5255    27.4882    27.4897    7.43540 0.0000e+00
       7885    215.334     3.1846     3.1803   3.153239   3.152924     1.9634     2.3623      8.005     0.7299    -0.9180 1.0740e-01    -0.0887   102.2432     6.5673     6.8157    34.5243    34.5251    27.4883    27.4893    7.43544 0.0000e+00
       7888    215.381     3.1846     3.1802   3.153253   3.152899     1.9647     2.3627      8.005     0.7616    -0.9180 1.0752e-01    -0.0887   102.2432     6.5742     6.8182    34.5244    34.5249    27.4884    27.4891    7.43543 0.0000e+00
       7891    215.436     3.1843     3.1800   3.153274   3.152909     1.9643     2.3627      8.005     0.7510    -0.9180 1.0740e-01    -0.0887   102.2432     6.5731     6.8173    34.5249    34.5252    27.4888    27.4894    7.43545 0.0000e+00
       7894    215.499     3.1848     3.1802   3.153330   3.152931     1.9638     2.3623      8.005     0.7510    -0.8785 1.0740e-01    -0.0898   102.2703     6.5698     6.8130    34.5251    34.5251    27.4889    27.4894    7.43536 0.0000e+00
       7897    215.567     3.1848     3.1805   3.153332   3.152996     1.9651     2.3623      8.005     0.7722    -0.8391 1.0752e-01    -0.0891   102.2522     6.5727     6.8132    34.5251    34.5256    27.4889    27.4896    7.43536 0.0000e+00
       7900    215.645     3.1853     3.1812   3.153363   3.153065     1.9651     2.3615      8.005     0.7616    -0.8391 1.0740e-01    -0.0891   102.2522     6.5735     6.8116    34.5248    34.5257    27.4886    27.4897    7.43527 0.0000e+00
       7903    215.730     3.1859     3.1816   3.153471   3.153083     1.9647     2.3615      8.005     0.7616    -0.7996 1.0727e-01    -0.0887   102.2432     6.5740     6.8109    34.5255    34.5253    27.4891    27.4894    7.43514 0.0000e+00
       7906    215.821     3.1866     3.1814   3.153523   3.153055     1.9643     2.3627      8.005     0.7616    -0.8785 1.0740e-01    -0.0887   102.2432     6.5719     6.8147    34.5253    34.5252    27.4889    27.4893    7.43501 0.0000e+00
       7909    215.924     3.1863     3.1815   3.153454   3.153101     1.9647     2.3615      8.005     0.7616    -0.8391 1.0752e-01    -0.0887   102.2432     6.5697     6.8112    34.5248    34.5256    27.4885    27.4895    7.43509 0.0000e+00
       7912    216.032     3.1863     3.1815   3.153477   3.153124     1.9643     2.3627      8.005     0.7510    -0.7996 1.0740e-01    -0.0887   102.2432     6.5633     6.8172    34.5249    34.5258    27.4886    27.4898    7.43508 0.0000e+00
       7915    216.142     3.1861     3.1812   3.153482   3.153108     1.9643     2.3619      8.005     0.7299    -0.8785 1.0740e-01    -0.0884   102.2342     6.5627     6.8160    34.5252    34.5259    27.4888    27.4898    7.43511 0.0000e+00
       7918    216.252     3.1863     3.1813   3.153502   3.153102     1.9647     2.3615      8.005     0.7299    -0.7601 1.0752e-01    -0.0887   102.2432     6.5638     6.8159    34.5252    34.5256    27.4888    27.4896    7.43507 0.0000e+00
       7921    216.365     3.1863     3.1814   3.153492   3.153117     1.9638     2.3623      8.005     0.7299     0.1084 1.0752e-01    -0.0884   102.2342     6.5594     6.8211    34.5250    34.5256    27.4886    27.4896    7.43508 0.0000e+00
       7924    216.470     3.1865     3.1816   3.153479   3.153160     1.9643     2.3619      8.005     0.7299     0.1084 1.0752e-01    -0.0887   102.2432     6.5640     6.8189    34.5246    34.5259    27.4883    27.4898    7.43508 0.0000e+00
       7927    216.562     3.1860     3.1813   3.153499   3.153123     1.9647     2.3615      8.005     0.7299     0.1084 1.0752e-01    -0.0887   102.2432     6.5668     6.8155    34.5253    34.5258    27.4889    27.4897    7.43512 0.0000e+00
       7930    216.630     3.1860     3.1812   3.153501   3.153080     1.9647     2.3615      8.005     0.7405     0.1084 1.0740e-01    -0.0887   102.2432     6.5682     6.8145    34.5253    34.5253    27.4889    27.4893    7.43512 0.0000e+00
       8061    216.672     3.1881     3.1838   3.153723   3.153394     1.9634     2.3627      8.005     0.7510    -1.3523 1.0727e-01    -0.0887   102.2432     6.5610     6.8207    34.5257    34.5263    27.4890    27.4900    7.43471 0.0000e+00
       8064    216.718     3.1882     3.1836   3.153748   3.153408     1.9643     2.3627      8.005     0.7722    -1.3523 1.0740e-01    -0.0884   102.2342     6.5649     6.8211    34.5259    34.5267    27.4892    27.4903    7.43468 0.0000e+00
       8067    216.756     3.1885     3.1837   3.153768   3.153398     1.9638     2.3623      8.005     0.7616    -1.3523 1.0752e-01    -0.0891   102.2522     6.5637     6.8184    34.5258    34.5264    27.4891    27.4900    7.43463 0.0000e+00
