Datasets/AZMP/TEL210/tel210_2020_006.cnv
* Sea-Bird SBE 9 Data File:
* FileName = C:\CTDDATA\tel210_2020_006.hex
* Software Version Seasave V 7.26.7.110
* Temperature SN = 1697
* Conductivity SN = 4216
* Number of Bytes Per Scan = 30
* Number of Voltage Words = 4
* Number of Scans Averaged by the Deck Unit = 1
* NMEA baud rate = 4800
** VESSEL/TRIP/SEQ STN:  tel210_2020_006
** LATITUDE XX XX.XX: 47 00.00 N
** LONGITUDE XX XX.XX: 052 19.30 W
** SOUNDING DEPTH (M): 0125
** PROBE TYPE: S1146
** CTD NUMBER: 005
** COMMENTS (14 CHAR): FC-04
** BOTTLES:  9
** LEVELS: 5,10,20,30,40,50,75,100,BTM
** STICKERS: 435771 - 435779
** VNET: Y
** DO2: N
# nquan = 22
# nvalues = 2887                        
# units = specified
# name 0 = scan: Scan Count
# name 1 = prDM: Pressure, Digiquartz [db]
# name 2 = t090C: Temperature [ITS-90, deg C]
# name 3 = t190C: Temperature, 2 [ITS-90, deg C]
# name 4 = c0S/m: Conductivity [S/m]
# name 5 = c1S/m: Conductivity, 2 [S/m]
# name 6 = sbeox0V: Oxygen raw, SBE 43 [V]
# name 7 = sbeox1V: Oxygen raw, SBE 43, 2 [V]
# name 8 = ph: pH
# name 9 = flECO-AFL: Fluorescence, WET Labs ECO-AFL/FL [mg/m^3]
# name 10 = wetCDOM: Fluorescence, WET Labs CDOM [mg/m^3]
# name 11 = par/sat/log: PAR/Logarithmic, Satlantic [umol photons/m^2/sec]
# name 12 = CStarAt0: Beam Attenuation, WET Labs C-Star [1/m]
# name 13 = CStarTr0: Beam Transmission, WET Labs C-Star [%]
# name 14 = sbeox0ML/L: Oxygen, SBE 43 [ml/l], WS = 2
# name 15 = sbeox1ML/L: Oxygen, SBE 43, 2 [ml/l], WS = 2
# name 16 = sal00: Salinity, Practical [PSU]
# name 17 = sal11: Salinity, Practical, 2 [PSU]
# name 18 = sigma-t00: Density [sigma-t, kg/m^3 ]
# name 19 = sigma-t11: Density, 2 [sigma-t, kg/m^3 ]
# name 20 = oxsatML/L: Oxygen Saturation, Weiss [ml/l]
# name 21 = flag: flag
# span 0 =         13,      30259       
# span 1 =      1.021,    121.678       
# span 2 =    -1.5632,    11.8843       
# span 3 =    -1.5685,    11.8809       
# span 4 =   2.609729,   3.669168       
# span 5 =   2.609268,   3.668615       
# span 6 =     1.8196,     2.3630       
# span 7 =     2.2103,     2.8796       
# span 8 =      7.771,      8.131       
# span 9 =    -0.6019,     0.5275       
# span 10 =    -2.8130,   482.1870      
# span 11 = 1.0715e-01, 1.0036e+02      
# span 12 =    -0.1658,     0.0051      
# span 13 =    99.8739,   104.2327      
# span 14 =     6.0494,     8.2549      
# span 15 =     6.1276,     8.7976      
# span 16 =    31.8253,    33.0546      
# span 17 =    31.8118,    33.0173      
# span 18 =    24.1671,    26.5578      
# span 19 =    24.1939,    26.5309      
# span 20 =    6.18553,    8.52416      
# span 21 = 0.0000e+00, 0.0000e+00      
# interval = scans: 3                   
# start_time = Jul 15 2020 10:00:58 [System UTC, header]
# bad_flag = -9.990e-29
*END*
[from data line 2437]
      20781     30.967     3.5406     3.5820   2.998445   3.000219     2.3097     2.8295      8.066    -0.3069     2.4772 5.4914e+00    -0.1348   103.4279     7.9011     8.2682    32.3927    32.3726    25.7561    25.7363    7.47515 0.0000e+00
      20784     30.852     3.5848     3.6106   2.999888   3.001790     2.3089     2.8295      8.063    -0.2967    -2.1024 5.5425e+00    -0.1320   103.3555     7.8851     8.2652    32.3659    32.3629    25.7307    25.7260    7.46825 0.0000e+00
      20787     30.740     3.6214     3.6816   3.003683   3.008674     2.3080     2.8283      8.064    -0.3171    -1.8655 5.5746e+00    -0.1320   103.3555     7.8688     8.2500    32.3748    32.3743    25.7344    25.7284    7.46102 0.0000e+00
      20790     30.628     3.6686     3.7188   3.006117   3.009782     2.3072     2.8263      8.065    -0.3374    -1.8655 5.6199e+00    -0.1320   103.3555     7.8517     8.2419    32.3569    32.3506    25.7158    25.7061    7.45315 0.0000e+00
      20793     30.520     3.6537     3.7015   3.004278   3.008331     2.3068     2.8259      8.064    -0.3272    -1.8655 5.6656e+00    -0.1320   103.3555     7.8558     8.2506    32.3499    32.3506    25.7116    25.7076    7.45626 0.0000e+00
      20796     30.414     3.6420     3.7227   3.003506   3.011351     2.3056     2.8259      8.064    -0.3272    -1.8655 5.7182e+00    -0.1320   103.3555     7.8588     8.2528    32.3523    32.3655    25.7146    25.7175    7.45831 0.0000e+00
      20799     30.311     3.6389     3.7560   3.003468   3.012937     2.3064     2.8246      8.064    -0.3374    -1.8655 5.7781e+00    -0.1320   103.3555     7.8721     8.2501    32.3550    32.3513    25.7170    25.7031    7.45874 0.0000e+00
      20802     30.214     3.6353     3.7721   3.003635   3.014818     2.3064     2.8242      8.064    -0.3272    -1.8655 5.8048e+00    -0.1303   103.3103     7.8832     8.2560    32.3606    32.3577    25.7219    25.7067    7.45914 0.0000e+00
      20805     30.122     3.6402     3.8019   3.005786   3.016183     2.3052     2.8246      8.065    -0.3272    -1.8655 5.8317e+00    -0.1257   103.1927     7.8876     8.2618    32.3814    32.3444    25.7380    25.6932    7.45720 0.0000e+00
      20808     30.035     3.6806     3.7530   3.008103   3.011973     2.3056     2.8246      8.062    -0.3272   386.7267 5.8723e+00    -0.1257   103.1927     7.8942     8.2837    32.3689    32.3430    25.7242    25.6968    7.45034 0.0000e+00
      20811     29.959     3.7020     3.6978   3.008818   3.007847     2.3048     2.8250      8.065    -0.3171   481.8317 5.9132e+00    -0.1257   103.1927     7.8993     8.3113    32.3561    32.3489    25.7120    25.7066    7.44701 0.0000e+00
      20814     29.890     3.7164     3.6721   3.010457   3.005676     2.3044     2.8246      8.060    -0.2662   480.7263 5.9406e+00    -0.1257   103.1927     7.9052     8.3277    32.3614    32.3485    25.7148    25.7088    7.44408 0.0000e+00
      20817     29.828     3.7645     3.6415   3.015352   3.002967     2.3056     2.8246      8.060    -0.2255   480.9631 5.9612e+00    -0.1261   103.2018     7.9084     8.3449    32.3717    32.3468    25.7185    25.7102    7.43468 0.0000e+00
      20820     29.775     3.8490     3.5492   3.019466   2.996577     2.3064     2.8246      8.065    -0.2458   481.0026 5.9681e+00    -0.1257   103.1927     7.9007     8.3733    32.3368    32.3624    25.6827    25.7312    7.42085 0.0000e+00
      20823     29.733     3.8491     3.5446   3.018589   2.996354     2.3068     2.8250      8.065    -0.2356   480.9631 6.0028e+00    -0.1092   102.7677     7.9063     8.3835    32.3264    32.3643    25.6744    25.7332    7.42135 0.0000e+00
      22333     29.701     4.0184     3.9385   3.033579   3.028192     2.3121     2.8328      8.072    -0.0118   481.7922 6.1944e+00    -0.0891   102.2523     7.8978     8.3214    32.3359    32.3512    25.6654    25.6850    7.38996 0.0000e+00
      23090     29.644     4.1383     4.1375   3.045523   3.044265     2.3145     2.8368      8.075     0.1713   481.1211 6.3233e+00    -0.0866   102.1889     7.8826     8.2895    32.3584    32.3444    25.6716    25.6606    7.36695 0.0000e+00
      23093     29.578     4.1795     4.1619   3.049143   3.046535     2.3154     2.8372      8.076     0.1917   480.9631 6.3379e+00    -0.0866   102.1889     7.8788     8.2870    32.3603    32.3470    25.6690    25.6602    7.35938 0.0000e+00
      23096     29.507     4.2201     4.2107   3.052213   3.051204     2.3166     2.8381      8.077     0.2018   480.9631 6.3673e+00    -0.0866   102.1889     7.8760     8.2783    32.3563    32.3538    25.6618    25.6607    7.35222 0.0000e+00
      23099     29.428     4.2480     4.2446   3.053936   3.053597     2.3166     2.8381      8.076     0.1815   481.0026 6.4042e+00    -0.0870   102.1980     7.8692     8.2677    32.3492    32.3485    25.6533    25.6531    7.34753 0.0000e+00
      23102     29.342     4.2811     4.2810   3.057195   3.056473     2.3174     2.8393      8.074     0.1917   481.0026 6.4488e+00    -0.0866   102.1889     7.8598     8.2567    32.3548    32.3464    25.6544    25.6478    7.34128 0.0000e+00
      23105     29.255     4.3152     4.3092   3.059469   3.058887     2.3190     2.8393      8.074     0.1815   481.0026 6.4862e+00    -0.0866   102.1889     7.8542     8.2420    32.3479    32.3470    25.6455    25.6454    7.33547 0.0000e+00
      23108     29.167     4.3392     4.3474   3.061380   3.062141     2.3178     2.8401      8.075     0.1713   481.0026 6.5464e+00    -0.0845   102.1347     7.8344     8.2276    32.3466    32.3475    25.6421    25.6419    7.33120 0.0000e+00
      23111     29.073     4.3517     4.3751   3.061772   3.064097     2.3186     2.8417      8.074     0.1917   200.3461 6.5997e+00    -0.0845   102.1347     7.8275     8.2193    32.3390    32.3432    25.6347    25.6357    7.32932 0.0000e+00
      23114     28.981     4.3417     4.3856   3.060981   3.064645     2.3178     2.8417      8.074     0.1815    -2.3787 6.6533e+00    -0.0845   102.1347     7.8179     8.2069    32.3396    32.3394    25.6363    25.6316    7.33110 0.0000e+00
      23117     28.886     4.3478     4.3801   3.061057   3.063914     2.3186     2.8409      8.074     0.1205     1.4902 6.7074e+00    -0.0845   102.1347     7.8118     8.1960    32.3346    32.3363    25.6316    25.6297    7.33024 0.0000e+00
      23120     28.790     4.2695     4.3562   3.053844   3.061414     2.3194     2.8413      8.073     0.1307     1.4507 6.7462e+00    -0.0845   102.1347     7.8232     8.1943    32.3272    32.3305    25.6337    25.6275    7.34471 0.0000e+00
      23123     28.693     4.2804     4.2956   3.057503   3.057246     2.3186     2.8401      8.072     0.1307     1.4507 6.7854e+00    -0.0845   102.1347     7.8094     8.1923    32.3595    32.3414    25.6582    25.6424    7.34119 0.0000e+00
      23126     28.599     4.3236     4.2977   3.060237   3.057933     2.3182     2.8385      8.074     0.1307     1.4507 6.8326e+00    -0.0859   102.1709     7.7931     8.1766    32.3489    32.3475    25.6455    25.6469    7.33391 0.0000e+00
      23129     28.509     4.3334     4.3847   3.060513   3.066225     2.3182     2.8372      8.072     0.1408     1.4507 6.8722e+00    -0.0905   102.2884     7.7862     8.1456    32.3427    32.3589    25.6395    25.6471    7.33245 0.0000e+00
      23132     28.422     4.3495     4.4374   3.062721   3.070161     2.3174     2.8377      8.072     0.1205     1.4507 6.8960e+00    -0.0905   102.2884     7.7752     8.1301    32.3526    32.3532    25.6458    25.6371    7.32906 0.0000e+00
      23135     28.337     4.3986     4.4338   3.069254   3.069259     2.3182     2.8368      8.072     0.1205     1.4507 6.9280e+00    -0.0905   102.2884     7.7614     8.1269    32.3807    32.3462    25.6631    25.6321    7.31889 0.0000e+00
      23138     28.256     4.5275     4.4305   3.079500   3.068779     2.3178     2.8364      8.071     0.1205     6.3856 6.9682e+00    -0.0905   102.2884     7.7322     8.1286    32.3737    32.3439    25.6442    25.6305    7.29616 0.0000e+00
      23141     28.177     4.5450     4.4211   3.080534   3.067797     2.3170     2.8364      8.071     0.1103     7.1752 6.9844e+00    -0.0905   102.2884     7.7238     8.1361    32.3685    32.3417    25.6382    25.6298    7.29328 0.0000e+00
      23144     28.103     4.5594     4.4591   3.079012   3.072139     2.3162     2.8356      8.071     0.0696     7.1357 7.0167e+00    -0.0902   102.2794     7.7195     8.1306    32.3369    32.3551    25.6116    25.6365    7.29225 0.0000e+00
      23147     28.038     4.5616     4.5040   3.082890   3.077169     2.3170     2.8340      8.071     0.0696     7.1357 7.0329e+00    -0.0909   102.2975     7.7242     8.1236    32.3797    32.3697    25.6454    25.6434    7.28979 0.0000e+00
      23150     27.976     4.6521     4.6098   3.091568   3.085209     2.3162     2.8340      8.071     0.0594     7.1357 7.0492e+00    -0.0923   102.3336     7.7068     8.1120    32.3919    32.3596    25.6455    25.6243    7.27310 0.0000e+00
      23153     27.916     4.6962     4.6294   3.093375   3.086485     2.3154     2.8336      8.071     0.0696     7.1357 7.0737e+00    -0.0926   102.3427     7.7053     8.1156    32.3698    32.3552    25.6233    25.6188    7.26636 0.0000e+00
      23156     27.859     4.7000     4.6537   3.092609   3.088086     2.3150     2.8332      8.071     0.0594     7.1357 7.1148e+00    -0.0930   102.3517     7.7108     8.1165    32.3572    32.3500    25.6129    25.6121    7.26628 0.0000e+00
      23159     27.806     4.6953     4.6630   3.092287   3.089456     2.3154     2.8336      8.071     0.0594     7.1357 7.1395e+00    -0.0930   102.3517     7.7220     8.1255    32.3581    32.3569    25.6141    25.6166    7.26708 0.0000e+00
      23162     27.755     4.7012     4.6773   3.092777   3.090378     2.3154     2.8332      8.071     0.0594     6.3066 7.1892e+00    -0.0930   102.3517     7.7297     8.1317    32.3580    32.3536    25.6134    25.6124    7.26603 0.0000e+00
      23165     27.705     4.7029     4.6871   3.092591   3.089589     2.3154     2.8344      8.071     0.0696     1.6876 7.2058e+00    -0.0926   102.3427     7.7365     8.1425    32.3542    32.3349    25.6102    25.5966    7.26590 0.0000e+00
      23168     27.657     4.7013     4.6030   3.092422   3.083104     2.3154     2.8344      8.071     0.0594     1.6876 7.2225e+00    -0.0976   102.4693     7.7407     8.1697    32.3539    32.3419    25.6102    25.6110    7.26621 0.0000e+00
      23171     27.610     4.7016     4.5704   3.092247   3.080929     2.3162     2.8348      8.071     0.0492     1.6876 7.2476e+00    -0.0993   102.5145     7.7476     8.1836    32.3516    32.3486    25.6082    25.6197    7.26627 0.0000e+00
      23174     27.562     4.6983     4.5381   3.091715   3.078686     2.3174     2.8368      8.071     0.0594     1.6876 7.2476e+00    -0.0993   102.5145     7.7575     8.1995    32.3487    32.3541    25.6063    25.6275    7.26700 0.0000e+00
      23177     27.514     4.6833     4.5037   3.090491   3.074537     2.3190     2.8368      8.071     0.0594     1.6876 7.2476e+00    -0.0993   102.5145     7.7678     8.2065    32.3491    32.3396    25.6083    25.6196    7.26962 0.0000e+00
      23180     27.463     4.6791     4.4378   3.090320   3.069636     2.3186     2.8368      8.071     0.0594     1.6876 7.2644e+00    -0.0993   102.5145     7.7629     8.2195    32.3512    32.3471    25.6104    25.6324    7.27027 0.0000e+00
      23183     27.407     4.6854     4.4249   3.090315   3.069041     2.3190     2.8385      8.071     0.0797     1.6876 7.2812e+00    -0.0993   102.5145     7.7572     8.2280    32.3451    32.3529    25.6049    25.6382    7.26945 0.0000e+00
      23186     27.348     4.6811     4.4809   3.090010   3.073683     2.3190     2.8389      8.071     0.0594     1.6876 7.2980e+00    -0.0997   102.5235     7.7527     8.2198    32.3458    32.3521    25.6059    25.6318    7.27018 0.0000e+00
      23189     27.287     4.6769     4.5187   3.089038   3.075885     2.3186     2.8385      8.071     0.0594     3.8984 7.3149e+00    -0.1032   102.6140     7.7474     8.2159    32.3387    32.3407    25.6007    25.6189    7.27126 0.0000e+00
      23192     27.222     4.6521     4.5063   3.087384   3.074964     2.3190     2.8393      8.071     0.0696     7.2542 7.3319e+00    -0.1036   102.6230     7.7504     8.2294    32.3438    32.3422    25.6074    25.6213    7.27542 0.0000e+00
      23195     27.154     4.6348     4.4892   3.085714   3.074054     2.3190     2.8397      8.071     0.0594     7.1357 7.3659e+00    -0.1032   102.6140     7.7531     8.2429    32.3413    32.3484    25.6072    25.6280    7.27860 0.0000e+00
      23198     27.084     4.6161     4.4787   3.082665   3.072201     2.3190     2.8385      8.071     0.0696     7.1357 7.4000e+00    -0.1032   102.6140     7.7598     8.2500    32.3243    32.3371    25.5957    25.6202    7.28276 0.0000e+00
      23201     27.008     4.5614     4.4551   3.078140   3.071173     2.3190     2.8385      8.071     0.0492     7.1357 7.4343e+00    -0.1036   102.6230     7.7805     8.2639    32.3253    32.3483    25.6022    25.6315    7.29245 0.0000e+00
      23204     26.934     4.5326     4.4536   3.077508   3.071810     2.3174     2.8397      8.071     0.0696     7.1357 7.4688e+00    -0.1036   102.6230     7.7911     8.2753    32.3462    32.3573    25.6218    25.6387    7.29658 0.0000e+00
      23207     26.852     4.5307     4.4495   3.077432   3.073388     2.3182     2.8413      8.071     0.0594     7.0962 7.5034e+00    -0.1025   102.5959     7.8102     8.2867    32.3472    32.3798    25.6228    25.6571    7.29687 0.0000e+00
      23210     26.768     4.5313     4.4945   3.077941   3.079305     2.3178     2.8438      8.071     0.0594     7.1357 7.5556e+00    -0.1015   102.5687     7.8258     8.2917    32.3526    32.4045    25.6270    25.6720    7.29650 0.0000e+00
      23213     26.685     4.5984     4.6872   3.084509   3.090454     2.3190     2.8462      8.071     0.0594     7.1357 7.6258e+00    -0.1015   102.5687     7.8326     8.2637    32.3632    32.3453    25.6284    25.6048    7.28403 0.0000e+00
      23216     26.599     4.6575     4.6451   3.087617   3.085131     2.3203     2.8482      8.068     0.0492     3.1088 7.6967e+00    -0.1015   102.5687     7.8429     8.2820    32.3415    32.3248    25.6049    25.5930    7.27456 0.0000e+00
      23219     26.511     4.6899     4.6336   3.091178   3.086188     2.3211     2.8499      8.068     0.0492     1.2533 7.7503e+00    -0.1015   102.5687     7.8541     8.2898    32.3512    32.3484    25.6092    25.6129    7.26836 0.0000e+00
      23222     26.426     4.7701     4.7337   3.099929   3.094822     2.3227     2.8503      8.068     0.0086     1.3323 7.8223e+00    -0.1015   102.5687     7.8539     8.2667    32.3741    32.3506    25.6188    25.6041    7.25307 0.0000e+00
      23225     26.337     4.8214     4.7793   3.102803   3.098296     2.3247     2.8515      8.066     0.0086     1.3323 7.8950e+00    -0.1015   102.5687     7.8614     8.2509    32.3573    32.3463    25.6000    25.5958    7.24483 0.0000e+00
      23228     26.249     4.8390     4.7949   3.103472   3.098715     2.3260     2.8523      8.066    -0.0118     1.3323 7.9499e+00    -0.1004   102.5416     7.8680     8.2380    32.3479    32.3360    25.5907    25.5860    7.24218 0.0000e+00
      23231     26.160     4.8773     4.7774   3.106322   3.097260     2.3284     2.8531      8.065    -0.0016     1.3323 8.0145e+00    -0.1004   102.5416     7.8694     8.2314    32.3436    32.3363    25.5831    25.5881    7.23565 0.0000e+00
      23234     26.071     4.8947     4.7869   3.106735   3.098848     2.3300     2.8539      8.065    -0.0118     1.3323 8.0890e+00    -0.1004   102.5416     7.8677     8.2171    32.3315    32.3454    25.5716    25.5943    7.23317 0.0000e+00
