Datasets/AZMP/TEL210/tel210_2020_144.cnv
* Sea-Bird SBE 9 Data File:
* FileName = C:\CTDDATA\tel210_2020_144.hex
* Software Version Seasave V 7.26.7.110
* Temperature SN = 1697
* Conductivity SN = 4216
* Number of Bytes Per Scan = 30
* Number of Voltage Words = 4
* Number of Scans Averaged by the Deck Unit = 1
* NMEA baud rate = 4800
** VESSEL/TRIP/SEQ STN:  tel210_2020_144
** LATITUDE XX XX.XX: 47 32.80 N
** LONGITUDE XX XX.XX: 052 35.20 W
** SOUNDING DEPTH (M): 0176
** PROBE TYPE: S1146
** CTD NUMBER: 084
** COMMENTS (14 CHAR): S27-01
** BOTTLES:  10
** LEVELS: 5,10,20,30,40,50,75,100,150,BTM
** STICKERS: 436378 - 436387
** VNET: Y
** DO2: N
# nquan = 22
# nvalues = 4102                        
# units = specified
# name 0 = scan: Scan Count
# name 1 = prDM: Pressure, Digiquartz [db]
# name 2 = t090C: Temperature [ITS-90, deg C]
# name 3 = t190C: Temperature, 2 [ITS-90, deg C]
# name 4 = c0S/m: Conductivity [S/m]
# name 5 = c1S/m: Conductivity, 2 [S/m]
# name 6 = sbeox0V: Oxygen raw, SBE 43 [V]
# name 7 = sbeox1V: Oxygen raw, SBE 43, 2 [V]
# name 8 = ph: pH
# name 9 = flECO-AFL: Fluorescence, WET Labs ECO-AFL/FL [mg/m^3]
# name 10 = wetCDOM: Fluorescence, WET Labs CDOM [mg/m^3]
# name 11 = par/sat/log: PAR/Logarithmic, Satlantic [umol photons/m^2/sec]
# name 12 = CStarAt0: Beam Attenuation, WET Labs C-Star [1/m]
# name 13 = CStarTr0: Beam Transmission, WET Labs C-Star [%]
# name 14 = sbeox0ML/L: Oxygen, SBE 43 [ml/l], WS = 2
# name 15 = sbeox1ML/L: Oxygen, SBE 43, 2 [ml/l], WS = 2
# name 16 = sal00: Salinity, Practical [PSU]
# name 17 = sal11: Salinity, Practical, 2 [PSU]
# name 18 = sigma-t00: Density [sigma-t, kg/m^3 ]
# name 19 = sigma-t11: Density, 2 [sigma-t, kg/m^3 ]
# name 20 = oxsatML/L: Oxygen Saturation, Weiss [ml/l]
# name 21 = flag: flag
# span 0 =          5,      32173       
# span 1 =      1.394,    170.940       
# span 2 =    -1.4095,    13.2692       
# span 3 =    -1.4154,    13.2631       
# span 4 =   2.616737,   3.746632       
# span 5 =   2.616362,   3.746080       
# span 6 =     1.8872,     2.4006       
# span 7 =     2.2669,     2.9025       
# span 8 =      7.831,      8.153       
# span 9 =     0.6770,     2.8357       
# span 10 =    -2.8130,   482.1870      
# span 11 = 1.0545e-01, 4.9122e-01      
# span 12 =    -0.1352,     0.2147      
# span 13 =    94.7736,   103.4369      
# span 14 =     6.2306,     8.7039      
# span 15 =     6.1699,     9.1918      
# span 16 =    31.4451,    32.9430      
# span 17 =    31.3255,    32.9443      
# span 18 =    23.5953,    26.4873      
# span 19 =    23.5892,    26.4882      
# span 20 =    6.02325,    8.49223      
# span 21 = 0.0000e+00, 0.0000e+00      
# interval = scans: 3                   
# start_time = Jul 31 2020 07:13:40 [System UTC, header]
# bad_flag = -9.990e-29
*END*
[from data line 3556]
      23150     34.640     0.6119     0.5851   2.752438   2.749982     2.2500     2.7251      8.053     1.1426     1.1349 1.0727e-01    -0.0993   102.5145     8.3792     8.7090    32.3248    32.3211    25.9165    25.9149    8.06153 0.0000e+00
      23153     34.596     0.6107     0.5744   2.752423   2.749498     2.2504     2.7259      8.053     1.1532     1.3323 1.0715e-01    -0.1000   102.5326     8.3833     8.7147    32.3260    32.3261    25.9175    25.9196    8.06173 0.0000e+00
      23156     34.547     0.6117     0.5707   2.752441   2.749641     2.2500     2.7259      8.053     1.1426     1.2928 1.0715e-01    -0.1022   102.5868     8.3846     8.7119    32.3252    32.3318    25.9168    25.9244    8.06156 0.0000e+00
      23159     34.498     0.6122     0.5676   2.752448   2.749266     2.2504     2.7255      8.053     1.1426     1.2928 1.0715e-01    -0.1015   102.5687     8.3875     8.7094    32.3247    32.3302    25.9164    25.9233    8.06147 0.0000e+00
      23162     34.445     0.6128     0.5623   2.752427   2.748725     2.2500     2.7259      8.053     1.1532     1.2928 1.0715e-01    -0.1025   102.5959     8.3853     8.7125    32.3239    32.3289    25.9157    25.9224    8.06139 0.0000e+00
      23165     34.388     0.6130     0.5634   2.752405   2.749820     2.2508     2.7263      8.055     1.1214     1.3323 1.0715e-01    -0.1022   102.5868     8.3893     8.7105    32.3234    32.3419    25.9153    25.9329    8.06138 0.0000e+00
      23168     34.322     0.6126     0.5805   2.752389   2.750788     2.2504     2.7271      8.053     1.1214     1.3323 1.0715e-01    -0.1022   102.5868     8.3869     8.7071    32.3237    32.3366    25.9155    25.9277    8.06144 0.0000e+00
      23171     34.252     0.6121     0.5920   2.752353   2.751236     2.2508     2.7271      8.053     1.1108     1.2928 1.0715e-01    -0.1018   102.5778     8.3893     8.7020    32.3238    32.3303    25.9157    25.9220    8.06155 0.0000e+00
      23174     34.178     0.6120     0.5983   2.752266   2.751448     2.2508     2.7271      8.053     1.1108     1.2534 1.0715e-01    -0.1015   102.5687     8.3918     8.6943    32.3228    32.3265    25.9148    25.9186    8.06162 0.0000e+00
      23177     34.098     0.6117     0.6021   2.752169   2.751522     2.2520     2.7267      8.053     1.1214     0.9770 1.0715e-01    -0.1008   102.5506     8.3968     8.6878    32.3219    32.3236    25.9142    25.9161    8.06174 0.0000e+00
      23180     34.017     0.6141     0.6054   2.752421   2.751639     2.2516     2.7259      8.053     1.1108     0.9770 1.0715e-01    -0.1004   102.5416     8.3940     8.6812    32.3227    32.3217    25.9147    25.9143    8.06119 0.0000e+00
      23183     33.929     0.6178     0.6035   2.752606   2.751044     2.2516     2.7271      8.053     1.1002     0.9770 1.0715e-01    -0.1008   102.5506     8.3921     8.6837    32.3212    32.3160    25.9133    25.9099    8.06047 0.0000e+00
      23186     33.841     0.6192     0.5954   2.752611   2.750716     2.2516     2.7271      8.050     1.1002     0.9770 1.0715e-01    -0.1004   102.5416     8.3917     8.6785    32.3200    32.3203    25.9122    25.9138    8.06026 0.0000e+00
      23189     33.748     0.6190     0.5987   2.752528   2.751428     2.2520     2.7263      8.053     1.1108     0.9770 1.0715e-01    -0.1008   102.5506     8.3899     8.6686    32.3191    32.3262    25.9115    25.9183    8.06034 0.0000e+00
      23192     33.655     0.6189     0.6070   2.752497   2.751701     2.2512     2.7259      8.050     1.1214     0.9770 1.0715e-01    -0.1008   102.5506     8.3845     8.6642    32.3188    32.3211    25.9113    25.9137    8.06037 0.0000e+00
      23195     33.571     0.6188     0.6081   2.752442   2.751500     2.2512     2.7255      8.050     1.1214     0.9770 1.0715e-01    -0.0986   102.4964     8.3806     8.6657    32.3183    32.3173    25.9109    25.9106    8.06043 0.0000e+00
      23198     33.496     0.6185     0.6024   2.752489   2.750990     2.2520     2.7251      8.048     1.1214     0.9770 1.0715e-01    -0.0990   102.5055     8.3818     8.6689    32.3192    32.3168    25.9117    25.9106    8.06043 0.0000e+00
      23201     33.427     0.6207     0.5970   2.752684   2.750754     2.2520     2.7255      8.048     1.1108     0.9770 1.0715e-01    -0.0986   102.4964     8.3824     8.6750    32.3196    32.3194    25.9118    25.9129    8.05996 0.0000e+00
      23204     33.362     0.6235     0.5959   2.752871   2.751061     2.2520     2.7259      8.048     1.1214     1.0954 1.0715e-01    -0.0983   102.4874     8.3875     8.6787    32.3191    32.3246    25.9113    25.9171    8.05939 0.0000e+00
      23207     33.299     0.6267     0.6017   2.753268   2.751338     2.2524     2.7255      8.048     1.1108     1.0559 1.0727e-01    -0.0986   102.4964     8.3891     8.6780    32.3209    32.3221    25.9126    25.9149    8.05861 0.0000e+00
      23210     33.237     0.6366     0.6040   2.754114   2.751499     2.2520     2.7238      8.048     1.1108     1.0954 1.0715e-01    -0.0983   102.4874     8.3866     8.6757    32.3215    32.3218    25.9125    25.9145    8.05648 0.0000e+00
      23213     33.173     0.6436     0.6103   2.754547   2.752395     2.2516     2.7243      8.048     1.1002     1.0559 1.0715e-01    -0.0990   102.5055     8.3852     8.6802    32.3198    32.3268    25.9107    25.9182    8.05507 0.0000e+00
      23216     33.107     0.6625     0.6208   2.757081   2.752895     2.2520     2.7255      8.048     1.0896     1.0559 1.0715e-01    -0.1004   102.5416     8.3852     8.6853    32.3328    32.3224    25.9202    25.9141    8.05035 0.0000e+00
      23219     33.042     0.7038     0.6272   2.759278   2.753677     2.2516     2.7259      8.046     0.9521     1.0954 1.0715e-01    -0.1004   102.5416     8.3726     8.6888    32.3181    32.3258    25.9061    25.9165    8.04241 0.0000e+00
      23222     32.978     0.6946     0.6440   2.757789   2.755361     2.2520     2.7255      8.048     0.9627     1.0559 1.0715e-01    -0.1004   102.5416     8.3788     8.6825    32.3086    32.3301    25.8989    25.9190    8.04489 0.0000e+00
      23225     32.918     0.6926     0.6672   2.758890   2.756668     2.2532     2.7259      8.048     0.9415     1.0954 1.0715e-01    -0.1004   102.5416     8.3870     8.6796    32.3249    32.3227    25.9121    25.9118    8.04442 0.0000e+00
      23228     32.865     0.7235     0.6705   2.761496   2.755939     2.2540     2.7259      8.048     0.9521     1.0165 1.0715e-01    -0.1004   102.5416     8.3857     8.6807    32.3263    32.3099    25.9116    25.9013    8.03780 0.0000e+00
      23231     32.814     0.7401     0.6566   2.761423   2.754846     2.2524     2.7259      8.048     0.9415     1.0954 1.0727e-01    -0.1004   102.5416     8.3782     8.6883    32.3080    32.3103    25.8960    25.9024    8.03529 0.0000e+00
      23234     32.766     0.7265     0.6523   2.760002   2.755028     2.2536     2.7259      8.048     0.9627     1.0559 1.0715e-01    -0.0990   102.5055     8.3938     8.6893    32.3039    32.3172    25.8934    25.9082    8.03838 0.0000e+00
      23237     32.721     0.7235     0.6540   2.761452   2.754740     2.2532     2.7259      8.048     0.9521     1.0954 1.0715e-01    -0.0972   102.4602     8.3952     8.6869    32.3258    32.3117    25.9112    25.9037    8.03784 0.0000e+00
      23240     32.682     0.7568     0.6596   2.763966   2.755481     2.2536     2.7263      8.048     0.9309     1.0954 1.0715e-01    -0.0976   102.4693     8.3919     8.6858    32.3234    32.3155    25.9074    25.9064    8.03092 0.0000e+00
      23243     32.649     0.7738     0.6706   2.764324   2.755896     2.2536     2.7263      8.051     0.9838     1.0559 1.0715e-01    -0.0972   102.4602     8.3911     8.6890    32.3103    32.3093    25.8959    25.9009    8.02804 0.0000e+00
      23246     32.622     0.7791     0.6428   2.763782   2.752644     2.2544     2.7259      8.051     1.0367     1.0954 1.0715e-01    -0.0972   102.4602     8.3944     8.7013    32.2979    32.2963    25.8856    25.8919    8.02762 0.0000e+00
      23250     32.593     0.7748     0.6078   2.763739   2.751726     2.2548     2.7267      8.052     1.0473     1.0954 1.0715e-01    -0.0972   102.4602     8.4012     8.7163    32.3018    32.3211    25.8890    25.9137    8.02830 0.0000e+00
      23287     32.411     0.8155     0.7387   2.767353   2.759398     2.2626     2.7356      8.060     1.0685     1.0954 1.0715e-01    -0.0962   102.4331     8.4863     8.8325    32.3060    32.2836    25.8901    25.8764    8.01949 0.0000e+00
      23290     32.387     0.8168     0.6949   2.767470   2.756458     2.2630     2.7369      8.062     1.0579     1.0954 1.0715e-01    -0.0962   102.4331     8.4898     8.8531    32.3062    32.2914    25.8902    25.8850    8.01922 0.0000e+00
      23293     32.360     0.8180     0.6806   2.767629   2.757240     2.2642     2.7381      8.062     1.0685     1.0559 1.0715e-01    -0.0958   102.4241     8.4941     8.8657    32.3069    32.3164    25.8908    25.9060    8.01891 0.0000e+00
      23296     32.332     0.8193     0.6998   2.767708   2.759179     2.2650     2.7389      8.062     1.1637     1.0954 1.0715e-01    -0.0965   102.4421     8.4928     8.8666    32.3066    32.3214    25.8904    25.9090    8.01866 0.0000e+00
      23299     32.298     0.8197     0.7075   2.767702   2.759734     2.2654     2.7401      8.062     1.2378     1.0559 1.0715e-01    -0.0972   102.4602     8.4919     8.8675    32.3062    32.3205    25.8900    25.9079    8.01860 0.0000e+00
      23302     32.260     0.8221     0.7111   2.768029   2.760071     2.2663     2.7418      8.062     1.2167     1.0559 1.0727e-01    -0.0972   102.4602     8.4952     8.8720    32.3079    32.3212    25.8913    25.9082    8.01801 0.0000e+00
      23305     32.224     0.8264     0.7270   2.768286   2.762100     2.2667     2.7434      8.062     1.2167     1.0559 1.0715e-01    -0.0972   102.4602     8.4963     8.8735    32.3068    32.3307    25.8901    25.9150    8.01716 0.0000e+00
      23308     32.180     0.8281     0.7370   2.768390   2.760862     2.2671     2.7458      8.064     1.2167     0.6217 1.0715e-01    -0.0972   102.4602     8.4968     8.8802    32.3063    32.3044    25.8896    25.8932    8.01682 0.0000e+00
      23311     32.132     0.8341     0.7219   2.769062   2.761776     2.2679     2.7466      8.062     1.2272     0.5822 1.0715e-01    -0.0972   102.4602     8.5011     8.8823    32.3088    32.3320    25.8913    25.9162    8.01543 0.0000e+00
      23314     32.082     0.8412     0.7536   2.769493   2.764807     2.2691     2.7470      8.067     1.2272     0.5427 1.0715e-01    -0.0965   102.4421     8.5163     8.8732    32.3069    32.3379    25.8894    25.9194    8.01403 0.0000e+00
      23317     32.030     0.8464     0.7847   2.770027   2.766824     2.2687     2.7487      8.067     1.2378     0.5427 1.0715e-01    -0.0944   102.3879     8.5223     8.8703    32.3084    32.3315    25.8903    25.9124    8.01285 0.0000e+00
      23320     31.978     0.8580     0.8118   2.771228   2.768240     2.2699     2.7499      8.067     1.2167     0.6217 1.0715e-01    -0.0947   102.3969     8.5315     8.8685    32.3117    32.3215    25.8923    25.9028    8.01023 0.0000e+00
      23323     31.922     0.8739     0.8326   2.772429   2.769878     2.2707     2.7507      8.066     1.1214     0.5822 1.0715e-01    -0.0947   102.3969     8.5367     8.8661    32.3107    32.3209    25.8906    25.9012    8.00696 0.0000e+00
      23326     31.865     0.8931     0.8704   2.774957   2.773338     2.2719     2.7519      8.068     1.1108     0.6217 1.0715e-01    -0.0940   102.3788     8.5432     8.8609    32.3232    32.3261    25.8995    25.9031    8.00224 0.0000e+00
      23329     31.809     0.9394     0.9036   2.779004   2.775430     2.2732     2.7536      8.071     1.1108     0.5822 1.0727e-01    -0.0944   102.3879     8.5424     8.8623    32.3270    32.3184    25.8999    25.8950    7.99234 0.0000e+00
      23332     31.750     0.9784     0.9369   2.781490   2.778732     2.2732     2.7536      8.071     1.1002     0.5822 1.0715e-01    -0.0947   102.3969     8.5390     8.8580    32.3183    32.3261    25.8906    25.8994    7.98465 0.0000e+00
      23335     31.694     1.0169     0.9865   2.784784   2.782708     2.2760     2.7548      8.073     1.1002     0.7401 1.0715e-01    -0.0944   102.3879     8.5452     8.8584    32.3205    32.3255    25.8901    25.8959    7.97650 0.0000e+00
      23338     31.635     1.0660     1.0220   2.788195   2.785101     2.2785     2.7564      8.075     1.1108     0.7006 1.0715e-01    -0.0947   102.3969     8.5463     8.8620    32.3132    32.3192    25.8813    25.8888    7.96666 0.0000e+00
      23341     31.577     1.0976     1.0679   2.789657   2.789423     2.2789     2.7580      8.077     1.1214     0.6612 1.0715e-01    -0.0951   102.4060     8.5438     8.8621    32.2991    32.3269    25.8681    25.8922    7.96085 0.0000e+00
      23344     31.519     1.0902     1.1132   2.787952   2.791687     2.2789     2.7601      8.078     1.1108     0.7006 1.0715e-01    -0.0951   102.4060     8.5431     8.8617    32.2850    32.3089    25.8572    25.8750    7.96315 0.0000e+00
      23347     31.462     1.1099     1.1512   2.790925   2.794639     2.2797     2.7617      8.080     1.1108     0.7401 1.0715e-01    -0.0951   102.4060     8.5394     8.8605    32.3026    32.3071    25.8702    25.8712    7.95810 0.0000e+00
      23350     31.408     1.1427     1.1767   2.792282   2.795733     2.2817     2.7633      8.082     1.0473     0.7006 1.0715e-01    -0.0947   102.3969     8.5385     8.8624    32.2860    32.2947    25.8548    25.8598    7.95219 0.0000e+00
      23353     31.360     1.1456     1.1866   2.789027   2.796332     2.2821     2.7650      8.085     1.0367     0.7006 1.0715e-01    -0.0951   102.4060     8.5406     8.8654    32.2415    32.2920    25.8189    25.8570    7.95399 0.0000e+00
      23356     31.308     1.0941     1.1964   2.789189   2.796955     2.2846     2.7670      8.087     1.0473     0.7401 1.0727e-01    -0.0965   102.4421     8.5596     8.8721    32.2969    32.2900    25.8665    25.8547    7.96169 0.0000e+00
      23359     31.263     1.0925     1.2005   2.787758   2.796091     2.2838     2.7690      8.090     1.0579     0.8586 1.0715e-01    -0.0976   102.4693     8.5519     8.8773    32.2803    32.2747    25.8532    25.8423    7.96292 0.0000e+00
      23362     31.222     1.0484     1.1971   2.783978   2.795157     2.2858     2.7702      8.090     1.0473     0.9770 1.0715e-01    -0.0976   102.4693     8.5739     8.8781    32.2778    32.2664    25.8539    25.8357    7.97224 0.0000e+00
      23365     31.185     1.0220     1.1809   2.784747   2.794175     2.2866     2.7723      8.090     1.0262     0.9770 1.0715e-01    -0.0972   102.4602     8.5841     8.8862    32.3151    32.2707    25.8854    25.8402    7.97573 0.0000e+00
      23368     31.151     0.9977     1.1667   2.785272   2.793054     2.2874     2.7715      8.090     1.0367     0.9770 1.0715e-01    -0.0972   102.4602     8.5924     8.8852    32.3470    32.2711    25.9125    25.8414    7.97907 0.0000e+00
      23371     31.120     1.0451     1.1518   2.787789   2.791299     2.2890     2.7743      8.095     1.0473     0.9770 1.0715e-01    -0.0972   102.4602     8.5842     8.8972    32.3300    32.2641    25.8961    25.8367    7.97011 0.0000e+00
      23374     31.093     1.1206     1.1122   2.793702   2.786518     2.2899     2.7751      8.094     1.0791     0.9770 1.0715e-01    -0.0969   102.4512     8.5673     8.9111    32.3271    32.2441    25.8892    25.8230    7.95455 0.0000e+00
      23377     31.071     1.2342     1.0397   2.798209   2.783736     2.2915     2.7760      8.094     1.1002     0.9770 1.0715e-01    -0.0958   102.4241     8.5483     8.9278    32.2669    32.2838    25.8339    25.8592    7.93426 0.0000e+00
