Datasets/AZMP/TEL210/tel210_2020_137.cnv
* Sea-Bird SBE 9 Data File:
* FileName = C:\CTDDATA\tel210_2020_137.hex
* Software Version Seasave V 7.26.7.110
* Temperature SN = 1697
* Conductivity SN = 4216
* Number of Bytes Per Scan = 30
* Number of Voltage Words = 4
* Number of Scans Averaged by the Deck Unit = 1
* NMEA baud rate = 4800
** VESSEL/TRIP/SEQ STN:  tel210_2020_137
** LATITUDE XX XX.XX: 47 32.80 N
** LONGITUDE XX XX.XX: 052 35.20 W
** SOUNDING DEPTH (M): 0176
** PROBE TYPE: S1146
** CTD NUMBER: 078
** COMMENTS (14 CHAR): S27-01
** BOTTLES:  10
** LEVELS: 5,10,20,30,40,50,75,100,150,BTM
** STICKERS: 436348 - 436357
** VNET: y
** DO2: N
# nquan = 22
# nvalues = 3947                        
# units = specified
# name 0 = scan: Scan Count
# name 1 = prDM: Pressure, Digiquartz [db]
# name 2 = t090C: Temperature [ITS-90, deg C]
# name 3 = t190C: Temperature, 2 [ITS-90, deg C]
# name 4 = c0S/m: Conductivity [S/m]
# name 5 = c1S/m: Conductivity, 2 [S/m]
# name 6 = sbeox0V: Oxygen raw, SBE 43 [V]
# name 7 = sbeox1V: Oxygen raw, SBE 43, 2 [V]
# name 8 = ph: pH
# name 9 = flECO-AFL: Fluorescence, WET Labs ECO-AFL/FL [mg/m^3]
# name 10 = wetCDOM: Fluorescence, WET Labs CDOM [mg/m^3]
# name 11 = par/sat/log: PAR/Logarithmic, Satlantic [umol photons/m^2/sec]
# name 12 = CStarAt0: Beam Attenuation, WET Labs C-Star [1/m]
# name 13 = CStarTr0: Beam Transmission, WET Labs C-Star [%]
# name 14 = sbeox0ML/L: Oxygen, SBE 43 [ml/l], WS = 2
# name 15 = sbeox1ML/L: Oxygen, SBE 43, 2 [ml/l], WS = 2
# name 16 = sal00: Salinity, Practical [PSU]
# name 17 = sal11: Salinity, Practical, 2 [PSU]
# name 18 = sigma-t00: Density [sigma-t, kg/m^3 ]
# name 19 = sigma-t11: Density, 2 [sigma-t, kg/m^3 ]
# name 20 = oxsatML/L: Oxygen Saturation, Weiss [ml/l]
# name 21 = flag: flag
# span 0 =         39,      41476       
# span 1 =      0.423,    175.419       
# span 2 =    -1.4657,    13.3318       
# span 3 =    -1.4718,    13.3274       
# span 4 =   2.613421,   3.747556       
# span 5 =   2.613240,   3.747317       
# span 6 =     1.7936,     2.4503       
# span 7 =     2.1460,     2.9889       
# span 8 =      7.767,      8.127       
# span 9 =     0.6770,     3.5976       
# span 10 =    -2.8130,   482.1870      
# span 11 = 1.0678e-01, 2.8437e+02      
# span 12 =    -0.1425,     0.4155      
# span 13 =    90.1345,   103.6268      
# span 14 =     6.1973,     8.9033      
# span 15 =     6.1662,     9.3958      
# span 16 =    31.4058,    33.0756      
# span 17 =    31.4051,    33.0779      
# span 18 =    23.5451,    26.5846      
# span 19 =    23.5455,    26.5867      
# span 20 =    6.01730,    8.50281      
# span 21 = 0.0000e+00, 0.0000e+00      
# interval = scans: 3                   
# start_time = Jul 30 2020 15:24:11 [System UTC, header]
# bad_flag = -9.990e-29
*END*
[from data line 1910]
       8473    165.217    -0.9992    -0.9936   2.673053   2.674825     1.8437     2.2153      7.801     0.7405     2.9904 1.0715e-01    -0.0263   100.6606     6.9485     7.1939    32.9208    32.9387    26.4682    26.4825    8.38248 0.0000e+00
       8476    165.102    -1.0197    -1.0012   2.670809   2.673626     1.8441     2.2165      7.805     0.7299     2.9904 1.0715e-01    -0.0378   100.9500     6.9575     7.2056    32.9128    32.9308    26.4625    26.4764    8.38761 0.0000e+00
       8479    164.981    -1.0344    -1.0104   2.669396   2.672470     1.8441     2.2174      7.805     0.7299     2.9904 1.0715e-01    -0.0385   100.9681     6.9634     7.2152    32.9098    32.9253    26.4605    26.4722    8.39113 0.0000e+00
       8482    164.850    -1.0434    -1.0218   2.668909   2.670361     1.8449     2.2174      7.806     0.7405     4.0563 1.0715e-01    -0.0385   100.9681     6.9710     7.2209    32.9132    32.9093    26.4635    26.4596    8.39300 0.0000e+00
       8485    164.709    -1.0425    -1.0357   2.669225   2.669454     1.8445     2.2174      7.806     0.7299     5.0433 1.0715e-01    -0.0385   100.9681     6.9709     7.2333    32.9165    32.9122    26.4662    26.4625    8.39259 0.0000e+00
       8488    164.566    -1.0462    -1.0431   2.668457   2.669196     1.8453     2.2182      7.806     0.7405     5.0038 1.0715e-01    -0.0385   100.9681     6.9828     7.2461    32.9103    32.9169    26.4613    26.4665    8.39381 0.0000e+00
       8491    164.415    -1.0480    -1.0431   2.668426   2.669766     1.8470     2.2186      7.808     0.7405     5.0038 1.0727e-01    -0.0382   100.9591     6.9984     7.2520    32.9119    32.9248    26.4627    26.4729    8.39413 0.0000e+00
       8494    164.260    -1.0559    -1.0386   2.666935   2.670395     1.8470     2.2190      7.808     0.7299     5.0038 1.0715e-01    -0.0331   100.8325     7.0048     7.2609    32.9004    32.9285    26.4536    26.4758    8.39659 0.0000e+00
       8497    164.109    -1.0651    -1.0376   2.666119   2.669146     1.8470     2.2202      7.811     0.7299     5.0038 1.0715e-01    -0.0238   100.5973     7.0098     7.2740    32.8995    32.9105    26.4532    26.4612    8.39874 0.0000e+00
       8500    163.952    -1.0690    -1.0512   2.665880   2.667982     1.8482     2.2222      7.811     0.7405     5.0038 1.0715e-01    -0.0242   100.6064     7.0233     7.2940    32.9006    32.9097    26.4541    26.4609    8.39956 0.0000e+00
       8503    163.792    -1.0704    -1.0555   2.665727   2.666955     1.8486     2.2214      7.811     0.7616     5.0038 1.0715e-01    -0.0242   100.6064     7.0312     7.3041    32.9001    32.9005    26.4538    26.4537    8.39991 0.0000e+00
       8506    163.625    -1.0718    -1.0677   2.665619   2.665584     1.8490     2.2227      7.811     0.7616     5.0038 1.0715e-01    -0.0242   100.6064     7.0400     7.3252    32.9003    32.8953    26.4541    26.4499    8.40023 0.0000e+00
       8509    163.457    -1.0727    -1.0760   2.665438   2.665010     1.8502     2.2247      7.811     0.7510     3.6616 1.0727e-01    -0.0245   100.6154     7.0546     7.3470    32.8989    32.8967    26.4530    26.4512    8.40051 0.0000e+00
       8512    163.297    -1.0761    -1.0823   2.664566   2.664044     1.8514     2.2251      7.811     0.7510     3.3457 1.0715e-01    -0.0245   100.6154     7.0655     7.3607    32.8909    32.8906    26.4466    26.4465    8.40175 0.0000e+00
       8515    163.139    -1.0891    -1.0908   2.662471   2.662855     1.8519     2.2263      7.811     0.7616     3.3457 1.0715e-01    -0.0263   100.6606     7.0799     7.3785    32.8767    32.8839    26.4355    26.4413    8.40554 0.0000e+00
       8518    162.986    -1.1020    -1.1007   2.661111   2.661214     1.8527     2.2271      7.811     0.7616     3.3457 1.0715e-01    -0.0278   100.6968     7.0977     7.3942    32.8725    32.8724    26.4325    26.4324    8.40874 0.0000e+00
       8521    162.838    -1.1232    -1.1151   2.657923   2.660070     1.8531     2.2292      7.812     0.7616     3.3457 1.0715e-01    -0.0278   100.6968     7.1132     7.4149    32.8524    32.8728    26.4169    26.4331    8.41477 0.0000e+00
       8524    162.698    -1.1485    -1.1233   2.655286   2.658772     1.8543     2.2304      7.812     0.7616     3.3457 1.0715e-01    -0.0282   100.7058     7.1322     7.4295    32.8443    32.8642    26.4110    26.4264    8.42104 0.0000e+00
       8527    162.563    -1.1647    -1.1507   2.654316   2.654323     1.8555     2.2320      7.812     0.7616     3.3457 1.0715e-01    -0.0278   100.6968     7.1498     7.4526    32.8489    32.8337    26.4153    26.4025    8.42448 0.0000e+00
       8530    162.435    -1.1715    -1.1746   2.653604   2.653964     1.8563     2.2341      7.812     0.7722     3.3457 1.0715e-01    -0.0278   100.6968     7.1599     7.4707    32.8467    32.8550    26.4137    26.4205    8.42618 0.0000e+00
       8533    162.316    -1.1807    -1.1697   2.653005   2.655175     1.8580     2.2353      7.812     0.7510     3.1088 1.0715e-01    -0.0278   100.6968     7.1708     7.4785    32.8487    32.8662    26.4156    26.4295    8.42817 0.0000e+00
       8536    162.206    -1.1857    -1.1715   2.652228   2.654206     1.8588     2.2373      7.812     0.7510     1.4902 1.0715e-01    -0.0478   101.2032     7.1808     7.4919    32.8437    32.8551    26.4117    26.4205    8.42962 0.0000e+00
       8539    162.102    -1.2007    -1.1773   2.650443   2.653881     1.8604     2.2385      7.817     0.7722     1.4507 1.0727e-01    -0.0503   101.2665     7.1994     7.4987    32.8358    32.8570    26.4058    26.4223    8.43352 0.0000e+00
       8542    162.004    -1.2097    -1.1812   2.649949   2.653124     1.8616     2.2410      7.817     0.7616     1.4507 1.0715e-01    -0.0503   101.2665     7.2112     7.5139    32.8390    32.8511    26.4086    26.4176    8.43541 0.0000e+00
       8545    161.915    -1.2099    -1.1864   2.650170   2.652793     1.8624     2.2418      7.819     0.7510     1.4112 1.0715e-01    -0.0503   101.2665     7.2182     7.5155    32.8423    32.8523    26.4113    26.4187    8.43527 0.0000e+00
       8548    161.833    -1.2075    -1.1892   2.650365   2.652513     1.8637     2.2430      7.820     0.7616     1.4507 1.0715e-01    -0.0500   101.2575     7.2271     7.5183    32.8423    32.8516    26.4113    26.4182    8.43470 0.0000e+00
       8551    161.761    -1.2041    -1.1876   2.650933   2.652754     1.8653     2.2459      7.822     0.7722     1.4507 1.0727e-01    -0.0503   101.2665     7.2386     7.5250    32.8464    32.8532    26.4145    26.4194    8.43369 0.0000e+00
       8554    161.699    -1.2014    -1.1868   2.650970   2.652327     1.8653     2.2467      7.822     0.7510     1.4507 1.0715e-01    -0.0564   101.4202     7.2410     7.5244    32.8440    32.8465    26.4124    26.4140    8.43320 0.0000e+00
       8557    161.647    -1.2070    -1.1969   2.650286   2.650882     1.8665     2.2483      7.826     0.7616     1.4507 1.0727e-01    -0.0870   102.1980     7.2495     7.5309    32.8409    32.8379    26.4101    26.4074    8.43469 0.0000e+00
       8560    161.597    -1.2056    -1.2055   2.650579   2.650657     1.8682     2.2495      7.826     0.7722     1.5297 1.0727e-01    -0.0866   102.1889     7.2591     7.5342    32.8433    32.8443    26.4120    26.4128    8.43421 0.0000e+00
       8563    161.557    -1.2073    -1.2043   2.650674   2.651529     1.8698     2.2516      7.826     0.7616     1.8060 1.0727e-01    -0.0866   102.1889     7.2695     7.5405    32.8465    32.8549    26.4146    26.4214    8.43442 0.0000e+00
       8566    161.524    -1.2042    -1.1875   2.650849   2.654447     1.8706     2.2540      7.826     0.7616     1.8060 1.0715e-01    -0.0866   102.1889     7.2731     7.5428    32.8455    32.8762    26.4137    26.4382    8.43376 0.0000e+00
       8569    161.496    -1.2031    -1.1628   2.650500   2.656937     1.8727     2.2540      7.826     0.7616     1.8060 1.0715e-01    -0.0866   102.1889     7.2828     7.5327    32.8396    32.8832    26.4089    26.4430    8.43386 0.0000e+00
       8584    161.437    -1.2121    -1.1690   2.649981   2.655215     1.8784     2.2605      7.828     0.7722     1.7665 1.0715e-01    -0.0919   102.3246     7.2987     7.5388    32.8424    32.8666    26.4115    26.4297    8.43576 0.0000e+00
       8612    161.347    -1.2016    -1.2076   2.651739   2.650227     1.8877     2.2707      7.831     0.7722     1.6481 1.0727e-01    -0.1025   102.5959     7.3100     7.5585    32.8549    32.8409    26.4213    26.4101    8.43262 0.0000e+00
       8615    161.320    -1.1947    -1.2064   2.651975   2.651156     1.8885     2.2715      7.829     0.7616     1.5692 1.0715e-01    -0.1025   102.5959     7.3099     7.5618    32.8506    32.8523    26.4176    26.4193    8.43129 0.0000e+00
       8618    161.289    -1.1959    -1.1919   2.651556   2.652635     1.8910     2.2728      7.831     0.7510     1.5692 1.0727e-01    -0.1025   102.5959     7.3179     7.5636    32.8462    32.8565    26.4140    26.4223    8.43181 0.0000e+00
       8621    161.254    -1.2082    -1.1851   2.650231   2.652520     1.8914     2.2740      7.831     0.7510     1.5692 1.0740e-01    -0.1025   102.5959     7.3206     7.5670    32.8416    32.8475    26.4107    26.4148    8.43491 0.0000e+00
       8624    161.216    -1.2146    -1.1913   2.650526   2.651838     1.8918     2.2752      7.833     0.7722     1.5692 1.0740e-01    -0.1025   102.5959     7.3176     7.5755    32.8527    32.8451    26.4199    26.4130    8.43575 0.0000e+00
       8627    161.171    -1.2028    -1.1986   2.652892   2.651684     1.8930     2.2764      7.833     0.7616     1.5692 1.0715e-01    -0.1025   102.5959     7.3134     7.5849    32.8720    32.8510    26.4352    26.4180    8.43190 0.0000e+00
       8630    161.118    -1.1877    -1.1961   2.653875   2.652747     1.8938     2.2781      7.836     0.7616     1.5692 1.0727e-01    -0.1025   102.5959     7.3084     7.5911    32.8690    32.8628    26.4323    26.4275    8.42861 0.0000e+00
       8633    161.062    -1.1864    -1.1860   2.652197   2.653988     1.8951     2.2785      7.836     0.7616     1.5297 1.0715e-01    -0.1025   102.5959     7.3129     7.5881    32.8447    32.8687    26.4126    26.4320    8.42973 0.0000e+00
       8636    161.005    -1.1991    -1.1759   2.649899   2.654885     1.8959     2.2797      7.836     0.7722     1.5692 1.0740e-01    -0.1053   102.6682     7.3198     7.5888    32.8273    32.8699    26.3988    26.4327    8.43365 0.0000e+00
       8639    160.944    -1.2221    -1.1705   2.647390   2.653676     1.8963     2.2805      7.836     0.7616     2.2403 1.0727e-01    -0.1078   102.7315     7.3242     7.5895    32.8183    32.8475    26.3922    26.4143    8.43947 0.0000e+00
       8642    160.876    -1.2365    -1.1953   2.646406   2.649107     1.8967     2.2821      7.838     0.7616     2.8720 1.0740e-01    -0.1078   102.7315     7.3269     7.5986    32.8208    32.8124    26.3946    26.3866    8.44265 0.0000e+00
       8645    160.802    -1.2406    -1.2250   2.646119   2.646284     1.8975     2.2830      7.839     0.7616     2.8720 1.0727e-01    -0.1078   102.7315     7.3329     7.6064    32.8213    32.8065    26.3952    26.3827    8.44356 0.0000e+00
       8648    160.725    -1.2432    -1.2433   2.645687   2.645070     1.8975     2.2834      7.841     0.7616     2.8720 1.0715e-01    -0.1078   102.7315     7.3308     7.6115    32.8184    32.8101    26.3929    26.3861    8.44434 0.0000e+00
       8651    160.644    -1.2460    -1.2520   2.645453   2.644805     1.8995     2.2850      7.841     0.7616     2.8720 1.0727e-01    -0.1078   102.7315     7.3412     7.6189    32.8182    32.8159    26.3929    26.3912    8.44498 0.0000e+00
       8654    160.562    -1.2471    -1.2534   2.645268   2.645327     1.8995     2.2858      7.841     0.7616     2.8720 1.0715e-01    -0.1078   102.7315     7.3418     7.6242    32.8169    32.8246    26.3918    26.3983    8.44530 0.0000e+00
       8657    160.476    -1.2489    -1.2466   2.645333   2.646854     1.9003     2.2858      7.841     0.7616     2.8720 1.0740e-01    -0.1103   102.7948     7.3497     7.6238    32.8199    32.8381    26.3943    26.4090    8.44555 0.0000e+00
       8660    160.387    -1.2465    -1.2373   2.645915   2.646859     1.9016     2.2874      7.841     0.7510     2.8720 1.0740e-01    -0.1110   102.8129     7.3580     7.6286    32.8253    32.8281    26.3986    26.4006    8.44469 0.0000e+00
       8663    160.294    -1.2365    -1.2407   2.647425   2.645844     1.9028     2.2883      7.841     0.7616     2.8720 1.0727e-01    -0.1110   102.8129     7.3618     7.6318    32.8349    32.8179    26.4061    26.3925    8.44181 0.0000e+00
       8666    160.200    -1.2288    -1.2441   2.647788   2.646354     1.9028     2.2887      7.841     0.7616     0.5427 1.0715e-01    -0.1110   102.8129     7.3632     7.6347    32.8315    32.8287    26.4032    26.4013    8.44024 0.0000e+00
       8669    160.105    -1.2279    -1.2412   2.647575   2.646531     1.9036     2.2903      7.843     0.7722    -0.0494 1.0752e-01    -0.1110   102.8129     7.3657     7.6440    32.8277    32.8280    26.4000    26.4007    8.44025 0.0000e+00
       8672    160.010    -1.2312    -1.2438   2.646935   2.645845     1.9044     2.2915      7.844     0.7722     0.0295 1.0727e-01    -0.1110   102.8129     7.3665     7.6511    32.8226    32.8215    26.3960    26.3955    8.44131 0.0000e+00
       8675    159.915    -1.2387    -1.2412   2.645737   2.647140     1.9057     2.2931      7.846     0.7616     0.0295 1.0715e-01    -0.1099   102.7858     7.3727     7.6559    32.8145    32.8364    26.3896    26.4075    8.44351 0.0000e+00
       8678    159.819    -1.2422    -1.2342   2.645984   2.647063     1.9061     2.2940      7.844     0.7722     0.0295 1.0715e-01    -0.1032   102.6140     7.3788     7.6604    32.8218    32.8277    26.3957    26.4003    8.44390 0.0000e+00
       8681    159.723    -1.2412    -1.2401   2.646045   2.645462     1.9077     2.2944      7.846     0.7616     0.0295 1.0715e-01    -0.1036   102.6230     7.3829     7.6658    32.8217    32.8124    26.3955    26.3880    8.44368 0.0000e+00
       8684    159.628    -1.2451    -1.2523   2.645361   2.644296     1.9073     2.2956      7.844     0.7616     0.0295 1.0727e-01    -0.1036   102.6230     7.3796     7.6716    32.8166    32.8100    26.3915    26.3863    8.44487 0.0000e+00
       8687    159.532    -1.2500    -1.2609   2.644607   2.643527     1.9085     2.2960      7.843     0.7616     0.0295 1.0727e-01    -0.1036   102.6230     7.3850     7.6750    32.8118    32.8089    26.3878    26.3857    8.44628 0.0000e+00
       8690    159.434    -1.2513    -1.2673   2.644978   2.643138     1.9097     2.2980      7.844     0.7616     0.0690 1.0727e-01    -0.1036   102.6230     7.3912     7.6835    32.8183    32.8107    26.3930    26.3873    8.44619 0.0000e+00
       8693    159.340    -1.2533    -1.2701   2.644449   2.642936     1.9093     2.2989      7.844     0.7616     0.4637 1.0727e-01    -0.1036   102.6230     7.3855     7.6854    32.8133    32.8111    26.3891    26.3878    8.44696 0.0000e+00
       8696    159.250    -1.2554    -1.2726   2.644584   2.642684     1.9101     2.2993      7.844     0.7722     0.5032 1.0727e-01    -0.1022   102.5868     7.3822     7.6888    32.8175    32.8104    26.3926    26.3873    8.44719 0.0000e+00
       8699    159.159    -1.2535    -1.2741   2.644611   2.642681     1.9118     2.3005      7.844     0.7722     0.5032 1.0715e-01    -0.1015   102.5687     7.3842     7.6911    32.8159    32.8120    26.3912    26.3887    8.44685 0.0000e+00
       8702    159.071    -1.2537    -1.2736   2.644794   2.642739     1.9130     2.3017      7.844     0.7722     0.5032 1.0715e-01    -0.1015   102.5687     7.3834     7.6960    32.8186    32.8123    26.3934    26.3889    8.44674 0.0000e+00
