Datasets/AZMP/TEL210/tel210_2020_111.cnv
* Sea-Bird SBE 9 Data File:
* FileName = C:\CTDDATA\tel210_2020_111.hex
* Software Version Seasave V 7.26.7.110
* Temperature SN = 1697
* Conductivity SN = 4216
* Number of Bytes Per Scan = 30
* Number of Voltage Words = 4
* Number of Scans Averaged by the Deck Unit = 1
* NMEA baud rate = 4800
** VESSEL/TRIP/SEQ STN:  tel210_2020_111
** LATITUDE XX XX.XX: 55 13.00 N
** LONGITUDE XX XX.XX: 058 30.80 W
** SOUNDING DEPTH (M): 0094
** PROBE TYPE: S1146
** CTD NUMBER: 077
** COMMENTS (14 CHAR): MB-01
** BOTTLES:  8
** LEVELS: 5,10,20,30,40,50,75,BTM
** STICKERS: 436340 - 436347
** VNET: Y
** DO2: N
# nquan = 22
# nvalues = 2624                        
# units = specified
# name 0 = scan: Scan Count
# name 1 = prDM: Pressure, Digiquartz [db]
# name 2 = t090C: Temperature [ITS-90, deg C]
# name 3 = t190C: Temperature, 2 [ITS-90, deg C]
# name 4 = c0S/m: Conductivity [S/m]
# name 5 = c1S/m: Conductivity, 2 [S/m]
# name 6 = sbeox0V: Oxygen raw, SBE 43 [V]
# name 7 = sbeox1V: Oxygen raw, SBE 43, 2 [V]
# name 8 = ph: pH
# name 9 = flECO-AFL: Fluorescence, WET Labs ECO-AFL/FL [mg/m^3]
# name 10 = wetCDOM: Fluorescence, WET Labs CDOM [mg/m^3]
# name 11 = par/sat/log: PAR/Logarithmic, Satlantic [umol photons/m^2/sec]
# name 12 = CStarAt0: Beam Attenuation, WET Labs C-Star [1/m]
# name 13 = CStarTr0: Beam Transmission, WET Labs C-Star [%]
# name 14 = sbeox0ML/L: Oxygen, SBE 43 [ml/l], WS = 2
# name 15 = sbeox1ML/L: Oxygen, SBE 43, 2 [ml/l], WS = 2
# name 16 = sal00: Salinity, Practical [PSU]
# name 17 = sal11: Salinity, Practical, 2 [PSU]
# name 18 = sigma-t00: Density [sigma-t, kg/m^3 ]
# name 19 = sigma-t11: Density, 2 [sigma-t, kg/m^3 ]
# name 20 = oxsatML/L: Oxygen Saturation, Weiss [ml/l]
# name 21 = flag: flag
# span 0 =         44,      32422       
# span 1 =      1.550,     90.976       
# span 2 =    -1.1297,     7.4352       
# span 3 =    -1.1345,     7.4310       
# span 4 =   2.454673,   3.153870       
# span 5 =   2.596593,   3.153469       
# span 6 =     2.0977,     2.5200       
# span 7 =     2.5474,     3.1200       
# span 8 =      8.040,      8.286       
# span 9 =     0.7299,     1.6611       
# span 10 =    -2.8130,   482.1870      
# span 11 = 1.0678e-01, 8.1072e+01      
# span 12 =    -0.1110,     0.4417      
# span 13 =    89.5466,   102.8129      
# span 14 =     7.2663,     9.3963      
# span 15 =     7.3713,    10.2339      
# span 16 =    30.0936,    32.1529      
# span 17 =    30.4920,    32.1537      
# span 18 =    23.8140,    25.8498      
# span 19 =    23.8140,    25.8506      
# span 20 =    6.89067,    8.55755      
# span 21 = 0.0000e+00, 0.0000e+00      
# interval = scans: 3                   
# start_time = Jul 27 2020 21:44:14 [System UTC, header]
# bad_flag = -9.990e-29
*END*
[from data line 1976]
      18165     32.373    -1.0167    -1.0239   2.597409   2.597078     2.2078     2.6890      8.098     1.0050     0.2664 2.0817e+00    -0.0947   102.3969     8.6403     8.9996    31.9940    31.9972    25.7178    25.7206    8.44012 0.0000e+00
      18168     32.336    -1.0166    -1.0235   2.597409   2.597053     2.2078     2.6890      8.098     1.0050     0.2664 2.0865e+00    -0.0951   102.4060     8.6401     8.9972    31.9940    31.9965    25.7178    25.7201    8.44012 0.0000e+00
      18171     32.296    -1.0165    -1.0232   2.597462   2.597110     2.2086     2.6894      8.098     1.0050     0.2664 2.0986e+00    -0.0951   102.4060     8.6407     9.0006    31.9946    31.9970    25.7183    25.7205    8.44006 0.0000e+00
      18174     32.255    -1.0158    -1.0225   2.597471   2.597134     2.2082     2.6894      8.098     0.9944     0.2664 2.1083e+00    -0.0951   102.4060     8.6338     9.0025    31.9939    31.9965    25.7178    25.7201    8.43993 0.0000e+00
      18177     32.216    -1.0153    -1.0221   2.597486   2.597164     2.2090     2.6898      8.098     1.0050     0.2664 2.1206e+00    -0.0937   102.3698     8.6314     9.0069    31.9936    31.9965    25.7175    25.7201    8.43982 0.0000e+00
      18180     32.176    -1.0145    -1.0216   2.597522   2.597168     2.2086     2.6898      8.098     0.9626     0.2664 2.1255e+00    -0.0912   102.3065     8.6242     9.0081    31.9933    31.9961    25.7172    25.7197    8.43966 0.0000e+00
      18183     32.136    -1.0144    -1.0210   2.597496   2.597215     2.2078     2.6890      8.098     0.9203     0.2664 2.1353e+00    -0.0909   102.2975     8.6179     9.0041    31.9928    31.9961    25.7169    25.7197    8.43966 0.0000e+00
      18186     32.097    -1.0148    -1.0198   2.597462   2.597264     2.2078     2.6894      8.098     0.9097     0.2664 2.1452e+00    -0.0916   102.3156     8.6161     9.0053    31.9928    31.9955    25.7169    25.7192    8.43976 0.0000e+00
      18189     32.059    -1.0145    -1.0187   2.597509   2.597315     2.2078     2.6894      8.098     0.9097     0.2269 2.1527e+00    -0.0912   102.3065     8.6146     9.0045    31.9932    31.9950    25.7172    25.7188    8.43968 0.0000e+00
      18192     32.024    -1.0138    -1.0179   2.597560   2.597326     2.2086     2.6890      8.098     0.9203     0.2269 2.1677e+00    -0.0909   102.2975     8.6139     9.0052    31.9931    31.9943    25.7171    25.7182    8.43950 0.0000e+00
      18195     31.987    -1.0131    -1.0182   2.597540   2.597278     2.2086     2.6898      8.098     0.9097     0.2664 2.1827e+00    -0.0909   102.2975     8.6121     9.0103    31.9921    31.9941    25.7163    25.7180    8.43940 0.0000e+00
      18198     31.955    -1.0139    -1.0189   2.597537   2.597249     2.2082     2.6902      8.098     0.9203     0.2664 2.1852e+00    -0.0916   102.3156     8.6132     9.0117    31.9930    31.9945    25.7170    25.7183    8.43954 0.0000e+00
      18201     31.928    -1.0137    -1.0194   2.597564   2.597242     2.2078     2.6902      8.098     0.9097     0.2664 2.1954e+00    -0.0919   102.3246     8.6101     9.0126    31.9932    31.9949    25.7172    25.7187    8.43949 0.0000e+00
      18204     31.898    -1.0133    -1.0196   2.597574   2.597217     2.2086     2.6902      8.098     0.9097     0.2664 2.1928e+00    -0.0916   102.3156     8.6201     9.0119    31.9929    31.9948    25.7169    25.7186    8.43942 0.0000e+00
      18207     31.872    -1.0133    -1.0196   2.597564   2.597244     2.2082     2.6902      8.098     0.9838     0.2664 2.1979e+00    -0.0919   102.3246     8.6222     9.0110    31.9928    31.9952    25.7168    25.7189    8.43942 0.0000e+00
      18210     31.850    -1.0131    -1.0196   2.597611   2.597218     2.2086     2.6898      8.098     1.0156     0.2269 2.2030e+00    -0.0919   102.3246     8.6260     9.0060    31.9932    31.9948    25.7172    25.7186    8.43936 0.0000e+00
      18242     31.810    -1.0116    -1.0183   2.597696   2.597295     2.2090     2.6906      8.098     1.0262     0.2664 2.2159e+00    -0.0919   102.3246     8.6266     9.0063    31.9928    31.9945    25.7168    25.7183    8.43903 0.0000e+00
      18305     31.737    -1.0106    -1.0156   2.597737   2.597426     2.2103     2.6914      8.098     1.0791     0.7401 2.2416e+00    -0.0919   102.3246     8.6346     9.0040    31.9923    31.9934    25.7164    25.7174    8.43883 0.0000e+00
      18309     31.703    -1.0105    -1.0156   2.597740   2.597435     2.2115     2.6918      8.098     1.0791     0.7401 2.2494e+00    -0.0919   102.3246     8.6438     9.0068    31.9922    31.9936    25.7163    25.7175    8.43880 0.0000e+00
      18312     31.676    -1.0102    -1.0156   2.597762   2.597448     2.2111     2.6926      8.098     0.9838     0.7401 2.2520e+00    -0.0926   102.3427     8.6415     9.0112    31.9923    31.9938    25.7163    25.7177    8.43874 0.0000e+00
      18315     31.647    -1.0099    -1.0154   2.597770   2.597446     2.2119     2.6918      8.098     0.9627     0.6611 2.2520e+00    -0.0923   102.3336     8.6433     9.0051    31.9921    31.9935    25.7161    25.7175    8.43867 0.0000e+00
      18318     31.617    -1.0098    -1.0152   2.597785   2.597462     2.2111     2.6914      8.098     0.9838     0.0690 2.2598e+00    -0.0848   102.1437     8.6393     9.0032    31.9922    31.9936    25.7162    25.7175    8.43865 0.0000e+00
      18321     31.586    -1.0097    -1.0151   2.597778   2.597481     2.2115     2.6918      8.098     0.9838     0.0295 2.2598e+00    -0.0518   101.3027     8.6417     9.0039    31.9920    31.9937    25.7160    25.7176    8.43863 0.0000e+00
      18324     31.554    -1.0095    -1.0147   2.597772   2.597516     2.2111     2.6918      8.098     0.9732     0.0295 2.2702e+00    -0.0525   101.3208     8.6404     9.0025    31.9918    31.9938    25.7159    25.7177    8.43861 0.0000e+00
      18327     31.520    -1.0094    -1.0143   2.597793   2.597517     2.2115     2.6914      8.098     0.9838     0.0295 2.2834e+00    -0.0518   101.3027     8.6386     9.0015    31.9919    31.9935    25.7160    25.7174    8.43857 0.0000e+00
      18330     31.486    -1.0092    -1.0141   2.597780   2.597502     2.2115     2.6926      8.098     0.9732     0.0295 2.2781e+00    -0.0525   101.3208     8.6358     9.0085    31.9916    31.9930    25.7157    25.7170    8.43856 0.0000e+00
      18333     31.453    -1.0096    -1.0142   2.597777   2.597496     2.2119     2.6926      8.098     0.9732     0.0295 2.2887e+00    -0.0525   101.3208     8.6364     9.0079    31.9920    31.9931    25.7160    25.7171    8.43862 0.0000e+00
      18336     31.417    -1.0094    -1.0141   2.597777   2.597502     2.2115     2.6922      8.098     0.9838     0.0295 2.2993e+00    -0.0518   101.3027     8.6331     9.0086    31.9918    31.9931    25.7159    25.7170    8.43859 0.0000e+00
      18339     31.385    -1.0095    -1.0143   2.597756   2.597489     2.2123     2.6914      8.098     0.9732     0.0295 2.2966e+00     0.0068    99.8377     8.6352     9.0085    31.9916    31.9931    25.7157    25.7171    8.43861 0.0000e+00
      18342     31.352    -1.0096    -1.0142   2.597783   2.597474     2.2119     2.6918      8.098     0.9732    -0.1284 2.3020e+00     0.0844    97.9115     8.6327     9.0102    31.9921    31.9928    25.7161    25.7168    8.43861 0.0000e+00
      18345     31.320    -1.0094    -1.0143   2.597783   2.597472     2.2119     2.6914      8.098     0.9627    -0.3653 2.3046e+00     0.0811    97.9929     8.6331     9.0063    31.9919    31.9929    25.7160    25.7170    8.43857 0.0000e+00
      18348     31.284    -1.0089    -1.0142   2.597809   2.597478     2.2111     2.6918      8.098     0.9838    -0.3258 2.3073e+00     0.0815    97.9839     8.6264     9.0083    31.9917    31.9929    25.7158    25.7169    8.43846 0.0000e+00
      18351     31.252    -1.0090    -1.0145   2.597783   2.597487     2.2115     2.6926      8.098     0.9838    -0.3258 2.3126e+00     0.0815    97.9839     8.6263     9.0109    31.9915    31.9933    25.7156    25.7173    8.43850 0.0000e+00
      18354     31.220    -1.0092    -1.0144   2.597774   2.597480     2.2119     2.6922      8.098     0.9732    -0.3258 2.3153e+00     0.0815    97.9839     8.6285     9.0082    31.9917    31.9932    25.7158    25.7172    8.43855 0.0000e+00
      18357     31.190    -1.0087    -1.0146   2.597792   2.597462     2.2119     2.6926      8.098     0.9838    -0.3258 2.3180e+00     0.0815    97.9839     8.6292     9.0117    31.9914    31.9932    25.7155    25.7171    8.43845 0.0000e+00
      18360     31.159    -1.0087    -1.0146   2.597806   2.597463     2.2115     2.6926      8.098     0.9944    -0.3258 2.3314e+00    -0.0410   101.0405     8.6256     9.0147    31.9915    31.9932    25.7157    25.7171    8.43843 0.0000e+00
      18363     31.132    -1.0086    -1.0146   2.597830   2.597444     2.2111     2.6926      8.098     0.9732    -0.3258 2.3423e+00    -0.0916   102.3156     8.6233     9.0147    31.9918    31.9929    25.7159    25.7170    8.43840 0.0000e+00
      18366     31.108    -1.0088    -1.0144   2.597825   2.597483     2.2119     2.6926      8.098     0.9732    -0.3258 2.3395e+00    -0.0898   102.2703     8.6325     9.0125    31.9919    31.9933    25.7160    25.7173    8.43842 0.0000e+00
      18691     31.080    -1.0187    -1.0241   2.597301   2.596982     2.2135     2.6926      8.098     0.9097     3.3457 2.3558e+00    -0.0951   102.4060     8.6397     9.0044    31.9955    31.9968    25.7191    25.7204    8.44051 0.0000e+00
      18694     31.052    -1.0183    -1.0238   2.597295   2.597003     2.2127     2.6926      8.098     0.9097     3.3457 2.3640e+00    -0.0951   102.4060     8.6364     9.0040    31.9949    31.9968    25.7187    25.7204    8.44044 0.0000e+00
      18697     31.027    -1.0182    -1.0234   2.597321   2.597009     2.2123     2.6930      8.098     0.9097     3.3457 2.3640e+00    -0.0951   102.4060     8.6382     9.0019    31.9952    31.9965    25.7189    25.7201    8.44040 0.0000e+00
      18700     31.000    -1.0181    -1.0233   2.597311   2.597019     2.2139     2.6926      8.098     0.9097     3.3457 2.3695e+00    -0.0951   102.4060     8.6489     9.0020    31.9950    31.9966    25.7187    25.7202    8.44040 0.0000e+00
      18703     30.974    -1.0178    -1.0230   2.597328   2.597043     2.2127     2.6934      8.098     0.9203     3.3457 2.3750e+00    -0.0937   102.3698     8.6413     9.0045    31.9949    31.9966    25.7186    25.7201    8.44033 0.0000e+00
      18707     30.946    -1.0179    -1.0228   2.597330   2.597036     2.2127     2.6918      8.098     0.9415     1.6086 2.3777e+00    -0.0930   102.3517     8.6377     8.9983    31.9950    31.9963    25.7188    25.7199    8.44034 0.0000e+00
      19179     30.909    -1.0233    -1.0277   2.597036   2.596794     2.2119     2.6906      8.098     0.9732    -0.4443 2.4109e+00    -0.0947   102.3969     8.6215     8.9974    31.9969    31.9983    25.7204    25.7217    8.44148 0.0000e+00
      20235     30.874    -1.0053    -1.0084   2.598098   2.597866     2.2164     2.6955      8.101     0.9415     3.5036 2.4221e+00    -0.0905   102.2884     8.6414     9.0130    31.9920    31.9922    25.7159    25.7162    8.43762 0.0000e+00
      20764     30.851    -0.9959    -0.9992   2.598624   2.598382     2.2184     2.6963      8.103     0.9097     4.8854 2.4249e+00    -0.0891   102.2522     8.6478     9.0117    31.9891    31.9895    25.7133    25.7137    8.43563 0.0000e+00
      21661     30.826    -1.0035    -1.0075   2.598363   2.598126     2.2147     2.6938      8.103     0.9415     2.1219 2.3945e+00    -0.0391   100.9862     8.6428     9.0078    31.9938    31.9948    25.7173    25.7183    8.43711 0.0000e+00
      22111     30.797    -1.0069    -1.0089   2.598244   2.598130     2.2135     2.6914      8.103     0.9521     0.8586 2.3860e+00    -0.0137   100.3441     8.6419     9.0009    31.9958    31.9964    25.7190    25.7196    8.43777 0.0000e+00
      22114     30.769    -1.0057    -1.0060   2.598303   2.598214     2.2135     2.6914      8.103     0.9521     0.8586 2.3860e+00    -0.0137   100.3441     8.6393     8.9970    31.9953    31.9945    25.7186    25.7179    8.43752 0.0000e+00
      22117     30.742    -1.0050    -1.0052   2.598325   2.598192     2.2135     2.6926      8.103     0.9521     0.8586 2.3887e+00    -0.0130   100.3260     8.6374     8.9993    31.9949    31.9933    25.7182    25.7169    8.43738 0.0000e+00
      22120     30.714    -1.0044    -1.0067   2.598308   2.598125     2.2139     2.6935      8.101     0.9415     0.8586 2.3942e+00    -0.0105   100.2627     8.6380     9.0057    31.9940    31.9940    25.7176    25.7176    8.43730 0.0000e+00
      22123     30.689    -1.0048    -1.0081   2.598308   2.598073     2.2139     2.6930      8.101     0.9521     0.8586 2.4026e+00    -0.0101   100.2537     8.6395     9.0068    31.9945    31.9948    25.7180    25.7183    8.43737 0.0000e+00
      22126     30.666    -1.0001    -1.0087   2.598588   2.598040     2.2135     2.6914      8.103     0.9309     0.8586 2.4054e+00    -0.0105   100.2627     8.6393     9.0015    31.9932    31.9950    25.7168    25.7185    8.43635 0.0000e+00
      22149     30.568    -0.9916    -1.0059   2.599015   2.598192     2.2139     2.6930      8.103     0.9415     0.4243 2.4165e+00    -0.0213   100.5340     8.6427     9.0136    31.9901    31.9941    25.7139    25.7177    8.43459 0.0000e+00
      22193     30.398    -0.9921    -0.9977   2.598802   2.598618     2.2152     2.6947      8.103     0.9732    -0.3258 2.4446e+00    -0.0428   101.0766     8.6473     9.0334    31.9878    31.9913    25.7121    25.7151    8.43483 0.0000e+00
      22196     30.375    -0.9964    -0.9960   2.598633   2.598626     2.2143     2.6947      8.103     0.9627    -0.3653 2.4531e+00    -0.0425   101.0676     8.6478     9.0335    31.9901    31.9896    25.7141    25.7137    8.43569 0.0000e+00
      22199     30.348    -0.9993    -0.9963   2.598541   2.598691     2.2143     2.6947      8.103     0.9838    -0.3653 2.4559e+00    -0.0285   100.7149     8.6452     9.0328    31.9919    31.9908    25.7157    25.7147    8.43624 0.0000e+00
      22202     30.319    -1.0021    -0.9928   2.598409   2.598838     2.2135     2.6951      8.103     0.9732    -0.3258 2.4588e+00    -0.0198   100.4979     8.6375     9.0327    31.9932    31.9891    25.7167    25.7132    8.43681 0.0000e+00
      22205     30.288    -1.0035    -0.9901   2.598402   2.598892     2.2148     2.6947      8.103     0.9732    -0.3258 2.4702e+00    -0.0202   100.5069     8.6466     9.0258    31.9946    31.9870    25.7180    25.7114    8.43706 0.0000e+00
      22208     30.253    -1.0002    -0.9889   2.598578   2.598892     2.2143     2.6959      8.103     0.9732    -0.3653 2.4816e+00    -0.0202   100.5069     8.6455     9.0261    31.9936    31.9857    25.7170    25.7103    8.43637 0.0000e+00
      22211     30.214    -0.9971    -0.9897   2.598631   2.598811     2.2156     2.6951      8.100     0.9838    -0.3653 2.4902e+00    -0.0202   100.5069     8.6601     9.0191    31.9909    31.9855    25.7148    25.7101    8.43580 0.0000e+00
      22214     30.171    -0.9952    -0.9914   2.598713   2.598712     2.2143     2.6959      8.103     0.9732    -0.3258 2.5047e+00    -0.0202   100.5069     8.6579     9.0218    31.9900    31.9860    25.7140    25.7106    8.43542 0.0000e+00
      22217     30.126    -0.9946    -0.9937   2.598750   2.598588     2.2152     2.6963      8.103     0.9627    -0.3258 2.5134e+00    -0.0198   100.4979     8.6626     9.0255    31.9899    31.9868    25.7139    25.7113    8.43529 0.0000e+00
      22220     30.078    -0.9942    -0.9964   2.598744   2.598531     2.2156     2.6963      8.103     0.9838    -0.3258 2.5163e+00     0.0047    99.8829     8.6662     9.0262    31.9894    31.9889    25.7135    25.7131    8.43522 0.0000e+00
