Datasets/AZMP/TEL210/tel210_2020_109.cnv
* Sea-Bird SBE 9 Data File:
* FileName = C:\CTDDATA\tel210_2020_109.hex
* Software Version Seasave V 7.26.7.110
* Temperature SN = 1697
* Conductivity SN = 4216
* Number of Bytes Per Scan = 30
* Number of Voltage Words = 4
* Number of Scans Averaged by the Deck Unit = 1
* NMEA baud rate = 4800
** VESSEL/TRIP/SEQ STN:  tel210_2020_109
** LATITUDE XX XX.XX: 55 18.80 N
** LONGITUDE XX XX.XX: 58 17.20 W
** SOUNDING DEPTH (M): 0280
** PROBE TYPE: S1146
** CTD NUMBER: 075
** COMMENTS (14 CHAR): MB-03
** BOTTLES:  11
** LEVELS: 5,10,20,30,40,50,75,100,150,250,BTM
** STICKERS: 436319 - 436329
** VNET: Y
** DO2: N
# nquan = 22
# nvalues = 5515                        
# units = specified
# name 0 = scan: Scan Count
# name 1 = prDM: Pressure, Digiquartz [db]
# name 2 = t090C: Temperature [ITS-90, deg C]
# name 3 = t190C: Temperature, 2 [ITS-90, deg C]
# name 4 = c0S/m: Conductivity [S/m]
# name 5 = c1S/m: Conductivity, 2 [S/m]
# name 6 = sbeox0V: Oxygen raw, SBE 43 [V]
# name 7 = sbeox1V: Oxygen raw, SBE 43, 2 [V]
# name 8 = ph: pH
# name 9 = flECO-AFL: Fluorescence, WET Labs ECO-AFL/FL [mg/m^3]
# name 10 = wetCDOM: Fluorescence, WET Labs CDOM [mg/m^3]
# name 11 = par/sat/log: PAR/Logarithmic, Satlantic [umol photons/m^2/sec]
# name 12 = CStarAt0: Beam Attenuation, WET Labs C-Star [1/m]
# name 13 = CStarTr0: Beam Transmission, WET Labs C-Star [%]
# name 14 = sbeox0ML/L: Oxygen, SBE 43 [ml/l], WS = 2
# name 15 = sbeox1ML/L: Oxygen, SBE 43, 2 [ml/l], WS = 2
# name 16 = sal00: Salinity, Practical [PSU]
# name 17 = sal11: Salinity, Practical, 2 [PSU]
# name 18 = sigma-t00: Density [sigma-t, kg/m^3 ]
# name 19 = sigma-t11: Density, 2 [sigma-t, kg/m^3 ]
# name 20 = oxsatML/L: Oxygen Saturation, Weiss [ml/l]
# name 21 = flag: flag
# span 0 =         42,      46324       
# span 1 =      1.411,    267.468       
# span 2 =    -1.2427,     7.7440       
# span 3 =    -1.2469,     7.7417       
# span 4 =   2.605153,   3.225189       
# span 5 =   2.604673,   3.224837       
# span 6 =     1.9162,     2.4419       
# span 7 =     2.3216,     3.0176       
# span 8 =      7.989,      8.261       
# span 9 =     0.6664,     3.3224       
# span 10 =    -2.8130,   482.1870      
# span 11 = 1.0715e-01, 6.4775e+02      
# span 12 =    -0.1449,     0.2155      
# span 13 =    94.7555,   103.6901      
# span 14 =     7.0664,     8.9505      
# span 15 =     7.1443,     9.7323      
# span 16 =    31.0025,    33.4442      
# span 17 =    31.0008,    33.4449      
# span 18 =    24.1717,    26.8638      
# span 19 =    24.1710,    26.8646      
# span 20 =    6.82001,    8.46096      
# span 21 = 0.0000e+00, 0.0000e+00      
# interval = scans: 3                   
# start_time = Jul 27 2020 18:04:32 [System UTC, header]
# bad_flag = -9.990e-29
*END*
[from data line 4939]
      31583     47.443    -0.7095    -0.7140   2.637830   2.637548     2.1328     2.5933      8.087     0.7510     3.2273 5.2615e+00    -0.1152   102.9214     8.1936     8.5736    32.2027    32.2036    25.8768    25.8778    8.35807 0.0000e+00
      31586     47.366    -0.7084    -0.7127   2.637849   2.637575     2.1344     2.5937      8.087     0.7405     3.2273 5.2859e+00    -0.1148   102.9124     8.1995     8.5770    32.2017    32.2027    25.8761    25.8770    8.35786 0.0000e+00
      31589     47.294    -0.7081    -0.7115   2.637863   2.637598     2.1332     2.5941      8.089     0.7616     3.2273 5.3104e+00    -0.1145   102.9033     8.1947     8.5836    32.2017    32.2018    25.8760    25.8762    8.35780 0.0000e+00
      31592     47.227    -0.7075    -0.7109   2.637863   2.637617     2.1332     2.5937      8.087     0.7299     3.2273 5.3227e+00    -0.1152   102.9214     8.1998     8.5829    32.2011    32.2014    25.8755    25.8759    8.35770 0.0000e+00
      31595     47.164    -0.7073    -0.7106   2.637883   2.637622     2.1344     2.5945      8.087     0.7405     2.7536 5.3535e+00    -0.1152   102.9214     8.2081     8.5841    32.2012    32.2012    25.8755    25.8757    8.35764 0.0000e+00
      31598     47.101    -0.7072    -0.7094   2.637884   2.637676     2.1340     2.5954      8.087     0.7616     2.5167 5.3845e+00    -0.1152   102.9214     8.2071     8.5884    32.2011    32.2007    25.8755    25.8753    8.35762 0.0000e+00
      31601     47.044    -0.7050    -0.7067   2.638000   2.637772     2.1340     2.5958      8.087     0.7299     2.5167 5.3970e+00    -0.1152   102.9214     8.2061     8.5930    32.2003    32.1992    25.8748    25.8739    8.35717 0.0000e+00
      31604     46.986    -0.7012    -0.7037   2.638144   2.637942     2.1340     2.5970      8.087     0.7616     2.5167 5.4158e+00    -0.1152   102.9214     8.2060     8.6001    32.1982    32.1982    25.8730    25.8730    8.35643 0.0000e+00
      31607     46.931    -0.6988    -0.6997   2.638233   2.638098     2.1336     2.5966      8.087     0.7616     2.5167 5.4283e+00    -0.1148   102.9124     8.2041     8.6013    32.1970    32.1961    25.8719    25.8711    8.35597 0.0000e+00
      31610     46.881    -0.6935    -0.6968   2.638681   2.638237     2.1348     2.5970      8.087     0.7510     2.5167 5.4661e+00    -0.1152   102.9214     8.2113     8.6053    32.1973    32.1949    25.8720    25.8701    8.35475 0.0000e+00
      31613     46.825    -0.6849    -0.6985   2.639224   2.638146     2.1352     2.5982      8.087     0.7405     2.5167 5.4724e+00    -0.1152   102.9214     8.2173     8.6126    32.1955    32.1955    25.8702    25.8706    8.35290 0.0000e+00
      31616     46.767    -0.6791    -0.6943   2.639185   2.638797     2.1364     2.5978      8.087     0.7405     2.5167 5.4851e+00    -0.1152   102.9214     8.2237     8.6115    32.1888    32.1998    25.8645    25.8740    8.35198 0.0000e+00
      31619     46.709    -0.6815    -0.6831   2.639422   2.639400     2.1360     2.5982      8.087     0.7299     2.3983 5.4978e+00    -0.1152   102.9214     8.2231     8.6081    32.1946    32.1960    25.8693    25.8705    8.35219 0.0000e+00
      31622     46.647    -0.6753    -0.6775   2.639683   2.639528     2.1364     2.5994      8.087     0.7616    -0.9180 5.5169e+00    -0.1152   102.9214     8.2238     8.6112    32.1916    32.1918    25.8666    25.8669    8.35098 0.0000e+00
      31625     46.581    -0.6727    -0.6753   2.639857   2.639640     2.1364     2.5998      8.087     0.7616    -1.1944 5.5489e+00    -0.1152   102.9214     8.2218     8.6162    32.1911    32.1910    25.8662    25.8662    8.35041 0.0000e+00
      31628     46.512    -0.6679    -0.6724   2.640257   2.639898     2.1364     2.6003      8.087     0.7405    -1.1549 5.5489e+00    -0.1148   102.9124     8.2206     8.6204    32.1915    32.1914    25.8663    25.8664    8.34931 0.0000e+00
      31631     46.435    -0.6625    -0.6711   2.640471   2.639874     2.1368     2.6015      8.087     0.7405    -1.1549 5.5618e+00    -0.1152   102.9214     8.2182     8.6284    32.1886    32.1897    25.8637    25.8650    8.34824 0.0000e+00
      31634     46.356    -0.6604    -0.6702   2.640661   2.640202     2.1376     2.6019      8.089     0.7616    -1.1549 5.5875e+00    -0.1152   102.9214     8.2177     8.6313    32.1890    32.1932    25.8640    25.8678    8.34776 0.0000e+00
      31637     46.273    -0.6566    -0.6646   2.640843   2.640447     2.1380     2.6019      8.090     0.7616    -1.1944 5.6199e+00    -0.1148   102.9124     8.2184     8.6290    32.1874    32.1906    25.8626    25.8655    8.34699 0.0000e+00
      31640     46.183    -0.6570    -0.6643   2.640852   2.640323     2.1389     2.6031      8.089     0.7405    -1.1549 5.6590e+00    -0.1152   102.9214     8.2254     8.6341    32.1880    32.1887    25.8631    25.8639    8.34704 0.0000e+00
      31643     46.089    -0.6562    -0.6679   2.640903   2.639980     2.1380     2.6027      8.089     0.7510    -1.1549 5.6918e+00    -0.1152   102.9214     8.2228     8.6292    32.1879    32.1880    25.8629    25.8635    8.34687 0.0000e+00
      31646     45.989    -0.6510    -0.6723   2.641522   2.639728     2.1376     2.6039      8.087     0.7510    -0.2864 5.7182e+00    -0.1152   102.9214     8.2226     8.6323    32.1907    32.1894    25.8651    25.8648    8.34554 0.0000e+00
      31649     45.882    -0.6420    -0.6767   2.642143   2.639843     2.1389     2.6055      8.087     0.7616     2.9904 5.7714e+00    -0.1145   102.9033     8.2264     8.6370    32.1895    32.1956    25.8637    25.8700    8.34357 0.0000e+00
      31652     45.768    -0.6358    -0.6610   2.642476   2.642111     2.1389     2.6055      8.090     0.7405     2.8720 5.8115e+00    -0.1141   102.8943     8.2224     8.6298    32.1874    32.2093    25.8618    25.8805    8.34229 0.0000e+00
      31655     45.646    -0.6375    -0.6383   2.642086   2.642466     2.1389     2.6064      8.089     0.7299     2.8720 5.8385e+00    -0.1145   102.9033     8.2222     8.6259    32.1840    32.1900    25.8592    25.8640    8.34286 0.0000e+00
      31658     45.524    -0.6349    -0.6389   2.643236   2.642752     2.1397     2.6068      8.090     0.7616     2.8720 5.8927e+00    -0.1148   102.9124     8.2216     8.6254    32.1968    32.1946    25.8694    25.8678    8.34155 0.0000e+00
      31661     45.399    -0.6139    -0.6334   2.644588   2.642791     2.1401     2.6064      8.090     0.7510     2.8720 5.9269e+00    -0.1141   102.8943     8.2188     8.6181    32.1926    32.1893    25.8652    25.8632    8.33706 0.0000e+00
      31664     45.269    -0.6073    -0.6377   2.644914   2.642060     2.1409     2.6072      8.090     0.7299     2.8720 5.9682e+00    -0.1141   102.8943     8.2209     8.6174    32.1900    32.1842    25.8629    25.8593    8.33572 0.0000e+00
      31667     45.135    -0.6017    -0.6363   2.645070   2.643874     2.1409     2.6072      8.089     0.7510     2.8720 6.0446e+00    -0.1145   102.9033     8.2162     8.6104    32.1862    32.2070    25.8597    25.8778    8.33468 0.0000e+00
      31670     45.000    -0.5983    -0.6091   2.645631   2.645393     2.1417     2.6080      8.090     0.7510     2.8720 6.1148e+00    -0.1148   102.9124     8.2141     8.5982    32.1902    32.1985    25.8628    25.8698    8.33369 0.0000e+00
      31673     44.863    -0.5872    -0.5931   2.646344   2.645991     2.1405     2.6084      8.090     0.7616     3.1089 6.1788e+00    -0.1152   102.9214     8.1999     8.5908    32.1881    32.1896    25.8606    25.8621    8.33132 0.0000e+00
      31676     44.727    -0.5795    -0.5856   2.646674   2.646310     2.1413     2.6092      8.092     0.7405     3.3457 6.2290e+00    -0.1152   102.9214     8.1982     8.5875    32.1843    32.1860    25.8573    25.8589    8.32980 0.0000e+00
      31679     44.588    -0.5759    -0.5811   2.646821   2.646500     2.1417     2.6092      8.092     0.7510     3.3457 6.2869e+00    -0.1152   102.9214     8.1966     8.5797    32.1825    32.1837    25.8557    25.8569    8.32909 0.0000e+00
      31682     44.447    -0.5732    -0.5763   2.647083   2.647019     2.1417     2.6092      8.090     0.7616     3.3457 6.3453e+00    -0.1152   102.9214     8.1901     8.5725    32.1833    32.1857    25.8562    25.8583    8.32844 0.0000e+00
      31685     44.303    -0.5662    -0.5677   2.647847   2.647972     2.1417     2.6092      8.092     0.7510     3.3457 6.3969e+00    -0.1152   102.9214     8.1850     8.5630    32.1861    32.1894    25.8582    25.8609    8.32670 0.0000e+00
      31688     44.161    -0.5555    -0.5544   2.648825   2.649046     2.1421     2.6096      8.091     0.7616     3.3457 6.4563e+00    -0.1152   102.9214     8.1830     8.5544    32.1879    32.1897    25.8593    25.8607    8.32420 0.0000e+00
      31691     44.016    -0.5423    -0.5418   2.649923   2.650120     2.1409     2.6092      8.091     0.7405     3.3457 6.5163e+00    -0.1138   102.8853     8.1722     8.5431    32.1887    32.1907    25.8594    25.8611    8.32121 0.0000e+00
      31694     43.875    -0.5290    -0.5298   2.650903   2.650836     2.1421     2.6096      8.091     0.7510     3.3457 6.5844e+00    -0.1131   102.8672     8.1772     8.5353    32.1877    32.1877    25.8581    25.8582    8.31828 0.0000e+00
      31697     43.734    -0.5215    -0.5248   2.651232   2.650929     2.1421     2.6092      8.091     0.7510     3.3457 6.6456e+00    -0.1131   102.8672     8.1755     8.5274    32.1842    32.1836    25.8550    25.8547    8.31679 0.0000e+00
      31700     43.598    -0.5196    -0.5236   2.651261   2.650925     2.1417     2.6092      8.091     0.7616     3.8195 6.7229e+00    -0.1131   102.8672     8.1686     8.5226    32.1826    32.1824    25.8537    25.8537    8.31645 0.0000e+00
      31703     43.466    -0.5196    -0.5238   2.651183   2.650862     2.1429     2.6084      8.091     0.7510     3.9379 6.7697e+00    -0.1134   102.8762     8.1752     8.5186    32.1816    32.1819    25.8529    25.8533    8.31650 0.0000e+00
      31706     43.334    -0.5204    -0.5247   2.651047   2.650723     2.1417     2.6088      8.091     0.7616     3.9379 6.8247e+00    -0.1134   102.8762     8.1700     8.5203    32.1808    32.1811    25.8523    25.8526    8.31674 0.0000e+00
      31709     43.211    -0.5210    -0.5249   2.651068   2.650786     2.1425     2.6080      8.091     0.7510     3.9379 6.8801e+00    -0.1131   102.8672     8.1730     8.5152    32.1818    32.1822    25.8531    25.8535    8.31682 0.0000e+00
      31712     43.099    -0.5194    -0.5237   2.651204   2.650903     2.1425     2.6084      8.091     0.7616     3.9379 6.9200e+00    -0.1120   102.8400     8.1700     8.5166    32.1819    32.1825    25.8531    25.8538    8.31644 0.0000e+00
      31715     42.994    -0.5178    -0.5218   2.651310   2.650988     2.1425     2.6084      8.091     0.7405     3.9379 6.9763e+00    -0.1131   102.8672     8.1678     8.5175    32.1817    32.1817    25.8529    25.8530    8.31610 0.0000e+00
      31718     42.899    -0.5166    -0.5214   2.651276   2.650855     2.1433     2.6080      8.091     0.7405     3.9379 7.0167e+00    -0.1127   102.8581     8.1680     8.5160    32.1801    32.1795    25.8515    25.8513    8.31593 0.0000e+00
      31721     42.814    -0.5176    -0.5233   2.651022   2.650616     2.1421     2.6080      8.091     0.7510     3.9379 7.0492e+00    -0.1127   102.8581     8.1624     8.5174    32.1778    32.1785    25.8497    25.8505    8.31628 0.0000e+00
      31724     42.743    -0.5198    -0.5250   2.650900   2.650549     2.1425     2.6072      8.093     0.7510     3.9379 7.0819e+00    -0.1127   102.8581     8.1627     8.5177    32.1785    32.1794    25.8504    25.8513    8.31673 0.0000e+00
      31727     42.679    -0.5207    -0.5252   2.650844   2.650568     2.1429     2.6084      8.091     0.7299     3.7405 7.0983e+00    -0.1124   102.8491     8.1647     8.5261    32.1788    32.1799    25.8506    25.8517    8.31693 0.0000e+00
      31730     42.618    -0.5211    -0.5255   2.650826   2.650514     2.1433     2.6076      8.093     0.7405     3.7010 7.1230e+00    -0.1124   102.8491     8.1669     8.5222    32.1790    32.1795    25.8508    25.8514    8.31701 0.0000e+00
      31733     42.564    -0.5214    -0.5262   2.650756   2.650371     2.1421     2.6076      8.091     0.7299     3.7010 7.1477e+00    -0.1131   102.8672     8.1568     8.5245    32.1784    32.1784    25.8503    25.8505    8.31709 0.0000e+00
      31736     42.514    -0.5224    -0.5276   2.650512   2.650202     2.1421     2.6076      8.094     0.7510     3.7010 7.1560e+00    -0.1131   102.8672     8.1563     8.5278    32.1762    32.1776    25.8486    25.8499    8.31744 0.0000e+00
      31739     42.468    -0.5243    -0.5288   2.650426   2.650079     2.1429     2.6076      8.094     0.7510     3.7010 7.1975e+00    -0.1131   102.8672     8.1592     8.5300    32.1772    32.1773    25.8495    25.8497    8.31783 0.0000e+00
      31742     42.423    -0.5263    -0.5319   2.650074   2.649654     2.1429     2.6072      8.093     0.7510     3.7010 7.1975e+00    -0.1127   102.8581     8.1592     8.5314    32.1746    32.1749    25.8475    25.8479    8.31842 0.0000e+00
      31745     42.382    -0.5287    -0.5431   2.650031   2.648621     2.1425     2.6072      8.093     0.7510     3.7010 7.2142e+00    -0.1127   102.8581     8.1588     8.5361    32.1765    32.1730    25.8491    25.8468    8.31883 0.0000e+00
      31748     42.344    -0.5280    -0.5560   2.649877   2.647645     2.1429     2.6080      8.091     0.7510     3.7010 7.2225e+00    -0.1131   102.8672     8.1602     8.5420    32.1738    32.1737    25.8469    25.8478    8.31884 0.0000e+00
      31751     42.309    -0.5330    -0.5668   2.649686   2.647068     2.1429     2.6080      8.094     0.7510     2.0824 7.2225e+00    -0.1124   102.8491     8.1643     8.5421    32.1766    32.1776    25.8493    25.8513    8.31980 0.0000e+00
      31754     42.278    -0.5293    -0.5680   2.649971   2.647650     2.1425     2.6068      8.094     0.7405    -1.4707 7.2225e+00    -0.1127   102.8581     8.1629     8.5399    32.1764    32.1866    25.8491    25.8587    8.31897 0.0000e+00
      31757     42.248    -0.5269    -0.5677   2.650029   2.647333     2.1421     2.6080      8.094     0.7405    -1.2733 7.2225e+00    -0.1131   102.8672     8.1609     8.5450    32.1748    32.1821    25.8476    25.8550    8.31854 0.0000e+00
      31760     42.219    -0.5296    -0.5753   2.649808   2.646851     2.1425     2.6084      8.093     0.7405    -1.2733 7.2225e+00    -0.1131   102.8672     8.1613     8.5499    32.1747    32.1837    25.8477    25.8567    8.31915 0.0000e+00
      31764     42.188    -0.5324    -0.5767   2.649854   2.646927     2.1425     2.6076      8.094     0.7405    -1.2733 7.2225e+00    -0.1127   102.8581     8.1613     8.5471    32.1783    32.1863    25.8507    25.8588    8.31957 0.0000e+00
      31768     42.152    -0.5288    -0.5755   2.650003   2.646987     2.1425     2.6080      8.094     0.7405    -1.3128 7.2225e+00    -0.1127   102.8581     8.1616     8.5478    32.1765    32.1858    25.8490    25.8584    8.31887 0.0000e+00
      31771     42.125    -0.5264    -0.5709   2.649844   2.647465     2.1429     2.6076      8.096     0.7616    -1.2733 7.2225e+00    -0.1124   102.8491     8.1634     8.5436    32.1718    32.1874    25.8452    25.8594    8.31859 0.0000e+00
      31774     42.100    -0.5300    -0.5638   2.649901   2.647950     2.1433     2.6068      8.094     0.7405    -1.3128 7.2225e+00    -0.1131   102.8672     8.1690     8.5407    32.1763    32.1862    25.8490    25.8583    8.31914 0.0000e+00
      31777     42.073    -0.5293    -0.5598   2.649778   2.648071     2.1425     2.6080      8.096     0.7510    -0.7206 7.2309e+00    -0.1131   102.8672     8.1682     8.5450    32.1740    32.1836    25.8471    25.8560    8.31911 0.0000e+00
