Datasets/AZMP/TEL210/tel210_2020_001.cnv
* Sea-Bird SBE 9 Data File:
* FileName = C:\CTDDATA\tel210_2020_001.hex
* Software Version Seasave V 7.26.7.110
* Temperature SN = 1697
* Conductivity SN = 4216
* Number of Bytes Per Scan = 30
* Number of Voltage Words = 4
* Number of Scans Averaged by the Deck Unit = 1
* NMEA baud rate = 4800
** VESSEL/TRIP/SEQ STN:  tel210_2020_001
** LATITUDE XX XX.XX: 47 32.80 N
** LONGITUDE XX XX.XX: 052 35.20 W
** SOUNDING DEPTH (M): 0176
** PROBE TYPE: S1146
** CTD NUMBER: 001
** COMMENTS (14 CHAR): S27-01
** BOTTLES:  10
** LEVELS: 5,10,20,30,40,50,75,100,150,BTM
** STICKERS: 435734 - 435743
** VNET: y
** DO2: n
# nquan = 22
# nvalues = 4378                        
# units = specified
# name 0 = scan: Scan Count
# name 1 = prDM: Pressure, Digiquartz [db]
# name 2 = t090C: Temperature [ITS-90, deg C]
# name 3 = t190C: Temperature, 2 [ITS-90, deg C]
# name 4 = c0S/m: Conductivity [S/m]
# name 5 = c1S/m: Conductivity, 2 [S/m]
# name 6 = sbeox0V: Oxygen raw, SBE 43 [V]
# name 7 = sbeox1V: Oxygen raw, SBE 43, 2 [V]
# name 8 = ph: pH
# name 9 = flECO-AFL: Fluorescence, WET Labs ECO-AFL/FL [mg/m^3]
# name 10 = wetCDOM: Fluorescence, WET Labs CDOM [mg/m^3]
# name 11 = par/sat/log: PAR/Logarithmic, Satlantic [umol photons/m^2/sec]
# name 12 = CStarAt0: Beam Attenuation, WET Labs C-Star [1/m]
# name 13 = CStarTr0: Beam Transmission, WET Labs C-Star [%]
# name 14 = sbeox0ML/L: Oxygen, SBE 43 [ml/l], WS = 2
# name 15 = sbeox1ML/L: Oxygen, SBE 43, 2 [ml/l], WS = 2
# name 16 = sal00: Salinity, Practical [PSU]
# name 17 = sal11: Salinity, Practical, 2 [PSU]
# name 18 = sigma-t00: Density [sigma-t, kg/m^3 ]
# name 19 = sigma-t11: Density, 2 [sigma-t, kg/m^3 ]
# name 20 = oxsatML/L: Oxygen Saturation, Weiss [ml/l]
# name 21 = flag: flag
# span 0 =         37,      46305       
# span 1 =      0.604,    171.436       
# span 2 =    -1.6201,    11.6687       
# span 3 =    -1.6261,    11.6636       
# span 4 =   2.603934,   3.630165       
# span 5 =   2.603592,   3.629673       
# span 6 =     1.8315,     2.3990       
# span 7 =     2.2116,     2.9449       
# span 8 =      7.689,      8.031       
# span 9 =    -0.6019,     3.4375       
# span 10 =    -2.8130,   482.1870      
# span 11 = 1.0703e-01, 1.8046e+01      
# span 12 =    -0.1717,     0.0855      
# span 13 =    97.8844,   104.3864      
# span 14 =     6.0537,     8.6875      
# span 15 =     5.9858,     9.1284      
# span 16 =    31.1842,    33.1516      
# span 17 =    31.5092,    33.1516      
# span 18 =    23.6952,    26.6415      
# span 19 =    24.0330,    26.6417      
# span 20 =    6.22166,    8.53930      
# span 21 = 0.0000e+00, 0.0000e+00      
# interval = scans: 3                   
# start_time = Jul 14 2020 22:33:27 [System UTC, header]
# bad_flag = -9.990e-29
*END*
[from data line 3227]
      22161     88.794    -1.4816    -1.4870   2.610046   2.609684     2.0200     2.4594      7.788    -0.5206     1.5692 1.0740e-01    -0.1665   104.2508     7.8180     8.1993    32.6348    32.6358    26.2505    26.2514    8.51039 0.0000e+00
      22164     88.698    -1.4816    -1.4868   2.610025   2.609706     2.0200     2.4589      7.788    -0.5308     1.5692 1.0715e-01    -0.1665   104.2508     7.8211     8.1947    32.6345    32.6359    26.2503    26.2515    8.51039 0.0000e+00
      22167     88.604    -1.4817    -1.4869   2.609999   2.609677     2.0209     2.4585      7.788    -0.5206     1.5692 1.0715e-01    -0.1669   104.2598     7.8255     8.1934    32.6344    32.6357    26.2502    26.2513    8.51044 0.0000e+00
      22170     88.515    -1.4819    -1.4877   2.610001   2.609634     2.0204     2.4585      7.788    -0.5206     2.4772 1.0715e-01    -0.1672   104.2689     7.8235     8.1944    32.6346    32.6359    26.2504    26.2516    8.51046 0.0000e+00
      22173     88.428    -1.4822    -1.4877   2.609938   2.609638     2.0200     2.4585      7.788    -0.5206     6.3067 1.0715e-01    -0.1676   104.2779     7.8204     8.1943    32.6342    32.6361    26.2500    26.2517    8.51055 0.0000e+00
      22176     88.345    -1.4836    -1.4887   2.609758   2.609571     2.0200     2.4585      7.788    -0.5206     6.1882 1.0715e-01    -0.1669   104.2598     7.8182     8.1922    32.6333    32.6363    26.2493    26.2519    8.51093 0.0000e+00
      22179     88.264    -1.4864    -1.4924   2.609468   2.609409     2.0200     2.4573      7.788    -0.5308     6.1882 1.0715e-01    -0.1676   104.2779     7.8189     8.1902    32.6324    32.6382    26.2487    26.2536    8.51165 0.0000e+00
      22182     88.185    -1.4895    -1.4910   2.609220   2.609468     2.0200     2.4582      7.788    -0.5206     6.1882 1.0727e-01    -0.1676   104.2779     7.8185     8.1943    32.6325    32.6375    26.2488    26.2529    8.51237 0.0000e+00
      22185     88.108    -1.4906    -1.4898   2.609177   2.609483     2.0204     2.4582      7.788    -0.5206     6.1882 1.0727e-01    -0.1665   104.2508     7.8191     8.1929    32.6331    32.6365    26.2493    26.2521    8.51258 0.0000e+00
      22188     88.031    -1.4923    -1.4899   2.608995   2.609484     2.0209     2.4586      7.788    -0.5206     6.1882 1.0727e-01    -0.1665   104.2508     7.8217     8.1971    32.6325    32.6366    26.2489    26.2521    8.51301 0.0000e+00
      22191     87.957    -1.4956    -1.4898   2.608684   2.609484     2.0200     2.4586      7.788    -0.5206     6.1882 1.0715e-01    -0.1665   104.2508     7.8206     8.1984    32.6319    32.6366    26.2485    26.2522    8.51382 0.0000e+00
      22194     87.882    -1.4963    -1.4904   2.608694   2.609468     2.0200     2.4586      7.788    -0.5308     6.1882 1.0715e-01    -0.1665   104.2508     7.8232     8.2005    32.6328    32.6370    26.2493    26.2525    8.51393 0.0000e+00
      22197     87.807    -1.4957    -1.4905   2.608656   2.609442     2.0200     2.4582      7.788    -0.5206     3.2273 1.0715e-01    -0.1665   104.2508     7.8222     8.2026    32.6318    32.6369    26.2484    26.2524    8.51386 0.0000e+00
      22200     87.729    -1.4936    -1.4906   2.608897   2.609457     2.0200     2.4582      7.788    -0.5206    -0.0495 1.0715e-01    -0.1665   104.2508     7.8213     8.2043    32.6327    32.6372    26.2491    26.2527    8.51330 0.0000e+00
      22203     87.653    -1.4937    -1.4912   2.608912   2.609332     2.0209     2.4594      7.788    -0.4900     0.1084 1.0715e-01    -0.1665   104.2508     7.8289     8.2077    32.6332    32.6362    26.2495    26.2519    8.51331 0.0000e+00
      22206     87.578    -1.4959    -1.4922   2.608805   2.609304     2.0200     2.4590      7.788    -0.4900     0.0690 1.0715e-01    -0.1662   104.2417     7.8263     8.2015    32.6341    32.6369    26.2503    26.2525    8.51376 0.0000e+00
      22209     87.498    -1.5007    -1.4984   2.608454   2.608752     2.0200     2.4577      7.788    -0.4798     0.1084 1.0727e-01    -0.1672   104.2689     7.8251     8.1966    32.6346    32.6361    26.2508    26.2520    8.51486 0.0000e+00
      22212     87.415    -1.4988    -1.5118   2.608633   2.607678     2.0209     2.4586      7.788    -0.4798     0.1479 1.0727e-01    -0.1676   104.2779     7.8317     8.2023    32.6351    32.6362    26.2511    26.2524    8.51439 0.0000e+00
      22215     87.333    -1.4983    -1.5233   2.608700   2.606759     2.0204     2.4586      7.788    -0.4798     0.1084 1.0727e-01    -0.1669   104.2598     7.8345     8.2056    32.6355    32.6361    26.2515    26.2526    8.51425 0.0000e+00
      22218     87.249    -1.4964    -1.5278   2.608690   2.606481     2.0204     2.4594      7.788    -0.4900     0.1479 1.0715e-01    -0.1672   104.2689     7.8336     8.2119    32.6333    32.6374    26.2497    26.2537    8.51393 0.0000e+00
      22221     87.160    -1.4965    -1.5244   2.608584   2.606530     2.0200     2.4594      7.788    -0.4900     0.1084 1.0727e-01    -0.1669   104.2598     7.8254     8.2106    32.6320    32.6343    26.2486    26.2512    8.51403 0.0000e+00
      22224     87.066    -1.4981    -1.5260   2.608615   2.606164     2.0209     2.4590      7.788    -0.4798     0.1479 1.0715e-01    -0.1672   104.2689     7.8283     8.2074    32.6342    32.6310    26.2505    26.2486    8.51426 0.0000e+00
      22227     86.968    -1.4997    -1.5292   2.608375   2.606040     2.0217     2.4582      7.788    -0.4798     0.0690 1.0752e-01    -0.1665   104.2508     7.8343     8.2043    32.6328    32.6330    26.2493    26.2502    8.51474 0.0000e+00
      22230     86.870    -1.5015    -1.5264   2.608282   2.606146     2.0204     2.4586      7.788    -0.5104     0.0690 1.0752e-01    -0.1665   104.2508     7.8291     8.2083    32.6335    32.6314    26.2500    26.2489    8.51511 0.0000e+00
      22233     86.767    -1.5039    -1.5270   2.608040   2.606080     2.0204     2.4586      7.788    -0.5206     0.1479 1.0752e-01    -0.1665   104.2508     7.8248     8.2094    32.6329    32.6312    26.2495    26.2487    8.51570 0.0000e+00
      22236     86.662    -1.5216    -1.5277   2.606530   2.606046     2.0213     2.4586      7.788    -0.5206     0.1479 1.0752e-01    -0.1665   104.2508     7.8359     8.2054    32.6316    32.6315    26.2489    26.2490    8.51993 0.0000e+00
      22239     86.552    -1.5219    -1.5220   2.606580   2.606693     2.0217     2.4590      7.788    -0.5104     0.1084 1.0752e-01    -0.1665   104.2508     7.8437     8.2034    32.6326    32.6343    26.2497    26.2511    8.51992 0.0000e+00
      22242     86.434    -1.5126    -1.5144   2.607504   2.607291     2.0204     2.4594      7.788    -0.5206     0.1084 1.0752e-01    -0.1665   104.2508     7.8347     8.2028    32.6353    32.6343    26.2517    26.2509    8.51761 0.0000e+00
      22245     86.311    -1.5064    -1.5096   2.607921   2.607644     2.0196     2.4586      7.788    -0.5104     0.1084 1.0727e-01    -0.1665   104.2508     7.8268     8.2009    32.6342    32.6339    26.2507    26.2505    8.51621 0.0000e+00
      22248     86.188    -1.5023    -1.5081   2.608304   2.607716     2.0209     2.4594      7.788    -0.5206     0.1874 1.0727e-01    -0.1658   104.2327     7.8274     8.2048    32.6351    32.6333    26.2513    26.2500    8.51520 0.0000e+00
      22251     86.059    -1.5000    -1.5085   2.608438   2.607640     2.0217     2.4586      7.788    -0.5206     1.3718 1.0740e-01    -0.1665   104.2508     7.8314     8.2037    32.6345    32.6328    26.2508    26.2496    8.51471 0.0000e+00
      22254     85.926    -1.5011    -1.5084   2.608171   2.607784     2.0204     2.4594      7.786    -0.5104     1.4507 1.0715e-01    -0.1662   104.2417     7.8289     8.2070    32.6321    32.6348    26.2489    26.2511    8.51510 0.0000e+00
      22257     85.791    -1.5008    -1.5061   2.608317   2.607968     2.0204     2.4590      7.786    -0.5104     1.4507 1.0715e-01    -0.1662   104.2417     7.8244     8.2032    32.6338    32.6349    26.2502    26.2512    8.51492 0.0000e+00
      22260     85.657    -1.4988    -1.5066   2.608536   2.607884     2.0225     2.4586      7.786    -0.5206     1.4507 1.0715e-01    -0.1655   104.2236     7.8294     8.1993    32.6348    32.6344    26.2509    26.2508    8.51440 0.0000e+00
      22263     85.518    -1.5007    -1.5112   2.608060   2.607164     2.0217     2.4586      7.788    -0.5206     1.4507 1.0727e-01    -0.1658   104.2327     7.8289     8.1991    32.6304    32.6296    26.2474    26.2470    8.51511 0.0000e+00
      22266     85.376    -1.5036    -1.5119   2.607697   2.606708     2.0217     2.4594      7.788    -0.5206     1.4507 1.0715e-01    -0.1655   104.2236     7.8319     8.2035    32.6286    32.6242    26.2460    26.2427    8.51588 0.0000e+00
      22269     85.235    -1.5047    -1.5117   2.607430   2.606581     2.0209     2.4586      7.786    -0.5206     1.4507 1.0715e-01    -0.1655   104.2236     7.8234     8.2000    32.6262    32.6223    26.2442    26.2411    8.51628 0.0000e+00
      22272     85.093    -1.5062    -1.5118   2.607101   2.606547     2.0209     2.4590      7.788    -0.5206     1.4507 1.0727e-01    -0.1655   104.2236     7.8214     8.1997    32.6235    32.6220    26.2420    26.2409    8.51680 0.0000e+00
      22275     84.951    -1.5069    -1.5118   2.606918   2.606517     2.0209     2.4598      7.788    -0.5206     2.7140 1.0727e-01    -0.1655   104.2236     7.8200     8.2045    32.6218    32.6217    26.2406    26.2406    8.51705 0.0000e+00
      22278     84.808    -1.5071    -1.5119   2.606836   2.606529     2.0217     2.4598      7.788    -0.5308     5.6750 1.0727e-01    -0.1655   104.2236     7.8290     8.2033    32.6210    32.6220    26.2399    26.2408    8.51715 0.0000e+00
      22281     84.667    -1.5065    -1.5100   2.606823   2.606664     2.0204     2.4586      7.788    -0.5002     5.5960 1.0715e-01    -0.1655   104.2236     7.8186     8.1981    32.6203    32.6219    26.2394    26.2408    8.51706 0.0000e+00
      22284     84.529    -1.5064    -1.5091   2.606840   2.606694     2.0204     2.4590      7.788    -0.4900     5.5960 1.0727e-01    -0.1655   104.2236     7.8187     8.1983    32.6205    32.6215    26.2395    26.2404    8.51703 0.0000e+00
      22287     84.396    -1.5055    -1.5079   2.606844   2.606695     2.0213     2.4586      7.788    -0.4900     5.5960 1.0740e-01    -0.1648   104.2055     7.8273     8.1941    32.6196    32.6202    26.2387    26.2393    8.51686 0.0000e+00
      22290     84.267    -1.5056    -1.5082   2.606913   2.606703     2.0209     2.4594      7.788    -0.4697     5.5960 1.0715e-01    -0.1648   104.2055     7.8245     8.1953    32.6208    32.6207    26.2397    26.2398    8.51682 0.0000e+00
      22293     84.142    -1.5000    -1.5083   2.607259   2.606736     2.0213     2.4586      7.786    -0.4900     5.5960 1.0715e-01    -0.1651   104.2146     7.8257     8.1916    32.6194    32.6214    26.2385    26.2403    8.51558 0.0000e+00
      22296     84.022    -1.4993    -1.5065   2.607223   2.606807     2.0213     2.4590      7.788    -0.4900     5.5960 1.0715e-01    -0.1651   104.2146     7.8243     8.1905    32.6183    32.6204    26.2375    26.2394    8.51549 0.0000e+00
      22299     83.903    -1.5001    -1.5037   2.607195   2.607148     2.0213     2.4594      7.788    -0.4900     5.5960 1.0715e-01    -0.1651   104.2146     7.8282     8.1905    32.6188    32.6221    26.2380    26.2408    8.51564 0.0000e+00
      22302     83.787    -1.4995    -1.5030   2.607203   2.607120     2.0217     2.4586      7.788    -0.4798     2.8325 1.0715e-01    -0.1651   104.2146     7.8324     8.1888    32.6184    32.6210    26.2376    26.2398    8.51553 0.0000e+00
      22305     83.677    -1.4989    -1.5041   2.607206   2.607056     2.0213     2.4586      7.786    -0.4900     0.8980 1.0715e-01    -0.1648   104.2055     7.8285     8.1897    32.6178    32.6215    26.2371    26.2402    8.51542 0.0000e+00
      22308     83.572    -1.4998    -1.5012   2.607214   2.607216     2.0213     2.4590      7.786    -0.4595     0.9770 1.0727e-01    -0.1648   104.2055     7.8254     8.1893    32.6189    32.6206    26.2381    26.2394    8.51556 0.0000e+00
      22311     83.467    -1.4972    -1.4991   2.607425   2.607244     2.0209     2.4586      7.786    -0.4493     0.9770 1.0727e-01    -0.1655   104.2236     7.8194     8.1860    32.6191    32.6187    26.2382    26.2379    8.51496 0.0000e+00
      22314     83.368    -1.4947    -1.4995   2.607602   2.607125     2.0209     2.4586      7.788    -0.4493     0.9770 1.0727e-01    -0.1655   104.2236     7.8182     8.1858    32.6188    32.6175    26.2379    26.2369    8.51438 0.0000e+00
      22317     83.275    -1.4944    -1.5026   2.607563   2.607024     2.0204     2.4586      7.788    -0.4595     0.9770 1.0715e-01    -0.1655   104.2236     7.8157     8.1871    32.6180    32.6196    26.2372    26.2387    8.51436 0.0000e+00
      22320     83.185    -1.4951    -1.5019   2.607499   2.607146     2.0217     2.4586      7.788    -0.4595     0.9770 1.0715e-01    -0.1655   104.2236     7.8199     8.1857    32.6180    32.6206    26.2372    26.2395    8.51453 0.0000e+00
      22323     83.099    -1.4957    -1.5000   2.607515   2.607296     2.0225     2.4582      7.786    -0.4595     0.9770 1.0715e-01    -0.1651   104.2146     7.8229     8.1855    32.6189    32.6205    26.2380    26.2394    8.51462 0.0000e+00
      22326     83.017    -1.4945    -1.4981   2.607606   2.607369     2.0217     2.4582      7.788    -0.4392     0.9770 1.0715e-01    -0.1651   104.2146     7.8222     8.1879    32.6189    32.6196    26.2379    26.2385    8.51433 0.0000e+00
      22329     82.940    -1.4925    -1.4968   2.607704   2.607424     2.0204     2.4586      7.788    -0.4595    -0.5232 1.0715e-01    -0.1641   104.1875     7.8200     8.1902    32.6181    32.6190    26.2372    26.2381    8.51391 0.0000e+00
      22332     82.866    -1.4927    -1.4974   2.607681   2.607413     2.0213     2.4582      7.788    -0.4595    -0.7996 1.0715e-01    -0.1641   104.1875     7.8251     8.1902    32.6180    32.6195    26.2371    26.2385    8.51396 0.0000e+00
      22335     82.792    -1.4924    -1.4984   2.607680   2.607323     2.0204     2.4582      7.786    -0.4798    -0.7206 1.0715e-01    -0.1644   104.1965     7.8204     8.1929    32.6177    32.6194    26.2369    26.2384    8.51390 0.0000e+00
      22338     82.720    -1.4931    -1.4966   2.607592   2.607443     2.0217     2.4586      7.785    -0.4900    -0.7601 1.0740e-01    -0.1644   104.1965     7.8247     8.1951    32.6173    32.6191    26.2366    26.2381    8.51409 0.0000e+00
      22341     82.649    -1.4961    -1.4991   2.607300   2.607235     2.0213     2.4577      7.788    -0.4798    -0.7206 1.0715e-01    -0.1641   104.1875     7.8216     8.1954    32.6166    32.6190    26.2361    26.2381    8.51483 0.0000e+00
      22344     82.580    -1.4995    -1.5047   2.607002   2.606893     2.0204     2.4586      7.788    -0.4798    -0.6811 1.0727e-01    -0.1644   104.1965     7.8154     8.2019    32.6163    32.6205    26.2360    26.2395    8.51565 0.0000e+00
      22347     82.511    -1.5017    -1.5111   2.606890   2.606397     2.0213     2.4586      7.786    -0.4900    -0.6811 1.0715e-01    -0.1644   104.1965     7.8241     8.2030    32.6172    32.6208    26.2367    26.2399    8.51611 0.0000e+00
      22350     82.439    -1.5022    -1.5205   2.606858   2.605476     2.0217     2.4586      7.788    -0.5002    -0.6811 1.0727e-01    -0.1644   104.1965     7.8323     8.2052    32.6174    32.6184    26.2369    26.2381    8.51623 0.0000e+00
      22353     82.365    -1.5009    -1.5236   2.606933   2.605046     2.0225     2.4586      7.786    -0.4900    79.5403 1.0727e-01    -0.1644   104.1965     7.8356     8.2073    32.6170    32.6160    26.2366    26.2363    8.51594 0.0000e+00
