Datasets/AZMP/TEL210/tel210_2020_006.cnv
* Sea-Bird SBE 9 Data File:
* FileName = C:\CTDDATA\tel210_2020_006.hex
* Software Version Seasave V 7.26.7.110
* Temperature SN = 1697
* Conductivity SN = 4216
* Number of Bytes Per Scan = 30
* Number of Voltage Words = 4
* Number of Scans Averaged by the Deck Unit = 1
* NMEA baud rate = 4800
** VESSEL/TRIP/SEQ STN:  tel210_2020_006
** LATITUDE XX XX.XX: 47 00.00 N
** LONGITUDE XX XX.XX: 052 19.30 W
** SOUNDING DEPTH (M): 0125
** PROBE TYPE: S1146
** CTD NUMBER: 005
** COMMENTS (14 CHAR): FC-04
** BOTTLES:  9
** LEVELS: 5,10,20,30,40,50,75,100,BTM
** STICKERS: 435771 - 435779
** VNET: Y
** DO2: N
# nquan = 22
# nvalues = 2887                        
# units = specified
# name 0 = scan: Scan Count
# name 1 = prDM: Pressure, Digiquartz [db]
# name 2 = t090C: Temperature [ITS-90, deg C]
# name 3 = t190C: Temperature, 2 [ITS-90, deg C]
# name 4 = c0S/m: Conductivity [S/m]
# name 5 = c1S/m: Conductivity, 2 [S/m]
# name 6 = sbeox0V: Oxygen raw, SBE 43 [V]
# name 7 = sbeox1V: Oxygen raw, SBE 43, 2 [V]
# name 8 = ph: pH
# name 9 = flECO-AFL: Fluorescence, WET Labs ECO-AFL/FL [mg/m^3]
# name 10 = wetCDOM: Fluorescence, WET Labs CDOM [mg/m^3]
# name 11 = par/sat/log: PAR/Logarithmic, Satlantic [umol photons/m^2/sec]
# name 12 = CStarAt0: Beam Attenuation, WET Labs C-Star [1/m]
# name 13 = CStarTr0: Beam Transmission, WET Labs C-Star [%]
# name 14 = sbeox0ML/L: Oxygen, SBE 43 [ml/l], WS = 2
# name 15 = sbeox1ML/L: Oxygen, SBE 43, 2 [ml/l], WS = 2
# name 16 = sal00: Salinity, Practical [PSU]
# name 17 = sal11: Salinity, Practical, 2 [PSU]
# name 18 = sigma-t00: Density [sigma-t, kg/m^3 ]
# name 19 = sigma-t11: Density, 2 [sigma-t, kg/m^3 ]
# name 20 = oxsatML/L: Oxygen Saturation, Weiss [ml/l]
# name 21 = flag: flag
# span 0 =         13,      30259       
# span 1 =      1.021,    121.678       
# span 2 =    -1.5632,    11.8843       
# span 3 =    -1.5685,    11.8809       
# span 4 =   2.609729,   3.669168       
# span 5 =   2.609268,   3.668615       
# span 6 =     1.8196,     2.3630       
# span 7 =     2.2103,     2.8796       
# span 8 =      7.771,      8.131       
# span 9 =    -0.6019,     0.5275       
# span 10 =    -2.8130,   482.1870      
# span 11 = 1.0715e-01, 1.0036e+02      
# span 12 =    -0.1658,     0.0051      
# span 13 =    99.8739,   104.2327      
# span 14 =     6.0494,     8.2549      
# span 15 =     6.1276,     8.7976      
# span 16 =    31.8253,    33.0546      
# span 17 =    31.8118,    33.0173      
# span 18 =    24.1671,    26.5578      
# span 19 =    24.1939,    26.5309      
# span 20 =    6.18553,    8.52416      
# span 21 = 0.0000e+00, 0.0000e+00      
# interval = scans: 3                   
# start_time = Jul 15 2020 10:00:58 [System UTC, header]
# bad_flag = -9.990e-29
*END*
[from data line 1581]
      10954     96.980    -0.2460    -0.2516   2.728211   2.727853     1.9073     2.3282      7.809    -0.5002     3.1089 1.0752e-01    -0.1236   103.1385     7.0260     7.4261    32.8830    32.8843    26.4086    26.4099    8.21605 0.0000e+00
      11002     96.961    -0.2435    -0.2497   2.728423   2.727973     1.9118     2.3319      7.809    -0.5206     1.0954 1.0740e-01    -0.1240   103.1475     7.0013     7.3796    32.8830    32.8838    26.4085    26.4094    8.21548 0.0000e+00
      11027     96.940    -0.2452    -0.2514   2.728174   2.727930     1.9142     2.3335      7.809    -0.5104     0.1479 1.0740e-01    -0.1243   103.1566     6.9831     7.3566    32.8816    32.8850    26.4074    26.4104    8.21594 0.0000e+00
      11030     96.917    -0.2524    -0.2506   2.727862   2.728030     1.9150     2.3322      7.809    -0.5409     0.1084 1.0752e-01    -0.1243   103.1566     6.9810     7.3471    32.8853    32.8855    26.4107    26.4108    8.21732 0.0000e+00
      11033     96.890    -0.2532    -0.2491   2.727715   2.728069     1.9142     2.3335      7.809    -0.5613     0.0690 1.0752e-01    -0.1247   103.1656     6.9732     7.3496    32.8842    32.8844    26.4098    26.4098    8.21756 0.0000e+00
      11036     96.858    -0.2504    -0.2495   2.728042   2.728059     1.9134     2.3331      7.809    -0.5613     0.1479 1.0752e-01    -0.1247   103.1656     6.9665     7.3442    32.8855    32.8848    26.4108    26.4102    8.21686 0.0000e+00
      11039     96.828    -0.2474    -0.2496   2.728354   2.728098     1.9126     2.3318      7.809    -0.5511     0.1479 1.0752e-01    -0.1243   103.1566     6.9575     7.3365    32.8865    32.8854    26.4115    26.4107    8.21616 0.0000e+00
      11042     96.796    -0.2451    -0.2494   2.728496   2.728106     1.9138     2.3322      7.809    -0.5511     0.1479 1.0752e-01    -0.1250   103.1747     6.9620     7.3356    32.8858    32.8853    26.4108    26.4105    8.21567 0.0000e+00
      11045     96.761    -0.2443    -0.2491   2.728466   2.728121     1.9138     2.3322      7.809    -0.5409    -0.2074 1.0752e-01    -0.1345   103.4188     6.9645     7.3377    32.8847    32.8852    26.4099    26.4105    8.21558 0.0000e+00
      11048     96.726    -0.2451    -0.2511   2.728358   2.727946     1.9122     2.3326      7.809    -0.5511    -0.3653 1.0752e-01    -0.1352   103.4369     6.9571     7.3408    32.8840    32.8851    26.4094    26.4104    8.21577 0.0000e+00
      11051     96.690    -0.2456    -0.2554   2.728310   2.727732     1.9118     2.3318      7.809    -0.5511    -0.4048 1.0752e-01    -0.1352   103.4369     6.9558     7.3401    32.8840    32.8869    26.4093    26.4121    8.21589 0.0000e+00
      11054     96.649    -0.2457    -0.2539   2.728280   2.727766     1.9126     2.3310      7.809    -0.5613    -0.3258 1.0752e-01    -0.1352   103.4369     6.9639     7.3381    32.8838    32.8858    26.4092    26.4111    8.21593 0.0000e+00
      11057     96.608    -0.2471    -0.2542   2.728203   2.727302     1.9122     2.3306      7.809    -0.5308    -0.3258 1.0752e-01    -0.1352   103.4369     6.9688     7.3385    32.8842    32.8800    26.4096    26.4065    8.21621 0.0000e+00
      11060     96.566    -0.2478    -0.2815   2.728068   2.723614     1.9117     2.3298      7.809    -0.5104    -0.3258 1.0752e-01    -0.1352   103.4369     6.9713     7.3506    32.8832    32.8604    26.4088    26.3919    8.21641 0.0000e+00
      11063     96.519    -0.2650    -0.3327   2.727571   2.722140     1.9122     2.3294      7.812    -0.5206    -0.3258 1.0752e-01    -0.1383   103.5183     6.9789     7.3653    32.8952    32.8962    26.4193    26.4230    8.21953 0.0000e+00
      11066     96.470    -0.2605    -0.3032   2.726817   2.723774     1.9130     2.3298      7.814    -0.5206    -0.3653 1.0740e-01    -0.1470   103.7443     6.9885     7.3677    32.8804    32.8861    26.4071    26.4135    8.21938 0.0000e+00
      11069     96.417    -0.2684    -0.3139   2.726339   2.723739     1.9122     2.3294      7.814    -0.5206    -0.3653 1.0752e-01    -0.1470   103.7443     6.9952     7.3793    32.8826    32.8972    26.4092    26.4230    8.22099 0.0000e+00
      11072     96.363    -0.2803    -0.3404   2.725671   2.720925     1.9118     2.3294      7.817    -0.5206     0.0690 1.0752e-01    -0.1467   103.7353     7.0063     7.3991    32.8866    32.8884    26.4130    26.4170    8.22339 0.0000e+00
      11075     96.304    -0.2910    -0.3630   2.724137   2.718070     1.9118     2.3298      7.819    -0.5308     0.1479 1.0752e-01    -0.1467   103.7353     7.0125     7.4222    32.8778    32.8748    26.4063    26.4070    8.22623 0.0000e+00
      11078     96.239    -0.3351    -0.4793   2.719058   2.708531     1.9122     2.3298      7.819    -0.5308     0.1479 1.0752e-01    -0.1467   103.7353     7.0297     7.4641    32.8579    32.8735    26.3921    26.4108    8.23709 0.0000e+00
      11081     96.169    -0.4218    -0.5142   2.711484   2.703545     1.9122     2.3302      7.822    -0.5206     0.0690 1.0752e-01    -0.1467   103.7353     7.0563     7.4887    32.8508    32.8447    26.3900    26.3889    8.25669 0.0000e+00
      11084     96.092    -0.4617    -0.5623   2.708321   2.700366     1.9126     2.3314      7.824    -0.5613     0.1084 1.0752e-01    -0.1467   103.7353     7.0720     7.5166    32.8518    32.8543    26.3925    26.3985    8.26550 0.0000e+00
      11087     96.012    -0.4983    -0.5467   2.705478   2.702830     1.9126     2.3310      7.826    -0.5511     0.1479 1.0752e-01    -0.1470   103.7443     7.0830     7.5225    32.8535    32.8705    26.3953    26.4110    8.27355 0.0000e+00
      11090     95.925    -0.5165    -0.5221   2.704435   2.704887     1.9134     2.3322      7.827    -0.5613     0.1479 1.0752e-01    -0.1474   103.7534     7.0974     7.5342    32.8593    32.8714    26.4008    26.4108    8.27727 0.0000e+00
      11093     95.839    -0.5244    -0.4721   2.703260   2.709952     1.9138     2.3335      7.829    -0.5613     0.1084 1.0752e-01    -0.1474   103.7534     7.1096     7.5384    32.8521    32.8849    26.3953    26.4197    8.27942 0.0000e+00
      11096     95.749    -0.5635    -0.4644   2.699407   2.708847     1.9146     2.3339      7.831    -0.5511     0.1874 1.0752e-01    -0.1474   103.7534     7.1291     7.5490    32.8431    32.8619    26.3895    26.4008    8.28868 0.0000e+00
      11099     95.655    -0.5630    -0.4673   2.700187   2.708628     1.9142     2.3351      7.832    -0.5613     0.6217 1.0752e-01    -0.1474   103.7534     7.1327     7.5631    32.8529    32.8622    26.3975    26.4011    8.28799 0.0000e+00
      11102     95.552    -0.5717    -0.5646   2.698939   2.696843     1.9150     2.3363      7.834    -0.5613     0.6217 1.0752e-01    -0.1467   103.7353     7.1490     7.6014    32.8458    32.8099    26.3920    26.3627    8.29035 0.0000e+00
      11105     95.443    -0.6595    -0.7601   2.689534   2.681854     1.9154     2.3363      7.836    -0.5613     0.6217 1.0752e-01    -0.1460   103.7172     7.1828     7.6533    32.8149    32.8209    26.3704    26.3790    8.31177 0.0000e+00
      11108     95.331    -0.7276    -0.7962   2.685156   2.680320     1.9150     2.3379      7.840    -0.5511     0.5822 1.0752e-01    -0.1456   103.7082     7.2040     7.6720    32.8300    32.8394    26.3852    26.3953    8.32620 0.0000e+00
      11111     95.218    -0.7483    -0.8011   2.683604   2.680654     1.9158     2.3396      7.841    -0.5613     0.5822 1.0752e-01    -0.1460   103.7172     7.2235     7.6836    32.8317    32.8494    26.3873    26.4036    8.33077 0.0000e+00
      11114     95.102    -0.7852    -0.7648   2.680700   2.683527     1.9167     2.3408      7.842    -0.5409     0.6217 1.0752e-01    -0.1456   103.7082     7.2478     7.6843    32.8327    32.8487    26.3895    26.4017    8.33902 0.0000e+00
      11117     94.982    -0.7676    -0.7483   2.682837   2.684424     1.9171     2.3416      7.845    -0.5613     0.5822 1.0752e-01    -0.1456   103.7082     7.2595     7.6914    32.8425    32.8429    26.3968    26.3964    8.33450 0.0000e+00
      11120     94.857    -0.7846    -0.7496   2.680561   2.684231     1.9183     2.3432      7.845    -0.5511     0.6217 1.0752e-01    -0.1460   103.7172     7.2857     7.7063    32.8304    32.8418    26.3876    26.3955    8.33903 0.0000e+00
      11123     94.731    -0.8115    -0.7554   2.678992   2.683388     1.9195     2.3441      7.845    -0.5511    -0.1284 1.0752e-01    -0.1460   103.7172     7.3142     7.7221    32.8386    32.8368    26.3952    26.3917    8.34463 0.0000e+00
      11126     94.608    -0.7781    -0.7671   2.682950   2.682419     1.9207     2.3453      7.845    -0.5409    -0.9180 1.0752e-01    -0.1481   103.7715     7.3236     7.7430    32.8556    32.8365    26.4078    26.3919    8.33611 0.0000e+00
      11129     94.485    -0.7878    -0.7548   2.679859   2.684402     1.9219     2.3465      7.845    -0.5511    -0.8391 1.0752e-01    -0.1477   103.7624     7.3457     7.7577    32.8246    32.8500    26.3830    26.4024    8.34007 0.0000e+00
      11132     94.360    -0.8306    -0.7692   2.675851   2.681397     1.9223     2.3473      7.845    -0.5613    -0.8391 1.0752e-01    -0.1481   103.7715     7.3718     7.7802    32.8172    32.8252    26.3786    26.3828    8.35018 0.0000e+00
      11135     94.242    -0.8596    -0.8207   2.673675   2.677111     1.9244     2.3485      7.848    -0.5613    -0.8391 1.0752e-01    -0.1477   103.7624     7.4016     7.8113    32.8195    32.8235    26.3814    26.3832    8.35661 0.0000e+00
      11138     94.127    -0.8833    -0.8472   2.671987   2.675185     1.9256     2.3514      7.848    -0.5918    -0.7996 1.0752e-01    -0.1481   103.7715     7.4192     7.8430    32.8226    32.8265    26.3847    26.3866    8.36180 0.0000e+00
      11141     94.012    -0.9420    -0.9065   2.665733   2.670372     1.9272     2.3530      7.848    -0.5816    -0.7996 1.0740e-01    -0.1488   103.7896     7.4488     7.8724    32.8019    32.8260    26.3700    26.3883    8.37632 0.0000e+00
      11144     93.904    -1.0318    -0.9171   2.659811   2.670075     1.9285     2.3554      7.850    -0.5816    -0.8391 1.0752e-01    -0.1495   103.8077     7.4824     7.8917    32.8197    32.8337    26.3874    26.3949    8.39575 0.0000e+00
      11147     93.805    -1.0105    -0.8990   2.661822   2.671727     1.9301     2.3579      7.850    -0.6019    -0.8391 1.0752e-01    -0.1530   103.8981     7.4878     7.9012    32.8238    32.8364    26.3901    26.3965    8.39066 0.0000e+00
      11150     93.714    -1.0353    -0.9140   2.659825   2.669639     1.9313     2.3603      7.853    -0.5918     1.7271 1.0752e-01    -0.1530   103.8981     7.5006     7.9142    32.8239    32.8245    26.3909    26.3874    8.39631 0.0000e+00
      11153     93.625    -1.0726    -0.9590   2.655994   2.665479     1.9325     2.3628      7.853    -0.5816     2.4377 1.0752e-01    -0.1530   103.8981     7.5175     7.9315    32.8127    32.8173    26.3830    26.3830    8.40549 0.0000e+00
      11156     93.543    -1.1206    -1.0229   2.651001   2.662303     1.9354     2.3656      7.855    -0.5918     2.3982 1.0752e-01    -0.1530   103.8981     7.5451     7.9509    32.7972    32.8441    26.3720    26.4069    8.41737 0.0000e+00
      11159     93.469    -1.1496    -1.0240   2.648213   2.661581     1.9366     2.3673      7.855    -0.5816     2.3982 1.0752e-01    -0.1533   103.9071     7.5538     7.9477    32.7910    32.8355    26.3679    26.4000    8.42438 0.0000e+00
      11162     93.404    -1.1509    -1.0257   2.649281   2.661350     1.9370     2.3685      7.855    -0.5511     2.3982 1.0752e-01    -0.1530   103.8981     7.5497     7.9439    32.8071    32.8343    26.3809    26.3990    8.42376 0.0000e+00
      11165     93.346    -1.1502    -1.0203   2.649581   2.661360     1.9391     2.3693      7.857    -0.5308     2.3982 1.0752e-01    -0.1575   104.0156     7.5505     7.9400    32.8104    32.8286    26.3836    26.3942    8.42340 0.0000e+00
      11168     93.300    -1.1559    -1.0518   2.649306   2.657551     1.9407     2.3717      7.858    -0.5511     2.3982 1.0752e-01    -0.1606   104.0970     7.5530     7.9489    32.8129    32.8113    26.3858    26.3812    8.42456 0.0000e+00
      11171     93.264    -1.1645    -1.1391   2.648252   2.650663     1.9419     2.3726      7.858    -0.5511     2.3982 1.0752e-01    -0.1603   104.0880     7.5576     7.9650    32.8080    32.8130    26.3821    26.3854    8.42682 0.0000e+00
      11174     93.236    -1.1752    -1.1479   2.647201   2.650566     1.9423     2.3734      7.860    -0.5613     2.4772 1.0752e-01    -0.1603   104.0880     7.5549     7.9578    32.8053    32.8213    26.3803    26.3924    8.42942 0.0000e+00
      11203     93.143    -1.0116    -1.1407   2.661548   2.651041     1.9504     2.3848      7.866    -0.5409     0.7401 1.0752e-01    -0.1624   104.1423     7.4752     7.9456    32.8216    32.8200    26.3882    26.3912    8.39110 0.0000e+00
      11219     93.081    -0.9429    -1.1369   2.668068   2.650677     1.9549     2.3897      7.869    -0.5511    -0.3258 1.0752e-01    -0.1634   104.1694     7.4426     7.9452    32.8352    32.8109    26.3970    26.3837    8.37461 0.0000e+00
      11222     93.049    -0.9342    -1.1883   2.668310   2.646392     1.9553     2.3913      7.872    -0.5511    -0.3653 1.0752e-01    -0.1637   104.1784     7.4439     7.9691    32.8290    32.8088    26.3917    26.3835    8.37299 0.0000e+00
      11225     93.009    -0.9520    -1.2337   2.666267   2.643215     1.9562     2.3913      7.872    -0.5613    -0.3258 1.0752e-01    -0.1634   104.1694     7.4526     7.9826    32.8207    32.8152    26.3856    26.3901    8.37751 0.0000e+00
      11228     92.961    -0.9810    -1.2776   2.663915   2.643619     1.9562     2.3933      7.874    -0.5511    -0.5627 1.0752e-01    -0.1634   104.1694     7.4569     7.9998    32.8205    32.8690    26.3864    26.4350    8.38412 0.0000e+00
      11231     92.902    -0.9958    -1.1702   2.664198   2.653669     1.9570     2.3933      7.874    -0.5511    -0.5627 1.0752e-01    -0.1634   104.1694     7.4630     7.9687    32.8406    32.8883    26.4031    26.4474    8.38633 0.0000e+00
      11234     92.835    -0.9680    -0.9963   2.665399   2.663331     1.9574     2.3941      7.876    -0.5511    -0.6022 1.0752e-01    -0.1634   104.1694     7.4600     7.9300    32.8265    32.8294    26.3908    26.3941    8.38082 0.0000e+00
      11237     92.759    -0.9890    -0.9974   2.662305   2.661390     1.9578     2.3949      7.879    -0.5409    -0.5627 1.0752e-01    -0.1634   104.1694     7.4697     7.9354    32.8075    32.8043    26.3761    26.3738    8.38669 0.0000e+00
      11240     92.671    -1.0223    -1.1054   2.659194   2.650993     1.9586     2.3958      7.879    -0.5714    -0.6022 1.0752e-01    -0.1634   104.1694     7.4825     7.9735    32.8018    32.7809    26.3726    26.3584    8.39462 0.0000e+00
      11243     92.573    -1.0943    -1.2574   2.653789   2.637530     1.9578     2.3974      7.880    -0.5816    -0.6022 1.0752e-01    -0.1634   104.1694     7.4919     8.0255    32.8070    32.7637    26.3791    26.3490    8.41077 0.0000e+00
      11246     92.471    -1.0603    -1.3720   2.658835   2.629594     1.9590     2.3986      7.879    -0.5816    -0.5627 1.0740e-01    -0.1644   104.1965     7.4871     8.0623    32.8384    32.7808    26.4035    26.3661    8.40117 0.0000e+00
      11249     92.364    -1.1078    -1.4134   2.650442   2.627015     1.9598     2.3998      7.880    -0.5918    -0.5627 1.0740e-01    -0.1651   104.2146     7.5066     8.0830    32.7763    32.7909    26.3547    26.3755    8.41565 0.0000e+00
      11252     92.248    -1.2280    -1.4258   2.638891   2.625888     1.9602     2.4007      7.885    -0.5816    -0.6811 1.0752e-01    -0.1651   104.2146     7.5437     8.0952    32.7504    32.7892    26.3373    26.3744    8.44480 0.0000e+00
