Datasets/AZMP/TEL210/tel210_2020_087.cnv
* Sea-Bird SBE 9 Data File:
* FileName = C:\CTDDATA\tel210_2020_087.hex
* Software Version Seasave V 7.26.7.110
* Temperature SN = 1697
* Conductivity SN = 4216
* Number of Bytes Per Scan = 30
* Number of Voltage Words = 4
* Number of Scans Averaged by the Deck Unit = 1
* NMEA baud rate = 4800
** VESSEL/TRIP/SEQ STN:  tel210_2020_087
** LATITUDE XX XX.XX: 53 45.40 N
** LONGITUDE XX XX.XX: 054 46.60 W
** SOUNDING DEPTH (M): 0164
** PROBE TYPE: S1146
** CTD NUMBER: 057
** COMMENTS (14 CHAR): SI-06
** BOTTLES:  9
** LEVELS: 5,10,20,30,40,50,75,100,BTM
** STICKERS: 436151 - 436159
** VNET: Y
** DO2: N
# nquan = 22
# nvalues = 3854                        
# units = specified
# name 0 = scan: Scan Count
# name 1 = prDM: Pressure, Digiquartz [db]
# name 2 = t090C: Temperature [ITS-90, deg C]
# name 3 = t190C: Temperature, 2 [ITS-90, deg C]
# name 4 = c0S/m: Conductivity [S/m]
# name 5 = c1S/m: Conductivity, 2 [S/m]
# name 6 = sbeox0V: Oxygen raw, SBE 43 [V]
# name 7 = sbeox1V: Oxygen raw, SBE 43, 2 [V]
# name 8 = ph: pH
# name 9 = flECO-AFL: Fluorescence, WET Labs ECO-AFL/FL [mg/m^3]
# name 10 = wetCDOM: Fluorescence, WET Labs CDOM [mg/m^3]
# name 11 = par/sat/log: PAR/Logarithmic, Satlantic [umol photons/m^2/sec]
# name 12 = CStarAt0: Beam Attenuation, WET Labs C-Star [1/m]
# name 13 = CStarTr0: Beam Transmission, WET Labs C-Star [%]
# name 14 = sbeox0ML/L: Oxygen, SBE 43 [ml/l], WS = 2
# name 15 = sbeox1ML/L: Oxygen, SBE 43, 2 [ml/l], WS = 2
# name 16 = sal00: Salinity, Practical [PSU]
# name 17 = sal11: Salinity, Practical, 2 [PSU]
# name 18 = sigma-t00: Density [sigma-t, kg/m^3 ]
# name 19 = sigma-t11: Density, 2 [sigma-t, kg/m^3 ]
# name 20 = oxsatML/L: Oxygen Saturation, Weiss [ml/l]
# name 21 = flag: flag
# span 0 =         11,      29819       
# span 1 =      2.162,    165.288       
# span 2 =    -0.3985,    10.2397       
# span 3 =    -0.4042,    10.2353       
# span 4 =   2.742066,   3.537744       
# span 5 =   2.741500,   3.537243       
# span 6 =     1.8836,     2.5951       
# span 7 =     2.2625,     3.1646       
# span 8 =      7.930,      8.290       
# span 9 =     0.6664,     7.0156       
# span 10 =    -2.8130,   482.1870      
# span 11 = 1.0617e-01, 5.4252e-01      
# span 12 =    -0.1415,     1.0204      
# span 13 =    77.4831,   103.5997      
# span 14 =     6.3671,     9.6275      
# span 15 =     6.6091,    10.1435      
# span 16 =    31.9062,    34.2525      
# span 17 =    31.8272,    34.2603      
# span 18 =    24.5872,    27.3649      
# span 19 =    24.5858,    27.3839      
# span 20 =    6.40484,    8.22673      
# span 21 = 0.0000e+00, 0.0000e+00      
# interval = scans: 3                   
# start_time = Jul 25 2020 06:03:45 [System UTC, header]
# bad_flag = -9.990e-29
*END*
[from data line 3029]
      15719     60.523    -0.3672    -0.3601   2.749768   2.751085     2.0117     2.4298      7.974     0.7828     1.2533 1.0715e-01    -0.1397   103.5544     7.4456     7.7491    33.3237    33.3334    26.7699    26.7775    8.21793 0.0000e+00
      15722     60.442    -0.3692    -0.3668   2.749516   2.750323     2.0125     2.4302      7.977     0.7934     1.0954 1.0727e-01    -0.1394   103.5454     7.4518     7.7514    33.3226    33.3306    26.7692    26.7756    8.21844 0.0000e+00
      15725     60.355    -0.3695    -0.3685   2.749482   2.750191     2.0125     2.4302      7.974     0.7934     1.0954 1.0740e-01    -0.1401   103.5635     7.4504     7.7522    33.3224    33.3308    26.7690    26.7758    8.21850 0.0000e+00
      15728     60.268    -0.3688    -0.3694   2.749625   2.750086     2.0117     2.4306      7.977     0.7934     1.0954 1.0715e-01    -0.1404   103.5725     7.4453     7.7515    33.3237    33.3305    26.7701    26.7756    8.21829 0.0000e+00
      15731     60.178    -0.3697    -0.3692   2.749354   2.750196     2.0113     2.4306      7.974     0.7722     1.0954 1.0715e-01    -0.1404   103.5725     7.4469     7.7482    33.3211    33.3318    26.7680    26.7766    8.21863 0.0000e+00
      15734     60.087    -0.3711    -0.3680   2.749056   2.750699     2.0121     2.4306      7.974     0.7722     1.0954 1.0715e-01    -0.1404   103.5725     7.4479     7.7451    33.3187    33.3372    26.7661    26.7809    8.21908 0.0000e+00
      15737     59.993    -0.3716    -0.3654   2.749123   2.750998     2.0121     2.4310      7.979     0.7616     1.0954 1.0715e-01    -0.1404   103.5725     7.4486     7.7437    33.3201    33.3385    26.7673    26.7818    8.21909 0.0000e+00
      15740     59.896    -0.3711    -0.3650   2.749184   2.750753     2.0117     2.4306      7.976     0.7510     1.0954 1.0715e-01    -0.1404   103.5725     7.4471     7.7428    33.3205    33.3348    26.7676    26.7789    8.21897 0.0000e+00
      15743     59.799    -0.3714    -0.3681   2.749163   2.749646     2.0129     2.4302      7.974     0.7616     1.0954 1.0740e-01    -0.1401   103.5635     7.4532     7.7433    33.3206    33.3235    26.7677    26.7698    8.21903 0.0000e+00
      15746     59.698    -0.3714    -0.3726   2.749023   2.749580     2.0125     2.4310      7.977     0.7510     1.0559 1.0727e-01    -0.1404   103.5725     7.4530     7.7456    33.3189    33.3275    26.7662    26.7733    8.21914 0.0000e+00
      15749     59.598    -0.3721    -0.3699   2.748875   2.750410     2.0121     2.4314      7.976     0.7405     1.0954 1.0727e-01    -0.1404   103.5725     7.4553     7.7449    33.3177    33.3357    26.7653    26.7798    8.21936 0.0000e+00
      15752     59.498    -0.3721    -0.3661   2.748912   2.751014     2.0129     2.4302      7.974     0.7616     1.0954 1.0715e-01    -0.1404   103.5725     7.4614     7.7368    33.3183    33.3397    26.7658    26.7829    8.21933 0.0000e+00
      15755     59.393    -0.3726    -0.3649   2.748652   2.750964     2.0129     2.4310      7.976     0.7510     1.0954 1.0715e-01    -0.1404   103.5725     7.4604     7.7413    33.3154    33.3378    26.7635    26.7812    8.21960 0.0000e+00
      15758     59.290    -0.3737    -0.3667   2.748521   2.750284     2.0121     2.4310      7.974     0.7405     1.0954 1.0715e-01    -0.1404   103.5725     7.4557     7.7447    33.3149    33.3307    26.7632    26.7756    8.21986 0.0000e+00
      15761     59.188    -0.3750    -0.3705   2.748235   2.749588     2.0125     2.4310      7.976     0.7405     1.0954 1.0727e-01    -0.1404   103.5725     7.4614     7.7471    33.3125    33.3257    26.7612    26.7718    8.22027 0.0000e+00
      15764     59.084    -0.3761    -0.3748   2.748021   2.748610     2.0125     2.4310      7.976     0.7510     1.0954 1.0727e-01    -0.1404   103.5725     7.4632     7.7502    33.3110    33.3173    26.7601    26.7652    8.22061 0.0000e+00
      15767     58.981    -0.3768    -0.3777   2.747906   2.748416     2.0129     2.4314      7.976     0.7510     1.0954 1.0727e-01    -0.1404   103.5725     7.4673     7.7530    33.3102    33.3180    26.7595    26.7658    8.22080 0.0000e+00
      15770     58.880    -0.3769    -0.3775   2.747881   2.748379     2.0133     2.4306      7.976     0.7510     0.4637 1.0727e-01    -0.1404   103.5725     7.4711     7.7489    33.3101    33.3173    26.7594    26.7653    8.22084 0.0000e+00
      15773     58.779    -0.3773    -0.3793   2.747796   2.747852     2.0133     2.4314      7.976     0.7616    -1.0364 1.0727e-01    -0.1404   103.5725     7.4705     7.7560    33.3094    33.3124    26.7588    26.7613    8.22096 0.0000e+00
      15776     58.683    -0.3775    -0.3812   2.747791   2.747556     2.0133     2.4306      7.974     0.7510    -0.9180 1.0715e-01    -0.1404   103.5725     7.4673     7.7550    33.3097    33.3105    26.7591    26.7599    8.22099 0.0000e+00
      15779     58.584    -0.3770    -0.3823   2.747933   2.747359     2.0133     2.4318      7.976     0.7616    -0.9180 1.0727e-01    -0.1408   103.5816     7.4672     7.7576    33.3111    33.3092    26.7602    26.7589    8.22081 0.0000e+00
      15782     58.491    -0.3759    -0.3829   2.748109   2.747347     2.0137     2.4326      7.974     0.7510    -0.9180 1.0727e-01    -0.1408   103.5816     7.4662     7.7629    33.3123    33.3097    26.7611    26.7594    8.22050 0.0000e+00
      15785     58.397    -0.3763    -0.3829   2.747979   2.747303     2.0141     2.4314      7.976     0.7616    -0.9180 1.0715e-01    -0.1397   103.5544     7.4660     7.7591    33.3110    33.3092    26.7601    26.7589    8.22065 0.0000e+00
      15788     58.304    -0.3762    -0.3831   2.748028   2.747276     2.0146     2.4318      7.974     0.7510    -0.9180 1.0715e-01    -0.1394   103.5454     7.4654     7.7611    33.3116    33.3091    26.7606    26.7589    8.22059 0.0000e+00
      15791     58.214    -0.3767    -0.3828   2.747818   2.747316     2.0146     2.4322      7.974     0.7510    -0.9180 1.0715e-01    -0.1394   103.5454     7.4623     7.7663    33.3094    33.3094    26.7589    26.7591    8.22083 0.0000e+00
      15794     58.126    -0.3775    -0.3828   2.747662   2.747338     2.0141     2.4322      7.976     0.7510    -0.9180 1.0727e-01    -0.1394   103.5454     7.4599     7.7682    33.3083    33.3097    26.7580    26.7594    8.22107 0.0000e+00
      15797     58.042    -0.3772    -0.3814   2.747759   2.747627     2.0137     2.4326      7.976     0.7510     0.0295 1.0715e-01    -0.1394   103.5454     7.4584     7.7676    33.3092    33.3121    26.7587    26.7612    8.22094 0.0000e+00
      15800     57.956    -0.3772    -0.3822   2.747764   2.747179     2.0137     2.4322      7.974     0.7510     0.7401 1.0740e-01    -0.1394   103.5454     7.4573     7.7646    33.3094    33.3070    26.7589    26.7572    8.22095 0.0000e+00
      15803     57.873    -0.3772    -0.3828   2.747737   2.747303     2.0137     2.4322      7.977     0.7616     0.7401 1.0727e-01    -0.1394   103.5454     7.4570     7.7619    33.3091    33.3094    26.7585    26.7591    8.22095 0.0000e+00
      15806     57.790    -0.3761    -0.3802   2.747956   2.748108     2.0141     2.4330      7.974     0.7510     0.7401 1.0715e-01    -0.1394   103.5454     7.4572     7.7641    33.3108    33.3174    26.7600    26.7655    8.22061 0.0000e+00
      15809     57.707    -0.3761    -0.3767   2.747867   2.748184     2.0141     2.4326      7.977     0.7510     0.7006 1.0727e-01    -0.1394   103.5454     7.4574     7.7616    33.3098    33.3147    26.7591    26.7631    8.22069 0.0000e+00
      15812     57.627    -0.3770    -0.3762   2.747833   2.748237     2.0141     2.4338      7.977     0.7616     0.7401 1.0752e-01    -0.1394   103.5454     7.4600     7.7647    33.3103    33.3148    26.7596    26.7632    8.22085 0.0000e+00
      15815     57.547    -0.3742    -0.3760   2.748478   2.748672     2.0141     2.4338      7.974     0.7510     0.7401 1.0752e-01    -0.1394   103.5454     7.4617     7.7634    33.3159    33.3204    26.7640    26.7677    8.21991 0.0000e+00
      15818     57.473    -0.3723    -0.3742   2.748551   2.749083     2.0146     2.4338      7.979     0.7616     0.7401 1.0752e-01    -0.1394   103.5454     7.4654     7.7598    33.3148    33.3240    26.7630    26.7705    8.21955 0.0000e+00
      15821     57.398    -0.3731    -0.3731   2.748372   2.749059     2.0146     2.4334      7.976     0.7510     0.7401 1.0752e-01    -0.1394   103.5454     7.4662     7.7558    33.3133    33.3225    26.7618    26.7693    8.21981 0.0000e+00
      15824     57.319    -0.3743    -0.3778   2.748490   2.747388     2.0146     2.4330      7.977     0.7616     0.7401 1.0752e-01    -0.1394   103.5454     7.4644     7.7545    33.3163    33.3055    26.7643    26.7557    8.21992 0.0000e+00
      15827     57.241    -0.3759    -0.3816   2.747906   2.747485     2.0150     2.4338      7.974     0.7405     0.7006 1.0752e-01    -0.1401   103.5635     7.4659     7.7525    33.3103    33.3110    26.7595    26.7603    8.22060 0.0000e+00
      15830     57.166    -0.3756    -0.3784   2.748124   2.748841     2.0141     2.4330      7.974     0.7510     0.7401 1.0727e-01    -0.1397   103.5544     7.4595     7.7436    33.3129    33.3256    26.7616    26.7720    8.22038 0.0000e+00
      15833     57.091    -0.3773    -0.3730   2.747841   2.749623     2.0150     2.4338      7.976     0.7510     0.7401 1.0727e-01    -0.1401   103.5635     7.4623     7.7413    33.3111    33.3301    26.7602    26.7754    8.22088 0.0000e+00
      15836     57.016    -0.3785    -0.3708   2.747764   2.749518     2.0150     2.4338      7.977     0.7510     0.7401 1.0727e-01    -0.1401   103.5635     7.4624     7.7370    33.3114    33.3264    26.7605    26.7723    8.22112 0.0000e+00
      15839     56.941    -0.3760    -0.3725   2.748184   2.749081     2.0146     2.4338      7.976     0.7616     0.7401 1.0727e-01    -0.1401   103.5635     7.4574     7.7376    33.3143    33.3224    26.7628    26.7692    8.22041 0.0000e+00
      15842     56.866    -0.3745    -0.3752   2.747927   2.748252     2.0154     2.4330      7.977     0.7616     0.7401 1.0727e-01    -0.1397   103.5544     7.4595     7.7325    33.3092    33.3144    26.7586    26.7628    8.22035 0.0000e+00
      15845     56.793    -0.3791    -0.3776   2.747093   2.747718     2.0146     2.4334      7.974     0.7616     0.7006 1.0715e-01    -0.1397   103.5544     7.4590     7.7327    33.3032    33.3099    26.7539    26.7593    8.22171 0.0000e+00
      15848     56.721    -0.3825    -0.3811   2.746728   2.747116     2.0150     2.4334      7.979     0.7616     0.4243 1.0727e-01    -0.1401   103.5635     7.4628     7.7339    33.3022    33.3058    26.7532    26.7561    8.22253 0.0000e+00
      15851     56.647    -0.3809    -0.3830   2.747234   2.747179     2.0150     2.4326      7.977     0.7616    -1.2338 1.0715e-01    -0.1404   103.5725     7.4635     7.7289    33.3072    33.3088    26.7572    26.7586    8.22188 0.0000e+00
      15854     56.572    -0.3797    -0.3829   2.747142   2.747301     2.0150     2.4326      7.977     0.7405    -1.1549 1.0715e-01    -0.1404   103.5725     7.4645     7.7299    33.3047    33.3103    26.7551    26.7598    8.22176 0.0000e+00
      15857     56.503    -0.3818    -0.3822   2.746634   2.747371     2.0150     2.4326      7.977     0.7510    -1.1549 1.0727e-01    -0.1404   103.5725     7.4641     7.7300    33.3002    33.3106    26.7516    26.7600    8.22247 0.0000e+00
      15860     56.430    -0.3830    -0.3833   2.746375   2.746617     2.0150     2.4326      7.979     0.7616    -1.1549 1.0715e-01    -0.1404   103.5725     7.4658     7.7332    33.2982    33.3017    26.7500    26.7528    8.22286 0.0000e+00
      15863     56.355    -0.3828    -0.3866   2.746384   2.746196     2.0146     2.4322      7.976     0.7616    -1.1944 1.0727e-01    -0.1404   103.5725     7.4654     7.7341    33.2981    33.2997    26.7500    26.7514    8.22282 0.0000e+00
      15866     56.280    -0.3830    -0.3886   2.746532   2.745984     2.0154     2.4314      7.977     0.7510    -1.1549 1.0727e-01    -0.1383   103.5183     7.4714     7.7351    33.3003    33.2991    26.7518    26.7510    8.22274 0.0000e+00
      15869     56.204    -0.3824    -0.3886   2.746534   2.746110     2.0158     2.4322      7.979     0.7510    -1.1944 1.0727e-01    -0.1373   103.4911     7.4748     7.7417    33.2998    33.3009    26.7513    26.7525    8.22264 0.0000e+00
      15872     56.130    -0.3838    -0.3883   2.746280   2.746038     2.0154     2.4322      7.979     0.7405    -1.1549 1.0715e-01    -0.1373   103.4911     7.4737     7.7449    33.2979    33.2996    26.7499    26.7514    8.22304 0.0000e+00
      15875     56.055    -0.3854    -0.3883   2.746029   2.745959     2.0154     2.4322      7.979     0.7510    -0.5232 1.0715e-01    -0.1376   103.5002     7.4759     7.7477    33.2963    33.2986    26.7486    26.7506    8.22348 0.0000e+00
      15878     55.983    -0.3849    -0.3890   2.745965   2.745753     2.0158     2.4322      7.979     0.7510     0.3848 1.0727e-01    -0.1373   103.4911     7.4788     7.7509    33.2950    33.2967    26.7476    26.7491    8.22345 0.0000e+00
      15881     55.905    -0.3850    -0.3903   2.745821   2.745430     2.0154     2.4326      7.979     0.7616     0.3848 1.0727e-01    -0.1376   103.5002     7.4753     7.7543    33.2932    33.2939    26.7461    26.7468    8.22356 0.0000e+00
      15884     55.829    -0.3861    -0.3913   2.745760   2.745375     2.0158     2.4322      7.979     0.7510     0.3848 1.0727e-01    -0.1373   103.4911     7.4808     7.7571    33.2937    33.2942    26.7466    26.7472    8.22380 0.0000e+00
      15887     55.750    -0.3870    -0.3910   2.745535   2.745437     2.0162     2.4322      7.979     0.7405     0.3848 1.0715e-01    -0.1390   103.5364     7.4848     7.7616    33.2917    33.2948    26.7450    26.7476    8.22410 0.0000e+00
      15890     55.673    -0.3872    -0.3909   2.745569   2.745457     2.0162     2.4326      7.979     0.7616     0.3848 1.0715e-01    -0.1390   103.5364     7.4870     7.7638    33.2924    33.2949    26.7456    26.7478    8.22411 0.0000e+00
      15893     55.593    -0.3863    -0.3912   2.745643   2.745403     2.0162     2.4330      7.979     0.7616     0.3453 1.0727e-01    -0.1387   103.5273     7.4895     7.7647    33.2924    33.2946    26.7456    26.7475    8.22390 0.0000e+00
      15896     55.515    -0.3871    -0.3917   2.745529   2.745221     2.0166     2.4326      7.979     0.7616     0.3848 1.0715e-01    -0.1387   103.5273     7.4934     7.7658    33.2919    33.2928    26.7451    26.7460    8.22412 0.0000e+00
      15899     55.435    -0.3881    -0.3923   2.745320   2.745062     2.0166     2.4330      7.979     0.7510     0.3848 1.0727e-01    -0.1394   103.5454     7.4940     7.7701    33.2902    33.2914    26.7438    26.7449    8.22443 0.0000e+00
      15902     55.354    -0.3888    -0.3929   2.745157   2.744968     2.0162     2.4330      7.979     0.7616     0.4637 1.0715e-01    -0.1394   103.5454     7.4897     7.7730    33.2889    33.2908    26.7428    26.7445    8.22466 0.0000e+00
      15905     55.271    -0.3904    -0.3935   2.744859   2.744807     2.0170     2.4330      7.979     0.7510     0.5032 1.0715e-01    -0.1383   103.5183     7.4957     7.7759    33.2866    33.2894    26.7410    26.7434    8.22513 0.0000e+00
      15908     55.191    -0.3901    -0.3941   2.744941   2.744711     2.0174     2.4342      7.979     0.7616     0.4243 1.0715e-01    -0.1373   103.4911     7.4978     7.7849    33.2875    33.2888    26.7417    26.7430    8.22502 0.0000e+00
      15911     55.107    -0.3892    -0.3943   2.745157   2.744748     2.0178     2.4338      7.979     0.7510     0.5032 1.0715e-01    -0.1366   103.4730     7.4983     7.7842    33.2894    33.2895    26.7432    26.7435    8.22471 0.0000e+00
