Datasets/AZMP/TEL210/tel210_2020_028.cnv
* Sea-Bird SBE 9 Data File:
* FileName = C:\CTDDATA\tel210_2020_028.hex
* Software Version Seasave V 7.26.7.110
* Temperature SN = 1697
* Conductivity SN = 4216
* Number of Bytes Per Scan = 30
* Number of Voltage Words = 4
* Number of Scans Averaged by the Deck Unit = 1
* NMEA baud rate = 4800
** VESSEL/TRIP/SEQ STN:  tel210_2020_028
** LATITUDE XX XX.XX: 47 00.00 N
** LONGITUDE XX XX.XX: 044 46.30 W
** SOUNDING DEPTH (M): 0140
** PROBE TYPE: S1146
** CTD NUMBER: 027
** COMMENTS (14 CHAR): FC-26
** BOTTLES:  9
** LEVELS: 5,10,20,30,40,50,75,100,BTM
** STICKERS: 435922 - 435930
** VNET: Y
** DO2: N
# nquan = 22
# nvalues = 3299                        
# units = specified
# name 0 = scan: Scan Count
# name 1 = prDM: Pressure, Digiquartz [db]
# name 2 = t090C: Temperature [ITS-90, deg C]
# name 3 = t190C: Temperature, 2 [ITS-90, deg C]
# name 4 = c0S/m: Conductivity [S/m]
# name 5 = c1S/m: Conductivity, 2 [S/m]
# name 6 = sbeox0V: Oxygen raw, SBE 43 [V]
# name 7 = sbeox1V: Oxygen raw, SBE 43, 2 [V]
# name 8 = ph: pH
# name 9 = flECO-AFL: Fluorescence, WET Labs ECO-AFL/FL [mg/m^3]
# name 10 = wetCDOM: Fluorescence, WET Labs CDOM [mg/m^3]
# name 11 = par/sat/log: PAR/Logarithmic, Satlantic [umol photons/m^2/sec]
# name 12 = CStarAt0: Beam Attenuation, WET Labs C-Star [1/m]
# name 13 = CStarTr0: Beam Transmission, WET Labs C-Star [%]
# name 14 = sbeox0ML/L: Oxygen, SBE 43 [ml/l], WS = 2
# name 15 = sbeox1ML/L: Oxygen, SBE 43, 2 [ml/l], WS = 2
# name 16 = sal00: Salinity, Practical [PSU]
# name 17 = sal11: Salinity, Practical, 2 [PSU]
# name 18 = sigma-t00: Density [sigma-t, kg/m^3 ]
# name 19 = sigma-t11: Density, 2 [sigma-t, kg/m^3 ]
# name 20 = oxsatML/L: Oxygen Saturation, Weiss [ml/l]
# name 21 = flag: flag
# span 0 =         32,      29907       
# span 1 =      1.949,    146.059       
# span 2 =     3.6980,    11.4961       
# span 3 =     3.6931,    11.4800       
# span 4 =   3.186732,   3.753092       
# span 5 =   3.186246,   3.751435       
# span 6 =     1.9141,     2.4318       
# span 7 =     2.3101,     2.9757       
# span 8 =      7.941,      8.218       
# span 9 =    -0.6121,     6.1644       
# span 10 =    -2.8130,   482.1870      
# span 11 = 1.0678e-01, 3.2665e-01      
# span 12 =    -0.1183,     0.1858      
# span 13 =    95.4608,   103.0028      
# span 14 =     6.1892,     7.7009      
# span 15 =     6.3436,     8.0944      
# span 16 =    33.0428,    34.5110      
# span 17 =    33.0419,    34.5101      
# span 18 =    25.1627,    27.4253      
# span 19 =    25.1654,    27.4250      
# span 20 =    6.19211,    7.34462      
# span 21 = 0.0000e+00, 0.0000e+00      
# interval = scans: 3                   
# start_time = Jul 18 2020 04:24:59 [System UTC, header]
# bad_flag = -9.990e-29
*END*
[from data line 527]
       1760     54.620     4.7093     4.6971   3.251565   3.250212     2.1656     2.6206      8.098     2.1860     6.1882 1.0715e-01    -0.0004   100.0095     6.9201     7.2128    34.1804    34.1773    27.0583    27.0571    7.17772 0.0000e+00
       1763     54.678     4.7100     4.6967   3.251623   3.250204     2.1640     2.6198      8.096     2.1249     6.1882 1.0715e-01    -0.0025   100.0638     6.9147     7.2111    34.1803    34.1776    27.0581    27.0575    7.17760 0.0000e+00
       1766     54.736     4.7127     4.6982   3.251742   3.250306     2.1632     2.6182      8.096     2.1249     5.7539 1.0715e-01    -0.0018   100.0457     6.9145     7.2068    34.1789    34.1772    27.0567    27.0569    7.17720 0.0000e+00
       1769     54.799     4.7100     4.6981   3.251389   3.250321     2.1632     2.6174      8.095     2.1046     1.0954 1.0715e-01    -0.0022   100.0547     6.9169     7.2035    34.1776    34.1774    27.0560    27.0571    7.17774 0.0000e+00
       1772     54.866     4.7064     4.6991   3.251115   3.250382     2.1624     2.6162      8.095     2.1351     0.9770 1.0715e-01    -0.0018   100.0457     6.9143     7.1978    34.1781    34.1770    27.0567    27.0567    7.17835 0.0000e+00
       1775     54.942     4.7005     4.7006   3.250601   3.250426     2.1607     2.6141      8.095     2.1249     0.9770 1.0715e-01    -0.0018   100.0457     6.9078     7.1903    34.1782    34.1760    27.0575    27.0557    7.17937 0.0000e+00
       1778     55.021     4.6923     4.6776   3.249919   3.248232     2.1599     2.6145      8.095     2.1249     0.9770 1.0715e-01    -0.0022   100.0547     6.9068     7.1973    34.1786    34.1741    27.0587    27.0567    7.18077 0.0000e+00
       1781     55.109     4.6772     4.6648   3.248483   3.247662     2.1591     2.6129      8.095     2.1249     0.9770 1.0715e-01    -0.0033   100.0819     6.9073     7.1950    34.1774    34.1807    27.0595    27.0634    7.18348 0.0000e+00
       1784     55.206     4.6670     4.6484   3.248055   3.246500     2.1583     2.6113      8.095     2.1148     0.9770 1.0715e-01    -0.0036   100.0909     6.9069     7.1928    34.1829    34.1839    27.0649    27.0678    7.18499 0.0000e+00
       1787     55.309     4.6673     4.6505   3.248255   3.246713     2.1571     2.6105      8.095     1.9316     0.9770 1.0715e-01    -0.0036   100.0909     6.9016     7.1887    34.1848    34.1842    27.0665    27.0678    7.18484 0.0000e+00
       1790     55.418     4.6679     4.6550   3.248350   3.247034     2.1571     2.6101      8.095     1.7485     0.9770 1.0715e-01    -0.0036   100.0909     6.8997     7.1878    34.1852    34.1832    27.0667    27.0665    7.18472 0.0000e+00
       1793     55.530     4.6660     4.6581   3.248055   3.247115     2.1558     2.6080      8.095     1.7586     4.0169 1.0715e-01    -0.0040   100.1000     6.8944     7.1817    34.1837    34.1809    27.0658    27.0644    7.18513 0.0000e+00
       1796     55.652     4.6609     4.6476   3.247631   3.246376     2.1550     2.6072      8.090     1.7688    11.5969 1.0715e-01    -0.0033   100.0819     6.8942     7.1816    34.1840    34.1830    27.0665    27.0672    7.18601 0.0000e+00
       1799     55.776     4.6448     4.6390   3.246511   3.245728     2.1534     2.6068      8.090     1.7586    11.3995 1.0715e-01    -0.0033   100.0819     6.8937     7.1816    34.1875    34.1843    27.0710    27.0691    7.18866 0.0000e+00
       1802     55.910     4.6460     4.6392   3.246662   3.245968     2.1530     2.6056      8.090     1.7586    11.3995 1.0715e-01    -0.0058   100.1452     6.8925     7.1790    34.1879    34.1869    27.0712    27.0712    7.18842 0.0000e+00
       1805     56.044     4.6320     4.6259   3.245719   3.244580     2.1526     2.6039      8.090     1.7688    11.3995 1.0715e-01    -0.0058   100.1452     6.8934     7.1783    34.1913    34.1843    27.0755    27.0707    7.19071 0.0000e+00
       1808     56.183     4.6217     4.6194   3.245181   3.244548     2.1518     2.6027      8.088     1.7586    11.3995 1.0715e-01    -0.0058   100.1452     6.8928     7.1756    34.1956    34.1906    27.0800    27.0763    7.19231 0.0000e+00
       1811     56.327     4.6240     4.6288   3.244975   3.245017     2.1501     2.6011      8.090     1.7688    11.3995 1.0715e-01    -0.0062   100.1542     6.8833     7.1688    34.1908    34.1862    27.0759    27.0718    7.19214 0.0000e+00
       1814     56.474     4.6177     4.6117   3.244786   3.243596     2.1493     2.6015      8.087     1.4534    11.3995 1.0715e-01    -0.0058   100.1452     6.8808     7.1748    34.1950    34.1872    27.0800    27.0745    7.19304 0.0000e+00
       1817     56.622     4.6128     4.6033   3.244034   3.243019     2.1485     2.6003      8.087     1.3923    11.3995 1.0715e-01    -0.0051   100.1271     6.8791     7.1740    34.1912    34.1891    27.0775    27.0769    7.19407 0.0000e+00
       1820     56.771     4.6109     4.5959   3.244299   3.242635     2.1489     2.5986      8.085     1.3923   273.7377 1.0715e-01    -0.0065   100.1633     6.8810     7.1701    34.1961    34.1922    27.0817    27.0802    7.19418 0.0000e+00
       1823     56.920     4.6138     4.5982   3.244228   3.242798     2.1481     2.5982      8.085     1.3822   481.7527 1.0715e-01    -0.0094   100.2356     6.8789     7.1691    34.1922    34.1917    27.0782    27.0795    7.19385 0.0000e+00
       1826     57.065     4.6013     4.5925   3.243166   3.242343     2.1465     2.5978      8.086     1.3923   481.0421 1.0715e-01    -0.0094   100.2356     6.8715     7.1707    34.1927    34.1921    27.0800    27.0805    7.19602 0.0000e+00
       1829     57.211     4.5942     4.5880   3.242929   3.242141     2.1457     2.5962      8.086     1.3923   481.3579 1.0715e-01    -0.0094   100.2356     6.8672     7.1667    34.1972    34.1944    27.0843    27.0828    7.19705 0.0000e+00
       1832     57.358     4.5987     4.5803   3.243428   3.241660     2.1449     2.5950      8.086     1.3822   481.3579 1.0715e-01    -0.0094   100.2356     6.8638     7.1651    34.1983    34.1967    27.0847    27.0854    7.19621 0.0000e+00
       1835     57.500     4.5943     4.5741   3.243310   3.241309     2.1432     2.5946      8.086     1.3720   481.3579 1.0715e-01    -0.0094   100.2356     6.8584     7.1642    34.2013    34.1988    27.0876    27.0878    7.19683 0.0000e+00
       1838     57.635     4.5923     4.5720   3.242716   3.241109     2.1432     2.5930      8.086     1.3516   481.3579 1.0715e-01    -0.0094   100.2356     6.8569     7.1579    34.1964    34.1986    27.0840    27.0878    7.19742 0.0000e+00
       1841     57.766     4.5683     4.5616   3.240862   3.240194     2.1416     2.5930      8.084     1.1278   481.3579 1.0715e-01    -0.0148   100.3713     6.8515     7.1607    34.1995    34.1986    27.0890    27.0890    7.20148 0.0000e+00
       1844     57.892     4.5509     4.5452   3.239664   3.239110     2.1416     2.5913      8.083     1.1176   481.3579 1.0715e-01    -0.0191   100.4798     6.8534     7.1581    34.2034    34.2028    27.0939    27.0941    7.20434 0.0000e+00
       1847     58.016     4.5415     4.5366   3.239138   3.238563     2.1408     2.5909      8.081     1.1176    85.6990 1.0715e-01    -0.0181   100.4527     6.8527     7.1576    34.2069    34.2053    27.0978    27.0971    7.20583 0.0000e+00
       1850     58.130     4.5376     4.5325   3.239012   3.238405     2.1387     2.5893      8.081     1.0973     7.9648 1.0715e-01    -0.0188   100.4708     6.8455     7.1524    34.2094    34.2076    27.1003    27.0993    7.20640 0.0000e+00
       1853     58.239     4.5365     4.5314   3.239138   3.238519     2.1383     2.5885      8.081     1.1075    11.5574 1.0715e-01    -0.0188   100.4708     6.8437     7.1514    34.2119    34.2099    27.1024    27.1013    7.20646 0.0000e+00
       1856     58.341     4.5365     4.5293   3.239392   3.238491     2.1379     2.5885      8.081     1.1075    11.3995 1.0715e-01    -0.0188   100.4708     6.8451     7.1511    34.2149    34.2118    27.1047    27.1031    7.20632 0.0000e+00
       1859     58.438     4.5474     4.5263   3.240076   3.238349     2.1371     2.5864      8.081     1.1176    11.3995 1.0715e-01    -0.0184   100.4617     6.8408     7.1432    34.2116    34.2132    27.1009    27.1045    7.20457 0.0000e+00
       1862     58.526     4.5357     4.5240   3.239273   3.238235     2.1351     2.5860      8.078     1.1176    11.3995 1.0715e-01    -0.0296   100.7420     6.8354     7.1428    34.2142    34.2141    27.1042    27.1055    7.20649 0.0000e+00
       1865     58.608     4.5294     4.5229   3.238924   3.238182     2.1347     2.5848      8.076     1.0871    11.3995 1.0715e-01    -0.0306   100.7692     6.8372     7.1392    34.2166    34.2146    27.1068    27.1060    7.20748 0.0000e+00
       1868     58.688     4.5296     4.5223   3.239111   3.238241     2.1343     2.5840      8.076     1.0260    11.3995 1.0715e-01    -0.0310   100.7782     6.8375     7.1378    34.2186    34.2159    27.1084    27.1070    7.20736 0.0000e+00
       1871     58.762     4.5326     4.5283   3.239432   3.238875     2.1330     2.5832      8.076     1.0057    73.7764 1.0715e-01    -0.0310   100.7782     6.8355     7.1327    34.2192    34.2171    27.1086    27.1074    7.20681 0.0000e+00
       1874     58.831     4.5296     4.5343   3.239115   3.239181     2.1318     2.5815      8.076     1.0362   468.5273 1.0715e-01    -0.0310   100.7782     6.8327     7.1249    34.2185    34.2144    27.1084    27.1046    7.20736 0.0000e+00
       1877     58.899     4.5312     4.5299   3.239426   3.238766     2.1314     2.5815      8.074     1.0159   481.5554 1.0715e-01    -0.0310   100.7782     6.8298     7.1251    34.2205    34.2141    27.1097    27.1048    7.20699 0.0000e+00
       1880     58.964     4.5348     4.5201   3.239604   3.238179     2.1314     2.5799      8.071     1.0260   481.2790 1.0715e-01    -0.0317   100.7963     6.8300     7.1218    34.2188    34.2173    27.1080    27.1085    7.20644 0.0000e+00
       1883     59.023     4.5325     4.5171   3.239355   3.238135     2.1302     2.5787      8.071     1.0362   481.3579 1.0715e-01    -0.0360   100.9048     6.8294     7.1200    34.2182    34.2199    27.1078    27.1108    7.20686 0.0000e+00
       1886     59.081     4.5337     4.5254   3.239475   3.239046     2.1294     2.5787      8.071     1.0362   481.3579 1.0715e-01    -0.0353   100.8867     6.8273     7.1178    34.2183    34.2220    27.1077    27.1115    7.20665 0.0000e+00
       1889     59.137     4.5358     4.5378   3.239552   3.239727     2.1294     2.5775      8.071     1.0260   481.3579 1.0715e-01    -0.0353   100.8867     6.8253     7.1129    34.2170    34.2170    27.1065    27.1062    7.20634 0.0000e+00
       1892     59.192     4.5324     4.5347   3.239361   3.239242     2.1282     2.5767      8.071     1.1176   481.3579 1.0715e-01    -0.0364   100.9139     6.8212     7.1123    34.2183    34.2145    27.1079    27.1047    7.20688 0.0000e+00
       1895     59.251     4.5306     4.5326   3.239300   3.239178     2.1273     2.5746      8.071     1.1786   481.3579 1.0715e-01    -0.0360   100.9048     6.8196     7.1067    34.2194    34.2159    27.1089    27.1059    7.20714 0.0000e+00
       1898     59.316     4.5320     4.5355   3.239464   3.239377     2.1265     2.5738      8.071     1.1786   481.3579 1.0715e-01    -0.0360   100.9048     6.8156     7.1033    34.2199    34.2152    27.1092    27.1051    7.20688 0.0000e+00
       1901     59.376     4.5349     4.5288   3.239625   3.238759     2.1257     2.5738      8.070     1.1685   481.3579 1.0715e-01    -0.0378   100.9500     6.8117     7.1069    34.2187    34.2149    27.1079    27.1056    7.20643 0.0000e+00
       1904     59.442     4.5341     4.5247   3.239592   3.238705     2.1245     2.5726      8.071     1.1888   481.3579 1.0715e-01    -0.0421   101.0585     6.8092     7.1066    34.2191    34.2184    27.1084    27.1088    7.20654 0.0000e+00
       1907     59.514     4.5248     4.5279   3.238918   3.238761     2.1253     2.5718      8.070     1.1786   481.3579 1.0715e-01    -0.0418   101.0495     6.8164     7.1056    34.2209    34.2158    27.1107    27.1063    7.20810 0.0000e+00
       1910     59.589     4.5188     4.5213   3.238498   3.238243     2.1228     2.5705      8.069     1.1583   481.3579 1.0715e-01    -0.0418   101.0495     6.8080     7.1051    34.2221    34.2165    27.1124    27.1077    7.20909 0.0000e+00
       1913     59.663     4.5144     4.5175   3.238181   3.238198     2.1229     2.5705      8.069     1.1685   481.3579 1.0715e-01    -0.0418   101.0495     6.8108     7.1072    34.2229    34.2198    27.1135    27.1107    7.20983 0.0000e+00
       1916     59.744     4.5132     4.5231   3.238282   3.238603     2.1224     2.5693      8.067     1.1685   481.3579 1.0715e-01    -0.0418   101.0495     6.8126     7.1048    34.2253    34.2187    27.1155    27.1092    7.20992 0.0000e+00
       1919     59.830     4.5195     4.5259   3.238702   3.238714     2.1220     2.5685      8.067     0.7920   481.3579 1.0715e-01    -0.0418   101.0495     6.8128     7.1040    34.2236    34.2171    27.1135    27.1076    7.20889 0.0000e+00
       1922     59.918     4.5205     4.5118   3.238833   3.237617     2.1208     2.5673      8.067     0.7513   481.3579 1.0715e-01    -0.0489   101.2304     6.8098     7.1023    34.2240    34.2189    27.1137    27.1106    7.20869 0.0000e+00
       1925     60.013     4.5178     4.5065   3.238551   3.237557     2.1208     2.5677      8.067     0.7513   481.3579 1.0715e-01    -0.0525   101.3208     6.8128     7.1040    34.2235    34.2236    27.1136    27.1149    7.20920 0.0000e+00
       1928     60.110     4.5214     4.4982   3.238920   3.236748     2.1204     2.5669      8.067     0.7513   481.3579 1.0715e-01    -0.0525   101.3208     6.8096     7.1033    34.2240    34.2226    27.1136    27.1150    7.20853 0.0000e+00
       1931     60.212     4.5121     4.4883   3.238222   3.236168     2.1196     2.5665      8.067     0.7513   481.3579 1.0715e-01    -0.0525   101.3208     6.8093     7.1050    34.2254    34.2261    27.1158    27.1189    7.21010 0.0000e+00
       1934     60.317     4.5024     4.4818   3.237577   3.235737     2.1188     2.5653      8.067     0.7412   481.3579 1.0715e-01    -0.0525   101.3208     6.8119     7.1018    34.2279    34.2276    27.1188    27.1208    7.21170 0.0000e+00
       1937     60.428     4.5015     4.4760   3.237723   3.235362     2.1184     2.5640      8.067     0.7513   481.3579 1.0715e-01    -0.0525   101.3208     6.8121     7.0985    34.2305    34.2292    27.1209    27.1226    7.21173 0.0000e+00
       1940     60.541     4.4941     4.4727   3.236855   3.235174     2.1180     2.5640      8.067     0.7615   481.3579 1.0715e-01    -0.0529   101.3298     6.8115     7.0999    34.2279    34.2304    27.1197    27.1240    7.21316 0.0000e+00
       1943     60.651     4.4843     4.4708   3.236500   3.235026     2.1176     2.5632      8.067     0.7106   481.3579 1.0715e-01    -0.0625   101.5740     6.8112     7.0984    34.2339    34.2306    27.1255    27.1243    7.21460 0.0000e+00
       1946     60.766     4.4899     4.4686   3.236787   3.234848     2.1172     2.5624      8.065     0.5580   481.3579 1.0715e-01    -0.0632   101.5921     6.8073     7.0940    34.2313    34.2307    27.1228    27.1246    7.21373 0.0000e+00
       1949     60.880     4.4809     4.4655   3.236009   3.234567     2.1168     2.5612      8.062     0.5681   470.7775 1.0715e-01    -0.0632   101.5921     6.8070     7.0876    34.2315    34.2306    27.1239    27.1249    7.21530 0.0000e+00
       1952     60.994     4.4706     4.4606   3.235468   3.234337     2.1151     2.5608      8.062     0.5681    49.7336 1.0715e-01    -0.0632   101.5921     6.8019     7.0887    34.2358    34.2328    27.1285    27.1272    7.21691 0.0000e+00
