Datasets/AZMP/TEL210/tel210_2020_083.cnv
* Sea-Bird SBE 9 Data File:
* FileName = C:\CTDDATA\tel210_2020_083.hex
* Software Version Seasave V 7.26.7.110
* Temperature SN = 1697
* Conductivity SN = 4216
* Number of Bytes Per Scan = 30
* Number of Voltage Words = 4
* Number of Scans Averaged by the Deck Unit = 1
* NMEA baud rate = 4800
** VESSEL/TRIP/SEQ STN:  tel210_2020_083
** LATITUDE XX XX.XX: 53 24.60 N
** LONGITUDE XX XX.XX: 055 21.40 W
** SOUNDING DEPTH (M): 0163
** PROBE TYPE: S1146
** CTD NUMBER: 053
** COMMENTS (14 CHAR): SI-03
** BOTTLES:  0
** LEVELS: 
** STICKERS: 
** VNET: N
** DO2: N
# nquan = 22
# nvalues = 3715                        
# units = specified
# name 0 = scan: Scan Count
# name 1 = prDM: Pressure, Digiquartz [db]
# name 2 = t090C: Temperature [ITS-90, deg C]
# name 3 = t190C: Temperature, 2 [ITS-90, deg C]
# name 4 = c0S/m: Conductivity [S/m]
# name 5 = c1S/m: Conductivity, 2 [S/m]
# name 6 = sbeox0V: Oxygen raw, SBE 43 [V]
# name 7 = sbeox1V: Oxygen raw, SBE 43, 2 [V]
# name 8 = ph: pH
# name 9 = flECO-AFL: Fluorescence, WET Labs ECO-AFL/FL [mg/m^3]
# name 10 = wetCDOM: Fluorescence, WET Labs CDOM [mg/m^3]
# name 11 = par/sat/log: PAR/Logarithmic, Satlantic [umol photons/m^2/sec]
# name 12 = CStarAt0: Beam Attenuation, WET Labs C-Star [1/m]
# name 13 = CStarTr0: Beam Transmission, WET Labs C-Star [%]
# name 14 = sbeox0ML/L: Oxygen, SBE 43 [ml/l], WS = 2
# name 15 = sbeox1ML/L: Oxygen, SBE 43, 2 [ml/l], WS = 2
# name 16 = sal00: Salinity, Practical [PSU]
# name 17 = sal11: Salinity, Practical, 2 [PSU]
# name 18 = sigma-t00: Density [sigma-t, kg/m^3 ]
# name 19 = sigma-t11: Density, 2 [sigma-t, kg/m^3 ]
# name 20 = oxsatML/L: Oxygen Saturation, Weiss [ml/l]
# name 21 = flag: flag
# span 0 =          2,      14743       
# span 1 =      0.703,    162.644       
# span 2 =    -0.9413,     7.8203       
# span 3 =    -0.9476,     7.7905       
# span 4 =   2.643815,   3.272224       
# span 5 =   2.643518,   3.270119       
# span 6 =     1.9789,     2.5058       
# span 7 =     2.3949,     3.0574       
# span 8 =      7.939,      8.192       
# span 9 =     0.6664,     1.5024       
# span 10 =    -2.8130,   482.1870      
# span 11 = 1.0715e-01, 8.3359e+00      
# span 12 =    -0.1456,     0.0789      
# span 13 =    98.0472,   103.7082      
# span 14 =     7.4317,    10.6118      
# span 15 =     7.2289,    11.0833      
# span 16 =    31.2366,    33.1900      
# span 17 =    31.4384,    33.1874      
# span 18 =    24.4825,    26.6720      
# span 19 =    24.5077,    26.6692      
# span 20 =    6.78899,    8.39040      
# span 21 = 0.0000e+00, 0.0000e+00      
# interval = scans: 3                   
# start_time = Jul 24 2020 23:36:26 [System UTC, header]
# bad_flag = -9.990e-29
*END*
[from data line 725]
       2598     72.271    -0.9111    -0.9164   2.660899   2.660497     2.0626     2.5055      7.971     0.6875     3.8195 1.0715e-01    -0.1404   103.5725     7.8335     8.1936    32.7160    32.7163    26.2994    26.2998    8.37425 0.0000e+00
       2601     72.430    -0.9107    -0.9163   2.661056   2.660664     2.0634     2.5055      7.971     0.7193     3.8195 1.0727e-01    -0.1404   103.5725     7.8405     8.1933    32.7176    32.7183    26.3006    26.3014    8.37406 0.0000e+00
       2604     72.585    -0.9110    -0.9162   2.661172   2.660784     2.0634     2.5042      7.971     0.7510     3.8985 1.0727e-01    -0.1404   103.5725     7.8438     8.1903    32.7193    32.7197    26.3021    26.3026    8.37402 0.0000e+00
       2607     72.738    -0.9109    -0.9166   2.661350   2.660929     2.0643     2.5042      7.971     0.7510     4.1748 1.0715e-01    -0.1404   103.5725     7.8495     8.1941    32.7216    32.7220    26.3038    26.3044    8.37388 0.0000e+00
       2610     72.890    -0.9111    -0.9168   2.661481   2.661092     2.0634     2.5046      7.971     0.7616     4.1748 1.0715e-01    -0.1404   103.5725     7.8501     8.1971    32.7235    32.7244    26.3054    26.3064    8.37381 0.0000e+00
       2613     73.040    -0.9110    -0.9170   2.661568   2.661173     2.0630     2.5042      7.971     0.7722     4.1748 1.0727e-01    -0.1404   103.5725     7.8496     8.1975    32.7244    32.7256    26.3062    26.3073    8.37373 0.0000e+00
       2616     73.185    -0.9112    -0.9174   2.661604   2.661201     2.0630     2.5038      7.971     0.7510     4.1748 1.0727e-01    -0.1394   103.5454     7.8473     8.1949    32.7250    32.7263    26.3067    26.3079    8.37374 0.0000e+00
       2619     73.326    -0.9113    -0.9182   2.661641   2.661250     2.0626     2.5046      7.971     0.7722     4.1748 1.0727e-01    -0.1394   103.5454     7.8435     8.1969    32.7256    32.7278    26.3072    26.3091    8.37374 0.0000e+00
       2622     73.466    -0.9119    -0.9184   2.661682   2.661280     2.0630     2.5042      7.971     0.7616     4.1748 1.0715e-01    -0.1394   103.5454     7.8434     8.1948    32.7267    32.7283    26.3080    26.3096    8.37380 0.0000e+00
       2625     73.601    -0.9121    -0.9185   2.661780   2.661368     2.0622     2.5038      7.971     0.7510     4.1748 1.0715e-01    -0.1394   103.5454     7.8343     8.1985    32.7281    32.7295    26.3092    26.3106    8.37376 0.0000e+00
       2628     73.734    -0.9118    -0.9182   2.661816   2.661416     2.0630     2.5042      7.971     0.7510     4.1748 1.0715e-01    -0.1394   103.5454     7.8382     8.2018    32.7283    32.7298    26.3094    26.3108    8.37370 0.0000e+00
       2631     73.864    -0.9121    -0.9181   2.661883   2.661475     2.0626     2.5042      7.971     0.7722     4.1353 1.0715e-01    -0.1394   103.5454     7.8355     8.2007    32.7294    32.7305    26.3103    26.3113    8.37370 0.0000e+00
       2634     73.988    -0.9123    -0.9177   2.661957   2.661557     2.0626     2.5042      7.971     0.7722     4.0564 1.0715e-01    -0.1390   103.5364     7.8380     8.2001    32.7305    32.7310    26.3112    26.3117    8.37367 0.0000e+00
       2637     74.108    -0.9118    -0.9173   2.662109   2.661660     2.0622     2.5030      7.970     0.7616     4.0564 1.0715e-01    -0.1387   103.5273     7.8372     8.1945    32.7320    32.7319    26.3124    26.3125    8.37349 0.0000e+00
       2640     74.224    -0.9117    -0.9166   2.662298   2.661846     2.0610     2.5026      7.971     0.7616     4.0564 1.0715e-01    -0.1394   103.5454     7.8305     8.1922    32.7344    32.7336    26.3143    26.3138    8.37333 0.0000e+00
       2643     74.334    -0.9108    -0.9153   2.662722   2.662260     2.0610     2.5022      7.971     0.7616     4.0564 1.0715e-01    -0.1390   103.5364     7.8310     8.1887    32.7391    32.7377    26.3181    26.3171    8.37285 0.0000e+00
       2646     74.440    -0.9100    -0.9131   2.663269   2.662783     2.0614     2.5030      7.971     0.7722     4.0564 1.0715e-01    -0.1394   103.5454     7.8341     8.1895    32.7455    32.7423    26.3232    26.3208    8.37228 0.0000e+00
       2649     74.542    -0.9083    -0.9106   2.663846   2.663332     2.0610     2.5042      7.971     0.7616     4.0564 1.0715e-01    -0.1387   103.5273     7.8335     8.1906    32.7514    32.7470    26.3280    26.3245    8.37157 0.0000e+00
       2652     74.634    -0.9062    -0.9073   2.664334   2.663897     2.0614     2.5026      7.971     0.7510     4.0564 1.0727e-01    -0.1394   103.5454     7.8350     8.1848    32.7557    32.7509    26.3314    26.3275    8.37085 0.0000e+00
       2655     74.725    -0.9039    -0.9051   2.664466   2.664127     2.0602     2.5030      7.971     0.7616     4.0564 1.0715e-01    -0.1383   103.5183     7.8309     8.1898    32.7549    32.7517    26.3307    26.3281    8.37037 0.0000e+00
       2658     74.808    -0.9023    -0.9043   2.664347   2.664234     2.0614     2.5026      7.971     0.7510     1.0164 1.0727e-01    -0.1383   103.5183     7.8400     8.1906    32.7515    32.7522    26.3279    26.3285    8.37020 0.0000e+00
       2661     74.882    -0.9008    -0.9039   2.664688   2.664364     2.0606     2.5022      7.971     0.7510    -0.0100 1.0715e-01    -0.1387   103.5273     7.8393     8.1916    32.7544    32.7534    26.3301    26.3294    8.36969 0.0000e+00
       2664     74.953    -0.8999    -0.9032   2.664832   2.664498     2.0606     2.5026      7.971     0.7616     0.0295 1.0715e-01    -0.1387   103.5273     7.8419     8.1918    32.7553    32.7544    26.3309    26.3302    8.36943 0.0000e+00
       2667     75.015    -0.8986    -0.9025   2.664883   2.664538     2.0610     2.5022      7.971     0.7616     0.0295 1.0740e-01    -0.1383   103.5183     7.8434     8.1873    32.7546    32.7542    26.3303    26.3300    8.36919 0.0000e+00
       2670     75.073    -0.8983    -0.9022   2.664886   2.664581     2.0610     2.5006      7.971     0.7616     0.0295 1.0715e-01    -0.1383   103.5183     7.8472     8.1776    32.7543    32.7545    26.3300    26.3302    8.36914 0.0000e+00
       2673     75.124    -0.8978    -0.9020   2.664897   2.664595     2.0602     2.5014      7.971     0.7510     0.0295 1.0715e-01    -0.1383   103.5183     7.8442     8.1844    32.7539    32.7544    26.3296    26.3302    8.36904 0.0000e+00
       2676     75.171    -0.8973    -0.9019   2.664900   2.664593     2.0602     2.5022      7.971     0.7722     0.0295 1.0727e-01    -0.1390   103.5364     7.8433     8.1894    32.7533    32.7541    26.3291    26.3299    8.36896 0.0000e+00
       2679     75.213    -0.8971    -0.9019   2.664845   2.664614     2.0606     2.5026      7.971     0.7510     0.0295 1.0715e-01    -0.1408   103.5816     7.8475     8.1927    32.7523    32.7544    26.3283    26.3302    8.36897 0.0000e+00
       2682     75.254    -0.8969    -0.9019   2.664856   2.664649     2.0602     2.5014      7.971     0.7616     0.3453 1.0715e-01    -0.1408   103.5816     7.8459     8.1879    32.7523    32.7549    26.3283    26.3305    8.36894 0.0000e+00
       2685     75.288    -0.8968    -0.9019   2.664903   2.664638     2.0602     2.5022      7.971     0.7616     4.4117 1.0715e-01    -0.1404   103.5725     7.8485     8.1922    32.7528    32.7547    26.3287    26.3305    8.36889 0.0000e+00
       2688     75.321    -0.8966    -0.9022   2.664676   2.664590     2.0602     2.5010      7.973     0.7828     4.5301 1.0715e-01    -0.1404   103.5725     7.8476     8.1881    32.7494    32.7544    26.3259    26.3302    8.36902 0.0000e+00
       2691     75.348    -0.8966    -0.9023   2.664824   2.664486     2.0606     2.5014      7.971     0.7722     4.5301 1.0715e-01    -0.1408   103.5816     7.8497     8.1932    32.7515    32.7531    26.3276    26.3291    8.36891 0.0000e+00
       2694     75.374    -0.8967    -0.9022   2.664978   2.664531     2.0610     2.5010      7.971     0.7616     4.5301 1.0727e-01    -0.1404   103.5725     7.8530     8.1926    32.7536    32.7536    26.3294    26.3295    8.36881 0.0000e+00
       2697     75.402    -0.8958    -0.9019   2.665154   2.664569     2.0602     2.5014      7.971     0.7510     4.5301 1.0740e-01    -0.1397   103.5544     7.8477     8.1899    32.7550    32.7537    26.3305    26.3296    8.36853 0.0000e+00
       2700     75.428    -0.8955    -0.9016   2.665260   2.664658     2.0598     2.5010      7.971     0.7828     4.5301 1.0715e-01    -0.1397   103.5544     7.8448     8.1891    32.7561    32.7545    26.3313    26.3303    8.36839 0.0000e+00
       2703     75.453    -0.8951    -0.9014   2.665333   2.664699     2.0610     2.5014      7.971     0.7616     4.5301 1.0740e-01    -0.1397   103.5544     7.8488     8.1938    32.7566    32.7549    26.3317    26.3306    8.36826 0.0000e+00
       2706     75.482    -0.8947    -0.9011   2.665435   2.664792     2.0606     2.4997      7.971     0.7616     4.5301 1.0715e-01    -0.1394   103.5454     7.8484     8.1862    32.7575    32.7558    26.3325    26.3313    8.36813 0.0000e+00
       2709     75.512    -0.8943    -0.9004   2.665497   2.664872     2.0602     2.5018      7.971     0.7722     4.7670 1.0715e-01    -0.1401   103.5635     7.8458     8.1933    32.7580    32.7561    26.3328    26.3315    8.36802 0.0000e+00
       2712     75.547    -0.8938    -0.9002   2.665532   2.664918     2.0602     2.5006      7.971     0.7510     5.2407 1.0715e-01    -0.1401   103.5635     7.8426     8.1894    32.7578    32.7566    26.3327    26.3318    8.36790 0.0000e+00
       2715     75.578    -0.8935    -0.8994   2.665623   2.665042     2.0606     2.5022      7.971     0.7616     5.2407 1.0727e-01    -0.1394   103.5454     7.8413     8.1919    32.7587    32.7573    26.3334    26.3324    8.36778 0.0000e+00
       2718     75.618    -0.8930    -0.8989   2.665689   2.665101     2.0598     2.5006      7.971     0.7722     5.2407 1.0715e-01    -0.1383   103.5183     7.8418     8.1877    32.7591    32.7575    26.3336    26.3326    8.36766 0.0000e+00
       2721     75.661    -0.8926    -0.8988   2.665813   2.665206     2.0598     2.5006      7.971     0.7616     5.2407 1.0715e-01    -0.1383   103.5183     7.8463     8.1923    32.7603    32.7588    26.3346    26.3337    8.36750 0.0000e+00
       2724     75.707    -0.8921    -0.8979   2.665936   2.665308     2.0602     2.5018      7.971     0.7616     5.2407 1.0727e-01    -0.1383   103.5183     7.8485     8.1925    32.7614    32.7592    26.3355    26.3339    8.36732 0.0000e+00
       2727     75.763    -0.8914    -0.8970   2.666057   2.665499     2.0598     2.5006      7.971     0.7616     5.2407 1.0715e-01    -0.1383   103.5183     7.8451     8.1880    32.7622    32.7608    26.3361    26.3352    8.36710 0.0000e+00
       2730     75.820    -0.8909    -0.8960   2.666203   2.665677     2.0610     2.4993      7.971     0.7616     5.2407 1.0715e-01    -0.1383   103.5183     7.8516     8.1839    32.7636    32.7620    26.3372    26.3361    8.36691 0.0000e+00
       2733     75.886    -0.8901    -0.8953   2.666345   2.665835     2.0598     2.5006      7.971     0.7405     5.2407 1.0715e-01    -0.1383   103.5183     7.8432     8.1871    32.7646    32.7634    26.3380    26.3372    8.36667 0.0000e+00
       2736     75.954    -0.8895    -0.8944   2.666435   2.665968     2.0590     2.4998      7.971     0.7299     5.0433 1.0727e-01    -0.1383   103.5183     7.8369     8.1823    32.7652    32.7642    26.3385    26.3378    8.36651 0.0000e+00
       2739     76.030    -0.8891    -0.8935   2.666555   2.666108     2.0598     2.5002      7.971     0.7405     4.8854 1.0715e-01    -0.1383   103.5183     7.8423     8.1849    32.7662    32.7650    26.3393    26.3385    8.36635 0.0000e+00
       2742     76.114    -0.8883    -0.8923   2.666754   2.666308     2.0610     2.5018      7.971     0.7299     4.8854 1.0715e-01    -0.1383   103.5183     7.8518     8.1962    32.7681    32.7664    26.3408    26.3395    8.36608 0.0000e+00
       2745     76.204    -0.8872    -0.8905   2.667102   2.666612     2.0610     2.5010      7.971     0.7299     4.8854 1.0715e-01    -0.1383   103.5183     7.8488     8.1930    32.7715    32.7685    26.3435    26.3412    8.36562 0.0000e+00
       2748     76.300    -0.8854    -0.8882   2.667458   2.666980     2.0602     2.4989      7.971     0.7299     4.8854 1.0715e-01    -0.1383   103.5183     7.8441     8.1848    32.7743    32.7708    26.3457    26.3430    8.36506 0.0000e+00
       2751     76.403    -0.8839    -0.8860   2.667760   2.667313     2.0598     2.5006      7.971     0.7299     4.8854 1.0715e-01    -0.1383   103.5183     7.8417     8.1968    32.7767    32.7729    26.3477    26.3446    8.36458 0.0000e+00
       2754     76.514    -0.8824    -0.8845   2.667972   2.667561     2.0594     2.5006      7.971     0.7405     4.8854 1.0715e-01    -0.1383   103.5183     7.8394     8.1942    32.7779    32.7746    26.3485    26.3459    8.36417 0.0000e+00
       2757     76.632    -0.8811    -0.8837   2.668195   2.667767     2.0594     2.5002      7.974     0.7405     4.8854 1.0715e-01    -0.1394   103.5454     7.8410     8.1900    32.7794    32.7764    26.3497    26.3474    8.36378 0.0000e+00
       2760     76.754    -0.8800    -0.8834   2.668317   2.667931     2.0594     2.4998      7.976     0.7616     4.8854 1.0715e-01    -0.1404   103.5725     7.8413     8.1874    32.7798    32.7783    26.3500    26.3489    8.36351 0.0000e+00
       2763     76.882    -0.8792    -0.8835   2.668397   2.668000     2.0606     2.5006      7.974     0.7828     4.6880 1.0715e-01    -0.1404   103.5725     7.8432     8.1892    32.7800    32.7792    26.3501    26.3496    8.36333 0.0000e+00
       2766     77.015    -0.8788    -0.8833   2.668407   2.668028     2.0602     2.5006      7.974     0.7616     4.6485 1.0715e-01    -0.1404   103.5725     7.8399     8.1917    32.7795    32.7793    26.3497    26.3497    8.36326 0.0000e+00
       2769     77.154    -0.8786    -0.8833   2.668417   2.668040     2.0598     2.5002      7.976     0.7616     4.6485 1.0715e-01    -0.1404   103.5725     7.8416     8.1933    32.7794    32.7794    26.3495    26.3497    8.36322 0.0000e+00
       2772     77.295    -0.8783    -0.8832   2.668493   2.668081     2.0598     2.5010      7.976     0.7722     4.6485 1.0727e-01    -0.1404   103.5725     7.8470     8.1960    32.7799    32.7798    26.3500    26.3500    8.36311 0.0000e+00
       2775     77.444    -0.8779    -0.8835   2.668640   2.668241     2.0602     2.5006      7.976     0.7722     4.6485 1.0715e-01    -0.1404   103.5725     7.8472     8.1907    32.7815    32.7821    26.3513    26.3520    8.36294 0.0000e+00
       2778     77.594    -0.8779    -0.8835   2.668747   2.668348     2.0594     2.4994      7.976     0.7616     4.6485 1.0715e-01    -0.1394   103.5454     7.8424     8.1851    32.7828    32.7835    26.3524    26.3531    8.36287 0.0000e+00
       2781     77.750    -0.8778    -0.8836   2.668806   2.668383     2.0598     2.5006      7.976     0.7722     4.6485 1.0715e-01    -0.1390   103.5364     7.8390     8.1905    32.7833    32.7840    26.3528    26.3534    8.36280 0.0000e+00
       2784     77.910    -0.8778    -0.8833   2.668867   2.668462     2.0606     2.5002      7.976     0.8040     4.6485 1.0715e-01    -0.1394   103.5454     7.8379     8.1876    32.7841    32.7846    26.3534    26.3539    8.36276 0.0000e+00
       2787     78.071    -0.8778    -0.8830   2.669104   2.668671     2.0594     2.4998      7.976     0.7934     3.8984 1.0715e-01    -0.1394   103.5454     7.8308     8.1838    32.7872    32.7871    26.3559    26.3560    8.36258 0.0000e+00
       2790     78.233    -0.8771    -0.8828   2.669323   2.668953     2.0594     2.5018      7.976     0.8040    -0.5627 1.0715e-01    -0.1394   103.5454     7.8345     8.1944    32.7893    32.7905    26.3575    26.3588    8.36230 0.0000e+00
