Datasets/AZMP/TEL210/tel210_2020_022.cnv
* Sea-Bird SBE 9 Data File:
* FileName = C:\CTDDATA\tel210_2020_022.hex
* Software Version Seasave V 7.26.7.110
* Temperature SN = 1697
* Conductivity SN = 4216
* Number of Bytes Per Scan = 30
* Number of Voltage Words = 4
* Number of Scans Averaged by the Deck Unit = 1
* NMEA baud rate = 4800
** VESSEL/TRIP/SEQ STN:  tel210_2020_022
** LATITUDE XX XX.XX: 47 00.00 N
** LONGITUDE XX XX.XX: 046 29.00 W
** SOUNDING DEPTH (M): 0348
** PROBE TYPE: S1146
** CTD NUMBER: 021
** COMMENTS (14 CHAR): FC-20
** BOTTLES:  10
** LEVELS: 5,10,20,30,40,50,75,100,150,BTM
** STICKERS: 435881 - 435890
** VNET: Y
** DO2: Y
# nquan = 22
# nvalues = 8084                        
# units = specified
# name 0 = scan: Scan Count
# name 1 = prDM: Pressure, Digiquartz [db]
# name 2 = t090C: Temperature [ITS-90, deg C]
# name 3 = t190C: Temperature, 2 [ITS-90, deg C]
# name 4 = c0S/m: Conductivity [S/m]
# name 5 = c1S/m: Conductivity, 2 [S/m]
# name 6 = sbeox0V: Oxygen raw, SBE 43 [V]
# name 7 = sbeox1V: Oxygen raw, SBE 43, 2 [V]
# name 8 = ph: pH
# name 9 = flECO-AFL: Fluorescence, WET Labs ECO-AFL/FL [mg/m^3]
# name 10 = wetCDOM: Fluorescence, WET Labs CDOM [mg/m^3]
# name 11 = par/sat/log: PAR/Logarithmic, Satlantic [umol photons/m^2/sec]
# name 12 = CStarAt0: Beam Attenuation, WET Labs C-Star [1/m]
# name 13 = CStarTr0: Beam Transmission, WET Labs C-Star [%]
# name 14 = sbeox0ML/L: Oxygen, SBE 43 [ml/l], WS = 2
# name 15 = sbeox1ML/L: Oxygen, SBE 43, 2 [ml/l], WS = 2
# name 16 = sal00: Salinity, Practical [PSU]
# name 17 = sal11: Salinity, Practical, 2 [PSU]
# name 18 = sigma-t00: Density [sigma-t, kg/m^3 ]
# name 19 = sigma-t11: Density, 2 [sigma-t, kg/m^3 ]
# name 20 = oxsatML/L: Oxygen Saturation, Weiss [ml/l]
# name 21 = flag: flag
# span 0 =         49,      49235       
# span 1 =      0.343,    351.795       
# span 2 =     1.5766,    11.5596       
# span 3 =     1.5696,    11.5502       
# span 4 =   2.907158,   3.767828       
# span 5 =   2.908476,   3.766442       
# span 6 =     1.8693,     2.4146       
# span 7 =     2.2502,     2.9545       
# span 8 =      7.958,      8.241       
# span 9 =    -0.6529,     2.0435       
# span 10 =    -2.8130,   482.1870      
# span 11 = 1.0715e-01, 2.0525e+02      
# span 12 =    -0.1327,     0.3348      
# span 13 =    91.9702,   103.3736      
# span 14 =     5.9133,     8.4522      
# span 15 =     6.1837,     8.9440      
# span 16 =    32.9083,    34.8592      
# span 17 =    32.9243,    34.8581      
# span 18 =    25.1831,    27.6961      
# span 19 =    25.1785,    27.6958      
# span 20 =    6.18035,    7.80543      
# span 21 = 0.0000e+00, 0.0000e+00      
# interval = scans: 3                   
# start_time = Jul 17 2020 13:50:24 [System UTC, header]
# bad_flag = -9.990e-29
*END*
[from data line 7573]
      39395     30.081     2.4892     2.3993   2.963751   2.956094     2.3055     2.8129      8.180     0.5885     2.5167 1.0408e+01    -0.0703   101.7730     8.1829     8.5680    33.0406    33.0394    26.3641    26.3703    7.64230 0.0000e+00
      39398     30.050     2.5156     2.3735   2.964819   2.954760     2.3055     2.8129      8.180     0.5987     2.5167 1.0432e+01    -0.0700   101.7639     8.1744     8.5593    33.0265    33.0498    26.3506    26.3806    7.63791 0.0000e+00
      39465     30.026     2.4818     2.3184   2.960929   2.951408     2.3173     2.8186      8.185     0.7615     4.4117 1.0348e+01    -0.0435   101.0947     8.2342     8.5930    33.0136    33.0655    26.3430    26.3975    7.64513 0.0000e+00
      39500     29.996     2.4562     2.3621   2.958067   2.953690     2.3234     2.8215      8.190     0.8836     5.3592 1.0348e+01    -0.0299   100.7511     8.2637     8.6036    33.0048    33.0483    26.3381    26.3804    7.65055 0.0000e+00
      39503     29.965     2.4570     2.3972   2.960085   2.954201     2.3230     2.8219      8.190     0.8633     5.3592 1.0420e+01    -0.0299   100.7511     8.2544     8.6040    33.0289    33.0183    26.3573    26.3535    7.64916 0.0000e+00
      39506     29.934     2.5066     2.3716   2.965148   2.953851     2.3234     2.8231      8.188     0.8734     5.3592 1.0456e+01    -0.0289   100.7239     8.2355     8.6193    33.0399    33.0406    26.3621    26.3734    7.63897 0.0000e+00
      39509     29.904     2.5649     2.4338   2.969292   2.959182     2.3238     2.8235      8.188     0.8836     5.3592 1.0492e+01    -0.0289   100.7239     8.2167     8.6089    33.0306    33.0419    26.3499    26.3695    7.62816 0.0000e+00
      39513     29.866     2.5891     2.5056   2.970395   2.964623     2.3246     2.8255      8.189     0.9854     5.3592 1.0553e+01    -0.0289   100.7239     8.2109     8.6032    33.0191    33.0346    26.3388    26.3579    7.62406 0.0000e+00
      39517     29.834     2.6132     2.5230   2.971684   2.966012     2.3246     2.8255      8.189     0.9955     5.2407 1.0626e+01    -0.0289   100.7239     8.2025     8.6012    33.0102    33.0336    26.3296    26.3557    7.61987 0.0000e+00
      39520     29.809     2.6115     2.5482   2.970706   2.967897     2.3250     2.8259      8.189     0.9854     4.3327 1.0651e+01    -0.0289   100.7239     8.2038     8.5993    32.9999    33.0308    26.3216    26.3514    7.62073 0.0000e+00
      39669     29.775     2.6200     2.6076   2.972512   2.972191     2.3299     2.8374      8.189     1.0261     3.7010 1.0775e+01    -0.0263   100.6606     8.2155     8.6071    33.0133    33.0222    26.3315    26.3396    7.61843 0.0000e+00
      39962     29.727     2.7265     2.7053   2.981402   2.980037     2.3409     2.8565      8.191     1.1075     2.3588 1.0926e+01    -0.0202   100.5069     8.2244     8.6112    33.0124    33.0176    26.3220    26.3279    7.59794 0.0000e+00
      39965     29.678     2.7189     2.7185   2.981000   2.981060     2.3409     2.8561      8.189     1.0973     1.0165 1.0989e+01    -0.0202   100.5069     8.2225     8.6028    33.0154    33.0166    26.3250    26.3260    7.59926 0.0000e+00
      39968     29.632     2.7148     2.7441   2.980438   2.983386     2.3409     2.8561      8.191     1.1278     0.9770 1.1052e+01    -0.0202   100.5069     8.2183     8.5922    33.0128    33.0187    26.3233    26.3255    7.60017 0.0000e+00
      39971     29.589     2.7392     2.7584   2.982628   2.984246     2.3405     2.8552      8.192     1.1278     0.9770 1.1091e+01    -0.0130   100.3261     8.2056     8.5827    33.0144    33.0144    26.3225    26.3209    7.59539 0.0000e+00
      39974     29.548     2.7529     2.7767   2.983458   2.985600     2.3405     2.8552      8.194     1.1176     0.9770 1.1155e+01    -0.0094   100.2356     8.1991     8.5755    33.0106    33.0122    26.3183    26.3176    7.59298 0.0000e+00
      39977     29.511     2.7573     2.7760   2.983795   2.985380     2.3405     2.8548      8.189     1.1075     0.9770 1.1194e+01    -0.0094   100.2356     8.1953     8.5701    33.0102    33.0102    26.3176    26.3160    7.59215 0.0000e+00
      39980     29.484     2.7795     2.7707   2.985210   2.984988     2.3393     2.8548      8.190     1.1278     0.9770 1.1220e+01    -0.0094   100.2356     8.1824     8.5695    33.0046    33.0110    26.3113    26.3171    7.58817 0.0000e+00
      39983     29.457     2.7669     2.7781   2.984797   2.985178     2.3397     2.8548      8.192     1.2296     0.9770 1.1259e+01    -0.0094   100.2356     8.1828     8.5663    33.0125    33.0057    26.3186    26.3123    7.59018 0.0000e+00
      40141     29.425     2.9069     3.1457   2.995696   3.013177     2.3413     2.8589      8.193     1.0871   481.0026 1.1629e+01    -0.0098   100.2446     8.1535     8.4443    33.0016    32.9691    26.2980    26.2512    7.56398 0.0000e+00
      40144     29.394     2.9204     3.1212   2.996438   3.011506     2.3421     2.8593      8.193     1.0667   481.0026 1.1697e+01    -0.0094   100.2356     8.1551     8.4530    32.9967    32.9739    26.2930    26.2572    7.56165 0.0000e+00
      40697     29.367     2.7639     2.9219   2.984109   2.995806     2.3405     2.8552      8.194     0.9955   320.7177 1.1697e+01    -0.0191   100.4798     8.2160     8.5244    33.0071    32.9873    26.3143    26.2850    7.59124 0.0000e+00
      41800     29.305     2.4637     2.5914   2.961613   2.970662     2.3372     2.8515      8.190     0.7920     0.3453 1.1710e+01    -0.0382   100.9591     8.3277     8.6636    33.0412    33.0204    26.3665    26.3396    7.64724 0.0000e+00
      41803     29.230     2.4876     2.5935   2.963135   2.970106     2.3380     2.8528      8.190     0.7717     0.3848 1.1819e+01    -0.0385   100.9681     8.3214     8.6707    33.0352    33.0115    26.3599    26.3322    7.64290 0.0000e+00
      41806     29.157     2.5060     2.5729   2.964051   2.968531     2.3384     2.8532      8.195     0.7920     0.3848 1.1874e+01    -0.0378   100.9500     8.3139     8.6806    33.0275    33.0135    26.3521    26.3355    7.63972 0.0000e+00
      41809     29.088     2.5100     2.5602   2.964703   2.967708     2.3389     2.8544      8.192     0.7818     0.3848 1.1970e+01    -0.0321   100.8053     8.3071     8.6878    33.0314    33.0165    26.3550    26.3390    7.63874 0.0000e+00
      41812     29.026     2.5248     2.5592   2.966128   2.968052     2.3384     2.8548      8.195     0.8022     0.3848 1.2040e+01    -0.0260   100.6516     8.2948     8.6871    33.0336    33.0218    26.3556    26.3432    7.63576 0.0000e+00
      41815     28.961     2.5420     2.5732   2.967604   2.969644     2.3393     2.8560      8.193     0.9650     0.3848 1.2152e+01    -0.0267   100.6697     8.2854     8.6834    33.0341    33.0269    26.3545    26.3463    7.63240 0.0000e+00
      41818     28.903     2.5561     2.5946   2.968282   2.971167     2.3397     2.8564      8.194     0.9548     0.3848 1.2222e+01    -0.0267   100.6697     8.2760     8.6744    33.0279    33.0235    26.3484    26.3418    7.63001 0.0000e+00
      41821     28.848     2.5619     2.6016   2.968348   2.971623     2.3397     2.8568      8.193     0.9650     1.9640 1.2293e+01    -0.0267   100.6697     8.2664     8.6660    33.0227    33.0219    26.3438    26.3399    7.62914 0.0000e+00
      41824     28.799     2.5616     2.6075   2.968486   2.971990     2.3397     2.8576      8.194     0.9650     9.7019 1.2407e+01    -0.0267   100.6697     8.2584     8.6557    33.0247    33.0204    26.3455    26.3383    7.62910 0.0000e+00
      41827     28.753     2.5846     2.6073   2.970198   2.971320     2.3397     2.8576      8.192     0.9548     9.6229 1.2479e+01    -0.0263   100.6607     8.2475     8.6453    33.0221    33.0123    26.3415    26.3318    7.62479 0.0000e+00
      41830     28.715     2.6260     2.5693   2.973774   2.968261     2.3397     2.8568      8.194     0.9446     9.6229 1.2552e+01    -0.0267   100.6697     8.2342     8.6414    33.0232    33.0141    26.3390    26.3363    7.61674 0.0000e+00
      41833     28.681     2.6741     2.5578   2.977359   2.967736     2.3389     2.8564      8.194     0.9650     9.6229 1.2595e+01    -0.0267   100.6697     8.2150     8.6287    33.0175    33.0195    26.3304    26.3416    7.60776 0.0000e+00
      41836     28.651     2.6992     2.5447   2.979242   2.966522     2.3389     2.8568      8.194     0.9548     9.6229 1.2639e+01    -0.0271   100.6787     8.2075     8.6223    33.0148    33.0182    26.3262    26.3416    7.60307 0.0000e+00
      41839     28.622     2.7152     2.5346   2.980005   2.965887     2.3380     2.8564      8.194     0.9955     9.6229 1.2697e+01    -0.0267   100.6697     8.2015     8.6155    33.0076    33.0208    26.3191    26.3445    7.60036 0.0000e+00
      41896     28.465     2.6538     2.5923   2.975738   2.971139     2.3523     2.8731      8.194     1.3517     0.6217 1.2595e+01    -0.0105   100.2627     8.4281     8.8823    33.0188    33.0259    26.3331    26.3438    7.61161 0.0000e+00
      41899     28.440     2.6640     2.5871   2.976517   2.969858     2.3519     2.8747      8.194     1.3618    24.9408 1.2610e+01    -0.0101   100.2537     8.4236     8.8862    33.0177    33.0154    26.3314    26.3360    7.60969 0.0000e+00
      41902     28.411     2.6604     2.5510   2.976175   2.966851     2.3523     2.8752      8.194     1.3415   445.5110 1.2624e+01    -0.0105   100.2627     8.4296     8.8978    33.0173    33.0158    26.3314    26.3392    7.61041 0.0000e+00
      41905     28.377     2.6523     2.5251   2.976228   2.966257     2.3551     2.8760      8.194     1.3415   481.6738 1.2595e+01    -0.0105   100.2627     8.4456     8.9099    33.0264    33.0353    26.3393    26.3569    7.61151 0.0000e+00
      41908     28.335     2.6626     2.5359   2.977056   2.966911     2.3563     2.8776      8.196     1.3415   480.8447 1.2624e+01    -0.0101   100.2537     8.4522     8.9203    33.0259    33.0322    26.3381    26.3536    7.60955 0.0000e+00
      41911     28.289     2.7031     2.5517   2.980136   2.968390     2.3567     2.8804      8.196     1.3517   481.0026 1.2639e+01     0.0007    99.9824     8.4474     8.9352    33.0218    33.0341    26.3315    26.3537    7.60195 0.0000e+00
      41914     28.236     2.7928     2.6281   2.987865   2.975050     2.3588     2.8833      8.196     1.3415   481.0026 1.2683e+01     0.0036    99.9101     8.4375     8.9407    33.0240    33.0370    26.3257    26.3497    7.58465 0.0000e+00
      41917     28.178     2.8707     2.7021   2.994733   2.980474     2.3596     2.8853      8.196     1.3618   481.0026 1.2741e+01     0.0036    99.9101     8.4255     8.9440    33.0276    33.0271    26.3219    26.3357    7.56956 0.0000e+00
      41920     28.111     2.9421     2.7892   2.999347   2.988905     2.3612     2.8865      8.197     1.4228   481.0026 1.2786e+01     0.0029    99.9282     8.4213     8.9382    33.0106    33.0405    26.3022    26.3391    7.55683 0.0000e+00
      41923     28.039     2.9814     2.9158   3.002351   2.998433     2.3621     2.8894      8.197     1.4025   481.0026 1.2830e+01     0.0032    99.9191     8.4214     8.9254    33.0067    33.0264    26.2957    26.3171    7.54954 0.0000e+00
      41926     27.964     3.0559     2.9791   3.008507   3.002783     2.3641     2.8931      8.197     1.4127   364.8553 1.2905e+01     0.0032    99.9191     8.4152     8.9285    33.0052    33.0145    26.2879    26.3021    7.53550 0.0000e+00
      41929     27.880     3.1594     3.1156   3.017366   3.014746     2.3645     2.8955      8.197     1.4127     0.5033 1.2994e+01     0.0040    99.9010     8.3924     8.9011    33.0066    33.0197    26.2799    26.2942    7.51589 0.0000e+00
      41932     27.795     3.2669     3.2580   3.024976   3.024643     2.3669     2.8984      8.196     1.4127     7.9648 1.3115e+01     0.0062    99.8468     8.3793     8.8677    32.9887    32.9937    26.2561    26.2608    7.49658 0.0000e+00
      41935     27.704     3.3141     3.3454   3.027054   3.029519     2.3677     2.9008      8.196     1.4228     8.0043 1.3237e+01     0.0058    99.8558     8.3748     8.8383    32.9657    32.9635    26.2334    26.2287    7.48887 0.0000e+00
      41938     27.607     3.3239     3.3701   3.027508   3.029992     2.3690     2.9049      8.196     1.4228     7.9648 1.3345e+01     0.0058    99.8558     8.3746     8.8257    32.9613    32.9441    26.2290    26.2111    7.48727 0.0000e+00
      41941     27.503     3.3353     3.3647   3.028120   3.028729     2.3702     2.9073      8.198     1.4228     7.9648 1.3484e+01     0.0062    99.8468     8.3748     8.8109    32.9571    32.9345    26.2246    26.2039    7.48535 0.0000e+00
      41944     27.396     3.3427     3.3558   3.028211   3.028168     2.3726     2.9098      8.198     1.2397     7.9648 1.3594e+01     0.0058    99.8558     8.3792     8.7928    32.9507    32.9368    26.2188    26.2066    7.48428 0.0000e+00
      41947     27.289     3.3507     3.3644   3.028672   3.029101     2.3738     2.9106      8.197     1.0260     7.9648 1.3768e+01     0.0058    99.8558     8.3760     8.7592    32.9481    32.9394    26.2160    26.2078    7.48291 0.0000e+00
      41950     27.179     3.3636     3.3747   3.029472   3.030019     2.3763     2.9126      8.199     1.0159     7.9648 1.3928e+01    -0.0004   100.0095     8.3758     8.7309    32.9447    32.9399    26.2121    26.2073    7.48068 0.0000e+00
      41953     27.066     3.3854     3.3888   3.031889   3.030973     2.3763     2.9134      8.199     1.0260   254.6298 1.4106e+01    -0.0148   100.3713     8.3609     8.6945    32.9516    32.9371    26.2156    26.2038    7.47625 0.0000e+00
      41956     26.952     3.4236     3.4026   3.035541   3.034291     2.3783     2.9126      8.200     1.0260   482.1475 1.4270e+01    -0.0141   100.3532     8.3498     8.6539    32.9567    32.9631    26.2162    26.2232    7.46887 0.0000e+00
      41959     26.835     3.5138     3.4974   3.044338   3.042435     2.3787     2.9106      8.200     1.0260   480.8052 1.4486e+01    -0.0144   100.3622     8.3167     8.5901    32.9706    32.9645    26.2189    26.2156    7.45142 0.0000e+00
      41962     26.716     3.6026     3.5928   3.050260   3.049031     2.3792     2.9098      8.199     1.0159   481.0026 1.4689e+01    -0.0141   100.3532     8.2846     8.5321    32.9515    32.9467    26.1953    26.1925    7.43592 0.0000e+00
      41965     26.595     3.6419     3.6550   3.052260   3.053935     2.3804     2.9089      8.199     1.0159   481.0026 1.4859e+01    -0.0137   100.3441     8.2645     8.4851    32.9356    32.9423    26.1790    26.1830    7.42945 0.0000e+00
      41968     26.484     3.6639     3.7205   3.054762   3.060131     2.3808     2.9085      8.199     1.0260   481.0026 1.5015e+01    -0.0137   100.3441     8.2391     8.4434    32.9432    32.9500    26.1829    26.1829    7.42500 0.0000e+00
      41971     26.367     3.7392     3.8132   3.062062   3.069037     2.3816     2.9073      8.199     0.7208   481.0026 1.5172e+01    -0.0127   100.3170     8.1992     8.3971    32.9542    32.9623    26.1844    26.1837    7.41062 0.0000e+00
      41974     26.255     3.7798     3.9468   3.065441   3.081481     2.3816     2.9061      8.199     0.5681   481.0026 1.5366e+01    -0.0127   100.3170     8.1626     8.3474    32.9533    32.9751    26.1799    26.1808    7.40320 0.0000e+00
      41977     26.147     3.8775     4.0744   3.075893   3.092416     2.3824     2.9036      8.198     0.5783   481.0026 1.5545e+01    -0.0127   100.3170     8.1179     8.3030    32.9789    32.9759    26.1907    26.1688    7.38407 0.0000e+00
