Datasets/AZMP/TEL210/tel210_2020_090.cnv
* Sea-Bird SBE 9 Data File:
* FileName = C:\CTDDATA\tel210_2020_090.hex
* Software Version Seasave V 7.26.7.110
* Temperature SN = 1697
* Conductivity SN = 4216
* Number of Bytes Per Scan = 30
* Number of Voltage Words = 4
* Number of Scans Averaged by the Deck Unit = 1
* NMEA baud rate = 4800
** VESSEL/TRIP/SEQ STN:  tel210_2020_090
** LATITUDE XX XX.XX: 54 12.00 N
** LONGITUDE XX XX.XX: 054 00.00 W
** SOUNDING DEPTH (M): 0216
** PROBE TYPE: S1146
** CTD NUMBER: 060
** COMMENTS (14 CHAR): SI-09
** BOTTLES:  10
** LEVELS: 5,10,20,30,40,50,75,100,150,BTM
** STICKERS: 436170 - 436179
** VNET: Y
** DO2: Y
# nquan = 22
# nvalues = 5370                        
# units = specified
# name 0 = scan: Scan Count
# name 1 = prDM: Pressure, Digiquartz [db]
# name 2 = t090C: Temperature [ITS-90, deg C]
# name 3 = t190C: Temperature, 2 [ITS-90, deg C]
# name 4 = c0S/m: Conductivity [S/m]
# name 5 = c1S/m: Conductivity, 2 [S/m]
# name 6 = sbeox0V: Oxygen raw, SBE 43 [V]
# name 7 = sbeox1V: Oxygen raw, SBE 43, 2 [V]
# name 8 = ph: pH
# name 9 = flECO-AFL: Fluorescence, WET Labs ECO-AFL/FL [mg/m^3]
# name 10 = wetCDOM: Fluorescence, WET Labs CDOM [mg/m^3]
# name 11 = par/sat/log: PAR/Logarithmic, Satlantic [umol photons/m^2/sec]
# name 12 = CStarAt0: Beam Attenuation, WET Labs C-Star [1/m]
# name 13 = CStarTr0: Beam Transmission, WET Labs C-Star [%]
# name 14 = sbeox0ML/L: Oxygen, SBE 43 [ml/l], WS = 2
# name 15 = sbeox1ML/L: Oxygen, SBE 43, 2 [ml/l], WS = 2
# name 16 = sal00: Salinity, Practical [PSU]
# name 17 = sal11: Salinity, Practical, 2 [PSU]
# name 18 = sigma-t00: Density [sigma-t, kg/m^3 ]
# name 19 = sigma-t11: Density, 2 [sigma-t, kg/m^3 ]
# name 20 = oxsatML/L: Oxygen Saturation, Weiss [ml/l]
# name 21 = flag: flag
# span 0 =         75,      41124       
# span 1 =      1.065,    215.405       
# span 2 =    -0.7122,     8.2144       
# span 3 =    -0.7188,     8.2083       
# span 4 =   2.692237,   3.281943       
# span 5 =   2.691682,   3.281521       
# span 6 =     1.9554,     2.7524       
# span 7 =     2.3521,     3.3835       
# span 8 =      7.994,      8.336       
# span 9 =     0.6664,     8.6770       
# span 10 =    -2.8130,   482.1870      
# span 11 = 1.0678e-01, 6.4486e+02      
# span 12 =    -0.1306,     0.5831      
# span 13 =    86.4358,   103.3193      
# span 14 =     6.5390,    10.3847      
# span 15 =     6.7882,    10.8479      
# span 16 =    31.1721,    34.5244      
# span 17 =    31.1850,    34.5249      
# span 18 =    24.2484,    27.4967      
# span 19 =    24.2496,    27.4972      
# span 20 =    6.73873,    8.31614      
# span 21 = 0.0000e+00, 0.0000e+00      
# interval = scans: 3                   
# start_time = Jul 25 2020 11:50:48 [System UTC, header]
# bad_flag = -9.990e-29
*END*
[from data line 4346]
      23685     60.767     1.2223     1.2526   2.897922   2.901795     2.1142     2.5686      8.092     3.4494   481.2395 1.0703e-01     0.1474    96.3832     7.9570     8.4266    33.5335    33.5504    26.8519    26.8635    7.86896 0.0000e+00
      23688     60.698     1.2422     1.2697   2.898633   2.903127     2.1174     2.5726      8.092     3.4600   481.2790 1.0715e-01     0.1492    96.3380     7.9682     8.4415    33.5213    33.5491    26.8408    26.8613    7.86553 0.0000e+00
      23691     60.628     1.2134     1.2782   2.897928   2.903838     2.1207     2.5771      8.094     3.4600   481.2395 1.0715e-01     0.1519    96.2747     7.9916     8.4612    33.5432    33.5491    26.8603    26.8607    7.87026 0.0000e+00
      23694     60.558     1.2563     1.2925   2.900941   2.905194     2.1231     2.5820      8.094     3.4600   306.0315 1.0715e-01     0.1519    96.2747     7.9959     8.4809    33.5357    33.5511    26.8514    26.8614    7.86189 0.0000e+00
      23697     60.480     1.2216     1.2964   2.897469   2.905299     2.1252     2.5873      8.094     3.4494    -2.8130 1.0690e-01     0.1519    96.2747     8.0240     8.5074    33.5286    33.5483    26.8481    26.8589    7.86935 0.0000e+00
      23700     60.403     1.2387     1.2953   2.902057   2.905127     2.1280     2.5905      8.094     3.4600     0.2664 1.0715e-01     0.1519    96.2747     8.0412     8.5320    33.5689    33.5473    26.8793    26.8582    7.86371 0.0000e+00
      23703     60.319     1.3252     1.2946   2.909246   2.905737     2.1321     2.5958      8.094     3.4494     0.8981 1.0715e-01     0.1519    96.2747     8.0496     8.5623    33.5678    33.5559    26.8726    26.8651    7.84613 0.0000e+00
      23706     60.233     1.3616     1.3872   2.916263   2.918731     2.1345     2.6019      8.098     3.8092     0.8586 1.0715e-01     0.1519    96.2747     8.0609     8.5674    33.6181    33.6220    26.9105    26.9119    7.83608 0.0000e+00
      23709     60.149     1.6248     1.5499   2.940299   2.932009     2.1390     2.6068      8.099     4.1690     0.8586 1.0703e-01     0.2038    95.0358     8.0209     8.5535    33.6411    33.6162    26.9106    26.8960    7.78174 0.0000e+00
      23712     60.060     1.8397     1.7038   2.954276   2.945479     2.1414     2.6125      8.104     4.1584     0.8586 1.0690e-01     0.2342    94.3123     7.9883     8.5466    33.5879    33.6220    26.8524    26.8897    7.74158 0.0000e+00
      23715     59.969     1.8637     1.8512   2.956306   2.958248     2.1443     2.6182      8.106     4.1373     0.8586 1.0715e-01     0.2327    94.3485     8.0052     8.5372    33.5879    33.6256    26.8507    26.8817    7.73681 0.0000e+00
      23718     59.880     1.9031     1.9295   2.960723   2.962889     2.1496     2.6239      8.111     4.1478     0.8586 1.0690e-01     0.2327    94.3485     8.0307     8.5479    33.6014    33.6006    26.8585    26.8558    7.72828 0.0000e+00
      23721     59.785     1.9312     1.9868   2.963196   2.969856     2.1533     2.6305      8.115     4.1584    -0.2074 1.0703e-01     0.2327    94.3485     8.0493     8.5631    33.6027    33.6270    26.8574    26.8727    7.72265 0.0000e+00
      23724     59.692     1.9486     2.0687   2.965260   2.976593     2.1565     2.6357      8.120     4.1373    -0.7206 1.0703e-01     0.2327    94.3485     8.0639     8.5669    33.6101    33.6242    26.8620    26.8642    7.71882 0.0000e+00
      23727     59.603     2.0179     2.1143   2.966452   2.980092     2.1606     2.6410      8.125     4.1478    -0.6811 1.0703e-01     0.2335    94.3304     8.0714     8.5731    33.5515    33.6196    26.8098    26.8570    7.70817 0.0000e+00
      23730     59.513     2.0341     2.1445   2.969486   2.982706     2.1643     2.6472      8.129     4.1584    -0.6811 1.0690e-01     0.2631    93.6341     8.0848     8.5844    33.5722    33.6203    26.8252    26.8552    7.70390 0.0000e+00
      23733     59.423     2.0831     2.1806   2.972485   2.986215     2.1667     2.6532      8.129     5.5659    -0.7601 1.0690e-01     0.2666    93.5527     8.0836     8.5930    33.5579    33.6257    26.8100    26.8567    7.69500 0.0000e+00
      23736     59.335     1.9665     2.1895   2.960794   2.984685     2.1712     2.6598      8.134     5.9362    -0.6811 1.0703e-01     0.2662    93.5618     8.1361     8.6102    33.5353    33.5973    26.8008    26.8332    7.71918 0.0000e+00
      23739     59.251     1.9451     2.1711   2.966925   2.984193     2.1748     2.6647      8.136     5.9256    -0.6811 1.0690e-01     0.2662    93.5618     8.1506     8.6235    33.6349    33.6108    26.8821    26.8455    7.71823 0.0000e+00
      23742     59.167     2.0445     2.1747   2.972922   2.983522     2.1801     2.6712      8.139     5.9151    -0.6811 1.0690e-01     0.2662    93.5618     8.1458     8.6385    33.6044    33.5986    26.8502    26.8355    7.70019 0.0000e+00
      23745     59.084     2.1121     2.2106   2.976733   2.988274     2.1834     2.6769      8.140     5.9151    -0.6811 1.0678e-01     0.2662    93.5618     8.1447     8.6388    33.5804    33.6198    26.8257    26.8496    7.68814 0.0000e+00
      23748     58.999     2.1194     2.2113   2.978292   2.987849     2.1866     2.6822      8.143     5.9151     2.0034 1.0678e-01     0.2716    93.4352     8.1532     8.6483    33.5921    33.6138    26.8346    26.8447    7.68611 0.0000e+00
      23751     58.913     2.2015     2.1909   2.982031   2.986780     2.1903     2.6866      8.145     5.9256     2.2798 1.0690e-01     0.2980    92.8203     8.1512     8.6589    33.5518    33.6222    26.7958    26.8531    7.67208 0.0000e+00
      23754     58.828     2.1219     2.2553   2.977718   2.994376     2.1936     2.6915      8.148     5.9151     2.2798 1.0678e-01     0.2976    92.8293     8.1835     8.6450    33.5824    33.6484    26.8266    26.8690    7.68611 0.0000e+00
      23757     58.740     2.1745     2.2988   2.985412   2.995205     2.1972     2.6968      8.153     5.9045     2.2798 1.0703e-01     0.2976    92.8293     8.1811     8.6404    33.6226    33.6128    26.8547    26.8370    7.67373 0.0000e+00
      23760     58.652     2.3028     2.3347   2.992920   2.999446     2.2013     2.7017      8.152     5.6717     2.2798 1.0690e-01     0.2976    92.8293     8.1626     8.6341    33.5803    33.6275    26.8106    26.8459    7.65084 0.0000e+00
      23763     58.562     2.2285     2.4093   2.990391   3.005644     2.2046     2.7062      8.153     5.6823     2.2798 1.0703e-01     0.2976    92.8293     8.1919     8.6189    33.6275    33.6256    26.8544    26.8383    7.66291 0.0000e+00
      23766     58.471     2.3621     2.3946   3.006279   3.005302     2.2082     2.7115      8.155     5.6717     2.2798 1.0678e-01     0.2976    92.8293     8.1685     8.6310    33.6833    33.6369    26.8883    26.8485    7.63403 0.0000e+00
      23769     58.376     2.4090     2.4468   3.005652   3.010375     2.2119     2.7160      8.157     5.6717     2.2798 1.0690e-01     0.3137    92.4585     8.1741     8.6243    33.6260    33.6446    26.8387    26.8504    7.62787 0.0000e+00
      23772     58.280     2.4030     2.4518   3.005766   3.010145     2.2147     2.7200      8.158     5.6717     2.7141 1.0678e-01     0.3360    91.9430     8.1860     8.6323    33.6339    33.6365    26.8454    26.8436    7.62863 0.0000e+00
      23775     58.184     2.4503     2.4930   3.010365   3.014709     2.2200     2.7253      8.161     5.6717     4.5696 1.0678e-01     0.3352    91.9611     8.1971     8.6329    33.6409    33.6495    26.8472    26.8505    7.61912 0.0000e+00
      23778     58.088     2.4653     2.5140   3.009560   3.014832     2.2221     2.7290      8.161     5.6717     4.5301 1.0690e-01     0.3352    91.9611     8.2009     8.6332    33.6151    33.6289    26.8253    26.8323    7.61752 0.0000e+00
      23781     57.990     2.4824     2.5282   3.009877   3.017197     2.2257     2.7322      8.161     5.6717     4.5301 1.0678e-01     0.3352    91.9611     8.2094     8.6319    33.6011    33.6432    26.8127    26.8426    7.61494 0.0000e+00
      23784     57.886     2.4634     2.5481   3.010360   3.019809     2.2294     2.7367      8.166     5.7986     4.5301 1.0703e-01     0.3352    91.9611     8.2243     8.6333    33.6272    33.6545    26.8351    26.8500    7.61728 0.0000e+00
      23787     57.780     2.5054     2.5781   3.014629   3.022189     2.2339     2.7408      8.166     6.0844     4.5301 1.0678e-01     0.3352    91.9611     8.2274     8.6327    33.6357    33.6523    26.8385    26.8457    7.60874 0.0000e+00
      23790     57.673     2.4857     2.5904   3.011414   3.022865     2.2363     2.7457      8.166     6.0844     4.5301 1.0690e-01     0.3301    92.0787     8.2393     8.6394    33.6168    33.6477    26.8250    26.8410    7.61350 0.0000e+00
      23793     57.570     2.5006     2.5897   3.014854   3.022317     2.2388     2.7493      8.166     6.0844     4.5301 1.0678e-01     0.3270    92.1510     8.2399     8.6452    33.6436    33.6418    26.8452    26.8364    7.60926 0.0000e+00
      23796     57.460     2.5110     2.5754   3.012949   3.020722     2.2432     2.7542      8.169     6.0844     4.5301 1.0690e-01     0.3266    92.1601     8.2532     8.6594    33.6093    33.6373    26.8168    26.8339    7.60901 0.0000e+00
      23799     57.351     2.4338     2.5651   3.006446   3.019720     2.2473     2.7575      8.171     6.0844     4.4117 1.0678e-01     0.3270    92.1510     8.2837     8.6652    33.6103    33.6358    26.8241    26.8336    7.62387 0.0000e+00
      23802     57.247     2.4301     2.5551   3.009516   3.018781     2.2494     2.7608      8.171     6.0844     4.2932 1.0740e-01     0.3270    92.1510     8.2854     8.6724    33.6522    33.6349    26.8579    26.8337    7.62245 0.0000e+00
      23805     57.140     2.5041     2.5496   3.014948   3.018348     2.2530     2.7644      8.171     6.0844     4.2932 1.0690e-01     0.3270    92.1510     8.2737     8.6763    33.6413    33.6353    26.8431    26.8345    7.60869 0.0000e+00
      23808     57.033     2.5101     2.5443   3.014059   3.017720     2.2555     2.7681      8.171     6.0738     4.2932 1.0678e-01     0.3266    92.1601     8.2731     8.6781    33.6241    33.6332    26.8288    26.8332    7.60842 0.0000e+00
      23811     56.928     2.4898     2.5352   3.011445   3.016440     2.2587     2.7717      8.172     5.6928     4.2932 1.0690e-01     0.3109    92.5218     8.2850     8.6809    33.6133    33.6271    26.8219    26.8291    7.61289 0.0000e+00
      23814     56.826     2.4671     2.5222   3.009610   3.015154     2.2620     2.7750      8.173     5.4494     4.2932 1.1006e-01     0.3093    92.5580     8.2962     8.6821    33.6147    33.6250    26.8248    26.8285    7.61721 0.0000e+00
      23817     56.727     2.4649     2.5060   3.009550   3.013151     2.2652     2.7783      8.174     5.4494     4.2932 1.0903e-01     0.3093    92.5580     8.2995     8.6853    33.6163    33.6174    26.8263    26.8238    7.61756 0.0000e+00
      23820     56.630     2.4613     2.4809   3.009184   3.010955     2.2677     2.7815      8.176     5.4389     4.2932 1.0979e-01     0.3093    92.5580     8.2987     8.6902    33.6155    33.6167    26.8260    26.8254    7.61828 0.0000e+00
      23823     56.535     2.4586     2.4645   3.008856   3.009662     2.2705     2.7839      8.176     5.4494     4.2932 1.1542e-01     0.3097    92.5490     8.3022     8.6911    33.6144    33.6182    26.8253    26.8279    7.61886 0.0000e+00
      23826     56.447     2.4553     2.4569   3.008500   3.008801     2.2726     2.7872      8.176     5.4389     2.3982 1.1755e-01     0.3093    92.5580     8.3034     8.6913    33.6135    33.6155    26.8248    26.8263    7.61954 0.0000e+00
      23829     56.359     2.4421     2.4390   3.007377   3.007255     2.2750     2.7896      8.176     5.4494     1.7665 1.1669e-01     0.3101    92.5399     8.3067     8.6916    33.6136    33.6153    26.8260    26.8277    7.62209 0.0000e+00
      23832     56.273     2.4260     2.4396   3.005948   3.007367     2.2778     2.7921      8.176     5.4389     1.8060 1.2893e-01     0.3117    92.5037     8.3158     8.6839    33.6129    33.6161    26.8268    26.8282    7.62523 0.0000e+00
      23835     56.192     2.4217     2.4311   3.006115   3.006555     2.2799     2.7941      8.176     5.4389     1.8060 1.3472e-01     0.3117    92.5037     8.3169     8.6812    33.6197    33.6151    26.8325    26.8281    7.62574 0.0000e+00
      23838     56.111     2.4255     2.4152   3.006139   3.005120     2.2819     2.7962      8.176     5.4918     1.8060 1.3216e-01     0.3117    92.5037     8.3192     8.6793    33.6160    33.6142    26.8293    26.8287    7.62519 0.0000e+00
      23841     56.037     2.4223     2.4123   3.005508   3.006311     2.2844     2.7986      8.176     5.4918     1.8060 1.3900e-01     0.3117    92.5037     8.3272     8.6742    33.6116    33.6321    26.8260    26.8432    7.62603 0.0000e+00
      23844     55.968     2.4138     2.4273   3.005073   3.007045     2.2864     2.8006      8.176     5.4812     1.8060 1.4851e-01     0.3113    92.5128     8.3344     8.6676    33.6152    33.6253    26.8296    26.8366    7.62750 0.0000e+00
      23847     55.900     2.4219     2.4074   3.006472   3.004144     2.2884     2.8023      8.176     5.4918     1.8060 1.4292e-01     0.3117    92.5037     8.3346     8.6683    33.6240    33.6106    26.8360    26.8264    7.62547 0.0000e+00
      23850     55.834     2.4172     2.3961   3.004507   3.004354     2.2905     2.8043      8.176     5.4812     1.7271 1.5023e-01     0.3113    92.5128     8.3420     8.6675    33.6046    33.6251    26.8209    26.8389    7.62736 0.0000e+00
      23853     55.769     2.4195     2.4155   3.005652   3.005976     2.2925     2.8059      8.176     5.4918     1.0560 1.4966e-01     0.3101    92.5399     8.3446     8.6597    33.6164    33.6247    26.8301    26.8371    7.62632 0.0000e+00
      23856     55.710     2.4290     2.4114   3.005563   3.004679     2.2958     2.8067      8.178     5.4918     1.0954 1.5376e-01     0.3105    92.5309     8.3515     8.6572    33.6054    33.6130    26.8205    26.8280    7.62506 0.0000e+00
      23859     55.655     2.4092     2.3969   3.002856   3.003004     2.2974     2.8092      8.176     5.4812     1.0954 1.5639e-01     0.3105    92.5309     8.3564     8.6641    33.5928    33.6076    26.8121    26.8249    7.62953 0.0000e+00
      23862     55.605     2.3850     2.3947   3.001138   3.003045     2.2998     2.8100      8.178     5.5235     1.0954 1.6515e-01     0.3105    92.5309     8.3627     8.6594    33.5971    33.6105    26.8174    26.8274    7.63400 0.0000e+00
      23865     55.552     2.3986     2.3835   3.002897   3.002554     2.3019     2.8112      8.176     5.6294     1.0954 1.6286e-01     0.3101    92.5399     8.3544     8.6583    33.6046    33.6162    26.8224    26.8329    7.63099 0.0000e+00
      23868     55.503     2.3790     2.3702   2.999686   3.001544     2.3031     2.8129      8.176     5.6294     1.0954 1.6627e-01     0.3105    92.5309     8.3536     8.6594    33.5855    33.6178    26.8087    26.8352    7.63576 0.0000e+00
      23871     55.452     2.3572     2.3706   2.998279   3.001663     2.3047     2.8141      8.178     5.6399     1.0954 1.6043e-01     0.3156    92.4133     8.3533     8.6563    33.5911    33.6189    26.8149    26.8360    7.63971 0.0000e+00
      23874     55.402     2.3609     2.3725   2.998880   3.001311     2.3068     2.8153      8.176     5.6399     1.0954 1.6651e-01     0.3176    92.3681     8.3476     8.6497    33.5947    33.6126    26.8175    26.8308    7.63881 0.0000e+00
      23877     55.354     2.3536     2.3644   2.996954   3.000585     2.3088     2.8165      8.176     5.6505     1.1744 1.6842e-01     0.3176    92.3681     8.3442     8.6467    33.5785    33.6121    26.8052    26.8312    7.64105 0.0000e+00
