Datasets/AZMP/TEL210/tel210_2020_083.cnv
* Sea-Bird SBE 9 Data File:
* FileName = C:\CTDDATA\tel210_2020_083.hex
* Software Version Seasave V 7.26.7.110
* Temperature SN = 1697
* Conductivity SN = 4216
* Number of Bytes Per Scan = 30
* Number of Voltage Words = 4
* Number of Scans Averaged by the Deck Unit = 1
* NMEA baud rate = 4800
** VESSEL/TRIP/SEQ STN:  tel210_2020_083
** LATITUDE XX XX.XX: 53 24.60 N
** LONGITUDE XX XX.XX: 055 21.40 W
** SOUNDING DEPTH (M): 0163
** PROBE TYPE: S1146
** CTD NUMBER: 053
** COMMENTS (14 CHAR): SI-03
** BOTTLES:  0
** LEVELS: 
** STICKERS: 
** VNET: N
** DO2: N
# nquan = 22
# nvalues = 3715                        
# units = specified
# name 0 = scan: Scan Count
# name 1 = prDM: Pressure, Digiquartz [db]
# name 2 = t090C: Temperature [ITS-90, deg C]
# name 3 = t190C: Temperature, 2 [ITS-90, deg C]
# name 4 = c0S/m: Conductivity [S/m]
# name 5 = c1S/m: Conductivity, 2 [S/m]
# name 6 = sbeox0V: Oxygen raw, SBE 43 [V]
# name 7 = sbeox1V: Oxygen raw, SBE 43, 2 [V]
# name 8 = ph: pH
# name 9 = flECO-AFL: Fluorescence, WET Labs ECO-AFL/FL [mg/m^3]
# name 10 = wetCDOM: Fluorescence, WET Labs CDOM [mg/m^3]
# name 11 = par/sat/log: PAR/Logarithmic, Satlantic [umol photons/m^2/sec]
# name 12 = CStarAt0: Beam Attenuation, WET Labs C-Star [1/m]
# name 13 = CStarTr0: Beam Transmission, WET Labs C-Star [%]
# name 14 = sbeox0ML/L: Oxygen, SBE 43 [ml/l], WS = 2
# name 15 = sbeox1ML/L: Oxygen, SBE 43, 2 [ml/l], WS = 2
# name 16 = sal00: Salinity, Practical [PSU]
# name 17 = sal11: Salinity, Practical, 2 [PSU]
# name 18 = sigma-t00: Density [sigma-t, kg/m^3 ]
# name 19 = sigma-t11: Density, 2 [sigma-t, kg/m^3 ]
# name 20 = oxsatML/L: Oxygen Saturation, Weiss [ml/l]
# name 21 = flag: flag
# span 0 =          2,      14743       
# span 1 =      0.703,    162.644       
# span 2 =    -0.9413,     7.8203       
# span 3 =    -0.9476,     7.7905       
# span 4 =   2.643815,   3.272224       
# span 5 =   2.643518,   3.270119       
# span 6 =     1.9789,     2.5058       
# span 7 =     2.3949,     3.0574       
# span 8 =      7.939,      8.192       
# span 9 =     0.6664,     1.5024       
# span 10 =    -2.8130,   482.1870      
# span 11 = 1.0715e-01, 8.3359e+00      
# span 12 =    -0.1456,     0.0789      
# span 13 =    98.0472,   103.7082      
# span 14 =     7.4317,    10.6118      
# span 15 =     7.2289,    11.0833      
# span 16 =    31.2366,    33.1900      
# span 17 =    31.4384,    33.1874      
# span 18 =    24.4825,    26.6720      
# span 19 =    24.5077,    26.6692      
# span 20 =    6.78899,    8.39040      
# span 21 = 0.0000e+00, 0.0000e+00      
# interval = scans: 3                   
# start_time = Jul 24 2020 23:36:26 [System UTC, header]
# bad_flag = -9.990e-29
*END*
[from data line 1449]
       4770    148.897    -0.5924    -0.5987   2.724730   2.724336     1.9865     2.4054      7.951     0.7299    -0.1679 1.0752e-01    -0.1320   103.3555     7.4581     7.7770    33.1823    33.1840    26.6650    26.6666    8.27584 0.0000e+00
       4773    149.002    -0.5922    -0.5982   2.724717   2.724413     1.9878     2.4041      7.951     0.7722    -0.1679 1.0752e-01    -0.1320   103.3555     7.4638     7.7719    33.1819    33.1844    26.6647    26.6669    8.27583 0.0000e+00
       4776    149.111    -0.5921    -0.5981   2.724753   2.724359     1.9874     2.4041      7.951     0.7934    -0.2469 1.0752e-01    -0.1320   103.3555     7.4653     7.7700    33.1821    33.1834    26.6649    26.6662    8.27578 0.0000e+00
       4779    149.221    -0.5923    -0.5983   2.724724   2.724370     1.9882     2.4041      7.951     0.7934    -0.6416 1.0752e-01    -0.1320   103.3555     7.4693     7.7708    33.1819    33.1838    26.6647    26.6664    8.27584 0.0000e+00
       4782    149.328    -0.5924    -0.5980   2.724768   2.724416     1.9874     2.4041      7.951     0.7828    -0.6416 1.0752e-01    -0.1320   103.3555     7.4605     7.7716    33.1825    33.1840    26.6652    26.6666    8.27582 0.0000e+00
       4785    149.437    -0.5921    -0.5981   2.724823   2.724424     1.9874     2.4041      7.951     0.7934    -0.6022 1.0752e-01    -0.1320   103.3555     7.4624     7.7732    33.1830    33.1842    26.6656    26.6668    8.27575 0.0000e+00
       4788    149.548    -0.5917    -0.5981   2.724078   2.724424     1.9869     2.4041      7.951     0.7934    -0.5627 1.0752e-01    -0.1320   103.3555     7.4606     7.7739    33.1724    33.1841    26.6570    26.6667    8.27625 0.0000e+00
       4791    149.658    -0.5919    -0.5977   2.722519   2.724465     1.9874     2.4045      7.951     0.7828    -0.6022 1.0752e-01    -0.1320   103.3555     7.4629     7.7766    33.1516    33.1841    26.6402    26.6667    8.27747 0.0000e+00
       4794    149.767    -0.5918    -0.5974   2.724843   2.724510     1.9869     2.4037      7.951     0.7934    -0.6416 1.0752e-01    -0.1320   103.3555     7.4568     7.7738    33.1826    33.1844    26.6653    26.6669    8.27568 0.0000e+00
       4797    149.879    -0.5917    -0.5975   2.724831   2.724474     1.9878     2.4041      7.951     0.7934    -0.6022 1.0752e-01    -0.1320   103.3555     7.4580     7.7770    33.1823    33.1839    26.6650    26.6666    8.27569 0.0000e+00
       4800    149.989    -0.5919    -0.5982   2.724793   2.724439     1.9878     2.4041      7.951     0.7722    -0.6416 1.0752e-01    -0.1310   103.3284     7.4595     7.7780    33.1819    33.1841    26.6647    26.6667    8.27574 0.0000e+00
       4803    150.097    -0.5920    -0.5980   2.724806   2.724450     1.9869     2.4037      7.951     0.7616    -0.2469 1.0752e-01    -0.1313   103.3374     7.4561     7.7787    33.1821    33.1840    26.6649    26.6667    8.27576 0.0000e+00
       4806    150.204    -0.5919    -0.5982   2.724795   2.724446     1.9869     2.4037      7.951     0.7510     0.1084 1.0752e-01    -0.1310   103.3284     7.4582     7.7802    33.1819    33.1841    26.6647    26.6667    8.27576 0.0000e+00
       4809    150.312    -0.5920    -0.5981   2.724787   2.724490     1.9874     2.4037      7.951     0.7510     0.0690 1.0740e-01    -0.1310   103.3284     7.4631     7.7792    33.1818    33.1844    26.6646    26.6670    8.27578 0.0000e+00
       4812    150.420    -0.5921    -0.5980   2.724825   2.724508     1.9869     2.4033      7.951     0.7405     0.1479 1.0752e-01    -0.1310   103.3284     7.4613     7.7782    33.1824    33.1846    26.6651    26.6671    8.27578 0.0000e+00
       4815    150.525    -0.5923    -0.5976   2.724825   2.724530     1.9865     2.4041      7.951     0.7616     0.1084 1.0752e-01    -0.1310   103.3284     7.4585     7.7818    33.1825    33.1844    26.6652    26.6669    8.27581 0.0000e+00
       4818    150.629    -0.5921    -0.5976   2.724832   2.724517     1.9861     2.4029      7.951     0.7722     0.1084 1.0752e-01    -0.1306   103.3193     7.4573     7.7782    33.1823    33.1841    26.6650    26.6667    8.27577 0.0000e+00
       4821    150.733    -0.5920    -0.5979   2.724824   2.724504     1.9869     2.4033      7.951     0.7616     0.0690 1.0752e-01    -0.1310   103.3284     7.4612     7.7796    33.1820    33.1842    26.6648    26.6668    8.27577 0.0000e+00
       4824    150.835    -0.5920    -0.5980   2.724815   2.724502     1.9869     2.4045      7.951     0.7510     0.1084 1.0752e-01    -0.1310   103.3284     7.4645     7.7864    33.1819    33.1842    26.6647    26.6668    8.27578 0.0000e+00
       4827    150.935    -0.5922    -0.5981   2.724800   2.724493     1.9869     2.4041      7.951     0.7510     0.1084 1.0752e-01    -0.1306   103.3193     7.4649     7.7843    33.1819    33.1842    26.6647    26.6668    8.27583 0.0000e+00
       4830    151.037    -0.5923    -0.5980   2.724807   2.724513     1.9865     2.4041      7.951     0.7828     0.8980 1.0740e-01    -0.1310   103.3284     7.4653     7.7849    33.1819    33.1842    26.6647    26.6668    8.27584 0.0000e+00
       4833    151.138    -0.5924    -0.5979   2.724854   2.724555     1.9878     2.4029      7.951     0.7616     1.0954 1.0752e-01    -0.1310   103.3284     7.4721     7.7806    33.1826    33.1846    26.6653    26.6671    8.27582 0.0000e+00
       4836    151.238    -0.5922    -0.5978   2.724871   2.724557     1.9869     2.4041      7.951     0.7616     1.0559 1.0752e-01    -0.1303   103.3103     7.4704     7.7845    33.1826    33.1845    26.6652    26.6670    8.27578 0.0000e+00
       4839    151.335    -0.5921    -0.5973   2.724911   2.724596     1.9869     2.4029      7.951     0.7616     1.0559 1.0752e-01    -0.1320   103.3555     7.4674     7.7781    33.1830    33.1845    26.6656    26.6670    8.27575 0.0000e+00
       4842    151.435    -0.5922    -0.5974   2.724978   2.724617     1.9870     2.4041      7.951     0.7722     1.0954 1.0752e-01    -0.1327   103.3736     7.4639     7.7815    33.1839    33.1848    26.6664    26.6673    8.27571 0.0000e+00
       4845    151.537    -0.5916    -0.5965   2.725130   2.724743     1.9866     2.4033      7.951     0.7722     1.0559 1.0752e-01    -0.1327   103.3736     7.4608     7.7742    33.1853    33.1854    26.6674    26.6678    8.27551 0.0000e+00
       4848    151.640    -0.5910    -0.5963   2.725213   2.724717     1.9866     2.4037      7.951     0.7616     1.0954 1.0752e-01    -0.1331   103.3826     7.4599     7.7746    33.1856    33.1848    26.6676    26.6672    8.27534 0.0000e+00
       4851    151.743    -0.5901    -0.5963   2.725218   2.724745     1.9866     2.4029      7.951     0.7510     1.0559 1.0752e-01    -0.1331   103.3826     7.4585     7.7731    33.1847    33.1851    26.6669    26.6675    8.27520 0.0000e+00
       4854    151.848    -0.5900    -0.5960   2.725199   2.724770     1.9874     2.4041      7.951     0.7722     1.1744 1.0752e-01    -0.1331   103.3826     7.4578     7.7789    33.1842    33.1850    26.6665    26.6674    8.27520 0.0000e+00
       4857    151.953    -0.5899    -0.5955   2.725190   2.724834     1.9866     2.4033      7.951     0.7722     1.7665 1.0752e-01    -0.1327   103.3736     7.4527     7.7757    33.1839    33.1853    26.6662    26.6676    8.27519 0.0000e+00
       4860    152.055    -0.5899    -0.5950   2.725191   2.724879     1.9870     2.4037      7.951     0.7616     1.8060 1.0752e-01    -0.1324   103.3645     7.4552     7.7740    33.1838    33.1853    26.6662    26.6676    8.27519 0.0000e+00
       4863    152.161    -0.5897    -0.5955   2.725184   2.724806     1.9857     2.4029      7.951     0.7616     1.7665 1.0752e-01    -0.1331   103.3826     7.4490     7.7707    33.1835    33.1848    26.6659    26.6672    8.27517 0.0000e+00
       4866    152.271    -0.5897    -0.5950   2.725182   2.724962     1.9866     2.4029      7.951     0.7510     1.8060 1.0752e-01    -0.1327   103.3736     7.4528     7.7706    33.1834    33.1863    26.6659    26.6684    8.27518 0.0000e+00
       4869    152.383    -0.5895    -0.5940   2.725299   2.725066     1.9870     2.4029      7.951     0.7616     1.8060 1.0752e-01    -0.1327   103.3736     7.4543     7.7707    33.1847    33.1865    26.6669    26.6685    8.27506 0.0000e+00
       4872    152.496    -0.5892    -0.5935   2.725414   2.725122     1.9862     2.4029      7.951     0.7616     1.8060 1.0752e-01    -0.1324   103.3645     7.4493     7.7690    33.1858    33.1866    26.6678    26.6686    8.27493 0.0000e+00
       4875    152.611    -0.5887    -0.5937   2.725431   2.725034     1.9862     2.4029      7.951     0.7722     1.8060 1.0752e-01    -0.1327   103.3736     7.4473     7.7667    33.1854    33.1856    26.6674    26.6678    8.27484 0.0000e+00
       4878    152.726    -0.5883    -0.5937   2.725469   2.725076     1.9853     2.4029      7.951     0.7616     1.8060 1.0752e-01    -0.1320   103.3555     7.4420     7.7638    33.1854    33.1861    26.6674    26.6682    8.27475 0.0000e+00
       4881    152.845    -0.5881    -0.5935   2.725461   2.725112     1.9862     2.4029      7.951     0.7722     3.1088 1.0752e-01    -0.1310   103.3284     7.4479     7.7684    33.1850    33.1863    26.6671    26.6683    8.27472 0.0000e+00
       4884    152.968    -0.5879    -0.5933   2.725458   2.725104     1.9857     2.4017      7.951     0.7722     5.0828 1.0752e-01    -0.1310   103.3284     7.4471     7.7653    33.1848    33.1859    26.6669    26.6680    8.27471 0.0000e+00
       4887    153.092    -0.5881    -0.5936   2.725445   2.725070     1.9862     2.4029      7.951     0.7510     5.0038 1.0752e-01    -0.1310   103.3284     7.4518     7.7730    33.1846    33.1857    26.6668    26.6678    8.27474 0.0000e+00
       4890    153.217    -0.5878    -0.5942   2.725432   2.725020     1.9857     2.4029      7.951     0.7510     5.0038 1.0752e-01    -0.1310   103.3284     7.4482     7.7743    33.1841    33.1856    26.6663    26.6678    8.27471 0.0000e+00
       4893    153.343    -0.5878    -0.5945   2.725415   2.724981     1.9857     2.4021      7.951     0.7616     5.0038 1.0740e-01    -0.1310   103.3284     7.4495     7.7699    33.1838    33.1853    26.6661    26.6675    8.27474 0.0000e+00
       4896    153.474    -0.5879    -0.5947   2.725419   2.724978     1.9857     2.4017      7.951     0.7510     5.0038 1.0752e-01    -0.1310   103.3284     7.4499     7.7680    33.1839    33.1854    26.6662    26.6676    8.27475 0.0000e+00
       4899    153.607    -0.5880    -0.5944   2.725383   2.725025     1.9853     2.4013      7.951     0.7722     5.0038 1.0740e-01    -0.1310   103.3284     7.4469     7.7677    33.1835    33.1857    26.6658    26.6679    8.27480 0.0000e+00
       4902    153.736    -0.5880    -0.5944   2.725370   2.725026     1.9849     2.4017      7.951     0.7616     5.0038 1.0752e-01    -0.1320   103.3555     7.4417     7.7718    33.1832    33.1856    26.6656    26.6678    8.27482 0.0000e+00
       4905    153.869    -0.5881    -0.5946   2.725403   2.724994     1.9853     2.4029      7.951     0.7616     5.0038 1.0752e-01    -0.1320   103.3555     7.4446     7.7783    33.1836    33.1853    26.6660    26.6675    8.27481 0.0000e+00
       4908    154.007    -0.5884    -0.5947   2.725381   2.724997     1.9853     2.4021      7.951     0.7616     4.2143 1.0752e-01    -0.1320   103.3555     7.4449     7.7785    33.1836    33.1854    26.6659    26.6676    8.27487 0.0000e+00
       4911    154.145    -0.5885    -0.5947   2.725370   2.725021     1.9857     2.4025      7.951     0.7616     3.8195 1.0752e-01    -0.1320   103.3555     7.4471     7.7808    33.1835    33.1856    26.6659    26.6678    8.27491 0.0000e+00
       4914    154.284    -0.5884    -0.5945   2.725423   2.725065     1.9853     2.4021      7.951     0.7616     3.8195 1.0752e-01    -0.1320   103.3555     7.4461     7.7786    33.1840    33.1858    26.6663    26.6680    8.27485 0.0000e+00
       4917    154.421    -0.5881    -0.5942   2.725418   2.725062     1.9845     2.4013      7.951     0.7616     3.8195 1.0752e-01    -0.1320   103.3555     7.4451     7.7770    33.1836    33.1855    26.6659    26.6677    8.27482 0.0000e+00
       4920    154.564    -0.5883    -0.5943   2.725436   2.725055     1.9845     2.4017      7.951     0.7616     3.8195 1.0752e-01    -0.1282   103.2560     7.4479     7.7777    33.1839    33.1854    26.6662    26.6676    8.27484 0.0000e+00
       4923    154.708    -0.5882    -0.5939   2.725463   2.725106     1.9845     2.4021      7.951     0.7616     3.8195 1.0752e-01    -0.1278   103.2470     7.4488     7.7767    33.1841    33.1855    26.6663    26.6678    8.27480 0.0000e+00
       4926    154.849    -0.5882    -0.5937   2.725465   2.725196     1.9841     2.4021      7.951     0.7616     3.8195 1.0740e-01    -0.1278   103.2470     7.4451     7.7714    33.1840    33.1865    26.6662    26.6685    8.27480 0.0000e+00
       4929    154.995    -0.5881    -0.5932   2.725551   2.725244     1.9853     2.4021      7.951     0.7616     3.8195 1.0752e-01    -0.1278   103.2470     7.4504     7.7718    33.1849    33.1865    26.6670    26.6685    8.27473 0.0000e+00
       4932    155.146    -0.5878    -0.5930   2.725583   2.725261     1.9845     2.4029      7.951     0.7616     3.7405 1.0752e-01    -0.1278   103.2470     7.4465     7.7767    33.1850    33.1863    26.6671    26.6683    8.27467 0.0000e+00
       4935    155.297    -0.5877    -0.5932   2.725600   2.725260     1.9841     2.4017      7.951     0.7616     2.2798 1.0752e-01    -0.1278   103.2470     7.4465     7.7734    33.1850    33.1865    26.6671    26.6685    8.27465 0.0000e+00
       4938    155.448    -0.5876    -0.5932   2.725603   2.725271     1.9849     2.4013      7.951     0.7722     2.1219 1.0752e-01    -0.1285   103.2651     7.4526     7.7748    33.1849    33.1865    26.6669    26.6685    8.27463 0.0000e+00
       4941    155.598    -0.5875    -0.5930   2.725575   2.725282     1.9849     2.4017      7.951     0.7405     2.1614 1.0752e-01    -0.1327   103.3736     7.4542     7.7767    33.1843    33.1864    26.6665    26.6684    8.27465 0.0000e+00
       4944    155.744    -0.5874    -0.5931   2.725623   2.725246     1.9849     2.4017      7.951     0.7616     2.1614 1.0752e-01    -0.1331   103.3826     7.4527     7.7760    33.1847    33.1859    26.6668    26.6680    8.27459 0.0000e+00
       4947    155.880    -0.5873    -0.5938   2.725584   2.725180     1.9841     2.4009      7.951     0.7616     2.1614 1.0752e-01    -0.1331   103.3826     7.4494     7.7761    33.1840    33.1857    26.6662    26.6679    8.27460 0.0000e+00
       4950    156.010    -0.5879    -0.5939   2.725530   2.725168     1.9841     2.4013      7.951     0.7616     2.1614 1.0752e-01    -0.1331   103.3826     7.4497     7.7799    33.1838    33.1856    26.6661    26.6678    8.27474 0.0000e+00
       4953    156.128    -0.5880    -0.5941   2.725523   2.725163     1.9841     2.4017      7.951     0.7510     2.1614 1.0752e-01    -0.1331   103.3826     7.4514     7.7813    33.1838    33.1856    26.6661    26.6678    8.27478 0.0000e+00
       4956    156.224    -0.5878    -0.5941   2.725547   2.725197     1.9841     2.4017      7.951     0.7299     2.1614 1.0752e-01    -0.1331   103.3826     7.4527     7.7832    33.1838    33.1860    26.6661    26.6681    8.27473 0.0000e+00
       4959    156.293    -0.5880    -0.5937   2.725590   2.725248     1.9841     2.4017      7.951     0.7299     2.1614 1.0752e-01    -0.1320   103.3555     7.4528     7.7858    33.1846    33.1863    26.6667    26.6683    8.27472 0.0000e+00
       4962    156.330    -0.5877    -0.5935   2.725607   2.725262     1.9841     2.4021      7.951     0.7299     2.1614 1.0752e-01    -0.1299   103.3012     7.4550     7.7827    33.1845    33.1862    26.6666    26.6682    8.27468 0.0000e+00
