Datasets/AZMP/TEL210/tel210_2020_107.cnv
* Sea-Bird SBE 9 Data File:
* FileName = C:\CTDDATA\tel210_2020_107.hex
* Software Version Seasave V 7.26.7.110
* Temperature SN = 1697
* Conductivity SN = 4216
* Number of Bytes Per Scan = 30
* Number of Voltage Words = 4
* Number of Scans Averaged by the Deck Unit = 1
* NMEA baud rate = 4800
** VESSEL/TRIP/SEQ STN:  tet210_2020_107
** LATITUDE XX XX.XX: 55 28.70 N
** LONGITUDE XX XX.XX: 057 54.40 W
** SOUNDING DEPTH (M): 0125
** PROBE TYPE: S1146
** CTD NUMBER: 073
** COMMENTS (14 CHAR): MB-05
** BOTTLES:  9
** LEVELS: 5,10,20,30,40,50,75,100,BTM
** STICKERS: 436300 - 436308
** VNET: Y
** DO2: N
# nquan = 22
# nvalues = 2882                        
# units = specified
# name 0 = scan: Scan Count
# name 1 = prDM: Pressure, Digiquartz [db]
# name 2 = t090C: Temperature [ITS-90, deg C]
# name 3 = t190C: Temperature, 2 [ITS-90, deg C]
# name 4 = c0S/m: Conductivity [S/m]
# name 5 = c1S/m: Conductivity, 2 [S/m]
# name 6 = sbeox0V: Oxygen raw, SBE 43 [V]
# name 7 = sbeox1V: Oxygen raw, SBE 43, 2 [V]
# name 8 = ph: pH
# name 9 = flECO-AFL: Fluorescence, WET Labs ECO-AFL/FL [mg/m^3]
# name 10 = wetCDOM: Fluorescence, WET Labs CDOM [mg/m^3]
# name 11 = par/sat/log: PAR/Logarithmic, Satlantic [umol photons/m^2/sec]
# name 12 = CStarAt0: Beam Attenuation, WET Labs C-Star [1/m]
# name 13 = CStarTr0: Beam Transmission, WET Labs C-Star [%]
# name 14 = sbeox0ML/L: Oxygen, SBE 43 [ml/l], WS = 2
# name 15 = sbeox1ML/L: Oxygen, SBE 43, 2 [ml/l], WS = 2
# name 16 = sal00: Salinity, Practical [PSU]
# name 17 = sal11: Salinity, Practical, 2 [PSU]
# name 18 = sigma-t00: Density [sigma-t, kg/m^3 ]
# name 19 = sigma-t11: Density, 2 [sigma-t, kg/m^3 ]
# name 20 = oxsatML/L: Oxygen Saturation, Weiss [ml/l]
# name 21 = flag: flag
# span 0 =         97,      34143       
# span 1 =      0.205,    123.206       
# span 2 =    -1.1795,     7.1676       
# span 3 =    -1.1847,     7.1620       
# span 4 =   2.614480,   3.196416       
# span 5 =   2.614009,   3.195852       
# span 6 =     1.9557,     2.6345       
# span 7 =     2.3594,     3.2187       
# span 8 =      7.998,      8.325       
# span 9 =     0.6770,     1.8198       
# span 10 =    -2.8130,   482.1870      
# span 11 = 1.0715e-01, 3.5878e+02      
# span 12 =    -0.1414,     2.2144      
# span 13 =    57.4887,   103.5997      
# span 14 =     7.1699,     9.8290      
# span 15 =     7.2944,    10.2941      
# span 16 =    30.3803,    33.0264      
# span 17 =    30.8260,    33.0269      
# span 18 =    23.7621,    26.5475      
# span 19 =    24.1131,    26.5481      
# span 20 =    6.90253,    8.44740      
# span 21 = 0.0000e+00, 0.0000e+00      
# interval = scans: 3                   
# start_time = Jul 27 2020 14:30:27 [System UTC, header]
# bad_flag = -9.990e-29
*END*
[from data line 2832]
      32976      3.415     7.1361     7.1327   3.194148   3.193742     2.3548     2.8600      8.265     1.1532    -0.9180 1.9712e+02     0.0495    98.7706     7.4253     7.7199    31.2152    31.2139    24.4209    24.4203    6.90745 0.0000e+00
      32979      3.366     7.1363     7.1327   3.194179   3.193707     2.3553     2.8604      8.266     1.1320    -0.9180 2.0173e+02     0.0499    98.7616     7.4265     7.7233    31.2154    31.2135    24.4210    24.4200    6.90741 0.0000e+00
      32982      3.317     7.1367     7.1326   3.194157   3.193694     2.3553     2.8600      8.265     1.1426    -0.9180 2.0526e+02     0.0495    98.7706     7.4269     7.7252    31.2148    31.2135    24.4205    24.4200    6.90737 0.0000e+00
      32985      3.261     7.1367     7.1328   3.194175   3.193757     2.3544     2.8596      8.265     1.1320    -0.9180 2.0957e+02     0.0495    98.7706     7.4239     7.7248    31.2150    31.2140    24.4207    24.4204    6.90736 0.0000e+00
      32988      3.208     7.1365     7.1338   3.194131   3.193803     2.3544     2.8600      8.266     1.1320    -0.9180 2.1225e+02     0.0495    98.7706     7.4231     7.7285    31.2148    31.2137    24.4204    24.4200    6.90740 0.0000e+00
      32991      3.149     7.1367     7.1341   3.194183   3.193786     2.3553     2.8584      8.265     1.1426    -0.9180 2.1152e+02     0.0495    98.7706     7.4263     7.7251    31.2152    31.2132    24.4208    24.4196    6.90736 0.0000e+00
      32994      3.090     7.1367     7.1337   3.194190   3.193765     2.3557     2.8592      8.265     1.1426    -0.3258 2.1054e+02     0.0473    98.8249     7.4263     7.7285    31.2152    31.2134    24.4208    24.4197    6.90735 0.0000e+00
      32997      3.027     7.1370     7.1335   3.194190   3.193751     2.3557     2.8596      8.265     1.1214     1.4902 2.1030e+02     0.0473    98.8249     7.4256     7.7319    31.2150    31.2134    24.4207    24.4198    6.90732 0.0000e+00
      33000      2.961     7.1373     7.1334   3.194231   3.193731     2.3548     2.8568      8.268     1.1426     1.4507 2.1127e+02     0.0469    98.8339     7.4240     7.7233    31.2153    31.2133    24.4208    24.4197    6.90726 0.0000e+00
      33003      2.890     7.1375     7.1339   3.194231   3.193814     2.3540     2.8600      8.266     1.1532     1.4507 2.1250e+02     0.0469    98.8339     7.4204     7.7351    31.2151    31.2138    24.4206    24.4201    6.90723 0.0000e+00
      33006      2.819     7.1377     7.1341   3.194235   3.193812     2.3553     2.8596      8.266     1.1637     1.4507 2.1572e+02     0.0473    98.8249     7.4241     7.7348    31.2150    31.2136    24.4205    24.4199    6.90720 0.0000e+00
      33009      2.745     7.1377     7.1340   3.194240   3.193759     2.3536     2.8580      8.266     1.1743     1.4507 2.2154e+02     0.0466    98.8430     7.4159     7.7314    31.2151    31.2132    24.4205    24.4196    6.90720 0.0000e+00
      33012      2.675     7.1371     7.1336   3.194071   3.193696     2.3544     2.8584      8.266     1.1849     1.4507 2.2672e+02     0.0477    98.8159     7.4185     7.7361    31.2138    31.2129    24.4197    24.4194    6.90735 0.0000e+00
      33015      2.610     7.1349     7.1324   3.193947   3.193569     2.3544     2.8580      8.266     1.1743     1.4507 2.2935e+02     0.0488    98.7887     7.4178     7.7361    31.2145    31.2127    24.4204    24.4194    6.90767 0.0000e+00
      33018      2.550     7.1345     7.1317   3.193947   3.193573     2.3532     2.8580      8.266     1.1637     1.4507 2.3175e+02     0.0488    98.7887     7.4103     7.7363    31.2149    31.2134    24.4209    24.4200    6.90773 0.0000e+00
      33021      2.501     7.1338     7.1312   3.193902   3.193580     2.3544     2.8584      8.266     1.1743     2.7535 2.3363e+02     0.0484    98.7978     7.4173     7.7394    31.2151    31.2139    24.4211    24.4205    6.90783 0.0000e+00
      33024      2.458     7.1334     7.1313   3.193811   3.193580     2.3548     2.8580      8.265     1.1849     3.9774 2.3499e+02     0.0488    98.7887     7.4187     7.7390    31.2145    31.2138    24.4206    24.4204    6.90792 0.0000e+00
      33027      2.423     7.1328     7.1315   3.193901   3.193563     2.3540     2.8584      8.268     1.1743     3.8590 2.3855e+02     0.0488    98.7887     7.4163     7.7395    31.2160    31.2135    24.4219    24.4202    6.90795 0.0000e+00
      33167      2.390     7.1408     7.1393   3.194503   3.194251     2.3540     2.8551      8.268     1.1743     4.1748 2.2884e+02     0.0524    98.6983     7.4317     7.7344    31.2153    31.2139    24.4203    24.4194    6.90669 0.0000e+00
      33170      2.354     7.1407     7.1401   3.194307   3.194232     2.3532     2.8547      8.266     1.1743     4.0959 2.4051e+02     0.0524    98.6983     7.4266     7.7355    31.2133    31.2130    24.4188    24.4186    6.90680 0.0000e+00
      33173      2.321     7.1374     7.1403   3.194044   3.194295     2.3532     2.8551      8.265     1.1849     4.0959 2.5158e+02     0.0524    98.6983     7.4275     7.7384    31.2134    31.2136    24.4192    24.4190    6.90732 0.0000e+00
      33176      2.292     7.1354     7.1406   3.194000   3.194233     2.3544     2.8555      8.268     1.1743     4.0564 2.5158e+02     0.0477    98.8159     7.4332     7.7419    31.2147    31.2126    24.4206    24.4182    6.90758 0.0000e+00
      33270      2.262     7.1399     7.1422   3.194352   3.194342     2.3528     2.8560      8.266     1.1743     0.9375 2.4531e+02     0.0469    98.8339     7.4267     7.7456    31.2145    31.2123    24.4198    24.4178    6.90687 0.0000e+00
      33454      2.188     7.1495     7.1455   3.195064   3.194504     2.3536     2.8555      8.268     1.1532     0.2664 2.4700e+02     0.0451    98.8791     7.4295     7.7457    31.2135    31.2111    24.4178    24.4164    6.90536 0.0000e+00
      33457      2.111     7.1481     7.1437   3.194912   3.194410     2.3528     2.8560      8.266     1.1743     0.2664 2.5866e+02     0.0462    98.8520     7.4247     7.7482    31.2132    31.2118    24.4177    24.4172    6.90561 0.0000e+00
      33460      2.044     7.1462     7.1428   3.194682   3.194389     2.3532     2.8564      8.269     1.1849     0.2664 2.5776e+02     0.0458    98.8610     7.4261     7.7518    31.2124    31.2124    24.4174    24.4178    6.90594 0.0000e+00
      33463      1.995     7.1431     7.1423   3.194477   3.194355     2.3532     2.8568      8.269     1.1743     0.2664 2.5657e+02     0.0462    98.8520     7.4277     7.7563    31.2131    31.2125    24.4183    24.4179    6.90642 0.0000e+00
      33873      1.955     7.1594     7.1556   3.195802   3.195160     2.3548     2.8511      8.268     1.1426     0.0690 2.4016e+02     0.0429    98.9334     7.4391     7.5600    31.2127    31.2092    24.4158    24.4136    6.90381 0.0000e+00
      34080      1.882     7.1673     7.1575   3.196416   3.195460     2.3565     2.8336      8.269     1.1002    -0.0494 2.3749e+02     0.0418    98.9605     7.4500     7.3858    31.2122    31.2107    24.4144    24.4145    6.90256 0.0000e+00
      34083      1.809     7.1676     7.1608   3.196397   3.195806     2.3552     2.8217      8.269     1.1002    -0.0494 2.4527e+02     0.0429    98.9334     7.4463     7.2944    31.2118    31.2116    24.4140    24.4148    6.90253 0.0000e+00
      34086      1.729     7.1664     7.1617   3.196270   3.195817 -9.990e-29 -9.990e-29      8.267     1.1002    -0.0494 2.3364e+02     0.0440    98.9063 -9.990e-29 -9.990e-29    31.2115    31.2109    24.4139    24.4141    6.90272 0.0000e+00
      34089      1.661     7.1647     7.1619   3.196198   3.195819 -9.990e-29 -9.990e-29      8.269     1.1002    -0.0889 2.4711e+02     0.0444    98.8972 -9.990e-29 -9.990e-29    31.2123    31.2107    24.4148    24.4139    6.90296 0.0000e+00
      34092      1.593     7.1636     7.1620   3.196122   3.195852 -9.990e-29 -9.990e-29      8.267     1.1108    -0.0494 2.8056e+02     0.0440    98.9063 -9.990e-29 -9.990e-29    31.2126    31.2110    24.4151    24.4142    6.90314 0.0000e+00
      34095      1.524     7.1636     7.1619   3.196149   3.195686 -9.990e-29 -9.990e-29      8.267     1.1214     0.1479 2.9238e+02     0.0440    98.9063 -9.990e-29 -9.990e-29    31.2128    31.2094    24.4153    24.4129    6.90312 0.0000e+00
      34098      1.453     7.1642     7.1589   3.196200   3.195483 -9.990e-29 -9.990e-29      8.269     1.1214     0.1479 2.7383e+02     0.0440    98.9063 -9.990e-29 -9.990e-29    31.2129    31.2099    24.4153    24.4137    6.90302 0.0000e+00
      34101      1.379     7.1634     7.1580   3.196090   3.195539 -9.990e-29 -9.990e-29      8.269     1.1214     0.1479 2.9635e+02     0.0440    98.9063 -9.990e-29 -9.990e-29    31.2125    31.2114    24.4151    24.4150    6.90318 0.0000e+00
      34104      1.303     7.1619     7.1579   3.195924   3.195578 -9.990e-29 -9.990e-29      8.267     1.1637     0.1479 3.4466e+02     0.0451    98.8791 -9.990e-29 -9.990e-29    31.2120    31.2119    24.4150    24.4154    6.90343 0.0000e+00
      34107      1.222     7.1590     7.1577   3.195556   3.195349 -9.990e-29 -9.990e-29      8.269     1.1743     0.1479 3.4218e+02     0.0451    98.8791 -9.990e-29 -9.990e-29    31.2107    31.2097    24.4143    24.4137    6.90395 0.0000e+00
      34110      1.136     7.1543     7.1538   3.195308   3.194882 -9.990e-29 -9.990e-29      8.269     1.1637     0.1479 3.4696e+02     0.0447    98.8882 -9.990e-29 -9.990e-29    31.2123    31.2082    24.4162    24.4130    6.90465 0.0000e+00
      34113      1.049     7.1545     7.1505   3.195467   3.194788 -9.990e-29 -9.990e-29      8.267     1.1743     0.1479 3.4734e+02     0.0451    98.8791 -9.990e-29 -9.990e-29    31.2139    31.2102    24.4174    24.4150    6.90453 0.0000e+00
      34116      0.963     7.1582     7.1488   3.195783   3.194663 -9.990e-29 -9.990e-29      8.269     1.1743     0.1479 3.4896e+02     0.0451    98.8791 -9.990e-29 -9.990e-29    31.2140    31.2104    24.4170    24.4154    6.90394 0.0000e+00
      34119      0.876     7.1613     7.1467   3.195908   3.194560 -9.990e-29 -9.990e-29      8.269     1.1743     0.1479 3.4976e+02     0.0451    98.8791 -9.990e-29 -9.990e-29    31.2126    31.2112    24.4155    24.4163    6.90351 0.0000e+00
      34122      0.803     7.1637     7.1465   3.195982   3.194749 -9.990e-29 -9.990e-29      8.269     1.1743     0.1479 3.5342e+02     0.0451    98.8791 -9.990e-29 -9.990e-29    31.2113    31.2135    24.4142    24.4182    6.90318 0.0000e+00
      34125      0.721     7.1645     7.1541   3.196016   3.195478 -9.990e-29 -9.990e-29      8.269     1.1637     0.1479 3.5466e+02     0.0451    98.8791 -9.990e-29 -9.990e-29    31.2110    31.2145    24.4138    24.4179    6.90307 0.0000e+00
      34128      0.639     7.1643     7.1593   3.195646   3.195494 -9.990e-29 -9.990e-29      8.267     1.1743     0.1479 3.5424e+02     0.0451    98.8791 -9.990e-29 -9.990e-29    31.2072    31.2101    24.4108    24.4138    6.90327 0.0000e+00
      34131      0.548     7.1600     7.1591   3.195321   3.195174 -9.990e-29 -9.990e-29      8.266     1.1743     0.1479 3.5383e+02     0.0451    98.8791 -9.990e-29 -9.990e-29    31.2076    31.2068    24.4117    24.4112    6.90394 0.0000e+00
      34134      0.450     7.1555     7.1547   3.195188   3.194969 -9.990e-29 -9.990e-29      8.269     1.1849     0.1479 3.5878e+02     0.0451    98.8791 -9.990e-29 -9.990e-29    31.2103    31.2086    24.4144    24.4133    6.90455 0.0000e+00
      34137      0.349     7.1560     7.1539   3.195395   3.194990 -9.990e-29 -9.990e-29      8.269     1.1637     0.1479 3.5383e+02     0.0451    98.8791 -9.990e-29 -9.990e-29    31.2121    31.2096    24.4158    24.4141    6.90438 0.0000e+00
      34140      0.259     7.1546     7.1518   3.188718   3.193516 -9.990e-29 -9.990e-29      8.269     1.1637     0.1479 3.5465e+02     0.0451    98.8791 -9.990e-29 -9.990e-29    31.1412    31.1956    24.3602    24.4034    6.90778 0.0000e+00
      34143      0.205     7.1542     7.1489   3.117983   3.159060 -9.990e-29 -9.990e-29      8.269     1.1637     0.1479 3.5629e+02     0.2321    94.5655 -9.990e-29 -9.990e-29    30.3803    30.8260    23.7621    24.1131    6.94216 0.0000e+00
