Datasets/AZMP/TEL210/tel210_2020_016.cnv
* Sea-Bird SBE 9 Data File:
* FileName = C:\CTDDATA\tel210_2020_016.hex
* Software Version Seasave V 7.26.7.110
* Temperature SN = 1697
* Conductivity SN = 4216
* Number of Bytes Per Scan = 30
* Number of Voltage Words = 4
* Number of Scans Averaged by the Deck Unit = 1
* NMEA baud rate = 4800
** VESSEL/TRIP/SEQ STN:  tel210_2020_016
** LATITUDE XX XX.XX: 47 00.00 N
** LONGITUDE XX XX.XX: 047 30.00 W
** SOUNDING DEPTH (M): 0215
** PROBE TYPE: S1146
** CTD NUMBER: 015
** COMMENTS (14 CHAR): FC-14
** BOTTLES:  10
** LEVELS: 5,10,20,30,40,50,75,100,150,BTM
** STICKERS: 435838 - 435847
** VNET: Y
** DO2: Y
# nquan = 22
# nvalues = 4496                        
# units = specified
# name 0 = scan: Scan Count
# name 1 = prDM: Pressure, Digiquartz [db]
# name 2 = t090C: Temperature [ITS-90, deg C]
# name 3 = t190C: Temperature, 2 [ITS-90, deg C]
# name 4 = c0S/m: Conductivity [S/m]
# name 5 = c1S/m: Conductivity, 2 [S/m]
# name 6 = sbeox0V: Oxygen raw, SBE 43 [V]
# name 7 = sbeox1V: Oxygen raw, SBE 43, 2 [V]
# name 8 = ph: pH
# name 9 = flECO-AFL: Fluorescence, WET Labs ECO-AFL/FL [mg/m^3]
# name 10 = wetCDOM: Fluorescence, WET Labs CDOM [mg/m^3]
# name 11 = par/sat/log: PAR/Logarithmic, Satlantic [umol photons/m^2/sec]
# name 12 = CStarAt0: Beam Attenuation, WET Labs C-Star [1/m]
# name 13 = CStarTr0: Beam Transmission, WET Labs C-Star [%]
# name 14 = sbeox0ML/L: Oxygen, SBE 43 [ml/l], WS = 2
# name 15 = sbeox1ML/L: Oxygen, SBE 43, 2 [ml/l], WS = 2
# name 16 = sal00: Salinity, Practical [PSU]
# name 17 = sal11: Salinity, Practical, 2 [PSU]
# name 18 = sigma-t00: Density [sigma-t, kg/m^3 ]
# name 19 = sigma-t11: Density, 2 [sigma-t, kg/m^3 ]
# name 20 = oxsatML/L: Oxygen Saturation, Weiss [ml/l]
# name 21 = flag: flag
# span 0 =        128,      36830       
# span 1 =      0.423,    212.470       
# span 2 =    -1.6633,    10.2342       
# span 3 =    -1.6687,    10.2310       
# span 4 =   0.692760,   3.519273       
# span 5 =   0.862554,   3.519017       
# span 6 =     1.8582,     2.3889       
# span 7 =     2.2440,     2.9133       
# span 8 =      7.803,      8.176       
# span 9 =    -0.6325,     6.9072       
# span 10 =    -2.8130,   482.1870      
# span 11 = 1.0678e-01, 9.3402e+01      
# span 12 =    -0.1519,     0.4055      
# span 13 =    90.3605,   103.8710      
# span 14 =     6.2115,     8.7986      
# span 15 =     6.2604,     9.3556      
# span 16 =     5.4390,    34.1079      
# span 17 =     6.8829,    34.1083      
# span 18 =     3.9295,    27.2690      
# span 19 =     5.0527,    27.2697      
# span 20 =    6.41373,    8.55056      
# span 21 = 0.0000e+00, 0.0000e+00      
# interval = scans: 3                   
# start_time = Jul 16 2020 19:00:51 [System UTC, header]
# bad_flag = -9.990e-29
*END*
[from data line 2239]
      10049    203.428     1.8243     1.8217   3.000392   3.000196     1.9632     2.3837      7.942    -0.5918     5.1223 1.0752e-01    -0.0919   102.3246     6.8441     7.1797    34.1028    34.1031    27.2663    27.2667    7.71781 0.0000e+00
      10052    203.304     1.8243     1.8210   3.000396   3.000121     1.9628     2.3845      7.942    -0.5714     5.1223 1.0740e-01    -0.0919   102.3246     6.8410     7.1858    34.1028    34.1030    27.2663    27.2667    7.71780 0.0000e+00
      10055    203.185     1.8247     1.8206   3.000433   3.000094     1.9632     2.3849      7.942    -0.5816     5.1223 1.0752e-01    -0.0919   102.3246     6.8382     7.1873    34.1030    34.1031    27.2664    27.2668    7.71772 0.0000e+00
      10058    203.070     1.8254     1.8204   3.000481   3.000079     1.9636     2.3849      7.942    -0.5816     6.1882 1.0740e-01    -0.0909   102.2975     6.8416     7.1868    34.1029    34.1032    27.2663    27.2669    7.71758 0.0000e+00
      10061    202.956     1.8252     1.8204   3.000456   3.000046     1.9632     2.3845      7.942    -0.5816     6.6620 1.0752e-01    -0.0894   102.2613     6.8401     7.1840    34.1028    34.1029    27.2663    27.2666    7.71762 0.0000e+00
      10064    202.845     1.8250     1.8206   3.000454   3.000078     1.9628     2.3853      7.942    -0.5918     6.6620 1.0727e-01    -0.0891   102.2522     6.8342     7.1849    34.1031    34.1031    27.2664    27.2669    7.71764 0.0000e+00
      10067    202.741     1.8249     1.8208   3.000446   3.000048     1.9632     2.3837      7.942    -0.5816     6.6620 1.0740e-01    -0.0891   102.2522     6.8366     7.1778    34.1031    34.1026    27.2665    27.2664    7.71766 0.0000e+00
      10070    202.642     1.8257     1.8205   3.000478   3.000078     1.9632     2.3849      7.942    -0.6019     6.6620 1.0740e-01    -0.0891   102.2522     6.8342     7.1836    34.1028    34.1033    27.2662    27.2670    7.71753 0.0000e+00
      10073    202.547     1.8255     1.8205   3.000485   3.000082     1.9632     2.3853      7.942    -0.5918     6.6620 1.0752e-01    -0.0891   102.2522     6.8307     7.1849    34.1032    34.1035    27.2665    27.2671    7.71755 0.0000e+00
      10076    202.457     1.8254     1.8205   3.000465   3.000058     1.9632     2.3853      7.942    -0.5816     6.6620 1.0740e-01    -0.0891   102.2522     6.8301     7.1842    34.1030    34.1032    27.2664    27.2668    7.71757 0.0000e+00
      10079    202.372     1.8254     1.8207   3.000476   3.000070     1.9624     2.3849      7.942    -0.5816     6.6620 1.0752e-01    -0.0898   102.2703     6.8223     7.1829    34.1032    34.1032    27.2665    27.2669    7.71756 0.0000e+00
      10082    202.291     1.8255     1.8207   3.000482   3.000049     1.9632     2.3849      7.942    -0.5918     6.7015 1.0740e-01    -0.0909   102.2975     6.8263     7.1852    34.1032    34.1029    27.2665    27.2666    7.71754 0.0000e+00
      10085    202.213     1.8255     1.8207   3.000469   3.000040     1.9628     2.3845      7.942    -0.5918     8.1227 1.0740e-01    -0.0905   102.2884     6.8255     7.1841    34.1031    34.1029    27.2664    27.2666    7.71755 0.0000e+00
      10088    202.140     1.8254     1.8207   3.000473   3.000045     1.9632     2.3849      7.942    -0.5714     8.2017 1.0752e-01    -0.0905   102.2884     6.8261     7.1855    34.1033    34.1030    27.2666    27.2667    7.71756 0.0000e+00
      10091    202.078     1.8256     1.8206   3.000477   3.000043     1.9632     2.3858      7.942    -0.5816     8.2017 1.0752e-01    -0.0909   102.2975     6.8262     7.1889    34.1032    34.1031    27.2665    27.2668    7.71752 0.0000e+00
      10094    202.016     1.8255     1.8205   3.000490   3.000037     1.9632     2.3849      7.942    -0.5816     8.2017 1.0727e-01    -0.0909   102.2975     6.8305     7.1843    34.1035    34.1032    27.2667    27.2669    7.71752 0.0000e+00
      10097    201.958     1.8255     1.8205   3.000489   3.000043     1.9632     2.3853      7.942    -0.5918     8.2017 1.0740e-01    -0.0909   102.2975     6.8332     7.1867    34.1035    34.1032    27.2667    27.2670    7.71752 0.0000e+00
      10100    201.901     1.8256     1.8205   3.000478   3.000030     1.9620     2.3858      7.942    -0.5816     8.2017 1.0752e-01    -0.0926   102.3427     6.8259     7.1887    34.1033    34.1032    27.2665    27.2669    7.71752 0.0000e+00
      10103    201.849     1.8258     1.8207   3.000478   3.000054     1.9624     2.3854      7.942    -0.5918     8.2017 1.0752e-01    -0.0930   102.3517     6.8244     7.1853    34.1031    34.1033    27.2664    27.2669    7.71748 0.0000e+00
      10106    201.795     1.8256     1.8210   3.000482   3.000074     1.9628     2.3862      7.942    -0.5918     8.2017 1.0752e-01    -0.0930   102.3517     6.8273     7.1878    34.1035    34.1032    27.2667    27.2669    7.71752 0.0000e+00
      10109    201.741     1.8257     1.8211   3.000488   3.000069     1.9628     2.3858      7.942    -0.5816     6.5436 1.0740e-01    -0.0930   102.3517     6.8276     7.1862    34.1034    34.1031    27.2667    27.2668    7.71750 0.0000e+00
      10112    201.689     1.8259     1.8210   3.000472   3.000069     1.9624     2.3850      7.942    -0.5816     0.7006 1.0740e-01    -0.0930   102.3517     6.8249     7.1822    34.1030    34.1032    27.2664    27.2669    7.71748 0.0000e+00
      10115    201.637     1.8257     1.8209   3.000452   3.000071     1.9632     2.3858      7.942    -0.5816     0.8586 1.0752e-01    -0.0930   102.3517     6.8304     7.1848    34.1030    34.1035    27.2663    27.2670    7.71751 0.0000e+00
      10118    201.583     1.8256     1.8210   3.000469   3.000046     1.9640     2.3862      7.944    -0.5816     0.8586 1.0740e-01    -0.0930   102.3517     6.8370     7.1873    34.1033    34.1031    27.2666    27.2667    7.71751 0.0000e+00
      10121    201.528     1.8257     1.8209   3.000456   3.000063     1.9632     2.3862      7.942    -0.6019     0.8586 1.0727e-01    -0.0937   102.3698     6.8311     7.1860    34.1031    34.1034    27.2664    27.2670    7.71751 0.0000e+00
      10124    201.473     1.8257     1.8209   3.000475   3.000036     1.9616     2.3850      7.942    -0.5816     0.8586 1.0752e-01    -0.0937   102.3698     6.8251     7.1827    34.1034    34.1031    27.2667    27.2667    7.71750 0.0000e+00
      10127    201.413     1.8257     1.8208   3.000454   3.000043     1.9628     2.3850      7.942    -0.5714     0.8586 1.0752e-01    -0.0937   102.3698     6.8278     7.1834    34.1032    34.1032    27.2665    27.2669    7.71751 0.0000e+00
      10130    201.351     1.8257     1.8208   3.000452   3.000041     1.9632     2.3862      7.944    -0.5918     0.8586 1.0740e-01    -0.0940   102.3788     6.8294     7.1863    34.1032    34.1033    27.2665    27.2669    7.71751 0.0000e+00
      10133    201.280     1.8257     1.8210   3.000452   3.000050     1.9624     2.3862      7.942    -0.5816     0.8586 1.0740e-01    -0.0937   102.3698     6.8251     7.1866    34.1033    34.1032    27.2665    27.2669    7.71751 0.0000e+00
      10136    201.209     1.8253     1.8208   3.000447   3.000035     1.9628     2.3862      7.942    -0.5714     1.0165 1.0752e-01    -0.0940   102.3788     6.8275     7.1864    34.1036    34.1032    27.2669    27.2669    7.71756 0.0000e+00
      10139    201.133     1.8256     1.8208   3.000469   3.000041     1.9632     2.3862      7.942    -0.5816     1.2139 1.0752e-01    -0.0930   102.3517     6.8264     7.1849    34.1037    34.1034    27.2669    27.2670    7.71751 0.0000e+00
      10142    201.056     1.8255     1.8210   3.000437   3.000025     1.9628     2.3862      7.944    -0.5816     1.2139 1.0752e-01    -0.0930   102.3517     6.8274     7.1840    34.1033    34.1031    27.2666    27.2667    7.71753 0.0000e+00
      10145    200.971     1.8256     1.8209   3.000449   3.000025     1.9624     2.3862      7.942    -0.5816     1.2139 1.0740e-01    -0.0930   102.3517     6.8307     7.1829    34.1034    34.1032    27.2667    27.2668    7.71751 0.0000e+00
      10148    200.879     1.8255     1.8209   3.000454   3.000035     1.9628     2.3866      7.942    -0.5918     1.2139 1.0752e-01    -0.0930   102.3517     6.8346     7.1815    34.1037    34.1033    27.2669    27.2670    7.71752 0.0000e+00
      10151    200.784     1.8258     1.8208   3.000451   3.000029     1.9628     2.3866      7.944    -0.5816     1.2139 1.0740e-01    -0.0930   102.3517     6.8327     7.1786    34.1034    34.1035    27.2666    27.2671    7.71748 0.0000e+00
      10154    200.684     1.8256     1.8209   3.000437   3.000015     1.9628     2.3854      7.944    -0.5613     1.2139 1.0740e-01    -0.0930   102.3517     6.8323     7.1735    34.1035    34.1033    27.2667    27.2669    7.71752 0.0000e+00
      10157    200.580     1.8256     1.8209   3.000433   3.000013     1.9628     2.3862      7.942    -0.5409     1.2139 1.0740e-01    -0.0930   102.3517     6.8297     7.1766    34.1035    34.1032    27.2667    27.2669    7.71752 0.0000e+00
      10160    200.474     1.8255     1.8208   3.000438   3.000015     1.9632     2.3862      7.942    -0.5511     1.2139 1.0740e-01    -0.0937   102.3698     6.8315     7.1770    34.1037    34.1035    27.2669    27.2671    7.71751 0.0000e+00
      10163    200.366     1.8257     1.8209   3.000436   3.000005     1.9624     2.3858      7.942    -0.5511     2.6351 1.0740e-01    -0.0940   102.3788     6.8244     7.1757    34.1035    34.1033    27.2667    27.2669    7.71748 0.0000e+00
      10166    200.252     1.8256     1.8209   3.000447   3.000003     1.9628     2.3862      7.942    -0.5511     2.9904 1.0740e-01    -0.0940   102.3788     6.8278     7.1774    34.1039    34.1033    27.2670    27.2669    7.71749 0.0000e+00
      10169    200.139     1.8258     1.8208   3.000420   3.000017     1.9636     2.3850      7.942    -0.5511     2.9904 1.0752e-01    -0.0940   102.3788     6.8285     7.1732    34.1033    34.1036    27.2666    27.2672    7.71748 0.0000e+00
      10172    200.023     1.8256     1.8208   3.000428   2.999980     1.9636     2.3850      7.945    -0.5308     2.9904 1.0740e-01    -0.0940   102.3788     6.8284     7.1744    34.1037    34.1032    27.2669    27.2669    7.71749 0.0000e+00
      10175    199.905     1.8257     1.8210   3.000421   2.999985     1.9632     2.3862      7.942    -0.5409     2.9904 1.0752e-01    -0.0940   102.3788     6.8283     7.1816    34.1036    34.1032    27.2669    27.2668    7.71749 0.0000e+00
      10178    199.786     1.8258     1.8209   3.000406   2.999972     1.9624     2.3862      7.942    -0.5511     2.9904 1.0740e-01    -0.0937   102.3698     6.8253     7.1838    34.1034    34.1032    27.2666    27.2668    7.71748 0.0000e+00
      10181    199.666     1.8256     1.8210   3.000394   2.999992     1.9624     2.3862      7.944    -0.5714     2.9904 1.0740e-01    -0.0926   102.3427     6.8256     7.1827    34.1035    34.1034    27.2667    27.2670    7.71751 0.0000e+00
      10184    199.550     1.8257     1.8211   3.000387   2.999973     1.9628     2.3858      7.942    -0.5816     2.9904 1.0752e-01    -0.0923   102.3336     6.8284     7.1803    34.1034    34.1031    27.2666    27.2668    7.71750 0.0000e+00
      10187    199.432     1.8257     1.8210   3.000400   2.999971     1.9620     2.3862      7.942    -0.5816     2.7930 1.0740e-01    -0.0919   102.3246     6.8228     7.1825    34.1036    34.1033    27.2668    27.2669    7.71748 0.0000e+00
      10190    199.316     1.8257     1.8210   3.000389   2.999983     1.9628     2.3858      7.942    -0.5918     1.2138 1.0752e-01    -0.0923   102.3336     6.8254     7.1818    34.1035    34.1035    27.2668    27.2671    7.71749 0.0000e+00
      10193    199.204     1.8259     1.8210   3.000386   2.999962     1.9624     2.3858      7.944    -0.5714     1.2139 1.0752e-01    -0.0919   102.3246     6.8232     7.1819    34.1034    34.1033    27.2666    27.2669    7.71746 0.0000e+00
      10196    199.089     1.8261     1.8211   3.000392   2.999967     1.9632     2.3862      7.942    -0.5816     1.2139 1.0740e-01    -0.0919   102.3246     6.8283     7.1793    34.1033    34.1034    27.2665    27.2670    7.71743 0.0000e+00
      10199    198.977     1.8257     1.8212   3.000366   2.999936     1.9636     2.3866      7.942    -0.5816     1.2139 1.0740e-01    -0.0923   102.3336     6.8323     7.1778    34.1034    34.1029    27.2667    27.2666    7.71749 0.0000e+00
      10202    198.867     1.8260     1.8209   3.000359   2.999948     1.9628     2.3866      7.942    -0.5816     1.2139 1.0752e-01    -0.0926   102.3427     6.8289     7.1791    34.1031    34.1034    27.2664    27.2670    7.71745 0.0000e+00
      10205    198.758     1.8258     1.8208   3.000373   2.999937     1.9632     2.3854      7.945    -0.5816     1.2139 1.0740e-01    -0.0919   102.3246     6.8312     7.1749    34.1035    34.1035    27.2668    27.2671    7.71747 0.0000e+00
      10208    198.651     1.8256     1.8207   3.000366   2.999917     1.9628     2.3854      7.942    -0.5816     1.2139 1.0727e-01    -0.0926   102.3427     6.8298     7.1758    34.1037    34.1033    27.2669    27.2669    7.71749 0.0000e+00
      10211    198.545     1.8258     1.8209   3.000351   2.999927     1.9628     2.3866      7.942    -0.5816     1.2139 1.0752e-01    -0.0919   102.3246     6.8278     7.1801    34.1034    34.1033    27.2666    27.2670    7.71747 0.0000e+00
      10214    198.439     1.8258     1.8208   3.000334   2.999924     1.9628     2.3862      7.942    -0.5918     0.2664 1.0727e-01    -0.0926   102.3427     6.8267     7.1787    34.1032    34.1034    27.2665    27.2670    7.71748 0.0000e+00
      10217    198.336     1.8258     1.8209   3.000346   2.999920     1.9624     2.3862      7.942    -0.5714    -1.6286 1.0740e-01    -0.0926   102.3427     6.8237     7.1765    34.1035    34.1034    27.2667    27.2670    7.71748 0.0000e+00
      10220    198.235     1.8258     1.8210   3.000319   2.999907     1.9628     2.3850      7.944    -0.5918    -1.5497 1.0740e-01    -0.0919   102.3246     6.8234     7.1716    34.1032    34.1032    27.2664    27.2668    7.71749 0.0000e+00
      10223    198.135     1.8261     1.8209   3.000325   2.999899     1.9624     2.3858      7.942    -0.5816    -1.6286 1.0727e-01    -0.0919   102.3246     6.8221     7.1755    34.1030    34.1032    27.2663    27.2669    7.71744 0.0000e+00
      10226    198.035     1.8257     1.8210   3.000332   2.999907     1.9632     2.3862      7.944    -0.5816    -1.5102 1.0727e-01    -0.0919   102.3246     6.8267     7.1798    34.1036    34.1033    27.2668    27.2669    7.71749 0.0000e+00
      10229    197.936     1.8257     1.8211   3.000306   2.999902     1.9636     2.3862      7.942    -0.5918    -1.5891 1.0752e-01    -0.0919   102.3246     6.8327     7.1809    34.1032    34.1032    27.2665    27.2668    7.71750 0.0000e+00
      10232    197.837     1.8258     1.8211   3.000322   2.999898     1.9628     2.3862      7.942    -0.5816    -1.5497 1.0752e-01    -0.0919   102.3246     6.8308     7.1798    34.1034    34.1031    27.2666    27.2668    7.71747 0.0000e+00
      10235    197.740     1.8260     1.8210   3.000314   2.999880     1.9628     2.3862      7.942    -0.5816    -1.5891 1.0752e-01    -0.0919   102.3246     6.8296     7.1789    34.1032    34.1031    27.2665    27.2668    7.71745 0.0000e+00
      10238    197.639     1.8261     1.8211   3.000316   2.999898     1.9628     2.3858      7.944    -0.5816    -1.5102 1.0752e-01    -0.0919   102.3246     6.8333     7.1794    34.1031    34.1032    27.2664    27.2669    7.71743 0.0000e+00
      10241    197.541     1.8258     1.8211   3.000319   2.999898     1.9628     2.3854      7.942    -0.5714     1.3718 1.0727e-01    -0.0926   102.3427     6.8343     7.1802    34.1035    34.1033    27.2667    27.2669    7.71746 0.0000e+00
