Datasets/AZMP/TEL210/tel210_2020_109.cnv
* Sea-Bird SBE 9 Data File:
* FileName = C:\CTDDATA\tel210_2020_109.hex
* Software Version Seasave V 7.26.7.110
* Temperature SN = 1697
* Conductivity SN = 4216
* Number of Bytes Per Scan = 30
* Number of Voltage Words = 4
* Number of Scans Averaged by the Deck Unit = 1
* NMEA baud rate = 4800
** VESSEL/TRIP/SEQ STN:  tel210_2020_109
** LATITUDE XX XX.XX: 55 18.80 N
** LONGITUDE XX XX.XX: 58 17.20 W
** SOUNDING DEPTH (M): 0280
** PROBE TYPE: S1146
** CTD NUMBER: 075
** COMMENTS (14 CHAR): MB-03
** BOTTLES:  11
** LEVELS: 5,10,20,30,40,50,75,100,150,250,BTM
** STICKERS: 436319 - 436329
** VNET: Y
** DO2: N
# nquan = 22
# nvalues = 5515                        
# units = specified
# name 0 = scan: Scan Count
# name 1 = prDM: Pressure, Digiquartz [db]
# name 2 = t090C: Temperature [ITS-90, deg C]
# name 3 = t190C: Temperature, 2 [ITS-90, deg C]
# name 4 = c0S/m: Conductivity [S/m]
# name 5 = c1S/m: Conductivity, 2 [S/m]
# name 6 = sbeox0V: Oxygen raw, SBE 43 [V]
# name 7 = sbeox1V: Oxygen raw, SBE 43, 2 [V]
# name 8 = ph: pH
# name 9 = flECO-AFL: Fluorescence, WET Labs ECO-AFL/FL [mg/m^3]
# name 10 = wetCDOM: Fluorescence, WET Labs CDOM [mg/m^3]
# name 11 = par/sat/log: PAR/Logarithmic, Satlantic [umol photons/m^2/sec]
# name 12 = CStarAt0: Beam Attenuation, WET Labs C-Star [1/m]
# name 13 = CStarTr0: Beam Transmission, WET Labs C-Star [%]
# name 14 = sbeox0ML/L: Oxygen, SBE 43 [ml/l], WS = 2
# name 15 = sbeox1ML/L: Oxygen, SBE 43, 2 [ml/l], WS = 2
# name 16 = sal00: Salinity, Practical [PSU]
# name 17 = sal11: Salinity, Practical, 2 [PSU]
# name 18 = sigma-t00: Density [sigma-t, kg/m^3 ]
# name 19 = sigma-t11: Density, 2 [sigma-t, kg/m^3 ]
# name 20 = oxsatML/L: Oxygen Saturation, Weiss [ml/l]
# name 21 = flag: flag
# span 0 =         42,      46324       
# span 1 =      1.411,    267.468       
# span 2 =    -1.2427,     7.7440       
# span 3 =    -1.2469,     7.7417       
# span 4 =   2.605153,   3.225189       
# span 5 =   2.604673,   3.224837       
# span 6 =     1.9162,     2.4419       
# span 7 =     2.3216,     3.0176       
# span 8 =      7.989,      8.261       
# span 9 =     0.6664,     3.3224       
# span 10 =    -2.8130,   482.1870      
# span 11 = 1.0715e-01, 6.4775e+02      
# span 12 =    -0.1449,     0.2155      
# span 13 =    94.7555,   103.6901      
# span 14 =     7.0664,     8.9505      
# span 15 =     7.1443,     9.7323      
# span 16 =    31.0025,    33.4442      
# span 17 =    31.0008,    33.4449      
# span 18 =    24.1717,    26.8638      
# span 19 =    24.1710,    26.8646      
# span 20 =    6.82001,    8.46096      
# span 21 = 0.0000e+00, 0.0000e+00      
# interval = scans: 3                   
# start_time = Jul 27 2020 18:04:32 [System UTC, header]
# bad_flag = -9.990e-29
*END*
[from data line 5268]
      37535     19.650    -0.5391    -0.5445   2.635016   2.634787     2.2613     2.7552      8.140     1.0262     1.2534 4.0162e+01    -0.0856   102.1618     8.7200     9.0837    32.0004    32.0030    25.7071    25.7093    8.33124 0.0000e+00
      37575     19.614    -0.5617    -0.5644   2.633019   2.632993     2.2609     2.7552      8.140     1.0579     1.1744 4.0255e+01    -0.0842   102.1256     8.7253     9.0977    31.9975    32.0001    25.7056    25.7078    8.33647 0.0000e+00
      37653     19.581    -0.6091    -0.6069   2.629430   2.629815     2.2597     2.7532      8.140     1.1108     2.1614 4.0162e+01    -0.0802   102.0262     8.7417     9.1148    31.9998    32.0026    25.7091    25.7113    8.34703 0.0000e+00
      37656     19.548    -0.6068    -0.6052   2.629719   2.629662     2.2601     2.7532      8.140     1.1002     2.1614 4.0348e+01    -0.0802   102.0262     8.7443     9.1160    32.0012    31.9987    25.7102    25.7081    8.34643 0.0000e+00
      37659     19.518    -0.6048    -0.6053   2.629987   2.629685     2.2597     2.7532      8.138     1.1002     2.1614 4.0442e+01    -0.0802   102.0262     8.7439     9.1185    32.0027    31.9992    25.7114    25.7085    8.34589 0.0000e+00
      39487     19.488    -0.3034    -0.3394   2.653946   2.652381     2.2702     2.7743      8.149     1.1002     3.5037 4.1636e+01    -0.0717   101.8091     8.7890     9.2697    32.0036    32.0206    25.7002    25.7155    8.27861 0.0000e+00
      40403     19.446    -0.1438    -0.1765   2.665789   2.665793     2.2771     2.7849      8.153     1.1002     4.1748 4.2454e+01    -0.0671   101.6916     8.8240     9.3465    31.9928    32.0272    25.6853    25.7144    8.24365 0.0000e+00
      40406     19.399    -0.1355    -0.1454   2.667216   2.667070     2.2780     2.7865      8.153     1.1002     4.1748 4.2503e+01    -0.0671   101.6916     8.8368     9.3576    32.0030    32.0115    25.6931    25.7004    8.24124 0.0000e+00
      40409     19.349    -0.1150    -0.1223   2.669043   2.668783     2.2784     2.7886      8.153     1.1002     4.1748 4.2750e+01    -0.0675   101.7006     8.8474     9.3679    32.0056    32.0099    25.6944    25.6981    8.23657 0.0000e+00
      40412     19.294    -0.0981    -0.0990   2.669477   2.671447     2.2796     2.7906      8.153     1.1108     4.5301 4.2948e+01    -0.0668   101.6825     8.8585     9.3759    31.9937    32.0206    25.6840    25.7058    8.23352 0.0000e+00
      40415     19.235    -0.0830    -0.0582   2.672064   2.675211     2.2804     2.7934      8.153     1.1214     4.8854 4.3147e+01    -0.0671   101.6916     8.8632     9.3792    32.0119    32.0274    25.6981    25.7095    8.22916 0.0000e+00
      40418     19.177    -0.0361    -0.0249   2.675862   2.677234     2.2808     2.7967      8.152     1.1426     4.8854 4.3347e+01    -0.0657   101.6554     8.8564     9.3833    32.0129    32.0191    25.6968    25.7014    8.21882 0.0000e+00
      40421     19.112    -0.0120     0.0050   2.676958   2.679012     2.2820     2.7983      8.152     1.1532     4.8854 4.3598e+01    -0.0582   101.4655     8.8591     9.3791    32.0020    32.0112    25.6870    25.6937    8.21412 0.0000e+00
      40424     19.044     0.0147     0.0279   2.679231   2.680057     2.2845     2.7999      8.152     1.1743     4.8854 4.3851e+01    -0.0582   101.4655     8.8664     9.3760    32.0041    32.0010    25.6875    25.6844    8.20817 0.0000e+00
      40427     18.979     0.0378     0.0427   2.680304   2.680884     2.2853     2.8024      8.152     1.1637     4.8854 4.4054e+01    -0.0585   101.4745     8.8611     9.3745    31.9940    31.9965    25.6783    25.6801    8.20367 0.0000e+00
      40430     18.910     0.0490     0.0567   2.681248   2.682411     2.2873     2.8040      8.152     1.1532     4.8854 4.4309e+01    -0.0582   101.4655     8.8654     9.3629    31.9947    32.0019    25.6784    25.6838    8.20118 0.0000e+00
      40433     18.835     0.0662     0.0856   2.683711   2.686828     2.2889     2.8061      8.152     1.1532     4.8854 4.4566e+01    -0.0589   101.4836     8.8638     9.3427    32.0091    32.0297    25.6893    25.7049    8.19662 0.0000e+00
      40436     18.757     0.1190     0.1409   2.690212   2.691336     2.2893     2.8081      8.152     1.1743     4.8854 4.4877e+01    -0.0582   101.4655     8.8430     9.3100    32.0392    32.0310    25.7111    25.7034    8.18342 0.0000e+00
      40439     18.676     0.1906     0.1803   2.696943   2.694444     2.2906     2.8093      8.151     1.1743     1.5297 4.5033e+01    -0.0571   101.4383     8.8200     9.2762    32.0525    32.0306    25.7184    25.7012    8.16709 0.0000e+00
      40442     18.595     0.2785     0.2358   2.704431   2.700570     2.2910     2.8105      8.151     1.1637     0.2269 4.5346e+01    -0.0568   101.4293     8.7866     9.2412    32.0586    32.0528    25.7192    25.7165    8.14771 0.0000e+00
      40445     18.506     0.3528     0.2908   2.708096   2.704178     2.2918     2.8118      8.151     1.1637     0.2664 4.5714e+01    -0.0568   101.4293     8.7599     9.2098    32.0290    32.0425    25.6916    25.7056    8.13330 0.0000e+00
      40448     18.412     0.3918     0.3474   2.710244   2.708660     2.2930     2.8126      8.151     1.1637     0.2664 4.6033e+01    -0.0564   101.4203     8.7431     9.1724    32.0163    32.0420    25.6795    25.7024    8.12560 0.0000e+00
      40451     18.317     0.4206     0.3933   2.711928   2.710775     2.2926     2.8130      8.150     1.1637     0.3059 4.6514e+01    -0.0568   101.4293     8.7238     9.1408    32.0083    32.0217    25.6716    25.6838    8.11985 0.0000e+00
      40454     18.219     0.4367     0.4235   2.713124   2.712635     2.2942     2.8142      8.152     1.1637     0.2664 4.7001e+01    -0.0568   101.4293     8.7169     9.1182    32.0072    32.0146    25.6699    25.6765    8.11646 0.0000e+00
      40457     18.123     0.4763     0.4583   2.719592   2.718734     2.2947     2.8134      8.152     1.1743     0.2664 4.7328e+01    -0.0564   101.4203     8.6973     9.0831    32.0501    32.0577    25.7025    25.7094    8.10560 0.0000e+00
      40460     18.023     0.5842     0.5629   2.730407   2.730035     2.2951     2.8118      8.150     1.1743     0.2664 4.7823e+01    -0.0586   101.4745     8.6605     9.0296    32.0781    32.0955    25.7194    25.7345    8.08098 0.0000e+00
      40463     17.917     0.7085     0.6878   2.739934   2.741214     2.2955     2.8118      8.152     1.1743     0.2269 4.8323e+01    -0.0603   101.5197     8.6200     8.9783    32.0722    32.1103    25.7080    25.7397    8.05487 0.0000e+00
      40466     17.811     0.8198     0.8218   2.747886   2.749082     2.2963     2.8130      8.152     1.1637    -0.4837 4.8829e+01    -0.0600   101.5107     8.5873     8.9355    32.0594    32.0728    25.6916    25.7022    8.03203 0.0000e+00
      40469     17.703     0.8979     0.9097   2.751828   2.752765     2.2971     2.8118      8.150     1.2167    -0.5232 4.9339e+01    -0.0600   101.5107     8.5618     8.8987    32.0294    32.0293    25.6630    25.6622    8.01721 0.0000e+00
      40472     17.594     0.9406     0.9478   2.753845   2.754008     2.2963     2.8114      8.151     1.3013    -0.4838 4.9798e+01    -0.0600   101.5107     8.5378     8.8777    32.0114    32.0059    25.6461    25.6413    8.00923 0.0000e+00
      40475     17.483     0.9619     0.9664   2.754972   2.755524     2.2975     2.8118      8.151     1.3224    -0.5232 5.0203e+01    -0.0600   101.5107     8.5275     8.8666    32.0038    32.0063    25.6388    25.6405    8.00516 0.0000e+00
      40478     17.369     0.9869     0.9903   2.757390   2.757801     2.2971     2.8114      8.153     1.3119    -0.5627 5.0611e+01    -0.0600   101.5107     8.5033     8.8532    32.0091    32.0109    25.6416    25.6428    7.99963 0.0000e+00
      40481     17.252     1.0211     1.0161   2.760942   2.760499     2.2971     2.8105      8.153     1.3119    -0.5232 5.1081e+01    -0.0600   101.5107     8.4838     8.8399    32.0194    32.0189    25.6479    25.6477    7.99192 0.0000e+00
      40484     17.137     1.0674     1.0685   2.764640   2.765720     2.2971     2.8097      8.153     1.3224    -0.5232 5.1436e+01    -0.0600   101.5107     8.4632     8.8192    32.0190    32.0317    25.6449    25.6549    7.98227 0.0000e+00
      40487     17.022     1.1131     1.1180   2.767767   2.768211     2.2971     2.8081      8.152     1.3224    -0.4838 5.1974e+01    -0.0600   101.5107     8.4454     8.7961    32.0121    32.0126    25.6365    25.6367    7.97312 0.0000e+00
      40490     16.905     1.1437     1.1440   2.769243   2.769404     2.2967     2.8081      8.150     1.3119    -0.9180 5.2518e+01    -0.0600   101.5107     8.4306     8.7850    31.9995    32.0012    25.6246    25.6260    7.96743 0.0000e+00
      40493     16.790     1.1582     1.1605   2.770064   2.770218     2.2967     2.8069      8.152     1.3224    -1.9444 5.3129e+01    -0.0596   101.5017     8.4270     8.7738    31.9951    31.9947    25.6202    25.6198    7.96465 0.0000e+00
      40496     16.674     1.1714     1.1697   2.771090   2.770430     2.2963     2.8061      8.152     1.3965    -1.8655 5.3809e+01    -0.0600   101.5107     8.4272     8.7620    31.9947    31.9880    25.6191    25.6138    7.96192 0.0000e+00
      40499     16.560     1.1836     1.1720   2.771783   2.770738     2.2955     2.8057      8.152     1.4706    -1.8655 5.4371e+01    -0.0578   101.4565     8.4270     8.7577    31.9911    31.9897    25.6155    25.6151    7.95959 0.0000e+00
      40502     16.445     1.1894     1.1759   2.771995   2.771101     2.2942     2.8048      8.152     1.4812    -1.8655 5.4940e+01    -0.0518   101.3027     8.4299     8.7568    31.9879    31.9904    25.6125    25.6153    7.95856 0.0000e+00
      40505     16.328     1.1891     1.1825   2.771855   2.771771     2.2951     2.8044      8.152     1.4812    -1.8655 5.5515e+01    -0.0514   101.2937     8.4457     8.7535    31.9865    31.9922    25.6114    25.6164    7.95869 0.0000e+00
      40508     16.214     1.1956     1.1912   2.772570   2.772321     2.2951     2.8044      8.152     1.4706    -1.8655 5.6161e+01    -0.0514   101.2937     8.4536     8.7528    31.9889    31.9903    25.6130    25.6144    7.95721 0.0000e+00
      40511     16.099     1.1998     1.1975   2.772619   2.772609     2.2947     2.8028      8.152     1.4918    -1.8655 5.6813e+01    -0.0514   101.2937     8.4593     8.7446    31.9853    31.9875    25.6099    25.6118    7.95653 0.0000e+00
      40514     15.985     1.2027     1.1970   2.772987   2.771886     2.2951     2.8020      8.152     1.4812    -1.8655 5.7275e+01    -0.0514   101.2937     8.4677     8.7403    31.9871    31.9790    25.6111    25.6049    7.95584 0.0000e+00
      40517     15.873     1.2042     1.1903   2.772956   2.771426     2.2963     2.8004      8.152     1.4706    -1.1154 5.7874e+01    -0.0514   101.2937     8.4808     8.7353    31.9853    31.9800    25.6095    25.6062    7.95563 0.0000e+00
      40520     15.762     1.2069     1.1824   2.773310   2.770806     2.2975     2.7995      8.152     1.4918    -0.4838 5.8344e+01    -0.0432   101.0857     8.4912     8.7348    31.9870    31.9803    25.6108    25.6069    7.95497 0.0000e+00
      40523     15.654     1.2104     1.1805   2.773439   2.771603     2.2979     2.7999      8.152     1.4918    -0.5232 5.8819e+01    -0.0335   100.8415     8.4924     8.7338    31.9852    31.9924    25.6090    25.6167    7.95435 0.0000e+00
      40526     15.548     1.2099     1.1951   2.773009   2.772989     2.2987     2.7999      8.152     1.4918    -0.4838 5.9365e+01    -0.0342   100.8596     8.4901     8.7276    31.9802    31.9952    25.6051    25.6181    7.95471 0.0000e+00
      40529     15.445     1.2037     1.2087   2.772711   2.773854     2.2995     2.7975      8.154     1.4918    -0.5232 5.9778e+01    -0.0342   100.8596     8.4837     8.7139    31.9829    31.9923    25.6077    25.6149    7.95586 0.0000e+00
      40532     15.345     1.1969     1.2204   2.771328   2.774482     2.2991     2.7979      8.154     1.5024    -0.5627 6.0264e+01    -0.0339   100.8506     8.4699     8.7158    31.9723    31.9883    25.5995    25.6110    7.95783 0.0000e+00
      40535     15.246     1.1880     1.2268   2.771723   2.775298     2.2987     2.7963      8.157     1.4918    -0.4838 6.0613e+01    -0.0339   100.8506     8.4557     8.7116    31.9865    31.9922    25.6116    25.6137    7.95893 0.0000e+00
      40538     15.149     1.1912     1.2432   2.770733   2.776648     2.2987     2.7955      8.157     1.4918    -0.5232 6.1036e+01    -0.0342   100.8596     8.4409     8.7079    31.9707    31.9926    25.5987    25.6130    7.95911 0.0000e+00
      40541     15.051     1.1689     1.2576   2.768801   2.777728     2.2999     2.7951      8.157     1.5024    -0.4838 6.1603e+01    -0.0249   100.6245     8.4366     8.7086    31.9691    31.9916    25.5987    25.6114    7.96383 0.0000e+00
      40544     14.953     1.1677     1.2717   2.771486   2.778596     2.2991     2.7951      8.157     1.5024     3.9774 6.2247e+01    -0.0217   100.5431     8.4174     8.7094    32.0044    31.9883    25.6271    25.6078    7.96216 0.0000e+00
      40547     14.861     1.2077     1.2801   2.774808   2.779038     2.2983     2.7926      8.157     1.4812     4.6880 6.2898e+01    -0.0224   100.5612     8.3959     8.7026    32.0057    31.9853    25.6258    25.6049    7.95379 0.0000e+00
      40550     14.771     1.2548     1.2852   2.778549   2.778759     2.2975     2.7918      8.157     1.4177     4.6485 6.3630e+01    -0.0220   100.5521     8.3771     8.7079    32.0051    31.9766    25.6224    25.5976    7.94408 0.0000e+00
      40553     14.682     1.2823     1.2794   2.779096   2.778436     2.2963     2.7922      8.157     1.3965     4.6485 6.4519e+01    -0.0224   100.5612     8.3678     8.7236    31.9839    31.9785    25.6036    25.5995    7.93953 0.0000e+00
      40556     14.594     1.2822     1.2905   2.778495   2.780581     2.2959     2.7922      8.157     1.3965     4.6485 6.5118e+01    -0.0224   100.5612     8.3690     8.7348    31.9764    31.9944    25.5976    25.6116    7.93995 0.0000e+00
      40559     14.502     1.2872     1.3073   2.779632   2.780865     2.2954     2.7910      8.156     1.4177     4.6880 6.5799e+01    -0.0217   100.5431     8.3693     8.7439    31.9858    31.9809    25.6049    25.5997    7.93842 0.0000e+00
      40562     14.414     1.3070     1.2924   2.781313   2.777971     2.2959     2.7914      8.156     1.3965     4.6485 6.6718e+01    -0.0174   100.4346     8.3701     8.7648    31.9869    31.9594    25.6045    25.5833    7.93426 0.0000e+00
      40565     14.326     1.3190     1.2697   2.782076   2.776434     2.2946     2.7922      8.158     1.4071     4.6880 6.7495e+01    -0.0170   100.4255     8.3685     8.7895    31.9843    31.9632    25.6017    25.5878    7.93192 0.0000e+00
      40568     14.235     1.3384     1.2584   2.783488   2.776491     2.2942     2.7914      8.156     1.4071     4.6090 6.8200e+01    -0.0163   100.4074     8.3757     8.8091    31.9824    31.9755    25.5989    25.5984    7.92801 0.0000e+00
      40571     14.143     1.3376     1.2784   2.782481   2.781348     2.2950     2.7914      8.161     1.4177     4.2932 6.8834e+01    -0.0166   100.4165     8.3920     8.8183    31.9705    32.0167    25.5895    25.6302    7.92882 0.0000e+00
      40574     14.056     1.3169     1.3305   2.780240   2.784526     2.2959     2.7918      8.156     1.4495     4.2932 6.9634e+01    -0.0170   100.4255     8.4103     8.8195    31.9633    32.0037    25.5850    25.6166    7.93348 0.0000e+00
      40577     13.966     1.3057     1.3553   2.781207   2.785337     2.2954     2.7939      8.161     1.5129     4.2932 7.0362e+01    -0.0170   100.4255     8.4187     8.8305    31.9870    31.9887    25.6047    25.6029    7.93451 0.0000e+00
