Datasets/AZMP/TEL210/tel210_2020_077.cnv
* Sea-Bird SBE 9 Data File:
* FileName = C:\CTDDATA\tel210_2020_077.hex
* Software Version Seasave V 7.26.7.110
* Temperature SN = 1697
* Conductivity SN = 4216
* Number of Bytes Per Scan = 30
* Number of Voltage Words = 4
* Number of Scans Averaged by the Deck Unit = 1
* NMEA baud rate = 4800
** VESSEL/TRIP/SEQ STN:  tel210_2020_077
** LATITUDE XX XX.XX: 52 42.39 N
** LONGITUDE XX XX.XX: 053 46.86 W
** SOUNDING DEPTH (M): 0408
** PROBE TYPE: S1146
** CTD NUMBER: 050
** COMMENTS (14 CHAR): C6-03
** BOTTLES:  0
** LEVELS:
** STICKERS:
** VNET: N
** DO2: N
# nquan = 22
# nvalues = 9142                        
# units = specified
# name 0 = scan: Scan Count
# name 1 = prDM: Pressure, Digiquartz [db]
# name 2 = t090C: Temperature [ITS-90, deg C]
# name 3 = t190C: Temperature, 2 [ITS-90, deg C]
# name 4 = c0S/m: Conductivity [S/m]
# name 5 = c1S/m: Conductivity, 2 [S/m]
# name 6 = sbeox0V: Oxygen raw, SBE 43 [V]
# name 7 = sbeox1V: Oxygen raw, SBE 43, 2 [V]
# name 8 = ph: pH
# name 9 = flECO-AFL: Fluorescence, WET Labs ECO-AFL/FL [mg/m^3]
# name 10 = wetCDOM: Fluorescence, WET Labs CDOM [mg/m^3]
# name 11 = par/sat/log: PAR/Logarithmic, Satlantic [umol photons/m^2/sec]
# name 12 = CStarAt0: Beam Attenuation, WET Labs C-Star [1/m]
# name 13 = CStarTr0: Beam Transmission, WET Labs C-Star [%]
# name 14 = sbeox0ML/L: Oxygen, SBE 43 [ml/l], WS = 2
# name 15 = sbeox1ML/L: Oxygen, SBE 43, 2 [ml/l], WS = 2
# name 16 = sal00: Salinity, Practical [PSU]
# name 17 = sal11: Salinity, Practical, 2 [PSU]
# name 18 = sigma-t00: Density [sigma-t, kg/m^3 ]
# name 19 = sigma-t11: Density, 2 [sigma-t, kg/m^3 ]
# name 20 = oxsatML/L: Oxygen Saturation, Weiss [ml/l]
# name 21 = flag: flag
# span 0 =         49,      28701       
# span 1 =      1.862,    407.460       
# span 2 =    -0.9693,     9.3594       
# span 3 =    -0.9765,     9.3505       
# span 4 =   2.658065,   3.465934       
# span 5 =   2.657086,   3.465379       
# span 6 =     1.8873,     2.5579       
# span 7 =     2.2765,     3.1374       
# span 8 =      7.898,      8.179       
# span 9 =     0.6558,    25.3754       
# span 10 =    -2.8130,   482.1870      
# span 11 = 1.0678e-01, 1.2057e+03      
# span 12 =    -0.1436,     1.5813      
# span 13 =    67.3457,   103.6539      
# span 14 =     6.3246,    10.3384      
# span 15 =     6.6109,    10.5974      
# span 16 =    31.5409,    34.6954      
# span 17 =    32.0525,    34.6963      
# span 18 =    24.7640,    27.5987      
# span 19 =    24.7707,    27.5999      
# span 20 =    6.52897,    8.38376      
# span 21 = 0.0000e+00, 0.0000e+00      
# interval = scans: 3                   
# start_time = Jul 24 2020 12:38:17 [System UTC, header]
# bad_flag = -9.990e-29
*END*
[from data line 527]
       2057     52.394    -0.7872    -0.7928   2.700876   2.700349     2.0113     2.4387      7.940     1.0156     0.2664 1.0715e-01    -0.0916   102.3156     7.4928     7.8080    33.1331    33.1321    26.6327    26.6321    8.32229 0.0000e+00
       2060     52.485    -0.7866    -0.7919   2.701078   2.700566     2.0109     2.4375      7.942     1.0367     0.2664 1.0715e-01    -0.0909   102.2975     7.4860     7.8057    33.1351    33.1340    26.6343    26.6336    8.32204 0.0000e+00
       2063     52.582    -0.7859    -0.7911   2.701237   2.700727     2.0118     2.4358      7.942     1.0050     0.2664 1.0715e-01    -0.0912   102.3065     7.4922     7.8007    33.1364    33.1352    26.6353    26.6346    8.32181 0.0000e+00
       2066     52.685    -0.7849    -0.7900   2.701463   2.700935     2.0118     2.4358      7.942     0.9944     0.0690 1.0715e-01    -0.0909   102.2975     7.4925     7.8034    33.1382    33.1367    26.6368    26.6358    8.32147 0.0000e+00
       2069     52.793    -0.7832    -0.7875   2.701934   2.701434     2.0105     2.4358      7.939     1.0156    -0.3653 1.0715e-01    -0.0909   102.2975     7.4846     7.8053    33.1427    33.1406    26.6403    26.6388    8.32083 0.0000e+00
       2072     52.905    -0.7802    -0.7846   2.702437   2.701956     2.0105     2.4358      7.942     0.9838    -0.3258 1.0715e-01    -0.0912   102.3065     7.4830     7.8052    33.1461    33.1444    26.6430    26.6418    8.31997 0.0000e+00
       2075     53.021    -0.7778    -0.7816   2.702844   2.702378     2.0109     2.4354      7.939     0.9838    -0.3258 1.0715e-01    -0.0933   102.3607     7.4859     7.8024    33.1489    33.1468    26.6452    26.6436    8.31927 0.0000e+00
       2078     53.145    -0.7751    -0.7794   2.703169   2.702698     2.0101     2.4346      7.942     0.9944    -0.3258 1.0715e-01    -0.0930   102.3517     7.4839     7.8017    33.1503    33.1486    26.6462    26.6450    8.31859 0.0000e+00
       2081     53.274    -0.7736    -0.7781   2.703296   2.702820     2.0097     2.4346      7.937     1.0156    -0.3258 1.0715e-01    -0.0930   102.3517     7.4842     7.8061    33.1503    33.1488    26.6461    26.6451    8.31825 0.0000e+00
       2084     53.407    -0.7726    -0.7776   2.703395   2.702909     2.0085     2.4342      7.939     1.0050    -0.3258 1.0715e-01    -0.0933   102.3607     7.4747     7.8091    33.1504    33.1493    26.6462    26.6455    8.31801 0.0000e+00
       2087     53.545    -0.7720    -0.7768   2.703488   2.703036     2.0097     2.4338      7.939     0.9838    -0.3258 1.0715e-01    -0.0930   102.3517     7.4800     7.8070    33.1509    33.1500    26.6466    26.6460    8.31785 0.0000e+00
       2090     53.686    -0.7710    -0.7760   2.703640   2.703202     2.0085     2.4338      7.940     0.9838    -0.3258 1.0715e-01    -0.0930   102.3517     7.4754     7.8054    33.1518    33.1513    26.6473    26.6471    8.31758 0.0000e+00
       2093     53.832    -0.7701    -0.7747   2.703863   2.703412     2.0085     2.4326      7.940     0.9627    -0.7206 1.0715e-01    -0.0916   102.3155     7.4763     7.8010    33.1537    33.1526    26.6488    26.6481    8.31726 0.0000e+00
       2096     53.981    -0.7687    -0.7733   2.704058   2.703600     2.0081     2.4326      7.939     0.9732    -0.9180 1.0715e-01    -0.0891   102.2522     7.4735     7.8042    33.1547    33.1536    26.6496    26.6488    8.31689 0.0000e+00
       2099     54.135    -0.7676    -0.7721   2.704264   2.703805     2.0077     2.4322      7.942     0.9732    -0.9180 1.0715e-01    -0.0894   102.2613     7.4718     7.8040    33.1562    33.1549    26.6507    26.6498    8.31656 0.0000e+00
       2102     54.290    -0.7661    -0.7706   2.704472   2.704037     2.0081     2.4326      7.939     0.9627    -0.9180 1.0715e-01    -0.0898   102.2703     7.4805     7.8059    33.1573    33.1563    26.6515    26.6509    8.31616 0.0000e+00
       2105     54.450    -0.7649    -0.7692   2.704652   2.704193     2.0081     2.4322      7.937     0.9521    -0.9180 1.0715e-01    -0.0898   102.2703     7.4829     7.8041    33.1582    33.1568    26.6523    26.6513    8.31583 0.0000e+00
       2108     54.607    -0.7637    -0.7682   2.704832   2.704369     2.0069     2.4314      7.940     0.9627    -0.9180 1.0715e-01    -0.0894   102.2613     7.4774     7.8020    33.1593    33.1580    26.6531    26.6522    8.31550 0.0000e+00
       2111     54.765    -0.7623    -0.7673   2.704934   2.704484     2.0073     2.4310      7.939     0.9732    -0.9180 1.0715e-01    -0.0898   102.2703     7.4798     7.8025    33.1591    33.1584    26.6528    26.6525    8.31520 0.0000e+00
       2114     54.925    -0.7618    -0.7664   2.705079   2.704671     2.0064     2.4310      7.940     0.9732    -0.9180 1.0715e-01    -0.0887   102.2432     7.4759     7.8049    33.1604    33.1599    26.6539    26.6537    8.31502 0.0000e+00
       2117     55.085    -0.7612    -0.7658   2.705176   2.704761     2.0069     2.4314      7.939     0.9627    -0.8785 1.0715e-01    -0.0891   102.2522     7.4767     7.8086    33.1609    33.1604    26.6542    26.6540    8.31485 0.0000e+00
       2120     55.245    -0.7604    -0.7656   2.705250   2.704775     2.0056     2.4310      7.940     0.9627     2.4772 1.0715e-01    -0.0891   102.2522     7.4717     7.8093    33.1609    33.1602    26.6543    26.6539    8.31467 0.0000e+00
       2123     55.404    -0.7602    -0.7654   2.705283   2.704800     2.0064     2.4306      7.940     0.9627     2.9115 1.0715e-01    -0.0887   102.2432     7.4789     7.8073    33.1610    33.1602    26.6543    26.6539    8.31462 0.0000e+00
       2126     55.563    -0.7601    -0.7652   2.705288   2.704814     2.0069     2.4297      7.939     0.9732     2.8720 1.0715e-01    -0.0887   102.2432     7.4823     7.8052    33.1609    33.1602    26.6542    26.6538    8.31460 0.0000e+00
       2129     55.719    -0.7599    -0.7653   2.705303   2.704827     2.0060     2.4297      7.937     0.9627     2.8720 1.0715e-01    -0.0894   102.2613     7.4813     7.8068    33.1607    33.1603    26.6541    26.6539    8.31456 0.0000e+00
       2132     55.871    -0.7596    -0.7653   2.705315   2.704835     2.0060     2.4297      7.940     0.9521     2.8720 1.0715e-01    -0.0891   102.2522     7.4817     7.8093    33.1606    33.1603    26.6539    26.6539    8.31452 0.0000e+00
       2135     56.021    -0.7598    -0.7654   2.705358   2.704872     2.0056     2.4297      7.940     0.9521     2.8720 1.0715e-01    -0.0958   102.4240     7.4779     7.8081    33.1612    33.1608    26.6545    26.6544    8.31451 0.0000e+00
       2138     56.168    -0.7598    -0.7651   2.705433   2.704953     2.0048     2.4297      7.940     0.9732     2.8720 1.0715e-01    -0.0972   102.4602     7.4755     7.8064    33.1621    33.1615    26.6552    26.6549    8.31446 0.0000e+00
       2141     56.310    -0.7590    -0.7648   2.705553   2.705071     2.0048     2.4297      7.937     0.9521     2.8720 1.0715e-01    -0.0972   102.4602     7.4793     7.8080    33.1628    33.1627    26.6558    26.6559    8.31425 0.0000e+00
       2144     56.450    -0.7593    -0.7646   2.705559   2.705116     2.0056     2.4297      7.939     0.8992     2.9115 1.0715e-01    -0.0972   102.4602     7.4835     7.8113    33.1631    33.1630    26.6560    26.6561    8.31429 0.0000e+00
       2147     56.581    -0.7586    -0.7634   2.705762   2.705285     2.0052     2.4285      7.937     0.9097     3.1089 1.0715e-01    -0.0972   102.4602     7.4772     7.8065    33.1650    33.1639    26.6576    26.6568    8.31403 0.0000e+00
       2150     56.706    -0.7575    -0.7626   2.705840   2.705384     2.0052     2.4289      7.937     0.8780     3.1089 1.0715e-01    -0.0972   102.4602     7.4787     7.8111    33.1648    33.1642    26.6573    26.6570    8.31380 0.0000e+00
       2153     56.830    -0.7569    -0.7619   2.705960   2.705501     2.0048     2.4289      7.939     0.9097     3.1089 1.0715e-01    -0.0979   102.4783     7.4788     7.8102    33.1657    33.1650    26.6580    26.6576    8.31361 0.0000e+00
       2156     56.948    -0.7559    -0.7610   2.706180   2.705735     2.0040     2.4285      7.937     0.9097     3.1089 1.0715e-01    -0.1025   102.5959     7.4753     7.8072    33.1675    33.1670    26.6594    26.6593    8.31328 0.0000e+00
       2159     57.060    -0.7548    -0.7593   2.706398   2.705959     2.0040     2.4277      7.937     0.8992     3.1089 1.0715e-01    -0.1029   102.6049     7.4745     7.8034    33.1692    33.1682    26.6607    26.6601    8.31295 0.0000e+00
       2162     57.168    -0.7535    -0.7581   2.706605   2.706139     2.0048     2.4281      7.937     0.9097     3.1089 1.0715e-01    -0.1025   102.5959     7.4769     7.8054    33.1704    33.1692    26.6617    26.6609    8.31257 0.0000e+00
       2165     57.274    -0.7521    -0.7572   2.706792   2.706318     2.0048     2.4285      7.937     0.9097     3.1089 1.0715e-01    -0.1025   102.5959     7.4727     7.8086    33.1714    33.1705    26.6625    26.6620    8.31221 0.0000e+00
       2168     57.370    -0.7512    -0.7563   2.706913   2.706456     2.0040     2.4277      7.937     0.9097     3.1089 1.0715e-01    -0.1025   102.5959     7.4669     7.8094    33.1719    33.1714    26.6628    26.6626    8.31196 0.0000e+00
       2171     57.463    -0.7507    -0.7560   2.706995   2.706532     2.0036     2.4281      7.937     0.9097     1.7271 1.0715e-01    -0.1025   102.5959     7.4672     7.8116    33.1725    33.1720    26.6633    26.6631    8.31183 0.0000e+00
       2174     57.551    -0.7503    -0.7559   2.707001   2.706575     2.0036     2.4285      7.940     0.8992    -0.0494 1.0715e-01    -0.1022   102.5868     7.4716     7.8141    33.1721    33.1724    26.6629    26.6634    8.31177 0.0000e+00
       2177     57.635    -0.7503    -0.7559   2.707048   2.706606     2.0036     2.4273      7.937     0.8992     0.0295 1.0715e-01    -0.1015   102.5687     7.4735     7.8122    33.1726    33.1728    26.6634    26.6637    8.31173 0.0000e+00
       2180     57.713    -0.7502    -0.7555   2.707252   2.706795     2.0036     2.4273      7.937     0.8992     0.0295 1.0715e-01    -0.1015   102.5687     7.4728     7.8145    33.1752    33.1749    26.6655    26.6654    8.31156 0.0000e+00
       2183     57.788    -0.7497    -0.7549   2.707476   2.706984     2.0024     2.4273      7.939     0.8992     0.0295 1.0715e-01    -0.1015   102.5687     7.4657     7.8152    33.1777    33.1768    26.6674    26.6669    8.31132 0.0000e+00
       2186     57.859    -0.7492    -0.7541   2.707580   2.707114     2.0032     2.4273      7.939     0.8992     0.0295 1.0715e-01    -0.1015   102.5687     7.4695     7.8138    33.1785    33.1776    26.6681    26.6675    8.31115 0.0000e+00
       2189     57.927    -0.7484    -0.7539   2.707722   2.707211     2.0024     2.4277      7.937     0.8886     0.0295 1.0715e-01    -0.1015   102.5687     7.4712     7.8156    33.1795    33.1786    26.6688    26.6683    8.31092 0.0000e+00
       2192     57.993    -0.7473    -0.7528   2.707963   2.707396     2.0028     2.4277      7.937     0.8992     0.0295 1.0715e-01    -0.1015   102.5687     7.4753     7.8146    33.1814    33.1799    26.6704    26.6693    8.31055 0.0000e+00
       2195     58.059    -0.7458    -0.7511   2.708190   2.707669     2.0028     2.4269      7.937     0.8780     0.0295 1.0715e-01    -0.1029   102.6049     7.4750     7.8114    33.1828    33.1816    26.6714    26.6707    8.31013 0.0000e+00
       2198     58.125    -0.7448    -0.7502   2.708288   2.707786     2.0036     2.4273      7.937     0.8886    -0.2468 1.0715e-01    -0.1036   102.6230     7.4804     7.8151    33.1831    33.1822    26.6716    26.6711    8.30991 0.0000e+00
       2201     58.187    -0.7443    -0.7498   2.708365   2.707860     2.0024     2.4281      7.939     0.8675    -0.3258 1.0715e-01    -0.1036   102.6230     7.4761     7.8199    33.1835    33.1827    26.6719    26.6715    8.30976 0.0000e+00
       2204     58.251    -0.7436    -0.7494   2.708476   2.707957     2.0020     2.4273      7.937     0.8675    -0.3258 1.0715e-01    -0.1032   102.6140     7.4759     7.8149    33.1842    33.1836    26.6725    26.6722    8.30957 0.0000e+00
       2207     58.315    -0.7428    -0.7481   2.708734   2.708156     2.0028     2.4273      7.937     0.8675    -0.3258 1.0715e-01    -0.1036   102.6230     7.4814     7.8146    33.1867    33.1848    26.6745    26.6731    8.30924 0.0000e+00
       2210     58.383    -0.7413    -0.7469   2.708967   2.708416     2.0024     2.4273      7.937     0.8675    -0.3258 1.0715e-01    -0.1036   102.6230     7.4797     7.8151    33.1882    33.1869    26.6756    26.6748    8.30882 0.0000e+00
       2213     58.451    -0.7401    -0.7457   2.709108   2.708585     2.0028     2.4265      7.939     0.8675    -0.3258 1.0715e-01    -0.1032   102.6140     7.4814     7.8138    33.1887    33.1879    26.6760    26.6755    8.30852 0.0000e+00
       2216     58.520    -0.7392    -0.7446   2.709294   2.708754     2.0016     2.4269      7.937     0.8780    -0.3258 1.0715e-01    -0.1025   102.5959     7.4735     7.8167    33.1902    33.1888    26.6772    26.6762    8.30824 0.0000e+00
       2219     58.590    -0.7375    -0.7432   2.709575   2.708987     2.0024     2.4273      7.939     0.8675    -0.3258 1.0715e-01    -0.1025   102.5959     7.4779     7.8195    33.1921    33.1904    26.6786    26.6775    8.30774 0.0000e+00
       2222     58.662    -0.7354    -0.7410   2.709928   2.709329     2.0024     2.4269      7.937     0.9415    -0.3258 1.0715e-01    -0.1025   102.5959     7.4781     7.8168    33.1944    33.1926    26.6805    26.6791    8.30713 0.0000e+00
       2225     58.740    -0.7335    -0.7390   2.710178   2.709648     2.0020     2.4273      7.939     0.9415    -0.2074 1.0715e-01    -0.1025   102.5959     7.4767     7.8190    33.1958    33.1946    26.6814    26.6807    8.30665 0.0000e+00
       2228     58.818    -0.7325    -0.7375   2.710296   2.709846     2.0024     2.4265      7.937     0.9309    -0.2074 1.0715e-01    -0.1025   102.5959     7.4803     7.8172    33.1962    33.1955    26.6818    26.6814    8.30639 0.0000e+00
       2231     58.897    -0.7319    -0.7367   2.710339   2.709910     2.0024     2.4273      7.937     0.9309    -0.2074 1.0715e-01    -0.1025   102.5959     7.4786     7.8209    33.1960    33.1955    26.6816    26.6814    8.30626 0.0000e+00
       2234     58.980    -0.7317    -0.7366   2.710461   2.710022     2.0024     2.4277      7.937     0.9309    -0.2074 1.0715e-01    -0.1014   102.5688     7.4806     7.8231    33.1974    33.1969    26.6827    26.6825    8.30614 0.0000e+00
       2237     59.067    -0.7303    -0.7349   2.710761   2.710309     2.0020     2.4277      7.937     0.9203    -0.2074 1.0715e-01    -0.0972   102.4602     7.4756     7.8228    33.1999    33.1988    26.6846    26.6839    8.30569 0.0000e+00
       2240     59.156    -0.7282    -0.7326   2.711052   2.710636     2.0020     2.4273      7.937     0.9415    -0.2469 1.0715e-01    -0.0972   102.4602     7.4728     7.8182    33.2015    33.2007    26.6859    26.6854    8.30513 0.0000e+00
       2243     59.250    -0.7267    -0.7306   2.711305   2.710879     2.0024     2.4277      7.937     0.9203    -0.2074 1.0715e-01    -0.0972   102.4602     7.4697     7.8188    33.2031    33.2017    26.6871    26.6861    8.30469 0.0000e+00
       2246     59.344    -0.7243    -0.7282   2.711758   2.711306     2.0012     2.4269      7.937     0.9203    -0.2074 1.0715e-01    -0.0972   102.4602     7.4641     7.8143    33.2066    33.2047    26.6898    26.6885    8.30396 0.0000e+00
       2249     59.439    -0.7210    -0.7243   2.712316   2.711870     2.0024     2.4273      7.937     0.8886    -0.1679 1.0715e-01    -0.0972   102.4602     7.4706     7.8128    33.2104    33.2080    26.6928    26.6910    8.30301 0.0000e+00
