Datasets/AZMP/TEL210/tel210_2020_083.cnv
* Sea-Bird SBE 9 Data File:
* FileName = C:\CTDDATA\tel210_2020_083.hex
* Software Version Seasave V 7.26.7.110
* Temperature SN = 1697
* Conductivity SN = 4216
* Number of Bytes Per Scan = 30
* Number of Voltage Words = 4
* Number of Scans Averaged by the Deck Unit = 1
* NMEA baud rate = 4800
** VESSEL/TRIP/SEQ STN:  tel210_2020_083
** LATITUDE XX XX.XX: 53 24.60 N
** LONGITUDE XX XX.XX: 055 21.40 W
** SOUNDING DEPTH (M): 0163
** PROBE TYPE: S1146
** CTD NUMBER: 053
** COMMENTS (14 CHAR): SI-03
** BOTTLES:  0
** LEVELS: 
** STICKERS: 
** VNET: N
** DO2: N
# nquan = 22
# nvalues = 3715                        
# units = specified
# name 0 = scan: Scan Count
# name 1 = prDM: Pressure, Digiquartz [db]
# name 2 = t090C: Temperature [ITS-90, deg C]
# name 3 = t190C: Temperature, 2 [ITS-90, deg C]
# name 4 = c0S/m: Conductivity [S/m]
# name 5 = c1S/m: Conductivity, 2 [S/m]
# name 6 = sbeox0V: Oxygen raw, SBE 43 [V]
# name 7 = sbeox1V: Oxygen raw, SBE 43, 2 [V]
# name 8 = ph: pH
# name 9 = flECO-AFL: Fluorescence, WET Labs ECO-AFL/FL [mg/m^3]
# name 10 = wetCDOM: Fluorescence, WET Labs CDOM [mg/m^3]
# name 11 = par/sat/log: PAR/Logarithmic, Satlantic [umol photons/m^2/sec]
# name 12 = CStarAt0: Beam Attenuation, WET Labs C-Star [1/m]
# name 13 = CStarTr0: Beam Transmission, WET Labs C-Star [%]
# name 14 = sbeox0ML/L: Oxygen, SBE 43 [ml/l], WS = 2
# name 15 = sbeox1ML/L: Oxygen, SBE 43, 2 [ml/l], WS = 2
# name 16 = sal00: Salinity, Practical [PSU]
# name 17 = sal11: Salinity, Practical, 2 [PSU]
# name 18 = sigma-t00: Density [sigma-t, kg/m^3 ]
# name 19 = sigma-t11: Density, 2 [sigma-t, kg/m^3 ]
# name 20 = oxsatML/L: Oxygen Saturation, Weiss [ml/l]
# name 21 = flag: flag
# span 0 =          2,      14743       
# span 1 =      0.703,    162.644       
# span 2 =    -0.9413,     7.8203       
# span 3 =    -0.9476,     7.7905       
# span 4 =   2.643815,   3.272224       
# span 5 =   2.643518,   3.270119       
# span 6 =     1.9789,     2.5058       
# span 7 =     2.3949,     3.0574       
# span 8 =      7.939,      8.192       
# span 9 =     0.6664,     1.5024       
# span 10 =    -2.8130,   482.1870      
# span 11 = 1.0715e-01, 8.3359e+00      
# span 12 =    -0.1456,     0.0789      
# span 13 =    98.0472,   103.7082      
# span 14 =     7.4317,    10.6118      
# span 15 =     7.2289,    11.0833      
# span 16 =    31.2366,    33.1900      
# span 17 =    31.4384,    33.1874      
# span 18 =    24.4825,    26.6720      
# span 19 =    24.5077,    26.6692      
# span 20 =    6.78899,    8.39040      
# span 21 = 0.0000e+00, 0.0000e+00      
# interval = scans: 3                   
# start_time = Jul 24 2020 23:36:26 [System UTC, header]
# bad_flag = -9.990e-29
*END*
[from data line 922]
       3189     93.786    -0.8828    -0.8887   2.680749   2.680396     2.0170     2.4371      7.947     0.6875    -1.5497 1.0715e-01    -0.1415   103.5997     7.5825     7.8760    32.9407    32.9424    26.4804    26.4819    8.35490 0.0000e+00
       3192     93.891    -0.8828    -0.8886   2.680762   2.680443     2.0158     2.4362      7.947     0.7087    -1.5497 1.0715e-01    -0.1415   103.5997     7.5786     7.8748    32.9408    32.9429    26.4805    26.4824    8.35489 0.0000e+00
       3195     94.000    -0.8826    -0.8884   2.680808   2.680443     2.0146     2.4367      7.947     0.6875    -1.5497 1.0727e-01    -0.1415   103.5997     7.5700     7.8759    32.9411    32.9426    26.4807    26.4821    8.35482 0.0000e+00
       3198     94.105    -0.8828    -0.8883   2.680860   2.680464     2.0138     2.4362      7.947     0.6875    -1.6286 1.0727e-01    -0.1415   103.5997     7.5646     7.8775    32.9421    32.9426    26.4815    26.4822    8.35483 0.0000e+00
       3201     94.207    -0.8827    -0.8882   2.680899   2.680496     2.0142     2.4354      7.947     0.7087    -1.5891 1.0715e-01    -0.1415   103.5997     7.5645     7.8803    32.9424    32.9430    26.4818    26.4824    8.35479 0.0000e+00
       3204     94.304    -0.8825    -0.8882   2.680879   2.680526     2.0146     2.4346      7.947     0.7722    -1.5497 1.0727e-01    -0.1436   103.6539     7.5621     7.8817    32.9418    32.9433    26.4813    26.4827    8.35477 0.0000e+00
       3207     94.398    -0.8824    -0.8883   2.680863   2.680528     2.0134     2.4350      7.947     0.7722    -1.1154 1.0715e-01    -0.1436   103.6539     7.5575     7.8866    32.9414    32.9434    26.4810    26.4828    8.35476 0.0000e+00
       3210     94.491    -0.8826    -0.8881   2.680897   2.680534     2.0126     2.4346      7.947     0.7616    -0.8391 1.0727e-01    -0.1436   103.6539     7.5549     7.8880    32.9420    32.9432    26.4815    26.4826    8.35477 0.0000e+00
       3213     94.585    -0.8821    -0.8881   2.680919   2.680568     2.0130     2.4346      7.947     0.7616    -0.7996 1.0715e-01    -0.1436   103.6539     7.5596     7.8904    32.9417    32.9435    26.4812    26.4829    8.35468 0.0000e+00
       3216     94.680    -0.8826    -0.8882   2.680928   2.680563     2.0126     2.4334      7.947     0.7722    -0.7996 1.0740e-01    -0.1432   103.6449     7.5641     7.8858    32.9424    32.9435    26.4817    26.4829    8.35475 0.0000e+00
       3219     94.774    -0.8822    -0.8881   2.680935   2.680594     2.0122     2.4326      7.947     0.7616    -0.9180 1.0727e-01    -0.1432   103.6449     7.5641     7.8845    32.9420    32.9438    26.4814    26.4831    8.35469 0.0000e+00
       3222     94.864    -0.8821    -0.8880   2.680961   2.680574     2.0122     2.4334      7.947     0.7722    -0.8785 1.0727e-01    -0.1415   103.5997     7.5641     7.8915    32.9421    32.9434    26.4815    26.4828    8.35465 0.0000e+00
       3225     94.957    -0.8822    -0.8881   2.680997   2.680602     2.0105     2.4334      7.945     0.7616    -0.8391 1.0727e-01    -0.1404   103.5725     7.5563     7.8938    32.9426    32.9438    26.4819    26.4831    8.35464 0.0000e+00
       3228     95.050    -0.8823    -0.8880   2.681017   2.680619     2.0109     2.4326      7.947     0.7510    -0.7996 1.0715e-01    -0.1404   103.5725     7.5612     7.8915    32.9430    32.9439    26.4822    26.4832    8.35464 0.0000e+00
       3231     95.142    -0.8820    -0.8878   2.681048   2.680683     2.0109     2.4322      7.947     0.7722    -0.7996 1.0715e-01    -0.1404   103.5725     7.5651     7.8883    32.9430    32.9444    26.4823    26.4836    8.35457 0.0000e+00
       3234     95.236    -0.8818    -0.8874   2.681078   2.680738     2.0105     2.4322      7.947     0.7616    -0.5232 1.0715e-01    -0.1404   103.5725     7.5649     7.8902    32.9432    32.9447    26.4824    26.4838    8.35452 0.0000e+00
       3237     95.330    -0.8815    -0.8876   2.681091   2.680693     2.0101     2.4318      7.947     0.7510    -0.4443 1.0715e-01    -0.1404   103.5725     7.5637     7.8917    32.9430    32.9443    26.4822    26.4834    8.35448 0.0000e+00
       3240     95.422    -0.8819    -0.8874   2.681101   2.680726     2.0101     2.4313      7.945     0.7616    -0.4443 1.0715e-01    -0.1404   103.5725     7.5671     7.8909    32.9435    32.9445    26.4826    26.4836    8.35453 0.0000e+00
       3243     95.512    -0.8817    -0.8874   2.681115   2.680724     2.0097     2.4322      7.947     0.7722    -0.4443 1.0715e-01    -0.1425   103.6268     7.5655     7.8920    32.9435    32.9444    26.4826    26.4836    8.35449 0.0000e+00
       3246     95.601    -0.8818    -0.8876   2.681119   2.680714     2.0093     2.4309      7.947     0.7722    -0.4443 1.0740e-01    -0.1432   103.6449     7.5655     7.8838    32.9436    32.9444    26.4827    26.4835    8.35451 0.0000e+00
       3249     95.691    -0.8814    -0.8873   2.681130   2.680762     2.0097     2.4313      7.947     0.7722    -0.4443 1.0715e-01    -0.1436   103.6539     7.5688     7.8882    32.9432    32.9447    26.4824    26.4838    8.35444 0.0000e+00
       3252     95.775    -0.8816    -0.8873   2.681150   2.680766     2.0089     2.4305      7.947     0.7722    -0.4443 1.0740e-01    -0.1432   103.6449     7.5646     7.8885    32.9436    32.9447    26.4827    26.4838    8.35446 0.0000e+00
       3255     95.861    -0.8813    -0.8874   2.681201   2.680778     2.0093     2.4297      7.947     0.7616    -0.4838 1.0715e-01    -0.1432   103.6449     7.5691     7.8854    32.9440    32.9448    26.4830    26.4839    8.35438 0.0000e+00
       3258     95.949    -0.8810    -0.8871   2.681221   2.680816     2.0085     2.4309      7.947     0.7616    -0.4443 1.0715e-01    -0.1436   103.6539     7.5646     7.8905    32.9438    32.9451    26.4828    26.4841    8.35430 0.0000e+00
       3261     96.030    -0.8812    -0.8870   2.681222   2.680804     2.0085     2.4301      7.945     0.7722    -0.4443 1.0715e-01    -0.1429   103.6358     7.5656     7.8885    32.9440    32.9447    26.4830    26.4838    8.35434 0.0000e+00
       3264     96.109    -0.8812    -0.8872   2.681174   2.680772     2.0085     2.4297      7.945     0.7722    -0.4443 1.0727e-01    -0.1422   103.6178     7.5682     7.8865    32.9434    32.9445    26.4825    26.4836    8.35439 0.0000e+00
       3267     96.189    -0.8810    -0.8874   2.681211   2.680762     2.0073     2.4289      7.947     0.7510    -0.4443 1.0727e-01    -0.1425   103.6268     7.5648     7.8867    32.9435    32.9445    26.4826    26.4836    8.35432 0.0000e+00
       3270     96.263    -0.8805    -0.8873   2.681229   2.680768     2.0077     2.4289      7.947     0.7722    -0.4838 1.0727e-01    -0.1425   103.6268     7.5664     7.8884    32.9432    32.9444    26.4824    26.4836    8.35424 0.0000e+00
       3273     96.334    -0.8810    -0.8873   2.681250   2.680795     2.0077     2.4297      7.947     0.7510    -0.4443 1.0715e-01    -0.1425   103.6268     7.5665     7.8905    32.9439    32.9447    26.4830    26.4838    8.35429 0.0000e+00
       3276     96.401    -0.8809    -0.8870   2.681248   2.680850     2.0081     2.4293      7.942     0.7616    -0.4443 1.0727e-01    -0.1429   103.6358     7.5692     7.8911    32.9438    32.9451    26.4828    26.4842    8.35429 0.0000e+00
       3279     96.468    -0.8811    -0.8867   2.681253   2.680886     2.0073     2.4289      7.945     0.7616    -0.4443 1.0715e-01    -0.1425   103.6268     7.5664     7.8914    32.9440    32.9452    26.4830    26.4842    8.35431 0.0000e+00
       3282     96.528    -0.8810    -0.8865   2.681242   2.680891     2.0064     2.4285      7.947     0.7405    -0.4443 1.0740e-01    -0.1415   103.5997     7.5649     7.8910    32.9438    32.9450    26.4828    26.4840    8.35431 0.0000e+00
       3285     96.588    -0.8808    -0.8865   2.681279   2.680900     2.0077     2.4285      7.947     0.7299     1.0559 1.0727e-01    -0.1404   103.5725     7.5711     7.8932    32.9440    32.9451    26.4830    26.4841    8.35425 0.0000e+00
       3288     96.643    -0.8806    -0.8864   2.681263   2.680910     2.0069     2.4285      7.947     0.7299     3.4247 1.0752e-01    -0.1404   103.5725     7.5662     7.8912    32.9436    32.9452    26.4826    26.4841    8.35424 0.0000e+00
       3291     96.696    -0.8807    -0.8864   2.681263   2.680901     2.0073     2.4289      7.945     0.7299     3.3457 1.0727e-01    -0.1404   103.5725     7.5658     7.8900    32.9436    32.9449    26.4827    26.4839    8.35425 0.0000e+00
       3294     96.746    -0.8808    -0.8864   2.681261   2.680924     2.0060     2.4277      7.945     0.7299     3.3457 1.0715e-01    -0.1404   103.5725     7.5534     7.8806    32.9437    32.9452    26.4827    26.4841    8.35427 0.0000e+00
       3297     96.794    -0.8805    -0.8866   2.681254   2.680919     2.0064     2.4273      7.944     0.7510     3.3457 1.0715e-01    -0.1404   103.5725     7.5521     7.8800    32.9432    32.9454    26.4823    26.4843    8.35423 0.0000e+00
       3300     96.844    -0.8807    -0.8865   2.681285   2.680910     2.0056     2.4281      7.947     0.7299     3.3457 1.0727e-01    -0.1404   103.5725     7.5500     7.8859    32.9438    32.9450    26.4829    26.4841    8.35425 0.0000e+00
       3303     96.889    -0.8805    -0.8864   2.681278   2.680902     2.0069     2.4285      7.944     0.7299     3.3457 1.0727e-01    -0.1404   103.5725     7.5592     7.8859    32.9435    32.9448    26.4826    26.4839    8.35422 0.0000e+00
       3306     96.934    -0.8808    -0.8868   2.681266   2.680860     2.0056     2.4277      7.945     0.7299     3.3457 1.0727e-01    -0.1415   103.5997     7.5497     7.8829    32.9437    32.9447    26.4827    26.4837    8.35429 0.0000e+00
       3309     96.977    -0.8806    -0.8867   2.681265   2.680890     2.0060     2.4273      7.944     0.7510     3.3457 1.0727e-01    -0.1415   103.5997     7.5518     7.8781    32.9434    32.9449    26.4825    26.4840    8.35425 0.0000e+00
       3312     97.020    -0.8805    -0.8865   2.681267   2.680916     2.0048     2.4261      7.945     0.7616     3.1484 1.0740e-01    -0.1415   103.5997     7.5511     7.8736    32.9432    32.9451    26.4824    26.4841    8.35422 0.0000e+00
       3315     97.061    -0.8807    -0.8863   2.681240   2.680926     2.0044     2.4261      7.944     0.7616     3.1089 1.0740e-01    -0.1415   103.5997     7.5532     7.8762    32.9431    32.9450    26.4823    26.4840    8.35429 0.0000e+00
       3318     97.106    -0.8809    -0.8866   2.681266   2.680918     2.0040     2.4261      7.944     0.7616     3.1089 1.0715e-01    -0.1415   103.5997     7.5541     7.8759    32.9436    32.9452    26.4827    26.4841    8.35430 0.0000e+00
       3321     97.153    -0.8807    -0.8865   2.681273   2.680902     2.0044     2.4273      7.944     0.7616     3.1089 1.0727e-01    -0.1415   103.5997     7.5553     7.8797    32.9435    32.9448    26.4826    26.4838    8.35427 0.0000e+00
       3324     97.199    -0.8807    -0.8866   2.681294   2.680901     2.0052     2.4261      7.945     0.7722     3.1089 1.0727e-01    -0.1425   103.6268     7.5609     7.8735    32.9437    32.9448    26.4828    26.4839    8.35425 0.0000e+00
       3327     97.247    -0.8809    -0.8865   2.681286   2.680921     2.0040     2.4261      7.947     0.7616     3.1089 1.0740e-01    -0.1436   103.6539     7.5560     7.8752    32.9438    32.9450    26.4829    26.4840    8.35429 0.0000e+00
       3330     97.300    -0.8809    -0.8868   2.681275   2.680905     2.0040     2.4257      7.944     0.7722     3.1089 1.0727e-01    -0.1436   103.6539     7.5602     7.8778    32.9436    32.9450    26.4827    26.4841    8.35430 0.0000e+00
       3333     97.354    -0.8806    -0.8865   2.681291   2.680923     2.0044     2.4248      7.944     0.7616     3.1089 1.0727e-01    -0.1436   103.6539     7.5648     7.8778    32.9434    32.9450    26.4825    26.4840    8.35423 0.0000e+00
       3336     97.412    -0.8807    -0.8864   2.681304   2.680932     2.0048     2.4261      7.947     0.7616     3.0694 1.0715e-01    -0.1436   103.6539     7.5714     7.8850    32.9438    32.9449    26.4828    26.4839    8.35425 0.0000e+00
       3339     97.475    -0.8806    -0.8863   2.681301   2.680944     2.0040     2.4257      7.942     0.7616     2.6746 1.0727e-01    -0.1436   103.6539     7.5663     7.8810    32.9435    32.9450    26.4826    26.4840    8.35423 0.0000e+00
       3342     97.544    -0.8808    -0.8865   2.681292   2.680941     2.0040     2.4244      7.945     0.7722     2.6351 1.0727e-01    -0.1432   103.6449     7.5615     7.8732    32.9436    32.9451    26.4827    26.4841    8.35427 0.0000e+00
       3345     97.620    -0.8806    -0.8862   2.681327   2.680970     2.0036     2.4252      7.947     0.7510     2.6351 1.0727e-01    -0.1432   103.6449     7.5586     7.8786    32.9439    32.9451    26.4829    26.4841    8.35422 0.0000e+00
       3348     97.700    -0.8806    -0.8862   2.681331   2.680972     2.0036     2.4244      7.942     0.7616     2.6351 1.0715e-01    -0.1436   103.6539     7.5594     7.8794    32.9438    32.9451    26.4828    26.4841    8.35422 0.0000e+00
       3351     97.787    -0.8807    -0.8862   2.681354   2.680986     2.0036     2.4244      7.945     0.7616     2.6351 1.0727e-01    -0.1432   103.6449     7.5648     7.8785    32.9442    32.9452    26.4831    26.4842    8.35422 0.0000e+00
       3354     97.881    -0.8805    -0.8863   2.681391   2.680980     2.0032     2.4252      7.945     0.7510     2.6351 1.0715e-01    -0.1436   103.6539     7.5582     7.8827    32.9444    32.9452    26.4833    26.4841    8.35417 0.0000e+00
       3357     97.984    -0.8805    -0.8862   2.681384   2.681019     2.0036     2.4248      7.945     0.7510     2.6351 1.0715e-01    -0.1436   103.6539     7.5609     7.8798    32.9442    32.9455    26.4832    26.4844    8.35417 0.0000e+00
       3360     98.092    -0.8804    -0.8860   2.681398   2.681061     2.0040     2.4248      7.942     0.7510     2.6351 1.0715e-01    -0.1436   103.6539     7.5652     7.8777    32.9443    32.9458    26.4832    26.4847    8.35416 0.0000e+00
       3363     98.210    -0.8803    -0.8857   2.681409   2.681066     2.0024     2.4236      7.944     0.7616     2.5167 1.0727e-01    -0.1425   103.6268     7.5580     7.8733    32.9442    32.9455    26.4831    26.4844    8.35412 0.0000e+00
       3366     98.336    -0.8801    -0.8859   2.681359   2.681023     2.0028     2.4236      7.944     0.7616     2.1219 1.0715e-01    -0.1425   103.6268     7.5594     7.8725    32.9433    32.9451    26.4824    26.4841    8.35414 0.0000e+00
       3369     98.471    -0.8801    -0.8863   2.681377   2.681011     2.0032     2.4248      7.944     0.7616     2.1614 1.0715e-01    -0.1425   103.6268     7.5587     7.8753    32.9435    32.9453    26.4826    26.4842    8.35414 0.0000e+00
       3372     98.618    -0.8801    -0.8861   2.681382   2.681023     2.0036     2.4240      7.942     0.7510     2.1614 1.0727e-01    -0.1425   103.6268     7.5603     7.8701    32.9434    32.9452    26.4825    26.4841    8.35413 0.0000e+00
       3375     98.769    -0.8801    -0.8860   2.681392   2.681051     2.0032     2.4232      7.944     0.7616     2.1614 1.0715e-01    -0.1425   103.6268     7.5606     7.8656    32.9435    32.9453    26.4825    26.4842    8.35413 0.0000e+00
       3378     98.928    -0.8803    -0.8858   2.681431   2.681086     2.0020     2.4236      7.944     0.7616     2.1614 1.0740e-01    -0.1425   103.6268     7.5552     7.8670    32.9441    32.9455    26.4831    26.4843    8.35413 0.0000e+00
       3381     99.096    -0.8802    -0.8853   2.681439   2.681114     2.0036     2.4232      7.942     0.7616     2.1614 1.0727e-01    -0.1425   103.6268     7.5615     7.8667    32.9440    32.9452    26.4830    26.4841    8.35412 0.0000e+00
