Datasets/AZMP/TEL210/tel210_2020_088.cnv
* Sea-Bird SBE 9 Data File:
* FileName = C:\CTDDATA\tel210_2020_088.hex
* Software Version Seasave V 7.26.7.110
* Temperature SN = 1697
* Conductivity SN = 4216
* Number of Bytes Per Scan = 30
* Number of Voltage Words = 4
* Number of Scans Averaged by the Deck Unit = 1
* NMEA baud rate = 4800
** VESSEL/TRIP/SEQ STN:  tel210_2020_088
** LATITUDE XX XX.XX: 53 55.00 N
** LONGITUDE XX XX.XX: 054 30.00 W
** SOUNDING DEPTH (M): 0169
** PROBE TYPE: S1146
** CTD NUMBER: 058
** COMMENTS (14 CHAR): SI-07
** BOTTLES:  0
** LEVELS:
** STICKERS:
** VNET: N
** DO2: N
# nquan = 22
# nvalues = 3925                        
# units = specified
# name 0 = scan: Scan Count
# name 1 = prDM: Pressure, Digiquartz [db]
# name 2 = t090C: Temperature [ITS-90, deg C]
# name 3 = t190C: Temperature, 2 [ITS-90, deg C]
# name 4 = c0S/m: Conductivity [S/m]
# name 5 = c1S/m: Conductivity, 2 [S/m]
# name 6 = sbeox0V: Oxygen raw, SBE 43 [V]
# name 7 = sbeox1V: Oxygen raw, SBE 43, 2 [V]
# name 8 = ph: pH
# name 9 = flECO-AFL: Fluorescence, WET Labs ECO-AFL/FL [mg/m^3]
# name 10 = wetCDOM: Fluorescence, WET Labs CDOM [mg/m^3]
# name 11 = par/sat/log: PAR/Logarithmic, Satlantic [umol photons/m^2/sec]
# name 12 = CStarAt0: Beam Attenuation, WET Labs C-Star [1/m]
# name 13 = CStarTr0: Beam Transmission, WET Labs C-Star [%]
# name 14 = sbeox0ML/L: Oxygen, SBE 43 [ml/l], WS = 2
# name 15 = sbeox1ML/L: Oxygen, SBE 43, 2 [ml/l], WS = 2
# name 16 = sal00: Salinity, Practical [PSU]
# name 17 = sal11: Salinity, Practical, 2 [PSU]
# name 18 = sigma-t00: Density [sigma-t, kg/m^3 ]
# name 19 = sigma-t11: Density, 2 [sigma-t, kg/m^3 ]
# name 20 = oxsatML/L: Oxygen Saturation, Weiss [ml/l]
# name 21 = flag: flag
# span 0 =         23,      13468       
# span 1 =      2.007,    168.051       
# span 2 =    -0.6544,     9.9796       
# span 3 =    -0.6518,     9.9762       
# span 4 =   2.705271,   3.539735       
# span 5 =   2.705693,   3.539438       
# span 6 =     1.8831,     2.6328       
# span 7 =     2.2632,     3.2242       
# span 8 =      7.925,      8.273       
# span 9 =     0.6558,     2.9838       
# span 10 =    -2.8130,   482.1870      
# span 11 = 1.0678e-01, 6.7697e+00      
# span 12 =    -0.1456,     0.1930      
# span 13 =    95.2890,   103.7082      
# span 14 =     6.5172,    10.2043      
# span 15 =     6.6530,    10.8380      
# span 16 =    32.0566,    34.0431      
# span 17 =    32.1442,    34.0459      
# span 18 =    24.8056,    27.2509      
# span 19 =    24.8117,    27.2532      
# span 20 =    6.43146,    8.29202      
# span 21 = 0.0000e+00, 0.0000e+00      
# interval = scans: 3                   
# start_time = Jul 25 2020 08:12:10 [System UTC, header]
# bad_flag = -9.990e-29
*END*
[from data line 198]
       1043     21.929     1.9253     1.9191   2.875893   2.875613     2.4705     3.0440      8.269     0.9838   481.3184 6.1903e-01    -0.0224   100.5612     9.2446     9.8134    32.5379    32.5408    26.0048    26.0076    7.77942 0.0000e+00
       1046     22.010     1.8945     1.8848   2.874841   2.874497     2.4730     3.0464      8.271     0.9838   481.3184 6.1690e-01    -0.0224   100.5612     9.2613     9.8187    32.5565    32.5621    26.0219    26.0272    7.78461 0.0000e+00
       1049     22.087     1.8793     1.8649   2.873952   2.873577     2.4750     3.0493      8.269     0.9838   481.3579 6.0627e-01    -0.0228   100.5702     9.2755     9.8241    32.5609    32.5711    26.0266    26.0358    7.78741 0.0000e+00
       1052     22.167     1.8549     1.8462   2.872122   2.871807     2.4754     3.0522      8.273     1.0156   481.3184 5.9723e-01    -0.0224   100.5612     9.2870     9.8300    32.5632    32.5682    26.0301    26.0347    7.79218 0.0000e+00
       1055     22.246     1.8287     1.8140   2.870656   2.870058     2.4774     3.0546      8.272     1.0262   322.4153 6.0208e-01    -0.0224   100.5612     9.3070     9.8397    32.5719    32.5795    26.0389    26.0461    7.79699 0.0000e+00
       1058     22.326     1.8050     1.7915   2.869262   2.868667     2.4799     3.0570      8.273     1.0156    -2.8130 5.8765e-01    -0.0224   100.5612     9.3288     9.8480    32.5788    32.5853    26.0462    26.0524    7.80138 0.0000e+00
       1061     22.407     1.7522     1.7486   2.864546   2.864271     2.4815     3.0587      8.272     1.0367    -2.5366 5.8156e-01    -0.0228   100.5702     9.3512     9.8632    32.5742    32.5744    26.0462    26.0466    7.81224 0.0000e+00
       1064     22.488     1.6678     1.6753   2.858011   2.858447     2.4835     3.0623      8.273     1.0156    -1.7471 5.8359e-01    -0.0235   100.5883     9.3800     9.8947    32.5794    32.5771    26.0562    26.0539    7.82899 0.0000e+00
       1067     22.574     1.6047     1.6107   2.854317   2.854405     2.4848     3.0635      8.271     1.0262    -1.7471 5.7023e-01    -0.0235   100.5883     9.3994     9.9132    32.5982    32.5932    26.0756    26.0712    7.84077 0.0000e+00
       1070     22.662     1.5705     1.5668   2.851573   2.851149     2.4872     3.0652      8.271     1.0156    -1.7471 5.6368e-01    -0.0235   100.5883     9.4141     9.9287    32.5991    32.5975    26.0787    26.0777    7.84766 0.0000e+00
       1073     22.749     1.5223     1.5146   2.847540   2.846512     2.4884     3.0668      8.271     1.0262    -1.7866 5.7289e-01    -0.0235   100.5883     9.4271     9.9466    32.5981    32.5932    26.0811    26.0776    7.85750 0.0000e+00
       1076     22.840     1.4837     1.4618   2.844022   2.842437     2.4905     3.0688      8.271     1.0156    -1.7471 5.5792e-01    -0.0235   100.5883     9.4412     9.9656    32.5937    32.5965    26.0801    26.0839    7.86559 0.0000e+00
       1079     22.938     1.4000     1.3919   2.836276   2.836065     2.4925     3.0713      8.272     1.0262    -1.8260 5.5852e-01    -0.0235   100.5883     9.4642     9.9932    32.5827    32.5885    26.0768    26.0820    7.88327 0.0000e+00
       1082     23.037     1.2971     1.2985   2.828759   2.828511     2.4941     3.0733      8.272     1.0367     0.4638 5.4510e-01    -0.0202   100.5069     9.4880    10.0253    32.5945    32.5899    26.0930    26.0891    7.90375 0.0000e+00
       1085     23.135     1.1825     1.1887   2.819498   2.819823     2.4949     3.0749      8.273     1.0367     2.0034 5.4447e-01    -0.0184   100.4617     9.5140    10.0614    32.5961    32.5938    26.1015    26.0992    7.92728 0.0000e+00
       1088     23.236     1.0444     1.0583   2.810122   2.810757     2.4949     3.0778      8.273     1.0262     1.9245 5.4077e-01    -0.0191   100.4798     9.5398    10.1062    32.6208    32.6144    26.1298    26.1238    7.95455 0.0000e+00
       1091     23.340     0.9716     0.9681   2.806802   2.806478     2.4974     3.0798      8.272     1.0473     1.9245 5.2353e-01    -0.0181   100.4527     9.5563    10.1350    32.6546    32.6541    26.1614    26.1612    7.96788 0.0000e+00
       1094     23.452     0.9143     0.9063   2.803260   2.803021     2.4982     3.0819      8.269     1.0367     1.9245 5.1690e-01    -0.0184   100.4617     9.5589    10.1526    32.6693    32.6747    26.1766    26.1814    7.97905 0.0000e+00
       1097     23.563     0.8785     0.8697   2.801195   2.801040     2.4986     3.0839      8.269     1.0367     1.9245 5.1569e-01    -0.0184   100.4617     9.5605    10.1614    32.6804    32.6877    26.1876    26.1940    7.98593 0.0000e+00
       1100     23.677     0.8472     0.8434   2.799073   2.799114     2.5006     3.0847      8.266     1.0367     1.9245 4.9295e-01    -0.0188   100.4708     9.5651    10.1603    32.6860    32.6905    26.1939    26.1978    7.99219 0.0000e+00
       1103     23.793     0.8264     0.8231   2.797723   2.797819     2.5010     3.0867      8.265     1.0262     1.9245 4.8558e-01    -0.0138   100.3441     9.5617    10.1611    32.6905    32.6952    26.1987    26.2027    7.99630 0.0000e+00
       1106     23.912     0.8130     0.8065   2.796891   2.796731     2.5010     3.0884      8.265     1.0367     1.9640 4.8222e-01    -0.0130   100.3260     9.5572    10.1597    32.6938    32.6986    26.2022    26.2065    7.99893 0.0000e+00
       1109     24.033     0.8006     0.7903   2.795814   2.795383     2.5019     3.0904      8.263     1.0367     5.3197 4.8558e-01    -0.0134   100.3351     9.5592    10.1602    32.6930    32.6982    26.2022    26.2070    8.00158 0.0000e+00
       1112     24.157     0.7730     0.7688   2.793291   2.793339     2.5031     3.0912      8.263     1.0367     5.7540 4.8055e-01    -0.0137   100.3441     9.5652    10.1576    32.6895    32.6945    26.2010    26.2053    8.00758 0.0000e+00
       1115     24.282     0.7323     0.7298   2.790383   2.790050     2.5019     3.0916      8.260     1.0262     5.7145 4.7670e-01    -0.0134   100.3351     9.5613    10.1601    32.6948    32.6931    26.2076    26.2064    8.01585 0.0000e+00
       1118     24.409     0.6949     0.6857   2.787622   2.787394     2.5031     3.0929      8.260     1.0262     5.7145 4.6525e-01    -0.0130   100.3260     9.5727    10.1681    32.6986    32.7053    26.2128    26.2187    8.02353 0.0000e+00
       1121     24.536     0.6647     0.6543   2.785820   2.785656     2.5043     3.0941      8.262     1.0262     5.7145 4.5778e-01    -0.0112   100.2808     9.5826    10.1699    32.7071    32.7160    26.2213    26.2291    8.02943 0.0000e+00
       1124     24.666     0.6441     0.6369   2.784880   2.784668     2.5035     3.0945      8.261     1.0156     5.7145 4.5095e-01    -0.0029   100.0728     9.5779    10.1666    32.7167    32.7216    26.2302    26.2345    8.03327 0.0000e+00
       1127     24.798     0.6368     0.6283   2.784626   2.784284     2.5047     3.0949      8.261     1.0367     5.7145 4.4221e-01    -0.0018   100.0457     9.5815    10.1595    32.7211    32.7256    26.2341    26.2382    8.03458 0.0000e+00
       1130     24.927     0.6303     0.6220   2.784074   2.783842     2.5047     3.0965      8.259     1.0367     5.7145 4.4270e-01    -0.0018   100.0457     9.5814    10.1579    32.7206    32.7265    26.2341    26.2393    8.03596 0.0000e+00
       1133     25.059     0.6201     0.6120   2.783418   2.783025     2.5059     3.0969      8.258     1.0262     4.6091 4.3159e-01    -0.0022   100.0547     9.5877    10.1540    32.7229    32.7264    26.2365    26.2398    8.03800 0.0000e+00
       1136     25.190     0.6091     0.6018   2.782613   2.782186     2.5055     3.0977      8.258     1.0367    -0.8785 4.3307e-01    -0.0018   100.0457     9.5841    10.1535    32.7241    32.7263    26.2381    26.2403    8.04027 0.0000e+00
       1139     25.321     0.5984     0.5906   2.781756   2.781437     2.5055     3.0986      8.256     1.0262    -0.7996 4.2268e-01    -0.0022   100.0547     9.5836    10.1515    32.7242    32.7283    26.2387    26.2425    8.04252 0.0000e+00
       1142     25.451     0.5842     0.5772   2.780820   2.780601     2.5067     3.0981      8.256     1.0262    -0.7996 4.0921e-01    -0.0004   100.0095     9.5827    10.1440    32.7271    32.7316    26.2419    26.2459    8.04539 0.0000e+00
       1145     25.579     0.5725     0.5635   2.780278   2.779902     2.5067     3.0986      8.254     1.0156    -0.7996 4.1064e-01     0.0025    99.9372     9.5760    10.1413    32.7323    32.7370    26.2467    26.2510    8.04757 0.0000e+00
       1148     25.707     0.5578     0.5494   2.779405   2.778993     2.5059     3.0990      8.254     1.0156    -0.7996 4.1016e-01     0.0014    99.9643     9.5711    10.1380    32.7365    32.7401    26.2509    26.2542    8.05046 0.0000e+00
       1151     25.837     0.5338     0.5247   2.777459   2.777252     2.5063     3.0990      8.255     1.0262    -0.7996 3.9710e-01     0.0018    99.9553     9.5734    10.1332    32.7367    32.7436    26.2523    26.2584    8.05556 0.0000e+00
       1154     25.965     0.5146     0.5037   2.776788   2.776278     2.5076     3.0994      8.252     1.0262    -0.7996 3.9301e-01     0.0018    99.9553     9.5774    10.1302    32.7482    32.7532    26.2626    26.2672    8.05900 0.0000e+00
       1157     26.091     0.5082     0.4987   2.776615   2.776312     2.5071     3.0994      8.252     1.0367    -0.7996 3.9119e-01     0.0018    99.9553     9.5692    10.1241    32.7527    32.7589    26.2666    26.2721    8.06012 0.0000e+00
       1160     26.216     0.4960     0.4903   2.775680   2.775540     2.5063     3.0994      8.252     1.0262   210.6502 3.8356e-01     0.0018    99.9553     9.5632    10.1203    32.7534    32.7577    26.2678    26.2716    8.06267 0.0000e+00
       1163     26.336     0.4808     0.4742   2.774422   2.774206     2.5071     3.0990      8.252     1.0262   482.1870 3.8230e-01     0.0054    99.8648     9.5622    10.1148    32.7532    32.7574    26.2685    26.2722    8.06593 0.0000e+00
       1166     26.456     0.4603     0.4530   2.772920   2.772711     2.5051     3.0990      8.252     1.0156   481.2001 3.6288e-01     0.0079    99.8015     9.5503    10.1122    32.7553    32.7604    26.2713    26.2757    8.07018 0.0000e+00
       1169     26.569     0.4372     0.4305   2.771167   2.771014     2.5051     3.0990      8.250     1.0367   481.3579 3.6792e-01     0.0079    99.8015     9.5556    10.1084    32.7570    32.7621    26.2739    26.2784    8.07501 0.0000e+00
       1172     26.683     0.4170     0.4099   2.769712   2.769618     2.5063     3.0981      8.250     1.0262   481.3579 3.5703e-01     0.0079    99.8015     9.5608    10.1043    32.7594    32.7658    26.2769    26.2824    8.07918 0.0000e+00
       1175     26.794     0.4029     0.3911   2.768347   2.767868     2.5059     3.0969      8.249     1.0262   481.3579 3.6330e-01     0.0079    99.8015     9.5546    10.0986    32.7566    32.7629    26.2753    26.2810    8.08235 0.0000e+00
       1178     26.901     0.3846     0.3736   2.766985   2.766651     2.5051     3.0977      8.249     1.0156   481.3579 3.4494e-01     0.0079    99.8015     9.5506    10.1013    32.7583    32.7656    26.2776    26.2841    8.08618 0.0000e+00
       1181     27.005     0.3726     0.3622   2.766728   2.766281     2.5047     3.0977      8.247     1.0367   481.3579 3.3698e-01     0.0083    99.7925     9.5510    10.0955    32.7677    32.7729    26.2858    26.2906    8.08824 0.0000e+00
       1184     27.105     0.3667     0.3585   2.766656   2.766271     2.5043     3.0969      8.247     1.1002   481.3579 3.3349e-01     0.0141    99.6478     9.5433    10.0854    32.7729    32.7766    26.2904    26.2938    8.08921 0.0000e+00
       1187     27.203     0.3611     0.3547   2.766422   2.766074     2.5031     3.0953      8.248     1.0791   139.5089 3.4328e-01     0.0149    99.6297     9.5337    10.0736    32.7757    32.7780    26.2929    26.2951    8.09024 0.0000e+00
       1190     27.296     0.3599     0.3513   2.766375   2.765949     2.5039     3.0941      8.246     1.0897     0.3453 3.2440e-01     0.0149    99.6297     9.5343    10.0597    32.7764    32.7799    26.2936    26.2968    8.09047 0.0000e+00
       1193     27.388     0.3598     0.3473   2.766208   2.765593     2.5035     3.0941      8.248     1.1002     5.0038 3.2705e-01     0.0149    99.6297     9.5248    10.0546    32.7743    32.7796    26.2918    26.2968    8.09061 0.0000e+00
       1196     27.479     0.3541     0.3404   2.765698   2.765108     2.5023     3.0941      8.243     1.0897     4.7670 3.2286e-01     0.0152    99.6207     9.5162    10.0513    32.7736    32.7805    26.2916    26.2978    8.09186 0.0000e+00
       1199     27.564     0.3441     0.3329   2.765190   2.764642     2.5015     3.0929      8.243     1.0897     4.7670 3.1330e-01     0.0149    99.6297     9.5121    10.0375    32.7776    32.7823    26.2953    26.2997    8.09378 0.0000e+00
       1202     27.650     0.3361     0.3261   2.764676   2.764184     2.5015     3.0925      8.245     1.1108     4.7670 3.1439e-01     0.0163    99.5935     9.5116    10.0276    32.7793    32.7836    26.2971    26.3011    8.09540 0.0000e+00
       1205     27.734     0.3290     0.3202   2.764213   2.763895     2.5010     3.0900      8.243     1.1108     4.7670 3.1007e-01     0.0199    99.5031     9.5055    10.0120    32.7808    32.7860    26.2987    26.3034    8.09684 0.0000e+00
       1208     27.818     0.3224     0.3159   2.763853   2.763559     2.4986     3.0896      8.243     1.1320     4.7670 3.1224e-01     0.0195    99.5122     9.4921    10.0073    32.7831    32.7862    26.3009    26.3037    8.09814 0.0000e+00
       1211     27.901     0.3168     0.3097   2.763534   2.763146     2.4994     3.0884      8.243     1.1849     4.7275 3.0407e-01     0.0188    99.5303     9.4941     9.9951    32.7849    32.7874    26.3026    26.3050    8.09924 0.0000e+00
       1214     27.983     0.3092     0.3027   2.763023   2.762749     2.4986     3.0863      8.243     1.1849     4.1353 2.9713e-01     0.0199    99.5031     9.4900     9.9796    32.7862    32.7896    26.3041    26.3072    8.10079 0.0000e+00
       1217     28.067     0.3024     0.2963   2.762499   2.762265     2.4982     3.0867      8.243     1.1955     4.0564 3.0055e-01     0.0192    99.5212     9.4891     9.9747    32.7866    32.7900    26.3047    26.3078    8.10223 0.0000e+00
       1220     28.151     0.2921     0.2865   2.761650   2.761469     2.4974     3.0847      8.240     1.1955     4.0959 3.0301e-01     0.0192    99.5212     9.4869     9.9642    32.7864    32.7901    26.3051    26.3083    8.10445 0.0000e+00
       1223     28.236     0.2755     0.2708   2.760386   2.760197     2.4962     3.0823      8.241     1.1743     4.0564 2.9538e-01     0.0214    99.4669     9.4810     9.9546    32.7876    32.7901    26.3069    26.3092    8.10796 0.0000e+00
       1226     28.321     0.2624     0.2557   2.759592   2.759334     2.4954     3.0815      8.240     1.1955     4.0564 2.9572e-01     0.0247    99.3856     9.4771     9.9506    32.7911    32.7949    26.3104    26.3138    8.11057 0.0000e+00
       1229     28.407     0.2552     0.2440   2.758923   2.758487     2.4945     3.0798      8.238     1.1743     4.0564 2.9434e-01     0.0243    99.3946     9.4697     9.9419    32.7900    32.7963    26.3098    26.3154    8.11219 0.0000e+00
       1232     28.498     0.2376     0.2314   2.757755   2.757540     2.4937     3.0790      8.238     1.1849     4.0564 2.8863e-01     0.0243    99.3946     9.4641     9.9333    32.7935    32.7972    26.3136    26.3169    8.11579 0.0000e+00
       1235     28.589     0.2237     0.2164   2.756865   2.756475     2.4941     3.0758      8.238     1.1849     4.0564 2.8335e-01     0.0243    99.3946     9.4610     9.9188    32.7966    32.7993    26.3167    26.3193    8.11860 0.0000e+00
