Datasets/AZMP/TEL210/tel210_2020_001.cnv
* Sea-Bird SBE 9 Data File:
* FileName = C:\CTDDATA\tel210_2020_001.hex
* Software Version Seasave V 7.26.7.110
* Temperature SN = 1697
* Conductivity SN = 4216
* Number of Bytes Per Scan = 30
* Number of Voltage Words = 4
* Number of Scans Averaged by the Deck Unit = 1
* NMEA baud rate = 4800
** VESSEL/TRIP/SEQ STN:  tel210_2020_001
** LATITUDE XX XX.XX: 47 32.80 N
** LONGITUDE XX XX.XX: 052 35.20 W
** SOUNDING DEPTH (M): 0176
** PROBE TYPE: S1146
** CTD NUMBER: 001
** COMMENTS (14 CHAR): S27-01
** BOTTLES:  10
** LEVELS: 5,10,20,30,40,50,75,100,150,BTM
** STICKERS: 435734 - 435743
** VNET: y
** DO2: n
# nquan = 22
# nvalues = 4378                        
# units = specified
# name 0 = scan: Scan Count
# name 1 = prDM: Pressure, Digiquartz [db]
# name 2 = t090C: Temperature [ITS-90, deg C]
# name 3 = t190C: Temperature, 2 [ITS-90, deg C]
# name 4 = c0S/m: Conductivity [S/m]
# name 5 = c1S/m: Conductivity, 2 [S/m]
# name 6 = sbeox0V: Oxygen raw, SBE 43 [V]
# name 7 = sbeox1V: Oxygen raw, SBE 43, 2 [V]
# name 8 = ph: pH
# name 9 = flECO-AFL: Fluorescence, WET Labs ECO-AFL/FL [mg/m^3]
# name 10 = wetCDOM: Fluorescence, WET Labs CDOM [mg/m^3]
# name 11 = par/sat/log: PAR/Logarithmic, Satlantic [umol photons/m^2/sec]
# name 12 = CStarAt0: Beam Attenuation, WET Labs C-Star [1/m]
# name 13 = CStarTr0: Beam Transmission, WET Labs C-Star [%]
# name 14 = sbeox0ML/L: Oxygen, SBE 43 [ml/l], WS = 2
# name 15 = sbeox1ML/L: Oxygen, SBE 43, 2 [ml/l], WS = 2
# name 16 = sal00: Salinity, Practical [PSU]
# name 17 = sal11: Salinity, Practical, 2 [PSU]
# name 18 = sigma-t00: Density [sigma-t, kg/m^3 ]
# name 19 = sigma-t11: Density, 2 [sigma-t, kg/m^3 ]
# name 20 = oxsatML/L: Oxygen Saturation, Weiss [ml/l]
# name 21 = flag: flag
# span 0 =         37,      46305       
# span 1 =      0.604,    171.436       
# span 2 =    -1.6201,    11.6687       
# span 3 =    -1.6261,    11.6636       
# span 4 =   2.603934,   3.630165       
# span 5 =   2.603592,   3.629673       
# span 6 =     1.8315,     2.3990       
# span 7 =     2.2116,     2.9449       
# span 8 =      7.689,      8.031       
# span 9 =    -0.6019,     3.4375       
# span 10 =    -2.8130,   482.1870      
# span 11 = 1.0703e-01, 1.8046e+01      
# span 12 =    -0.1717,     0.0855      
# span 13 =    97.8844,   104.3864      
# span 14 =     6.0537,     8.6875      
# span 15 =     5.9858,     9.1284      
# span 16 =    31.1842,    33.1516      
# span 17 =    31.5092,    33.1516      
# span 18 =    23.6952,    26.6415      
# span 19 =    24.0330,    26.6417      
# span 20 =    6.22166,    8.53930      
# span 21 = 0.0000e+00, 0.0000e+00      
# interval = scans: 3                   
# start_time = Jul 14 2020 22:33:27 [System UTC, header]
# bad_flag = -9.990e-29
*END*
[from data line 4280]
      42416      6.181     9.1848     8.7589   3.425643   3.392891     2.3847     2.9103      7.969     0.6191    -0.6022 3.5431e+00     0.0730    98.1919     6.8982     7.3913    31.8175    31.8596    24.5984    24.6966    6.56544 0.0000e+00
      42419      6.100     9.2784     9.1069   3.430869   3.420075     2.3803     2.9079      7.969     0.6292    -0.6811 3.6345e+00     0.0726    98.2009     6.8402     7.2885    31.7878    31.8296    24.5606    24.6200    6.55288 0.0000e+00
      42422      6.018     9.2009     9.2319   3.423528   3.426534     2.3754     2.9051      7.969     0.6191    -0.6811 3.6470e+00     0.0726    98.2009     6.8117     7.2229    31.7813    31.7847    24.5676    24.5655    6.56456 0.0000e+00
      42425      5.938     9.6258     9.3072   3.462483   3.434127     2.3709     2.9026      7.968     0.6394    -0.6811 3.6302e+00     0.0726    98.2009     6.7187     7.1613    31.8034    31.7958    24.5176    24.5623    6.50162 0.0000e+00
      42428      5.861    10.0440     9.4219   3.500294   3.443384     2.3660     2.8993      7.967     0.6191    -0.6811 3.5350e+00     0.0730    98.1919     6.6334     7.0934    31.8176    31.7889    24.4606    24.5389    6.44097 0.0000e+00
      42431      5.792    10.6991     9.5775   3.565066   3.457540     2.3603     2.8945      7.964     0.6292    -0.6811 3.5351e+00     0.0715    98.2280     6.5191     7.0158    31.8925    31.7957    24.4086    24.5194    6.34594 0.0000e+00
      42434      5.728    11.0816     9.7217   3.587777   3.468507     2.3554     2.8867      7.958     0.4867     1.1349 3.6768e+00     0.0638    98.4179     6.4595     6.9382    31.7849    31.7799    24.2586    24.4839    6.29750 0.0000e+00
      42437      5.675    11.1384     9.9926   3.588779   3.498630     2.3514     2.8766      7.961     0.4562     4.8459 3.8020e+00     0.0642    98.4089     6.4481     6.8421    31.7457    31.8461    24.2182    24.4911    6.29129 0.0000e+00
      42440      5.632    11.1575    10.5679   3.591465   3.543574     2.3481     2.8648      7.961     0.4664     4.6880 3.8463e+00     0.0642    98.4089     6.4473     6.7180    31.7556    31.7931    24.2226    24.3538    6.28830 0.0000e+00
      42443      5.594    11.2073    10.5299   3.591269   3.529765     2.3432     2.8558      7.958     0.4562     4.6485 3.9364e+00     0.0638    98.4179     6.4400     6.6963    31.7108    31.6885    24.1789    24.2788    6.28329 0.0000e+00
      42446      5.564    11.1791    10.1376   3.590630   3.498000     2.3400     2.8468      7.958     0.4562     4.6485 3.9774e+00     0.0638    98.4179     6.4487     6.7266    31.7288    31.7126    24.1979    24.3634    6.28641 0.0000e+00
      42449      5.541    11.2384     9.9794   3.593312   3.489167     2.3367     2.8387      7.958     0.4460     4.6485 4.0284e+00     0.0638    98.4179     6.4501     6.7376    31.7041    31.7624    24.1682    24.4283    6.27933 0.0000e+00
      42493      5.507    10.5297     9.4830   3.537279   3.447754     2.3221     2.8147      7.960     0.5173   480.7263 3.9545e+00     0.0499    98.7616     6.7507     7.2254    31.7636    31.7797    24.3374    24.5219    6.37460 0.0000e+00
      42496      5.482    10.5280     9.5526   3.533679   3.449085     2.3241     2.8159      7.960     0.5173   481.0026 3.9408e+00     0.0506    98.7435     6.7612     7.2141    31.7292    31.7315    24.3109    24.4733    6.37623 0.0000e+00
      42499      5.448    10.5105     9.7398   3.529271   3.463731     2.3249     2.8179      7.960     0.5173   481.0026 3.9362e+00     0.0506    98.7435     6.7660     7.1788    31.7006    31.7155    24.2915    24.4307    6.37983 0.0000e+00
      42502      5.412    10.4765     9.6885   3.528638   3.461822     2.3269     2.8200      7.960     0.5275   481.0026 3.9499e+00     0.0506    98.7435     6.7719     7.1765    31.7238    31.7414    24.3154    24.4592    6.38365 0.0000e+00
      42505      5.374    10.4931     9.6448   3.528371   3.458873     2.3282     2.8212      7.960     0.5173   481.0026 3.8910e+00     0.0506    98.7435     6.7656     7.1665    31.7067    31.7500    24.2993    24.4729    6.38201 0.0000e+00
      42508      5.335    10.4370     9.5923   3.524330   3.457767     2.3286     2.8204      7.960     0.5173   481.0026 3.8374e+00     0.0506    98.7435     6.7636     7.1493    31.7153    31.7851    24.3154    24.5087    6.38954 0.0000e+00
      42511      5.295    10.3893     9.6866   3.522387   3.469466     2.3274     2.8196      7.961     0.5071   481.0026 3.8197e+00     0.0506    98.7435     6.7490     7.1066    31.7375    31.8209    24.3407    24.5215    6.39533 0.0000e+00
      42514      5.256    10.4080     9.8603   3.526200   3.486292     2.3278     2.8179      7.961     0.4664   481.0026 3.7758e+00     0.0418    98.9606     6.7275     7.0490    31.7593    31.8383    24.3546    24.5070    6.39183 0.0000e+00
      42517      5.223    10.5115    10.0742   3.535600   3.489217     2.3278     2.8163      7.960     0.4562   481.0026 3.8064e+00     0.0407    98.9877     6.6918     6.9945    31.7629    31.6798    24.3399    24.3483    6.37717 0.0000e+00
      42520      5.196    10.5832    10.1397   3.540828   3.502395     2.3274     2.8159      7.960     0.4460   481.0026 3.8418e+00     0.0407    98.9877     6.6607     6.9594    31.7526    31.7551    24.3197    24.3962    6.36758 0.0000e+00
      43599      5.171    11.2248    10.9853   3.591853   3.573262     2.3049     2.7772      7.981     0.2731   322.9286 4.2386e+00     0.0291    99.2771     6.4313     6.7337    31.7015    31.7253    24.1686    24.2291    6.28128 0.0000e+00
      44004      5.130    11.2660    11.0338   3.595988   3.572758     2.3086     2.7878      7.990     0.2934   441.9578 4.2483e+00     0.0298    99.2590     6.4462     6.7719    31.7067    31.6785    24.1654    24.1843    6.27547 0.0000e+00
      44007      5.098    11.2516    10.9854   3.594665   3.568863     2.3062     2.7854      7.990     0.3138    24.3091 4.2779e+00     0.0280    99.3042     6.4473     6.7721    31.7061    31.6818    24.1675    24.1953    6.27744 0.0000e+00
      45233      5.068    11.3280    11.0223   3.603276   3.575997     2.3070     2.7886      8.002     0.2833     4.7670 4.2436e+00     0.0228    99.4308     6.4781     6.7907    31.7248    31.7203    24.1684    24.2187    6.26637 0.0000e+00
      45848      5.020    11.4662    11.1353   3.614509   3.586789     2.3078     2.7910      8.008     0.2833     8.5570 4.1706e+00     0.0188    99.5303     6.4791     6.7830    31.7159    31.7291    24.1368    24.2058    6.24804 0.0000e+00
      45851      4.970    11.4501    11.1935   3.610886   3.591319     2.3061     2.7906      8.008     0.2934     8.5570 4.2044e+00     0.0188    99.5303     6.4772     6.7721    31.6944    31.7234    24.1230    24.1911    6.25106 0.0000e+00
      45854      4.918    11.4586    11.2613   3.612148   3.596996     2.3066     2.7882      8.008     0.2934     8.5570 4.1513e+00     0.0188    99.5303     6.4775     6.7579    31.6995    31.7207    24.1254    24.1771    6.24971 0.0000e+00
      45857      4.864    11.4382    11.3208   3.608814   3.601778     2.3057     2.7861      8.008     0.2833     8.5570 4.1657e+00     0.0188    99.5303     6.4781     6.7453    31.6844    31.7165    24.1173    24.1632    6.25305 0.0000e+00
      45860      4.810    11.4037    11.3489   3.608063   3.604513     2.3041     2.7861      8.008     0.2731     8.5570 4.1946e+00     0.0188    99.5303     6.4766     6.7351    31.7067    31.7191    24.1408    24.1602    6.25683 0.0000e+00
      45863      4.753    11.4362    11.3731   3.613526   3.606413     2.3037     2.7845      8.008     0.2222    41.0877 4.1995e+00     0.0188    99.5303     6.4718     6.7146    31.7322    31.7168    24.1548    24.1542    6.25145 0.0000e+00
      45866      4.695    11.4958    11.3957   3.617553   3.608318     2.3037     2.7857      8.008     0.2120   452.3408 4.1608e+00     0.0188    99.5303     6.4670     6.6993    31.7203    31.7161    24.1349    24.1496    6.24388 0.0000e+00
      45869      4.634    11.5171    11.4150   3.618683   3.610861     2.3033     2.7833      8.006     0.2324   481.6343 4.2535e+00     0.0188    99.5303     6.4651     6.6740    31.7131    31.7244    24.1255    24.1526    6.24130 0.0000e+00
      45872      4.575    11.5452    11.4512   3.621174   3.613204     2.3021     2.7812      8.008     0.2222   480.8447 4.3983e+00     0.0188    99.5303     6.4603     6.6453    31.7134    31.7162    24.1206    24.1397    6.23752 0.0000e+00
      45875      4.516    11.5568    11.4760   3.621529   3.615449     2.3017     2.7841      8.008     0.2324   481.0026 4.4965e+00     0.0188    99.5303     6.4611     6.6358    31.7069    31.7168    24.1135    24.1358    6.23622 0.0000e+00
      45878      4.456    11.5615    11.5124   3.621985   3.618485     2.3009     2.7853      8.008     0.2120   481.0026 4.6225e+00     0.0188    99.5303     6.4612     6.6175    31.7073    31.7153    24.1130    24.1280    6.23557 0.0000e+00
      45881      4.396    11.5583    11.5137   3.621405   3.616369     2.3009     2.7808      8.006     0.2120   481.0026 4.7200e+00     0.0188    99.5303     6.4672     6.5763    31.7045    31.6936    24.1114    24.1109    6.23611 0.0000e+00
      45884      4.337    11.5584    11.5092   3.621648   3.617837     2.3000     2.7727      8.008     0.2018   481.0026 4.9093e+00     0.0188    99.5303     6.4680     6.5159    31.7068    31.7118    24.1131    24.1258    6.23600 0.0000e+00
      45887      4.275    11.5659    11.5446   3.622491   3.620057     2.3005     2.7670      8.008     0.2120   481.0026 4.9890e+00     0.0181    99.5484     6.4718     6.4730    31.7086    31.7031    24.1132    24.1127    6.23493 0.0000e+00
      45890      4.218    11.5693    11.5376   3.622201   3.619740     2.3000     2.7621      8.008     0.1510   481.0026 5.1175e+00     0.0167    99.5845     6.4744     6.4394    31.7029    31.7060    24.1081    24.1163    6.23470 0.0000e+00
      45893      4.159    11.5616    11.5411   3.621449   3.619474     2.3000     2.7597      8.006     0.1510   481.0026 5.2131e+00     0.0174    99.5664     6.4803     6.4091    31.7021    31.7004    24.1089    24.1113    6.23575 0.0000e+00
      45896      4.103    11.5713    11.5103   3.622922   3.616725     2.3009     2.7544      8.008     0.1713   481.0026 5.3105e+00     0.0174    99.5664     6.4857     6.3666    31.7082    31.7001    24.1119    24.1166    6.23422 0.0000e+00
      45899      4.047    11.5790    11.5005   3.623296   3.617011     2.3000     2.7524      8.006     0.1713   481.0026 5.3535e+00     0.0177    99.5574     6.4848     6.2819    31.7053    31.7113    24.1083    24.1271    6.23330 0.0000e+00
      45902      3.994    11.5740    11.4993   3.622326   3.616847     2.3005     2.7454      8.006     0.1510   481.0026 5.4033e+00     0.0174    99.5664     6.4897     6.1905    31.7001    31.7107    24.1052    24.1268    6.23418 0.0000e+00
      45905      3.939    11.5654    11.5063   3.621694   3.617693     2.3013     2.7279      8.008     0.1612   481.0026 5.2615e+00     0.0174    99.5664     6.4957     6.1219    31.7014    31.7130    24.1077    24.1274    6.23528 0.0000e+00
      45908      3.885    11.5523    11.5361   3.620345   3.619663     2.3005     2.7235      8.008     0.1510   481.0421 5.3290e+00     0.0188    99.5303     6.4963     6.1202    31.6995    31.7067    24.1085    24.1171    6.23711 0.0000e+00
      45911      3.831    11.5329    11.5404   3.619164   3.619751     2.3009     2.7292      8.006     0.1612   481.0026 5.3908e+00     0.0188    99.5303     6.5002     6.1596    31.7046    31.7039    24.1160    24.1141    6.23951 0.0000e+00
      45914      3.774    11.5190    11.5426   3.617202   3.619887     2.3021     2.7174      8.008     0.1510   481.0026 5.3227e+00     0.0184    99.5393     6.5062     6.1354    31.6974    31.7034    24.1129    24.1133    6.24166 0.0000e+00
      45917      3.718    11.5047    11.5380   3.615900   3.619609     2.3013     2.7100      8.008     0.1713   215.1903 5.3412e+00     0.0188    99.5303     6.5030     6.1366    31.6970    31.7046    24.1152    24.1151    6.24360 0.0000e+00
      45920      3.662    11.4920    11.5363   3.615729   3.619506     2.3017     2.6868      8.008     0.1510    -0.7601 5.4284e+00     0.0188    99.5303     6.5044     6.1053    31.7063    31.7051    24.1247    24.1159    6.24495 0.0000e+00
      45923      3.607    11.4892    11.5344   3.615191   3.619485     2.3021     2.6295      8.008     0.1510     5.5171 5.6611e+00     0.0184    99.5393     6.5033     5.9858    31.7034    31.7065    24.1229    24.1173    6.24543 0.0000e+00
      45926      3.550    11.4759    11.5380   3.613606   3.619724     2.3021     2.6392      8.008     0.1612     5.2407 5.7331e+00     0.0192    99.5212     6.5028     6.0559    31.6994    31.7058    24.1222    24.1160    6.24739 0.0000e+00
      45929      3.490    11.4520    11.5397   3.612673   3.620176     2.3025     2.6681      8.008     0.1815     5.2407 5.5618e+00     0.0210    99.4760     6.5041     6.1758    31.7108    31.7087    24.1354    24.1180    6.25016 0.0000e+00
      45932      3.432    11.4601    11.5408   3.613392   3.620018     2.3025     2.6799      8.008     0.1612     5.2407 5.6853e+00     0.0203    99.4941     6.4992     6.2490    31.7109    31.7063    24.1340    24.1159    6.24906 0.0000e+00
      45935      3.376    11.4584    11.5425   3.612796   3.619811     2.3017     2.6775      8.008     0.1713     5.2407 5.6658e+00     0.0203    99.4941     6.4925     6.3013    31.7065    31.7028    24.1309    24.1129    6.24945 0.0000e+00
      45938      3.316    11.4650    11.5431   3.614034   3.620129     2.3017     2.6595      8.008     0.1510     5.2407 5.5618e+00     0.0203    99.4941     6.4868     6.3169    31.7130    31.7055    24.1348    24.1149    6.24832 0.0000e+00
      45941      3.260    11.5116    11.5604   3.618261   3.622442     2.3013     2.6681      8.008     0.1815     5.2407 6.0685e+00     0.0206    99.4850     6.4760     6.4014    31.7143    31.7132    24.1274    24.1177    6.24199 0.0000e+00
      45944      3.203    11.5023    11.5730   3.616554   3.622264     2.3013     2.6706      8.008     0.2018    10.8467 6.2236e+00     0.0206    99.4850     6.4752     6.4667    31.7056    31.7007    24.1223    24.1058    6.24358 0.0000e+00
      45947      3.143    11.5032    11.5714   3.616996   3.622478     2.3005     2.6710      8.008     0.1815    11.7943 6.0590e+00     0.0199    99.5031     6.4700     6.4790    31.7092    31.7042    24.1250    24.1088    6.24333 0.0000e+00
      45950      3.085    11.5152    11.5759   3.618765   3.622661     2.3009     2.6543      8.008     0.1917    11.7548 6.3604e+00     0.0188    99.5303     6.4690     6.3871    31.7162    31.7021    24.1282    24.1063    6.24144 0.0000e+00
      45953      3.021    11.5560    11.5723   3.622709   3.621941     2.2996     2.6555      8.008     0.1917    11.7548 6.3454e+00     0.0188    99.5303     6.4585     6.3693    31.7196    31.6982    24.1236    24.1039    6.23582 0.0000e+00
      45956      2.954    11.5900    11.5575   3.624647   3.621302     2.2996     2.6673      8.008     0.1815    11.7943 6.3235e+00     0.0188    99.5303     6.4560     6.4085    31.7094    31.7047    24.1095    24.1117    6.23166 0.0000e+00
      45959      2.889    11.6142    11.5704   3.626584   3.622768     2.2984     2.6722      8.008     0.2018    11.7943 6.3306e+00     0.0188    99.5303     6.4494     6.4298    31.7076    31.7080    24.1037    24.1119    6.22849 0.0000e+00
      45962      2.820    11.6201    11.5984   3.626821   3.625692     2.2980     2.6718      8.008     0.1917    11.7943 6.2363e+00     0.0188    99.5303     6.4475     6.4225    31.7049    31.7125    24.1005    24.1103    6.22781 0.0000e+00
