Datasets/AZMP/TEL210/tel210_2020_081.cnv
* Sea-Bird SBE 9 Data File:
* FileName = C:\CTDDATA\tel210_2020_081.hex
* Software Version Seasave V 7.26.7.110
* Temperature SN = 1697
* Conductivity SN = 4216
* Number of Bytes Per Scan = 30
* Number of Voltage Words = 4
* Number of Scans Averaged by the Deck Unit = 1
* NMEA baud rate = 4800
** VESSEL/TRIP/SEQ STN:  TEL210_2020_081
** LATITUDE XX XX.XX: 53 14.00 N
** LONGITUDE XX XX.XX: 55 39.00 W
** SOUNDING DEPTH (M): 0073
** PROBE TYPE: S1146
** CTD NUMBER: 051
** COMMENTS (14 CHAR): SI-01
** BOTTLES:  7
** LEVELS: 5,10,20,30,40,50,BTM
** STICKERS: 436114 - 436120
** VNET: Y
** DO2: N
# nquan = 22
# nvalues = 2168                        
# units = specified
# name 0 = scan: Scan Count
# name 1 = prDM: Pressure, Digiquartz [db]
# name 2 = t090C: Temperature [ITS-90, deg C]
# name 3 = t190C: Temperature, 2 [ITS-90, deg C]
# name 4 = c0S/m: Conductivity [S/m]
# name 5 = c1S/m: Conductivity, 2 [S/m]
# name 6 = sbeox0V: Oxygen raw, SBE 43 [V]
# name 7 = sbeox1V: Oxygen raw, SBE 43, 2 [V]
# name 8 = ph: pH
# name 9 = flECO-AFL: Fluorescence, WET Labs ECO-AFL/FL [mg/m^3]
# name 10 = wetCDOM: Fluorescence, WET Labs CDOM [mg/m^3]
# name 11 = par/sat/log: PAR/Logarithmic, Satlantic [umol photons/m^2/sec]
# name 12 = CStarAt0: Beam Attenuation, WET Labs C-Star [1/m]
# name 13 = CStarTr0: Beam Transmission, WET Labs C-Star [%]
# name 14 = sbeox0ML/L: Oxygen, SBE 43 [ml/l], WS = 2
# name 15 = sbeox1ML/L: Oxygen, SBE 43, 2 [ml/l], WS = 2
# name 16 = sal00: Salinity, Practical [PSU]
# name 17 = sal11: Salinity, Practical, 2 [PSU]
# name 18 = sigma-t00: Density [sigma-t, kg/m^3 ]
# name 19 = sigma-t11: Density, 2 [sigma-t, kg/m^3 ]
# name 20 = oxsatML/L: Oxygen Saturation, Weiss [ml/l]
# name 21 = flag: flag
# span 0 =        106,      27423       
# span 1 =      0.825,     67.834       
# span 2 =    -0.0740,    10.5974       
# span 3 =    -0.1082,    10.5905       
# span 4 =   2.690573,   3.163355       
# span 5 =   2.688393,   3.162035       
# span 6 =     2.2101,     2.4386       
# span 7 =     2.6956,     2.9779       
# span 8 =      7.983,      8.170       
# span 9 =     0.7510,     2.7828       
# span 10 =    -2.8130,   482.1870      
# span 11 = 1.0715e-01, 1.0957e+02      
# span 12 =    -0.1183,     0.2143      
# span 13 =    94.7826,   103.0028      
# span 14 =     7.0795,     8.9878      
# span 15 =     6.8367,     9.5498      
# span 16 =    27.9159,    32.2192      
# span 17 =    27.9721,    32.2257      
# span 18 =    21.3667,    25.8650      
# span 19 =    21.4029,    25.8718      
# span 20 =    6.51786,    8.21554      
# span 21 = 0.0000e+00, 0.0000e+00      
# interval = scans: 3                   
# start_time = Jul 24 2020 20:14:18 [System UTC, header]
# bad_flag = -9.990e-29
*END*
[from data line 1844]
      21219     19.691     1.9327     1.9263   2.780759   2.780098     2.3384     2.8436      8.085     1.0050     0.3848 8.0294e-01    -0.0859   102.1708     8.4991     8.8876    31.3468    31.3449    25.0504    25.0494    7.84060 0.0000e+00
      21223     19.661     1.9345     1.9270   2.781304   2.780100     2.3380     2.8444      8.086     1.0156     0.3848 8.0852e-01    -0.0859   102.1708     8.5001     8.8899    31.3517    31.3443    25.0542    25.0488    7.83997 0.0000e+00
      21251     19.491     1.9466     1.9716   2.781648   2.782960     2.3409     2.8489      8.086     1.0156     2.4377 8.1794e-01    -0.0835   102.1075     8.5362     8.9153    31.3442    31.3357    25.0474    25.0389    7.83794 0.0000e+00
      21264     19.409     1.9641     1.9909   2.783072   2.783850     2.3417     2.8513      8.086     1.0473     2.2798 8.1700e-01    -0.0849   102.1437     8.5372     8.9221    31.3445    31.3277    25.0464    25.0311    7.83438 0.0000e+00
      21267     19.384     1.9681     1.9920   2.783093   2.783760     2.3421     2.8529      8.086     1.0473     2.2798 8.0572e-01    -0.0856   102.1618     8.5386     8.9261    31.3408    31.3254    25.0432    25.0292    7.83377 0.0000e+00
      21270     19.355     1.9714     1.9900   2.783221   2.783685     2.3409     2.8538      8.086     1.0473     2.2798 8.1041e-01    -0.0856   102.1618     8.5316     8.9265    31.3391    31.3265    25.0416    25.0302    7.83319 0.0000e+00
      21273     19.319     1.9762     1.9899   2.783352   2.783534     2.3421     2.8538      8.086     1.0473     2.2798 8.0758e-01    -0.0856   102.1618     8.5378     8.9254    31.3360    31.3247    25.0388    25.0288    7.83239 0.0000e+00
      21276     19.274     1.9825     1.9897   2.783497   2.783408     2.3433     2.8538      8.086     1.0579     2.2798 8.0386e-01    -0.0856   102.1618     8.5386     8.9242    31.3316    31.3234    25.0349    25.0278    7.83135 0.0000e+00
      21279     19.222     1.9880     1.9885   2.783690   2.783384     2.3421     2.8550      8.086     1.0367     2.1614 8.0293e-01    -0.0856   102.1618     8.5339     8.9262    31.3286    31.3243    25.0321    25.0286    7.83041 0.0000e+00
      21282     19.163     1.9928     1.9886   2.783907   2.783296     2.3429     2.8550      8.086     1.0367     1.5692 8.0293e-01    -0.0845   102.1347     8.5416     8.9255    31.3266    31.3232    25.0301    25.0277    7.82955 0.0000e+00
      21285     19.095     1.9973     1.9897   2.783995   2.783305     2.3425     2.8554      8.086     1.0367     1.5692 8.0666e-01    -0.0831   102.0985     8.5440     8.9287    31.3232    31.3222    25.0271    25.0268    7.82881 0.0000e+00
      21288     19.019     2.0001     1.9918   2.784009   2.783402     2.3441     2.8554      8.086     1.0579     1.5692 8.0665e-01    -0.0834   102.1075     8.5534     8.9277    31.3206    31.3214    25.0249    25.0261    7.82838 0.0000e+00
      21291     18.939     2.0023     1.9986   2.784254   2.783726     2.3441     2.8570      8.086     1.0473     1.5692 8.0947e-01    -0.0834   102.1075     8.5578     8.9342    31.3215    31.3187    25.0254    25.0234    7.82789 0.0000e+00
      21294     18.857     2.0081     2.0056   2.785937   2.784119     2.3445     2.8562      8.086     1.0367     1.5692 8.1229e-01    -0.0831   102.0985     8.5593     8.9351    31.3367    31.3167    25.0371    25.0213    7.82593 0.0000e+00
      21297     18.778     2.0296     2.0340   2.789239   2.787632     2.3449     2.8586      8.086     1.0473     1.5692 8.1699e-01    -0.0831   102.0985     8.5544     8.9402    31.3565    31.3321    25.0515    25.0317    7.82057 0.0000e+00
      21300     18.690     2.0568     2.0831   2.789937   2.789935     2.3449     2.8582      8.086     1.0473     1.5692 8.2647e-01    -0.0831   102.0985     8.5512     8.9308    31.3382    31.3121    25.0349    25.0122    7.81606 0.0000e+00
      21303     18.598     2.0808     2.1129   2.790183   2.790057     2.3462     2.8582      8.086     1.0262     1.5692 8.3320e-01    -0.0838   102.1166     8.5554     8.9275    31.3176    31.2843    25.0168    24.9879    7.81233 0.0000e+00
      21306     18.503     2.1031     2.1282   2.792383   2.791425     2.3466     2.8599      8.086     1.0473     2.3982 8.3513e-01    -0.0856   102.1618     8.5513     8.9321    31.3228    31.2861    25.0193    24.9882    7.80759 0.0000e+00
      21309     18.407     2.1297     2.1605   2.794566   2.794007     2.3478     2.8607      8.086     1.0367     3.4247 8.4974e-01    -0.0856   102.1618     8.5504     8.9252    31.3236    31.2863    25.0181    24.9861    7.80223 0.0000e+00
      21312     18.311     2.1537     2.1880   2.795713   2.795559     2.3482     2.8611      8.086     1.0262     3.3457 8.4976e-01    -0.0856   102.1618     8.5430     8.9188    31.3140    31.2783    25.0087    24.9777    7.79792 0.0000e+00
      21315     18.213     2.1734     2.2061   2.796411   2.796236     2.3482     2.8627      8.087     1.0367     3.3457 8.6367e-01    -0.0856   102.1618     8.5388     8.9174    31.3033    31.2689    24.9988    24.9689    7.79455 0.0000e+00
      21318     18.112     2.1870     2.2107   2.796009   2.795853     2.3482     2.8635      8.085     1.0156     3.3457 8.6862e-01    -0.0856   102.1618     8.5327     8.9163    31.2850    31.2597    24.9831    24.9612    7.79279 0.0000e+00
      21321     18.012     2.1922     2.2038   2.794383   2.794445     2.3490     2.8639      8.087     1.0050     3.3457 8.7575e-01    -0.0856   102.1618     8.5343     8.9173    31.2599    31.2493    24.9627    24.9534    7.79308 0.0000e+00
      21324     17.912     2.1868     2.1848   2.792393   2.792534     2.3498     2.8647      8.085     1.0156     3.3457 8.8998e-01    -0.0856   102.1618     8.5361     8.9240    31.2407    31.2444    24.9478    24.9508    7.79516 0.0000e+00
      21327     17.815     2.1801     2.1753   2.792586   2.792473     2.3502     2.8656      8.085     1.0262     3.3457 9.1288e-01    -0.0859   102.1708     8.5369     8.9232    31.2497    31.2530    24.9554    24.9584    7.79602 0.0000e+00
      21330     17.718     2.1810     2.1847   2.793549   2.794152     2.3506     2.8651      8.088     1.0156     3.3457 9.2137e-01    -0.0856   102.1618     8.5374     8.9107    31.2608    31.2645    24.9642    24.9669    7.79526 0.0000e+00
      21333     17.623     2.1873     2.2113   2.795130   2.796312     2.3510     2.8656      8.087     1.0156     1.4112 9.3640e-01    -0.0856   102.1618     8.5397     8.8967    31.2741    31.2650    24.9744    24.9654    7.79331 0.0000e+00
      21336     17.524     2.2026     2.2373   2.797086   2.797123     2.3506     2.8660      8.087     0.9944     0.8191 9.4838e-01    -0.0856   102.1618     8.5379     8.8850    31.2832    31.2496    24.9806    24.9512    7.78977 0.0000e+00
      21339     17.428     2.2219     2.2502   2.797395   2.796490     2.3515     2.8660      8.090     0.9944     0.8586 9.5940e-01    -0.0856   102.1618     8.5394     8.8761    31.2681    31.2291    24.9671    24.9339    7.78672 0.0000e+00
      21342     17.335     2.2346     2.2543   2.797048   2.796855     2.3515     2.8668      8.090     0.9838     0.8586 9.7169e-01    -0.0852   102.1528     8.5381     8.8689    31.2513    31.2296    24.9528    24.9340    7.78505 0.0000e+00
      21345     17.244     2.2452     2.2756   2.798384   2.799521     2.3519     2.8680      8.088     0.9838     0.8586 9.8298e-01    -0.0827   102.0894     8.5416     8.8596    31.2574    31.2415    24.9569    24.9419    7.78263 0.0000e+00
      21348     17.149     2.2634     2.3131   2.801261   2.802695     2.3523     2.8676      8.088     0.9838     0.8586 9.9673e-01    -0.0824   102.0804     8.5434     8.8454    31.2749    31.2437    24.9696    24.9410    7.77809 0.0000e+00
      21351     17.060     2.2890     2.3442   2.803524   2.805144     2.3531     2.8676      8.090     0.9732     0.8586 1.0014e+00    -0.0824   102.0804     8.5443     8.8374    31.2777    31.2434    24.9699    24.9385    7.77286 0.0000e+00
      21354     16.975     2.3209     2.3830   2.808795   2.808549     2.3543     2.8672      8.090     0.9732     0.8586 1.0189e+00    -0.0824   102.0804     8.5447     8.8308    31.3112    31.2471    24.9944    24.9385    7.76478 0.0000e+00
      21357     16.890     2.3674     2.4408   2.813546   2.812841     2.3551     2.8664      8.090     0.9838     0.8191 1.0355e+00    -0.0824   102.0804     8.5399     8.8179    31.3238    31.2431    25.0010    24.9310    7.75489 0.0000e+00
      21360     16.807     2.4116     2.4868   2.815787   2.815500     2.3555     2.8672      8.089     0.9838     0.7401 1.0427e+00    -0.0824   102.0804     8.5346     8.8182    31.3079    31.2307    24.9850    24.9176    7.74698 0.0000e+00
      21363     16.728     2.4493     2.5166   2.815208   2.816998     2.3555     2.8668      8.089     1.0050     0.7401 1.0696e+00    -0.0817   102.0623     8.5285     8.8205    31.2639    31.2198    24.9470    24.9067    7.74182 0.0000e+00
      21366     16.652     2.4638     2.5323   2.814632   2.817255     2.3563     2.8647      8.089     1.1108     0.7401 1.0883e+00    -0.0802   102.0262     8.5282     8.8182    31.2426    31.2076    24.9289    24.8958    7.74006 0.0000e+00
      21369     16.583     2.4746     2.5319   2.815330   2.816185     2.3588     2.8664      8.089     1.1108     0.7401 1.1048e+00    -0.0802   102.0262     8.5347     8.8393    31.2406    31.1950    24.9265    24.8857    7.73803 0.0000e+00
      21372     16.516     2.4843     2.5246   2.815436   2.814915     2.3584     2.8672      8.089     1.1214     0.7401 1.1254e+00    -0.0802   102.0262     8.5304     8.8606    31.2324    31.1867    24.9193    24.8796    7.73655 0.0000e+00
      21375     16.451     2.4886     2.5161   2.813868   2.813305     2.3588     2.8688      8.089     1.1108     0.7401 1.1358e+00    -0.0802   102.0262     8.5289     8.8790    31.2091    31.1754    24.9003    24.8713    7.73692 0.0000e+00
      21378     16.392     2.4890     2.5096   2.812000   2.811761     2.3596     2.8704      8.089     1.1108     0.7401 1.1557e+00    -0.0802   102.0262     8.5329     8.8977    31.1859    31.1629    24.8817    24.8618    7.73803 0.0000e+00
      21381     16.338     2.4906     2.5106   2.812763   2.811001     2.3604     2.8712      8.089     1.1002     0.7401 1.1718e+00    -0.0802   102.0262     8.5355     8.9061    31.1937    31.1526    24.8878    24.8535    7.73732 0.0000e+00
      21384     16.285     2.4912     2.5306   2.812977   2.810150     2.3608     2.8733      8.089     1.1108     0.8585 1.2090e+00    -0.0784   101.9810     8.5388     8.9118    31.1957    31.1227    24.8894    24.8281    7.73708 0.0000e+00
      21387     16.237     2.4910     2.5471   2.812634   2.810085     2.3612     2.8745      8.089     1.1108     1.2139 1.2160e+00    -0.0770   101.9448     8.5415     8.9133    31.1918    31.1059    24.8863    24.8134    7.73734 0.0000e+00
      21390     16.192     2.4934     2.5499   2.812352   2.810136     2.3608     2.8745      8.089     1.1320     1.2139 1.2358e+00    -0.0770   101.9448     8.5379     8.9091    31.1860    31.1039    24.8815    24.8116    7.73716 0.0000e+00
      21393     16.148     2.5008     2.5373   2.812045   2.810059     2.3624     2.8778      8.089     1.1426     1.2139 1.2575e+00    -0.0770   101.9448     8.5414     8.9161    31.1751    31.1152    24.8722    24.8216    7.73628 0.0000e+00
      21396     16.111     2.5135     2.5210   2.811860   2.809880     2.3632     2.8774      8.089     1.1320     1.2139 1.2706e+00    -0.0770   101.9448     8.5470     8.9102    31.1604    31.1290    24.8595    24.8338    7.73453 0.0000e+00
      21399     16.074     2.5377     2.5069   2.811705   2.809826     2.3632     2.8774      8.089     1.1426     1.2139 1.2944e+00    -0.0770   101.9448     8.5445     8.9073    31.1349    31.1420    24.8373    24.8453    7.73108 0.0000e+00
      21402     16.039     2.5536     2.4838   2.811952   2.808624     2.3645     2.8782      8.089     1.1320     1.2139 1.2973e+00    -0.0770   101.9448     8.5439     8.9092    31.1225    31.1499    24.8262    24.8533    7.72861 0.0000e+00
      21405     16.009     2.5859     2.4474   2.812946   2.807755     2.3649     2.8782      8.090     1.1426     1.2139 1.3155e+00    -0.0724   101.8272     8.5367     8.9092    31.1032    31.1748    24.8083    24.8760    7.72325 0.0000e+00
      21408     15.978     2.6066     2.4255   2.813095   2.807070     2.3665     2.8786      8.092     1.1532     1.2139 1.3261e+00    -0.0710   101.7910     8.5373     8.9070    31.0848    31.1879    24.7921    24.8881    7.72013 0.0000e+00
      21411     15.951     2.6227     2.4076   2.814185   2.806545     2.3669     2.8786      8.090     1.1426     2.9115 1.3369e+00    -0.0714   101.8001     8.5328     8.9011    31.0826    31.1990    24.7890    24.8983    7.71710 0.0000e+00
      21414     15.920     2.6550     2.4026   2.815279   2.807299     2.3669     2.8802      8.090     1.1532     4.2537 1.3462e+00    -0.0714   101.8001     8.5229     8.8937    31.0644    31.2131    24.7721    24.9099    7.71169 0.0000e+00
      21417     15.893     2.6847     2.4254   2.817033   2.808302     2.3669     2.8806      8.091     1.1426     4.2143 1.3400e+00    -0.0710   101.7910     8.5116     8.8782    31.0570    31.2031    24.7638    24.9002    7.70626 0.0000e+00
      21420     15.862     2.7135     2.4648   2.818602   2.809557     2.3694     2.8810      8.091     1.1426     4.1748 1.3541e+00    -0.0714   101.8001     8.5213     8.8666    31.0481    31.1800    24.7545    24.8788    7.70109 0.0000e+00
      21423     15.833     2.7445     2.5659   2.818820   2.814770     2.3686     2.8831      8.093     1.1532     4.1748 1.3619e+00    -0.0703   101.7730     8.5229     8.8478    31.0208    31.1449    24.7303    24.8432    7.69645 0.0000e+00
      21426     15.801     2.7626     2.7418   2.818854   2.820287     2.3681     2.8818      8.090     1.1426     4.1748 1.3714e+00    -0.0668   101.6825     8.5352     8.8100    31.0038    31.0412    24.7152    24.7468    7.69380 0.0000e+00
      21429     15.766     2.7798     2.8177   2.819833   2.820786     2.3690     2.8818      8.093     1.1426     4.2143 1.3745e+00    -0.0664   101.6735     8.5554     8.8075    30.9990    30.9739    24.7101    24.6871    7.69069 0.0000e+00
      21432     15.731     2.8008     2.8403   2.821921   2.821195     2.3690     2.8814      8.090     1.1426     4.1748 1.3793e+00    -0.0664   101.6735     8.5721     8.8202    31.0040    30.9571    24.7125    24.6719    7.68634 0.0000e+00
      21435     15.690     2.8260     2.8349   2.823314   2.821538     2.3702     2.8794      8.092     1.1426     4.1748 1.3761e+00    -0.0664   101.6735     8.6010     8.8397    30.9966    30.9665    24.7045    24.6798    7.68182 0.0000e+00
      21438     15.646     2.8431     2.8867   2.822939   2.824618     2.3706     2.8782      8.092     1.1426     1.3718 1.3873e+00    -0.0664   101.6735     8.6281     8.8567    30.9755    30.9538    24.6863    24.6656    7.67956 0.0000e+00
      21441     15.598     2.8554     2.8964   2.826018   2.826447     2.3714     2.8786      8.092     1.1426     0.9770 1.3970e+00    -0.0664   101.6735     8.6544     8.8982    31.0009    30.9666    24.7056    24.6750    7.67586 0.0000e+00
      21444     15.547     2.9078     2.9247   2.838204   2.830738     2.3751     2.8798      8.092     1.1108     0.9770 1.4035e+00    -0.0653   101.6463     8.6819     8.9431    31.0976    30.9911    24.7786    24.6923    7.66074 0.0000e+00
      21447     15.491     2.9768     2.8914   2.839829   2.828186     2.3791     2.8818      8.092     1.1214     0.9770 1.4149e+00    -0.0632   101.5921     8.7204     9.0160    31.0507    30.9924    24.7356    24.6960    7.64980 0.0000e+00
