Datasets/AZMP/TEL210/tel210_2020_082.cnv
* Sea-Bird SBE 9 Data File:
* FileName = C:\CTDDATA\tel210_2020_082.hex
* Software Version Seasave V 7.26.7.110
* Temperature SN = 1697
* Conductivity SN = 4216
* Number of Bytes Per Scan = 30
* Number of Voltage Words = 4
* Number of Scans Averaged by the Deck Unit = 1
* NMEA baud rate = 4800
** VESSEL/TRIP/SEQ STN:  tel210_2020_082
** LATITUDE XX XX.XX: 53 20.00 N
** LONGITUDE XX XX.XX: 055 30.00 W
** SOUNDING DEPTH (M): 0138
** PROBE TYPE: S1146
** CTD NUMBER: 052
** COMMENTS (14 CHAR): SI-02
** BOTTLES:  9
** LEVELS: 5,10,20,30,40,50,75,100,BTM
** STICKERS: 436121 - 436129
** VNET: Y
** DO2: N
# nquan = 22
# nvalues = 3583                        
# units = specified
# name 0 = scan: Scan Count
# name 1 = prDM: Pressure, Digiquartz [db]
# name 2 = t090C: Temperature [ITS-90, deg C]
# name 3 = t190C: Temperature, 2 [ITS-90, deg C]
# name 4 = c0S/m: Conductivity [S/m]
# name 5 = c1S/m: Conductivity, 2 [S/m]
# name 6 = sbeox0V: Oxygen raw, SBE 43 [V]
# name 7 = sbeox1V: Oxygen raw, SBE 43, 2 [V]
# name 8 = ph: pH
# name 9 = flECO-AFL: Fluorescence, WET Labs ECO-AFL/FL [mg/m^3]
# name 10 = wetCDOM: Fluorescence, WET Labs CDOM [mg/m^3]
# name 11 = par/sat/log: PAR/Logarithmic, Satlantic [umol photons/m^2/sec]
# name 12 = CStarAt0: Beam Attenuation, WET Labs C-Star [1/m]
# name 13 = CStarTr0: Beam Transmission, WET Labs C-Star [%]
# name 14 = sbeox0ML/L: Oxygen, SBE 43 [ml/l], WS = 2
# name 15 = sbeox1ML/L: Oxygen, SBE 43, 2 [ml/l], WS = 2
# name 16 = sal00: Salinity, Practical [PSU]
# name 17 = sal11: Salinity, Practical, 2 [PSU]
# name 18 = sigma-t00: Density [sigma-t, kg/m^3 ]
# name 19 = sigma-t11: Density, 2 [sigma-t, kg/m^3 ]
# name 20 = oxsatML/L: Oxygen Saturation, Weiss [ml/l]
# name 21 = flag: flag
# span 0 =         59,      34034       
# span 1 =      0.855,    141.257       
# span 2 =    -0.8796,    11.7264       
# span 3 =    -0.8883,    11.8011       
# span 4 =   2.658273,   3.284841       
# span 5 =   2.656234,   3.284575       
# span 6 =     1.9902,     2.5462       
# span 7 =     2.4078,     3.1276       
# span 8 =      7.927,      8.238       
# span 9 =     0.7193,     1.9045       
# span 10 =    -2.8130,   482.1870      
# span 11 = 1.0715e-01, 5.4877e+01      
# span 12 =    -0.1408,     0.2319      
# span 13 =    94.3666,   103.5816      
# span 14 =     6.9508,     9.4902      
# span 15 =     6.7962,     9.9570      
# span 16 =    27.4721,    33.1332      
# span 17 =    27.4322,    33.1280      
# span 18 =    20.8652,    26.6256      
# span 19 =    20.8096,    26.6214      
# span 20 =    6.37731,    8.35887      
# span 21 = 0.0000e+00, 0.0000e+00      
# interval = scans: 3                   
# start_time = Jul 24 2020 21:58:04 [System UTC, header]
# bad_flag = -9.990e-29
*END*
[from data line 2832]
      20400     45.204    -0.5412    -0.5431   2.671619   2.671706     2.2311     2.7180      8.043     0.9838     0.8191 1.0878e-01    -0.1036   102.6230     8.6655     9.0442    32.4769    32.4801    26.0925    26.0951    8.30452 0.0000e+00
      20403     45.151    -0.5421    -0.5421   2.671687   2.671888     2.2315     2.7184      8.043     0.9732     0.8191 1.0715e-01    -0.1025   102.5959     8.6688     9.0425    32.4789    32.4814    26.0941    26.0962    8.30462 0.0000e+00
      20406     45.096    -0.5418    -0.5354   2.671935   2.672318     2.2328     2.7197      8.043     0.9732     0.5032 1.0715e-01    -0.0983   102.4874     8.6715     9.0402    32.4818    32.4801    26.0964    26.0948    8.30437 0.0000e+00
      20409     45.036    -0.5401    -0.5339   2.672355   2.672274     2.2340     2.7209      8.043     0.9732     0.2269 1.0715e-01    -0.0983   102.4874     8.6719     9.0437    32.4857    32.4779    26.0995    26.0930    8.30377 0.0000e+00
      20412     44.969    -0.5377    -0.5362   2.672403   2.672138     2.2332     2.7205      8.043     0.9732     0.2269 1.0715e-01    -0.0983   102.4874     8.6635     9.0447    32.4838    32.4786    26.0979    26.0936    8.30335 0.0000e+00
      20415     44.899    -0.5373    -0.5375   2.672073   2.672049     2.2340     2.7213      8.043     0.9626     0.2664 1.0715e-01    -0.0983   102.4874     8.6660     9.0439    32.4790    32.4789    26.0940    26.0940    8.30353 0.0000e+00
      20418     44.827    -0.5378    -0.5383   2.672368   2.672133     2.2340     2.7217      8.043     0.8675     0.2664 1.0827e-01    -0.0983   102.4874     8.6633     9.0429    32.4835    32.4809    26.0976    26.0956    8.30338 0.0000e+00
      20421     44.746    -0.5342    -0.5308   2.673121   2.672828     2.2344     2.7225      8.045     0.8886     0.2269 1.0740e-01    -0.0983   102.4874     8.6629     9.0438    32.4898    32.4822    26.1026    26.0964    8.30222 0.0000e+00
      20424     44.665    -0.5307    -0.5261   2.672789   2.672927     2.2352     2.7221      8.043     0.8886     0.2269 1.0966e-01    -0.0993   102.5145     8.6694     9.0414    32.4817    32.4785    26.0959    26.0932    8.30191 0.0000e+00
      20427     44.583    -0.5322    -0.5281   2.672011   2.672652     2.2360     2.7221      8.048     0.8886     0.2664 1.0740e-01    -0.1011   102.5597     8.6711     9.0405    32.4728    32.4770    26.0888    26.0921    8.30273 0.0000e+00
      20430     44.496    -0.5342    -0.5288   2.672794   2.672817     2.2356     2.7229      8.048     0.8886     0.2664 1.1106e-01    -0.1004   102.5416     8.6694     9.0411    32.4855    32.4800    26.0992    26.0945    8.30246 0.0000e+00
      20433     44.407    -0.5283    -0.5242   2.673573   2.673250     2.2364     2.7249      8.048     0.8675     0.6611 1.0790e-01    -0.1008   102.5506     8.6762     9.0475    32.4896    32.4810    26.1023    26.0951    8.30091 0.0000e+00
      20436     44.315    -0.5203    -0.5154   2.673925   2.673599     2.2360     2.7254      8.048     0.8675     0.6612 1.1108e-01    -0.1008   102.5506     8.6756     9.0476    32.4859    32.4762    26.0989    26.0909    8.29934 0.0000e+00
      20439     44.224    -0.5147    -0.5083   2.673950   2.673705     2.2377     2.7241      8.048     0.8992     0.7006 1.1291e-01    -0.1004   102.5416     8.6822     9.0388    32.4802    32.4702    26.0942    26.0857    8.29840 0.0000e+00
      20442     44.132    -0.5113    -0.5080   2.673860   2.673702     2.2373     2.7258      8.048     0.9098     0.6612 1.0992e-01    -0.1008   102.5506     8.6790     9.0440    32.4754    32.4698    26.0901    26.0854    8.29791 0.0000e+00
      20445     44.036    -0.5101    -0.5098   2.673983   2.673686     2.2381     2.7262      8.048     0.9838     0.7006 1.1472e-01    -0.1015   102.5687     8.6779     9.0415    32.4758    32.4716    26.0904    26.0869    8.29762 0.0000e+00
      20448     43.940    -0.5069    -0.5115   2.674472   2.673676     2.2389     2.7266      8.048     0.9944     0.7401 1.1315e-01    -0.1015   102.5687     8.6775     9.0396    32.4790    32.4733    26.0928    26.0884    8.29672 0.0000e+00
      20451     43.847    -0.5009    -0.5104   2.674763   2.673895     2.2389     2.7270      8.048     0.9838     0.7401 1.1554e-01    -0.1015   102.5687     8.6757     9.0345    32.4766    32.4751    26.0906    26.0898    8.29554 0.0000e+00
      20454     43.751    -0.4940    -0.5106   2.674890   2.673809     2.2401     2.7270      8.048     0.9732     0.7401 1.1727e-01    -0.1015   102.5687     8.6787     9.0272    32.4709    32.4742    26.0858    26.0891    8.29431 0.0000e+00
      20457     43.654    -0.4866    -0.5107   2.674855   2.673866     2.2409     2.7278      8.049     0.9838     0.8191 1.1754e-01    -0.1015   102.5687     8.6784     9.0246    32.4626    32.4752    26.0788    26.0899    8.29314 0.0000e+00
      20460     43.557    -0.4807    -0.5029   2.674527   2.674123     2.2405     2.7278      8.047     0.9838     1.4112 1.1688e-01    -0.1015   102.5687     8.6704     9.0204    32.4519    32.4703    26.0700    26.0857    8.29243 0.0000e+00
      20463     43.458    -0.4784    -0.4889   2.673653   2.673444     2.2405     2.7282      8.047     0.9732     1.4507 1.1743e-01    -0.1015   102.5687     8.6655     9.0173    32.4379    32.4463    26.0585    26.0657    8.29271 0.0000e+00
      20466     43.362    -0.4824    -0.5055   2.671513   2.669925     2.2409     2.7282      8.049     0.9838     1.4112 1.1989e-01    -0.1032   102.6140     8.6704     9.0217    32.4136    32.4171    26.0390    26.0427    8.29497 0.0000e+00
      20469     43.262    -0.4919    -0.5305   2.669553   2.668179     2.2405     2.7274      8.048     0.9627     1.4507 1.1965e-01    -0.1036   102.6230     8.6722     9.0253    32.3976    32.4206    26.0264    26.0465    8.29801 0.0000e+00
      20472     43.168    -0.5035    -0.5364   2.668271   2.667856     2.2417     2.7282      8.051     0.9627     1.4507 1.1513e-01    -0.1029   102.6049     8.6832     9.0321    32.3929    32.4226    26.0231    26.0484    8.30086 0.0000e+00
      20475     43.069    -0.5127    -0.5325   2.668203   2.668335     2.2417     2.7282      8.049     0.9415     1.4507 1.2370e-01    -0.1036   102.6230     8.6869     9.0351    32.4020    32.4249    26.0308    26.0501    8.30242 0.0000e+00
      20478     42.972    -0.5164    -0.5121   2.668902   2.670186     2.2421     2.7286      8.051     0.9627     1.4112 1.2716e-01    -0.1029   102.6049     8.6906     9.0332    32.4154    32.4279    26.0417    26.0518    8.30249 0.0000e+00
      20481     42.877    -0.5130    -0.4946   2.670524   2.671379     2.2425     2.7282      8.051     0.9521     1.4507 1.2570e-01    -0.1032   102.6140     8.6954     9.0304    32.4334    32.4251    26.0562    26.0488    8.30069 0.0000e+00
      20484     42.782    -0.5026    -0.4800   2.672228   2.672237     2.2421     2.7282      8.051     0.9415     2.1219 1.2660e-01    -0.1029   102.6049     8.6952     9.0308    32.4451    32.4211    26.0653    26.0450    8.29770 0.0000e+00
      20487     42.688    -0.4903    -0.4801   2.673143   2.672088     2.2430     2.7298      8.049     0.9521     3.2273 1.2465e-01    -0.1036   102.6230     8.6987     9.0391    32.4442    32.4192    26.0641    26.0435    8.29500 0.0000e+00
      20490     42.599    -0.4790    -0.4754   2.674198   2.672925     2.2442     2.7298      8.049     0.9627     3.2273 1.1757e-01    -0.1039   102.6320     8.7028     9.0412    32.4462    32.4254    26.0653    26.0483    8.29236 0.0000e+00
      20493     42.510    -0.4700    -0.4617   2.674541   2.673856     2.2446     2.7306      8.047     0.9521     3.2273 1.2899e-01    -0.1036   102.6230     8.7034     9.0419    32.4413    32.4233    26.0609    26.0460    8.29064 0.0000e+00
      20496     42.422    -0.4598    -0.4684   2.675997   2.672885     2.2450     2.7310      8.047     0.9415     3.2273 1.3060e-01    -0.1039   102.6320     8.7085     9.0455    32.4498    32.4175    26.0674    26.0416    8.28788 0.0000e+00
      20499     42.334    -0.4500    -0.4673   2.675817   2.673816     2.2458     2.7319      8.049     0.9521     3.2273 1.3030e-01    -0.1039   102.6320     8.7195     9.0495    32.4370    32.4288    26.0567    26.0507    8.28641 0.0000e+00
      20502     42.250    -0.4461    -0.4392   2.675633   2.675785     2.2458     2.7315      8.049     0.9521     3.2273 1.2900e-01    -0.1039   102.6320     8.7246     9.0421    32.4304    32.4251    26.0512    26.0466    8.28592 0.0000e+00
      20505     42.170    -0.4417    -0.4382   2.676220   2.675142     2.2462     2.7327      8.050     0.9521     3.2273 1.2702e-01    -0.1043   102.6411     8.7319     9.0486    32.4336    32.4155    26.0536    26.0388    8.28476 0.0000e+00
      20508     42.094    -0.4397    -0.4479   2.675785   2.674506     2.2470     2.7319      8.047     0.9627     3.2273 1.2985e-01    -0.1046   102.6501     8.7421     9.0493    32.4257    32.4174    26.0471    26.0408    8.28476 0.0000e+00
      20511     42.017    -0.4414    -0.4550   2.675271   2.674095     2.2470     2.7323      8.047     0.9309     0.9770 1.3580e-01    -0.1046   102.6501     8.7488     9.0527    32.4207    32.4196    26.0431    26.0428    8.28542 0.0000e+00
      20514     41.945    -0.4430    -0.4597   2.676008   2.674041     2.2474     2.7331      8.047     0.9521    -0.2074 1.3164e-01    -0.1046   102.6501     8.7570     9.0597    32.4323    32.4239    26.0526    26.0465    8.28513 0.0000e+00
      20517     41.874    -0.4374    -0.4605   2.677322   2.673932     2.2482     2.7331      8.049     0.9521    -0.1284 1.4028e-01    -0.1046   102.6501     8.7672     9.0640    32.4438    32.4233    26.0617    26.0461    8.28322 0.0000e+00
      20520     41.805    -0.4279    -0.4668   2.678081   2.673524     2.2511     2.7335      8.049     0.9521    -0.1284 1.3555e-01    -0.1046   102.6501     8.7852     9.0736    32.4439    32.4246    26.0613    26.0473    8.28110 0.0000e+00
      20523     41.740    -0.4214    -0.4697   2.677739   2.673550     2.2511     2.7343      8.052     0.9838    -0.0889 1.3745e-01    -0.1046   102.6501     8.7891     9.0853    32.4324    32.4282    26.0518    26.0503    8.28031 0.0000e+00
      20526     41.678    -0.4181    -0.4689   2.678329   2.673517     2.2519     2.7351      8.052     0.9944    -0.1284 1.3503e-01    -0.1022   102.5868     8.7953     9.0955    32.4368    32.4269    26.0552    26.0492    8.27932 0.0000e+00
      20529     41.619    -0.4111    -0.4689   2.679198   2.674022     2.2527     2.7359      8.052     0.9944    -0.0889 1.4114e-01    -0.1018   102.5778     8.8005     9.1036    32.4409    32.4337    26.0582    26.0547    8.27753 0.0000e+00
      20532     41.562    -0.4026    -0.4604   2.679505   2.675051     2.2543     2.7368      8.052     0.9732    -0.0889 1.3867e-01    -0.1018   102.5778     8.8061     9.1090    32.4360    32.4383    26.0539    26.0581    8.27593 0.0000e+00
      20535     41.509    -0.3905    -0.4401   2.681686   2.676369     2.2556     2.7368      8.057     0.9732    -0.1284 1.4641e-01    -0.1022   102.5868     8.8098     9.1057    32.4521    32.4343    26.0665    26.0541    8.27231 0.0000e+00
      20538     41.461    -0.3695    -0.4303   2.684441   2.676655     2.2560     2.7376      8.057     0.9838    -0.2074 1.4408e-01    -0.1025   102.5959     8.8042     9.1080    32.4664    32.4276    26.0772    26.0483    8.26685 0.0000e+00
      20541     41.416    -0.3480    -0.4284   2.685802   2.676823     2.2568     2.7392      8.057     0.9732    -0.2074 1.4513e-01    -0.1022   102.5868     8.7987     9.1121    32.4615    32.4279    26.0724    26.0484    8.26235 0.0000e+00
      20544     41.373    -0.3312    -0.4153   2.686324   2.678240     2.2576     2.7404      8.058     0.9732    -0.2074 1.4228e-01    -0.1015   102.5687     8.7967     9.1121    32.4506    32.4328    26.0628    26.0519    8.25924 0.0000e+00
      20547     41.337    -0.3254    -0.4149   2.684128   2.676966     2.2584     2.7412      8.061     0.9627    -0.2469 1.4796e-01    -0.1000   102.5326     8.8041     9.1167    32.4152    32.4154    26.0340    26.0378    8.25995 0.0000e+00
      20550     41.302    -0.3371    -0.4230   2.682200   2.678764     2.2592     2.7416      8.062     0.9309    -0.2863 1.4796e-01    -0.1004   102.5416     8.8152     9.1176    32.4021    32.4481    26.0239    26.0645    8.26330 0.0000e+00
      20553     41.270    -0.3425    -0.3902   2.682961   2.680537     2.2605     2.7420      8.062     0.9521    -0.2074 1.4115e-01    -0.1004   102.5416     8.8250     9.1088    32.4180    32.4367    26.0370    26.0540    8.26359 0.0000e+00
      20559     41.225    -0.3423    -0.4308   2.684054   2.675994     2.2621     2.7433      8.063     0.9309    -0.2074 1.4750e-01    -0.1000   102.5326     8.8405     9.1291    32.4323    32.4195    26.0485    26.0418    8.26273 0.0000e+00
      20564     41.183    -0.3254    -0.4559   2.686506   2.674536     2.2645     2.7441      8.063     0.9415    -0.2074 1.5108e-01    -0.0983   102.4874     8.8606     9.1467    32.4469    32.4269    26.0596    26.0487    8.25816 0.0000e+00
      20568     41.154    -0.3108    -0.4475   2.688674   2.675697     2.2645     2.7453      8.064     0.9309    -0.2074 1.4447e-01    -0.0962   102.4331     8.8684     9.1518    32.4601    32.4334    26.0697    26.0536    8.25417 0.0000e+00
      20574     41.110    -0.2226    -0.4053   2.700134   2.679010     2.2682     2.7461      8.061     1.0050    -0.2074 1.5071e-01    -0.0962   102.4331     8.8745     9.1482    32.5182    32.4326    26.1128    26.0513    8.23142 0.0000e+00
      20578     41.077    -0.1779    -0.4012   2.699121   2.679019     2.2698     2.7481      8.061     1.0262    -0.2469 1.5441e-01    -0.0962   102.4331     8.8737     9.1578    32.4571    32.4283    26.0616    26.0477    8.22501 0.0000e+00
      20582     41.050    -0.1715    -0.3964   2.696556   2.679485     2.2710     2.7498      8.061     1.0156    -0.2074 1.4955e-01    -0.0962   102.4331     8.8801     9.1621    32.4163    32.4293    26.0283    26.0483    8.22589 0.0000e+00
      20585     41.025    -0.1820    -0.3916   2.694116   2.679406     2.2727     2.7522      8.061     1.0262    -0.2074 1.4608e-01    -0.0944   102.3879     8.8971     9.1718    32.3952    32.4233    26.0118    26.0432    8.22939 0.0000e+00
      20588     41.001    -0.1969    -0.3764   2.693790   2.681568     2.2747     2.7530      8.061     1.0156    -0.0495 1.5335e-01    -0.0909   102.2975     8.9099     9.1674    32.4067    32.4358    26.0218    26.0527    8.23203 0.0000e+00
      20591     40.975    -0.2105    -0.3496   2.694023   2.683822     2.2767     2.7522      8.061     1.0156     1.1744 1.5606e-01    -0.0909   102.2975     8.9226     9.1526    32.4243    32.4372    26.0365    26.0528    8.23403 0.0000e+00
      20594     40.948    -0.1980    -0.3360   2.695041   2.683053     2.2788     2.7526      8.061     1.0156     1.1744 1.5231e-01    -0.0909   102.2975     8.9245     9.1522    32.4245    32.4124    26.0362    26.0322    8.23127 0.0000e+00
      20597     40.922    -0.1907    -0.3665   2.692019   2.681155     2.2788     2.7539      8.061     1.0156     1.1744 1.5531e-01    -0.0909   102.2975     8.9213     9.1675    32.3767    32.4198    25.9972    26.0394    8.23235 0.0000e+00
      20600     40.895    -0.2105    -0.3971   2.689031   2.678700     2.2788     2.7551      8.061     0.9944     1.1744 1.5675e-01    -0.0909   102.2975     8.9248     9.1806    32.3582    32.4198    25.9831    26.0406    8.23776 0.0000e+00
      20603     40.868    -0.2437    -0.4124   2.685944   2.678223     2.2800     2.7551      8.061     0.9944     1.1744 1.5912e-01    -0.0909   102.2975     8.9357     9.1835    32.3526    32.4298    25.9800    26.0493    8.24541 0.0000e+00
