Datasets/AZMP/TEL210/tel210_2020_093.cnv
* Sea-Bird SBE 9 Data File:
* FileName = C:\CTDDATA\tel210_2020_093.hex
* Software Version Seasave V 7.26.7.110
* Temperature SN = 1697
* Conductivity SN = 4216
* Number of Bytes Per Scan = 30
* Number of Voltage Words = 4
* Number of Scans Averaged by the Deck Unit = 1
* NMEA baud rate = 4800
** VESSEL/TRIP/SEQ STN:  TEL210_2020_093
** LATITUDE XX XX.XX: 54 38.00 N
** LONGITUDE XX XX.XX: 053 15.00 W
** SOUNDING DEPTH (M): 0680
** PROBE TYPE: S1146
** CTD NUMBER: 063
** COMMENTS (14 CHAR): SI-12
** BOTTLES:  12
** LEVELS: 5,10,20,30,40,50,75,100,150,250,500,BTM
** STICKERS: 436190 - 436201
** VNET: Y
** DO2: N
# nquan = 22
# nvalues = 15122                       
# units = specified
# name 0 = scan: Scan Count
# name 1 = prDM: Pressure, Digiquartz [db]
# name 2 = t090C: Temperature [ITS-90, deg C]
# name 3 = t190C: Temperature, 2 [ITS-90, deg C]
# name 4 = c0S/m: Conductivity [S/m]
# name 5 = c1S/m: Conductivity, 2 [S/m]
# name 6 = sbeox0V: Oxygen raw, SBE 43 [V]
# name 7 = sbeox1V: Oxygen raw, SBE 43, 2 [V]
# name 8 = ph: pH
# name 9 = flECO-AFL: Fluorescence, WET Labs ECO-AFL/FL [mg/m^3]
# name 10 = wetCDOM: Fluorescence, WET Labs CDOM [mg/m^3]
# name 11 = par/sat/log: PAR/Logarithmic, Satlantic [umol photons/m^2/sec]
# name 12 = CStarAt0: Beam Attenuation, WET Labs C-Star [1/m]
# name 13 = CStarTr0: Beam Transmission, WET Labs C-Star [%]
# name 14 = sbeox0ML/L: Oxygen, SBE 43 [ml/l], WS = 2
# name 15 = sbeox1ML/L: Oxygen, SBE 43, 2 [ml/l], WS = 2
# name 16 = sal00: Salinity, Practical [PSU]
# name 17 = sal11: Salinity, Practical, 2 [PSU]
# name 18 = sigma-t00: Density [sigma-t, kg/m^3 ]
# name 19 = sigma-t11: Density, 2 [sigma-t, kg/m^3 ]
# name 20 = oxsatML/L: Oxygen Saturation, Weiss [ml/l]
# name 21 = flag: flag
# span 0 =          2,      86481       
# span 1 =      0.903,    697.221       
# span 2 =     0.5892,     7.5386       
# span 3 =     0.5883,     7.5244       
# span 4 =   2.841955,   3.294441       
# span 5 =   2.841970,   3.293193       
# span 6 =     1.9105,     2.7048       
# span 7 =     2.2915,     3.3386       
# span 8 =      8.001,      8.328       
# span 9 =     0.6029,    14.3172       
# span 10 =    -2.8130,   482.1870      
# span 11 = 1.0715e-01, 4.5525e+02      
# span 12 =    -0.1240,     0.6968      
# span 13 =    84.0122,   103.1475      
# span 14 =     6.4836,    10.0247      
# span 15 =     6.7191,    10.4710      
# span 16 =    31.9235,    34.8454      
# span 17 =    31.9259,    34.8452      
# span 18 =    24.9238,    27.7159      
# span 19 =    24.9275,    27.7161      
# span 20 =    6.81172,    8.00154      
# span 21 = 0.0000e+00, 0.0000e+00      
# interval = scans: 3                   
# start_time = Jul 25 2020 17:41:14 [System UTC, header]
# bad_flag = -9.990e-29
*END*
[from data line 6519]
      20191    664.297     3.5113     3.5093   3.227849   3.227606     1.9155     2.2969      8.008     0.7193     0.5032 1.0740e-01    -0.1152   102.9214     6.6682     6.9051    34.8335    34.8327    27.7034    27.7030    7.36001 0.0000e+00
      20194    664.363     3.5095     3.5088   3.227746   3.227582     1.9159     2.2973      8.008     0.7299     0.5032 1.0740e-01    -0.1152   102.9214     6.6690     6.9059    34.8341    34.8329    27.7041    27.7032    7.36031 0.0000e+00
      20197    664.425     3.5114     3.5061   3.227894   3.227436     1.9168     2.2973      8.008     0.7299     0.5032 1.0752e-01    -0.1152   102.9214     6.6739     6.9068    34.8339    34.8340    27.7037    27.7043    7.35998 0.0000e+00
      20200    664.482     3.5118     3.5060   3.227878   3.227441     1.9168     2.2964      8.008     0.7299     0.6611 1.0727e-01    -0.1152   102.9214     6.6713     6.9042    34.8332    34.8341    27.7031    27.7044    7.35993 0.0000e+00
      20203    664.533     3.5115     3.5067   3.227874   3.227480     1.9163     2.2973      8.008     0.7299     1.7665 1.0727e-01    -0.1152   102.9214     6.6703     6.9032    34.8335    34.8338    27.7034    27.7041    7.35998 0.0000e+00
      20206    664.581     3.5119     3.5072   3.227890   3.227503     1.9172     2.2973      8.008     0.7299     1.8060 1.0740e-01    -0.1152   102.9214     6.6756     6.8999    34.8332    34.8336    27.7031    27.7039    7.35992 0.0000e+00
      20209    664.624     3.5112     3.5080   3.227852   3.227549     1.9168     2.2973      8.008     0.7299     1.8060 1.0740e-01    -0.1155   102.9305     6.6731     6.9008    34.8335    34.8333    27.7034    27.7035    7.36003 0.0000e+00
      20212    664.666     3.5107     3.5087   3.227830   3.227604     1.9168     2.2964      8.008     0.7299     1.8060 1.0740e-01    -0.1152   102.9214     6.6725     6.8988    34.8338    34.8331    27.7036    27.7034    7.36012 0.0000e+00
      20215    664.706     3.5103     3.5088   3.227821   3.227599     1.9172     2.2977      8.008     0.7299     1.8060 1.0740e-01    -0.1155   102.9305     6.6750     6.9031    34.8341    34.8330    27.7039    27.7032    7.36018 0.0000e+00
      20218    664.741     3.5121     3.5088   3.227912   3.227577     1.9159     2.2973      8.008     0.7299     1.8060 1.0752e-01    -0.1159   102.9395     6.6656     6.9013    34.8332    34.8326    27.7031    27.7029    7.35989 0.0000e+00
      20221    664.774     3.5119     3.5090   3.227925   3.227582     1.9164     2.2973      8.008     0.7299     1.8060 1.0752e-01    -0.1162   102.9486     6.6664     6.9000    34.8335    34.8325    27.7033    27.7029    7.35990 0.0000e+00
      20224    664.810     3.5128     3.5074   3.227964   3.227498     1.9164     2.2969      8.008     0.7299     1.8060 1.0752e-01    -0.1162   102.9486     6.6659     6.8971    34.8330    34.8331    27.7028    27.7035    7.35976 0.0000e+00
      20227    664.843     3.5133     3.5074   3.227984   3.227531     1.9176     2.2964      8.008     0.7299     1.4902 1.0752e-01    -0.1162   102.9486     6.6706     6.8937    34.8327    34.8336    27.7026    27.7038    7.35969 0.0000e+00
      20230    664.876     3.5127     3.5067   3.227958   3.227432     1.9172     2.2964      8.008     0.7193     0.9375 1.0752e-01    -0.1162   102.9486     6.6677     6.8954    34.8330    34.8330    27.7028    27.7035    7.35978 0.0000e+00
      20233    664.910     3.5126     3.5053   3.227989   3.227391     1.9172     2.2973      8.007     0.7299     0.9770 1.0752e-01    -0.1155   102.9305     6.6708     6.8983    34.8335    34.8341    27.7033    27.7044    7.35978 0.0000e+00
      20236    664.948     3.5127     3.5060   3.227947   3.227446     1.9164     2.2973      8.008     0.7299     0.9770 1.0752e-01    -0.1141   102.8943     6.6671     6.8963    34.8329    34.8340    27.7028    27.7043    7.35980 0.0000e+00
      20239    664.988     3.5129     3.5059   3.227979   3.227441     1.9168     2.2973      8.008     0.7299     0.9770 1.0752e-01    -0.1141   102.8943     6.6690     6.8950    34.8330    34.8340    27.7028    27.7043    7.35974 0.0000e+00
      20242    665.036     3.5120     3.5072   3.227904   3.227498     1.9172     2.2965      8.008     0.7299     0.9770 1.0752e-01    -0.1141   102.8943     6.6711     6.8920    34.8330    34.8333    27.7029    27.7036    7.35990 0.0000e+00
      20245    665.087     3.5109     3.5069   3.227866   3.227519     1.9164     2.2965      8.008     0.7510     0.9770 1.0752e-01    -0.1148   102.9124     6.6655     6.8907    34.8337    34.8338    27.7036    27.7041    7.36007 0.0000e+00
      20248    665.144     3.5109     3.5070   3.227869   3.227518     1.9168     2.2961      8.008     0.7616     0.9770 1.0740e-01    -0.1141   102.8943     6.6624     6.8912    34.8338    34.8337    27.7036    27.7039    7.36008 0.0000e+00
      20251    665.206     3.5105     3.5059   3.227839   3.227431     1.9168     2.2969      8.008     0.7510     0.9770 1.0752e-01    -0.1141   102.8943     6.6625     6.8933    34.8338    34.8338    27.7037    27.7041    7.36015 0.0000e+00
      20254    665.279     3.5113     3.5057   3.227895   3.227414     1.9172     2.2969      8.008     0.7510     1.4902 1.0740e-01    -0.1141   102.8943     6.6675     6.8930    34.8335    34.8337    27.7034    27.7041    7.36002 0.0000e+00
      20257    665.354     3.5101     3.5060   3.227853   3.227454     1.9176     2.2961      8.008     0.7510     1.8060 1.0740e-01    -0.1145   102.9033     6.6700     6.8897    34.8342    34.8339    27.7041    27.7042    7.36019 0.0000e+00
      20260    665.434     3.5102     3.5050   3.227839   3.227397     1.9164     2.2961      8.008     0.7616     1.8060 1.0752e-01    -0.1145   102.9033     6.6626     6.8913    34.8339    34.8342    27.7039    27.7046    7.36019 0.0000e+00
      20263    665.520     3.5111     3.5053   3.227939   3.227456     1.9168     2.2961      8.008     0.7510     1.8060 1.0752e-01    -0.1141   102.8943     6.6611     6.8933    34.8341    34.8346    27.7039    27.7048    7.36002 0.0000e+00
      20266    665.617     3.5123     3.5072   3.227961   3.227530     1.9172     2.2957      8.008     0.7510     1.8060 1.0740e-01    -0.1148   102.9124     6.6608     6.8936    34.8331    34.8333    27.7030    27.7037    7.35985 0.0000e+00
      20269    665.722     3.5118     3.5057   3.227962   3.227420     1.9168     2.2957      8.008     0.6981     1.8060 1.0752e-01    -0.1141   102.8943     6.6598     6.8948    34.8336    34.8335    27.7034    27.7040    7.35992 0.0000e+00
      20272    665.834     3.5100     3.5046   3.227861   3.227386     1.9164     2.2965      8.007     0.6135     1.7665 1.0740e-01    -0.1145   102.9033     6.6590     6.9007    34.8342    34.8343    27.7040    27.7047    7.36021 0.0000e+00
      20275    665.953     3.5089     3.5046   3.227819   3.227397     1.9168     2.2961      8.008     0.6240     1.8060 1.0752e-01    -0.1134   102.8762     6.6629     6.8993    34.8348    34.8343    27.7046    27.7047    7.36038 0.0000e+00
      20278    666.078     3.5085     3.5043   3.227785   3.227393     1.9172     2.2965      8.008     0.6346     1.7271 1.0752e-01    -0.1131   102.8672     6.6641     6.9055    34.8347    34.8346    27.7046    27.7050    7.36045 0.0000e+00
      20281    666.210     3.5084     3.5042   3.227782   3.227383     1.9164     2.2957      8.008     0.6346    -0.0100 1.0740e-01    -0.1124   102.8491     6.6610     6.9032    34.8348    34.8344    27.7047    27.7048    7.36048 0.0000e+00
      20284    666.350     3.5083     3.5039   3.227772   3.227404     1.9160     2.2961      8.008     0.6135    -0.1679 1.0752e-01    -0.1131   102.8672     6.6621     6.9047    34.8347    34.8350    27.7046    27.7053    7.36050 0.0000e+00
      20287    666.491     3.5079     3.5039   3.227792   3.227384     1.9160     2.2961      8.008     0.6029    -0.0889 1.0752e-01    -0.1131   102.8672     6.6622     6.9045    34.8353    34.8346    27.7051    27.7050    7.36055 0.0000e+00
      20290    666.639     3.5079     3.5038   3.227773   3.227372     1.9160     2.2961      8.008     0.6240    -0.1284 1.0727e-01    -0.1127   102.8581     6.6620     6.9033    34.8349    34.8345    27.7049    27.7049    7.36056 0.0000e+00
      20293    666.789     3.5081     3.5040   3.227808   3.227396     1.9168     2.2969      8.008     0.6135    -0.1284 1.0740e-01    -0.1127   102.8581     6.6689     6.9042    34.8351    34.8346    27.7050    27.7050    7.36052 0.0000e+00
      20296    666.939     3.5080     3.5042   3.227793   3.227429     1.9172     2.2965      8.008     0.7193    -0.0889 1.0752e-01    -0.1110   102.8129     6.6707     6.9044    34.8349    34.8346    27.7048    27.7050    7.36054 0.0000e+00
      20299    667.093     3.5078     3.5037   3.227763   3.227382     1.9172     2.2965      8.008     0.7299    -0.0889 1.0740e-01    -0.1110   102.8129     6.6706     6.9043    34.8347    34.8345    27.7047    27.7050    7.36059 0.0000e+00
      20302    667.247     3.5072     3.5034   3.227762   3.227384     1.9160     2.2969      8.008     0.7299    -0.0889 1.0752e-01    -0.1110   102.8129     6.6652     6.9041    34.8352    34.8348    27.7052    27.7052    7.36067 0.0000e+00
      20305    667.402     3.5074     3.5030   3.227764   3.227386     1.9164     2.2961      8.008     0.7299     0.2664 1.0740e-01    -0.1110   102.8129     6.6683     6.8989    34.8349    34.8352    27.7049    27.7056    7.36065 0.0000e+00
      20308    667.554     3.5071     3.5030   3.227760   3.227395     1.9168     2.2965      8.008     0.7299     1.5692 1.0740e-01    -0.1110   102.8129     6.6695     6.8997    34.8351    34.8351    27.7051    27.7055    7.36069 0.0000e+00
      20311    667.702     3.5075     3.5031   3.227787   3.227388     1.9164     2.2957      8.008     0.7405     1.5692 1.0740e-01    -0.1110   102.8129     6.6662     6.8958    34.8350    34.8349    27.7049    27.7053    7.36063 0.0000e+00
      20314    667.852     3.5072     3.5032   3.227790   3.227403     1.9164     2.2961      8.008     0.7405     1.5692 1.0740e-01    -0.1113   102.8219     6.6662     6.8967    34.8352    34.8349    27.7052    27.7053    7.36067 0.0000e+00
      20317    667.995     3.5071     3.5030   3.227761   3.227408     1.9172     2.2965      8.007     0.7299     1.5692 1.0752e-01    -0.1131   102.8672     6.6696     6.8979    34.8350    34.8350    27.7050    27.7055    7.36071 0.0000e+00
      20320    668.132     3.5066     3.5021   3.227739   3.227370     1.9164     2.2969      8.008     0.7193     1.5692 1.0752e-01    -0.1131   102.8672     6.6689     6.9022    34.8352    34.8355    27.7052    27.7059    7.36079 0.0000e+00
      20323    668.262     3.5064     3.5019   3.227737   3.227349     1.9164     2.2961      8.008     0.6875     1.5692 1.0740e-01    -0.1138   102.8853     6.6706     6.8993    34.8353    34.8354    27.7054    27.7058    7.36082 0.0000e+00
      20326    668.383     3.5062     3.5022   3.227763   3.227350     1.9160     2.2952      8.008     0.6875     1.5692 1.0727e-01    -0.1131   102.8672     6.6686     6.8997    34.8357    34.8350    27.7057    27.7055    7.36083 0.0000e+00
      20329    668.497     3.5063     3.5019   3.227748   3.227374     1.9164     2.2961      8.008     0.6770     1.5692 1.0740e-01    -0.1134   102.8762     6.6674     6.9045    34.8354    34.8356    27.7054    27.7060    7.36083 0.0000e+00
      20332    668.605     3.5060     3.5020   3.227744   3.227364     1.9168     2.2961      8.008     0.6875     1.1349 1.0752e-01    -0.1131   102.8672     6.6708     6.9042    34.8356    34.8353    27.7056    27.7057    7.36088 0.0000e+00
      20335    668.707     3.5060     3.5020   3.227729   3.227386     1.9164     2.2961      8.008     0.6876     0.7006 1.0740e-01    -0.1120   102.8400     6.6700     6.9067    34.8353    34.8355    27.7054    27.7059    7.36089 0.0000e+00
      20338    668.804     3.5062     3.5020   3.227756   3.227367     1.9172     2.2961      8.008     0.6875     0.7401 1.0752e-01    -0.1110   102.8129     6.6733     6.9059    34.8354    34.8353    27.7054    27.7057    7.36085 0.0000e+00
      20341    668.893     3.5062     3.5020   3.227751   3.227391     1.9168     2.2961      8.008     0.6981     0.7401 1.0740e-01    -0.1110   102.8129     6.6719     6.9069    34.8353    34.8355    27.7054    27.7059    7.36086 0.0000e+00
      20344    668.974     3.5061     3.5022   3.227730   3.227396     1.9172     2.2965      8.008     0.6770     0.7401 1.0740e-01    -0.1110   102.8129     6.6735     6.9124    34.8352    34.8353    27.7052    27.7058    7.36089 0.0000e+00
      20347    669.052     3.4996     3.5022   3.227303   3.227417     1.9164     2.2961      8.009     0.6875     0.7006 1.0752e-01    -0.1110   102.8129     6.6707     6.9136    34.8369    34.8355    27.7072    27.7059    7.36198 0.0000e+00
      20350    669.126     3.4954     3.5023   3.227103   3.227411     1.9160     2.2973      8.009     0.6875     0.7401 1.0740e-01    -0.1113   102.8219     6.6677     6.9192    34.8389    34.8353    27.7093    27.7057    7.36265 0.0000e+00
      20353    669.196     3.4935     3.4989   3.227020   3.227152     1.9164     2.2961      8.009     0.7087     0.7401 1.0752e-01    -0.1110   102.8129     6.6670     6.9128    34.8399    34.8358    27.7102    27.7065    7.36294 0.0000e+00
      20356    669.262     3.4919     3.4911   3.226932   3.226740     1.9168     2.2961      8.009     0.6875     0.7006 1.0740e-01    -0.1099   102.7858     6.6677     6.9138    34.8406    34.8390    27.7109    27.7098    7.36321 0.0000e+00
      20359    669.325     3.4906     3.4893   3.226847   3.226651     1.9168     2.2973      8.009     0.6981     3.0694 1.0752e-01    -0.1099   102.7858     6.6686     6.9188    34.8408    34.8399    27.7113    27.7106    7.36343 0.0000e+00
      20362    669.386     3.4900     3.4883   3.226816   3.226586     1.9168     2.2961      8.009     0.6876     3.7405 1.0752e-01    -0.1099   102.7858     6.6693     6.9142    34.8411    34.8401    27.7115    27.7109    7.36353 0.0000e+00
      20365    669.448     3.4899     3.4897   3.226808   3.226646     1.9164     2.2973      8.009     0.6981     3.7010 1.0752e-01    -0.1099   102.7858     6.6667     6.9180    34.8411    34.8394    27.7116    27.7102    7.36355 0.0000e+00
      20368    669.509     3.4899     3.4909   3.226812   3.226713     1.9164     2.2973      8.009     0.6770     3.7010 1.0752e-01    -0.1099   102.7858     6.6705     6.9162    34.8411    34.8389    27.7116    27.7097    7.36355 0.0000e+00
      20371    669.568     3.4925     3.4917   3.226961   3.226783     1.9164     2.2973      8.009     0.6875     3.7010 1.0752e-01    -0.1106   102.8039     6.6733     6.9156    34.8401    34.8387    27.7104    27.7095    7.36312 0.0000e+00
      20374    669.627     3.4956     3.4938   3.227122   3.226895     1.9164     2.2973      8.009     0.6981     3.7010 1.0740e-01    -0.1103   102.7948     6.6733     6.9148    34.8387    34.8379    27.7091    27.7086    7.36263 0.0000e+00
      20377    669.688     3.4959     3.4934   3.227112   3.226888     1.9160     2.2969      8.009     0.6770     3.7010 1.0740e-01    -0.1124   102.8491     6.6696     6.9129    34.8382    34.8381    27.7087    27.7089    7.36259 0.0000e+00
      20380    669.750     3.4947     3.4933   3.227051   3.226870     1.9164     2.2969      8.009     0.6770     3.7010 1.0752e-01    -0.1120   102.8400     6.6720     6.9112    34.8388    34.8381    27.7092    27.7088    7.36279 0.0000e+00
      20383    669.813     3.4951     3.4955   3.227127   3.227011     1.9168     2.2973      8.009     0.6981     3.5826 1.0740e-01    -0.1120   102.8400     6.6750     6.9113    34.8392    34.8373    27.7095    27.7080    7.36269 0.0000e+00
