Datasets/AZMP/TEL210/tel210_2020_006.cnv
* Sea-Bird SBE 9 Data File:
* FileName = C:\CTDDATA\tel210_2020_006.hex
* Software Version Seasave V 7.26.7.110
* Temperature SN = 1697
* Conductivity SN = 4216
* Number of Bytes Per Scan = 30
* Number of Voltage Words = 4
* Number of Scans Averaged by the Deck Unit = 1
* NMEA baud rate = 4800
** VESSEL/TRIP/SEQ STN:  tel210_2020_006
** LATITUDE XX XX.XX: 47 00.00 N
** LONGITUDE XX XX.XX: 052 19.30 W
** SOUNDING DEPTH (M): 0125
** PROBE TYPE: S1146
** CTD NUMBER: 005
** COMMENTS (14 CHAR): FC-04
** BOTTLES:  9
** LEVELS: 5,10,20,30,40,50,75,100,BTM
** STICKERS: 435771 - 435779
** VNET: Y
** DO2: N
# nquan = 22
# nvalues = 2887                        
# units = specified
# name 0 = scan: Scan Count
# name 1 = prDM: Pressure, Digiquartz [db]
# name 2 = t090C: Temperature [ITS-90, deg C]
# name 3 = t190C: Temperature, 2 [ITS-90, deg C]
# name 4 = c0S/m: Conductivity [S/m]
# name 5 = c1S/m: Conductivity, 2 [S/m]
# name 6 = sbeox0V: Oxygen raw, SBE 43 [V]
# name 7 = sbeox1V: Oxygen raw, SBE 43, 2 [V]
# name 8 = ph: pH
# name 9 = flECO-AFL: Fluorescence, WET Labs ECO-AFL/FL [mg/m^3]
# name 10 = wetCDOM: Fluorescence, WET Labs CDOM [mg/m^3]
# name 11 = par/sat/log: PAR/Logarithmic, Satlantic [umol photons/m^2/sec]
# name 12 = CStarAt0: Beam Attenuation, WET Labs C-Star [1/m]
# name 13 = CStarTr0: Beam Transmission, WET Labs C-Star [%]
# name 14 = sbeox0ML/L: Oxygen, SBE 43 [ml/l], WS = 2
# name 15 = sbeox1ML/L: Oxygen, SBE 43, 2 [ml/l], WS = 2
# name 16 = sal00: Salinity, Practical [PSU]
# name 17 = sal11: Salinity, Practical, 2 [PSU]
# name 18 = sigma-t00: Density [sigma-t, kg/m^3 ]
# name 19 = sigma-t11: Density, 2 [sigma-t, kg/m^3 ]
# name 20 = oxsatML/L: Oxygen Saturation, Weiss [ml/l]
# name 21 = flag: flag
# span 0 =         13,      30259       
# span 1 =      1.021,    121.678       
# span 2 =    -1.5632,    11.8843       
# span 3 =    -1.5685,    11.8809       
# span 4 =   2.609729,   3.669168       
# span 5 =   2.609268,   3.668615       
# span 6 =     1.8196,     2.3630       
# span 7 =     2.2103,     2.8796       
# span 8 =      7.771,      8.131       
# span 9 =    -0.6019,     0.5275       
# span 10 =    -2.8130,   482.1870      
# span 11 = 1.0715e-01, 1.0036e+02      
# span 12 =    -0.1658,     0.0051      
# span 13 =    99.8739,   104.2327      
# span 14 =     6.0494,     8.2549      
# span 15 =     6.1276,     8.7976      
# span 16 =    31.8253,    33.0546      
# span 17 =    31.8118,    33.0173      
# span 18 =    24.1671,    26.5578      
# span 19 =    24.1939,    26.5309      
# span 20 =    6.18553,    8.52416      
# span 21 = 0.0000e+00, 0.0000e+00      
# interval = scans: 3                   
# start_time = Jul 15 2020 10:00:58 [System UTC, header]
# bad_flag = -9.990e-29
*END*
[from data line 988]
       3767     98.092    -0.2715    -0.2825   2.727223   2.726265     1.9926     2.4203      7.827    -0.5511     7.2936 1.0752e-01    -0.1411   103.5906     7.1568     7.4586    32.8967    32.8959    26.4208    26.4206    8.22088 0.0000e+00
       3770     98.189    -0.2729    -0.2826   2.727156   2.726358     1.9922     2.4179      7.828    -0.5511     2.3193 1.0727e-01    -0.1341   103.4097     7.1644     7.4621    32.8972    32.8971    26.4212    26.4216    8.22115 0.0000e+00
       3773     98.288    -0.2707    -0.2796   2.727392   2.726634     1.9914     2.4167      7.825    -0.5511     1.9245 1.0727e-01    -0.1320   103.3555     7.1692     7.4686    32.8979    32.8975    26.4217    26.4218    8.22063 0.0000e+00
       3776     98.389    -0.2717    -0.2777   2.727217   2.726691     1.9898     2.4142      7.824    -0.5511     1.9245 1.0752e-01    -0.1320   103.3555     7.1676     7.4680    32.8966    32.8962    26.4207    26.4206    8.22092 0.0000e+00
       3779     98.496    -0.2731    -0.2781   2.727186   2.726627     1.9877     2.4134      7.824    -0.5613     1.9245 1.0752e-01    -0.1320   103.3555     7.1630     7.4746    32.8977    32.8957    26.4217    26.4202    8.22118 0.0000e+00
       3782     98.608    -0.2698    -0.2760   2.727485   2.726865     1.9861     2.4106      7.824    -0.5511     1.9245 1.0752e-01    -0.1320   103.3555     7.1581     7.4728    32.8981    32.8965    26.4218    26.4208    8.22043 0.0000e+00
       3785     98.723    -0.2708    -0.2748   2.727296   2.726934     1.9861     2.4102      7.824    -0.5714     1.9245 1.0740e-01    -0.1320   103.3555     7.1618     7.4814    32.8966    32.8961    26.4206    26.4204    8.22074 0.0000e+00
       3788     98.843    -0.2717    -0.2734   2.727229   2.727061     1.9840     2.4081      7.824    -0.5816     1.9245 1.0740e-01    -0.1313   103.3374     7.1512     7.4786    32.8966    32.8962    26.4207    26.4204    8.22094 0.0000e+00
       3791     98.965    -0.2709    -0.2744   2.727266   2.726922     1.9828     2.4057      7.824    -0.5918     1.9245 1.0740e-01    -0.1278   103.2470     7.1419     7.4695    32.8961    32.8954    26.4203    26.4198    8.22078 0.0000e+00
       3794     99.090    -0.2715    -0.2769   2.727236   2.726704     1.9820     2.4044      7.824    -0.5918     3.3062 1.0752e-01    -0.1278   103.2470     7.1354     7.4666    32.8963    32.8950    26.4205    26.4196    8.22091 0.0000e+00
       3797     99.219    -0.2716    -0.2766   2.727158   2.726758     1.9816     2.4028      7.824    -0.5714     8.5964 1.0727e-01    -0.1278   103.2470     7.1354     7.4594    32.8953    32.8954    26.4196    26.4199    8.22099 0.0000e+00
       3800     99.347    -0.2734    -0.2779   2.727053   2.726596     1.9804     2.4020      7.824    -0.5918     8.4385 1.0740e-01    -0.1275   103.2380     7.1293     7.4559    32.8957    32.8946    26.4201    26.4193    8.22135 0.0000e+00
       3803     99.477    -0.2734    -0.2787   2.727104   2.726535     1.9788     2.4004      7.824    -0.5918     8.4780 1.0752e-01    -0.1278   103.2470     7.1214     7.4464    32.8963    32.8945    26.4205    26.4193    8.22131 0.0000e+00
       3806     99.605    -0.2714    -0.2761   2.727198   2.726864     1.9771     2.3992      7.824    -0.5918     8.4385 1.0752e-01    -0.1278   103.2470     7.1060     7.4373    32.8954    32.8960    26.4197    26.4204    8.22094 0.0000e+00
       3809     99.731    -0.2725    -0.2773   2.727088   2.726606     1.9759     2.3983      7.824    -0.5918     8.4385 1.0727e-01    -0.1264   103.2108     7.0980     7.4278    32.8950    32.8938    26.4194    26.4187    8.22120 0.0000e+00
       3812     99.858    -0.2716    -0.2739   2.727505   2.727266     1.9751     2.3955      7.824    -0.5613     8.4780 1.0740e-01    -0.1243   103.1566     7.0921     7.4106    32.8995    32.8989    26.4230    26.4226    8.22074 0.0000e+00
       3815     99.983    -0.2412    -0.2400   2.731384   2.731169     1.9730     2.3930      7.823    -0.5613     8.4385 1.0752e-01    -0.1243   103.1566     7.0695     7.3855    32.9181    32.9140    26.4367    26.4333    8.21301 0.0000e+00
       3818    100.105    -0.1709    -0.1877   2.737924   2.736018     1.9718     2.3922      7.823    -0.5613     8.4385 1.0715e-01    -0.1247   103.1656     7.0429     7.3610    32.9289    32.9217    26.4423    26.4373    8.19698 0.0000e+00
       3821    100.221    -0.1324    -0.1390   2.740399   2.739826     1.9706     2.3898      7.823    -0.5511   237.5354 1.0740e-01    -0.1247   103.1656     7.0242     7.3328    32.9200    32.9195    26.4334    26.4333    8.18904 0.0000e+00
       3824    100.338    -0.1166    -0.1107   2.741516   2.742231     1.9694     2.3882      7.818    -0.5613   482.1870 1.0740e-01    -0.1247   103.1656     7.0130     7.3101    32.9177    32.9209    26.4308    26.4330    8.18571 0.0000e+00
       3827    100.445    -0.0942    -0.0936   2.743419   2.743180     1.9678     2.3861      7.818    -0.5511   481.0816 1.0752e-01    -0.1243   103.1566     6.9981     7.2898    32.9187    32.9149    26.4306    26.4275    8.18077 0.0000e+00
       3830    100.547    -0.0818    -0.0923   2.744215   2.743235     1.9661     2.3837      7.818    -0.5409   481.3579 1.0727e-01    -0.1226   103.1113     6.9823     7.2721    32.9158    32.9141    26.4276    26.4267    8.17822 0.0000e+00
       3833    100.648    -0.0824    -0.0897   2.743942   2.743382     1.9653     2.3817      7.813    -0.5511   481.3184 1.0740e-01    -0.1215   103.0842     6.9769     7.2567    32.9128    32.9132    26.4252    26.4259    8.17852 0.0000e+00
       3836    100.745    -0.0731    -0.0884   2.745441   2.743777     1.9641     2.3792      7.813    -0.5511   481.3579 1.0727e-01    -0.1215   103.0842     6.9654     7.2434    32.9225    32.9169    26.4327    26.4289    8.17595 0.0000e+00
       3839    100.835    -0.0418    -0.0605   2.748001   2.746796     1.9621     2.3772      7.811    -0.5409   481.3184 1.0752e-01    -0.1215   103.0842     6.9455     7.2230    32.9226    32.9267    26.4312    26.4355    8.16913 0.0000e+00
       3842    100.921    -0.0283    -0.0348   2.749051   2.748540     1.9600     2.3751      7.810    -0.5409   481.3579 1.0727e-01    -0.1215   103.0842     6.9280     7.2057    32.9218    32.9220    26.4300    26.4305    8.16623 0.0000e+00
       3845    101.002    -0.0088    -0.0131   2.751009   2.750575     1.9584     2.3723      7.808    -0.5613   481.3579 1.0752e-01    -0.1219   103.0932     6.9132     7.1869    32.9266    32.9255    26.4329    26.4323    8.16171 0.0000e+00
       3848    101.077     0.0080     0.0035   2.752307   2.751901     1.9572     2.3698      7.808    -0.5511   117.5981 1.0740e-01    -0.1219   103.0932     6.8975     7.1689    32.9256    32.9251    26.4314    26.4311    8.15812 0.0000e+00
       3851    101.147     0.0117     0.0056   2.752684   2.752116     1.9555     2.3674      7.805    -0.5409     1.9245 1.0740e-01    -0.1208   103.0661     6.8829     7.1524    32.9266    32.9256    26.4319    26.4314    8.15726 0.0000e+00
       3854    101.217     0.0094     0.0018   2.752630   2.751983     1.9535     2.3649      7.803    -0.5511     6.5041 1.0715e-01    -0.1212   103.0752     6.8649     7.1386    32.9282    32.9279    26.4334    26.4335    8.15766 0.0000e+00
       3857    101.280     0.0033    -0.0037   2.752258   2.751662     1.9531     2.3621      7.803    -0.5613     6.3067 1.0740e-01    -0.1215   103.0842     6.8594     7.1251    32.9299    32.9296    26.4350    26.4351    8.15890 0.0000e+00
       3860    101.340    -0.0031    -0.0110   2.751930   2.751228     1.9502     2.3605      7.800    -0.5511     6.3067 1.0727e-01    -0.1208   103.0661     6.8444     7.1161    32.9324    32.9317    26.4373    26.4372    8.16014 0.0000e+00
       3863    101.398    -0.0081    -0.0167   2.751665   2.750886     1.9490     2.3580      7.799    -0.5409     6.3067 1.0752e-01    -0.1215   103.0842     6.8348     7.1018    32.9342    32.9332    26.4391    26.4387    8.16113 0.0000e+00
       3866    101.456    -0.0119    -0.0198   2.751411   2.750715     1.9474     2.3560      7.799    -0.5206     6.3067 1.0752e-01    -0.1215   103.0842     6.8204     7.0872    32.9350    32.9343    26.4399    26.4396    8.16193 0.0000e+00
       3869    101.514    -0.0145    -0.0214   2.751241   2.750587     1.9453     2.3527      7.796    -0.5206     6.3067 1.0740e-01    -0.1201   103.0480     6.8009     7.0667    32.9355    32.9343    26.4404    26.4397    8.16245 0.0000e+00
       3872    101.570    -0.0158    -0.0225   2.751131   2.750514     1.9429     2.3495      7.794    -0.5206     5.5961 1.0740e-01    -0.1152   102.9214     6.7812     7.0447    32.9354    32.9345    26.4404    26.4399    8.16275 0.0000e+00
       3875    101.630    -0.0181    -0.0260   2.750929   2.750196     1.9409     2.3466      7.794    -0.5206    -1.3918 1.0740e-01    -0.1152   102.9214     6.7641     7.0223    32.9352    32.9340    26.4404    26.4398    8.16326 0.0000e+00
       3878    101.691    -0.0232    -0.0320   2.750524   2.749761     1.9388     2.3446      7.792    -0.5308    -1.5497 1.0740e-01    -0.1152   102.9214     6.7443     7.0054    32.9353    32.9347    26.4407    26.4406    8.16436 0.0000e+00
       3881    101.754    -0.0303    -0.0395   2.750030   2.749200     1.9376     2.3421      7.789    -0.5104    -1.5891 1.0740e-01    -0.1152   102.9214     6.7314     6.9840    32.9364    32.9353    26.4419    26.4414    8.16584 0.0000e+00
       3884    101.819    -0.0373    -0.0440   2.749537   2.748920     1.9356     2.3389      7.789    -0.5206    -1.5891 1.0740e-01    -0.1152   102.9214     6.7161     6.9586    32.9373    32.9365    26.4430    26.4426    8.16731 0.0000e+00
       3887    101.887    -0.0391    -0.0459   2.749385   2.748744     1.9327     2.3352      7.789    -0.5206    -1.5891 1.0740e-01    -0.1152   102.9214     6.6931     6.9355    32.9373    32.9362    26.4430    26.4424    8.16772 0.0000e+00
       3890    101.961    -0.0418    -0.0492   2.749125   2.748527     1.9303     2.3320      7.787    -0.5104    -1.5497 1.0740e-01    -0.1134   102.8762     6.6791     6.9145    32.9367    32.9368    26.4427    26.4431    8.16834 0.0000e+00
       3893    102.035    -0.0450    -0.0515   2.748937   2.748388     1.9282     2.3283      7.786    -0.5104    -1.5497 1.0752e-01    -0.1110   102.8129     6.6700     6.8966    32.9376    32.9373    26.4435    26.4437    8.16897 0.0000e+00
       3896    102.114    -0.0471    -0.0523   2.748818   2.748364     1.9258     2.3255      7.784    -0.5104    -1.5891 1.0740e-01    -0.1110   102.8129     6.6566     6.8845    32.9383    32.9379    26.4442    26.4441    8.16940 0.0000e+00
       3899    102.196    -0.0473    -0.0512   2.748860   2.748499     1.9238     2.3210      7.784    -0.5206     0.2664 1.0740e-01    -0.1110   102.8129     6.6476     6.8667    32.9390    32.9384    26.4448    26.4445    8.16940 0.0000e+00
       3902    102.280    -0.0464    -0.0517   2.748939   2.748479     1.9205     2.3185      7.784    -0.5308     4.4906 1.0752e-01    -0.1110   102.8129     6.6369     6.8622    32.9390    32.9386    26.4448    26.4447    8.16921 0.0000e+00
       3905    102.375    -0.0468    -0.0519   2.748928   2.748503     1.9189     2.3141      7.784    -0.5206     4.2932 1.0740e-01    -0.1110   102.8129     6.6374     6.8551    32.9393    32.9391    26.4450    26.4451    8.16928 0.0000e+00
       3908    102.465    -0.0499    -0.0555   2.748620   2.748104     1.9156     2.3104      7.784    -0.5206     4.2932 1.0727e-01    -0.1110   102.8129     6.6345     6.8574    32.9385    32.9376    26.4445    26.4441    8.17000 0.0000e+00
       3911    102.559    -0.0574    -0.0634   2.748071   2.747518     1.9136     2.3079      7.784    -0.5206     4.2932 1.0752e-01    -0.1053   102.6682     6.6404     6.8677    32.9393    32.9384    26.4455    26.4451    8.17159 0.0000e+00
       3914    102.653    -0.0687    -0.0789   2.747131   2.746101     1.9128     2.3034      7.779    -0.5206     4.2932 1.0740e-01    -0.1018   102.5778     6.6536     6.8750    32.9389    32.9363    26.4457    26.4441    8.17406 0.0000e+00
       3917    102.750    -0.1028    -0.1172   2.743959   2.742720     1.9103     2.3022      7.779    -0.5206     4.2932 1.0740e-01    -0.1025   102.5959     6.6629     6.9028    32.9337    32.9329    26.4431    26.4430    8.18180 0.0000e+00
       3920    102.848    -0.1456    -0.1557   2.740685   2.739843     1.9075     2.2994      7.780    -0.5409     4.2932 1.0727e-01    -0.1025   102.5959     6.6747     6.9260    32.9365    32.9363    26.4473    26.4476    8.19101 0.0000e+00
       3923    102.945    -0.1703    -0.1788   2.738999   2.738418     1.9071     2.2973      7.780    -0.5104     4.2932 1.0752e-01    -0.1025   102.5959     6.6963     6.9499    32.9408    32.9422    26.4519    26.4534    8.19617 0.0000e+00
       3926    103.041    -0.1884    -0.1986   2.737534   2.736697     1.9058     2.2953      7.780    -0.5206     3.2273 1.0727e-01    -0.1025   102.5959     6.7153     6.9749    32.9409    32.9408    26.4528    26.4531    8.20014 0.0000e+00
       3929    103.141    -0.2111    -0.2261   2.735428   2.734208     1.9042     2.2933      7.780    -0.5206     2.4772 1.0740e-01    -0.1022   102.5868     6.7332     7.0060    32.9374    32.9375    26.4509    26.4517    8.20531 0.0000e+00
       3932    103.238    -0.2474    -0.2647   2.732254   2.730838     1.9026     2.2920      7.780    -0.5308     2.5167 1.0752e-01    -0.0976   102.4693     6.7550     7.0382    32.9344    32.9344    26.4502    26.4509    8.21346 0.0000e+00
       3935    103.335    -0.2918    -0.3093   2.728215   2.726916     1.9018     2.2904      7.780    -0.5104     2.5167 1.0740e-01    -0.0972   102.4602     6.7783     7.0712    32.9287    32.9303    26.4475    26.4496    8.22355 0.0000e+00
       3938    103.431    -0.3523    -0.3724   2.722828   2.721541     1.9001     2.2896      7.780    -0.5104     2.5167 1.0740e-01    -0.0972   102.4602     6.7994     7.1116    32.9225    32.9270    26.4451    26.4496    8.23726 0.0000e+00
       3941    103.527    -0.4295    -0.4542   2.716089   2.714526     1.8993     2.2892      7.780    -0.5308     2.5167 1.0727e-01    -0.0972   102.4602     6.8319     7.1534    32.9162    32.9221    26.4432    26.4490    8.25470 0.0000e+00
       3944    103.622    -0.5461    -0.5595   2.705699   2.704918     1.8985     2.2880      7.783    -0.5308     2.5167 1.0740e-01    -0.0972   102.4602     6.8690     7.1999    32.9037    32.9078    26.4378    26.4417    8.28134 0.0000e+00
       3947    103.715    -0.6545    -0.6658   2.696858   2.696304     1.8981     2.2868      7.786    -0.5206     2.5167 1.0727e-01    -0.0972   102.4602     6.9010     7.2467    32.9029    32.9078    26.4414    26.4458    8.30562 0.0000e+00
       3950    103.809    -0.7404    -0.7449   2.690747   2.690073     1.8977     2.2876      7.789    -0.5206     2.5167 1.0740e-01    -0.0965   102.4421     6.9308     7.2931    32.9141    32.9100    26.4537    26.4506    8.32427 0.0000e+00
       3953    103.901    -0.7901    -0.7937   2.687346   2.686984     1.8981     2.2880      7.793    -0.5104    -0.7601 1.0715e-01    -0.0940   102.3788     6.9611     7.3308    32.9224    32.9215    26.4623    26.4617    8.33499 0.0000e+00
       3956    103.994    -0.8144    -0.8226   2.685841   2.685315     1.8977     2.2876      7.799    -0.5206    -1.2733 1.0727e-01    -0.0940   102.3788     6.9785     7.3594    32.9286    32.9305    26.4682    26.4700    8.34013 0.0000e+00
       3959    104.082    -0.8276    -0.8366   2.684883   2.684233     1.8965     2.2880      7.804    -0.5308    -1.1549 1.0715e-01    -0.0940   102.3788     6.9864     7.3859    32.9301    32.9311    26.4699    26.4709    8.34303 0.0000e+00
