Datasets/AZMP/TEL210/tel210_2020_108.cnv
* Sea-Bird SBE 9 Data File:
* FileName = C:\CTDDATA\tel210_2020_108.hex
* Software Version Seasave V 7.26.7.110
* Temperature SN = 1697
* Conductivity SN = 4216
* Number of Bytes Per Scan = 30
* Number of Voltage Words = 4
* Number of Scans Averaged by the Deck Unit = 1
* NMEA baud rate = 4800
** VESSEL/TRIP/SEQ STN:  tel210_2020_108
** LATITUDE XX XX.XX: 55 22.30 N
** LONGITUDE XX XX.XX: 58 08.70 W
** SOUNDING DEPTH (M): 0182
** PROBE TYPE: S1146
** CTD NUMBER: 074
** COMMENTS (14 CHAR): MB-04
** BOTTLES:  10
** LEVELS: 5,10,20,30,40,50,75,100,150,BTM
** STICKERS: 436309 - 436318
** VNET: Y
** DO2: Y
# nquan = 22
# nvalues = 3958                        
# units = specified
# name 0 = scan: Scan Count
# name 1 = prDM: Pressure, Digiquartz [db]
# name 2 = t090C: Temperature [ITS-90, deg C]
# name 3 = t190C: Temperature, 2 [ITS-90, deg C]
# name 4 = c0S/m: Conductivity [S/m]
# name 5 = c1S/m: Conductivity, 2 [S/m]
# name 6 = sbeox0V: Oxygen raw, SBE 43 [V]
# name 7 = sbeox1V: Oxygen raw, SBE 43, 2 [V]
# name 8 = ph: pH
# name 9 = flECO-AFL: Fluorescence, WET Labs ECO-AFL/FL [mg/m^3]
# name 10 = wetCDOM: Fluorescence, WET Labs CDOM [mg/m^3]
# name 11 = par/sat/log: PAR/Logarithmic, Satlantic [umol photons/m^2/sec]
# name 12 = CStarAt0: Beam Attenuation, WET Labs C-Star [1/m]
# name 13 = CStarTr0: Beam Transmission, WET Labs C-Star [%]
# name 14 = sbeox0ML/L: Oxygen, SBE 43 [ml/l], WS = 2
# name 15 = sbeox1ML/L: Oxygen, SBE 43, 2 [ml/l], WS = 2
# name 16 = sal00: Salinity, Practical [PSU]
# name 17 = sal11: Salinity, Practical, 2 [PSU]
# name 18 = sigma-t00: Density [sigma-t, kg/m^3 ]
# name 19 = sigma-t11: Density, 2 [sigma-t, kg/m^3 ]
# name 20 = oxsatML/L: Oxygen Saturation, Weiss [ml/l]
# name 21 = flag: flag
# span 0 =          2,      37333       
# span 1 =      2.126,    183.481       
# span 2 =    -1.2619,     7.7294       
# span 3 =    -1.2669,     7.7281       
# span 4 =   2.601299,   3.252215       
# span 5 =   2.600962,   3.252528       
# span 6 =     1.9338,     2.4747       
# span 7 =     2.3346,     3.0532       
# span 8 =      7.984,      8.273       
# span 9 =     0.6770,     2.3172       
# span 10 =    -2.8130,   482.1870      
# span 11 = 1.0715e-01, 2.9373e+02      
# span 12 =    -0.1324,     0.1703      
# span 13 =    95.8316,   103.3645      
# span 14 =     6.7906,     8.9952      
# span 15 =     6.9814,     9.5828      
# span 16 =    31.0307,    33.1445      
# span 17 =    31.1760,    33.1436      
# span 18 =    24.4041,    26.6390      
# span 19 =    24.3763,    26.6386      
# span 20 =    6.80928,    8.47507      
# span 21 = 0.0000e+00, 0.0000e+00      
# interval = scans: 3                   
# start_time = Jul 27 2020 16:24:31 [System UTC, header]
# bad_flag = -9.990e-29
*END*
[from data line 1186]
       3698    124.058    -0.9381    -0.9436   2.673216   2.672822     1.9755     2.3890      7.996     0.7299     2.7930 1.0740e-01    -0.1152   102.9214     7.4733     7.7826    32.8810    32.8816    26.4340    26.4346    8.37088 0.0000e+00
       3701    124.097    -0.9380    -0.9435   2.673216   2.672820     1.9763     2.3882      7.994     0.7299     2.3982 1.0740e-01    -0.1152   102.9214     7.4785     7.7791    32.8809    32.8815    26.4339    26.4345    8.37087 0.0000e+00
       3704    124.137    -0.9382    -0.9434   2.673221   2.672830     1.9763     2.3882      7.994     0.7405     2.3982 1.0752e-01    -0.1152   102.9214     7.4806     7.7789    32.8811    32.8815    26.4341    26.4346    8.37090 0.0000e+00
       3707    124.178    -0.9382    -0.9433   2.673231   2.672863     1.9763     2.3882      7.994     0.7299     2.3982 1.0752e-01    -0.1141   102.8943     7.4809     7.7823    32.8812    32.8817    26.4341    26.4347    8.37088 0.0000e+00
       3710    124.219    -0.9381    -0.9434   2.673252   2.672867     1.9759     2.3886      7.996     0.7405     2.3982 1.0727e-01    -0.1134   102.8762     7.4788     7.7878    32.8814    32.8820    26.4343    26.4349    8.37086 0.0000e+00
       3713    124.264    -0.9381    -0.9435   2.673253   2.672868     1.9763     2.3882      7.993     0.7299     2.3982 1.0740e-01    -0.1138   102.8853     7.4806     7.7862    32.8814    32.8820    26.4343    26.4349    8.37086 0.0000e+00
       3716    124.308    -0.9380    -0.9435   2.673251   2.672860     1.9759     2.3874      7.994     0.7299     2.3982 1.0727e-01    -0.1131   102.8672     7.4777     7.7804    32.8811    32.8819    26.4341    26.4349    8.37084 0.0000e+00
       3719    124.357    -0.9381    -0.9434   2.673259   2.672870     1.9759     2.3882      7.994     0.7405     2.3982 1.0727e-01    -0.1134   102.8762     7.4760     7.7815    32.8814    32.8818    26.4343    26.4348    8.37086 0.0000e+00
       3722    124.412    -0.9381    -0.9434   2.673259   2.672887     1.9763     2.3878      7.994     0.7616     2.3982 1.0740e-01    -0.1141   102.8943     7.4753     7.7787    32.8813    32.8820    26.4342    26.4350    8.37085 0.0000e+00
       3725    124.477    -0.9381    -0.9433   2.673285   2.672887     1.9755     2.3870      7.996     0.7510     1.3323 1.0727e-01    -0.1134   102.8762     7.4670     7.7770    32.8816    32.8820    26.4345    26.4349    8.37083 0.0000e+00
       3728    124.538    -0.9379    -0.9433   2.673283   2.672938     1.9763     2.3874      7.996     0.7616     1.0559 1.0727e-01    -0.1124   102.8491     7.4725     7.7808    32.8813    32.8826    26.4342    26.4354    8.37080 0.0000e+00
       3731    124.605    -0.9380    -0.9431   2.673324   2.672956     1.9755     2.3882      7.994     0.7616     1.0954 1.0727e-01    -0.1127   102.8581     7.4690     7.7841    32.8820    32.8826    26.4348    26.4354    8.37079 0.0000e+00
       3734    124.676    -0.9378    -0.9432   2.673369   2.672970     1.9755     2.3882      7.994     0.7722     1.0954 1.0727e-01    -0.1124   102.8491     7.4685     7.7842    32.8824    32.8828    26.4350    26.4356    8.37073 0.0000e+00
       3737    124.755    -0.9378    -0.9430   2.673359   2.672976     1.9755     2.3874      7.994     0.7616     1.0954 1.0727e-01    -0.1131   102.8672     7.4685     7.7839    32.8821    32.8826    26.4348    26.4354    8.37073 0.0000e+00
       3740    124.838    -0.9374    -0.9430   2.673376   2.673014     1.9759     2.3870      7.993     0.7616     1.0954 1.0727e-01    -0.1127   102.8581     7.4700     7.7808    32.8819    32.8831    26.4347    26.4358    8.37067 0.0000e+00
       3743    124.927    -0.9376    -0.9429   2.673416   2.673059     1.9747     2.3870      7.996     0.7510     1.0954 1.0727e-01    -0.1127   102.8581     7.4628     7.7809    32.8826    32.8836    26.4352    26.4362    8.37067 0.0000e+00
       3746    125.023    -0.9375    -0.9428   2.673457   2.673109     1.9751     2.3870      7.996     0.7405     1.0954 1.0727e-01    -0.1106   102.8038     7.4636     7.7813    32.8830    32.8840    26.4356    26.4366    8.37063 0.0000e+00
       3749    125.124    -0.9373    -0.9426   2.673531   2.673172     1.9751     2.3874      7.996     0.7299     1.1744 1.0715e-01    -0.1057   102.6773     7.4628     7.7813    32.8837    32.8846    26.4361    26.4370    8.37054 0.0000e+00
       3752    125.230    -0.9371    -0.9425   2.673587   2.673225     1.9755     2.3878      7.994     0.7299     2.1219 1.0715e-01    -0.1057   102.6773     7.4658     7.7781    32.8842    32.8852    26.4365    26.4375    8.37046 0.0000e+00
       3755    125.341    -0.9367    -0.9423   2.673626   2.673263     1.9751     2.3870      7.994     0.7299     2.1614 1.0727e-01    -0.1057   102.6773     7.4665     7.7735    32.8842    32.8854    26.4365    26.4377    8.37037 0.0000e+00
       3758    125.460    -0.9368    -0.9422   2.673650   2.673283     1.9751     2.3870      7.993     0.7299     2.1614 1.0740e-01    -0.1057   102.6773     7.4671     7.7778    32.8846    32.8855    26.4368    26.4377    8.37037 0.0000e+00
       3761    125.585    -0.9368    -0.9422   2.673653   2.673287     1.9751     2.3874      7.994     0.7299     2.1219 1.0727e-01    -0.1057   102.6773     7.4702     7.7833    32.8845    32.8854    26.4368    26.4377    8.37038 0.0000e+00
       3764    125.713    -0.9367    -0.9422   2.673665   2.673322     1.9743     2.3866      7.994     0.7299     2.1614 1.0727e-01    -0.1057   102.6773     7.4674     7.7780    32.8846    32.8859    26.4368    26.4381    8.37036 0.0000e+00
       3767    125.849    -0.9370    -0.9423   2.673683   2.673308     1.9747     2.3870      7.996     0.7299     2.1614 1.0715e-01    -0.1089   102.7587     7.4690     7.7774    32.8850    32.8857    26.4372    26.4379    8.37040 0.0000e+00
       3770    125.988    -0.9367    -0.9419   2.673725   2.673340     1.9743     2.3866      7.993     0.7299     2.1614 1.0740e-01    -0.1120   102.8400     7.4645     7.7742    32.8852    32.8856    26.4373    26.4378    8.37031 0.0000e+00
       3773    126.136    -0.9367    -0.9420   2.673746   2.673377     1.9739     2.3862      7.994     0.7616     2.1614 1.0740e-01    -0.1120   102.8400     7.4620     7.7743    32.8854    32.8862    26.4374    26.4383    8.37031 0.0000e+00
       3776    126.281    -0.9365    -0.9417   2.673802   2.673436     1.9747     2.3858      7.993     0.7616     1.9245 1.0727e-01    -0.1120   102.8400     7.4684     7.7761    32.8858    32.8866    26.4377    26.4386    8.37023 0.0000e+00
       3779    126.431    -0.9362    -0.9416   2.673878   2.673504     1.9751     2.3862      7.991     0.7616     1.4112 1.0715e-01    -0.1120   102.8400     7.4727     7.7782    32.8865    32.8873    26.4383    26.4391    8.37014 0.0000e+00
       3782    126.584    -0.9362    -0.9416   2.673940   2.673559     1.9743     2.3874      7.991     0.7722     1.4507 1.0727e-01    -0.1120   102.8400     7.4690     7.7827    32.8872    32.8879    26.4389    26.4396    8.37009 0.0000e+00
       3785    126.736    -0.9363    -0.9415   2.673984   2.673601     1.9755     2.3866      7.993     0.7616     1.4507 1.0740e-01    -0.1120   102.8400     7.4754     7.7816    32.8878    32.8883    26.4393    26.4399    8.37007 0.0000e+00
       3788    126.891    -0.9362    -0.9416   2.674060   2.673685     1.9739     2.3858      7.993     0.7616     1.4112 1.0752e-01    -0.1131   102.8672     7.4693     7.7800    32.8886    32.8895    26.4401    26.4409    8.37001 0.0000e+00
       3791    127.048    -0.9358    -0.9414   2.674132   2.673751     1.9739     2.3858      7.991     0.7616     1.4507 1.0727e-01    -0.1138   102.8853     7.4687     7.7810    32.8891    32.8900    26.4404    26.4413    8.36989 0.0000e+00
       3794    127.206    -0.9359    -0.9411   2.674197   2.673811     1.9739     2.3862      7.991     0.7616     1.4507 1.0727e-01    -0.1134   102.8762     7.4681     7.7811    32.8899    32.8904    26.4411    26.4416    8.36985 0.0000e+00
       3797    127.365    -0.9356    -0.9409   2.674270   2.673929     1.9743     2.3870      7.994     0.7616     1.4507 1.0727e-01    -0.1131   102.8672     7.4657     7.7831    32.8905    32.8917    26.4416    26.4427    8.36976 0.0000e+00
       3800    127.521    -0.9353    -0.9406   2.674409   2.674029     1.9743     2.3862      7.993     0.7616     1.4507 1.0727e-01    -0.1134   102.8762     7.4632     7.7785    32.8920    32.8927    26.4427    26.4435    8.36961 0.0000e+00
       3803    127.675    -0.9352    -0.9404   2.674464   2.674077     1.9747     2.3858      7.993     0.7510     0.4243 1.0727e-01    -0.1141   102.8943     7.4654     7.7751    32.8925    32.8930    26.4432    26.4437    8.36956 0.0000e+00
       3806    127.826    -0.9351    -0.9404   2.674454   2.674090     1.9735     2.3858      7.994     0.7510    -0.2469 1.0740e-01    -0.1124   102.8491     7.4621     7.7765    32.8922    32.8930    26.4429    26.4438    8.36955 0.0000e+00
       3809    127.974    -0.9350    -0.9404   2.674469   2.674078     1.9739     2.3866      7.991     0.7510    -0.2074 1.0727e-01    -0.0994   102.5145     7.4643     7.7834    32.8922    32.8928    26.4429    26.4436    8.36952 0.0000e+00
       3812    128.119    -0.9349    -0.9404   2.674474   2.674104     1.9743     2.3862      7.991     0.7510    -0.2074 1.0740e-01    -0.0986   102.4964     7.4703     7.7811    32.8921    32.8930    26.4429    26.4438    8.36952 0.0000e+00
       3815    128.264    -0.9352    -0.9403   2.674473   2.674104     1.9739     2.3858      7.994     0.7616    -0.2074 1.0715e-01    -0.0983   102.4874     7.4670     7.7756    32.8922    32.8929    26.4430    26.4436    8.36956 0.0000e+00
       3818    128.399    -0.9350    -0.9405   2.674474   2.674099     1.9735     2.3845      7.993     0.7616    -0.2074 1.0727e-01    -0.0990   102.5055     7.4643     7.7670    32.8920    32.8930    26.4427    26.4437    8.36953 0.0000e+00
       3821    128.532    -0.9351    -0.9404   2.674545   2.674158     1.9731     2.3858      7.991     0.7616    -0.2074 1.0727e-01    -0.0990   102.5055     7.4604     7.7688    32.8929    32.8935    26.4435    26.4442    8.36950 0.0000e+00
       3824    128.661    -0.9350    -0.9402   2.674605   2.674257     1.9735     2.3858      7.994     0.7616    -0.2074 1.0727e-01    -0.0990   102.5055     7.4613     7.7718    32.8936    32.8946    26.4440    26.4450    8.36944 0.0000e+00
       3827    128.789    -0.9344    -0.9398   2.674646   2.674278     1.9735     2.3858      7.993     0.7722    -0.2469 1.0727e-01    -0.1022   102.5869     7.4612     7.7711    32.8935    32.8944    26.4439    26.4448    8.36932 0.0000e+00
       3830    128.912    -0.9345    -0.9400   2.674718   2.674317     1.9739     2.3858      7.991     0.7722     0.9375 1.0752e-01    -0.1141   102.8943     7.4645     7.7701    32.8944    32.8950    26.4447    26.4453    8.36928 0.0000e+00
       3833    129.029    -0.9344    -0.9398   2.674734   2.674346     1.9731     2.3858      7.993     0.7510     1.0559 1.0727e-01    -0.1131   102.8672     7.4576     7.7702    32.8945    32.8951    26.4448    26.4455    8.36926 0.0000e+00
       3836    129.141    -0.9343    -0.9396   2.674767   2.674386     1.9739     2.3849      7.993     0.7510     1.0954 1.0727e-01    -0.1134   102.8762     7.4610     7.7691    32.8947    32.8954    26.4450    26.4457    8.36922 0.0000e+00
       3839    129.249    -0.9344    -0.9395   2.674814   2.674436     1.9735     2.3849      7.993     0.7616     1.0954 1.0727e-01    -0.1134   102.8762     7.4608     7.7700    32.8954    32.8959    26.4455    26.4461    8.36920 0.0000e+00
       3842    129.353    -0.9341    -0.9394   2.674827   2.674476     1.9735     2.3841      7.993     0.7616     1.0559 1.0727e-01    -0.1131   102.8672     7.4631     7.7635    32.8953    32.8963    26.4454    26.4464    8.36915 0.0000e+00
       3845    129.450    -0.9341    -0.9392   2.674876   2.674523     1.9723     2.3837      7.991     0.7510     1.0954 1.0715e-01    -0.1134   102.8762     7.4577     7.7609    32.8959    32.8966    26.4459    26.4466    8.36912 0.0000e+00
       3848    129.545    -0.9337    -0.9392   2.674901   2.674551     1.9731     2.3854      7.991     0.7510     1.0954 1.0740e-01    -0.1127   102.8581     7.4622     7.7678    32.8956    32.8969    26.4457    26.4469    8.36903 0.0000e+00
       3851    129.636    -0.9336    -0.9389   2.674925   2.674573     1.9727     2.3845      7.991     0.7616     1.0954 1.0727e-01    -0.1127   102.8581     7.4610     7.7638    32.8958    32.8968    26.4458    26.4468    8.36899 0.0000e+00
       3854    129.720    -0.9338    -0.9390   2.674949   2.674577     1.9731     2.3846      7.991     0.7510     1.3323 1.0727e-01    -0.1127   102.8581     7.4643     7.7646    32.8963    32.8969    26.4462    26.4469    8.36901 0.0000e+00
       3857    129.798    -0.9334    -0.9389   2.674950   2.674592     1.9719     2.3846      7.991     0.7510     2.3982 1.0715e-01    -0.1127   102.8581     7.4593     7.7663    32.8959    32.8970    26.4458    26.4469    8.36895 0.0000e+00
       3860    129.875    -0.9332    -0.9390   2.674958   2.674590     1.9727     2.3846      7.991     0.7616     2.3982 1.0727e-01    -0.1127   102.8581     7.4659     7.7692    32.8957    32.8970    26.4457    26.4469    8.36892 0.0000e+00
       3863    129.948    -0.9335    -0.9389   2.675008   2.674615     1.9727     2.3837      7.991     0.7510     2.3982 1.0740e-01    -0.1127   102.8581     7.4664     7.7654    32.8966    32.8973    26.4465    26.4471    8.36893 0.0000e+00
       3866    130.016    -0.9334    -0.9387   2.675009   2.674629     1.9731     2.3837      7.991     0.7722     2.3982 1.0740e-01    -0.1124   102.8491     7.4695     7.7654    32.8966    32.8972    26.4464    26.4471    8.36892 0.0000e+00
       3869    130.082    -0.9334    -0.9389   2.675007   2.674626     1.9731     2.3846      7.991     0.7510     2.3982 1.0727e-01    -0.1131   102.8672     7.4710     7.7661    32.8965    32.8974    26.4463    26.4472    8.36892 0.0000e+00
       3872    130.146    -0.9333    -0.9389   2.675022   2.674616     1.9731     2.3833      7.991     0.7510     2.3982 1.0740e-01    -0.1131   102.8672     7.4686     7.7612    32.8966    32.8971    26.4463    26.4470    8.36890 0.0000e+00
       3875    130.206    -0.9334    -0.9387   2.675031   2.674635     1.9727     2.3833      7.991     0.7616     2.3982 1.0727e-01    -0.1134   102.8762     7.4619     7.7634    32.8966    32.8971    26.4465    26.4471    8.36890 0.0000e+00
       3878    130.265    -0.9334    -0.9387   2.675017   2.674660     1.9727     2.3833      7.991     0.7405     2.3982 1.0715e-01    -0.1131   102.8672     7.4597     7.7648    32.8965    32.8974    26.4463    26.4472    8.36892 0.0000e+00
       3881    130.324    -0.9336    -0.9386   2.675022   2.674660     1.9727     2.3833      7.991     0.7616     1.7665 1.0752e-01    -0.1131   102.8672     7.4614     7.7670    32.8967    32.8973    26.4465    26.4472    8.36894 0.0000e+00
       3884    130.381    -0.9334    -0.9385   2.675013   2.674644     1.9727     2.3837      7.991     0.7510     0.9375 1.0727e-01    -0.1134   102.8762     7.4608     7.7714    32.8963    32.8970    26.4462    26.4469    8.36892 0.0000e+00
       3887    130.439    -0.9332    -0.9387   2.675030   2.674651     1.9723     2.3833      7.991     0.7616     0.9770 1.0740e-01    -0.1131   102.8672     7.4552     7.7724    32.8964    32.8972    26.4462    26.4471    8.36889 0.0000e+00
       3890    130.495    -0.9332    -0.9384   2.675052   2.674684     1.9723     2.3829      7.991     0.7722     0.9770 1.0752e-01    -0.1141   102.8943     7.4529     7.7682    32.8966    32.8973    26.4464    26.4472    8.36886 0.0000e+00
