Datasets/AZMP/TEL210/tel210_2020_103.cnv
* Sea-Bird SBE 9 Data File:
* FileName = C:\CTDDATA\tel210_2020_103.hex
* Software Version Seasave V 7.26.7.110
* Temperature SN = 1697
* Conductivity SN = 4216
* Number of Bytes Per Scan = 30
* Number of Voltage Words = 4
* Number of Scans Averaged by the Deck Unit = 1
* NMEA baud rate = 4800
** VESSEL/TRIP/SEQ STN:  tel210_2020_103
** LATITUDE XX XX.XX: 55 46.20 N
** LONGITUDE XX XX.XX: 057 13.30 W
** SOUNDING DEPTH (M): 0425
** PROBE TYPE: S1146
** CTD NUMBER: 069
** COMMENTS (14 CHAR): MB-09
** BOTTLES:  11
** LEVELS: 5,10,20,30,40,50,75,100,150,250,BTM
** STICKERS: 436260 - 436270
** VNET: Y
** DO2: N
# nquan = 22
# nvalues = 10058                       
# units = specified
# name 0 = scan: Scan Count
# name 1 = prDM: Pressure, Digiquartz [db]
# name 2 = t090C: Temperature [ITS-90, deg C]
# name 3 = t190C: Temperature, 2 [ITS-90, deg C]
# name 4 = c0S/m: Conductivity [S/m]
# name 5 = c1S/m: Conductivity, 2 [S/m]
# name 6 = sbeox0V: Oxygen raw, SBE 43 [V]
# name 7 = sbeox1V: Oxygen raw, SBE 43, 2 [V]
# name 8 = ph: pH
# name 9 = flECO-AFL: Fluorescence, WET Labs ECO-AFL/FL [mg/m^3]
# name 10 = wetCDOM: Fluorescence, WET Labs CDOM [mg/m^3]
# name 11 = par/sat/log: PAR/Logarithmic, Satlantic [umol photons/m^2/sec]
# name 12 = CStarAt0: Beam Attenuation, WET Labs C-Star [1/m]
# name 13 = CStarTr0: Beam Transmission, WET Labs C-Star [%]
# name 14 = sbeox0ML/L: Oxygen, SBE 43 [ml/l], WS = 2
# name 15 = sbeox1ML/L: Oxygen, SBE 43, 2 [ml/l], WS = 2
# name 16 = sal00: Salinity, Practical [PSU]
# name 17 = sal11: Salinity, Practical, 2 [PSU]
# name 18 = sigma-t00: Density [sigma-t, kg/m^3 ]
# name 19 = sigma-t11: Density, 2 [sigma-t, kg/m^3 ]
# name 20 = oxsatML/L: Oxygen Saturation, Weiss [ml/l]
# name 21 = flag: flag
# span 0 =         79,      58837       
# span 1 =      0.564,    436.325       
# span 2 =    -0.2051,     6.3544       
# span 3 =    -0.1980,     6.3636       
# span 4 =   2.752020,   3.207716       
# span 5 =   2.752988,   3.207039       
# span 6 =     1.9206,     2.7205       
# span 7 =     2.3037,     3.3537       
# span 8 =      8.020,      8.383       
# span 9 =     0.6346,    16.6240       
# span 10 =    -2.8130,   482.1870      
# span 11 = 1.0484e-01, 3.2828e+00      
# span 12 =    -0.1303,     1.0859      
# span 13 =    76.2260,   103.3103      
# span 14 =     6.4927,    10.6043      
# span 15 =     6.7146,    11.2591      
# span 16 =    31.4255,    34.6804      
# span 17 =    31.4223,    34.6767      
# span 18 =    24.6862,    27.5784      
# span 19 =    24.6825,    27.5763      
# span 20 =    7.02595,    8.18997      
# span 21 = 0.0000e+00, 0.0000e+00      
# interval = scans: 3                   
# start_time = Jul 27 2020 06:57:13 [System UTC, header]
# bad_flag = -9.990e-29
*END*
[from data line 4610]
      14622    407.873     3.4659     3.4621   3.198028   3.197695     1.9289     2.3108      8.023     0.6875     2.3587 1.0752e-01    -0.1289   103.2741     6.5084     6.7509    34.6608    34.6608    27.5702    27.5706    7.37680 0.0000e+00
      14625    407.997     3.4662     3.4613   3.198063   3.197596     1.9285     2.3116      8.023     0.6770     1.2534 1.0752e-01    -0.1285   103.2651     6.5085     6.7562    34.6609    34.6605    27.5702    27.5704    7.37674 0.0000e+00
      14628    408.121     3.4664     3.4612   3.198107   3.197652     1.9281     2.3116      8.023     0.6770     1.3323 1.0752e-01    -0.1268   103.2199     6.5078     6.7595    34.6611    34.6612    27.5704    27.5709    7.37668 0.0000e+00
      14631    408.240     3.4663     3.4633   3.198127   3.197868     1.9285     2.3116      8.023     0.6770     1.3323 1.0740e-01    -0.1268   103.2199     6.5086     6.7597    34.6613    34.6614    27.5706    27.5709    7.37668 0.0000e+00
      14634    408.361     3.4662     3.4642   3.198070   3.197861     1.9289     2.3120      8.023     0.6875     1.3323 1.0752e-01    -0.1271   103.2289     6.5102     6.7627    34.6607    34.6603    27.5701    27.5700    7.37674 0.0000e+00
      14637    408.477     3.4662     3.4615   3.198097   3.197615     1.9285     2.3120      8.023     0.6770     1.3323 1.0740e-01    -0.1268   103.2199     6.5088     6.7636    34.6610    34.6602    27.5703    27.5701    7.37673 0.0000e+00
      14640    408.591     3.4657     3.4622   3.198050   3.197779     1.9281     2.3120      8.023     0.7193     1.3323 1.0752e-01    -0.1268   103.2199     6.5088     6.7647    34.6609    34.6614    27.5703    27.5710    7.37682 0.0000e+00
      14643    408.700     3.4662     3.4621   3.198100   3.197672     1.9281     2.3120      8.023     0.7299     1.3323 1.0752e-01    -0.1268   103.2199     6.5132     6.7640    34.6609    34.6601    27.5703    27.5701    7.37674 0.0000e+00
      14646    408.806     3.4666     3.4616   3.198131   3.197684     1.9285     2.3120      8.023     0.7193     1.3323 1.0752e-01    -0.1264   103.2108     6.5170     6.7626    34.6608    34.6607    27.5701    27.5706    7.37667 0.0000e+00
      14649    408.905     3.4670     3.4614   3.198197   3.197634     1.9285     2.3137      8.023     0.7299     0.8980 1.0752e-01    -0.1257   103.1927     6.5179     6.7659    34.6611    34.6603    27.5703    27.5702    7.37658 0.0000e+00
      14652    408.999     3.4683     3.4618   3.198326   3.197717     1.9285     2.3133      8.023     0.7087     0.4637 1.0752e-01    -0.1257   103.1927     6.5171     6.7632    34.6612    34.6608    27.5703    27.5706    7.37633 0.0000e+00
      14655    409.086     3.4688     3.4620   3.198400   3.197704     1.9277     2.3133      8.023     0.7299     0.4637 1.0752e-01    -0.1257   103.1927     6.5109     6.7605    34.6616    34.6604    27.5706    27.5703    7.37623 0.0000e+00
      14658    409.168     3.4686     3.4613   3.198356   3.197674     1.9289     2.3133      8.023     0.7299     0.4637 1.0752e-01    -0.1257   103.1927     6.5165     6.7598    34.6611    34.6607    27.5702    27.5706    7.37627 0.0000e+00
      14661    409.246     3.4699     3.4626   3.198489   3.197774     1.9285     2.3129      8.023     0.7299     0.5032 1.0752e-01    -0.1257   103.1927     6.5155     6.7570    34.6614    34.6605    27.5703    27.5703    7.37603 0.0000e+00
      14664    409.318     3.4705     3.4628   3.198482   3.197781     1.9289     2.3129      8.023     0.7299     0.5032 1.0752e-01    -0.1257   103.1927     6.5174     6.7566    34.6606    34.6604    27.5696    27.5702    7.37595 0.0000e+00
      14667    409.384     3.4683     3.4637   3.198328   3.197907     1.9289     2.3133      8.023     0.6770     0.5032 1.0752e-01    -0.1264   103.2108     6.5171     6.7541    34.6611    34.6609    27.5701    27.5705    7.37634 0.0000e+00
      14670    409.447     3.4669     3.4633   3.198236   3.197863     1.9285     2.3133      8.023     0.6558     0.5032 1.0752e-01    -0.1268   103.2199     6.5156     6.7512    34.6614    34.6607    27.5705    27.5704    7.37657 0.0000e+00
      14673    409.510     3.4721     3.4634   3.198629   3.197865     1.9285     2.3124      8.023     0.6664     0.4243 1.0752e-01    -0.1268   103.2199     6.5124     6.7469    34.6606    34.6606    27.5694    27.5703    7.37567 0.0000e+00
      14676    409.563     3.4736     3.4637   3.198814   3.197885     1.9281     2.3133      8.023     0.6452     2.0824 1.0752e-01    -0.1268   103.2199     6.5076     6.7506    34.6612    34.6605    27.5698    27.5702    7.37537 0.0000e+00
      14679    409.610     3.4741     3.4636   3.198912   3.197903     1.9281     2.3129      8.023     0.6664     2.5167 1.0740e-01    -0.1268   103.2199     6.5056     6.7476    34.6618    34.6608    27.5702    27.5704    7.37524 0.0000e+00
      14682    409.657     3.4773     3.4624   3.199065   3.197836     1.9281     2.3133      8.023     0.6558     2.5167 1.0740e-01    -0.1268   103.2199     6.5054     6.7505    34.6602    34.6613    27.5686    27.5709    7.37474 0.0000e+00
      14685    409.698     3.4819     3.4660   3.199439   3.198103     1.9285     2.3133      8.023     0.6452     2.5167 1.0752e-01    -0.1268   103.2199     6.5079     6.7480    34.6597    34.6606    27.5678    27.5700    7.37391 0.0000e+00
      14688    409.740     3.4865     3.4688   3.199623   3.198348     1.9285     2.3137      8.023     0.6452     2.5167 1.0740e-01    -0.1271   103.2289     6.5095     6.7478    34.6571    34.6606    27.5652    27.5697    7.37320 0.0000e+00
      14691    409.780     3.4885     3.4709   3.199796   3.198534     1.9285     2.3120      8.023     0.6452     2.5167 1.0740e-01    -0.1278   103.2470     6.5124     6.7417    34.6570    34.6605    27.5649    27.5695    7.37283 0.0000e+00
      14694    409.816     3.4863     3.4663   3.199677   3.198134     1.9285     2.3133      8.023     0.6981     2.5167 1.0752e-01    -0.1271   103.2289     6.5133     6.7489    34.6579    34.6607    27.5659    27.5700    7.37321 0.0000e+00
      14697    409.853     3.4764     3.4652   3.198698   3.198003     1.9273     2.3133      8.023     0.6875     2.5167 1.0752e-01    -0.1275   103.2380     6.5112     6.7485    34.6567    34.6602    27.5659    27.5698    7.37508 0.0000e+00
      14700    409.894     3.4690     3.4660   3.198450   3.198100     1.9273     2.3120      8.023     0.6876     2.4772 1.0740e-01    -0.1275   103.2380     6.5123     6.7416    34.6615    34.6605    27.5704    27.5699    7.37618 0.0000e+00
      14703    409.935     3.4681     3.4672   3.198361   3.198205     1.9281     2.3129      8.023     0.6664     2.0429 1.0752e-01    -0.1278   103.2470     6.5150     6.7433    34.6613    34.6604    27.5704    27.5698    7.37636 0.0000e+00
      14706    409.978     3.4723     3.4644   3.198826   3.197971     1.9289     2.3129      8.023     0.6981     2.0429 1.0740e-01    -0.1275   103.2380     6.5169     6.7422    34.6625    34.6605    27.5709    27.5701    7.37554 0.0000e+00
      14709    410.022     3.4752     3.4637   3.198992   3.197922     1.9281     2.3120      8.023     0.6875     2.0429 1.0740e-01    -0.1275   103.2380     6.5095     6.7403    34.6614    34.6607    27.5697    27.5703    7.37506 0.0000e+00
      14712    410.068     3.4726     3.4641   3.198709   3.197986     1.9289     2.3124      8.023     0.6875     2.0429 1.0740e-01    -0.1278   103.2470     6.5135     6.7410    34.6607    34.6610    27.5695    27.5706    7.37558 0.0000e+00
      14715    410.116     3.4712     3.4655   3.198605   3.198097     1.9285     2.3133      8.023     0.6981     2.0429 1.0752e-01    -0.1275   103.2380     6.5139     6.7417    34.6609    34.6608    27.5698    27.5702    7.37582 0.0000e+00
      14718    410.167     3.4703     3.4655   3.198520   3.198083     1.9281     2.3129      8.023     0.6981     2.0429 1.0740e-01    -0.1271   103.2289     6.5128     6.7375    34.6608    34.6606    27.5698    27.5701    7.37599 0.0000e+00
      14721    410.222     3.4709     3.4645   3.198658   3.197995     1.9285     2.3124      8.023     0.7299     2.0429 1.0752e-01    -0.1275   103.2380     6.5155     6.7362    34.6618    34.6606    27.5705    27.5701    7.37583 0.0000e+00
      14724    410.279     3.4715     3.4645   3.198754   3.198000     1.9277     2.3120      8.023     0.7299     2.0429 1.0752e-01    -0.1275   103.2380     6.5084     6.7364    34.6623    34.6607    27.5708    27.5702    7.37570 0.0000e+00
      14727    410.340     3.4725     3.4655   3.198818   3.198091     1.9285     2.3120      8.023     0.7193     1.6086 1.0752e-01    -0.1268   103.2199     6.5082     6.7345    34.6619    34.6607    27.5704    27.5702    7.37552 0.0000e+00
      14730    410.405     3.4765     3.4673   3.199262   3.198302     1.9277     2.3116      8.023     0.7299     0.6612 1.0752e-01    -0.1268   103.2199     6.5035     6.7329    34.6630    34.6613    27.5709    27.5704    7.37474 0.0000e+00
      14733    410.474     3.4776     3.4706   3.199224   3.198617     1.9269     2.3124      8.023     0.7299     0.7401 1.0752e-01    -0.1268   103.2199     6.5000     6.7346    34.6614    34.6615    27.5695    27.5703    7.37463 0.0000e+00
      14736    410.544     3.4745     3.4701   3.198930   3.198509     1.9281     2.3108      8.023     0.7299     0.7401 1.0752e-01    -0.1268   103.2199     6.5067     6.7275    34.6610    34.6607    27.5696    27.5697    7.37520 0.0000e+00
      14739    410.620     3.4743     3.4691   3.198950   3.198480     1.9281     2.3108      8.023     0.7299     0.7006 1.0752e-01    -0.1268   103.2199     6.5112     6.7284    34.6615    34.6614    27.5699    27.5703    7.37523 0.0000e+00
      14742    410.701     3.4734     3.4690   3.198867   3.198487     1.9281     2.3112      8.023     0.7299     0.7401 1.0752e-01    -0.1268   103.2199     6.5140     6.7329    34.6614    34.6615    27.5699    27.5705    7.37539 0.0000e+00
      14745    410.783     3.4714     3.4697   3.198658   3.198516     1.9281     2.3112      8.023     0.7087     0.7006 1.0752e-01    -0.1271   103.2289     6.5158     6.7332    34.6610    34.6611    27.5698    27.5701    7.37578 0.0000e+00
      14748    410.872     3.4707     3.4692   3.198648   3.198457     1.9277     2.3121      8.023     0.6981     0.7401 1.0752e-01    -0.1268   103.2199     6.5149     6.7357    34.6615    34.6608    27.5703    27.5699    7.37588 0.0000e+00
      14751    410.962     3.4714     3.4679   3.198702   3.198243     1.9277     2.3108      8.023     0.6875     0.7401 1.0752e-01    -0.1268   103.2199     6.5145     6.7311    34.6614    34.6596    27.5701    27.5691    7.37576 0.0000e+00
      14754    411.054     3.4660     3.4653   3.197884   3.198102     1.9273     2.3108      8.023     0.6875     2.3193 1.0752e-01    -0.1268   103.2199     6.5130     6.7322    34.6573    34.6606    27.5674    27.5701    7.37695 0.0000e+00
      14757    411.149     3.4551     3.4648   3.196955   3.198027     1.9277     2.3108      8.023     0.6664     3.3852 1.0740e-01    -0.1268   103.2199     6.5124     6.7326    34.6577    34.6602    27.5687    27.5698    7.37893 0.0000e+00
      14760    411.247     3.4519     3.4625   3.196779   3.197728     1.9281     2.3108      8.023     0.6770     3.3457 1.0752e-01    -0.1264   103.2108     6.5108     6.7350    34.6588    34.6590    27.5700    27.5691    7.37945 0.0000e+00
      14763    411.351     3.4569     3.4603   3.197405   3.197549     1.9285     2.3108      8.023     0.6770     3.3457 1.0752e-01    -0.1268   103.2199     6.5115     6.7344    34.6610    34.6592    27.5712    27.5694    7.37843 0.0000e+00
      14766    411.453     3.4612     3.4579   3.197747   3.197415     1.9281     2.3108      8.023     0.6664     3.3457 1.0727e-01    -0.1268   103.2199     6.5077     6.7334    34.6605    34.6600    27.5704    27.5704    7.37766 0.0000e+00
      14769    411.558     3.4591     3.4608   3.197408   3.197843     1.9281     2.3100      8.023     0.6875     3.3457 1.0752e-01    -0.1275   103.2380     6.5107     6.7298    34.6586    34.6620    27.5691    27.5716    7.37814 0.0000e+00
      14772    411.668     3.4563     3.4631   3.197195   3.197969     1.9281     2.3096      8.023     0.7510     3.3457 1.0752e-01    -0.1278   103.2470     6.5105     6.7295    34.6589    34.6610    27.5696    27.5706    7.37864 0.0000e+00
      14775    411.778     3.4569     3.4606   3.197401   3.197523     1.9273     2.3104      8.023     0.7510     3.3457 1.0752e-01    -0.1278   103.2470     6.5063     6.7349    34.6608    34.6583    27.5711    27.5687    7.37845 0.0000e+00
      14778    411.889     3.4586     3.4552   3.197442   3.197015     1.9269     2.3100      8.023     0.7510     3.3457 1.0752e-01    -0.1278   103.2470     6.5039     6.7347    34.6594    34.6579    27.5697    27.5689    7.37820 0.0000e+00
      14781    412.000     3.4551     3.4513   3.197047   3.196705     1.9269     2.3096      8.023     0.7510     2.1614 1.0752e-01    -0.1278   103.2470     6.5040     6.7360    34.6583    34.6582    27.5693    27.5696    7.37890 0.0000e+00
      14784    412.111     3.4553     3.4508   3.197098   3.196769     1.9269     2.3108      8.023     0.7510     2.0429 1.0752e-01    -0.1278   103.2470     6.5038     6.7414    34.6585    34.6595    27.5695    27.5706    7.37884 0.0000e+00
      14787    412.222     3.4561     3.4512   3.197261   3.196681     1.9269     2.3096      8.023     0.7510     2.0429 1.0740e-01    -0.1278   103.2470     6.5053     6.7384    34.6597    34.6579    27.5703    27.5693    7.37865 0.0000e+00
      14790    412.337     3.4613     3.4480   3.197756   3.196440     1.9273     2.3096      8.023     0.7616     2.0429 1.0752e-01    -0.1278   103.2470     6.5085     6.7427    34.6600    34.6584    27.5700    27.5700    7.37767 0.0000e+00
      14793    412.447     3.4597     3.4522   3.197535   3.197248     1.9277     2.3100      8.023     0.7616     2.0429 1.0752e-01    -0.1278   103.2470     6.5115     6.7461    34.6590    34.6635    27.5693    27.5737    7.37802 0.0000e+00
      14796    412.557     3.4604     3.4612   3.197672   3.198129     1.9269     2.3096      8.023     0.7510     2.0429 1.0752e-01    -0.1278   103.2470     6.5091     6.7417    34.6598    34.6645    27.5699    27.5736    7.37784 0.0000e+00
      14799    412.667     3.4561     3.4568   3.197103   3.197276     1.9273     2.3096      8.023     0.7510     2.0429 1.0752e-01    -0.1278   103.2470     6.5135     6.7424    34.6576    34.6588    27.5686    27.5695    7.37875 0.0000e+00
      14802    412.772     3.4541     3.4530   3.196995   3.196953     1.9273     2.3096      8.023     0.7722     2.0429 1.0752e-01    -0.1278   103.2470     6.5139     6.7448    34.6582    34.6589    27.5693    27.5699    7.37908 0.0000e+00
      14805    412.879     3.4542     3.4501   3.197118   3.196537     1.9273     2.3104      8.023     0.7616     1.7666 1.0752e-01    -0.1278   103.2470     6.5123     6.7475    34.6596    34.6569    27.5704    27.5687    7.37899 0.0000e+00
      14808    412.983     3.4534     3.4485   3.196966   3.196571     1.9269     2.3096      8.023     0.7616     0.3059 1.0752e-01    -0.1271   103.2289     6.5086     6.7467    34.6585    34.6590    27.5696    27.5705    7.37919 0.0000e+00
      14811    413.083     3.4523     3.4604   3.196982   3.197787     1.9273     2.3100      8.023     0.7299     0.3453 1.0752e-01    -0.1275   103.2380     6.5086     6.7472    34.6599    34.6610    27.5708    27.5709    7.37933 0.0000e+00
