Datasets/AZMP/TEL210/tel210_2020_015.cnv
* Sea-Bird SBE 9 Data File:
* FileName = C:\CTDDATA\tel210_2020_015.hex
* Software Version Seasave V 7.26.7.110
* Temperature SN = 1697
* Conductivity SN = 4216
* Number of Bytes Per Scan = 30
* Number of Voltage Words = 4
* Number of Scans Averaged by the Deck Unit = 1
* NMEA baud rate = 4800
** VESSEL/TRIP/SEQ STN:  tel210_2020_015
** LATITUDE XX XX.XX: 47 00.00 N
** LONGITUDE XX XX.XX: 047 49.00 W
** SOUNDING DEPTH (M): 0167
** PROBE TYPE: S1146
** CTD NUMBER: 014
** COMMENTS (14 CHAR): FC-13
** BOTTLES:  10
** LEVELS: 5,10,20,30,40,50,70,100,150,BTM
** STICKERS: 435828 - 435837
** VNET: Y
** DO2: N
# nquan = 22
# nvalues = 3385                        
# units = specified
# name 0 = scan: Scan Count
# name 1 = prDM: Pressure, Digiquartz [db]
# name 2 = t090C: Temperature [ITS-90, deg C]
# name 3 = t190C: Temperature, 2 [ITS-90, deg C]
# name 4 = c0S/m: Conductivity [S/m]
# name 5 = c1S/m: Conductivity, 2 [S/m]
# name 6 = sbeox0V: Oxygen raw, SBE 43 [V]
# name 7 = sbeox1V: Oxygen raw, SBE 43, 2 [V]
# name 8 = ph: pH
# name 9 = flECO-AFL: Fluorescence, WET Labs ECO-AFL/FL [mg/m^3]
# name 10 = wetCDOM: Fluorescence, WET Labs CDOM [mg/m^3]
# name 11 = par/sat/log: PAR/Logarithmic, Satlantic [umol photons/m^2/sec]
# name 12 = CStarAt0: Beam Attenuation, WET Labs C-Star [1/m]
# name 13 = CStarTr0: Beam Transmission, WET Labs C-Star [%]
# name 14 = sbeox0ML/L: Oxygen, SBE 43 [ml/l], WS = 2
# name 15 = sbeox1ML/L: Oxygen, SBE 43, 2 [ml/l], WS = 2
# name 16 = sal00: Salinity, Practical [PSU]
# name 17 = sal11: Salinity, Practical, 2 [PSU]
# name 18 = sigma-t00: Density [sigma-t, kg/m^3 ]
# name 19 = sigma-t11: Density, 2 [sigma-t, kg/m^3 ]
# name 20 = oxsatML/L: Oxygen Saturation, Weiss [ml/l]
# name 21 = flag: flag
# span 0 =          2,      41745       
# span 1 =      0.487,    164.982       
# span 2 =    -1.6273,    10.1321       
# span 3 =    -1.6311,    10.1293       
# span 4 =   2.602149,   3.518543       
# span 5 =   2.601889,   3.515228       
# span 6 =     1.8021,     2.4759       
# span 7 =     2.1798,     3.0434       
# span 8 =      7.811,      8.161       
# span 9 =    -0.6019,     9.1559       
# span 10 =    -2.8130,   482.1870      
# span 11 = 1.0703e-01, 3.0551e+02      
# span 12 =    -0.1519,     0.1425      
# span 13 =    96.5008,   103.8710      
# span 14 =     6.3543,     8.8586      
# span 15 =     6.4519,     9.4856      
# span 16 =    31.7916,    33.4229      
# span 17 =    31.8062,    33.4235      
# span 18 =    24.4260,    26.8305      
# span 19 =    24.4378,    26.8313      
# span 20 =    6.42523,    8.54105      
# span 21 = 0.0000e+00, 0.0000e+00      
# interval = scans: 3                   
# start_time = Jul 16 2020 16:30:22 [System UTC, header]
# bad_flag = -9.990e-29
*END*
[from data line 593]
       2100     67.214    -1.5173    -1.5225   2.608578   2.608203     2.0524     2.4989      7.949    -0.3679    -1.6286 9.2563e-01    -0.1373   103.4911     7.8972     8.2963    32.6669    32.6675    26.2775    26.2781    8.51685 0.0000e+00
       2103     67.363    -1.5259    -1.5322   2.608070   2.607563     2.0512     2.4981      7.947    -0.3577    -1.6286 9.1925e-01    -0.1373   103.4911     7.8988     8.2965    32.6692    32.6692    26.2796    26.2797    8.51871 0.0000e+00
       2106     67.506    -1.5291    -1.5353   2.607924   2.607406     2.0496     2.4981      7.949    -0.3781    -1.6286 9.0030e-01    -0.1373   103.4911     7.8961     8.3006    32.6707    32.6704    26.2809    26.2807    8.51938 0.0000e+00
       2109     67.655    -1.5304    -1.5364   2.607884   2.607350     2.0492     2.4981      7.946    -0.4188    -1.6286 8.9722e-01    -0.1373   103.4911     7.8942     8.3044    32.6714    32.6707    26.2815    26.2810    8.51963 0.0000e+00
       2112     67.800    -1.5307    -1.5365   2.607951   2.607392     2.0492     2.4981      7.946    -0.4392    -1.6286 8.7365e-01    -0.1376   103.5002     7.8932     8.3093    32.6727    32.6713    26.2825    26.2815    8.51964 0.0000e+00
       2115     67.943    -1.5300    -1.5359   2.607995   2.607461     2.0496     2.4973      7.944    -0.4188    -1.5891 8.6559e-01    -0.1390   103.5364     7.8980     8.3074    32.6724    32.6715    26.2823    26.2817    8.51950 0.0000e+00
       2118     68.085    -1.5296    -1.5356   2.608049   2.607487     2.0476     2.4969      7.944    -0.4290    -1.3918 8.5763e-01    -0.1390   103.5364     7.8878     8.3061    32.6726    32.6714    26.2824    26.2816    8.51939 0.0000e+00
       2121     68.221    -1.5291    -1.5348   2.608133   2.607581     2.0484     2.4969      7.944    -0.4087    -1.3918 8.5170e-01    -0.1383   103.5183     7.8912     8.3039    32.6732    32.6717    26.2828    26.2818    8.51924 0.0000e+00
       2124     68.357    -1.5296    -1.5352   2.608073   2.607579     2.0488     2.4965      7.944    -0.4188    -1.3918 8.4192e-01    -0.1390   103.5364     7.8969     8.3004    32.6728    32.6721    26.2826    26.2821    8.51938 0.0000e+00
       2127     68.491    -1.5300    -1.5357   2.608065   2.607555     2.0484     2.4961      7.944    -0.4188    -1.3918 8.2935e-01    -0.1390   103.5364     7.8997     8.2997    32.6730    32.6723    26.2828    26.2823    8.51945 0.0000e+00
       2130     68.617    -1.5288    -1.5357   2.608363   2.607620     2.0484     2.4961      7.944    -0.4290    -1.3918 8.1793e-01    -0.1390   103.5364     7.9001     8.2990    32.6757    32.6730    26.2849    26.2829    8.51900 0.0000e+00
       2133     68.734    -1.5243    -1.5311   2.608818   2.608140     2.0476     2.4961      7.944    -0.4188    -1.3918 8.0758e-01    -0.1373   103.4911     7.8978     8.2968    32.6770    32.6751    26.2859    26.2844    8.51789 0.0000e+00
       2136     68.848    -1.5226    -1.5278   2.608911   2.608429     2.0467     2.4957      7.942    -0.4290    -1.3918 8.1133e-01    -0.1373   103.4911     7.8920     8.2943    32.6764    32.6753    26.2853    26.2846    8.51753 0.0000e+00
       2139     68.955    -1.5218    -1.5276   2.608977   2.608454     2.0467     2.4957      7.942    -0.4290    -1.3918 8.0479e-01    -0.1369   103.4821     7.8951     8.2940    32.6763    32.6755    26.2852    26.2847    8.51734 0.0000e+00
       2142     69.058    -1.5216    -1.5275   2.609020   2.608452     2.0463     2.4944      7.944    -0.4290     0.7401 7.9554e-01    -0.1366   103.4730     7.8911     8.2880    32.6766    32.6752    26.2854    26.2845    8.51727 0.0000e+00
       2145     69.156    -1.5214    -1.5272   2.608994   2.608453     2.0463     2.4944      7.944    -0.4290     2.9904 7.8914e-01    -0.1369   103.4821     7.8875     8.2898    32.6760    32.6749    26.2849    26.2842    8.51726 0.0000e+00
       2148     69.244    -1.5215    -1.5272   2.609034   2.608467     2.0463     2.4940      7.941    -0.4290     2.8720 7.8731e-01    -0.1366   103.4730     7.8882     8.2862    32.6765    32.6750    26.2854    26.2843    8.51725 0.0000e+00
       2151     69.328    -1.5208    -1.5274   2.609088   2.608468     2.0451     2.4940      7.942    -0.4188     2.8720 7.8277e-01    -0.1362   103.4640     7.8841     8.2856    32.6765    32.6752    26.2854    26.2844    8.51710 0.0000e+00
       2154     69.408    -1.5211    -1.5272   2.609087   2.608523     2.0455     2.4940      7.942    -0.4290     2.8720 7.7647e-01    -0.1380   103.5092     7.8890     8.2860    32.6767    32.6757    26.2855    26.2849    8.51714 0.0000e+00
       2157     69.474    -1.5206    -1.5268   2.609154   2.608551     2.0459     2.4932      7.942    -0.4290     2.9115 7.8007e-01    -0.1383   103.5183     7.8952     8.2856    32.6771    32.6756    26.2858    26.2847    8.51701 0.0000e+00
       2160     69.543    -1.5184    -1.5266   2.609410   2.608605     2.0455     2.4928      7.939    -0.4087     2.8720 7.7377e-01    -0.1383   103.5183     7.8910     8.2846    32.6782    32.6761    26.2867    26.2852    8.51644 0.0000e+00
       2163     69.616    -1.5152    -1.5243   2.609687   2.608849     2.0451     2.4924      7.942    -0.4087     2.8720 7.7020e-01    -0.1387   103.5273     7.8870     8.2841    32.6784    32.6769    26.2867    26.2858    8.51566 0.0000e+00
       2166     69.681    -1.5132    -1.5212   2.609821   2.609125     2.0439     2.4932      7.939    -0.3781     2.8720 7.6227e-01    -0.1383   103.5183     7.8777     8.2888    32.6781    32.6772    26.2864    26.2859    8.51523 0.0000e+00
       2169     69.739    -1.5124    -1.5191   2.609889   2.609309     2.0447     2.4924      7.941    -0.4188     5.6750 7.6756e-01    -0.1383   103.5183     7.8836     8.2847    32.6781    32.6775    26.2864    26.2861    8.51504 0.0000e+00
       2172     69.799    -1.5116    -1.5181   2.609995   2.609383     2.0439     2.4912      7.939    -0.3985     6.4646 7.5085e-01    -0.1387   103.5273     7.8809     8.2775    32.6786    32.6773    26.2868    26.2859    8.51481 0.0000e+00
       2175     69.855    -1.5100    -1.5175   2.610168   2.609491     2.0439     2.4920      7.939    -0.3985     6.4251 7.5260e-01    -0.1397   103.5544     7.8798     8.2809    32.6792    32.6781    26.2873    26.2865    8.51442 0.0000e+00
       2178     69.908    -1.5082    -1.5160   2.610386   2.609638     2.0439     2.4916      7.941    -0.3985     6.4251 7.4740e-01    -0.1394   103.5454     7.8757     8.2796    32.6801    32.6784    26.2880    26.2868    8.51392 0.0000e+00
       2181     69.959    -1.5063    -1.5143   2.610571   2.609879     2.0435     2.4916      7.942    -0.3883     6.4251 7.4308e-01    -0.1394   103.5454     7.8719     8.2753    32.6806    32.6799    26.2883    26.2879    8.51346 0.0000e+00
       2184     70.014    -1.5055    -1.5122   2.610694   2.610084     2.0427     2.4908      7.939    -0.4188     6.4251 7.3539e-01    -0.1394   103.5454     7.8694     8.2696    32.6814    32.6804    26.2890    26.2883    8.51323 0.0000e+00
       2187     70.071    -1.5044    -1.5109   2.610861   2.610219     2.0423     2.4908      7.939    -0.4595     6.4251 7.3795e-01    -0.1394   103.5454     7.8696     8.2672    32.6825    32.6808    26.2898    26.2885    8.51292 0.0000e+00
       2190     70.126    -1.5031    -1.5092   2.610973   2.610414     2.0427     2.4908      7.941    -0.4595     6.4251 7.3284e-01    -0.1394   103.5454     7.8723     8.2631    32.6825    32.6815    26.2898    26.2891    8.51260 0.0000e+00
       2193     70.180    -1.5027    -1.5084   2.610995   2.610523     2.0431     2.4900      7.942    -0.4493    50.2468 7.2946e-01    -0.1401   103.5635     7.8737     8.2608    32.6824    32.6821    26.2896    26.2896    8.51252 0.0000e+00
       2196     70.241    -1.5042    -1.5085   2.610919   2.610511     2.0419     2.4896      7.942    -0.4493   458.9733 7.2526e-01    -0.1415   103.5997     7.8691     8.2574    32.6829    32.6820    26.2901    26.2896    8.51283 0.0000e+00
       2199     70.305    -1.5048    -1.5090   2.610956   2.610504     2.0419     2.4896      7.939    -0.4697   481.6343 7.1943e-01    -0.1415   103.5997     7.8696     8.2546    32.6841    32.6824    26.2911    26.2899    8.51291 0.0000e+00
       2202     70.371    -1.5048    -1.5095   2.610958   2.610520     2.0415     2.4892      7.939    -0.4595   481.1605 7.1942e-01    -0.1415   103.5997     7.8677     8.2519    32.6841    32.6831    26.2911    26.2904    8.51291 0.0000e+00
       2205     70.438    -1.5048    -1.5095   2.610947   2.610523     2.0406     2.4875      7.939    -0.4595   481.2395 7.1444e-01    -0.1415   103.5997     7.8669     8.2470    32.6839    32.6832    26.2909    26.2904    8.51292 0.0000e+00
       2208     70.506    -1.5051    -1.5110   2.610900   2.610392     2.0415     2.4883      7.939    -0.4595   481.2790 7.0705e-01    -0.1415   103.5997     7.8708     8.2503    32.6834    32.6829    26.2906    26.2903    8.51301 0.0000e+00
       2211     70.578    -1.5077    -1.5132   2.610720   2.610260     2.0406     2.4879      7.939    -0.4493   481.2790 7.0623e-01    -0.1415   103.5997     7.8675     8.2467    32.6838    32.6835    26.2909    26.2909    8.51359 0.0000e+00
       2214     70.652    -1.5084    -1.5151   2.610707   2.610129     2.0411     2.4871      7.939    -0.4290   481.3184 7.0541e-01    -0.1415   103.5997     7.8671     8.2449    32.6844    32.6837    26.2915    26.2911    8.51374 0.0000e+00
       2217     70.732    -1.5106    -1.5147   2.610526   2.610140     2.0406     2.4871      7.941    -0.4290   481.3184 6.9730e-01    -0.1415   103.5997     7.8665     8.2452    32.6842    32.6835    26.2913    26.2909    8.51425 0.0000e+00
       2220     70.815    -1.5105    -1.5157   2.610571   2.610093     2.0402     2.4871      7.939    -0.4290   331.1797 6.9490e-01    -0.1415   103.5997     7.8671     8.2453    32.6847    32.6838    26.2918    26.2912    8.51421 0.0000e+00
       2223     70.900    -1.5107    -1.5154   2.610555   2.610121     2.0402     2.4859      7.939    -0.4188    -2.4577 6.9569e-01    -0.1415   103.5997     7.8656     8.2406    32.6847    32.6838    26.2917    26.2911    8.51426 0.0000e+00
       2226     70.990    -1.5109    -1.5168   2.610573   2.610007     2.0398     2.4859      7.939    -0.4290     4.6880 6.8852e-01    -0.1415   103.5997     7.8634     8.2438    32.6850    32.6837    26.2920    26.2911    8.51427 0.0000e+00
       2229     71.085    -1.5114    -1.5174   2.610573   2.609989     2.0394     2.4863      7.941    -0.4290     4.8065 6.8929e-01    -0.1415   103.5997     7.8572     8.2443    32.6855    32.6840    26.2924    26.2914    8.51436 0.0000e+00
       2232     71.182    -1.5097    -1.5167   2.610690   2.610058     2.0398     2.4851      7.939    -0.4290     4.8065 6.8531e-01    -0.1415   103.5997     7.8584     8.2384    32.6852    32.6842    26.2921    26.2915    8.51398 0.0000e+00
       2235     71.278    -1.5099    -1.5160   2.610640   2.610071     2.0394     2.4843      7.939    -0.4290     4.7670 6.7744e-01    -0.1429   103.6358     7.8588     8.2356    32.6847    32.6836    26.2917    26.2910    8.51406 0.0000e+00
       2238     71.375    -1.5108    -1.5165   2.610555   2.610039     2.0386     2.4847      7.939    -0.4493     4.7670 6.6888e-01    -0.1436   103.6539     7.8533     8.2385    32.6845    32.6836    26.2916    26.2910    8.51429 0.0000e+00
       2241     71.476    -1.5106    -1.5165   2.610556   2.610054     2.0386     2.4834      7.939    -0.4595     4.7670 6.5285e-01    -0.1436   103.6539     7.8531     8.2341    32.6842    32.6838    26.2913    26.2911    8.51426 0.0000e+00
       2244     71.582    -1.5108    -1.5179   2.610547   2.609973     2.0382     2.4838      7.939    -0.4697     4.7670 6.4983e-01    -0.1436   103.6539     7.8501     8.2368    32.6842    32.6841    26.2914    26.2914    8.51430 0.0000e+00
       2247     71.691    -1.5118    -1.5182   2.610503   2.609908     2.0382     2.4834      7.939    -0.4595     7.2542 6.5209e-01    -0.1436   103.6539     7.8497     8.2369    32.6846    32.6835    26.2917    26.2910    8.51450 0.0000e+00
       2250     71.807    -1.5121    -1.5267   2.610443   2.609075     2.0378     2.4834      7.939    -0.4493     9.0307 6.4462e-01    -0.1436   103.6539     7.8459     8.2375    32.6841    32.6813    26.2913    26.2894    8.51461 0.0000e+00
       2253     71.926    -1.5231    -1.5351   2.609378   2.608572     2.0370     2.4822      7.939    -0.4595     8.9123 6.3423e-01    -0.1429   103.6358     7.8437     8.2325    32.6814    32.6835    26.2894    26.2914    8.51734 0.0000e+00
       2256     72.042    -1.5328    -1.5384   2.608855   2.608374     2.0378     2.4826      7.939    -0.4392     8.9518 6.3351e-01    -0.1429   103.6358     7.8489     8.2369    32.6848    32.6843    26.2923    26.2922    8.51940 0.0000e+00
       2259     72.156    -1.5379    -1.5401   2.608420   2.608267     2.0374     2.4818      7.939    -0.4493     8.9518 6.2265e-01    -0.1436   103.6539     7.8512     8.2350    32.6843    32.6847    26.2921    26.2925    8.52063 0.0000e+00
       2262     72.280    -1.5428    -1.5435   2.608063   2.607923     2.0366     2.4822      7.940    -0.4493     8.9123 6.1902e-01    -0.1436   103.6539     7.8502     8.2396    32.6847    32.6836    26.2926    26.2917    8.52176 0.0000e+00
       2265     72.415    -1.5466    -1.5501   2.607810   2.607451     2.0366     2.4814      7.940    -0.5206     8.9123 6.2117e-01    -0.1436   103.6539     7.8505     8.2382    32.6853    32.6842    26.2931    26.2923    8.52261 0.0000e+00
       2268     72.553    -1.5487    -1.5538   2.607629   2.607224     2.0357     2.4810      7.940    -0.5308     8.9123 6.0422e-01    -0.1436   103.6539     7.8475     8.2382    32.6851    32.6850    26.2930    26.2931    8.52312 0.0000e+00
       2271     72.689    -1.5506    -1.5553   2.607528   2.607121     2.0362     2.4810      7.940    -0.5104     9.7808 5.9654e-01    -0.1432   103.6449     7.8498     8.2413    32.6857    32.6852    26.2936    26.2932    8.52353 0.0000e+00
       2274     72.823    -1.5535    -1.5574   2.607383   2.606989     2.0349     2.4794      7.940    -0.5104   411.9143 5.9725e-01    -0.1425   103.6268     7.8456     8.2395    32.6868    32.6856    26.2945    26.2937    8.52414 0.0000e+00
       2277     72.972    -1.5554    -1.5601   2.607229   2.606822     2.0353     2.4790      7.938    -0.5206   481.8317 5.8900e-01    -0.1415   103.5997     7.8471     8.2428    32.6866    32.6862    26.2944    26.2942    8.52459 0.0000e+00
       2280     73.122    -1.5575    -1.5625   2.607079   2.606637     2.0353     2.4798      7.938    -0.5308   481.0421 5.8493e-01    -0.1425   103.6268     7.8485     8.2486    32.6868    32.6861    26.2946    26.2942    8.52508 0.0000e+00
       2283     73.273    -1.5599    -1.5660   2.606964   2.606355     2.0353     2.4798      7.940    -0.5206   481.3184 5.7554e-01    -0.1422   103.6178     7.8545     8.2500    32.6878    32.6860    26.2955    26.2942    8.52559 0.0000e+00
       2286     73.427    -1.5584    -1.5666   2.607036   2.606370     2.0345     2.4794      7.937    -0.5206   481.2790 5.6304e-01    -0.1422   103.6178     7.8527     8.2481    32.6870    32.6868    26.2948    26.2948    8.52527 0.0000e+00
       2289     73.581    -1.5587    -1.5653   2.607047   2.606457     2.0345     2.4786      7.937    -0.5104   481.3579 5.6111e-01    -0.1422   103.6178     7.8539     8.2470    32.6873    32.6865    26.2951    26.2946    8.52532 0.0000e+00
       2292     73.741    -1.5631    -1.5685   2.606576   2.606143     2.0341     2.4790      7.937    -0.5308   481.3579 5.5532e-01    -0.1422   103.6178     7.8556     8.2509    32.6856    32.6856    26.2938    26.2939    8.52646 0.0000e+00
