Datasets/AZMP/TEL210/tel210_2020_012.cnv
* Sea-Bird SBE 9 Data File:
* FileName = C:\CTDDATA\tel210_2020_012.hex
* Software Version Seasave V 7.26.7.110
* Temperature SN = 1697
* Conductivity SN = 4216
* Number of Bytes Per Scan = 30
* Number of Voltage Words = 4
* Number of Scans Averaged by the Deck Unit = 1
* NMEA baud rate = 4800
** VESSEL/TRIP/SEQ STN:  tel210_2020_012
** LATITUDE XX XX.XX: 47 00.00 N
** LONGITUDE XX XX.XX: 049 07.00 W
** SOUNDING DEPTH (M): 0082
** PROBE TYPE: S1146
** CTD NUMBER: 011
** COMMENTS (14 CHAR): FC-10
** BOTTLES:  7
** LEVELS: 5,10,20,30,40,50,BTM
** STICKERS: 435812 - 435818
** VNET: Y
** DO2: N
# nquan = 22
# nvalues = 1579                        
# units = specified
# name 0 = scan: Scan Count
# name 1 = prDM: Pressure, Digiquartz [db]
# name 2 = t090C: Temperature [ITS-90, deg C]
# name 3 = t190C: Temperature, 2 [ITS-90, deg C]
# name 4 = c0S/m: Conductivity [S/m]
# name 5 = c1S/m: Conductivity, 2 [S/m]
# name 6 = sbeox0V: Oxygen raw, SBE 43 [V]
# name 7 = sbeox1V: Oxygen raw, SBE 43, 2 [V]
# name 8 = ph: pH
# name 9 = flECO-AFL: Fluorescence, WET Labs ECO-AFL/FL [mg/m^3]
# name 10 = wetCDOM: Fluorescence, WET Labs CDOM [mg/m^3]
# name 11 = par/sat/log: PAR/Logarithmic, Satlantic [umol photons/m^2/sec]
# name 12 = CStarAt0: Beam Attenuation, WET Labs C-Star [1/m]
# name 13 = CStarTr0: Beam Transmission, WET Labs C-Star [%]
# name 14 = sbeox0ML/L: Oxygen, SBE 43 [ml/l], WS = 2
# name 15 = sbeox1ML/L: Oxygen, SBE 43, 2 [ml/l], WS = 2
# name 16 = sal00: Salinity, Practical [PSU]
# name 17 = sal11: Salinity, Practical, 2 [PSU]
# name 18 = sigma-t00: Density [sigma-t, kg/m^3 ]
# name 19 = sigma-t11: Density, 2 [sigma-t, kg/m^3 ]
# name 20 = oxsatML/L: Oxygen Saturation, Weiss [ml/l]
# name 21 = flag: flag
# span 0 =         70,      22736       
# span 1 =      2.938,     78.682       
# span 2 =     1.1548,    10.7496       
# span 3 =     1.1434,    10.7453       
# span 4 =   2.841129,   3.634207       
# span 5 =   2.840541,   3.633564       
# span 6 =     1.7248,     2.3946       
# span 7 =     2.0747,     2.9359       
# span 8 =      7.747,      8.136       
# span 9 =    -0.4087,     1.3618       
# span 10 =    -2.8130,   482.1870      
# span 11 = 1.0617e-01, 2.2111e-01      
# span 12 =    -0.0831,     0.0232      
# span 13 =    99.4217,   102.0985      
# span 14 =     5.7736,     7.8247      
# span 15 =     6.0409,     8.3552      
# span 16 =    32.4058,    32.8813      
# span 17 =    32.4549,    32.8755      
# span 18 =    24.8899,    26.3323      
# span 19 =    24.8956,    26.3274      
# span 20 =    6.31334,    7.91829      
# span 21 = 0.0000e+00, 0.0000e+00      
# interval = scans: 3                   
# start_time = Jul 16 2020 06:32:04 [System UTC, header]
# bad_flag = -9.990e-29
*END*
[from data line 1120]
      10012     42.308     3.8083     3.8123   3.048876   3.048498     2.2170     2.7132      8.079     0.8734   481.3579 1.0727e-01    -0.0357   100.8958     7.7387     8.1245    32.7195    32.7109    25.9910    25.9838    7.40947 0.0000e+00
      10015     42.185     3.8016     3.7993   3.048558   3.047099     2.2187     2.7165      8.079     0.8633   481.3579 1.0715e-01    -0.0364   100.9139     7.7412     8.1311    32.7224    32.7074    25.9940    25.9823    7.41056 0.0000e+00
      10018     42.065     3.7927     3.7885   3.047508   3.046285     2.2207     2.7193      8.081     0.8633   481.3579 1.0715e-01    -0.0364   100.9139     7.7457     8.1343    32.7189    32.7087    25.9921    25.9843    7.41236 0.0000e+00
      10021     41.949     3.7861     3.7752   3.046470   3.046031     2.2236     2.7226      8.081     0.8531   350.2875 1.0715e-01    -0.0364   100.9139     7.7511     8.1422    32.7134    32.7190    25.9883    25.9939    7.41386 0.0000e+00
      10024     41.840     3.7717     3.7461   3.045088   3.044241     2.2244     2.7238      8.082     0.8734    -0.6811 1.0715e-01    -0.0364   100.9139     7.7507     8.1461    32.7114    32.7270    25.9881    26.0030    7.41659 0.0000e+00
      10027     41.738     3.7403     3.7232   3.043551   3.043306     2.2268     2.7262      8.084     0.8531     8.5175 1.0715e-01    -0.0364   100.9139     7.7596     8.1530    32.7247    32.7389    26.0017    26.0146    7.42173 0.0000e+00
      10030     41.643     3.7112     3.7266   3.041589   3.043698     2.2297     2.7279      8.084     0.8734     8.3596 1.0715e-01    -0.0364   100.9139     7.7713     8.1535    32.7306    32.7402    26.0092    26.0153    7.42678 0.0000e+00
      10033     41.550     3.7071     3.7261   3.041828   3.043455     2.2309     2.7291      8.082     0.8734     8.3201 1.0715e-01    -0.0464   101.1671     7.7698     8.1530    32.7376    32.7380    26.0151    26.0136    7.42720 0.0000e+00
      10036     41.465     3.7396     3.7339   3.043101   3.043652     2.2329     2.7315      8.079     0.8734     8.3201 1.0715e-01    -0.0503   101.2665     7.7676     8.1574    32.7202    32.7324    25.9982    26.0085    7.42207 0.0000e+00
      10039     41.386     3.7198     3.7361   3.042391   3.043478     2.2345     2.7340      8.082     0.8429     8.3201 1.0715e-01    -0.0503   101.2665     7.7762     8.1650    32.7316    32.7282    26.0092    26.0049    7.42514 0.0000e+00
      10042     41.311     3.7156     3.7327   3.042019   3.043229     2.2358     2.7356      8.081     0.8429     8.3201 1.0727e-01    -0.0503   101.2665     7.7770     8.1704    32.7315    32.7287    26.0095    26.0057    7.42593 0.0000e+00
      10045     41.239     3.6800     3.7300   3.040545   3.043340     2.2378     2.7385      8.080     0.8327     8.3201 1.0715e-01    -0.0503   101.2665     7.7896     8.1820    32.7498    32.7327    26.0274    26.0091    7.43160 0.0000e+00
      10048     41.172     3.7537     3.7335   3.045838   3.043381     2.2398     2.7401      8.079     0.8429   269.3555 1.0715e-01    -0.0500   101.2575     7.7784     8.1872    32.7388    32.7298    26.0116    26.0064    7.41857 0.0000e+00
      10051     41.112     3.8526     3.7400   3.051867   3.043885     2.2410     2.7421      8.081     0.8429   481.7922 1.0715e-01    -0.0493   101.2394     7.7594     8.1893    32.7111    32.7292    25.9801    26.0054    7.40176 0.0000e+00
      10054     41.057     3.8886     3.7635   3.053336   3.044903     2.2427     2.7446      8.084     0.8327   480.9632 1.0715e-01    -0.0514   101.2937     7.7584     8.1911    32.6926    32.7178    25.9619    25.9940    7.39609 0.0000e+00
      10057     41.003     3.8904     3.7888   3.054018   3.046077     2.2439     2.7470      8.082     0.8429   481.3579 1.0715e-01    -0.0514   101.2937     7.7618     8.1883    32.6988    32.7064    25.9666    25.9825    7.39544 0.0000e+00
      10060     40.955     3.9277     3.7966   3.057097   3.046024     2.2468     2.7495      8.082     0.8531   481.3579 1.0715e-01    -0.0514   101.2937     7.7648     8.1878    32.6981    32.6981    25.9624    25.9751    7.38866 0.0000e+00
      10063     40.911     3.9487     3.7970   3.058477   3.046172     2.2484     2.7519      8.082     0.8938   481.3579 1.0715e-01    -0.0514   101.2937     7.7655     8.1903    32.6934    32.6994    25.9566    25.9761    7.38505 0.0000e+00
      10066     40.868     3.9455     3.8282   3.057498   3.048754     2.2484     2.7535      8.082     0.9650   481.3579 1.0715e-01    -0.0514   101.2937     7.7636     8.1811    32.6851    32.6988    25.9503    25.9727    7.38606 0.0000e+00
      10069     40.831     3.9390     3.8635   3.056591   3.051034     2.2508     2.7551      8.080     0.9650   481.3579 1.0715e-01    -0.0514   101.2937     7.7718     8.1719    32.6808    32.6905    25.9476    25.9627    7.38744 0.0000e+00
      10072     40.793     3.9510     3.8762   3.057939   3.052058     2.2525     2.7560      8.078     0.9650   480.4104 1.0715e-01    -0.0507   101.2756     7.7724     8.1653    32.6848    32.6899    25.9495    25.9609    7.38506 0.0000e+00
      10075     40.756     3.9728     3.8632   3.060219   3.050538     2.2541     2.7572      8.083     0.9752    78.5533 1.0715e-01    -0.0482   101.2123     7.7701     8.1668    32.6900    32.6850    25.9515    25.9583    7.38083 0.0000e+00
      10078     40.722     3.9888     3.8146   3.061379   3.048478     2.2565     2.7592      8.080     0.9650    -2.2208 1.0715e-01    -0.0482   101.2123     7.7729     8.1776    32.6877    32.7093    25.9481    25.9822    7.37802 0.0000e+00
      10081     40.690     3.9990     3.8218   3.061201   3.048903     2.2569     2.7600      8.080     0.9650     0.1874 1.0715e-01    -0.0482   101.2123     7.7665     8.1739    32.6755    32.7071    25.9374    25.9799    7.37677 0.0000e+00
      10090     40.634     4.0138     3.8679   3.062695   3.052230     2.2606     2.7641      8.078     0.9854     3.5036 1.0715e-01    -0.0496   101.2485     7.7641     8.1726    32.6784    32.7004    25.9383    25.9700    7.37394 0.0000e+00
      10104     40.556     4.0326     4.0045   3.064374   3.061436     2.2663     2.7710      8.081     1.0057     9.9387 1.0715e-01    -0.0525   101.3208     7.7687     8.1617    32.6795    32.6728    25.9373    25.9348    7.37046 0.0000e+00
      10107     40.532     4.0150     4.0082   3.063676   3.062241     2.2667     2.7722      8.080     1.0260     9.7413 1.0727e-01    -0.0525   101.3208     7.7702     8.1606    32.6888    32.6786    25.9464    25.9390    7.37320 0.0000e+00
      10110     40.508     4.0450     4.0148   3.065019   3.062697     2.2687     2.7747      8.083     1.0260     9.7413 1.0715e-01    -0.0521   101.3118     7.7710     8.1628    32.6748    32.6775    25.9323    25.9374    7.36844 0.0000e+00
      10113     40.477     4.0551     4.0159   3.065628   3.061598     2.2696     2.7743      8.081     1.0159     9.7413 1.0715e-01    -0.0503   101.2665     7.7720     8.1566    32.6719    32.6634    25.9290    25.9261    7.36674 0.0000e+00
      10116     40.440     4.0599     3.9582   3.066412   3.058135     2.2704     2.7763      8.078     0.9650     9.8203 1.0715e-01    -0.0482   101.2123     7.7703     8.1700    32.6764    32.6801    25.9321    25.9451    7.36566 0.0000e+00
      10119     40.399     4.0656     3.9143   3.066478   3.056658     2.2724     2.7771      8.078     0.9548     9.7413 1.0715e-01    -0.0489   101.2304     7.7772     8.1758    32.6714    32.7065    25.9276    25.9704    7.36485 0.0000e+00
      10122     40.350     4.0390     3.9096   3.064669   3.055746     2.2728     2.7783      8.081     0.9548     9.8203 1.0715e-01    -0.0486   101.2213     7.7832     8.1774    32.6767    32.7005    25.9344    25.9661    7.36943 0.0000e+00
      10125     40.297     4.0281     3.8917   3.064988   3.053199     2.2736     2.7792      8.083     0.9752    56.0897 1.0715e-01    -0.0482   101.2123     7.7883     8.1818    32.6914    32.6882    25.9472    25.9581    7.37070 0.0000e+00
      10128     40.250     4.0439     3.8695   3.066482   3.052493     2.2752     2.7804      8.081     0.9650   460.6709 1.0715e-01    -0.0486   101.2213     7.7922     8.1870    32.6932    32.7021    25.9471    25.9713    7.36773 0.0000e+00
      10131     40.204     4.0627     3.8907   3.067564   3.054789     2.2752     2.7808      8.081     0.9548   481.5553 1.0715e-01    -0.0486   101.2213     7.7855     8.1788    32.6872    32.7081    25.9405    25.9741    7.36461 0.0000e+00
      10134     40.157     4.0752     3.9187   3.068422   3.056426     2.2773     2.7812      8.081     0.9752   481.2000 1.0715e-01    -0.0500   101.2575     7.7880     8.1728    32.6849    32.6995    25.9374    25.9644    7.36245 0.0000e+00
      10137     40.115     4.0752     3.9350   3.067769   3.057771     2.2773     2.7824      8.081     0.9650   481.2790 1.0715e-01    -0.0503   101.2665     7.7842     8.1737    32.6772    32.6992    25.9313    25.9626    7.36282 0.0000e+00
      10140     40.070     4.0840     3.9702   3.068677   3.060418     2.2781     2.7828      8.081     0.9446   481.3184 1.0715e-01    -0.0503   101.2665     7.7824     8.1681    32.6792    32.6952    25.9320    25.9560    7.36113 0.0000e+00
      10143     40.018     4.0685     4.0014   3.067981   3.062599     2.2797     2.7841      8.080     0.8633   481.3184 1.0715e-01    -0.0503   101.2665     7.7890     8.1661    32.6865    32.6900    25.9393    25.9487    7.36359 0.0000e+00
      10146     39.962     4.0608     4.0049   3.068187   3.065256     2.2806     2.7853      8.080     0.8633   481.3579 1.0715e-01    -0.0503   101.2665     7.7918     8.1682    32.6966    32.7178    25.9482    25.9705    7.36450 0.0000e+00
      10149     39.901     4.0820     4.0689   3.069442   3.068724     2.2822     2.7861      8.081     0.8531   481.3579 1.0715e-01    -0.0503   101.2665     7.7897     8.1578    32.6902    32.6948    25.9409    25.9459    7.36095 0.0000e+00
      10152     39.836     4.0868     4.0728   3.068019   3.068634     2.2830     2.7865      8.081     0.8633   322.0995 1.0715e-01    -0.0503   101.2665     7.7870     8.1574    32.6688    32.6899    25.9234    25.9416    7.36114 0.0000e+00
      10155     39.768     4.0486     4.0684   3.066734   3.067917     2.2830     2.7869      8.083     0.8633    -2.8130 1.0715e-01    -0.0503   101.2665     7.7881     8.1598    32.6917    32.6859    25.9455    25.9389    7.36695 0.0000e+00
      10158     39.700     4.0705     4.0499   3.069228   3.066870     2.2834     2.7885      8.081     0.8734    -1.9050 1.0715e-01    -0.0503   101.2665     7.7776     8.1674    32.6993    32.6921    25.9493    25.9456    7.36260 0.0000e+00
      10161     39.633     4.1015     4.0219   3.070944   3.064558     2.2838     2.7902      8.083     0.8633    -0.9969 1.0715e-01    -0.0507   101.2756     7.7677     8.1743    32.6887    32.6928    25.9377    25.9490    7.35750 0.0000e+00
      10164     39.566     4.0898     4.0294   3.069975   3.065518     2.2854     2.7914      8.083     0.8836    -1.0364 1.0727e-01    -0.0503   101.2665     7.7692     8.1722    32.6890    32.6966    25.9391    25.9512    7.35960 0.0000e+00
      10167     39.498     4.1133     4.0678   3.072305   3.068564     2.2858     2.7914      8.083     0.8429    -1.0759 1.0715e-01    -0.0503   101.2665     7.7591     8.1594    32.6929    32.6943    25.9400    25.9455    7.35514 0.0000e+00
      10170     39.430     4.1495     4.0863   3.074799   3.069859     2.2862     2.7922      8.079     0.7412    -1.0364 1.0715e-01    -0.0507   101.2756     7.7463     8.1547    32.6863    32.6911    25.9311    25.9412    7.34892 0.0000e+00
      10173     39.366     4.1475     4.1006   3.074179   3.070893     2.2862     2.7922      8.081     0.7412    -1.0364 1.0715e-01    -0.0496   101.2484     7.7414     8.1460    32.6811    32.6891    25.9271    25.9382    7.34954 0.0000e+00
      10176     39.307     4.1601     4.1067   3.075901   3.071461     2.2858     2.7930      8.082     0.7513    -1.0364 1.0715e-01    -0.0471   101.1851     7.7334     8.1413    32.6888    32.6897    25.9320    25.9381    7.34689 0.0000e+00
      10179     39.254     4.1721     4.1088   3.076282   3.071507     2.2871     2.7942      8.082     0.7513    -0.6416 1.0727e-01    -0.0475   101.1942     7.7324     8.1381    32.6813    32.6882    25.9248    25.9367    7.34508 0.0000e+00
      10182     39.206     4.2174     4.1029   3.079919   3.071141     2.2871     2.7938      8.082     0.7412    -0.3258 1.0715e-01    -0.0475   101.1942     7.7184     8.1319    32.6790    32.6898    25.9184    25.9385    7.33701 0.0000e+00
      10185     39.164     4.2328     4.1097   3.080967   3.071784     2.2871     2.7938      8.082     0.7412    -0.3258 1.0715e-01    -0.0475   101.1942     7.7102     8.1235    32.6760    32.6906    25.9145    25.9385    7.33438 0.0000e+00
      10188     39.133     4.2393     4.1210   3.081621   3.072584     2.2879     2.7946      8.079     0.7412    -0.3258 1.0715e-01    -0.0471   101.1851     7.7081     8.1195    32.6773    32.6888    25.9148    25.9359    7.33315 0.0000e+00
      10284     39.097     4.2986     4.2578   3.087168   3.084341     2.2936     2.8015      8.082     0.5987   320.7967 1.0715e-01    -0.0521   101.3118     7.7000     8.0786    32.6834    32.6907    25.9136    25.9236    7.32218 0.0000e+00
      10334     39.040     4.3253     4.3297   3.089537   3.090148     2.2960     2.8056      8.082     0.5071   481.3579 1.0715e-01    -0.0543   101.3660     7.6946     8.0630    32.6846    32.6875    25.9119    25.9137    7.31732 0.0000e+00
      10337     38.988     4.3235     4.3241   3.089467   3.089381     2.2960     2.8048      8.082     0.5275   481.3579 1.0715e-01    -0.0536   101.3479     7.6931     8.0642    32.6857    32.6841    25.9129    25.9116    7.31760 0.0000e+00
      10340     38.947     4.3250     4.3162   3.089815   3.088854     2.2960     2.8048      8.082     0.5275   481.3579 1.0715e-01    -0.0529   101.3298     7.6924     8.0664    32.6882    32.6857    25.9148    25.9137    7.31719 0.0000e+00
      10390     38.915     4.3181     4.3266   3.089119   3.089609     2.2972     2.8068      8.082     0.4969   321.7047 1.0715e-01    -0.0529   101.3298     7.7011     8.0688    32.6870    32.6843    25.9145    25.9115    7.31850 0.0000e+00
      10487     38.844     4.3017     4.3381   3.087915   3.090441     2.3005     2.8109      8.082     0.4562     2.3982 1.0715e-01    -0.0529   101.3298     7.7217     8.0761    32.6892    32.6826    25.9180    25.9089    7.32134 0.0000e+00
      10490     38.764     4.3198     4.3440   3.089305   3.091283     2.3005     2.8109      8.082     0.4359     2.3982 1.0715e-01    -0.0525   101.3208     7.7164     8.0761    32.6876    32.6867    25.9148    25.9116    7.31817 0.0000e+00
      10493     38.691     4.3362     4.3499   3.090668   3.091679     2.3009     2.8109      8.082     0.4359     2.7930 1.0715e-01    -0.0529   101.3298     7.7107     8.0760    32.6873    32.6855    25.9129    25.9101    7.31524 0.0000e+00
      10496     38.631     4.3455     4.3708   3.091334   3.093684     2.3005     2.8109      8.082     0.4460     3.1089 1.0727e-01    -0.0529   101.3298     7.7037     8.0729    32.6859    32.6882    25.9108    25.9101    7.31364 0.0000e+00
      10499     38.588     4.3462     4.3781   3.091030   3.094030     2.2997     2.8093      8.082     0.4460     3.1089 1.0715e-01    -0.0536   101.3479     7.7015     8.0667    32.6816    32.6851    25.9073    25.9068    7.31371 0.0000e+00
      10598     38.550     4.3585     4.3781   3.092473   3.093754     2.3042     2.8134      8.082     0.4562     4.5301 1.0727e-01    -0.0514   101.2936     7.7079     8.0666    32.6863    32.6818    25.9098    25.9042    7.31128 0.0000e+00
