Datasets/AZMP/TEL210/tel210_2020_016.cnv
* Sea-Bird SBE 9 Data File:
* FileName = C:\CTDDATA\tel210_2020_016.hex
* Software Version Seasave V 7.26.7.110
* Temperature SN = 1697
* Conductivity SN = 4216
* Number of Bytes Per Scan = 30
* Number of Voltage Words = 4
* Number of Scans Averaged by the Deck Unit = 1
* NMEA baud rate = 4800
** VESSEL/TRIP/SEQ STN:  tel210_2020_016
** LATITUDE XX XX.XX: 47 00.00 N
** LONGITUDE XX XX.XX: 047 30.00 W
** SOUNDING DEPTH (M): 0215
** PROBE TYPE: S1146
** CTD NUMBER: 015
** COMMENTS (14 CHAR): FC-14
** BOTTLES:  10
** LEVELS: 5,10,20,30,40,50,75,100,150,BTM
** STICKERS: 435838 - 435847
** VNET: Y
** DO2: Y
# nquan = 22
# nvalues = 4496                        
# units = specified
# name 0 = scan: Scan Count
# name 1 = prDM: Pressure, Digiquartz [db]
# name 2 = t090C: Temperature [ITS-90, deg C]
# name 3 = t190C: Temperature, 2 [ITS-90, deg C]
# name 4 = c0S/m: Conductivity [S/m]
# name 5 = c1S/m: Conductivity, 2 [S/m]
# name 6 = sbeox0V: Oxygen raw, SBE 43 [V]
# name 7 = sbeox1V: Oxygen raw, SBE 43, 2 [V]
# name 8 = ph: pH
# name 9 = flECO-AFL: Fluorescence, WET Labs ECO-AFL/FL [mg/m^3]
# name 10 = wetCDOM: Fluorescence, WET Labs CDOM [mg/m^3]
# name 11 = par/sat/log: PAR/Logarithmic, Satlantic [umol photons/m^2/sec]
# name 12 = CStarAt0: Beam Attenuation, WET Labs C-Star [1/m]
# name 13 = CStarTr0: Beam Transmission, WET Labs C-Star [%]
# name 14 = sbeox0ML/L: Oxygen, SBE 43 [ml/l], WS = 2
# name 15 = sbeox1ML/L: Oxygen, SBE 43, 2 [ml/l], WS = 2
# name 16 = sal00: Salinity, Practical [PSU]
# name 17 = sal11: Salinity, Practical, 2 [PSU]
# name 18 = sigma-t00: Density [sigma-t, kg/m^3 ]
# name 19 = sigma-t11: Density, 2 [sigma-t, kg/m^3 ]
# name 20 = oxsatML/L: Oxygen Saturation, Weiss [ml/l]
# name 21 = flag: flag
# span 0 =        128,      36830       
# span 1 =      0.423,    212.470       
# span 2 =    -1.6633,    10.2342       
# span 3 =    -1.6687,    10.2310       
# span 4 =   0.692760,   3.519273       
# span 5 =   0.862554,   3.519017       
# span 6 =     1.8582,     2.3889       
# span 7 =     2.2440,     2.9133       
# span 8 =      7.803,      8.176       
# span 9 =    -0.6325,     6.9072       
# span 10 =    -2.8130,   482.1870      
# span 11 = 1.0678e-01, 9.3402e+01      
# span 12 =    -0.1519,     0.4055      
# span 13 =    90.3605,   103.8710      
# span 14 =     6.2115,     8.7986      
# span 15 =     6.2604,     9.3556      
# span 16 =     5.4390,    34.1079      
# span 17 =     6.8829,    34.1083      
# span 18 =     3.9295,    27.2690      
# span 19 =     5.0527,    27.2697      
# span 20 =    6.41373,    8.55056      
# span 21 = 0.0000e+00, 0.0000e+00      
# interval = scans: 3                   
# start_time = Jul 16 2020 19:00:51 [System UTC, header]
# bad_flag = -9.990e-29
*END*
[from data line 2042]
       6954    207.811     1.8344     1.8297   3.001565   3.001213     1.9626     2.3851      7.933    -0.5816     3.2273 1.0740e-01    -0.0983   102.4874     6.8345     7.1815    34.1042    34.1047    27.2666    27.2674    7.71574 0.0000e+00
       6957    207.916     1.8346     1.8295   3.001599   3.001212     1.9622     2.3847      7.933    -0.5918     3.2273 1.0752e-01    -0.0983   102.4874     6.8300     7.1800    34.1042    34.1049    27.2667    27.2676    7.71568 0.0000e+00
       6960    208.020     1.8336     1.8306   3.001558   3.001383     1.9631     2.3843      7.933    -0.5816     3.2273 1.0752e-01    -0.0983   102.4874     6.8297     7.1749    34.1048    34.1058    27.2671    27.2683    7.71586 0.0000e+00
       6963    208.122     1.8364     1.8318   3.001911   3.001477     1.9614     2.3847      7.933    -0.5816     3.2273 1.0740e-01    -0.0983   102.4874     6.8201     7.1738    34.1061    34.1056    27.2680    27.2680    7.71523 0.0000e+00
       6966    208.223     1.8386     1.8332   3.002101   3.001675     1.9626     2.3847      7.933    -0.5816     3.2273 1.0740e-01    -0.0972   102.4602     6.8265     7.1729    34.1061    34.1065    27.2679    27.2686    7.71481 0.0000e+00
       6969    208.316     1.8395     1.8344   3.002186   3.001749     1.9622     2.3847      7.933    -0.5918   239.6673 1.0752e-01    -0.0962   102.4331     6.8242     7.1725    34.1061    34.1061    27.2678    27.2682    7.71461 0.0000e+00
       6972    208.404     1.8400     1.8346   3.002217   3.001756     1.9626     2.3847      7.933    -0.5816   482.1870 1.0752e-01    -0.0962   102.4331     6.8263     7.1715    34.1060    34.1060    27.2676    27.2680    7.71453 0.0000e+00
       6975    208.485     1.8400     1.8349   3.002204   3.001809     1.9622     2.3847      7.933    -0.5816   481.0026 1.0740e-01    -0.0962   102.4331     6.8287     7.1733    34.1058    34.1062    27.2675    27.2682    7.71455 0.0000e+00
       6978    208.562     1.8396     1.8347   3.002250   3.001829     1.9626     2.3843      7.933    -0.5816   481.2790 1.0752e-01    -0.0962   102.4331     6.8328     7.1724    34.1067    34.1066    27.2682    27.2685    7.71457 0.0000e+00
       6981    208.631     1.8401     1.8347   3.002284   3.001849     1.9614     2.3843      7.933    -0.5816   481.2790 1.0727e-01    -0.0962   102.4331     6.8283     7.1720    34.1065    34.1069    27.2681    27.2688    7.71448 0.0000e+00
       6984    208.694     1.8399     1.8348   3.002251   3.001846     1.9614     2.3843      7.933    -0.5816   481.3184 1.0752e-01    -0.0962   102.4331     6.8284     7.1731    34.1064    34.1067    27.2679    27.2686    7.71454 0.0000e+00
       6987    208.752     1.8397     1.8348   3.002242   3.001868     1.9622     2.3835      7.933    -0.5613   481.2790 1.0740e-01    -0.0958   102.4241     6.8295     7.1714    34.1063    34.1070    27.2679    27.2688    7.71456 0.0000e+00
       6990    208.810     1.8400     1.8345   3.002273   3.001843     1.9626     2.3835      7.933    -0.5918   481.3579 1.0740e-01    -0.0965   102.4421     6.8301     7.1710    34.1064    34.1069    27.2680    27.2688    7.71451 0.0000e+00
       6993    208.861     1.8401     1.8345   3.002264   3.001838     1.9622     2.3843      7.933    -0.5816   481.3579 1.0752e-01    -0.0962   102.4331     6.8281     7.1736    34.1061    34.1068    27.2678    27.2687    7.71450 0.0000e+00
       6996    208.910     1.8401     1.8347   3.002292   3.001852     1.9626     2.3839      7.933    -0.5714   109.5838 1.0752e-01    -0.0962   102.4331     6.8283     7.1723    34.1064    34.1067    27.2680    27.2686    7.71448 0.0000e+00
       6999    208.958     1.8403     1.8351   3.002289   3.001867     1.9626     2.3851      7.933    -0.5816    -0.0495 1.0740e-01    -0.0962   102.4331     6.8282     7.1794    34.1062    34.1065    27.2678    27.2685    7.71446 0.0000e+00
       7002    209.007     1.8406     1.8350   3.002331   3.001854     1.9626     2.3835      7.933    -0.5714     3.9774 1.0740e-01    -0.0962   102.4331     6.8269     7.1738    34.1064    34.1064    27.2680    27.2684    7.71440 0.0000e+00
       7005    209.055     1.8412     1.8354   3.002363   3.001910     1.9626     2.3839      7.933    -0.5918     3.7010 1.0752e-01    -0.0969   102.4512     6.8268     7.1757    34.1061    34.1067    27.2676    27.2686    7.71428 0.0000e+00
       7008    209.102     1.8410     1.8354   3.002322   3.001910     1.9614     2.3847      7.933    -0.5918     3.7010 1.0752e-01    -0.0951   102.4060     6.8198     7.1777    34.1058    34.1066    27.2675    27.2685    7.71435 0.0000e+00
       7011    209.150     1.8407     1.8351   3.002321   3.001876     1.9618     2.3843      7.933    -0.5816     3.7010 1.0752e-01    -0.0951   102.4060     6.8208     7.1777    34.1061    34.1065    27.2677    27.2684    7.71439 0.0000e+00
       7014    209.202     1.8405     1.8352   3.002337   3.001896     1.9622     2.3835      7.933    -0.5816     3.7010 1.0752e-01    -0.0951   102.4060     6.8208     7.1742    34.1064    34.1066    27.2680    27.2686    7.71440 0.0000e+00
       7017    209.255     1.8411     1.8352   3.002383   3.001902     1.9614     2.3835      7.935    -0.5613     3.7010 1.0740e-01    -0.0951   102.4060     6.8169     7.1746    34.1064    34.1067    27.2679    27.2686    7.71430 0.0000e+00
       7020    209.309     1.8408     1.8354   3.002342   3.001916     1.9614     2.3839      7.935    -0.5613     4.2932 1.0752e-01    -0.0947   102.3969     6.8182     7.1771    34.1062    34.1066    27.2678    27.2685    7.71437 0.0000e+00
       7023    209.364     1.8405     1.8356   3.002314   3.001945     1.9618     2.3843      7.935    -0.5816    10.0967 1.0752e-01    -0.0947   102.3969     6.8210     7.1804    34.1061    34.1067    27.2677    27.2686    7.71442 0.0000e+00
       7026    209.420     1.8409     1.8360   3.002347   3.001958     1.9618     2.3839      7.933    -0.5816    10.2546 1.0752e-01    -0.0951   102.4060     6.8232     7.1814    34.1061    34.1064    27.2676    27.2683    7.71435 0.0000e+00
       7029    209.477     1.8406     1.8357   3.002325   3.001932     1.9618     2.3835      7.935    -0.5918    10.2546 1.0740e-01    -0.0972   102.4602     6.8263     7.1774    34.1060    34.1064    27.2677    27.2683    7.71441 0.0000e+00
       7032    209.536     1.8403     1.8350   3.002335   3.001883     1.9622     2.3835      7.933    -0.5714    10.2151 1.0752e-01    -0.0972   102.4602     6.8313     7.1786    34.1065    34.1065    27.2680    27.2684    7.71445 0.0000e+00
       7035    209.597     1.8399     1.8349   3.002326   3.001902     1.9618     2.3847      7.933    -0.6019    10.2546 1.0752e-01    -0.0976   102.4693     6.8264     7.1854    34.1067    34.1068    27.2682    27.2687    7.71451 0.0000e+00
       7038    209.662     1.8401     1.8349   3.002332   3.001916     1.9610     2.3839      7.933    -0.5816    10.2546 1.0752e-01    -0.0972   102.4602     6.8223     7.1816    34.1066    34.1069    27.2681    27.2688    7.71448 0.0000e+00
       7041    209.727     1.8402     1.8348   3.002338   3.001897     1.9618     2.3847      7.933    -0.6019    10.2151 1.0752e-01    -0.0972   102.4602     6.8275     7.1841    34.1065    34.1067    27.2680    27.2686    7.71447 0.0000e+00
       7044    209.787     1.8402     1.8348   3.002327   3.001900     1.9618     2.3843      7.933    -0.5918    10.2940 1.0752e-01    -0.0972   102.4602     6.8277     7.1811    34.1063    34.1068    27.2679    27.2687    7.71447 0.0000e+00
       7047    209.847     1.8402     1.8352   3.002337   3.001996     1.9614     2.3847      7.933    -0.5816     7.2936 1.0752e-01    -0.0965   102.4421     6.8256     7.1842    34.1064    34.1075    27.2679    27.2692    7.71446 0.0000e+00
       7050    209.906     1.8402     1.8350   3.002356   3.001946     1.9614     2.3843      7.933    -0.5816     0.8191 1.0752e-01    -0.0962   102.4331     6.8244     7.1836    34.1066    34.1070    27.2681    27.2688    7.71446 0.0000e+00
       7053    209.967     1.8404     1.8349   3.002365   3.001943     1.9622     2.3835      7.933    -0.5816     1.0954 1.0740e-01    -0.0969   102.4512     6.8302     7.1799    34.1065    34.1071    27.2680    27.2689    7.71442 0.0000e+00
       7056    210.026     1.8401     1.8350   3.002343   3.001954     1.9618     2.3847      7.933    -0.5816     1.0559 1.0752e-01    -0.0965   102.4421     6.8289     7.1831    34.1065    34.1071    27.2681    27.2689    7.71449 0.0000e+00
       7059    210.086     1.8402     1.8351   3.002343   3.001945     1.9610     2.3839      7.933    -0.5816     1.0954 1.0752e-01    -0.0962   102.4331     6.8265     7.1798    34.1064    34.1069    27.2679    27.2687    7.71447 0.0000e+00
       7062    210.147     1.8401     1.8347   3.002346   3.001942     1.9614     2.3843      7.933    -0.5918     1.0954 1.0752e-01    -0.0965   102.4421     6.8313     7.1828    34.1065    34.1072    27.2680    27.2690    7.71448 0.0000e+00
       7065    210.203     1.8401     1.8348   3.002346   3.001934     1.9618     2.3843      7.935    -0.5816     1.0954 1.0740e-01    -0.0962   102.4331     6.8338     7.1822    34.1064    34.1069    27.2680    27.2688    7.71448 0.0000e+00
       7068    210.250     1.8401     1.8350   3.002356   3.001938     1.9618     2.3843      7.933    -0.5816     1.0954 1.0740e-01    -0.0962   102.4331     6.8371     7.1814    34.1065    34.1068    27.2681    27.2686    7.71448 0.0000e+00
       7071    210.292     1.8402     1.8351   3.002366   3.001931     1.9614     2.3847      7.933    -0.6019     1.0954 1.0752e-01    -0.0962   102.4331     6.8352     7.1833    34.1065    34.1066    27.2681    27.2685    7.71446 0.0000e+00
       7074    210.330     1.8401     1.8352   3.002345   3.001956     1.9618     2.3847      7.933    -0.5918     5.2802 1.0752e-01    -0.0962   102.4331     6.8352     7.1849    34.1063    34.1067    27.2679    27.2686    7.71448 0.0000e+00
       7077    210.369     1.8404     1.8351   3.002353   3.001963     1.9622     2.3843      7.933    -0.5816     8.2411 1.0740e-01    -0.0962   102.4331     6.8376     7.1829    34.1061    34.1069    27.2677    27.2687    7.71444 0.0000e+00
       7080    210.403     1.8404     1.8350   3.002396   3.001936     1.9610     2.3847      7.933    -0.6019     8.0832 1.0740e-01    -0.0962   102.4331     6.8342     7.1837    34.1067    34.1067    27.2682    27.2686    7.71442 0.0000e+00
       7083    210.439     1.8402     1.8349   3.002402   3.001971     1.9618     2.3847      7.933    -0.5816     8.0832 1.0740e-01    -0.0962   102.4331     6.8375     7.1845    34.1069    34.1072    27.2684    27.2690    7.71444 0.0000e+00
       7086    210.473     1.8404     1.8353   3.002374   3.001978     1.9631     2.3847      7.933    -0.5714     8.0832 1.0752e-01    -0.0962   102.4331     6.8420     7.1830    34.1063    34.1069    27.2679    27.2687    7.71443 0.0000e+00
       7089    210.504     1.8405     1.8352   3.002380   3.001992     1.9622     2.3843      7.933    -0.5918     8.0832 1.0752e-01    -0.0944   102.3879     6.8374     7.1816    34.1063    34.1071    27.2678    27.2689    7.71441 0.0000e+00
       7242    210.536     1.8428     1.8375   3.002683   3.002222     1.9610     2.3823      7.938    -0.5816    11.0046 1.0740e-01    -0.0940   102.3788     6.8271     7.1688    34.1076    34.1075    27.2688    27.2690    7.71390 0.0000e+00
       7245    210.573     1.8431     1.8377   3.002715   3.002277     1.9618     2.3835      7.938    -0.5816    10.9652 1.0752e-01    -0.0937   102.3698     6.8312     7.1733    34.1076    34.1080    27.2687    27.2694    7.71383 0.0000e+00
       7248    210.603     1.8432     1.8378   3.002703   3.002262     1.9626     2.3831      7.933    -0.6019    11.0441 1.0740e-01    -0.0937   102.3698     6.8372     7.1747    34.1073    34.1076    27.2685    27.2691    7.71382 0.0000e+00
       7553    210.639     1.8426     1.8368   3.002686   3.002156     1.9606     2.3827      7.938    -0.5613     2.7535 1.0715e-01    -0.0965   102.4421     6.8264     7.1724    34.1078    34.1073    27.2689    27.2690    7.71393 0.0000e+00
       7556    210.682     1.8429     1.8377   3.002695   3.002253     1.9606     2.3835      7.938    -0.5613     2.7535 1.0740e-01    -0.0969   102.4512     6.8263     7.1749    34.1075    34.1076    27.2687    27.2691    7.71387 0.0000e+00
       7559    210.726     1.8429     1.8378   3.002698   3.002303     1.9606     2.3835      7.938    -0.5511     2.7535 1.0752e-01    -0.0969   102.4512     6.8256     7.1756    34.1075    34.1080    27.2687    27.2695    7.71388 0.0000e+00
       7562    210.768     1.8432     1.8378   3.002697   3.002293     1.9606     2.3831      7.938    -0.5409     2.7535 1.0740e-01    -0.0962   102.4331     6.8252     7.1748    34.1072    34.1080    27.2683    27.2694    7.71383 0.0000e+00
       7565    210.811     1.8432     1.8377   3.002704   3.002286     1.9614     2.3835      7.938    -0.5816     2.7535 1.0752e-01    -0.0969   102.4512     6.8287     7.1770    34.1073    34.1079    27.2684    27.2694    7.71383 0.0000e+00
       7568    210.855     1.8430     1.8377   3.002723   3.002292     1.9614     2.3827      7.938    -0.5816     2.7535 1.0740e-01    -0.0969   102.4512     6.8258     7.1759    34.1077    34.1079    27.2688    27.2694    7.71385 0.0000e+00
       7571    210.897     1.8430     1.8376   3.002723   3.002269     1.9606     2.3835      7.938    -0.5816     5.8329 1.0740e-01    -0.0965   102.4421     6.8217     7.1810    34.1077    34.1077    27.2688    27.2692    7.71385 0.0000e+00
       7574    210.940     1.8429     1.8377   3.002721   3.002286     1.9614     2.3831      7.938    -0.5714     8.9123 1.0752e-01    -0.0937   102.3698     6.8265     7.1786    34.1077    34.1079    27.2688    27.2693    7.71387 0.0000e+00
       7577    210.980     1.8428     1.8378   3.002707   3.002288     1.9602     2.3827      7.938    -0.5918     8.7938 1.0752e-01    -0.0940   102.3788     6.8214     7.1755    34.1076    34.1078    27.2688    27.2693    7.71390 0.0000e+00
       7580    211.020     1.8428     1.8377   3.002705   3.002291     1.9606     2.3831      7.938    -0.5714     8.7938 1.0752e-01    -0.0940   102.3788     6.8222     7.1747    34.1076    34.1079    27.2687    27.2694    7.71390 0.0000e+00
       7583    211.059     1.8430     1.8376   3.002719   3.002314     1.9602     2.3835      7.938    -0.5918     8.7938 1.0752e-01    -0.0940   102.3788     6.8178     7.1776    34.1075    34.1082    27.2686    27.2696    7.71385 0.0000e+00
       7586    211.093     1.8429     1.8378   3.002722   3.002315     1.9614     2.3836      7.938    -0.5714     8.7938 1.0752e-01    -0.0940   102.3788     6.8235     7.1791    34.1076    34.1080    27.2688    27.2694    7.71387 0.0000e+00
       7589    211.126     1.8431     1.8376   3.002719   3.002304     1.9602     2.3836      7.938    -0.5816     8.7938 1.0752e-01    -0.0940   102.3788     6.8190     7.1780    34.1074    34.1081    27.2686    27.2695    7.71385 0.0000e+00
       7592    211.154     1.8430     1.8378   3.002730   3.002284     1.9606     2.3836      7.938    -0.5816     8.7938 1.0752e-01    -0.0937   102.3698     6.8226     7.1770    34.1076    34.1076    27.2687    27.2691    7.71385 0.0000e+00
       7595    211.182     1.8431     1.8378   3.002732   3.002283     1.9610     2.3836      7.938    -0.5918     8.7938 1.0740e-01    -0.0951   102.4060     6.8247     7.1774    34.1075    34.1075    27.2686    27.2690    7.71384 0.0000e+00
