Datasets/AZMP/TEL210/tel210_2020_093.cnv
* Sea-Bird SBE 9 Data File:
* FileName = C:\CTDDATA\tel210_2020_093.hex
* Software Version Seasave V 7.26.7.110
* Temperature SN = 1697
* Conductivity SN = 4216
* Number of Bytes Per Scan = 30
* Number of Voltage Words = 4
* Number of Scans Averaged by the Deck Unit = 1
* NMEA baud rate = 4800
** VESSEL/TRIP/SEQ STN:  TEL210_2020_093
** LATITUDE XX XX.XX: 54 38.00 N
** LONGITUDE XX XX.XX: 053 15.00 W
** SOUNDING DEPTH (M): 0680
** PROBE TYPE: S1146
** CTD NUMBER: 063
** COMMENTS (14 CHAR): SI-12
** BOTTLES:  12
** LEVELS: 5,10,20,30,40,50,75,100,150,250,500,BTM
** STICKERS: 436190 - 436201
** VNET: Y
** DO2: N
# nquan = 22
# nvalues = 15122                       
# units = specified
# name 0 = scan: Scan Count
# name 1 = prDM: Pressure, Digiquartz [db]
# name 2 = t090C: Temperature [ITS-90, deg C]
# name 3 = t190C: Temperature, 2 [ITS-90, deg C]
# name 4 = c0S/m: Conductivity [S/m]
# name 5 = c1S/m: Conductivity, 2 [S/m]
# name 6 = sbeox0V: Oxygen raw, SBE 43 [V]
# name 7 = sbeox1V: Oxygen raw, SBE 43, 2 [V]
# name 8 = ph: pH
# name 9 = flECO-AFL: Fluorescence, WET Labs ECO-AFL/FL [mg/m^3]
# name 10 = wetCDOM: Fluorescence, WET Labs CDOM [mg/m^3]
# name 11 = par/sat/log: PAR/Logarithmic, Satlantic [umol photons/m^2/sec]
# name 12 = CStarAt0: Beam Attenuation, WET Labs C-Star [1/m]
# name 13 = CStarTr0: Beam Transmission, WET Labs C-Star [%]
# name 14 = sbeox0ML/L: Oxygen, SBE 43 [ml/l], WS = 2
# name 15 = sbeox1ML/L: Oxygen, SBE 43, 2 [ml/l], WS = 2
# name 16 = sal00: Salinity, Practical [PSU]
# name 17 = sal11: Salinity, Practical, 2 [PSU]
# name 18 = sigma-t00: Density [sigma-t, kg/m^3 ]
# name 19 = sigma-t11: Density, 2 [sigma-t, kg/m^3 ]
# name 20 = oxsatML/L: Oxygen Saturation, Weiss [ml/l]
# name 21 = flag: flag
# span 0 =          2,      86481       
# span 1 =      0.903,    697.221       
# span 2 =     0.5892,     7.5386       
# span 3 =     0.5883,     7.5244       
# span 4 =   2.841955,   3.294441       
# span 5 =   2.841970,   3.293193       
# span 6 =     1.9105,     2.7048       
# span 7 =     2.2915,     3.3386       
# span 8 =      8.001,      8.328       
# span 9 =     0.6029,    14.3172       
# span 10 =    -2.8130,   482.1870      
# span 11 = 1.0715e-01, 4.5525e+02      
# span 12 =    -0.1240,     0.6968      
# span 13 =    84.0122,   103.1475      
# span 14 =     6.4836,    10.0247      
# span 15 =     6.7191,    10.4710      
# span 16 =    31.9235,    34.8454      
# span 17 =    31.9259,    34.8452      
# span 18 =    24.9238,    27.7159      
# span 19 =    24.9275,    27.7161      
# span 20 =    6.81172,    8.00154      
# span 21 = 0.0000e+00, 0.0000e+00      
# interval = scans: 3                   
# start_time = Jul 25 2020 17:41:14 [System UTC, header]
# bad_flag = -9.990e-29
*END*
[from data line 3359]
      10426    344.923     3.5256     3.5206   3.196843   3.196400     1.9466     2.3362      8.013     0.7299     2.1614 1.0715e-01    -0.1141   102.8943     6.5332     6.7771    34.6171    34.6171    27.5295    27.5300    7.36802 0.0000e+00
      10429    345.009     3.5249     3.5206   3.196764   3.196412     1.9470     2.3366      8.013     0.7299     2.1614 1.0715e-01    -0.1141   102.8943     6.5334     6.7777    34.6168    34.6172    27.5293    27.5300    7.36815 0.0000e+00
      10432    345.092     3.5252     3.5204   3.196871   3.196396     1.9466     2.3374      8.013     0.7299     2.1614 1.0715e-01    -0.1141   102.8943     6.5351     6.7794    34.6177    34.6171    27.5301    27.5301    7.36805 0.0000e+00
      10435    345.173     3.5266     3.5218   3.197029   3.196586     1.9470     2.3362      8.013     0.7405     2.1614 1.0715e-01    -0.1169   102.9666     6.5370     6.7764    34.6181    34.6179    27.5302    27.5306    7.36777 0.0000e+00
      10438    345.254     3.5275     3.5227   3.197121   3.196672     1.9462     2.3370      8.013     0.7510     2.1614 1.0727e-01    -0.1176   102.9847     6.5328     6.7783    34.6182    34.6179    27.5302    27.5304    7.36761 0.0000e+00
      10441    345.334     3.5281     3.5232   3.197158   3.196737     1.9470     2.3366      8.013     0.7510     3.1089 1.0727e-01    -0.1173   102.9757     6.5360     6.7764    34.6180    34.6181    27.5300    27.5306    7.36751 0.0000e+00
      10444    345.414     3.5279     3.5239   3.197146   3.196791     1.9470     2.3374      8.013     0.7616     4.2143 1.0715e-01    -0.1173   102.9757     6.5308     6.7798    34.6180    34.6180    27.5300    27.5304    7.36755 0.0000e+00
      10447    345.493     3.5281     3.5238   3.197179   3.196792     1.9466     2.3370      8.013     0.7616     4.1748 1.0715e-01    -0.1173   102.9757     6.5289     6.7787    34.6181    34.6180    27.5301    27.5305    7.36750 0.0000e+00
      10450    345.571     3.5284     3.5239   3.197174   3.196796     1.9462     2.3366      8.013     0.7405     4.1748 1.0715e-01    -0.1173   102.9757     6.5283     6.7770    34.6177    34.6180    27.5297    27.5304    7.36746 0.0000e+00
      10453    345.653     3.5281     3.5241   3.197135   3.196848     1.9466     2.3362      8.013     0.7405     4.1748 1.0727e-01    -0.1173   102.9757     6.5307     6.7748    34.6175    34.6183    27.5296    27.5306    7.36753 0.0000e+00
      10456    345.738     3.5288     3.5242   3.197316   3.196839     1.9478     2.3366      8.013     0.7616     4.1748 1.0715e-01    -0.1173   102.9757     6.5358     6.7773    34.6189    34.6181    27.5306    27.5304    7.36733 0.0000e+00
      10459    345.824     3.5326     3.5255   3.197843   3.197059     1.9466     2.3378      8.013     0.7722     4.1748 1.0715e-01    -0.1176   102.9847     6.5279     6.7823    34.6211    34.6193    27.5320    27.5312    7.36653 0.0000e+00
      10462    345.915     3.5353     3.5278   3.198073   3.197378     1.9466     2.3366      8.013     0.7299     4.1748 1.0715e-01    -0.1176   102.9847     6.5275     6.7766    34.6210    34.6207    27.5316    27.5321    7.36604 0.0000e+00
      10465    346.009     3.5363     3.5313   3.198189   3.197761     1.9462     2.3370      8.013     0.7299     4.1748 1.0715e-01    -0.1180   102.9938     6.5234     6.7782    34.6213    34.6215    27.5318    27.5325    7.36585 0.0000e+00
      10468    346.108     3.5366     3.5328   3.198204   3.197886     1.9458     2.3374      8.011     0.7299     4.8854 1.0715e-01    -0.1173   102.9757     6.5238     6.7786    34.6211    34.6213    27.5317    27.5322    7.36581 0.0000e+00
      10471    346.208     3.5373     3.5336   3.198344   3.198005     1.9466     2.3374      8.013     0.7299     5.1223 1.0727e-01    -0.1173   102.9757     6.5289     6.7788    34.6219    34.6218    27.5322    27.5325    7.36563 0.0000e+00
      10474    346.316     3.5389     3.5343   3.198548   3.198103     1.9466     2.3374      8.013     0.7299     5.1223 1.0727e-01    -0.1166   102.9576     6.5287     6.7783    34.6227    34.6222    27.5327    27.5327    7.36531 0.0000e+00
      10477    346.429     3.5400     3.5356   3.198654   3.198276     1.9466     2.3374      8.013     0.7299     5.1223 1.0727e-01    -0.1166   102.9576     6.5275     6.7751    34.6227    34.6228    27.5326    27.5331    7.36511 0.0000e+00
      10480    346.548     3.5412     3.5363   3.198822   3.198334     1.9462     2.3374      8.013     0.7299     5.1223 1.0740e-01    -0.1166   102.9576     6.5276     6.7729    34.6234    34.6228    27.5330    27.5330    7.36485 0.0000e+00
      10483    346.669     3.5427     3.5373   3.198998   3.198538     1.9458     2.3374      8.013     0.7299     5.1223 1.0715e-01    -0.1169   102.9667     6.5280     6.7732    34.6239    34.6240    27.5332    27.5339    7.36456 0.0000e+00
      10486    346.792     3.5432     3.5384   3.199035   3.198647     1.9466     2.3374      8.013     0.7193     5.1223 1.0715e-01    -0.1162   102.9486     6.5312     6.7730    34.6237    34.6241    27.5331    27.5339    7.36447 0.0000e+00
      10489    346.917     3.5437     3.5388   3.199115   3.198725     1.9458     2.3374      8.013     0.6875     5.1223 1.0715e-01    -0.1169   102.9667     6.5293     6.7700    34.6241    34.6245    27.5333    27.5342    7.36436 0.0000e+00
      10492    347.046     3.5443     3.5394   3.199205   3.198749     1.9466     2.3370      8.013     0.6981     5.1618 1.0727e-01    -0.1169   102.9667     6.5328     6.7676    34.6244    34.6241    27.5335    27.5338    7.36423 0.0000e+00
      10495    347.176     3.5444     3.5397   3.199230   3.198819     1.9470     2.3374      8.013     0.6981     5.5565 1.0715e-01    -0.1169   102.9667     6.5325     6.7686    34.6246    34.6247    27.5336    27.5342    7.36421 0.0000e+00
      10498    347.311     3.5447     3.5400   3.199257   3.198865     1.9462     2.3370      8.013     0.6875     5.5960 1.0715e-01    -0.1169   102.9667     6.5283     6.7665    34.6245    34.6247    27.5335    27.5342    7.36416 0.0000e+00
      10501    347.442     3.5446     3.5401   3.199254   3.198856     1.9462     2.3366      8.013     0.7087     5.5960 1.0715e-01    -0.1173   102.9757     6.5301     6.7639    34.6245    34.6244    27.5335    27.5339    7.36417 0.0000e+00
      10504    347.571     3.5449     3.5402   3.199259   3.198880     1.9466     2.3374      8.013     0.6875     5.5960 1.0715e-01    -0.1173   102.9757     6.5325     6.7660    34.6242    34.6246    27.5333    27.5341    7.36414 0.0000e+00
      10507    347.703     3.5446     3.5404   3.199254   3.198902     1.9462     2.3374      8.013     0.6875     5.5960 1.0715e-01    -0.1173   102.9757     6.5307     6.7658    34.6244    34.6246    27.5334    27.5340    7.36419 0.0000e+00
      10510    347.834     3.5448     3.5402   3.199296   3.198873     1.9458     2.3370      8.013     0.6875     5.5960 1.0715e-01    -0.1173   102.9757     6.5281     6.7666    34.6245    34.6243    27.5336    27.5338    7.36413 0.0000e+00
      10513    347.963     3.5453     3.5405   3.199374   3.198948     1.9470     2.3362      8.013     0.7299     5.5960 1.0715e-01    -0.1169   102.9667     6.5334     6.7659    34.6249    34.6249    27.5338    27.5342    7.36402 0.0000e+00
      10516    348.088     3.5463     3.5407   3.199486   3.198960     1.9466     2.3370      8.013     0.7299     5.5960 1.0715e-01    -0.1176   102.9847     6.5317     6.7686    34.6251    34.6247    27.5339    27.5341    7.36384 0.0000e+00
      10519    348.208     3.5465     3.5412   3.199538   3.199083     1.9454     2.3370      8.013     0.7299     5.5565 1.0715e-01    -0.1180   102.9938     6.5266     6.7683    34.6255    34.6256    27.5342    27.5347    7.36378 0.0000e+00
      10522    348.327     3.5467     3.5420   3.199567   3.199162     1.9462     2.3362      8.013     0.7299     5.4776 1.0727e-01    -0.1180   102.9938     6.5299     6.7662    34.6255    34.6256    27.5341    27.5347    7.36374 0.0000e+00
      10525    348.445     3.5470     3.5424   3.199588   3.199197     1.9466     2.3362      8.013     0.7299     5.4776 1.0740e-01    -0.1176   102.9847     6.5294     6.7649    34.6254    34.6256    27.5341    27.5347    7.36370 0.0000e+00
      10528    348.554     3.5470     3.5425   3.199612   3.199226     1.9462     2.3362      8.013     0.7299     5.4776 1.0715e-01    -0.1180   102.9938     6.5289     6.7646    34.6256    34.6257    27.5342    27.5347    7.36368 0.0000e+00
      10531    348.661     3.5472     3.5425   3.199642   3.199218     1.9470     2.3366      8.013     0.7299     5.4776 1.0715e-01    -0.1176   102.9847     6.5337     6.7689    34.6257    34.6257    27.5342    27.5347    7.36364 0.0000e+00
      10534    348.764     3.5472     3.5427   3.199637   3.199262     1.9458     2.3374      8.013     0.7299     5.4776 1.0715e-01    -0.1180   102.9938     6.5287     6.7755    34.6256    34.6259    27.5342    27.5348    7.36365 0.0000e+00
      10537    348.861     3.5468     3.5426   3.199585   3.199233     1.9466     2.3370      8.013     0.7299     5.4776 1.0727e-01    -0.1194   103.0299     6.5329     6.7741    34.6254    34.6256    27.5341    27.5346    7.36373 0.0000e+00
      10540    348.954     3.5467     3.5428   3.199563   3.199264     1.9466     2.3362      8.013     0.7405     5.4776 1.0727e-01    -0.1194   103.0299     6.5346     6.7709    34.6251    34.6257    27.5338    27.5347    7.36376 0.0000e+00
      10543    349.040     3.5469     3.5425   3.199626   3.199268     1.9462     2.3366      8.013     0.7510     5.4776 1.0715e-01    -0.1194   103.0299     6.5328     6.7724    34.6256    34.6260    27.5342    27.5349    7.36370 0.0000e+00
      10546    349.125     3.5471     3.5425   3.199672   3.199277     1.9454     2.3362      8.013     0.7616     4.9644 1.0715e-01    -0.1194   103.0299     6.5274     6.7723    34.6259    34.6261    27.5344    27.5350    7.36365 0.0000e+00
      10549    349.203     3.5480     3.5435   3.199783   3.199406     1.9458     2.3362      8.013     0.7616     4.5301 1.0727e-01    -0.1194   103.0299     6.5291     6.7728    34.6263    34.6266    27.5347    27.5353    7.36347 0.0000e+00
      10552    349.278     3.5488     3.5442   3.199860   3.199514     1.9466     2.3362      8.013     0.7616     4.5301 1.0715e-01    -0.1194   103.0299     6.5325     6.7708    34.6263    34.6271    27.5345    27.5357    7.36331 0.0000e+00
      10555    349.346     3.5484     3.5441   3.199832   3.199511     1.9466     2.3374      8.013     0.7616     4.5301 1.0727e-01    -0.1180   102.9938     6.5345     6.7734    34.6263    34.6270    27.5347    27.5356    7.36339 0.0000e+00
      10558    349.410     3.5486     3.5443   3.199866   3.199533     1.9466     2.3374      8.013     0.7616     4.5301 1.0740e-01    -0.1173   102.9757     6.5349     6.7755    34.6265    34.6271    27.5348    27.5356    7.36335 0.0000e+00
      10561    349.468     3.5489     3.5446   3.199880   3.199522     1.9466     2.3362      8.013     0.7616     4.5301 1.0715e-01    -0.1180   102.9938     6.5319     6.7727    34.6263    34.6266    27.5346    27.5352    7.36330 0.0000e+00
      10564    349.526     3.5489     3.5447   3.199885   3.199511     1.9462     2.3366      8.013     0.7510     4.5301 1.0715e-01    -0.1180   102.9938     6.5292     6.7734    34.6263    34.6263    27.5346    27.5350    7.36329 0.0000e+00
      10567    349.577     3.5493     3.5442   3.199894   3.199497     1.9462     2.3366      8.013     0.7405     4.5301 1.0727e-01    -0.1180   102.9938     6.5291     6.7733    34.6261    34.6267    27.5343    27.5353    7.36324 0.0000e+00
      10570    349.627     3.5494     3.5445   3.199883   3.199536     1.9466     2.3370      8.013     0.7722     4.5301 1.0727e-01    -0.1183   103.0028     6.5320     6.7747    34.6258    34.6268    27.5341    27.5354    7.36324 0.0000e+00
      10573    349.674     3.5491     3.5447   3.199888   3.199552     1.9462     2.3370      8.013     0.7510     3.3458 1.0727e-01    -0.1183   103.0028     6.5290     6.7721    34.6261    34.6267    27.5344    27.5353    7.36328 0.0000e+00
      10576    349.717     3.5490     3.5447   3.199865   3.199544     1.9466     2.3362      8.013     0.7510     3.1089 1.0715e-01    -0.1183   103.0028     6.5294     6.7676    34.6259    34.6267    27.5342    27.5353    7.36330 0.0000e+00
      10579    349.760     3.5504     3.5447   3.200052   3.199570     1.9466     2.3366      8.013     0.7510     3.1089 1.0715e-01    -0.1194   103.0299     6.5287     6.7693    34.6266    34.6270    27.5347    27.5355    7.36301 0.0000e+00
      10582    349.807     3.5511     3.5465   3.200121   3.199803     1.9458     2.3374      8.013     0.7616     3.1089 1.0715e-01    -0.1194   103.0299     6.5245     6.7731    34.6267    34.6278    27.5347    27.5360    7.36288 0.0000e+00
      10585    349.852     3.5504     3.5476   3.200029   3.199904     1.9454     2.3362      8.013     0.7405     3.1089 1.0715e-01    -0.1194   103.0299     6.5223     6.7699    34.6263    34.6278    27.5345    27.5359    7.36303 0.0000e+00
      10588    349.896     3.5508     3.5474   3.200161   3.199877     1.9458     2.3366      8.013     0.7405     3.1089 1.0715e-01    -0.1194   103.0299     6.5238     6.7697    34.6275    34.6277    27.5353    27.5358    7.36290 0.0000e+00
      10591    349.939     3.5524     3.5463   3.200375   3.199761     1.9462     2.3370      8.013     0.7405     3.1089 1.0727e-01    -0.1194   103.0299     6.5255     6.7709    34.6283    34.6274    27.5358    27.5357    7.36256 0.0000e+00
      10594    349.984     3.5529     3.5458   3.200383   3.199773     1.9470     2.3362      8.013     0.7193     3.1089 1.0727e-01    -0.1190   103.0209     6.5287     6.7676    34.6279    34.6280    27.5354    27.5362    7.36250 0.0000e+00
      10597    350.035     3.5522     3.5467   3.200351   3.199816     1.9462     2.3366      8.013     0.7193     2.6746 1.0715e-01    -0.1183   103.0028     6.5248     6.7694    34.6281    34.6276    27.5357    27.5359    7.36260 0.0000e+00
      10600    350.089     3.5524     3.5481   3.200346   3.200010     1.9462     2.3362      8.013     0.7299     0.1479 1.0715e-01    -0.1183   103.0028     6.5250     6.7677    34.6279    34.6284    27.5355    27.5363    7.36259 0.0000e+00
      10603    350.146     3.5524     3.5482   3.200376   3.200030     1.9454     2.3370      8.013     0.7299     0.1479 1.0715e-01    -0.1183   103.0028     6.5234     6.7693    34.6282    34.6285    27.5358    27.5364    7.36257 0.0000e+00
      10606    350.212     3.5527     3.5482   3.200413   3.200016     1.9458     2.3366      8.013     0.7193     0.1084 1.0715e-01    -0.1190   103.0209     6.5244     6.7680    34.6283    34.6283    27.5358    27.5362    7.36251 0.0000e+00
      10609    350.283     3.5530     3.5489   3.200455   3.200114     1.9454     2.3366      8.013     0.7299     0.1479 1.0715e-01    -0.1190   103.0209     6.5200     6.7680    34.6285    34.6286    27.5359    27.5364    7.36244 0.0000e+00
      10612    350.361     3.5536     3.5493   3.200542   3.200140     1.9462     2.3362      8.013     0.7299     0.1479 1.0715e-01    -0.1183   103.0028     6.5232     6.7646    34.6288    34.6286    27.5361    27.5364    7.36232 0.0000e+00
      10615    350.447     3.5541     3.5497   3.200569   3.200215     1.9458     2.3370      8.013     0.7299     0.1084 1.0727e-01    -0.1180   102.9938     6.5221     6.7680    34.6286    34.6290    27.5359    27.5366    7.36225 0.0000e+00
