Datasets/AZMP/TEL210/tel210_2020_110.cnv
* Sea-Bird SBE 9 Data File:
* FileName = C:\CTDDATA\tel210_2020_110.hex
* Software Version Seasave V 7.26.7.110
* Temperature SN = 1697
* Conductivity SN = 4216
* Number of Bytes Per Scan = 30
* Number of Voltage Words = 4
* Number of Scans Averaged by the Deck Unit = 1
* NMEA baud rate = 4800
** VESSEL/TRIP/SEQ STN:  tel210_2020_110
** LATITUDE XX XX.XX: 55 15.00 N
** LONGITUDE XX XX.XX: 058 26.20 W
** SOUNDING DEPTH (M): 0225
** PROBE TYPE: S1146
** CTD NUMBER: 076
** COMMENTS (14 CHAR): MB-02
** BOTTLES:  10
** LEVELS: 5,10,20,30,40,50,75,100,150,BTM
** STICKERS: 436330 - 436339
** VNET: Y
** DO2: N
# nquan = 22
# nvalues = 4206                        
# units = specified
# name 0 = scan: Scan Count
# name 1 = prDM: Pressure, Digiquartz [db]
# name 2 = t090C: Temperature [ITS-90, deg C]
# name 3 = t190C: Temperature, 2 [ITS-90, deg C]
# name 4 = c0S/m: Conductivity [S/m]
# name 5 = c1S/m: Conductivity, 2 [S/m]
# name 6 = sbeox0V: Oxygen raw, SBE 43 [V]
# name 7 = sbeox1V: Oxygen raw, SBE 43, 2 [V]
# name 8 = ph: pH
# name 9 = flECO-AFL: Fluorescence, WET Labs ECO-AFL/FL [mg/m^3]
# name 10 = wetCDOM: Fluorescence, WET Labs CDOM [mg/m^3]
# name 11 = par/sat/log: PAR/Logarithmic, Satlantic [umol photons/m^2/sec]
# name 12 = CStarAt0: Beam Attenuation, WET Labs C-Star [1/m]
# name 13 = CStarTr0: Beam Transmission, WET Labs C-Star [%]
# name 14 = sbeox0ML/L: Oxygen, SBE 43 [ml/l], WS = 2
# name 15 = sbeox1ML/L: Oxygen, SBE 43, 2 [ml/l], WS = 2
# name 16 = sal00: Salinity, Practical [PSU]
# name 17 = sal11: Salinity, Practical, 2 [PSU]
# name 18 = sigma-t00: Density [sigma-t, kg/m^3 ]
# name 19 = sigma-t11: Density, 2 [sigma-t, kg/m^3 ]
# name 20 = oxsatML/L: Oxygen Saturation, Weiss [ml/l]
# name 21 = flag: flag
# span 0 =         89,      37422       
# span 1 =      1.411,    191.713       
# span 2 =    -1.2806,     7.0239       
# span 3 =    -1.2857,     7.0183       
# span 4 =   2.588797,   3.134426       
# span 5 =   2.587806,   3.133823       
# span 6 =     1.9431,     2.5789       
# span 7 =     2.3444,     3.1520       
# span 8 =      7.976,      8.280       
# span 9 =     0.6664,     3.5870       
# span 10 =    -2.8130,   482.1870      
# span 11 = 1.0715e-01, 1.1716e+02      
# span 12 =    -0.1352,     0.1167      
# span 13 =    97.1248,   103.4369      
# span 14 =     7.0218,     9.4997      
# span 15 =     7.0598,    10.1119      
# span 16 =    30.6651,    33.0045      
# span 17 =    30.6661,    33.0065      
# span 18 =    24.0028,    26.5298      
# span 19 =    24.0044,    26.5316      
# span 20 =    6.95033,    8.47733      
# span 21 = 0.0000e+00, 0.0000e+00      
# interval = scans: 3                   
# start_time = Jul 27 2020 20:21:06 [System UTC, header]
# bad_flag = -9.990e-29
*END*
[from data line 198]
       1016     21.860    -0.7240    -0.7287   2.616209   2.615897     2.3101     2.8111      8.162     1.1108     0.1479 8.7709e+00    -0.0596   101.5017     8.8310     9.1679    31.9428    31.9436    25.6670    25.6678    8.37627 0.0000e+00
       1019     21.973    -0.7283    -0.7330   2.615868   2.615532     2.3093     2.8091      8.163     1.1108     0.2663 8.6801e+00    -0.0593   101.4926     8.8286     9.1679    31.9428    31.9432    25.6672    25.6676    8.37726 0.0000e+00
       1022     22.080    -0.7339    -0.7381   2.615627   2.615153     2.3085     2.8071      8.160     1.1214     0.6217 8.6201e+00    -0.0639   101.6102     8.8275     9.1671    31.9453    31.9434    25.6694    25.6680    8.37837 0.0000e+00
       1025     22.184    -0.7386    -0.7434   2.615248   2.614857     2.3069     2.8055      8.162     1.1108     0.6217 8.5308e+00    -0.0642   101.6192     8.8238     9.1651    31.9452    31.9450    25.6695    25.6695    8.37945 0.0000e+00
       1028     22.286    -0.7463    -0.7514   2.614528   2.614110     2.3052     2.8050      8.160     1.1214     0.6217 8.4328e+00    -0.0642   101.6192     8.8179     9.1683    31.9436    31.9434    25.6684    25.6685    8.38128 0.0000e+00
       1031     22.388    -0.7589    -0.7629   2.613687   2.613282     2.3044     2.8034      8.160     1.1214     0.6217 8.3744e+00    -0.0642   101.6192     8.8204     9.1636    31.9456    31.9444    25.6704    25.6696    8.38403 0.0000e+00
       1034     22.485    -0.7732    -0.7772   2.612657   2.612153     2.3028     2.8006      8.160     1.1214     0.6217 8.2974e+00    -0.0642   101.6192     8.8188     9.1568    31.9469    31.9443    25.6720    25.6701    8.38722 0.0000e+00
       1037     22.582    -0.7893    -0.7935   2.611528   2.611061     2.3028     2.7989      8.160     1.1108     0.6217 8.2115e+00    -0.0642   101.6192     8.8244     9.1602    31.9487    31.9468    25.6739    25.6726    8.39077 0.0000e+00
       1040     22.677    -0.8044    -0.8074   2.610554   2.610113     2.3004     2.7981      8.161     1.1108     0.6217 8.1453e+00    -0.0649   101.6373     8.8134     9.1663    31.9515    31.9487    25.6767    25.6746    8.39403 0.0000e+00
       1043     22.771    -0.8171    -0.8205   2.609777   2.609377     2.2991     2.7969      8.161     1.0897     0.6217 8.0703e+00    -0.0675   101.7006     8.8117     9.1681    31.9544    31.9527    25.6796    25.6783    8.39675 0.0000e+00
       1046     22.864    -0.8223    -0.8269   2.609425   2.609031     2.2987     2.7957      8.159     1.1002     0.2269 8.0052e+00    -0.0675   101.7006     8.8156     9.1672    31.9552    31.9547    25.6803    25.6801    8.39790 0.0000e+00
       1049     22.958    -0.8283    -0.8326   2.608975   2.608589     2.2975     2.7936      8.156     1.0897    -0.1284 7.9407e+00    -0.0675   101.7006     8.8149     9.1625    31.9554    31.9548    25.6807    25.6804    8.39925 0.0000e+00
       1052     23.055    -0.8353    -0.8391   2.608479   2.608192     2.2959     2.7912      8.156     1.0897    -0.0889 7.8859e+00    -0.0675   101.7006     8.8102     9.1564    31.9561    31.9563    25.6815    25.6818    8.40081 0.0000e+00
       1055     23.151    -0.8403    -0.8441   2.608238   2.607904     2.2955     2.7900      8.156     1.0897    -0.1284 7.8042e+00    -0.0671   101.6916     8.8103     9.1553    31.9581    31.9576    25.6833    25.6830    8.40183 0.0000e+00
       1058     23.248    -0.8435    -0.8473   2.608031   2.607707     2.2943     2.7892      8.156     1.0897    -0.0889 7.7324e+00    -0.0671   101.6916     8.8091     9.1569    31.9587    31.9584    25.6838    25.6837    8.40253 0.0000e+00
       1061     23.348    -0.8478    -0.8516   2.607741   2.607413     2.2926     2.7888      8.156     1.0791    -0.0889 7.6789e+00    -0.0692   101.7458     8.8048     9.1564    31.9593    31.9589    25.6845    25.6843    8.40348 0.0000e+00
       1064     23.449    -0.8528    -0.8560   2.607400   2.607137     2.2914     2.7867      8.153     1.0791    -0.0889 7.5994e+00    -0.0728   101.8363     8.8048     9.1488    31.9599    31.9598    25.6852    25.6852    8.40458 0.0000e+00
       1067     23.552    -0.8554    -0.8591   2.607309   2.606993     2.2910     2.7851      8.151     1.0791    -0.0889 7.5295e+00    -0.0717   101.8091     8.8029     9.1471    31.9614    31.9611    25.6865    25.6863    8.40509 0.0000e+00
       1070     23.658    -0.8570    -0.8611   2.607227   2.606930     2.2902     2.7839      8.151     1.0579    -0.1284 7.4861e+00    -0.0721   101.8182     8.8004     9.1466    31.9619    31.9623    25.6869    25.6874    8.40542 0.0000e+00
       1073     23.764    -0.8589    -0.8630   2.607132   2.606825     2.2885     2.7831      8.151     1.0473    -0.4048 7.4257e+00    -0.0724   101.8272     8.7936     9.1493    31.9626    31.9629    25.6875    25.6879    8.40582 0.0000e+00
       1076     23.871    -0.8612    -0.8652   2.606961   2.606662     2.2877     2.7806      8.151     1.0473    -0.4443 7.3489e+00    -0.0724   101.8272     8.7896     9.1432    31.9627    31.9629    25.6877    25.6880    8.40634 0.0000e+00
       1079     23.978    -0.8630    -0.8673   2.606873   2.606536     2.2869     2.7794      8.149     1.0473    -0.4443 7.2812e+00    -0.0721   101.8182     8.7844     9.1369    31.9633    31.9633    25.6883    25.6884    8.40671 0.0000e+00
       1082     24.087    -0.8651    -0.8688   2.606761   2.606445     2.2861     2.7786      8.151     1.0473    -0.4443 7.2225e+00    -0.0756   101.9086     8.7861     9.1356    31.9640    31.9636    25.6888    25.6887    8.40715 0.0000e+00
       1085     24.197    -0.8667    -0.8704   2.606662   2.606295     2.2849     2.7765      8.149     1.0473    -0.4443 7.1643e+00    -0.0763   101.9267     8.7867     9.1306    31.9644    31.9633    25.6892    25.6885    8.40750 0.0000e+00
       1088     24.305    -0.8694    -0.8735   2.606475   2.606107     2.2837     2.7765      8.146     1.0579    -0.4443 7.0656e+00    -0.0763   101.9267     8.7829     9.1344    31.9645    31.9640    25.6894    25.6892    8.40809 0.0000e+00
       1091     24.411    -0.8721    -0.8766   2.606325   2.605886     2.2833     2.7745      8.146     1.0473    -0.4443 7.0005e+00    -0.0763   101.9267     8.7809     9.1297    31.9653    31.9642    25.6902    25.6894    8.40866 0.0000e+00
       1094     24.518    -0.8739    -0.8789   2.606188   2.605764     2.2812     2.7737      8.146     1.0579    -0.4443 6.9361e+00    -0.0760   101.9176     8.7726     9.1303    31.9654    31.9649    25.6903    25.6900    8.40909 0.0000e+00
       1097     24.626    -0.8756    -0.8803   2.606120   2.605735     2.2804     2.7733      8.146     1.0579    56.8793 6.8881e+00    -0.0760   101.9176     8.7716     9.1330    31.9661    31.9660    25.6909    25.6910    8.40942 0.0000e+00
       1100     24.734    -0.8767    -0.8816   2.605990   2.605650     2.2796     2.7713      8.146     1.0473   465.2505 6.8326e+00    -0.0760   101.9176     8.7702     9.1293    31.9655    31.9662    25.6905    25.6912    8.40971 0.0000e+00
       1103     24.839    -0.8781    -0.8828   2.605933   2.605624     2.2780     2.7696      8.146     1.0473   481.4369 6.7775e+00    -0.0770   101.9448     8.7660     9.1260    31.9662    31.9670    25.6910    25.6918    8.40999 0.0000e+00
       1106     24.940    -0.8788    -0.8829   2.605954   2.605654     2.2792     2.7696      8.146     1.0579   480.8842 6.7385e+00    -0.0777   101.9629     8.7795     9.1280    31.9672    31.9675    25.6919    25.6923    8.41010 0.0000e+00
       1109     25.043    -0.8792    -0.8829   2.605938   2.605663     2.2780     2.7676      8.146     1.0473   481.0026 6.6764e+00    -0.0774   101.9538     8.7790     9.1234    31.9673    31.9675    25.6920    25.6923    8.41018 0.0000e+00
       1112     25.142    -0.8786    -0.8827   2.606033   2.605696     2.2759     2.7660      8.146     1.0579   481.0026 6.6303e+00    -0.0774   101.9538     8.7713     9.1194    31.9679    31.9677    25.6924    25.6924    8.41001 0.0000e+00
       1115     25.236    -0.8781    -0.8824   2.606085   2.605726     2.2755     2.7660      8.146     1.0579   481.0026 6.5844e+00    -0.0774   101.9538     8.7725     9.1200    31.9680    31.9677    25.6925    25.6925    8.40989 0.0000e+00
       1118     25.330    -0.8776    -0.8822   2.606119   2.605794     2.2739     2.7647      8.146     1.0473   481.0026 6.5540e+00    -0.0770   101.9448     8.7687     9.1141    31.9678    31.9683    25.6924    25.6929    8.40978 0.0000e+00
       1121     25.423    -0.8771    -0.8816   2.606130   2.605825     2.2739     2.7635      8.146     1.0579   481.0026 6.5012e+00    -0.0784   101.9810     8.7682     9.1108    31.9674    31.9681    25.6920    25.6928    8.40969 0.0000e+00
       1124     25.514    -0.8776    -0.8820   2.606115   2.605764     2.2731     2.7631      8.146     1.0473   481.0026 6.4638e+00    -0.0820   102.0714     8.7622     9.1119    31.9677    31.9676    25.6923    25.6923    8.40979 0.0000e+00
       1127     25.603    -0.8795    -0.8836   2.605971   2.605588     2.2731     2.7623      8.146     1.0473   481.0026 6.4414e+00    -0.0824   102.0804     8.7601     9.1108    31.9677    31.9669    25.6924    25.6919    8.41022 0.0000e+00
       1130     25.686    -0.8824    -0.8879   2.605737   2.605248     2.2723     2.7603      8.144     1.0473   481.0026 6.4191e+00    -0.0820   102.0714     8.7583     9.1052    31.9676    31.9669    25.6924    25.6920    8.41089 0.0000e+00
       1133     25.770    -0.8863    -0.8920   2.605492   2.604994     2.2711     2.7607      8.143     1.0579   481.0026 6.3894e+00    -0.0817   102.0623     8.7604     9.1070    31.9684    31.9678    25.6932    25.6928    8.41174 0.0000e+00
       1136     25.853    -0.8904    -0.8960   2.605173   2.604702     2.2698     2.7590      8.143     1.0685   481.0026 6.3600e+00    -0.0817   102.0623     8.7599     9.0989    31.9684    31.9680    25.6932    25.6931    8.41267 0.0000e+00
       1139     25.939    -0.8940    -0.8985   2.605048   2.604709     2.2698     2.7570      8.144     1.0579   481.0026 6.3453e+00    -0.0817   102.0623     8.7599     9.0891    31.9705    31.9707    25.6950    25.6953    8.41337 0.0000e+00
       1142     26.021    -0.8935    -0.8987   2.605186   2.604742     2.2686     2.7562      8.144     1.0685   481.0026 6.3160e+00    -0.0817   102.0623     8.7529     9.0872    31.9717    31.9714    25.6961    25.6959    8.41318 0.0000e+00
       1145     26.105    -0.8918    -0.8982   2.605291   2.604810     2.2674     2.7554      8.143     1.0579   481.0026 6.3014e+00    -0.0824   102.0804     8.7428     9.0842    31.9713    31.9717    25.6957    25.6961    8.41282 0.0000e+00
       1148     26.192    -0.8913    -0.8967   2.605291   2.604957     2.2662     2.7546      8.141     1.1532   481.0026 6.2651e+00    -0.0824   102.0804     8.7380     9.0812    31.9707    31.9720    25.6951    25.6963    8.41274 0.0000e+00
       1151     26.282    -0.8911    -0.8952   2.605373   2.605105     2.2662     2.7542      8.141     1.1532   168.3286 6.2362e+00    -0.0820   102.0714     8.7390     9.0817    31.9716    31.9723    25.6958    25.6965    8.41265 0.0000e+00
       1154     26.371    -0.8899    -0.8942   2.605536   2.605160     2.2662     2.7529      8.141     1.1532    -2.8130 6.2003e+00    -0.0824   102.0804     8.7424     9.0783    31.9725    31.9720    25.6965    25.6963    8.41233 0.0000e+00
       1157     26.462    -0.8893    -0.8943   2.605598   2.605178     2.2653     2.7501      8.141     1.1532    -1.9050 6.1717e+00    -0.0824   102.0804     8.7422     9.0684    31.9726    31.9722    25.6966    25.6965    8.41218 0.0000e+00
       1160     26.554    -0.8896    -0.8952   2.605538   2.605085     2.2645     2.7505      8.141     1.1532    -1.5497 6.1361e+00    -0.0820   102.0714     8.7421     9.0782    31.9721    31.9719    25.6962    25.6962    8.41229 0.0000e+00
       1163     26.651    -0.8925    -0.8979   2.605279   2.604863     2.2633     2.7493      8.141     1.1532    -1.5102 6.0725e+00    -0.0795   102.0081     8.7399     9.0769    31.9716    31.9718    25.6959    25.6962    8.41297 0.0000e+00
       1166     26.751    -0.8959    -0.9012   2.605127   2.604697     2.2625     2.7489      8.141     1.1426    -1.5102 5.9958e+00    -0.0795   102.0081     8.7426     9.0754    31.9731    31.9729    25.6972    25.6972    8.41366 0.0000e+00
       1169     26.853    -0.8983    -0.9038   2.604979   2.604496     2.2617     2.7476      8.141     1.1532    -1.5497 5.9475e+00    -0.0792   101.9990     8.7419     9.0713    31.9736    31.9729    25.6977    25.6973    8.41418 0.0000e+00
       1172     26.959    -0.9010    -0.9062   2.604824   2.604365     2.2617     2.7468      8.141     1.1002    -1.5102 5.8995e+00    -0.0795   102.0081     8.7420     9.0663    31.9743    31.9736    25.6984    25.6979    8.41476 0.0000e+00
       1175     27.072    -0.9049    -0.9097   2.604363   2.603939     2.2609     2.7460      8.141     1.0579    -1.5102 5.8452e+00    -0.0795   102.0081     8.7368     9.0627    31.9722    31.9716    25.6968    25.6964    8.41578 0.0000e+00
       1178     27.182    -0.9139    -0.9184   2.603739   2.603184     2.2601     2.7448      8.142     1.0579    -0.2468 5.8048e+00    -0.0792   101.9990     8.7360     9.0628    31.9732    31.9706    25.6979    25.6959    8.41777 0.0000e+00
       1181     27.296    -0.9219    -0.9272   2.603084   2.602550     2.2597     2.7440      8.142     1.0579    -0.0889 5.7447e+00    -0.0792   101.9990     8.7383     9.0605    31.9729    31.9713    25.6978    25.6967    8.41962 0.0000e+00
       1184     27.411    -0.9324    -0.9372   2.602283   2.601703     2.2597     2.7448      8.140     1.0473    -0.0889 5.6853e+00    -0.0799   102.0171     8.7398     9.0645    31.9731    31.9704    25.6984    25.6963    8.42201 0.0000e+00
       1187     27.526    -0.9425    -0.9479   2.601500   2.601012     2.2588     2.7424      8.139     1.0579    -0.0889 5.6264e+00    -0.0799   102.0171     8.7350     9.0580    31.9732    31.9724    25.6988    25.6982    8.42432 0.0000e+00
       1190     27.645    -0.9509    -0.9558   2.601057   2.600540     2.2588     2.7411      8.139     1.0473    -0.0889 5.5746e+00    -0.0795   102.0081     8.7380     9.0537    31.9761    31.9744    25.7013    25.7001    8.42607 0.0000e+00
       1193     27.763    -0.9544    -0.9586   2.601041   2.600783     2.2572     2.7403      8.139     1.0473    -0.0889 5.5105e+00    -0.0799   102.0171     8.7271     9.0527    31.9795    31.9806    25.7043    25.7052    8.42668 0.0000e+00
       1196     27.881    -0.9482    -0.9523   2.601874   2.601593     2.2568     2.7383      8.137     1.0579    -0.0889 5.4535e+00    -0.0799   102.0171     8.7211     9.0463    31.9842    31.9847    25.7078    25.7084    8.42499 0.0000e+00
       1199     27.999    -0.9435    -0.9485   2.602058   2.601573     2.2556     2.7379      8.137     1.0156    -0.0889 5.4033e+00    -0.0799   102.0171     8.7135     9.0482    31.9815    31.9803    25.7055    25.7047    8.42406 0.0000e+00
       1202     28.117    -0.9498    -0.9552   2.601233   2.600573     2.2556     2.7371      8.137     1.0262    -0.0889 5.3412e+00    -0.0817   102.0623     8.7157     9.0506    31.9771    31.9738    25.7021    25.6996    8.42577 0.0000e+00
       1205     28.233    -0.9646    -0.9696   2.599985   2.599306     2.2544     2.7359      8.137     1.0262     0.0295 5.2859e+00    -0.0859   102.1708     8.7132     9.0535    31.9759    31.9720    25.7016    25.6986    8.42923 0.0000e+00
       1208     28.348    -0.9789    -0.9844   2.598879   2.598334     2.2527     2.7363      8.137     1.0156     0.0295 5.2312e+00    -0.0856   102.1618     8.7104     9.0623    31.9760    31.9745    25.7022    25.7011    8.43250 0.0000e+00
