Datasets/AZMP/TEL210/tel210_2020_081.cnv
* Sea-Bird SBE 9 Data File:
* FileName = C:\CTDDATA\tel210_2020_081.hex
* Software Version Seasave V 7.26.7.110
* Temperature SN = 1697
* Conductivity SN = 4216
* Number of Bytes Per Scan = 30
* Number of Voltage Words = 4
* Number of Scans Averaged by the Deck Unit = 1
* NMEA baud rate = 4800
** VESSEL/TRIP/SEQ STN:  TEL210_2020_081
** LATITUDE XX XX.XX: 53 14.00 N
** LONGITUDE XX XX.XX: 55 39.00 W
** SOUNDING DEPTH (M): 0073
** PROBE TYPE: S1146
** CTD NUMBER: 051
** COMMENTS (14 CHAR): SI-01
** BOTTLES:  7
** LEVELS: 5,10,20,30,40,50,BTM
** STICKERS: 436114 - 436120
** VNET: Y
** DO2: N
# nquan = 22
# nvalues = 2168                        
# units = specified
# name 0 = scan: Scan Count
# name 1 = prDM: Pressure, Digiquartz [db]
# name 2 = t090C: Temperature [ITS-90, deg C]
# name 3 = t190C: Temperature, 2 [ITS-90, deg C]
# name 4 = c0S/m: Conductivity [S/m]
# name 5 = c1S/m: Conductivity, 2 [S/m]
# name 6 = sbeox0V: Oxygen raw, SBE 43 [V]
# name 7 = sbeox1V: Oxygen raw, SBE 43, 2 [V]
# name 8 = ph: pH
# name 9 = flECO-AFL: Fluorescence, WET Labs ECO-AFL/FL [mg/m^3]
# name 10 = wetCDOM: Fluorescence, WET Labs CDOM [mg/m^3]
# name 11 = par/sat/log: PAR/Logarithmic, Satlantic [umol photons/m^2/sec]
# name 12 = CStarAt0: Beam Attenuation, WET Labs C-Star [1/m]
# name 13 = CStarTr0: Beam Transmission, WET Labs C-Star [%]
# name 14 = sbeox0ML/L: Oxygen, SBE 43 [ml/l], WS = 2
# name 15 = sbeox1ML/L: Oxygen, SBE 43, 2 [ml/l], WS = 2
# name 16 = sal00: Salinity, Practical [PSU]
# name 17 = sal11: Salinity, Practical, 2 [PSU]
# name 18 = sigma-t00: Density [sigma-t, kg/m^3 ]
# name 19 = sigma-t11: Density, 2 [sigma-t, kg/m^3 ]
# name 20 = oxsatML/L: Oxygen Saturation, Weiss [ml/l]
# name 21 = flag: flag
# span 0 =        106,      27423       
# span 1 =      0.825,     67.834       
# span 2 =    -0.0740,    10.5974       
# span 3 =    -0.1082,    10.5905       
# span 4 =   2.690573,   3.163355       
# span 5 =   2.688393,   3.162035       
# span 6 =     2.2101,     2.4386       
# span 7 =     2.6956,     2.9779       
# span 8 =      7.983,      8.170       
# span 9 =     0.7510,     2.7828       
# span 10 =    -2.8130,   482.1870      
# span 11 = 1.0715e-01, 1.0957e+02      
# span 12 =    -0.1183,     0.2143      
# span 13 =    94.7826,   103.0028      
# span 14 =     7.0795,     8.9878      
# span 15 =     6.8367,     9.5498      
# span 16 =    27.9159,    32.2192      
# span 17 =    27.9721,    32.2257      
# span 18 =    21.3667,    25.8650      
# span 19 =    21.4029,    25.8718      
# span 20 =    6.51786,    8.21554      
# span 21 = 0.0000e+00, 0.0000e+00      
# interval = scans: 3                   
# start_time = Jul 24 2020 20:14:18 [System UTC, header]
# bad_flag = -9.990e-29
*END*
[from data line 725]
       2657     48.704     0.2895     0.2817   2.711663   2.711157     2.3240     2.8433      8.074     0.8463     2.3982 1.0715e-01    -0.1117   102.8310     8.9076     9.3226    32.1243    32.1258    25.7715    25.7732    8.14169 0.0000e+00
       2660     48.757     0.2891     0.2817   2.711773   2.711141     2.3244     2.8437      8.075     0.8463     2.3982 1.0727e-01    -0.1120   102.8400     8.9074     9.3226    32.1261    32.1255    25.7731    25.7730    8.14167 0.0000e+00
       2663     48.814     0.2892     0.2817   2.711813   2.711094     2.3252     2.8446      8.074     0.8569     2.3982 1.0715e-01    -0.1120   102.8400     8.9069     9.3255    32.1264    32.1249    25.7733    25.7725    8.14162 0.0000e+00
       2666     48.874     0.2892     0.2808   2.711724   2.711019     2.3256     2.8450      8.074     0.9097     2.3982 1.0727e-01    -0.1117   102.8310     8.9037     9.3257    32.1252    32.1248    25.7723    25.7724    8.14169 0.0000e+00
       2669     48.936     0.2889     0.2796   2.711699   2.710952     2.3252     2.8450      8.074     0.8886     2.3982 1.0715e-01    -0.1117   102.8310     8.8965     9.3241    32.1252    32.1252    25.7723    25.7727    8.14176 0.0000e+00
       2672     49.005     0.2892     0.2804   2.711797   2.711102     2.3248     2.8454      8.074     0.8992     2.3193 1.0715e-01    -0.1117   102.8310     8.8917     9.3232    32.1262    32.1262    25.7731    25.7736    8.14165 0.0000e+00
       2675     49.074     0.2893     0.2828   2.711846   2.711286     2.3260     2.8462      8.077     0.8992     1.8060 1.0715e-01    -0.1124   102.8491     8.8940     9.3230    32.1267    32.1261    25.7735    25.7733    8.14160 0.0000e+00
       2678     49.149     0.2898     0.2840   2.711893   2.711368     2.3260     2.8466      8.077     0.9097     1.8060 1.0727e-01    -0.1120   102.8400     8.8934     9.3217    32.1267    32.1259    25.7735    25.7731    8.14149 0.0000e+00
       2681     49.226     0.2900     0.2851   2.711914   2.711473     2.3264     2.8462      8.077     0.8992     1.8060 1.0727e-01    -0.1120   102.8400     8.8953     9.3183    32.1266    32.1260    25.7735    25.7732    8.14143 0.0000e+00
       2684     49.308     0.2904     0.2859   2.711991   2.711603     2.3268     2.8474      8.078     0.9097     1.8060 1.0715e-01    -0.1120   102.8400     8.8978     9.3222    32.1272    32.1269    25.7739    25.7739    8.14132 0.0000e+00
       2687     49.392     0.2908     0.2860   2.712140   2.711528     2.3268     2.8474      8.078     0.8992     1.8060 1.0715e-01    -0.1120   102.8400     8.8993     9.3204    32.1287    32.1257    25.7750    25.7729    8.14115 0.0000e+00
       2690     49.477     0.2914     0.2861   2.712048   2.711491     2.3272     2.8486      8.078     0.8992     1.8060 1.0715e-01    -0.1120   102.8400     8.9048     9.3241    32.1269    32.1251    25.7736    25.7724    8.14113 0.0000e+00
       2693     49.566     0.2915     0.2859   2.712031   2.711597     2.3281     2.8478      8.078     0.9097     1.8060 1.0715e-01    -0.1124   102.8491     8.9127     9.3198    32.1264    32.1267    25.7732    25.7737    8.14112 0.0000e+00
       2696     49.655     0.2911     0.2861   2.712101   2.711638     2.3281     2.8482      8.078     0.9097     1.8060 1.0715e-01    -0.1141   102.8943     8.9152     9.3218    32.1277    32.1269    25.7743    25.7738    8.14114 0.0000e+00
       2699     49.746     0.2914     0.2855   2.712087   2.711707     2.3285     2.8482      8.078     0.9097     1.8455 1.0727e-01    -0.1141   102.8943     8.9195     9.3208    32.1272    32.1284    25.7738    25.7750    8.14110 0.0000e+00
       2702     49.836     0.2909     0.2835   2.712081   2.711708     2.3293     2.8495      8.078     0.8886     1.9245 1.0727e-01    -0.1141   102.8943     8.9267     9.3277    32.1276    32.1305    25.7742    25.7769    8.14120 0.0000e+00
       2705     49.926     0.2906     0.2818   2.712095   2.711645     2.3297     2.8499      8.078     0.8992     1.9245 1.0727e-01    -0.1138   102.8853     8.9299     9.3301    32.1280    32.1314    25.7745    25.7776    8.14123 0.0000e+00
       2708     50.018     0.2896     0.2817   2.712069   2.711645     2.3297     2.8499      8.080     0.9203     1.9245 1.0727e-01    -0.1138   102.8853     8.9323     9.3288    32.1287    32.1315    25.7751    25.7777    8.14141 0.0000e+00
       2711     50.109     0.2873     0.2800   2.711847   2.711538     2.3301     2.8499      8.078     0.9097     1.9245 1.0715e-01    -0.1141   102.8943     8.9355     9.3271    32.1281    32.1318    25.7748    25.7781    8.14194 0.0000e+00
       2714     50.197     0.2836     0.2804   2.711558   2.711495     2.3305     2.8499      8.081     0.8886     1.9245 1.0715e-01    -0.1131   102.8672     8.9344     9.3280    32.1282    32.1307    25.7750    25.7772    8.14273 0.0000e+00
       2717     50.286     0.2804     0.2737   2.711328   2.711179     2.3313     2.8507      8.080     0.8886     1.9245 1.0715e-01    -0.1127   102.8581     8.9347     9.3319    32.1285    32.1335    25.7754    25.7798    8.14342 0.0000e+00
       2720     50.376     0.2761     0.2671   2.710974   2.710745     2.3321     2.8515      8.083     0.8992     1.9245 1.0727e-01    -0.1124   102.8491     8.9383     9.3343    32.1283    32.1347    25.7754    25.7811    8.14435 0.0000e+00
       2723     50.464     0.2723     0.2603   2.710717   2.710361     2.3330     2.8511      8.083     0.9097     1.9245 1.0715e-01    -0.1120   102.8400     8.9385     9.3311    32.1289    32.1368    25.7761    25.7831    8.14515 0.0000e+00
       2726     50.553     0.2686     0.2558   2.710571   2.710132     2.3325     2.8523      8.083     0.8992     1.3323 1.0715e-01    -0.1124   102.8491     8.9358     9.3323    32.1308    32.1385    25.7779    25.7846    8.14584 0.0000e+00
       2729     50.637     0.2655     0.2537   2.710378   2.710028     2.3330     2.8523      8.083     0.9097     1.0559 1.0727e-01    -0.1124   102.8491     8.9355     9.3302    32.1315    32.1392    25.7785    25.7853    8.14647 0.0000e+00
       2732     50.720     0.2621     0.2515   2.710107   2.709861     2.3342     2.8519      8.083     0.8886     1.0954 1.0715e-01    -0.1127   102.8581     8.9384     9.3262    32.1315    32.1393    25.7787    25.7855    8.14721 0.0000e+00
       2735     50.800     0.2584     0.2474   2.709836   2.709537     2.3334     2.8519      8.083     0.8992     1.0954 1.0715e-01    -0.1120   102.8400     8.9296     9.3224    32.1317    32.1393    25.7791    25.7857    8.14799 0.0000e+00
       2738     50.880     0.2544     0.2408   2.709555   2.708878     2.3330     2.8531      8.083     0.8992     1.0954 1.0727e-01    -0.1117   102.8310     8.9217     9.3234    32.1322    32.1376    25.7796    25.7846    8.14882 0.0000e+00
       2741     50.957     0.2508     0.2194   2.709171   2.707234     2.3338     2.8523      8.082     0.8992     1.0954 1.0715e-01    -0.1120   102.8400     8.9222     9.3182    32.1309    32.1385    25.7788    25.7863    8.14969 0.0000e+00
       2744     51.034     0.2431     0.2116   2.707812   2.706674     2.3342     2.8531      8.082     0.8992     1.0954 1.0727e-01    -0.1120   102.8400     8.9217     9.3165    32.1212    32.1392    25.7713    25.7874    8.15190 0.0000e+00
       2747     51.106     0.2327     0.2037   2.707227   2.706266     2.3342     2.8523      8.082     0.8886     1.0954 1.0715e-01    -0.1120   102.8400     8.9187     9.3077    32.1243    32.1422    25.7744    25.7901    8.15396 0.0000e+00
       2750     51.177     0.2251     0.2017   2.706860   2.706186     2.3346     2.8523      8.081     0.9097     1.0954 1.0715e-01    -0.1120   102.8400     8.9219     9.3006    32.1275    32.1432    25.7773    25.7910    8.15544 0.0000e+00
       2753     51.249     0.2188     0.1999   2.706524   2.706045     2.3346     2.8523      8.081     0.8992     1.5297 1.0715e-01    -0.1117   102.8310     8.9184     9.2944    32.1297    32.1432    25.7793    25.7911    8.15669 0.0000e+00
       2756     51.315     0.2140     0.1951   2.706323   2.705670     2.3346     2.8523      8.079     0.9097     1.5692 1.0727e-01    -0.1120   102.8400     8.9147     9.2902    32.1321    32.1432    25.7815    25.7913    8.15759 0.0000e+00
       2759     51.380     0.2097     0.1914   2.706099   2.705480     2.3342     2.8519      8.079     0.9203     1.5692 1.0715e-01    -0.1120   102.8400     8.9148     9.2823    32.1335    32.1446    25.7829    25.7926    8.15843 0.0000e+00
       2762     51.445     0.2065     0.1910   2.706060   2.705465     2.3350     2.8515      8.077     0.8886     1.5692 1.0715e-01    -0.1120   102.8400     8.9154     9.2732    32.1363    32.1448    25.7853    25.7929    8.15897 0.0000e+00
       2765     51.503     0.2040     0.1899   2.706023   2.705399     2.3346     2.8511      8.074     0.8992     1.5692 1.0715e-01    -0.1120   102.8400     8.9088     9.2675    32.1384    32.1450    25.7870    25.7931    8.15939 0.0000e+00
       2768     51.559     0.2027     0.1904   2.706025   2.705397     2.3342     2.8499      8.074     0.9203     1.5692 1.0715e-01    -0.1120   102.8400     8.9024     9.2581    32.1399    32.1444    25.7883    25.7926    8.15961 0.0000e+00
       2771     51.610     0.2008     0.1902   2.705872   2.705363     2.3342     2.8499      8.074     0.9415     1.5692 1.0715e-01    -0.1120   102.8400     8.8961     9.2566    32.1398    32.1442    25.7883    25.7924    8.16003 0.0000e+00
       2774     51.660     0.1984     0.1902   2.705810   2.705393     2.3350     2.8490      8.074     0.9309     1.5692 1.0715e-01    -0.1124   102.8491     8.8954     9.2494    32.1414    32.1446    25.7898    25.7927    8.16044 0.0000e+00
       2777     51.709     0.1972     0.1900   2.705866   2.705327     2.3334     2.8486      8.074     0.9415     1.8850 1.0715e-01    -0.1131   102.8672     8.8848     9.2463    32.1434    32.1438    25.7914    25.7921    8.16060 0.0000e+00
       2780     51.754     0.1970     0.1886   2.705890   2.705256     2.3342     2.8486      8.074     0.9415     3.1484 1.0727e-01    -0.1131   102.8672     8.8841     9.2472    32.1439    32.1444    25.7918    25.7926    8.16062 0.0000e+00
       2783     51.797     0.1972     0.1853   2.705878   2.705104     2.3346     2.8478      8.074     0.9203     3.1089 1.0715e-01    -0.1131   102.8672     8.8802     9.2424    32.1436    32.1459    25.7915    25.7940    8.16060 0.0000e+00
       2786     51.837     0.1959     0.1833   2.705689   2.705097     2.3338     2.8462      8.074     0.9415     3.1089 1.0715e-01    -0.1131   102.8672     8.8693     9.2354    32.1424    32.1479    25.7907    25.7956    8.16095 0.0000e+00
       2789     51.875     0.1935     0.1833   2.705497   2.705142     2.3338     2.8470      8.074     0.9415     3.1089 1.0715e-01    -0.1131   102.8672     8.8645     9.2347    32.1423    32.1484    25.7907    25.7961    8.16145 0.0000e+00
       2792     51.910     0.1919     0.1816   2.705470   2.705019     2.3330     2.8462      8.074     0.9415     3.1089 1.0727e-01    -0.1131   102.8672     8.8587     9.2309    32.1437    32.1486    25.7919    25.7963    8.16174 0.0000e+00
       2795     51.941     0.1907     0.1811   2.705450   2.705161     2.3321     2.8458      8.074     0.9309     3.1089 1.0727e-01    -0.1134   102.8762     8.8504     9.2269    32.1446    32.1509    25.7927    25.7982    8.16193 0.0000e+00
       2798     51.972     0.1903     0.1806   2.705400   2.705203     2.3325     2.8450      8.074     0.9097     3.1089 1.0727e-01    -0.1141   102.8943     8.8526     9.2221    32.1444    32.1519    25.7925    25.7991    8.16204 0.0000e+00
       2801     52.004     0.1895     0.1809   2.705363   2.705152     2.3321     2.8450      8.072     0.8886     3.1089 1.0715e-01    -0.1141   102.8943     8.8502     9.2198    32.1447    32.1510    25.7928    25.7983    8.16219 0.0000e+00
       2804     52.031     0.1890     0.1796   2.705279   2.704976     2.3313     2.8446      8.072     0.9097     1.8061 1.0715e-01    -0.1141   102.8943     8.8392     9.2169    32.1442    32.1500    25.7924    25.7976    8.16234 0.0000e+00
       2807     52.058     0.1878     0.1770   2.705251   2.704665     2.3309     2.8425      8.074     0.8992     0.5427 1.0715e-01    -0.1141   102.8943     8.8377     9.2085    32.1450    32.1486    25.7932    25.7966    8.16255 0.0000e+00
       2810     52.084     0.1868     0.1759   2.705208   2.704690     2.3301     2.8421      8.071     0.8992     0.6217 1.0727e-01    -0.1141   102.8943     8.8345     9.2043    32.1455    32.1501    25.7936    25.7978    8.16274 0.0000e+00
       2813     52.106     0.1867     0.1766   2.705226   2.704789     2.3297     2.8409      8.074     0.8992     0.5822 1.0715e-01    -0.1141   102.8943     8.8325     9.1987    32.1459    32.1506    25.7939    25.7982    8.16275 0.0000e+00
       2816     52.128     0.1868     0.1782   2.705196   2.705023     2.3301     2.8413      8.071     0.9097     0.5822 1.0715e-01    -0.1145   102.9033     8.8342     9.1992    32.1453    32.1520    25.7935    25.7993    8.16276 0.0000e+00
       2819     52.150     0.1854     0.1810   2.705059   2.704969     2.3301     2.8401      8.072     0.8992     0.6217 1.0715e-01    -0.1148   102.9124     8.8299     9.1935    32.1449    32.1484    25.7932    25.7962    8.16307 0.0000e+00
       2823     52.179     0.1845     0.1773   2.704960   2.704522     2.3293     2.8393      8.072     0.8569     0.6217 1.0715e-01    -0.1148   102.9124     8.8247     9.1895    32.1446    32.1464    25.7930    25.7947    8.16329 0.0000e+00
       2847     52.326     0.1810     0.1778   2.704803   2.704507     2.3256     2.8332      8.069     0.8780     0.3848 1.0715e-01    -0.1162   102.9486     8.7980     9.1615    32.1461    32.1455    25.7944    25.7941    8.16396 0.0000e+00
       2851     52.360     0.1797     0.1767   2.704672   2.704359     2.3240     2.8319      8.069     0.8992     0.3848 1.0715e-01    -0.1162   102.9486     8.7916     9.1547    32.1458    32.1448    25.7942    25.7935    8.16427 0.0000e+00
       2854     52.383     0.1798     0.1725   2.704801   2.704012     2.3228     2.8315      8.069     0.9203     0.3848 1.0715e-01    -0.1159   102.9395     8.7800     9.1507    32.1473    32.1446    25.7954    25.7936    8.16415 0.0000e+00
       2857     52.408     0.1805     0.1698   2.704778   2.704006     2.3228     2.8303      8.069     0.9097     1.2533 1.0727e-01    -0.1152   102.9214     8.7775     9.1428    32.1463    32.1474    25.7945    25.7959    8.16407 0.0000e+00
       2860     52.436     0.1805     0.1720   2.704785   2.704078     2.3228     2.8303      8.069     0.9097     1.5692 1.0715e-01    -0.1152   102.9214     8.7737     9.1416    32.1463    32.1460    25.7946    25.7947    8.16406 0.0000e+00
       2863     52.462     0.1805     0.1670   2.704669   2.703550     2.3224     2.8303      8.069     0.9097     1.5692 1.0727e-01    -0.1155   102.9305     8.7642     9.1407    32.1448    32.1443    25.7933    25.7936    8.16414 0.0000e+00
       2866     52.493     0.1803     0.1637   2.704628   2.703473     2.3220     2.8291      8.064     0.8992     1.5692 1.0715e-01    -0.1152   102.9214     8.7532     9.1331    32.1445    32.1468    25.7931    25.7957    8.16421 0.0000e+00
       2869     52.525     0.1799     0.1751   2.704615   2.704366     2.3215     2.8291      8.064     0.8886     1.5692 1.0715e-01    -0.1152   102.9214     8.7400     9.1231    32.1447    32.1465    25.7933    25.7949    8.16428 0.0000e+00
       2872     52.560     0.1796     0.1826   2.704317   2.704882     2.3211     2.8271      8.066     0.8992     1.5692 1.0715e-01    -0.1152   102.9214     8.7322     9.1048    32.1410    32.1453    25.7904    25.7937    8.16454 0.0000e+00
