Datasets/AZMP/TEL210/tel210_2020_032.cnv
* Sea-Bird SBE 9 Data File:
* FileName = C:\CTDDATA\tel210_2020_032.hex
* Software Version Seasave V 7.26.7.110
* Temperature SN = 1697
* Conductivity SN = 4216
* Number of Bytes Per Scan = 30
* Number of Voltage Words = 4
* Number of Scans Averaged by the Deck Unit = 1
* NMEA baud rate = 4800
** VESSEL/TRIP/SEQ STN:  tel210_2020_032
** LATITUDE XX XX.XX: 47 00.00 N
** LONGITUDE XX XX.XX: 044 05.00 W
** SOUNDING DEPTH (M): 0329
** PROBE TYPE: S1146
** CTD NUMBER: 031
** COMMENTS (14 CHAR): FC-30
** BOTTLES:  0
** LEVELS:
** STICKERS:
** VNET: N
** DO2: N
# nquan = 22
# nvalues = 6362                        
# units = specified
# name 0 = scan: Scan Count
# name 1 = prDM: Pressure, Digiquartz [db]
# name 2 = t090C: Temperature [ITS-90, deg C]
# name 3 = t190C: Temperature, 2 [ITS-90, deg C]
# name 4 = c0S/m: Conductivity [S/m]
# name 5 = c1S/m: Conductivity, 2 [S/m]
# name 6 = sbeox0V: Oxygen raw, SBE 43 [V]
# name 7 = sbeox1V: Oxygen raw, SBE 43, 2 [V]
# name 8 = ph: pH
# name 9 = flECO-AFL: Fluorescence, WET Labs ECO-AFL/FL [mg/m^3]
# name 10 = wetCDOM: Fluorescence, WET Labs CDOM [mg/m^3]
# name 11 = par/sat/log: PAR/Logarithmic, Satlantic [umol photons/m^2/sec]
# name 12 = CStarAt0: Beam Attenuation, WET Labs C-Star [1/m]
# name 13 = CStarTr0: Beam Transmission, WET Labs C-Star [%]
# name 14 = sbeox0ML/L: Oxygen, SBE 43 [ml/l], WS = 2
# name 15 = sbeox1ML/L: Oxygen, SBE 43, 2 [ml/l], WS = 2
# name 16 = sal00: Salinity, Practical [PSU]
# name 17 = sal11: Salinity, Practical, 2 [PSU]
# name 18 = sigma-t00: Density [sigma-t, kg/m^3 ]
# name 19 = sigma-t11: Density, 2 [sigma-t, kg/m^3 ]
# name 20 = oxsatML/L: Oxygen Saturation, Weiss [ml/l]
# name 21 = flag: flag
# span 0 =         81,      28503       
# span 1 =      2.104,    327.988       
# span 2 =     3.4633,    11.9454       
# span 3 =     3.4579,    11.9406       
# span 4 =   3.148050,   3.775387       
# span 5 =   3.147544,   3.774675       
# span 6 =     1.7924,     2.4135       
# span 7 =     2.1513,     2.9397       
# span 8 =      7.943,      8.231       
# span 9 =    -0.6427,     6.7241       
# span 10 =    -2.8130,   482.1870      
# span 11 = 1.0703e-01, 4.5242e+01      
# span 12 =    -0.1278,     0.2704      
# span 13 =    93.4623,   103.2470      
# span 14 =     5.6847,     7.8974      
# span 15 =     5.9218,     8.3342      
# span 16 =    32.8525,    34.8728      
# span 17 =    32.8216,    34.8711      
# span 18 =    24.9369,    27.6844      
# span 19 =    24.9341,    27.6846      
# span 20 =    6.13991,    7.39501      
# span 21 = 0.0000e+00, 0.0000e+00      
# interval = scans: 3                   
# start_time = Jul 18 2020 10:33:25 [System UTC, header]
# bad_flag = -9.990e-29
*END*
[from data line 6256]
      27941     11.351    11.1720    10.5554   3.722988   3.668699     2.3569     2.8794      8.144     0.6292   481.0026 1.2919e+01     0.0830    97.9477     6.5659     7.1018    33.0361    33.0523    25.2158    25.3369    6.23584 0.0000e+00
      27944     11.316    10.9456    10.4465   3.696627   3.660537     2.3537     2.8778      8.143     0.6191   481.0026 1.2934e+01     0.0830    97.9477     6.5847     7.0938    32.9784    33.0693    25.2111    25.3689    6.26880 0.0000e+00
      27947     11.274    10.7842    10.2688   3.687001   3.649978     2.3528     2.8758      8.143     0.6191   481.0026 1.2979e+01     0.0826    97.9567     6.5997     7.0915    33.0282    33.1249    25.2784    25.4426    6.28881 0.0000e+00
      27950     11.230    10.5906    10.1981   3.671682   3.644244     2.3492     2.8713      8.142     0.6292   481.0026 1.2979e+01     0.0826    97.9567     6.6104     7.0677    33.0504    33.1316    25.3293    25.4598    6.31454 0.0000e+00
      27953     11.177    10.5711    10.2405   3.678336   3.650466     2.3463     2.8680      8.142     0.6191   481.0026 1.2979e+01     0.0830    97.9477     6.5975     7.0346    33.1347    33.1557    25.3983    25.4715    6.31389 0.0000e+00
      27956     11.110    11.2415    10.2819   3.726723   3.649491     2.3451     2.8648      8.139     0.6191   481.0026 1.2994e+01     0.0837    97.9296     6.5055     7.0125    33.0108    33.1081    25.1835    25.4273    6.22755 0.0000e+00
      27959     11.038    11.2516    10.0352   3.718900   3.624313     2.3435     2.8623      8.139     0.6191   481.0026 1.3055e+01     0.0837    97.9296     6.5052     7.0383    32.9247    33.0788    25.1148    25.4461    6.22953 0.0000e+00
      27962     10.962    11.2103     9.9604   3.724737   3.625947     2.3419     2.8611      8.139     0.6292   481.0026 1.3100e+01     0.0837    97.9296     6.5033     7.0381    33.0191    33.1640    25.1957    25.5252    6.23135 0.0000e+00
      27965     10.883    11.2185    10.0620   3.718898   3.635767     2.3402     2.8611      8.139     0.6394   481.0026 1.3161e+01     0.0837    97.9296     6.5002     7.0201    32.9542    33.1704    25.1437    25.5131    6.23279 0.0000e+00
      27968     10.798    11.2454    10.2003   3.727139   3.645374     2.3390     2.8599      8.139     0.5783   481.0026 1.3176e+01     0.0837    97.9296     6.4911     6.9959    33.0114    33.1412    25.1834    25.4670    6.22694 0.0000e+00
      27971     10.715    11.5260    10.1533   3.748889   3.644540     2.3370     2.8579      8.138     0.4970   481.0026 1.3252e+01     0.0837    97.9296     6.4479     6.9927    32.9744    33.1758    25.1039    25.5019    6.19087 0.0000e+00
      27974     10.623    11.5071    10.6211   3.737271   3.691362     2.3341     2.8558      8.138     0.5173   481.0026 1.3329e+01     0.0837    97.9296     6.4443     6.9106    32.8775    33.2201    25.0320    25.4561    6.19715 0.0000e+00
      27977     10.533    11.5670    11.3063   3.750845   3.743254     2.3321     2.8546      8.138     0.5275   481.0026 1.3438e+01     0.0852    97.8935     6.4238     6.8060    32.9571    33.1158    25.0829    25.2535    6.18610 0.0000e+00
      27980     10.439    11.6406    11.6980   3.757525   3.761457     2.3309     2.8517      8.138     0.4970   481.0026 1.3547e+01     0.0848    97.9025     6.4084     6.7423    32.9570    32.9444    25.0693    25.0489    6.17634 0.0000e+00
      27983     10.348    11.7006    11.7060   3.761845   3.758783     2.3292     2.8485      8.137     0.5275   481.0026 1.3625e+01     0.0848    97.9025     6.3944     6.7229    32.9459    32.9112    25.0496    25.0217    6.16884 0.0000e+00
      27986     10.252    11.6689    11.6642   3.755848   3.753202     2.3268     2.8452      8.138     0.5275   481.0026 1.3720e+01     0.0848    97.9025     6.3914     6.7097    32.9155    32.8939    25.0319    25.0160    6.17420 0.0000e+00
      27989     10.151    11.5381    11.5354   3.745205   3.744613     2.3239     2.8424      8.138     0.5275   168.4471 1.3896e+01     0.0848    97.9025     6.4006     6.7078    32.9279    32.9245    25.0654    25.0633    6.19107 0.0000e+00
      27992     10.044    11.5198    11.5583   3.748252   3.750061     2.3231     2.8383      8.138     0.5071    -0.9575 1.4009e+01     0.0852    97.8935     6.4011     6.6848    32.9740    32.9575    25.1046    25.0847    6.19171 0.0000e+00
      27995      9.938    11.6075    11.4519   3.754245   3.735526     2.3207     2.8347      8.138     0.3545     4.2143 1.4155e+01     0.0852    97.8935     6.3873     6.6860    32.9546    32.9098    25.0736    25.0671    6.18082 0.0000e+00
      27998      9.836    11.5522    11.2277   3.750379   3.718459     2.3178     2.8310      8.138     0.2934     3.9379 1.4320e+01     0.0848    97.9025     6.3900     6.7029    32.9661    32.9421    25.0926    25.1327    6.18772 0.0000e+00
      28001      9.735    11.4567    11.1390   3.738290   3.716574     2.3166     2.8290      8.138     0.3138     3.9379 1.4503e+01     0.0848    97.9025     6.4062     6.7083    32.9327    33.0030    25.0841    25.1960    6.20173 0.0000e+00
      28004      9.631    11.4507    11.1134   3.741543   3.713192     2.3158     2.8249      8.138     0.3036     3.9379 1.4672e+01     0.0848    97.9025     6.4107     6.7039    32.9700    32.9926    25.1141    25.1924    6.20107 0.0000e+00
      28007      9.520    11.5017    11.0671   3.748786   3.714010     2.3134     2.8212      8.138     0.3138     3.9379 1.4859e+01     0.0852    97.8935     6.4050     6.7030    32.9955    33.0423    25.1246    25.2393    6.19328 0.0000e+00
      28010      9.398    11.7457    11.3710   3.768511   3.742942     2.3125     2.8179      8.137     0.3036     3.9379 1.5050e+01     0.0848    97.9025     6.3799     6.6581    32.9712    33.0552    25.0610    25.1947    6.16192 0.0000e+00
      28013      9.276    11.8550    11.5842   3.773000   3.756275     2.3109     2.8135      8.137     0.3036     4.0169 1.5225e+01     0.0848    97.9025     6.3706     6.6277    32.9180    32.9954    24.9995    25.1095    6.14959 0.0000e+00
      28016      9.154    11.8787    11.7441   3.773494   3.766407     2.3105     2.8110      8.137     0.3138     5.1223 1.5420e+01     0.0855    97.8844     6.3749     6.6112    32.9019    32.9522    24.9825    25.0466    6.14710 0.0000e+00
      28019      9.026    11.8651    11.8365   3.772049   3.770116     2.3093     2.8082      8.137     0.3036     5.2407 1.5599e+01     0.0859    97.8754     6.3805     6.6025    32.8999    32.9064    24.9835    24.9939    6.14895 0.0000e+00
      28022      8.896    11.8176    11.8367   3.764853   3.769505     2.3093     2.8074      8.137     0.2528     5.2407 1.5817e+01     0.0859    97.8754     6.3945     6.6103    32.8720    32.9004    24.9707    24.9892    6.15627 0.0000e+00
      28025      8.767    11.6008    11.7967   3.748071   3.764802     2.3089     2.8049      8.138     0.2324     5.2407 1.6038e+01     0.0859    97.8754     6.4264     6.6195    32.9008    32.8901    25.0329    24.9886    6.18380 0.0000e+00
      28028      8.641    11.5964    11.7454   3.753770   3.760910     2.3089     2.8025      8.138     0.2426     5.2407 1.6262e+01     0.0859    97.8754     6.4288     6.6313    32.9604    32.8978    25.0800    25.0040    6.18207 0.0000e+00
      28031      8.521    11.7779    11.7081   3.768419   3.757109     2.3093     2.8009      8.137     0.2528     5.2407 1.6394e+01     0.0859    97.8754     6.4087     6.6422    32.9421    32.8938    25.0325    25.0078    6.15880 0.0000e+00
      28034      8.401    11.8489    11.6884   3.770579   3.757588     2.3081     2.8001      8.137     0.2629     5.2407 1.6565e+01     0.0863    97.8663     6.3978     6.6509    32.9002    32.9159    24.9867    25.0286    6.15107 0.0000e+00
      28037      8.287    11.7539    11.6822   3.760859   3.757694     2.3081     2.7992      8.137     0.2629     5.2407 1.6719e+01     0.0863    97.8663     6.4121     6.6564    32.8898    32.9226    24.9963    25.0350    6.16397 0.0000e+00
      28040      8.177    11.7300    11.6962   3.761555   3.759611     2.3073     2.7980      8.137     0.2528     5.9908 1.6894e+01     0.0859    97.8754     6.4099     6.6561    32.9178    32.9289    25.0224    25.0373    6.16604 0.0000e+00
      28043      8.067    11.7522    11.6822   3.762598   3.756005     2.3068     2.7972      8.137     0.2426     8.7938 1.7071e+01     0.0859    97.8754     6.4047     6.6601    32.9083    32.9062    25.0110    25.0222    6.16348 0.0000e+00
      28046      7.963    11.7152    11.6410   3.759817   3.754384     2.3064     2.7956      8.137     0.2528     8.7938 1.7249e+01     0.0859    97.8754     6.4050     6.6632    32.9141    32.9270    25.0223    25.0460    6.16814 0.0000e+00
      28049      7.863    11.6700    11.6428   3.755502   3.754716     2.3060     2.7952      8.138     0.2833     8.7938 1.7490e+01     0.0859    97.8754     6.4081     6.6651    32.9122    32.9287    25.0291    25.0469    6.17419 0.0000e+00
      28052      7.769    11.6257    11.6322   3.751938   3.751881     2.3052     2.7943      8.138     0.3036     8.7938 1.7714e+01     0.0859    97.8754     6.4106     6.6671    32.9168    32.9104    25.0409    25.0346    6.17988 0.0000e+00
      28055      7.683    11.6266    11.5975   3.751370   3.749385     2.3044     2.7935      8.138     0.2833     8.7938 1.7983e+01     0.0863    97.8663     6.4074     6.6698    32.9104    32.9169    25.0357    25.0461    6.17999 0.0000e+00
      28058      7.598    11.7188    11.5843   3.759539   3.748805     2.3048     2.7923      8.137     0.2833     8.7938 1.8234e+01     0.0888    97.8030     6.3955     6.6683    32.9084    32.9230    25.0171    25.0532    6.16789 0.0000e+00
      28061      7.522    11.7630    11.5907   3.760467   3.748040     2.3036     2.7915      8.137     0.2731     8.7938 1.8553e+01     0.0885    97.8121     6.3857     6.6651    32.8783    32.9099    24.9856    25.0419    6.16322 0.0000e+00
      28064      7.451    11.6795    11.5809   3.756091   3.746635     2.3032     2.7907      8.138     0.2833     8.7938 1.8899e+01     0.0892    97.7940     6.3942     6.6642    32.9096    32.9049    25.0254    25.0398    6.17302 0.0000e+00
      28067      7.384    11.7492    11.5857   3.762596   3.749225     2.3024     2.7891      8.137     0.2833   230.7845 1.9141e+01     0.0885    97.8121     6.3817     6.6594    32.9113    32.9259    25.0138    25.0552    6.16376 0.0000e+00
      28070      7.327    11.8336    11.6314   3.768452   3.753197     2.3012     2.7882      8.137     0.2731   482.1870 1.9386e+01     0.0885    97.8121     6.3667     6.6510    32.8935    32.9241    24.9844    25.0455    6.15333 0.0000e+00
      28073      7.281    11.8667    11.6543   3.771045   3.755225     2.3016     2.7878      8.137     0.3036   480.8842 1.9521e+01     0.0888    97.8030     6.3647     6.6470    32.8895    32.9237    24.9751    25.0409    6.14915 0.0000e+00
      28076      7.246    11.9016    11.6790   3.773558   3.756935     2.3016     2.7874      8.137     0.3341   481.0026 1.9611e+01     0.0892    97.7940     6.3621     6.6429    32.8830    32.9185    24.9636    25.0323    6.14481 0.0000e+00
      28100      7.193    11.9229    11.8115   3.774634   3.766728     2.2983     2.7805      8.137     0.2731   481.0421 1.9078e+01     0.0922    97.7216     6.3621     6.6185    32.8748    32.8964    24.9533    24.9907    6.14235 0.0000e+00
      28114      7.152    11.9268    11.8810   3.774759   3.771710     2.2963     2.7781      8.140     0.2629   481.0026 1.8877e+01     0.0926    97.7126     6.3631     6.6093    32.8725    32.8834    24.9507    24.9678    6.14192 0.0000e+00
      28117      7.116    11.9241    11.8999   3.774349   3.772810     2.2958     2.7777      8.140     0.2629   481.0026 1.8943e+01     0.0918    97.7307     6.3643     6.6068    32.8709    32.8774    24.9500    24.9595    6.14233 0.0000e+00
      28120      7.071    11.9054    11.9022   3.772250   3.772517     2.2958     2.7768      8.138     0.2528   157.6298 1.8987e+01     0.0885    97.8121     6.3687     6.6055    32.8671    32.8725    24.9506    24.9554    6.14494 0.0000e+00
      28123      7.021    11.8777    11.8870   3.770944   3.770907     2.2958     2.7768      8.138     0.2426     1.6087 1.9031e+01     0.0892    97.7940     6.3741     6.6087    32.8789    32.8703    24.9648    24.9565    6.14811 0.0000e+00
      28126      6.960    11.8823    11.8803   3.771150   3.770898     2.2954     2.7764      8.137     0.2934     7.0568 1.9075e+01     0.0888    97.8030     6.3733     6.6075    32.8769    32.8762    24.9624    24.9622    6.14759 0.0000e+00
      28129      6.889    11.8657    11.8714   3.769053   3.769564     2.2958     2.7756      8.140     0.3036     6.7804 1.9141e+01     0.0892    97.7940     6.3777     6.6061    32.8712    32.8711    24.9611    24.9600    6.14998 0.0000e+00
      28132      6.812    11.8417    11.8557   3.767755   3.769321     2.2958     2.7756      8.137     0.3036     6.7804 1.9252e+01     0.0888    97.8030     6.3810     6.6086    32.8798    32.8827    24.9723    24.9719    6.15280 0.0000e+00
      28135      6.731    11.8402    11.8563   3.767818   3.769194     2.2963     2.7744      8.139     0.3036     6.7804 1.9363e+01     0.0885    97.8121     6.3826     6.6057    32.8819    32.8809    24.9741    24.9704    6.15293 0.0000e+00
      28138      6.642    11.8588    11.8693   3.770064   3.770605     2.2967     2.7744      8.138     0.3036     6.7804 1.9521e+01     0.0885    97.8121     6.3812     6.6038    32.8872    32.8832    24.9748    24.9698    6.15027 0.0000e+00
      28141      6.543    11.8919    11.8748   3.772634   3.770325     2.2963     2.7732      8.140     0.2934     6.7804 1.9680e+01     0.0885    97.8121     6.3737     6.6004    32.8829    32.8756    24.9653    24.9629    6.14609 0.0000e+00
      28144      6.441    11.9151    11.8536   3.774095   3.768505     2.2963     2.7740      8.140     0.3138    21.9798 1.9909e+01     0.0881    97.8211     6.3691     6.6050    32.8767    32.8768    24.9562    24.9677    6.14330 0.0000e+00
      28147      6.328    11.9094    11.8458   3.772352   3.767571     2.2967     2.7732      8.140     0.3036   438.2074 2.0210e+01     0.0881    97.8211     6.3704     6.6029    32.8649    32.8746    24.9481    24.9674    6.14450 0.0000e+00
      28150      6.207    11.8371    11.7962   3.766676   3.761630     2.2954     2.7720      8.142     0.3036   481.7133 2.0516e+01     0.0881    97.8211     6.3739     6.6076    32.8736    32.8608    24.9683    24.9659    6.15364 0.0000e+00
      28153      6.081    11.8534    11.7771   3.769587   3.763725     2.2958     2.7720      8.138     0.2528   480.9237 2.0899e+01     0.0881    97.8211     6.3710     6.6097    32.8876    32.8981    24.9761    24.9984    6.15096 0.0000e+00
      28156      5.949    11.8799    11.8190   3.771158   3.767132     2.2954     2.7728      8.140     0.2629   481.0026 2.1240e+01     0.0881    97.8211     6.3651     6.6070    32.8795    32.8943    24.9649    24.9877    6.14780 0.0000e+00
      28159      5.812    11.8869    11.8518   3.771420   3.769539     2.2954     2.7716      8.141     0.2324   481.0026 2.1612e+01     0.0892    97.7940     6.3630     6.6004    32.8759    32.8887    24.9608    24.9773    6.14702 0.0000e+00
      28162      5.676    11.8861    11.8664   3.771082   3.769558     2.2946     2.7711      8.141     0.2528   481.0421 2.2066e+01     0.0892    97.7940     6.3611     6.5974    32.8734    32.8760    24.9590    24.9647    6.14722 0.0000e+00
