Datasets/AZMP/TEL210/tel210_2020_106.cnv
* Sea-Bird SBE 9 Data File:
* FileName = C:\CTDDATA\tel210_2020_106.hex
* Software Version Seasave V 7.26.7.110
* Temperature SN = 1697
* Conductivity SN = 4216
* Number of Bytes Per Scan = 30
* Number of Voltage Words = 4
* Number of Scans Averaged by the Deck Unit = 1
* NMEA baud rate = 4800
** VESSEL/TRIP/SEQ STN:  tel210_2020_106
** LATITUDE XX XX.XX: 55 34.60 N
** LONGITUDE XX XX.XX: 057 40.50 W
** SOUNDING DEPTH (M): 0154
** PROBE TYPE: S1146
** CTD NUMBER: 072
** COMMENTS (14 CHAR): MB-06
** BOTTLES:  9
** LEVELS: 5,10,20,30,40,50,75,100,BTM
** STICKERS: 436291 - 436299
** VNET: Y
** DO2: N
# nquan = 22
# nvalues = 3858                        
# units = specified
# name 0 = scan: Scan Count
# name 1 = prDM: Pressure, Digiquartz [db]
# name 2 = t090C: Temperature [ITS-90, deg C]
# name 3 = t190C: Temperature, 2 [ITS-90, deg C]
# name 4 = c0S/m: Conductivity [S/m]
# name 5 = c1S/m: Conductivity, 2 [S/m]
# name 6 = sbeox0V: Oxygen raw, SBE 43 [V]
# name 7 = sbeox1V: Oxygen raw, SBE 43, 2 [V]
# name 8 = ph: pH
# name 9 = flECO-AFL: Fluorescence, WET Labs ECO-AFL/FL [mg/m^3]
# name 10 = wetCDOM: Fluorescence, WET Labs CDOM [mg/m^3]
# name 11 = par/sat/log: PAR/Logarithmic, Satlantic [umol photons/m^2/sec]
# name 12 = CStarAt0: Beam Attenuation, WET Labs C-Star [1/m]
# name 13 = CStarTr0: Beam Transmission, WET Labs C-Star [%]
# name 14 = sbeox0ML/L: Oxygen, SBE 43 [ml/l], WS = 2
# name 15 = sbeox1ML/L: Oxygen, SBE 43, 2 [ml/l], WS = 2
# name 16 = sal00: Salinity, Practical [PSU]
# name 17 = sal11: Salinity, Practical, 2 [PSU]
# name 18 = sigma-t00: Density [sigma-t, kg/m^3 ]
# name 19 = sigma-t11: Density, 2 [sigma-t, kg/m^3 ]
# name 20 = oxsatML/L: Oxygen Saturation, Weiss [ml/l]
# name 21 = flag: flag
# span 0 =          2,      33606       
# span 1 =      1.114,    152.892       
# span 2 =    -1.2720,     6.8510       
# span 3 =    -1.2772,     6.8473       
# span 4 =   2.602137,   3.167282       
# span 5 =   2.601865,   3.166549       
# span 6 =     1.9688,     2.4277       
# span 7 =     2.3737,     2.9569       
# span 8 =      7.995,      8.260       
# span 9 =     0.6664,     1.2696       
# span 10 =    -2.8130,   482.1870      
# span 11 = 1.0715e-01, 2.9074e+02      
# span 12 =    -0.1320,     0.0819      
# span 13 =    97.9748,   103.3555      
# span 14 =     7.3710,     8.8660      
# span 15 =     7.3562,     9.3905      
# span 16 =    31.1747,    33.0832      
# span 17 =    31.1722,    33.0838      
# span 18 =    24.4261,    26.5874      
# span 19 =    24.4247,    26.5881      
# span 20 =    6.95548,    8.47614      
# span 21 = 0.0000e+00, 0.0000e+00      
# interval = scans: 3                   
# start_time = Jul 27 2020 12:44:28 [System UTC, header]
# bad_flag = -9.990e-29
*END*
[from data line 3424]
      25807     25.759    -0.9940    -1.0039   2.614978   2.614344     2.1314     2.5784      8.059     0.7616    -0.6416 2.1142e+01    -0.1110   102.8129     8.2547     8.5840    32.2116    32.2137    25.8935    25.8955    8.42229 0.0000e+00
      25810     25.708    -0.9918    -1.0022   2.615117   2.614517     2.1310     2.5793      8.059     0.7722    -0.6416 2.1289e+01    -0.1110   102.8129     8.2529     8.5879    32.2112    32.2142    25.8931    25.8958    8.42182 0.0000e+00
      25813     25.660    -0.9893    -0.9998   2.615247   2.614660     2.1310     2.5805      8.059     0.7722    -0.6022 2.1413e+01    -0.1110   102.8129     8.2538     8.5956    32.2103    32.2135    25.8922    25.8953    8.42130 0.0000e+00
      25816     25.612    -0.9880    -0.9964   2.615314   2.614694     2.1314     2.5801      8.059     0.7828    -0.6416 2.1562e+01    -0.1110   102.8129     8.2599     8.5956    32.2098    32.2104    25.8919    25.8926    8.42103 0.0000e+00
      25819     25.569    -0.9864    -0.9926   2.615448   2.614900     2.1323     2.5805      8.059     0.7828    -0.6811 2.1612e+01    -0.1085   102.7496     8.2639     8.5960    32.2099    32.2092    25.8919    25.8915    8.42065 0.0000e+00
      25822     25.525    -0.9851    -0.9919   2.615490   2.614947     2.1319     2.5817      8.059     0.7828     2.0034 2.1687e+01    -0.1078   102.7315     8.2642     8.6002    32.2092    32.2091    25.8913    25.8914    8.42040 0.0000e+00
      25825     25.485    -0.9833    -0.9920   2.615547   2.614901     2.1327     2.5829      8.059     0.7828     4.0564 2.1787e+01    -0.1078   102.7315     8.2683     8.6054    32.2080    32.2086    25.8902    25.8910    8.42005 0.0000e+00
      25828     25.446    -0.9835    -0.9936   2.615486   2.614803     2.1327     2.5841      8.059     0.7722     3.9379 2.1838e+01    -0.1078   102.7315     8.2682     8.6100    32.2074    32.2090    25.8898    25.8914    8.42013 0.0000e+00
      25831     25.406    -0.9873    -1.0017   2.614904   2.614464     2.1331     2.5829      8.059     0.8145     3.9379 2.1838e+01    -0.1078   102.7315     8.2701     8.6095    32.2037    32.2131    25.8868    25.8949    8.42122 0.0000e+00
      25834     25.364    -0.9990    -1.0092   2.613999   2.614538     2.1339     2.5837      8.059     0.8040     3.9379 2.1838e+01    -0.1085   102.7496     8.2804     8.6130    32.2040    32.2222    25.8875    25.9025    8.42389 0.0000e+00
      25837     25.322    -1.0195    -0.9963   2.612969   2.614984     2.1347     2.5845      8.059     0.8145     3.9379 2.1888e+01    -0.1078   102.7315     8.2905     8.6133    32.2120    32.2144    25.8946    25.8959    8.42811 0.0000e+00
      25840     25.280    -1.0454    -0.9892   2.611964   2.615180     2.1351     2.5850      8.059     0.8040     3.9379 2.1913e+01    -0.1092   102.7677     8.2968     8.6173    32.2262    32.2096    25.9069    25.8917    8.43324 0.0000e+00
      25843     25.235    -1.0537    -0.9874   2.611282   2.615273     2.1347     2.5850      8.059     0.7934     3.9379 2.1939e+01    -0.1092   102.7677     8.2926     8.6170    32.2259    32.2089    25.9069    25.8910    8.43516 0.0000e+00
      25846     25.192    -1.0534    -0.9858   2.611251   2.615398     2.1351     2.5862      8.059     0.8040     3.9379 2.1990e+01    -0.1089   102.7587     8.2953     8.6229    32.2252    32.2088    25.9063    25.8910    8.43514 0.0000e+00
      25849     25.144    -1.0483    -0.9838   2.611577   2.615430     2.1359     2.5862      8.059     0.8145     2.5561 2.2041e+01    -0.1089   102.7587     8.2987     8.6240    32.2241    32.2072    25.9053    25.8896    8.43402 0.0000e+00
      25852     25.091    -1.0396    -0.9817   2.611907   2.615719     2.1351     2.5866      8.059     0.8145     2.2798 2.2117e+01    -0.1089   102.7587     8.2942     8.6296    32.2193    32.2089    25.9011    25.8909    8.43230 0.0000e+00
      25855     25.037    -1.0404    -0.9743   2.611609   2.616200     2.1359     2.5886      8.059     0.8040     2.2798 2.2169e+01    -0.1089   102.7587     8.2968     8.6398    32.2161    32.2075    25.8986    25.8895    8.43266 0.0000e+00
      25858     24.984    -1.0453    -0.9706   2.611450   2.616307     2.1367     2.5878      8.059     0.8145     2.2798 2.2246e+01    -0.1078   102.7315     8.3013     8.6362    32.2193    32.2050    25.9013    25.8874    8.43361 0.0000e+00
      25861     24.926    -1.0535    -0.9689   2.611434   2.616380     2.1375     2.5894      8.059     0.8145     2.2798 2.2323e+01    -0.1067   102.7044     8.3091     8.6430    32.2280    32.2042    25.9086    25.8867    8.43500 0.0000e+00
      25864     24.866    -1.0445    -0.9672   2.612433   2.616710     2.1367     2.5902      8.059     0.8145     2.2798 2.2374e+01    -0.1067   102.7044     8.3063     8.6475    32.2318    32.2069    25.9114    25.8888    8.43270 0.0000e+00
      25867     24.800    -1.0189    -0.9610   2.613844   2.617030     2.1363     2.5911      8.059     0.8040     2.2798 2.2426e+01    -0.1067   102.7044     8.2998     8.6512    32.2235    32.2046    25.9039    25.8868    8.42731 0.0000e+00
      25870     24.730    -1.0114    -0.9614   2.613980   2.616843     2.1384     2.5915      8.059     0.8040     2.2798 2.2530e+01    -0.1060   102.6863     8.3102     8.6524    32.2173    32.2025    25.8987    25.8851    8.42594 0.0000e+00
      25873     24.658    -0.9956    -0.9647   2.615982   2.616538     2.1388     2.5919      8.059     0.8040     1.9245 2.2608e+01    -0.1067   102.7044     8.3086     8.6539    32.2276    32.2019    25.9065    25.8847    8.42173 0.0000e+00
      25876     24.582    -0.9603    -0.9632   2.618438   2.616972     2.1388     2.5927      8.059     0.8145    -0.4048 2.2713e+01    -0.1067   102.7044     8.3031     8.6550    32.2231    32.2063    25.9017    25.8882    8.41392 0.0000e+00
      25879     24.504    -0.9361    -0.9523   2.618967   2.617949     2.1392     2.5935      8.059     0.8145    -0.3653 2.2819e+01    -0.1053   102.6682     8.2997     8.6543    32.2043    32.2079    25.8857    25.8891    8.40948 0.0000e+00
      25882     24.423    -0.9357    -0.9372   2.618705   2.618866     2.1396     2.5939      8.059     0.7828    -0.4048 2.2898e+01    -0.1057   102.6773     8.3058     8.6515    32.2004    32.2042    25.8825    25.8857    8.40961 0.0000e+00
      25885     24.339    -0.9314    -0.9293   2.618423   2.618749     2.1404     2.5947      8.059     0.7722    -0.4443 2.3031e+01    -0.1057   102.6773     8.3109     8.6503    32.1920    32.1942    25.8756    25.8773    8.40911 0.0000e+00
      25888     24.251    -0.9347    -0.9391   2.618325   2.618037     2.1404     2.5955      8.059     0.7722    -0.3653 2.3137e+01    -0.1057   102.6773     8.3141     8.6566    32.1943    32.1951    25.8776    25.8784    8.40973 0.0000e+00
      25891     24.161    -0.9475    -0.9389   2.616917   2.618318     2.1408     2.5964      8.059     0.7828    -0.4443 2.3271e+01    -0.1050   102.6592     8.3169     8.6614    32.1890    32.1987    25.8737    25.8813    8.41297 0.0000e+00
      25894     24.067    -0.9465    -0.9307   2.618816   2.619422     2.1412     2.5964      8.059     0.7722    -0.4443 2.3433e+01    -0.1053   102.6682     8.3169     8.6594    32.2137    32.2049    25.8937    25.8861    8.41131 0.0000e+00
      25897     23.974    -0.9048    -0.8962   2.621216   2.621815     2.1420     2.5972      8.059     0.7828    -0.4048 2.3624e+01    -0.1053   102.6682     8.3114     8.6496    32.2015    32.2003    25.8825    25.8812    8.40249 0.0000e+00
      25900     23.877    -0.8976    -0.8713   2.621319   2.622938     2.1428     2.5980      8.059     0.7828     1.2139 2.3788e+01    -0.1067   102.7044     8.3105     8.6423    32.1953    32.1890    25.8772    25.8712    8.40121 0.0000e+00
      25903     23.779    -0.9042    -0.8920   2.620059   2.621408     2.1432     2.5988      8.059     0.7616     3.7010 2.3953e+01    -0.1078   102.7315     8.3133     8.6481    32.1853    32.1905    25.8693    25.8731    8.40328 0.0000e+00
      25906     23.685    -0.9246    -0.8763   2.619704   2.623295     2.1436     2.5988      8.059     0.7828     3.5826 2.4148e+01    -0.1078   102.7315     8.3214     8.6429    32.2025    32.1992    25.8839    25.8797    8.40696 0.0000e+00
      25909     23.585    -0.8965    -0.8524   2.622188   2.624838     2.1436     2.6000      8.061     0.8040     3.5826 2.4317e+01    -0.1074   102.7225     8.3143     8.6399    32.2060    32.1945    25.8858    25.8751    8.40034 0.0000e+00
      25912     23.486    -0.8654    -0.8360   2.624056   2.625695     2.1441     2.6008      8.064     0.8251     3.5826 2.4543e+01    -0.1074   102.7225     8.3083     8.6389    32.1980    32.1887    25.8784    25.8698    8.39371 0.0000e+00
      25915     23.390    -0.8453    -0.8285   2.625293   2.626105     2.1453     2.6021      8.062     0.7934     3.5826 2.4742e+01    -0.1078   102.7315     8.3082     8.6415    32.1932    32.1862    25.8738    25.8676    8.38940 0.0000e+00
      25918     23.295    -0.8305    -0.8233   2.626232   2.626455     2.1453     2.6012      8.063     0.8040     3.5826 2.4943e+01    -0.1074   102.7225     8.3040     8.6363    32.1901    32.1854    25.8708    25.8668    8.38622 0.0000e+00
      25921     23.202    -0.8222    -0.8197   2.626604   2.626686     2.1453     2.6012      8.063     0.8145     3.5826 2.5175e+01    -0.1078   102.7315     8.2999     8.6336    32.1863    32.1847    25.8675    25.8661    8.38456 0.0000e+00
      25924     23.109    -0.8179    -0.8168   2.626866   2.626845     2.1449     2.6016      8.063     0.7934     3.5826 2.5350e+01    -0.1078   102.7315     8.2961     8.6326    32.1853    32.1838    25.8665    25.8652    8.38364 0.0000e+00
      25927     23.021    -0.8141    -0.8151   2.627152   2.627021     2.1465     2.6029      8.063     0.8145     2.6351 2.5556e+01    -0.1078   102.7315     8.3027     8.6358    32.1852    32.1844    25.8663    25.8657    8.38278 0.0000e+00
      25930     22.940    -0.8101    -0.8121   2.627462   2.627318     2.1473     2.6037      8.063     0.8145     2.1614 2.5645e+01    -0.1078   102.7315     8.3049     8.6376    32.1851    32.1853    25.8660    25.8663    8.38187 0.0000e+00
      25933     22.861    -0.8036    -0.8077   2.628207   2.627599     2.1477     2.6045      8.063     0.8145     2.1614 2.5823e+01    -0.1078   102.7315     8.3035     8.6363    32.1882    32.1844    25.8684    25.8654    8.38022 0.0000e+00
      25936     22.788    -0.7896    -0.8027   2.629409   2.628069     2.1477     2.6049      8.063     0.7616     2.1614 2.5943e+01    -0.1078   102.7315     8.2983     8.6335    32.1895    32.1854    25.8689    25.8660    8.37696 0.0000e+00
      25939     22.720    -0.7770    -0.7958   2.630132   2.628450     2.1481     2.6049      8.063     0.7722     2.1614 2.6093e+01    -0.1057   102.6773     8.2933     8.6324    32.1858    32.1833    25.8655    25.8641    8.37431 0.0000e+00
      25942     22.656    -0.7713    -0.7959   2.630488   2.628375     2.1494     2.6061      8.063     0.7722     2.1614 2.6245e+01    -0.1036   102.6230     8.2952     8.6392    32.1846    32.1824    25.8643    25.8634    8.37310 0.0000e+00
      25945     22.596    -0.7668    -0.7938   2.630731   2.628784     2.1485     2.6065      8.063     0.7934     2.1614 2.6397e+01    -0.1036   102.6230     8.2870     8.6415    32.1831    32.1857    25.8630    25.8660    8.37216 0.0000e+00
      25948     22.547    -0.7644    -0.7836   2.630862   2.629762     2.1498     2.6061      8.063     0.7828     2.1614 2.6519e+01    -0.1036   102.6230     8.2853     8.6346    32.1823    32.1880    25.8622    25.8675    8.37166 0.0000e+00
      25951     22.498    -0.7611    -0.7801   2.631139   2.629938     2.1494     2.6073      8.063     0.7934     2.0824 2.6550e+01    -0.1036   102.6230     8.2755     8.6357    32.1825    32.1867    25.8623    25.8663    8.37090 0.0000e+00
      25954     22.454    -0.7586    -0.7832   2.631160   2.629661     2.1498     2.6073      8.063     0.7722     0.4243 2.6611e+01    -0.1036   102.6230     8.2768     8.6387    32.1801    32.1863    25.8603    25.8661    8.37046 0.0000e+00
      25957     22.416    -0.7589    -0.7784   2.630891   2.628983     2.1502     2.6073      8.065     0.7828     0.2664 2.6611e+01    -0.1036   102.6230     8.2816     8.6394    32.1769    32.1720    25.8577    25.8544    8.37072 0.0000e+00
      25960     22.384    -0.7611    -0.7778   2.630698   2.628360     2.1506     2.6077      8.066     0.7828     0.3453 2.6611e+01    -0.1022   102.5868     8.2883     8.6438    32.1766    32.1630    25.8575    25.8471    8.37123 0.0000e+00
      25963     22.352    -0.7626    -0.7869   2.630372   2.628850     2.1502     2.6086      8.065     0.8886     0.2664 2.6673e+01    -0.1008   102.5506     8.2889     8.6520    32.1739    32.1794    25.8553    25.8607    8.37173 0.0000e+00
      25966     22.328    -0.7731    -0.7781   2.628848   2.629614     2.1502     2.6094      8.068     0.8780     0.3453 2.6704e+01    -0.1011   102.5597     8.2951     8.6564    32.1646    32.1803    25.8483    25.8610    8.37465 0.0000e+00
      25992     22.176    -0.7922    -0.7504   2.628876   2.631346     2.1551     2.6151      8.068     0.8675     1.3323 2.6797e+01    -0.1015   102.5687     8.3458     8.6839    32.1855    32.1741    25.8658    25.8551    8.37778 0.0000e+00
      25995     22.151    -0.7893    -0.7513   2.628404   2.631066     2.1555     2.6159      8.068     0.8569     1.3323 2.6859e+01    -0.1015   102.5687     8.3424     8.6920    32.1761    32.1713    25.8581    25.8529    8.37767 0.0000e+00
      25998     22.122    -0.7953    -0.7562   2.627632   2.630461     2.1559     2.6159      8.068     0.8675     1.3323 2.6952e+01    -0.1015   102.5687     8.3370     8.6939    32.1721    32.1684    25.8550    25.8507    8.37926 0.0000e+00
      26001     22.088    -0.8169    -0.7605   2.626074   2.630152     2.1567     2.6167      8.068     0.8780     1.3323 2.7046e+01    -0.0997   102.5235     8.3384     8.6943    32.1741    32.1689    25.8575    25.8513    8.38405 0.0000e+00
      26004     22.049    -0.8525    -0.7647   2.624244   2.629759     2.1563     2.6171      8.068     0.8780     1.5297 2.7108e+01    -0.0997   102.5235     8.3415     8.6955    32.1876    32.1680    25.8695    25.8507    8.39137 0.0000e+00
      26007     22.006    -0.8707    -0.7669   2.623282   2.629643     2.1563     2.6192      8.068     0.8886     2.4377 2.7234e+01    -0.0997   102.5235     8.3468     8.7030    32.1940    32.1689    25.8753    25.8515    8.39513 0.0000e+00
      26010     21.960    -0.8753    -0.7712   2.623038   2.629519     2.1571     2.6192      8.068     0.8780     2.3982 2.7328e+01    -0.0993   102.5145     8.3510     8.7040    32.1957    32.1719    25.8768    25.8540    8.39609 0.0000e+00
      26013     21.907    -0.8779    -0.7732   2.623136   2.629534     2.1583     2.6196      8.068     0.8463     2.3982 2.7487e+01    -0.1000   102.5326     8.3540     8.7034    32.1998    32.1742    25.8802    25.8560    8.39644 0.0000e+00
      26016     21.852    -0.8841    -0.7699   2.621701   2.629782     2.1571     2.6200      8.068     0.8357     2.3982 2.7614e+01    -0.0997   102.5235     8.3468     8.7027    32.1872    32.1740    25.8702    25.8558    8.39860 0.0000e+00
      26019     21.793    -0.8977    -0.7625   2.620879   2.630179     2.1575     2.6220      8.069     0.8357     2.3982 2.7742e+01    -0.0986   102.4964     8.3539     8.7103    32.1906    32.1715    25.8735    25.8534    8.40149 0.0000e+00
      26022     21.731    -0.9007    -0.7575   2.621175   2.630486     2.1571     2.6216      8.069     0.8357     2.3982 2.7903e+01    -0.0944   102.3879     8.3533     8.7089    32.1979    32.1704    25.8794    25.8524    8.40176 0.0000e+00
