Datasets/AZMP/TEL210/tel210_2020_031.cnv
* Sea-Bird SBE 9 Data File:
* FileName = C:\CTDDATA\tel210_2020_031.hex
* Software Version Seasave V 7.26.7.110
* Temperature SN = 1697
* Conductivity SN = 4216
* Number of Bytes Per Scan = 30
* Number of Voltage Words = 4
* Number of Scans Averaged by the Deck Unit = 1
* NMEA baud rate = 4800
** VESSEL/TRIP/SEQ STN:  tel210_2020_031
** LATITUDE XX XX.XX: 47 00.00 N
** LONGITUDE XX XX.XX: 044 13.90 W
** SOUNDING DEPTH (M): 0272
** PROBE TYPE: S1146
** CTD NUMBER: 030
** COMMENTS (14 CHAR): FC-29
** BOTTLES:  10
** LEVELS: 5,10,20,30,40,50,75,100,150,BTM
** STICKERS: 435931 - 435940
** VNET: Y
** DO2: N
# nquan = 22
# nvalues = 5417                        
# units = specified
# name 0 = scan: Scan Count
# name 1 = prDM: Pressure, Digiquartz [db]
# name 2 = t090C: Temperature [ITS-90, deg C]
# name 3 = t190C: Temperature, 2 [ITS-90, deg C]
# name 4 = c0S/m: Conductivity [S/m]
# name 5 = c1S/m: Conductivity, 2 [S/m]
# name 6 = sbeox0V: Oxygen raw, SBE 43 [V]
# name 7 = sbeox1V: Oxygen raw, SBE 43, 2 [V]
# name 8 = ph: pH
# name 9 = flECO-AFL: Fluorescence, WET Labs ECO-AFL/FL [mg/m^3]
# name 10 = wetCDOM: Fluorescence, WET Labs CDOM [mg/m^3]
# name 11 = par/sat/log: PAR/Logarithmic, Satlantic [umol photons/m^2/sec]
# name 12 = CStarAt0: Beam Attenuation, WET Labs C-Star [1/m]
# name 13 = CStarTr0: Beam Transmission, WET Labs C-Star [%]
# name 14 = sbeox0ML/L: Oxygen, SBE 43 [ml/l], WS = 2
# name 15 = sbeox1ML/L: Oxygen, SBE 43, 2 [ml/l], WS = 2
# name 16 = sal00: Salinity, Practical [PSU]
# name 17 = sal11: Salinity, Practical, 2 [PSU]
# name 18 = sigma-t00: Density [sigma-t, kg/m^3 ]
# name 19 = sigma-t11: Density, 2 [sigma-t, kg/m^3 ]
# name 20 = oxsatML/L: Oxygen Saturation, Weiss [ml/l]
# name 21 = flag: flag
# span 0 =         59,      37570       
# span 1 =      0.792,    268.502       
# span 2 =     3.2590,    11.7152       
# span 3 =     3.2522,    11.7146       
# span 4 =   3.125553,   3.750992       
# span 5 =   3.124922,   3.750543       
# span 6 =     1.7627,     2.4219       
# span 7 =     2.1189,     2.9582       
# span 8 =      7.928,      8.232       
# span 9 =    -0.6325,     7.4770       
# span 10 =    -2.8130,   482.1870      
# span 11 = 1.0678e-01, 9.1798e+01      
# span 12 =    -0.1324,     0.3680      
# span 13 =    91.2105,   103.3645      
# span 14 =     5.5519,     7.9334      
# span 15 =     5.8012,     8.3389      
# span 16 =    32.8256,    34.8622      
# span 17 =    32.8252,    34.8613      
# span 18 =    24.9564,    27.6642      
# span 19 =    24.9533,    27.6640      
# span 20 =    6.17142,    7.43801      
# span 21 = 0.0000e+00, 0.0000e+00      
# interval = scans: 3                   
# start_time = Jul 18 2020 08:57:04 [System UTC, header]
# bad_flag = -9.990e-29
*END*
[from data line 198]
       1232     19.634     8.5934     8.5955   3.515925   3.515925     2.3431     2.8511      8.192     0.4257   481.1211 8.3842e+00     0.0848    97.9025     6.9984     7.3255    33.2941    33.2922    25.8455    25.8436    6.59091 0.0000e+00
       1235     19.735     8.5919     8.6005   3.515824   3.516257     2.3427     2.8490      8.192     0.4257   481.1211 8.3262e+00     0.0848    97.9025     6.9941     7.3026    33.2944    33.2908    25.8459    25.8418    6.59113 0.0000e+00
       1238     19.841     8.5776     8.5998   3.514728   3.516165     2.3415     2.8474      8.192     0.4155   481.1211 8.2400e+00     0.0848    97.9025     6.9918     7.2870    33.2963    33.2905    25.8496    25.8416    6.59318 0.0000e+00
       1241     19.952     8.5659     8.5986   3.514002   3.516082     2.3394     2.8454      8.192     0.4460   481.1211 8.1453e+00     0.0892    97.7939     6.9890     7.2748    33.2997    33.2907    25.8540    25.8420    6.59479 0.0000e+00
       1244     20.070     8.5619     8.5822   3.513955   3.514796     2.3382     2.8437      8.192     0.4664   481.1211 8.0610e+00     0.0903    97.7668     6.9909     7.2710    33.3029    33.2926    25.8572    25.8459    6.59524 0.0000e+00
       1247     20.193     8.5705     8.5711   3.514561   3.514133     2.3382     2.8413      8.192     0.4562   481.1211 7.9408e+00     0.0903    97.7668     7.0002     7.2698    33.3010    33.2961    25.8544    25.8504    6.59403 0.0000e+00
       1250     20.321     8.5724     8.5667   3.514586   3.513995     2.3374     2.8405      8.192     0.4562   481.1211 7.8494e+00     0.0899    97.7759     7.0088     7.2763    33.2995    33.2987    25.8529    25.8531    6.59382 0.0000e+00
       1253     20.455     8.5676     8.5651   3.514340   3.514077     2.3366     2.8392      8.192     0.4562   481.1211 7.7413e+00     0.0899    97.7759     7.0225     7.2841    33.3014    33.3010    25.8551    25.8552    6.59446 0.0000e+00
       1256     20.596     8.5728     8.5661   3.514912   3.513556     2.3366     2.8384      8.192     0.4562   481.1211 7.6435e+00     0.0903    97.7668     7.0412     7.2995    33.3025    33.2944    25.8552    25.8499    6.59364 0.0000e+00
       1259     20.742     8.5571     8.5009   3.511952   3.508442     2.3374     2.8372      8.192     0.4460   481.1211 7.5556e+00     0.0907    97.7578     7.0669     7.3267    33.2860    33.3021    25.8446    25.8658    6.59668 0.0000e+00
       1262     20.893     8.4184     8.4013   3.501724   3.501898     2.3386     2.8376      8.193     0.4562   481.1211 7.4429e+00     0.0914    97.7397     7.1162     7.3655    33.3091    33.3270    25.8838    25.9005    6.61648 0.0000e+00
       1265     21.050     8.3388     8.3659   3.497370   3.500274     2.3394     2.8384      8.193     0.4867   481.1211 7.3489e+00     0.0914    97.7397     7.1512     7.3965    33.3383    33.3433    25.9186    25.9185    6.62721 0.0000e+00
       1268     21.208     8.2843     8.3541   3.493323   3.499573     2.3403     2.8388      8.194     0.5681   481.1211 7.2476e+00     0.0914    97.7397     7.1818     7.4222    33.3470    33.3470    25.9337    25.9232    6.63506 0.0000e+00
       1271     21.373     8.2422     8.3360   3.490932   3.497627     2.3419     2.8409      8.195     0.5478   481.1211 7.1478e+00     0.0914    97.7397     7.2109     7.4556    33.3616    33.3435    25.9514    25.9232    6.64080 0.0000e+00
       1274     21.542     8.2122     8.2219   3.488550   3.489179     2.3427     2.8409      8.194     0.5478   481.1211 7.0330e+00     0.0914    97.7397     7.2326     7.4975    33.3647    33.3622    25.9583    25.9549    6.64520 0.0000e+00
       1277     21.713     8.1322     8.0958   3.483062   3.481350     2.3456     2.8425      8.194     0.5275   481.1211 6.9361e+00     0.0914    97.7397     7.2689     7.5459    33.3823    33.3988    25.9840    26.0023    6.65658 0.0000e+00
       1280     21.889     8.0009     7.9457   3.473985   3.471423     2.3472     2.8458      8.196     0.5478   481.1211 6.8563e+00     0.0933    97.6945     7.3058     7.6012    33.4107    33.4361    26.0256    26.0536    6.67536 0.0000e+00
       1283     22.059     7.8532     7.8042   3.464310   3.462129     2.3492     2.8474      8.197     0.5478   481.1211 6.7854e+00     0.0963    97.6222     7.3451     7.6464    33.4484    33.4720    26.0768    26.1024    6.69635 0.0000e+00
       1286     22.227     7.7282     7.6753   3.455263   3.452385     2.3517     2.8502      8.198     0.5580   481.1211 6.7074e+00     0.0963    97.6222     7.3826     7.6918    33.4711    33.4910    26.1127    26.1359    6.71462 0.0000e+00
       1289     22.393     7.5150     7.4541   3.439564   3.436504     2.3537     2.8531      8.200     0.5478   481.1211 6.6074e+00     0.0966    97.6131     7.4322     7.7534    33.5071    33.5329    26.1714    26.2003    6.74610 0.0000e+00
       1292     22.555     7.2993     7.2480   3.425840   3.423423     2.3557     2.8559      8.202     0.5681   481.1211 6.5088e+00     0.0966    97.6131     7.4779     7.8112    33.5669    33.5906    26.2487    26.2744    6.77719 0.0000e+00
       1295     22.710     7.1466     7.1092   3.415582   3.414276     2.3578     2.8600      8.203     0.5681   481.1211 6.4340e+00     0.0966    97.6131     7.5113     7.8582    33.6036    33.6258    26.2987    26.3213    6.79963 0.0000e+00
       1298     22.860     7.0423     7.0149   3.409498   3.408534     2.3590     2.8633      8.204     0.5681   481.1211 6.3526e+00     0.0963    97.6222     7.5293     7.8926    33.6387    33.6549    26.3407    26.3572    6.81458 0.0000e+00
       1301     23.003     6.9694     6.9507   3.404635   3.404096     2.3614     2.8669      8.206     0.5783   301.2546 6.2579e+00     0.0981    97.5769     7.5449     7.9195    33.6566    33.6690    26.3647    26.3770    6.82536 0.0000e+00
       1304     23.141     6.9002     6.8983   3.400659   3.401142     2.3631     2.8682      8.209     0.5681    -1.0759 6.1788e+00     0.0992    97.5498     7.5575     7.9346    33.6807    33.6878    26.3930    26.3989    6.83532 0.0000e+00
       1307     23.271     6.8429     6.8447   3.396827   3.397017     2.3651     2.8714      8.209     0.5783     7.2937 6.0796e+00     0.0992    97.5498     7.5673     7.9552    33.6947    33.6950    26.4118    26.4119    6.84385 0.0000e+00
       1310     23.393     6.8053     6.7964   3.394870   3.394366     2.3675     2.8743      8.209     0.5681     7.0173 5.9751e+00     0.0992    97.5498     7.5758     7.9711    33.7100    33.7132    26.4289    26.4327    6.84918 0.0000e+00
       1313     23.504     6.7971     6.7816   3.394183   3.393433     2.3679     2.8779      8.212     0.5681     7.0173 5.8859e+00     0.0992    97.5498     7.5719     7.9817    33.7104    33.7174    26.4304    26.4380    6.85047 0.0000e+00
       1316     23.608     6.7681     6.7563   3.391345   3.390283     2.3692     2.8812      8.212     0.5783     7.0173 5.8250e+00     0.0992    97.5498     7.5755     7.9919    33.7076    33.7075    26.4320    26.4335    6.85524 0.0000e+00
       1319     23.700     6.7171     6.7062   3.387231   3.386069     2.3704     2.8840      8.214     0.5580     7.0173 5.7914e+00     0.0992    97.5498     7.5848     8.0045    33.7123    33.7102    26.4425    26.4424    6.86322 0.0000e+00
       1322     23.787     6.6856     6.6635   3.384340   3.383031     2.3712     2.8865      8.215     0.5478     7.0173 5.7381e+00     0.1007    97.5136     7.5878     8.0162    33.7113    33.7186    26.4459    26.4546    6.86832 0.0000e+00
       1325     23.865     6.6511     6.6380   3.382509   3.381342     2.3728     2.8901      8.215     0.5478     7.0173 5.6853e+00     0.1007    97.5136     7.5938     8.0286    33.7250    33.7250    26.4613    26.4630    6.87327 0.0000e+00
       1328     23.936     6.6261     6.6147   3.380817   3.380262     2.3736     2.8918      8.215     0.5478   312.3482 5.6459e+00     0.1011    97.5046     7.5956     8.0331    33.7309    33.7360    26.4693    26.4748    6.87703 0.0000e+00
       1331     24.001     6.5874     6.5895   3.378793   3.378610     2.3740     2.8950      8.215     0.5376   482.1870 5.6264e+00     0.1007    97.5136     7.6012     8.0396    33.7466    33.7425    26.4868    26.4833    6.88258 0.0000e+00
       1334     24.056     6.5474     6.5717   3.377398   3.377002     2.3757     2.8966      8.217     0.5478   480.8052 5.5940e+00     0.1003    97.5227     7.6120     8.0407    33.7707    33.7422    26.5110    26.4854    6.88796 0.0000e+00
       1337     24.103     6.5165     6.5543   3.376548   3.375757     2.3769     2.8991      8.215     0.5580   481.1211 5.5875e+00     0.1011    97.5046     7.6209     8.0435    33.7918    33.7457    26.5317    26.4904    6.89201 0.0000e+00
       1340     24.147     6.5004     6.5377   3.375514   3.374460     2.3777     2.9003      8.215     0.5478   481.1211 5.5746e+00     0.1015    97.4955     7.6238     8.0433    33.7962    33.7476    26.5373    26.4941    6.89442 0.0000e+00
       1343     24.187     6.4962     6.5190   3.374481   3.373392     2.3789     2.9028      8.215     0.5682   481.1211 5.5618e+00     0.1037    97.4413     7.6278     8.0484    33.7889    33.7542    26.5321    26.5018    6.89544 0.0000e+00
       1346     24.223     6.4931     6.4996   3.374115   3.372716     2.3797     2.9056      8.217     0.6699   481.1211 5.5425e+00     0.1037    97.4413     7.6318     8.0551    33.7878    33.7659    26.5317    26.5135    6.89598 0.0000e+00
       1349     24.256     6.4718     6.4672   3.371104   3.370905     2.3801     2.9072      8.216     0.6597   481.1211 5.5297e+00     0.1041    97.4323     7.6354     8.0615    33.7755    33.7778    26.5247    26.5271    6.90000 0.0000e+00
       1352     24.287     6.4504     6.4301   3.368712   3.369342     2.3810     2.9089      8.219     0.6597   472.0409 5.5105e+00     0.1037    97.4413     7.6413     8.0701    33.7700    33.7972    26.5232    26.5472    6.90371 0.0000e+00
       1355     24.322     6.4327     6.3937   3.365554   3.366828     2.3826     2.9105      8.220     0.6496    54.6685 5.4914e+00     0.1041    97.4323     7.6489     8.0775    33.7523    33.8052    26.5116    26.5583    6.90738 0.0000e+00
       1358     24.359     6.4240     6.3734   3.365125   3.363867     2.3834     2.9121      8.219     0.6394     7.9253 5.4598e+00     0.1037    97.4413     7.6504     8.0848    33.7562    33.7924    26.5158    26.5508    6.90862 0.0000e+00
       1361     24.401     6.4327     6.3751   3.366593   3.363171     2.3838     2.9137      8.220     0.6394    10.3730 5.4221e+00     0.1070    97.3599     7.6477     8.0869    33.7639    33.7829    26.5207    26.5431    6.90687 0.0000e+00
       1364     24.449     6.4241     6.3644   3.365320   3.362053     2.3842     2.9150      8.219     0.6496    10.2151 5.3970e+00     0.1111    97.2604     7.6466     8.0894    33.7583    33.7810    26.5173    26.5430    6.90852 0.0000e+00
       1367     24.506     6.3808     6.3617   3.362093   3.361117     2.3859     2.9170      8.221     0.6496    10.2151 5.3535e+00     0.1104    97.2785     7.6580     8.0926    33.7651    33.7732    26.5284    26.5372    6.91525 0.0000e+00
       1370     24.567     6.3543     6.3522   3.360276   3.359869     2.3871     2.9190      8.221     0.7208    10.2546 5.3289e+00     0.1111    97.2604     7.6656     8.0980    33.7711    33.7688    26.5366    26.5349    6.91930 0.0000e+00
       1373     24.638     6.3381     6.3368   3.359095   3.358577     2.3863     2.9207      8.221     0.8123    10.2151 5.2859e+00     0.1111    97.2604     7.6615     8.1025    33.7741    33.7695    26.5410    26.5375    6.92182 0.0000e+00
       1376     24.719     6.3279     6.3205   3.358160   3.357376     2.3875     2.9215      8.221     0.8123    10.2151 5.2433e+00     0.1104    97.2785     7.6626     8.1031    33.7737    33.7722    26.5419    26.5418    6.92349 0.0000e+00
       1379     24.812     6.3165     6.3031   3.357197   3.355956     2.3883     2.9231      8.221     0.8123    99.4772 5.1770e+00     0.1111    97.2604     7.6642     8.1072    33.7742    33.7736    26.5439    26.5451    6.92534 0.0000e+00
       1382     24.917     6.2996     6.2834   3.355734   3.354127     2.3891     2.9247      8.221     0.8022   478.2391 5.1234e+00     0.1130    97.2152     7.6678     8.1111    33.7746    33.7728    26.5463    26.5470    6.92807 0.0000e+00
       1385     25.031     6.2789     6.2606   3.354044   3.352404     2.3891     2.9260      8.221     0.8123   481.1605 5.0646e+00     0.1137    97.1971     7.6698     8.1138    33.7762    33.7761    26.5503    26.5525    6.93138 0.0000e+00
       1388     25.154     6.2573     6.2418   3.352299   3.351174     2.3887     2.9272      8.221     0.8123   481.0816 5.0005e+00     0.1141    97.1881     7.6682     8.1154    33.7781    33.7810    26.5545    26.5588    6.93483 0.0000e+00
       1391     25.285     6.2436     6.2328   3.351588   3.350704     2.3899     2.9284      8.221     0.8123   481.1211 4.9032e+00     0.1137    97.1971     7.6703     8.1148    33.7837    33.7846    26.5607    26.5627    6.93683 0.0000e+00
       1394     25.427     6.2391     6.2307   3.351270   3.350626     2.3907     2.9296      8.221     0.8022   481.1211 4.8134e+00     0.1137    97.1971     7.6735     8.1125    33.7845    33.7857    26.5620    26.5639    6.93752 0.0000e+00
       1397     25.581     6.2358     6.2290   3.350986   3.350574     2.3903     2.9292      8.221     0.8632   481.1211 4.7417e+00     0.1137    97.1971     7.6701     8.1051    33.7845    33.7867    26.5624    26.5649    6.93806 0.0000e+00
       1400     25.745     6.2335     6.2272   3.350901   3.350446     2.3907     2.9304      8.221     0.9039   481.1211 4.6226e+00     0.1141    97.1881     7.6684     8.1030    33.7859    33.7870    26.5637    26.5654    6.93839 0.0000e+00
       1403     25.916     6.2307     6.2250   3.350733   3.350275     2.3911     2.9317      8.221     0.8938   481.1211 4.5273e+00     0.1137    97.1971     7.6676     8.1000    33.7867    33.7872    26.5647    26.5658    6.93881 0.0000e+00
       1406     26.096     6.2259     6.2188   3.350493   3.349885     2.3920     2.9317      8.221     0.9039   481.1211 4.4546e+00     0.1137    97.1971     7.6709     8.0959    33.7886    33.7889    26.5668    26.5680    6.93950 0.0000e+00
       1409     26.282     6.2228     6.2169   3.350337   3.349803     2.3920     2.9329      8.221     0.8938   481.1211 4.3629e+00     0.1137    97.1971     7.6704     8.0973    33.7899    33.7898    26.5682    26.5689    6.93995 0.0000e+00
       1412     26.474     6.2214     6.2162   3.350322   3.349806     2.3920     2.9337      8.221     0.8836   481.1211 4.2978e+00     0.1137    97.1971     7.6701     8.0977    33.7910    33.7905    26.5693    26.5696    6.94013 0.0000e+00
       1415     26.673     6.2215     6.2163   3.350360   3.349970     2.3916     2.9337      8.221     0.9141   481.1211 4.2287e+00     0.1137    97.1971     7.6676     8.0955    33.7913    33.7920    26.5695    26.5708    6.94011 0.0000e+00
       1418     26.875     6.2220     6.2163   3.350444   3.349933     2.3928     2.9341      8.221     0.9141   481.1211 4.1513e+00     0.1137    97.1971     7.6714     8.0964    33.7916    33.7915    26.5697    26.5704    6.94001 0.0000e+00
       1421     27.076     6.2225     6.2165   3.350603   3.349936     2.3924     2.9341      8.221     0.9039   481.1211 4.0799e+00     0.1133    97.2062     7.6695     8.0972    33.7927    33.7912    26.5706    26.5701    6.93987 0.0000e+00
       1424     27.276     6.2227     6.2170   3.350657   3.350071     2.3920     2.9341      8.221     0.9752   481.1211 3.9913e+00     0.1119    97.2424     7.6672     8.0962    33.7930    33.7922    26.5708    26.5708    6.93982 0.0000e+00
