Datasets/AZMP/TEL210/tel210_2020_050.cnv
* Sea-Bird SBE 9 Data File:
* FileName = C:\CTDDATA\tel210_2020_050.hex
* Software Version Seasave V 7.26.7.110
* Temperature SN = 1697
* Conductivity SN = 4216
* Number of Bytes Per Scan = 30
* Number of Voltage Words = 4
* Number of Scans Averaged by the Deck Unit = 1
* NMEA baud rate = 4800
** VESSEL/TRIP/SEQ STN:  tel210_2020_050
** LATITUDE XX XX.XX: 49 22.00 N
** LONGITUDE XX XX.XX: 051 01.00 W
** SOUNDING DEPTH (M): 0337
** PROBE TYPE: S1146
** CTD NUMBER: 040
** COMMENTS (14 CHAR): BB-09
** BOTTLES:  11
** LEVELS: 5,10,20,30,40,50,75,100,150,250,BTM
** STICKERS: 436033 - 436043
** VNET: Y
** DO2: N
# nquan = 22
# nvalues = 7889                        
# units = specified
# name 0 = scan: Scan Count
# name 1 = prDM: Pressure, Digiquartz [db]
# name 2 = t090C: Temperature [ITS-90, deg C]
# name 3 = t190C: Temperature, 2 [ITS-90, deg C]
# name 4 = c0S/m: Conductivity [S/m]
# name 5 = c1S/m: Conductivity, 2 [S/m]
# name 6 = sbeox0V: Oxygen raw, SBE 43 [V]
# name 7 = sbeox1V: Oxygen raw, SBE 43, 2 [V]
# name 8 = ph: pH
# name 9 = flECO-AFL: Fluorescence, WET Labs ECO-AFL/FL [mg/m^3]
# name 10 = wetCDOM: Fluorescence, WET Labs CDOM [mg/m^3]
# name 11 = par/sat/log: PAR/Logarithmic, Satlantic [umol photons/m^2/sec]
# name 12 = CStarAt0: Beam Attenuation, WET Labs C-Star [1/m]
# name 13 = CStarTr0: Beam Transmission, WET Labs C-Star [%]
# name 14 = sbeox0ML/L: Oxygen, SBE 43 [ml/l], WS = 2
# name 15 = sbeox1ML/L: Oxygen, SBE 43, 2 [ml/l], WS = 2
# name 16 = sal00: Salinity, Practical [PSU]
# name 17 = sal11: Salinity, Practical, 2 [PSU]
# name 18 = sigma-t00: Density [sigma-t, kg/m^3 ]
# name 19 = sigma-t11: Density, 2 [sigma-t, kg/m^3 ]
# name 20 = oxsatML/L: Oxygen Saturation, Weiss [ml/l]
# name 21 = flag: flag
# span 0 =         60,      59305       
# span 1 =      0.610,    337.425       
# span 2 =     0.8629,    10.2415       
# span 3 =     0.8470,    10.2462       
# span 4 =   2.870639,   3.587852       
# span 5 =   2.869442,   3.587916       
# span 6 =     1.8970,     2.6441       
# span 7 =     2.2817,     3.2366       
# span 8 =      7.977,      8.347       
# span 9 =     0.6452,     8.6769       
# span 10 =    -2.8130,   482.1870      
# span 11 = 1.0568e-01, 8.8805e-01      
# span 12 =    -0.1383,     1.1770      
# span 13 =    74.5079,   103.5183      
# span 14 =     6.2628,     9.6207      
# span 15 =     6.5060,    10.4482      
# span 16 =    32.1724,    34.7315      
# span 17 =    32.5107,    34.7328      
# span 18 =    24.9631,    27.6381      
# span 19 =    24.9753,    27.6396      
# span 20 =    6.38423,    7.93751      
# span 21 = 0.0000e+00, 0.0000e+00      
# interval = scans: 3                   
# start_time = Jul 21 2020 00:16:26 [System UTC, header]
# bad_flag = -9.990e-29
*END*
[from data line 4214]
      15991    288.971     3.4052     3.3997   3.190684   3.190350     1.9392     2.3350      8.004     0.7616     2.3982 1.0715e-01    -0.1008   102.5506     6.4756     6.7280    34.7016    34.7034    27.6086    27.6106    7.38593 0.0000e+00
      15994    288.947     3.4049     3.3999   3.190681   3.190373     1.9384     2.3358      8.004     0.7616     2.3982 1.0715e-01    -0.1004   102.5416     6.4737     6.7288    34.7018    34.7035    27.6088    27.6106    7.38597 0.0000e+00
      15997    288.919     3.4049     3.4002   3.190669   3.190352     1.9396     2.3354      8.004     0.7616     2.3982 1.0715e-01    -0.1004   102.5416     6.4759     6.7290    34.7017    34.7029    27.6087    27.6101    7.38598 0.0000e+00
      16000    288.888     3.4048     3.4005   3.190684   3.190355     1.9400     2.3354      8.004     0.7510     2.3982 1.0715e-01    -0.1004   102.5416     6.4782     6.7323    34.7020    34.7026    27.6090    27.6099    7.38598 0.0000e+00
      16003    288.851     3.4051     3.4002   3.190691   3.190359     1.9396     2.3358      8.004     0.7510     2.3982 1.0715e-01    -0.1022   102.5868     6.4793     6.7365    34.7018    34.7029    27.6088    27.6102    7.38594 0.0000e+00
      16006    288.811     3.4050     3.4000   3.190676   3.190309     1.9396     2.3354      8.004     0.7616     2.3982 1.0715e-01    -0.1022   102.5868     6.4795     6.7366    34.7017    34.7026    27.6087    27.6099    7.38595 0.0000e+00
      16009    288.765     3.4049     3.4003   3.190680   3.190360     1.9396     2.3350      8.004     0.7616     2.3982 1.0715e-01    -0.1025   102.5959     6.4775     6.7383    34.7019    34.7030    27.6089    27.6102    7.38596 0.0000e+00
      16012    288.713     3.4049     3.4001   3.190683   3.190334     1.9396     2.3354      8.004     0.7510     2.3982 1.0715e-01    -0.1022   102.5868     6.4765     6.7404    34.7020    34.7029    27.6089    27.6102    7.38596 0.0000e+00
      16015    288.654     3.4048     3.3999   3.190675   3.190366     1.9396     2.3346      8.004     0.7299     2.3982 1.0715e-01    -0.1022   102.5868     6.4743     6.7356    34.7020    34.7035    27.6090    27.6107    7.38597 0.0000e+00
      16018    288.593     3.4050     3.3999   3.190668   3.190357     1.9396     2.3350      8.004     0.7405     2.3982 1.0715e-01    -0.1015   102.5687     6.4737     6.7366    34.7018    34.7034    27.6088    27.6106    7.38596 0.0000e+00
      16021    288.527     3.4050     3.3999   3.190666   3.190340     1.9392     2.3358      8.004     0.7299     2.3982 1.0715e-01    -0.1011   102.5597     6.4699     6.7397    34.7018    34.7032    27.6088    27.6104    7.38595 0.0000e+00
      16024    288.454     3.4048     3.4000   3.190671   3.190363     1.9392     2.3362      8.004     0.7299     2.3982 1.0715e-01    -0.0993   102.5145     6.4699     6.7407    34.7020    34.7035    27.6090    27.6107    7.38597 0.0000e+00
      16027    288.376     3.4050     3.4005   3.190671   3.190339     1.9400     2.3362      8.004     0.7299     2.3982 1.0715e-01    -0.0993   102.5145     6.4765     6.7411    34.7019    34.7027    27.6089    27.6100    7.38595 0.0000e+00
      16030    288.293     3.4049     3.4004   3.190634   3.190360     1.9396     2.3354      8.004     0.7299     2.3982 1.0715e-01    -0.0993   102.5145     6.4747     6.7420    34.7016    34.7031    27.6086    27.6103    7.38598 0.0000e+00
      16033    288.205     3.4046     3.4006   3.190621   3.190337     1.9396     2.3358      8.004     0.7299     2.3982 1.0715e-01    -0.0993   102.5145     6.4752     6.7441    34.7018    34.7027    27.6088    27.6099    7.38602 0.0000e+00
      16036    288.111     3.4050     3.4006   3.190624   3.190303     1.9392     2.3354      8.006     0.7299     2.3982 1.0715e-01    -0.0993   102.5145     6.4757     6.7437    34.7015    34.7023    27.6085    27.6096    7.38596 0.0000e+00
      16039    288.011     3.4050     3.4005   3.190630   3.190354     1.9392     2.3354      8.004     0.7299     2.3982 1.0715e-01    -0.0993   102.5145     6.4763     6.7444    34.7016    34.7030    27.6086    27.6102    7.38596 0.0000e+00
      16042    287.908     3.4048     3.4003   3.190623   3.190315     1.9400     2.3354      8.006     0.7299     2.3982 1.0715e-01    -0.1004   102.5416     6.4806     6.7422    34.7018    34.7028    27.6088    27.6101    7.38599 0.0000e+00
      16045    287.803     3.4049     3.4004   3.190618   3.190319     1.9396     2.3354      8.004     0.7299     2.3982 1.0715e-01    -0.1015   102.5687     6.4777     6.7412    34.7016    34.7029    27.6087    27.6101    7.38597 0.0000e+00
      16048    287.691     3.4050     3.4004   3.190606   3.190302     1.9396     2.3354      8.004     0.7299     2.2403 1.0727e-01    -0.1015   102.5687     6.4763     6.7424    34.7014    34.7027    27.6085    27.6099    7.38596 0.0000e+00
      16051    287.575     3.4047     3.4003   3.190605   3.190274     1.9404     2.3362      8.004     0.7299     0.7401 1.0715e-01    -0.1015   102.5687     6.4796     6.7482    34.7018    34.7025    27.6088    27.6098    7.38600 0.0000e+00
      16054    287.456     3.4050     3.4005   3.190586   3.190304     1.9392     2.3366      8.006     0.7299     0.7401 1.0715e-01    -0.1015   102.5687     6.4735     6.7502    34.7014    34.7027    27.6085    27.6100    7.38598 0.0000e+00
      16057    287.334     3.4049     3.4005   3.190569   3.190285     1.9404     2.3366      8.004     0.7299     0.7401 1.0715e-01    -0.1015   102.5687     6.4782     6.7520    34.7013    34.7026    27.6084    27.6099    7.38599 0.0000e+00
      16060    287.211     3.4047     3.4005   3.190574   3.190304     1.9404     2.3366      8.004     0.7299     0.7401 1.0715e-01    -0.1022   102.5868     6.4780     6.7535    34.7017    34.7028    27.6088    27.6101    7.38601 0.0000e+00
      16063    287.083     3.4049     3.4004   3.190553   3.190286     1.9400     2.3366      8.006     0.7299     0.7401 1.0727e-01    -0.1004   102.5416     6.4743     6.7520    34.7013    34.7029    27.6084    27.6101    7.38600 0.0000e+00
      16066    286.955     3.4049     3.4005   3.190563   3.190253     1.9400     2.3362      8.006     0.7405     0.7401 1.0715e-01    -0.1004   102.5416     6.4711     6.7501    34.7015    34.7024    27.6086    27.6097    7.38599 0.0000e+00
      16069    286.823     3.4050     3.4004   3.190543   3.190286     1.9396     2.3362      8.004     0.7616     0.7006 1.0715e-01    -0.1004   102.5416     6.4673     6.7488    34.7012    34.7030    27.6084    27.6102    7.38598 0.0000e+00
      16072    286.689     3.4052     3.4004   3.190526   3.190238     1.9400     2.3370      8.004     0.7722     0.7401 1.0715e-01    -0.1004   102.5416     6.4668     6.7505    34.7009    34.7025    27.6080    27.6098    7.38597 0.0000e+00
      16075    286.555     3.4049     3.4006   3.190542   3.190278     1.9396     2.3366      8.004     0.7510     1.4902 1.0715e-01    -0.1004   102.5416     6.4651     6.7481    34.7014    34.7028    27.6085    27.6101    7.38599 0.0000e+00
      16078    286.419     3.4051     3.4009   3.190551   3.190258     1.9396     2.3366      8.004     0.7510     3.3062 1.0715e-01    -0.1004   102.5416     6.4650     6.7487    34.7014    34.7023    27.6085    27.6096    7.38595 0.0000e+00
      16081    286.282     3.4051     3.4009   3.190531   3.190256     1.9400     2.3378      8.004     0.7616     3.2273 1.0715e-01    -0.1000   102.5326     6.4652     6.7544    34.7012    34.7024    27.6084    27.6097    7.38597 0.0000e+00
      16084    286.148     3.4053     3.4010   3.190547   3.190274     1.9400     2.3374      8.004     0.7510     3.2273 1.0715e-01    -0.1004   102.5416     6.4675     6.7535    34.7013    34.7026    27.6084    27.6098    7.38592 0.0000e+00
      16087    286.014     3.4053     3.4010   3.190551   3.190247     1.9400     2.3366      8.006     0.7510     3.2273 1.0715e-01    -0.1004   102.5416     6.4697     6.7505    34.7014    34.7024    27.6085    27.6096    7.38592 0.0000e+00
      16090    285.882     3.4054     3.4012   3.190543   3.190272     1.9384     2.3378      8.004     0.7722     3.2273 1.0715e-01    -0.1004   102.5416     6.4638     6.7553    34.7013    34.7025    27.6084    27.6098    7.38590 0.0000e+00
      16093    285.754     3.4055     3.4011   3.190539   3.190259     1.9396     2.3370      8.006     0.7299     3.2273 1.0715e-01    -0.1004   102.5416     6.4706     6.7507    34.7012    34.7025    27.6083    27.6097    7.38589 0.0000e+00
      16096    285.627     3.4056     3.4011   3.190532   3.190261     1.9392     2.3378      8.004     0.7299     3.2273 1.0715e-01    -0.1004   102.5416     6.4684     6.7517    34.7011    34.7026    27.6082    27.6098    7.38588 0.0000e+00
      16099    285.500     3.4055     3.4014   3.190553   3.190249     1.9396     2.3378      8.006     0.7299     3.2273 1.0715e-01    -0.1004   102.5416     6.4703     6.7498    34.7015    34.7022    27.6085    27.6095    7.38587 0.0000e+00
      16102    285.375     3.4057     3.4014   3.190530   3.190232     1.9392     2.3378      8.006     0.7299     0.5032 1.0715e-01    -0.1000   102.5326     6.4652     6.7480    34.7011    34.7020    27.6082    27.6093    7.38586 0.0000e+00
      16105    285.252     3.4058     3.4014   3.190530   3.190264     1.9400     2.3382      8.004     0.7299    -1.3918 1.0715e-01    -0.1004   102.5416     6.4664     6.7484    34.7010    34.7025    27.6081    27.6097    7.38584 0.0000e+00
      16108    285.134     3.4060     3.4013   3.190532   3.190217     1.9396     2.3378      8.004     0.7299    -1.3128 1.0715e-01    -0.1004   102.5416     6.4644     6.7465    34.7009    34.7021    27.6080    27.6094    7.38581 0.0000e+00
      16111    285.023     3.4059     3.4015   3.190528   3.190234     1.9400     2.3378      8.004     0.7299    -1.3128 1.0715e-01    -0.1004   102.5416     6.4679     6.7452    34.7010    34.7021    27.6081    27.6094    7.38582 0.0000e+00
      16114    284.914     3.4059     3.4015   3.190524   3.190234     1.9396     2.3387      8.004     0.7299    -1.3523 1.0715e-01    -0.1004   102.5416     6.4660     6.7480    34.7010    34.7022    27.6081    27.6095    7.38582 0.0000e+00
      16117    284.806     3.4059     3.4015   3.190487   3.190213     1.9400     2.3378      8.006     0.7193    -1.3523 1.0715e-01    -0.1004   102.5416     6.4643     6.7447    34.7007    34.7020    27.6078    27.6093    7.38584 0.0000e+00
      16120    284.705     3.4060     3.4017   3.190493   3.190226     1.9396     2.3378      8.004     0.6770    -1.3128 1.0715e-01    -0.1004   102.5416     6.4615     6.7425    34.7007    34.7021    27.6078    27.6094    7.38583 0.0000e+00
      16123    284.610     3.4058     3.4017   3.190484   3.190198     1.9388     2.3374      8.004     0.6981    -1.3523 1.0715e-01    -0.1004   102.5416     6.4595     6.7398    34.7009    34.7018    27.6080    27.6091    7.38585 0.0000e+00
      16126    284.518     3.4059     3.4014   3.190479   3.190191     1.9388     2.3382      8.004     0.6875    -1.3523 1.0715e-01    -0.1008   102.5506     6.4617     6.7439    34.7007    34.7021    27.6078    27.6094    7.38583 0.0000e+00
      16129    284.429     3.4060     3.4015   3.190477   3.190202     1.9384     2.3374      8.004     0.7193    -1.3918 1.0715e-01    -0.1008   102.5506     6.4617     6.7397    34.7006    34.7021    27.6078    27.6094    7.38582 0.0000e+00
      16132    284.344     3.4060     3.4015   3.190484   3.190164     1.9388     2.3378      8.004     0.6875    -1.3523 1.0715e-01    -0.1004   102.5416     6.4651     6.7404    34.7008    34.7017    27.6079    27.6091    7.38582 0.0000e+00
      16135    284.262     3.4057     3.4014   3.190452   3.190176     1.9396     2.3382      8.004     0.7193    -1.3523 1.0715e-01    -0.1004   102.5416     6.4683     6.7415    34.7007    34.7021    27.6079    27.6093    7.38587 0.0000e+00
      16138    284.187     3.4057     3.4013   3.190470   3.190127     1.9388     2.3382      8.006     0.6770    -1.3523 1.0715e-01    -0.1004   102.5416     6.4683     6.7414    34.7010    34.7015    27.6082    27.6089    7.38587 0.0000e+00
      16141    284.112     3.4057     3.4013   3.190448   3.190142     1.9388     2.3382      8.004     0.6770    -1.3918 1.0715e-01    -0.1004   102.5416     6.4711     6.7419    34.7008    34.7018    27.6080    27.6091    7.38588 0.0000e+00
      16144    284.041     3.4056     3.4009   3.190450   3.190174     1.9392     2.3374      8.004     0.6981    -1.3918 1.0715e-01    -0.1015   102.5687     6.4743     6.7388    34.7010    34.7026    27.6081    27.6099    7.38589 0.0000e+00
      16147    283.979     3.4056     3.4010   3.190446   3.190120     1.9400     2.3378      8.004     0.7616    -1.2733 1.0715e-01    -0.1015   102.5687     6.4775     6.7395    34.7009    34.7019    27.6080    27.6093    7.38588 0.0000e+00
      16150    283.917     3.4054     3.4010   3.190455   3.190178     1.9396     2.3387      8.004     0.7616    -1.3523 1.0715e-01    -0.1011   102.5597     6.4740     6.7421    34.7013    34.7027    27.6083    27.6099    7.38590 0.0000e+00
      16153    283.858     3.4055     3.4009   3.190445   3.190147     1.9400     2.3370      8.004     0.7510    -1.1154 1.0715e-01    -0.1015   102.5687     6.4747     6.7372    34.7011    34.7024    27.6082    27.6097    7.38589 0.0000e+00
      16156    283.799     3.4058     3.4010   3.190452   3.190113     1.9392     2.3378      8.004     0.7616    -0.2469 1.0715e-01    -0.1015   102.5687     6.4662     6.7406    34.7009    34.7019    27.6079    27.6093    7.38584 0.0000e+00
      16159    283.742     3.4057     3.4012   3.190445   3.190139     1.9392     2.3378      8.004     0.7616    -0.2074 1.0715e-01    -0.1015   102.5687     6.4643     6.7386    34.7010    34.7020    27.6081    27.6093    7.38587 0.0000e+00
      16162    283.689     3.4059     3.4010   3.190432   3.190105     1.9400     2.3374      8.004     0.7616    -0.2074 1.0715e-01    -0.1001   102.5326     6.4691     6.7391    34.7006    34.7018    27.6077    27.6092    7.38584 0.0000e+00
      16165    283.635     3.4055     3.4013   3.190431   3.190160     1.9396     2.3378      8.004     0.7510    -0.2074 1.0715e-01    -0.0944   102.3879     6.4650     6.7418    34.7011    34.7023    27.6082    27.6096    7.38590 0.0000e+00
      16168    283.584     3.4057     3.4012   3.190435   3.190153     1.9392     2.3378      8.004     0.7510    -0.2074 1.0715e-01    -0.0944   102.3879     6.4590     6.7424    34.7009    34.7023    27.6081    27.6096    7.38587 0.0000e+00
      16171    283.536     3.4058     3.4012   3.190434   3.190111     1.9388     2.3378      8.004     0.7405    -0.2469 1.0715e-01    -0.0947   102.3969     6.4580     6.7407    34.7008    34.7018    27.6079    27.6091    7.38584 0.0000e+00
      16174    283.491     3.4058     3.4014   3.190430   3.190153     1.9396     2.3378      8.004     0.7299    -0.2469 1.0715e-01    -0.0944   102.3879     6.4625     6.7416    34.7008    34.7022    27.6079    27.6094    7.38586 0.0000e+00
      16177    283.447     3.4056     3.4015   3.190420   3.190132     1.9392     2.3382      8.004     0.7299    -0.2074 1.0715e-01    -0.0947   102.3969     6.4603     6.7417    34.7008    34.7018    27.6080    27.6091    7.38588 0.0000e+00
      16180    283.402     3.4057     3.4014   3.190416   3.190132     1.9384     2.3382      8.004     0.7299    -0.6811 1.0715e-01    -0.0944   102.3879     6.4575     6.7395    34.7008    34.7020    27.6079    27.6093    7.38587 0.0000e+00
      16183    283.358     3.4058     3.4014   3.190432   3.190132     1.9392     2.3370      8.004     0.7299    -1.2338 1.0715e-01    -0.0976   102.4692     6.4613     6.7341    34.7008    34.7019    27.6080    27.6093    7.38584 0.0000e+00
