Datasets/AZMP/TEL210/tel210_2020_138.cnv
* Sea-Bird SBE 9 Data File:
* FileName = C:\CTDDATA\tel210_2020_138.hex
* Software Version Seasave V 7.26.7.110
* Temperature SN = 1697
* Conductivity SN = 4216
* Number of Bytes Per Scan = 30
* Number of Voltage Words = 4
* Number of Scans Averaged by the Deck Unit = 1
* NMEA baud rate = 4800
** VESSEL/TRIP/SEQ STN:  tel210_2020_138
** LATITUDE XX XX.XX: 47 34.80 N
** LONGITUDE XX XX.XX: 052 21.00 W
** SOUNDING DEPTH (M): 0167
** PROBE TYPE: S1146
** CTD NUMBER: 079
** COMMENTS (14 CHAR): S27-02
** BOTTLES:  0
** LEVELS:
** STICKERS:
** VNET: N
** DO2: N
# nquan = 22
# nvalues = 3534                        
# units = specified
# name 0 = scan: Scan Count
# name 1 = prDM: Pressure, Digiquartz [db]
# name 2 = t090C: Temperature [ITS-90, deg C]
# name 3 = t190C: Temperature, 2 [ITS-90, deg C]
# name 4 = c0S/m: Conductivity [S/m]
# name 5 = c1S/m: Conductivity, 2 [S/m]
# name 6 = sbeox0V: Oxygen raw, SBE 43 [V]
# name 7 = sbeox1V: Oxygen raw, SBE 43, 2 [V]
# name 8 = ph: pH
# name 9 = flECO-AFL: Fluorescence, WET Labs ECO-AFL/FL [mg/m^3]
# name 10 = wetCDOM: Fluorescence, WET Labs CDOM [mg/m^3]
# name 11 = par/sat/log: PAR/Logarithmic, Satlantic [umol photons/m^2/sec]
# name 12 = CStarAt0: Beam Attenuation, WET Labs C-Star [1/m]
# name 13 = CStarTr0: Beam Transmission, WET Labs C-Star [%]
# name 14 = sbeox0ML/L: Oxygen, SBE 43 [ml/l], WS = 2
# name 15 = sbeox1ML/L: Oxygen, SBE 43, 2 [ml/l], WS = 2
# name 16 = sal00: Salinity, Practical [PSU]
# name 17 = sal11: Salinity, Practical, 2 [PSU]
# name 18 = sigma-t00: Density [sigma-t, kg/m^3 ]
# name 19 = sigma-t11: Density, 2 [sigma-t, kg/m^3 ]
# name 20 = oxsatML/L: Oxygen Saturation, Weiss [ml/l]
# name 21 = flag: flag
# span 0 =         28,      11531       
# span 1 =      0.505,    164.837       
# span 2 =    -1.6429,    13.3761       
# span 3 =    -1.6486,    13.3733       
# span 4 =   2.600803,   3.752453       
# span 5 =   2.600331,   3.751948       
# span 6 =     1.7714,     2.4650       
# span 7 =     2.1112,     2.9840       
# span 8 =      7.776,      8.192       
# span 9 =     0.6664,     4.0844       
# span 10 =    -2.8130,   482.1870      
# span 11 = 1.0715e-01, 6.6135e+02      
# span 12 =    -0.1477,     0.3403      
# span 13 =    91.8436,   103.7624      
# span 14 =     6.1916,     8.7721      
# span 15 =     6.0576,     9.2166      
# span 16 =    31.3071,    33.1995      
# span 17 =    31.3156,    33.2000      
# span 18 =    23.5420,    26.6769      
# span 19 =    23.5422,    26.6777      
# span 20 =    6.01106,    8.54548      
# span 21 = 0.0000e+00, 0.0000e+00      
# interval = scans: 3                   
# start_time = Jul 30 2020 18:04:12 [System UTC, header]
# bad_flag = -9.990e-29
*END*
[from data line 1120]
       3428    107.740    -1.6196    -1.6254   2.604619   2.604180     2.0231     2.4371      7.920     0.7405    -1.1549 1.0715e-01    -0.1443   103.6720     7.8696     8.1475    32.6999    32.7002    26.3068    26.3072    8.53887 0.0000e+00
       3431    107.819    -1.6195    -1.6256   2.604651   2.604171     2.0227     2.4367      7.918     0.7510    -0.9180 1.0715e-01    -0.1436   103.6539     7.8675     8.1468    32.7002    32.7003    26.3070    26.3072    8.53883 0.0000e+00
       3434    107.896    -1.6198    -1.6255   2.604656   2.604178     2.0235     2.4367      7.918     0.7510     0.0295 1.0715e-01    -0.1436   103.6539     7.8736     8.1464    32.7005    32.7002    26.3073    26.3071    8.53888 0.0000e+00
       3437    107.975    -1.6201    -1.6258   2.604644   2.604184     2.0231     2.4362      7.920     0.7510     0.0295 1.0715e-01    -0.1436   103.6539     7.8747     8.1442    32.7006    32.7005    26.3073    26.3074    8.53894 0.0000e+00
       3440    108.055    -1.6208    -1.6262   2.604621   2.604160     2.0231     2.4371      7.920     0.7405     0.0295 1.0715e-01    -0.1436   103.6539     7.8769     8.1460    32.7011    32.7006    26.3077    26.3075    8.53909 0.0000e+00
       3443    108.135    -1.6212    -1.6268   2.604568   2.604119     2.0231     2.4358      7.920     0.7510     0.0295 1.0715e-01    -0.1436   103.6539     7.8754     8.1419    32.7007    32.7007    26.3075    26.3076    8.53920 0.0000e+00
       3446    108.216    -1.6216    -1.6274   2.604568   2.604096     2.0231     2.4362      7.918     0.7405     0.0295 1.0715e-01    -0.1436   103.6539     7.8782     8.1435    32.7011    32.7009    26.3078    26.3078    8.53927 0.0000e+00
       3449    108.297    -1.6218    -1.6276   2.604577   2.604098     2.0235     2.4362      7.920     0.7405     0.0295 1.0715e-01    -0.1436   103.6539     7.8797     8.1444    32.7014    32.7012    26.3081    26.3080    8.53930 0.0000e+00
       3452    108.381    -1.6220    -1.6276   2.604630   2.604135     2.0231     2.4358      7.920     0.7510     0.0295 1.0715e-01    -0.1436   103.6539     7.8785     8.1444    32.7023    32.7016    26.3087    26.3084    8.53929 0.0000e+00
       3455    108.467    -1.6211    -1.6274   2.604689   2.604192     2.0231     2.4358      7.920     0.7405     0.0295 1.0715e-01    -0.1436   103.6539     7.8772     8.1467    32.7021    32.7021    26.3086    26.3087    8.53910 0.0000e+00
       3458    108.553    -1.6206    -1.6267   2.604784   2.604282     2.0227     2.4358      7.920     0.7405    -0.6022 1.0715e-01    -0.1436   103.6539     7.8749     8.1456    32.7028    32.7025    26.3092    26.3091    8.53894 0.0000e+00
       3461    108.643    -1.6195    -1.6257   2.604894   2.604396     2.0231     2.4358      7.920     0.7405    -1.2338 1.0715e-01    -0.1436   103.6539     7.8787     8.1439    32.7030    32.7030    26.3093    26.3095    8.53867 0.0000e+00
       3464    108.732    -1.6185    -1.6246   2.604968   2.604507     2.0223     2.4358      7.918     0.7405    -1.1549 1.0715e-01    -0.1436   103.6539     7.8713     8.1428    32.7029    32.7032    26.3091    26.3096    8.53843 0.0000e+00
       3467    108.827    -1.6179    -1.6238   2.605064   2.604575     2.0227     2.4362      7.920     0.7405    -1.1549 1.0715e-01    -0.1436   103.6539     7.8696     8.1468    32.7035    32.7033    26.3096    26.3096    8.53825 0.0000e+00
       3470    108.922    -1.6168    -1.6232   2.605134   2.604651     2.0227     2.4358      7.920     0.7405    -1.1549 1.0715e-01    -0.1436   103.6539     7.8671     8.1438    32.7032    32.7036    26.3094    26.3098    8.53803 0.0000e+00
       3473    109.018    -1.6166    -1.6225   2.605212   2.604727     2.0227     2.4358      7.918     0.7510    -1.1549 1.0715e-01    -0.1436   103.6539     7.8679     8.1433    32.7040    32.7038    26.3100    26.3100    8.53792 0.0000e+00
       3476    109.117    -1.6162    -1.6222   2.605218   2.604765     2.0231     2.4358      7.920     0.7299    -1.1549 1.0715e-01    -0.1436   103.6539     7.8715     8.1429    32.7036    32.7040    26.3097    26.3101    8.53786 0.0000e+00
       3479    109.220    -1.6163    -1.6220   2.605228   2.604776     2.0227     2.4358      7.920     0.7616    -1.1944 1.0715e-01    -0.1439   103.6630     7.8683     8.1412    32.7038    32.7038    26.3098    26.3100    8.53787 0.0000e+00
       3482    109.322    -1.6161    -1.6220   2.605293   2.604796     2.0231     2.4350      7.920     0.7616    -1.1549 1.0715e-01    -0.1443   103.6720     7.8729     8.1366    32.7044    32.7040    26.3104    26.3102    8.53779 0.0000e+00
       3485    109.426    -1.6158    -1.6217   2.605350   2.604869     2.0223     2.4346      7.920     0.7828     0.2664 1.0715e-01    -0.1439   103.6630     7.8740     8.1341    32.7047    32.7046    26.3106    26.3106    8.53769 0.0000e+00
       3488    109.532    -1.6152    -1.6211   2.605429   2.604937     2.0219     2.4354      7.918     0.7722     0.6217 1.0715e-01    -0.1443   103.6720     7.8748     8.1371    32.7051    32.7048    26.3109    26.3108    8.53752 0.0000e+00
       3491    109.639    -1.6147    -1.6208   2.605468   2.605020     2.0215     2.4354      7.918     0.7722     0.5822 1.0715e-01    -0.1439   103.6630     7.8698     8.1368    32.7051    32.7056    26.3109    26.3114    8.53742 0.0000e+00
       3494    109.747    -1.6145    -1.6204   2.605506   2.605052     2.0223     2.4350      7.920     0.7828     0.6217 1.0715e-01    -0.1439   103.6630     7.8755     8.1340    32.7052    32.7055    26.3110    26.3114    8.53735 0.0000e+00
       3497    109.857    -1.6143    -1.6201   2.605560   2.605072     2.0223     2.4346      7.920     0.7828     0.6217 1.0715e-01    -0.1436   103.6539     7.8757     8.1338    32.7058    32.7054    26.3114    26.3113    8.53728 0.0000e+00
       3500    109.966    -1.6140    -1.6200   2.605562   2.605098     2.0219     2.4350      7.920     0.7616     0.6217 1.0715e-01    -0.1436   103.6539     7.8751     8.1374    32.7054    32.7055    26.3111    26.3114    8.53723 0.0000e+00
       3503    110.075    -1.6141    -1.6199   2.605576   2.605123     2.0215     2.4346      7.920     0.7828     0.6217 1.0715e-01    -0.1436   103.6539     7.8740     8.1370    32.7057    32.7058    26.3113    26.3116    8.53725 0.0000e+00
       3506    110.182    -1.6142    -1.6198   2.605616   2.605158     2.0231     2.4346      7.918     0.7087     0.6217 1.0715e-01    -0.1436   103.6539     7.8830     8.1385    32.7062    32.7060    26.3117    26.3117    8.53723 0.0000e+00
       3509    110.286    -1.6137    -1.6199   2.605636   2.605183     2.0235     2.4346      7.920     0.6981     0.8586 1.0715e-01    -0.1436   103.6539     7.8870     8.1363    32.7059    32.7064    26.3115    26.3121    8.53714 0.0000e+00
       3512    110.392    -1.6140    -1.6197   2.605652   2.605201     2.0223     2.4346      7.920     0.7087     2.7536 1.0715e-01    -0.1436   103.6539     7.8798     8.1368    32.7064    32.7065    26.3119    26.3121    8.53718 0.0000e+00
       3515    110.496    -1.6138    -1.6196   2.605679   2.605226     2.0219     2.4342      7.920     0.7087     2.7535 1.0715e-01    -0.1436   103.6539     7.8777     8.1357    32.7065    32.7066    26.3120    26.3122    8.53713 0.0000e+00
       3518    110.596    -1.6139    -1.6197   2.605680   2.605220     2.0227     2.4334      7.920     0.7087     2.7535 1.0715e-01    -0.1436   103.6539     7.8782     8.1338    32.7066    32.7066    26.3120    26.3122    8.53715 0.0000e+00
       3521    110.688    -1.6141    -1.6199   2.605691   2.605218     2.0223     2.4350      7.920     0.7193     2.7535 1.0715e-01    -0.1446   103.6811     7.8727     8.1431    32.7068    32.7066    26.3122    26.3122    8.53716 0.0000e+00
       3524    110.779    -1.6141    -1.6199   2.605688   2.605229     2.0219     2.4342      7.920     0.7299     2.7535 1.0715e-01    -0.1443   103.6720     7.8681     8.1404    32.7068    32.7068    26.3122    26.3124    8.53718 0.0000e+00
       3527    110.865    -1.6141    -1.6199   2.605677   2.605238     2.0219     2.4338      7.920     0.7193     2.7535 1.0715e-01    -0.1443   103.6720     7.8645     8.1381    32.7065    32.7069    26.3120    26.3125    8.53719 0.0000e+00
       3530    110.949    -1.6142    -1.6201   2.605696   2.605220     2.0219     2.4342      7.920     0.7193     2.7535 1.0715e-01    -0.1443   103.6720     7.8634     8.1418    32.7069    32.7068    26.3123    26.3123    8.53720 0.0000e+00
       3533    111.029    -1.6148    -1.6203   2.605669   2.605212     2.0219     2.4338      7.920     0.7828     2.7535 1.0715e-01    -0.1443   103.6720     7.8677     8.1418    32.7070    32.7069    26.3125    26.3125    8.53731 0.0000e+00
       3536    111.107    -1.6150    -1.6208   2.605620   2.605179     2.0219     2.4346      7.920     0.7828     3.3457 1.0715e-01    -0.1443   103.6720     7.8722     8.1480    32.7066    32.7069    26.3121    26.3125    8.53740 0.0000e+00
       3539    111.181    -1.6157    -1.6216   2.605591   2.605151     2.0227     2.4330      7.920     0.7616     4.6485 1.0715e-01    -0.1439   103.6630     7.8743     8.1451    32.7069    32.7074    26.3123    26.3129    8.53753 0.0000e+00
       3542    111.247    -1.6163    -1.6218   2.605582   2.605135     2.0219     2.4342      7.920     0.7722     4.5301 1.0715e-01    -0.1446   103.6811     7.8697     8.1485    32.7074    32.7073    26.3128    26.3129    8.53765 0.0000e+00
       3545    111.311    -1.6167    -1.6224   2.605539   2.605111     2.0211     2.4346      7.918     0.7722     4.5301 1.0715e-01    -0.1446   103.6811     7.8706     8.1491    32.7073    32.7076    26.3127    26.3131    8.53776 0.0000e+00
       3548    111.372    -1.6168    -1.6229   2.605526   2.605075     2.0211     2.4334      7.920     0.7722     4.5301 1.0715e-01    -0.1446   103.6811     7.8735     8.1446    32.7071    32.7076    26.3126    26.3131    8.53779 0.0000e+00
       3551    111.432    -1.6171    -1.6231   2.605529   2.605070     2.0219     2.4334      7.918     0.7828     4.5301 1.0715e-01    -0.1446   103.6811     7.8794     8.1438    32.7075    32.7077    26.3129    26.3132    8.53785 0.0000e+00
       3554    111.490    -1.6173    -1.6235   2.605523   2.605069     2.0219     2.4346      7.920     0.7722     4.5301 1.0715e-01    -0.1446   103.6811     7.8801     8.1486    32.7076    32.7081    26.3129    26.3135    8.53789 0.0000e+00
       3557    111.548    -1.6177    -1.6238   2.605524   2.605047     2.0219     2.4338      7.920     0.7722     4.5301 1.0715e-01    -0.1446   103.6811     7.8808     8.1459    32.7080    32.7081    26.3133    26.3135    8.53795 0.0000e+00
       3560    111.604    -1.6178    -1.6238   2.605509   2.605054     2.0219     2.4346      7.917     0.7616     4.5301 1.0715e-01    -0.1446   103.6811     7.8800     8.1510    32.7079    32.7082    26.3131    26.3136    8.53798 0.0000e+00
       3563    111.658    -1.6179    -1.6239   2.605531   2.605074     2.0207     2.4346      7.918     0.7722     4.9249 1.0715e-01    -0.1446   103.6811     7.8748     8.1478    32.7082    32.7085    26.3134    26.3138    8.53798 0.0000e+00
       3566    111.712    -1.6177    -1.6239   2.605562   2.605086     2.0219     2.4334      7.918     0.7616     5.1618 1.0715e-01    -0.1446   103.6811     7.8799     8.1402    32.7084    32.7086    26.3136    26.3139    8.53792 0.0000e+00
       3569    111.770    -1.6177    -1.6237   2.605578   2.605094     2.0223     2.4338      7.918     0.7722     5.1618 1.0715e-01    -0.1446   103.6811     7.8818     8.1461    32.7086    32.7085    26.3138    26.3139    8.53792 0.0000e+00
       3572    111.830    -1.6176    -1.6237   2.605582   2.605110     2.0223     2.4334      7.917     0.7722     5.1223 1.0715e-01    -0.1446   103.6811     7.8813     8.1449    32.7085    32.7087    26.3137    26.3140    8.53790 0.0000e+00
       3575    111.890    -1.6176    -1.6237   2.605607   2.605143     2.0219     2.4334      7.920     0.7828     5.1223 1.0727e-01    -0.1446   103.6811     7.8789     8.1411    32.7087    32.7091    26.3139    26.3143    8.53787 0.0000e+00
       3578    111.952    -1.6176    -1.6235   2.605600   2.605153     2.0219     2.4342      7.917     0.7828     5.1223 1.0715e-01    -0.1446   103.6811     7.8769     8.1429    32.7087    32.7090    26.3139    26.3142    8.53789 0.0000e+00
       3581    112.021    -1.6173    -1.6232   2.605640   2.605179     2.0219     2.4342      7.917     0.7828     5.1223 1.0715e-01    -0.1446   103.6811     7.8734     8.1460    32.7088    32.7090    26.3140    26.3142    8.53781 0.0000e+00
       3584    112.095    -1.6172    -1.6231   2.605680   2.605213     2.0215     2.4338      7.918     0.7616     5.1223 1.0715e-01    -0.1446   103.6811     7.8705     8.1472    32.7093    32.7093    26.3143    26.3145    8.53776 0.0000e+00
       3587    112.174    -1.6168    -1.6230   2.605742   2.605272     2.0211     2.4326      7.918     0.7616     5.1223 1.0727e-01    -0.1446   103.6811     7.8657     8.1440    32.7097    32.7099    26.3146    26.3150    8.53765 0.0000e+00
       3590    112.257    -1.6161    -1.6223   2.605843   2.605352     2.0211     2.4342      7.917     0.7828     5.4381 1.0715e-01    -0.1446   103.6811     7.8594     8.1509    32.7102    32.7102    26.3150    26.3152    8.53744 0.0000e+00
       3593    112.344    -1.6154    -1.6216   2.605935   2.605434     2.0219     2.4346      7.915     0.7828     5.4776 1.0727e-01    -0.1446   103.6811     7.8615     8.1514    32.7106    32.7106    26.3153    26.3155    8.53725 0.0000e+00
       3596    112.437    -1.6148    -1.6209   2.606029   2.605555     2.0219     2.4330      7.918     0.7722     5.4776 1.0715e-01    -0.1446   103.6811     7.8635     8.1443    32.7112    32.7114    26.3158    26.3161    8.53707 0.0000e+00
       3599    112.535    -1.6137    -1.6200   2.606139   2.605669     2.0223     2.4334      7.917     0.7722     5.4776 1.0715e-01    -0.1443   103.6720     7.8684     8.1461    32.7114    32.7119    26.3160    26.3165    8.53680 0.0000e+00
       3602    112.641    -1.6132    -1.6191   2.606207   2.605749     2.0203     2.4334      7.918     0.7934     5.4776 1.0715e-01    -0.1436   103.6539     7.8591     8.1453    32.7118    32.7120    26.3163    26.3165    8.53667 0.0000e+00
       3605    112.750    -1.6125    -1.6186   2.606252   2.605809     2.0211     2.4346      7.918     0.7828     5.4776 1.0715e-01    -0.1436   103.6539     7.8647     8.1506    32.7116    32.7122    26.3161    26.3167    8.53652 0.0000e+00
       3608    112.867    -1.6119    -1.6181   2.606327   2.605877     2.0211     2.4342      7.918     0.7616     5.4776 1.0727e-01    -0.1436   103.6539     7.8660     8.1499    32.7119    32.7125    26.3163    26.3170    8.53636 0.0000e+00
       3611    112.990    -1.6119    -1.6176   2.606360   2.605923     2.0207     2.4334      7.917     0.7616     5.4776 1.0727e-01    -0.1436   103.6539     7.8637     8.1426    32.7122    32.7125    26.3166    26.3169    8.53633 0.0000e+00
       3614    113.119    -1.6113    -1.6174   2.606411   2.605956     2.0203     2.4334      7.918     0.7616     5.3197 1.0727e-01    -0.1436   103.6539     7.8591     8.1388    32.7123    32.7126    26.3166    26.3170    8.53620 0.0000e+00
       3617    113.255    -1.6113    -1.6170   2.606461   2.606004     2.0203     2.4334      7.917     0.7722     4.6880 1.0715e-01    -0.1432   103.6449     7.8605     8.1408    32.7128    32.7128    26.3171    26.3172    8.53616 0.0000e+00
       3620    113.394    -1.6107    -1.6167   2.606521   2.606063     2.0215     2.4342      7.917     0.7722     4.6485 1.0715e-01    -0.1439   103.6630     7.8730     8.1445    32.7129    32.7132    26.3171    26.3175    8.53602 0.0000e+00
