Datasets/AZMP/TEL210/tel210_2020_051.cnv
* Sea-Bird SBE 9 Data File:
* FileName = C:\CTDDATA\tel210_2020_051.hex
* Software Version Seasave V 7.26.7.110
* Temperature SN = 1697
* Conductivity SN = 4216
* Number of Bytes Per Scan = 30
* Number of Voltage Words = 4
* Number of Scans Averaged by the Deck Unit = 1
* NMEA baud rate = 4800
** VESSEL/TRIP/SEQ STN:  tel210_2020_051
** LATITUDE XX XX.XX: 49 16.80 N
** LONGITUDE XX XX.XX: 051 16.80 W
** SOUNDING DEPTH (M): 0320
** PROBE TYPE: S1146
** CTD NUMBER: 041
** COMMENTS (14 CHAR): BB-08
** BOTTLES:  10
** LEVELS: 5,10,20,30,40,50,75,100,150,BTM
** STICKERS: 436044 - 436053
** VNET: Y
** DO2: N
# nquan = 22
# nvalues = 7137                        
# units = specified
# name 0 = scan: Scan Count
# name 1 = prDM: Pressure, Digiquartz [db]
# name 2 = t090C: Temperature [ITS-90, deg C]
# name 3 = t190C: Temperature, 2 [ITS-90, deg C]
# name 4 = c0S/m: Conductivity [S/m]
# name 5 = c1S/m: Conductivity, 2 [S/m]
# name 6 = sbeox0V: Oxygen raw, SBE 43 [V]
# name 7 = sbeox1V: Oxygen raw, SBE 43, 2 [V]
# name 8 = ph: pH
# name 9 = flECO-AFL: Fluorescence, WET Labs ECO-AFL/FL [mg/m^3]
# name 10 = wetCDOM: Fluorescence, WET Labs CDOM [mg/m^3]
# name 11 = par/sat/log: PAR/Logarithmic, Satlantic [umol photons/m^2/sec]
# name 12 = CStarAt0: Beam Attenuation, WET Labs C-Star [1/m]
# name 13 = CStarTr0: Beam Transmission, WET Labs C-Star [%]
# name 14 = sbeox0ML/L: Oxygen, SBE 43 [ml/l], WS = 2
# name 15 = sbeox1ML/L: Oxygen, SBE 43, 2 [ml/l], WS = 2
# name 16 = sal00: Salinity, Practical [PSU]
# name 17 = sal11: Salinity, Practical, 2 [PSU]
# name 18 = sigma-t00: Density [sigma-t, kg/m^3 ]
# name 19 = sigma-t11: Density, 2 [sigma-t, kg/m^3 ]
# name 20 = oxsatML/L: Oxygen Saturation, Weiss [ml/l]
# name 21 = flag: flag
# span 0 =         69,      45795       
# span 1 =      1.587,    320.555       
# span 2 =    -0.8317,    10.6843       
# span 3 =    -0.8536,    10.6792       
# span 4 =   2.700272,   3.599132       
# span 5 =   2.698825,   3.598416       
# span 6 =     1.8672,     2.6273       
# span 7 =     2.2428,     3.2556       
# span 8 =      7.948,      8.348       
# span 9 =     0.6452,     1.4600       
# span 10 =    -2.8130,   482.1870      
# span 11 = 1.0580e-01, 5.4398e-01      
# span 12 =    -0.1443,     0.1085      
# span 13 =    97.3237,   103.6720      
# span 14 =     6.1073,     9.7987      
# span 15 =     6.3474,    10.7466      
# span 16 =    31.3817,    34.7283      
# span 17 =    32.2224,    34.7309      
# span 18 =    24.5504,    27.6371      
# span 19 =    24.6824,    27.6394      
# span 20 =    6.33391,    8.32911      
# span 21 = 0.0000e+00, 0.0000e+00      
# interval = scans: 3                   
# start_time = Jul 21 2020 02:41:00 [System UTC, header]
# bad_flag = -9.990e-29
*END*
[from data line 988]
       3508     97.778     0.8506     0.8519   2.897017   2.896818     1.9849     2.3971      8.016     0.7405     3.3062 1.0715e-01    -0.1411   103.5906     7.0295     7.3336    33.9028    33.8988    27.1726    27.1693    7.92571 0.0000e+00
       3511     97.894     0.8537     0.8539   2.897249   2.896995     1.9844     2.3967      8.015     0.7405     3.3457 1.0715e-01    -0.1418   103.6087     7.0293     7.3327    33.9024    33.8989    27.1721    27.1693    7.92510 0.0000e+00
       3514     98.014     0.8568     0.8569   2.897708   2.897436     1.9844     2.3971      8.015     0.7405     3.3457 1.0715e-01    -0.1415   103.5997     7.0289     7.3336    33.9049    33.9013    27.1738    27.1710    7.92432 0.0000e+00
       3517     98.133     0.8610     0.8615   2.898287   2.897902     1.9849     2.3971      8.013     0.7405     3.3457 1.0715e-01    -0.1415   103.5997     7.0319     7.3334    33.9078    33.9022    27.1759    27.1715    7.92330 0.0000e+00
       3520     98.252     0.8660     0.8645   2.898841   2.898221     1.9849     2.3955      8.013     0.7405     3.3457 1.0727e-01    -0.1415   103.5997     7.0358     7.3269    33.9094    33.9030    27.1769    27.1719    7.92218 0.0000e+00
       3523     98.369     0.8702     0.8694   2.899154   2.898750     1.9840     2.3959      8.013     0.7510     3.3457 1.0715e-01    -0.1415   103.5997     7.0325     7.3255    33.9087    33.9044    27.1761    27.1727    7.92133 0.0000e+00
       3526     98.486     0.8733     0.8727   2.899353   2.899069     1.9844     2.3967      8.013     0.7405     3.3457 1.0715e-01    -0.1415   103.5997     7.0340     7.3263    33.9079    33.9049    27.1753    27.1729    7.92075 0.0000e+00
       3529     98.597     0.8757     0.8739   2.899417   2.899130     1.9844     2.3959      8.013     0.7299     3.3457 1.0715e-01    -0.1415   103.5997     7.0310     7.3221    33.9060    33.9042    27.1736    27.1723    7.92035 0.0000e+00
       3532     98.705     0.8772     0.8742   2.899439   2.899146     1.9836     2.3963      8.013     0.7299     3.3852 1.0727e-01    -0.1415   103.5997     7.0229     7.3231    33.9045    33.9041    27.1723    27.1722    7.92010 0.0000e+00
       3535     98.815     0.8784     0.8742   2.899477   2.899188     1.9840     2.3971      8.013     0.7405     3.5826 1.0727e-01    -0.1415   103.5997     7.0248     7.3267    33.9037    33.9045    27.1716    27.1725    7.91991 0.0000e+00
       3538     98.923     0.8788     0.8746   2.899545   2.899245     1.9836     2.3963      8.015     0.7299     3.5826 1.0727e-01    -0.1418   103.6087     7.0228     7.3231    33.9041    33.9048    27.1719    27.1727    7.91981 0.0000e+00
       3541     99.030     0.8794     0.8748   2.899591   2.899251     1.9849     2.3967      8.013     0.7405     3.5826 1.0740e-01    -0.1415   103.5997     7.0299     7.3248    33.9040    33.9046    27.1717    27.1725    7.91970 0.0000e+00
       3544     99.133     0.8796     0.8751   2.899690   2.899346     1.9849     2.3963      8.013     0.7405     3.5826 1.0715e-01    -0.1418   103.6087     7.0285     7.3246    33.9049    33.9054    27.1725    27.1731    7.91959 0.0000e+00
       3547     99.231     0.8803     0.8759   2.899789   2.899461     1.9840     2.3955      8.013     0.7405     3.5826 1.0715e-01    -0.1415   103.5997     7.0258     7.3192    33.9054    33.9060    27.1729    27.1736    7.91943 0.0000e+00
       3550     99.326     0.8810     0.8772   2.899919   2.899649     1.9828     2.3959      8.013     0.7299     3.5826 1.0715e-01    -0.1415   103.5997     7.0194     7.3197    33.9062    33.9069    27.1734    27.1742    7.91923 0.0000e+00
       3553     99.421     0.8819     0.8783   2.900065   2.899777     1.9828     2.3955      8.013     0.7405     3.5826 1.0715e-01    -0.1415   103.5997     7.0219     7.3163    33.9071    33.9074    27.1741    27.1745    7.91900 0.0000e+00
       3556     99.513     0.8830     0.8792   2.900176   2.899879     1.9832     2.3959      8.013     0.7299     3.5826 1.0715e-01    -0.1411   103.5906     7.0252     7.3148    33.9072    33.9076    27.1742    27.1746    7.91876 0.0000e+00
       3559     99.606     0.8841     0.8809   2.900391   2.900086     1.9836     2.3955      8.013     0.7510     3.7800 1.0715e-01    -0.1415   103.5997     7.0243     7.3151    33.9088    33.9084    27.1754    27.1752    7.91846 0.0000e+00
       3562     99.693     0.8857     0.8832   2.900723   2.900402     1.9836     2.3955      8.013     0.7405     3.9379 1.0715e-01    -0.1415   103.5997     7.0228     7.3151    33.9113    33.9099    27.1772    27.1762    7.91799 0.0000e+00
       3565     99.778     0.8876     0.8859   2.900993   2.900746     1.9832     2.3947      8.013     0.7405     3.9379 1.0715e-01    -0.1415   103.5997     7.0199     7.3112    33.9127    33.9113    27.1782    27.1772    7.91753 0.0000e+00
       3568     99.858     0.8900     0.8885   2.901206   2.900990     1.9828     2.3963      8.013     0.7405     3.9379 1.0715e-01    -0.1411   103.5906     7.0214     7.3205    33.9128    33.9116    27.1782    27.1773    7.91703 0.0000e+00
       3571     99.937     0.8919     0.8903   2.901394   2.901133     1.9836     2.3955      8.013     0.7299     3.9379 1.0715e-01    -0.1411   103.5906     7.0276     7.3188    33.9130    33.9115    27.1782    27.1771    7.91661 0.0000e+00
       3574    100.009     0.8939     0.8924   2.901694   2.901440     1.9828     2.3951      8.013     0.7299     3.9379 1.0715e-01    -0.1415   103.5997     7.0232     7.3169    33.9147    33.9131    27.1794    27.1783    7.91611 0.0000e+00
       3577    100.082     0.8965     0.8950   2.901967   2.901728     1.9836     2.3947      8.013     0.7405     3.9379 1.0715e-01    -0.1411   103.5906     7.0215     7.3165    33.9153    33.9139    27.1797    27.1787    7.91553 0.0000e+00
       3580    100.156     0.8989     0.8973   2.902218   2.901956     1.9832     2.3947      8.013     0.7299     3.9379 1.0715e-01    -0.1415   103.5997     7.0189     7.3169    33.9159    33.9143    27.1801    27.1789    7.91502 0.0000e+00
       3583    100.230     0.9010     0.8996   2.902424   2.902170     1.9824     2.3955      8.013     0.7087     3.9379 1.0715e-01    -0.1415   103.5997     7.0151     7.3219    33.9162    33.9145    27.1803    27.1789    7.91456 0.0000e+00
       3586    100.307     0.9030     0.9014   2.902618   2.902352     1.9828     2.3943      8.013     0.7193     4.0564 1.0715e-01    -0.1411   103.5906     7.0169     7.3180    33.9166    33.9149    27.1804    27.1791    7.91414 0.0000e+00
       3589    100.381     0.9048     0.9028   2.902748   2.902475     1.9828     2.3947      8.013     0.7087     4.0564 1.0715e-01    -0.1404   103.5725     7.0172     7.3186    33.9162    33.9148    27.1800    27.1790    7.91378 0.0000e+00
       3592    100.450     0.9067     0.9044   2.902945   2.902660     1.9824     2.3955      8.013     0.7299     4.0564 1.0715e-01    -0.1404   103.5725     7.0142     7.3202    33.9166    33.9155    27.1802    27.1794    7.91336 0.0000e+00
       3595    100.521     0.9085     0.9059   2.903056   2.902810     1.9828     2.3951      8.013     0.6981     4.0564 1.0727e-01    -0.1404   103.5725     7.0160     7.3188    33.9160    33.9157    27.1796    27.1795    7.91302 0.0000e+00
       3598    100.597     0.9099     0.9073   2.903254   2.902976     1.9820     2.3951      8.013     0.7193     4.0564 1.0715e-01    -0.1404   103.5725     7.0123     7.3179    33.9170    33.9163    27.1803    27.1799    7.91267 0.0000e+00
       3601    100.671     0.9115     0.9088   2.903380   2.903128     1.9816     2.3955      8.013     0.7087     4.0564 1.0715e-01    -0.1404   103.5725     7.0102     7.3165    33.9168    33.9166    27.1801    27.1800    7.91235 0.0000e+00
       3604    100.747     0.9126     0.9104   2.903551   2.903301     1.9832     2.3951      8.013     0.6981     4.0564 1.0715e-01    -0.1408   103.5816     7.0204     7.3136    33.9178    33.9170    27.1808    27.1803    7.91207 0.0000e+00
       3607    100.825     0.9143     0.9114   2.903690   2.903434     1.9824     2.3955      8.013     0.6981     4.0564 1.0715e-01    -0.1404   103.5725     7.0195     7.3146    33.9178    33.9176    27.1806    27.1807    7.91174 0.0000e+00
       3610    100.904     0.9155     0.9124   2.903784   2.903541     1.9820     2.3951      8.013     0.7087     4.0564 1.0715e-01    -0.1415   103.5997     7.0165     7.3124    33.9176    33.9179    27.1804    27.1808    7.91149 0.0000e+00
       3613    100.984     0.9167     0.9131   2.903870   2.903573     1.9820     2.3947      8.013     0.7193     3.9379 1.0715e-01    -0.1415   103.5997     7.0173     7.3077    33.9173    33.9175    27.1802    27.1805    7.91126 0.0000e+00
       3616    101.065     0.9174     0.9136   2.903965   2.903665     1.9824     2.3943      8.013     0.7299     3.9379 1.0727e-01    -0.1415   103.5997     7.0196     7.3046    33.9177    33.9180    27.1804    27.1809    7.91108 0.0000e+00
       3619    101.151     0.9184     0.9144   2.904070   2.903787     1.9820     2.3943      8.013     0.7299     3.9379 1.0715e-01    -0.1415   103.5997     7.0170     7.3059    33.9179    33.9186    27.1805    27.1813    7.91087 0.0000e+00
       3622    101.235     0.9192     0.9156   2.904200   2.903923     1.9820     2.3939      8.013     0.6981     3.9379 1.0715e-01    -0.1415   103.5997     7.0165     7.3049    33.9187    33.9191    27.1811    27.1816    7.91067 0.0000e+00
       3625    101.320     0.9205     0.9171   2.904406   2.904108     1.9816     2.3943      8.013     0.7087     3.9379 1.0715e-01    -0.1415   103.5997     7.0132     7.3071    33.9199    33.9198    27.1819    27.1821    7.91033 0.0000e+00
       3628    101.405     0.9221     0.9195   2.904696   2.904378     1.9824     2.3947      8.013     0.7087     3.9379 1.0715e-01    -0.1411   103.5906     7.0171     7.3098    33.9218    33.9206    27.1834    27.1826    7.90990 0.0000e+00
       3631    101.495     0.9242     0.9228   2.905073   2.904800     1.9824     2.3943      8.013     0.7193     3.9379 1.0715e-01    -0.1415   103.5997     7.0205     7.3098    33.9243    33.9224    27.1853    27.1838    7.90932 0.0000e+00
       3634    101.581     0.9275     0.9279   2.905601   2.905368     1.9820     2.3943      8.013     0.7405     3.9379 1.0715e-01    -0.1415   103.5997     7.0204     7.3096    33.9275    33.9240    27.1876    27.1848    7.90847 0.0000e+00
       3637    101.670     0.9317     0.9344   2.906202   2.906070     1.9820     2.3939      8.013     0.7510     3.8984 1.0715e-01    -0.1415   103.5997     7.0195     7.3088    33.9306    33.9260    27.1899    27.1860    7.90744 0.0000e+00
       3640    101.760     0.9360     0.9386   2.906529   2.906365     1.9816     2.3939      8.013     0.7299     3.8195 1.0715e-01    -0.1415   103.5997     7.0174     7.3110    33.9301    33.9252    27.1892    27.1851    7.90658 0.0000e+00
       3643    101.851     0.9397     0.9397   2.906654   2.906430     1.9816     2.3943      8.013     0.7405     3.8195 1.0727e-01    -0.1418   103.6087     7.0153     7.3136    33.9276    33.9247    27.1870    27.1846    7.90596 0.0000e+00
       3646    101.940     0.9424     0.9404   2.906899   2.906505     1.9812     2.3943      8.013     0.7405     3.8195 1.0715e-01    -0.1418   103.6087     7.0131     7.3123    33.9278    33.9248    27.1869    27.1847    7.90538 0.0000e+00
       3649    102.030     0.9450     0.9427   2.907252   2.906839     1.9820     2.3943      8.013     0.7299     3.8195 1.0715e-01    -0.1411   103.5906     7.0176     7.3086    33.9294    33.9267    27.1881    27.1860    7.90476 0.0000e+00
       3652    102.123     0.9479     0.9455   2.907466   2.907141     1.9824     2.3943      8.013     0.7299     3.8195 1.0715e-01    -0.1411   103.5906     7.0176     7.3068    33.9290    33.9274    27.1876    27.1864    7.90419 0.0000e+00
       3655    102.217     0.9496     0.9469   2.907531   2.907265     1.9824     2.3943      8.013     0.7299     3.8195 1.0715e-01    -0.1408   103.5816     7.0196     7.3078    33.9279    33.9274    27.1865    27.1863    7.90389 0.0000e+00
       3658    102.309     0.9510     0.9475   2.907650   2.907370     1.9828     2.3935      8.013     0.7299     3.8195 1.0715e-01    -0.1411   103.5906     7.0190     7.3056    33.9279    33.9281    27.1865    27.1868    7.90361 0.0000e+00
       3661    102.398     0.9522     0.9489   2.907827   2.907575     1.9820     2.3943      8.013     0.7616     3.8195 1.0715e-01    -0.1408   103.5816     7.0176     7.3089    33.9287    33.9292    27.1871    27.1876    7.90330 0.0000e+00
       3664    102.487     0.9534     0.9509   2.908023   2.907783     1.9816     2.3955      8.013     0.7722     4.0958 1.0715e-01    -0.1408   103.5816     7.0174     7.3125    33.9299    33.9296    27.1879    27.1878    7.90299 0.0000e+00
       3667    102.575     0.9550     0.9531   2.908260   2.908055     1.9812     2.3943      8.013     0.7722     4.1748 1.0715e-01    -0.1404   103.5725     7.0142     7.3088    33.9312    33.9306    27.1889    27.1885    7.90260 0.0000e+00
       3670    102.660     0.9571     0.9560   2.908586   2.908415     1.9824     2.3935      8.013     0.7616     4.1748 1.0715e-01    -0.1422   103.6178     7.0186     7.3070    33.9331    33.9321    27.1903    27.1895    7.90207 0.0000e+00
       3673    102.746     0.9597     0.9599   2.909000   2.908803     1.9824     2.3935      8.013     0.7616     4.1748 1.0727e-01    -0.1418   103.6087     7.0172     7.3082    33.9356    33.9328    27.1921    27.1898    7.90141 0.0000e+00
       3676    102.832     0.9626     0.9622   2.909198   2.908986     1.9820     2.3935      8.013     0.7722     4.1748 1.0740e-01    -0.1418   103.6087     7.0149     7.3089    33.9349    33.9325    27.1914    27.1895    7.90084 0.0000e+00
       3679    102.918     0.9647     0.9641   2.909424   2.909235     1.9820     2.3943      8.013     0.7722     4.1748 1.0727e-01    -0.1418   103.6087     7.0140     7.3126    33.9355    33.9336    27.1917    27.1903    7.90038 0.0000e+00
       3682    103.000     0.9675     0.9677   2.909794   2.909609     1.9808     2.3943      8.013     0.7616     4.1748 1.0715e-01    -0.1418   103.6087     7.0093     7.3110    33.9371    33.9345    27.1929    27.1907    7.89971 0.0000e+00
       3685    103.082     0.9703     0.9720   2.910212   2.910101     1.9832     2.3943      8.013     0.7405     4.1748 1.0740e-01    -0.1425   103.6268     7.0215     7.3096    33.9394    33.9361    27.1945    27.1917    7.89901 0.0000e+00
       3688    103.161     0.9741     0.9758   2.910570   2.910394     1.9824     2.3943      8.013     0.7193     4.2143 1.0715e-01    -0.1415   103.5997     7.0123     7.3104    33.9398    33.9356    27.1945    27.1911    7.89820 0.0000e+00
       3691    103.245     0.9773     0.9774   2.910766   2.910503     1.9820     2.3951      8.013     0.7087     4.2143 1.0715e-01    -0.1415   103.5997     7.0060     7.3176    33.9387    33.9353    27.1935    27.1907    7.89760 0.0000e+00
       3694    103.330     0.9804     0.9795   2.911243   2.910852     1.9824     2.3947      8.013     0.7087     4.1748 1.0715e-01    -0.1415   103.5997     7.0062     7.3172    33.9414    33.9375    27.1955    27.1923    7.89681 0.0000e+00
       3697    103.409     0.9844     0.9838   2.911641   2.911316     1.9824     2.3947      8.013     0.7087     4.1748 1.0715e-01    -0.1415   103.5997     7.0084     7.3146    33.9422    33.9386    27.1959    27.1930    7.89595 0.0000e+00
       3700    103.493     0.9878     0.9871   2.911835   2.911571     1.9824     2.3951      8.013     0.7087     4.1748 1.0715e-01    -0.1415   103.5997     7.0101     7.3137    33.9409    33.9383    27.1946    27.1925    7.89531 0.0000e+00
