Datasets/AZMP/TEL210/tel210_2020_028.cnv
* Sea-Bird SBE 9 Data File:
* FileName = C:\CTDDATA\tel210_2020_028.hex
* Software Version Seasave V 7.26.7.110
* Temperature SN = 1697
* Conductivity SN = 4216
* Number of Bytes Per Scan = 30
* Number of Voltage Words = 4
* Number of Scans Averaged by the Deck Unit = 1
* NMEA baud rate = 4800
** VESSEL/TRIP/SEQ STN:  tel210_2020_028
** LATITUDE XX XX.XX: 47 00.00 N
** LONGITUDE XX XX.XX: 044 46.30 W
** SOUNDING DEPTH (M): 0140
** PROBE TYPE: S1146
** CTD NUMBER: 027
** COMMENTS (14 CHAR): FC-26
** BOTTLES:  9
** LEVELS: 5,10,20,30,40,50,75,100,BTM
** STICKERS: 435922 - 435930
** VNET: Y
** DO2: N
# nquan = 22
# nvalues = 3299                        
# units = specified
# name 0 = scan: Scan Count
# name 1 = prDM: Pressure, Digiquartz [db]
# name 2 = t090C: Temperature [ITS-90, deg C]
# name 3 = t190C: Temperature, 2 [ITS-90, deg C]
# name 4 = c0S/m: Conductivity [S/m]
# name 5 = c1S/m: Conductivity, 2 [S/m]
# name 6 = sbeox0V: Oxygen raw, SBE 43 [V]
# name 7 = sbeox1V: Oxygen raw, SBE 43, 2 [V]
# name 8 = ph: pH
# name 9 = flECO-AFL: Fluorescence, WET Labs ECO-AFL/FL [mg/m^3]
# name 10 = wetCDOM: Fluorescence, WET Labs CDOM [mg/m^3]
# name 11 = par/sat/log: PAR/Logarithmic, Satlantic [umol photons/m^2/sec]
# name 12 = CStarAt0: Beam Attenuation, WET Labs C-Star [1/m]
# name 13 = CStarTr0: Beam Transmission, WET Labs C-Star [%]
# name 14 = sbeox0ML/L: Oxygen, SBE 43 [ml/l], WS = 2
# name 15 = sbeox1ML/L: Oxygen, SBE 43, 2 [ml/l], WS = 2
# name 16 = sal00: Salinity, Practical [PSU]
# name 17 = sal11: Salinity, Practical, 2 [PSU]
# name 18 = sigma-t00: Density [sigma-t, kg/m^3 ]
# name 19 = sigma-t11: Density, 2 [sigma-t, kg/m^3 ]
# name 20 = oxsatML/L: Oxygen Saturation, Weiss [ml/l]
# name 21 = flag: flag
# span 0 =         32,      29907       
# span 1 =      1.949,    146.059       
# span 2 =     3.6980,    11.4961       
# span 3 =     3.6931,    11.4800       
# span 4 =   3.186732,   3.753092       
# span 5 =   3.186246,   3.751435       
# span 6 =     1.9141,     2.4318       
# span 7 =     2.3101,     2.9757       
# span 8 =      7.941,      8.218       
# span 9 =    -0.6121,     6.1644       
# span 10 =    -2.8130,   482.1870      
# span 11 = 1.0678e-01, 3.2665e-01      
# span 12 =    -0.1183,     0.1858      
# span 13 =    95.4608,   103.0028      
# span 14 =     6.1892,     7.7009      
# span 15 =     6.3436,     8.0944      
# span 16 =    33.0428,    34.5110      
# span 17 =    33.0419,    34.5101      
# span 18 =    25.1627,    27.4253      
# span 19 =    25.1654,    27.4250      
# span 20 =    6.19211,    7.34462      
# span 21 = 0.0000e+00, 0.0000e+00      
# interval = scans: 3                   
# start_time = Jul 18 2020 04:24:59 [System UTC, header]
# bad_flag = -9.990e-29
*END*
[from data line 2239]
      12010     79.545     3.9932     3.9756   3.205086   3.203659     2.0030     2.4248      7.968    -0.4900   481.2790 1.0715e-01    -0.1173   102.9757     6.4978     6.8038    34.3653    34.3667    27.2819    27.2849    7.29557 0.0000e+00
      12013     79.467     4.0007     3.9779   3.205510   3.203773     2.0030     2.4252      7.968    -0.5104   481.3579 1.0715e-01    -0.1173   102.9757     6.4957     6.8050    34.3625    34.3658    27.2790    27.2839    7.29435 0.0000e+00
      12016     79.392     3.9983     3.9777   3.205293   3.203903     2.0022     2.4256      7.968    -0.4900   481.3184 1.0715e-01    -0.1173   102.9757     6.4905     6.8064    34.3624    34.3675    27.2791    27.2854    7.29478 0.0000e+00
      12019     79.317     3.9963     3.9850   3.205256   3.204378     2.0026     2.4260      7.968    -0.4900   481.3184 1.0715e-01    -0.1173   102.9757     6.4917     6.8042    34.3641    34.3655    27.2807    27.2830    7.29505 0.0000e+00
      12022     79.239     3.9962     3.9869   3.205245   3.204353     2.0022     2.4256      7.968    -0.4697   481.3579 1.0715e-01    -0.1173   102.9757     6.4897     6.8013    34.3641    34.3633    27.2807    27.2811    7.29507 0.0000e+00
      12025     79.161     3.9976     3.9819   3.205545   3.203958     2.0030     2.4264      7.968    -0.4900   481.3184 1.0715e-01    -0.1173   102.9757     6.4909     6.8021    34.3663    34.3639    27.2823    27.2820    7.29472 0.0000e+00
      12028     79.082     4.0082     3.9787   3.206205   3.203749     2.0039     2.4264      7.968    -0.5002   226.1260 1.0715e-01    -0.1180   102.9938     6.4940     6.8003    34.3631    34.3648    27.2786    27.2831    7.29298 0.0000e+00
      12031     78.999     4.0098     3.9779   3.206056   3.203694     2.0030     2.4256      7.968    -0.5002    -1.6286 1.0715e-01    -0.1183   103.0028     6.4916     6.7971    34.3596    34.3651    27.2757    27.2834    7.29285 0.0000e+00
      12034     78.913     4.0043     3.9785   3.205680   3.203773     2.0030     2.4264      7.968    -0.4900     3.7800 1.0715e-01    -0.1173   102.9757     6.4944     6.7965    34.3609    34.3654    27.2773    27.2836    7.29377 0.0000e+00
      12037     78.829     4.0090     3.9882   3.206278   3.204657     2.0039     2.4268      7.970    -0.4798     3.5826 1.0727e-01    -0.1173   102.9757     6.5002     6.7958    34.3632    34.3657    27.2787    27.2828    7.29283 0.0000e+00
      12040     78.739     4.0162     4.0000   3.206671   3.205408     2.0026     2.4268      7.968    -0.4900     3.5826 1.0715e-01    -0.1173   102.9757     6.4950     6.7928    34.3603    34.3624    27.2756    27.2789    7.29167 0.0000e+00
      12043     78.646     4.0222     4.0082   3.207093   3.206054     2.0039     2.4268      7.970    -0.5104     3.5826 1.0715e-01    -0.1173   102.9757     6.4992     6.7920    34.3591    34.3615    27.2740    27.2774    7.29065 0.0000e+00
      12046     78.551     4.0231     4.0130   3.207276   3.206409     2.0035     2.4268      7.968    -0.5308     3.5826 1.0727e-01    -0.1169   102.9667     6.4967     6.7921    34.3604    34.3607    27.2749    27.2762    7.29042 0.0000e+00
      12049     78.452     4.0268     4.0156   3.207570   3.206584     2.0039     2.4264      7.968    -0.5104     3.5826 1.0727e-01    -0.1166   102.9576     6.4952     6.7903    34.3601    34.3601    27.2743    27.2755    7.28978 0.0000e+00
      12052     78.352     4.0279     4.0158   3.207623   3.206560     2.0043     2.4268      7.968    -0.5104     3.5826 1.0715e-01    -0.1173   102.9757     6.4977     6.7927    34.3596    34.3597    27.2738    27.2751    7.28961 0.0000e+00
      12055     78.248     4.0322     4.0158   3.207993   3.206600     2.0051     2.4268      7.968    -0.5206     5.6355 1.0715e-01    -0.1173   102.9757     6.5014     6.7916    34.3595    34.3602    27.2733    27.2756    7.28884 0.0000e+00
      12058     78.145     4.0329     4.0157   3.208043   3.206567     2.0047     2.4268      7.968    -0.5308     6.0698 1.0715e-01    -0.1173   102.9757     6.4974     6.7918    34.3595    34.3600    27.2732    27.2754    7.28872 0.0000e+00
      12061     78.040     4.0349     4.0159   3.208165   3.206659     2.0051     2.4276      7.968    -0.5206     6.0698 1.0715e-01    -0.1173   102.9757     6.5003     6.7943    34.3589    34.3609    27.2725    27.2762    7.28839 0.0000e+00
      12064     77.931     4.0351     4.0196   3.208180   3.206936     2.0051     2.4272      7.971    -0.5104     6.0698 1.0715e-01    -0.1166   102.9576     6.4996     6.7942    34.3589    34.3604    27.2725    27.2753    7.28836 0.0000e+00
      12067     77.822     4.0357     4.0179   3.208208   3.206622     2.0051     2.4276      7.970    -0.5104     6.0698 1.0715e-01    -0.1173   102.9757     6.4952     6.7979    34.3587    34.3585    27.2723    27.2740    7.28825 0.0000e+00
      12070     77.712     4.0359     4.0139   3.208214   3.206404     2.0047     2.4284      7.968    -0.4900     6.0698 1.0715e-01    -0.1173   102.9757     6.4937     6.8027    34.3586    34.3602    27.2722    27.2757    7.28823 0.0000e+00
      12073     77.600     4.0370     4.0174   3.208287   3.206815     2.0051     2.4276      7.970    -0.5002     6.0698 1.0715e-01    -0.1173   102.9757     6.4950     6.7969    34.3584    34.3614    27.2720    27.2764    7.28804 0.0000e+00
      12076     77.487     4.0379     4.0213   3.208324   3.207069     2.0055     2.4280      7.970    -0.4798     6.0698 1.0715e-01    -0.1173   102.9757     6.4948     6.7942    34.3579    34.3605    27.2715    27.2752    7.28790 0.0000e+00
      12079     77.370     4.0366     4.0231   3.208203   3.207156     2.0051     2.4276      7.970    -0.5002     5.5960 1.0715e-01    -0.1173   102.9757     6.4924     6.7902    34.3579    34.3596    27.2716    27.2744    7.28814 0.0000e+00
      12082     77.255     4.0349     4.0219   3.208067   3.206965     2.0055     2.4288      7.968    -0.5002     2.1614 1.0715e-01    -0.1176   102.9847     6.4975     6.7934    34.3582    34.3587    27.2720    27.2737    7.28843 0.0000e+00
      12085     77.140     4.0346     4.0173   3.208059   3.206589     2.0063     2.4280      7.970    -0.4900     2.1614 1.0715e-01    -0.1169   102.9667     6.5031     6.7904    34.3584    34.3591    27.2722    27.2746    7.28846 0.0000e+00
      12088     77.022     4.0354     4.0157   3.208108   3.206583     2.0055     2.4288      7.968    -0.4900     2.1614 1.0715e-01    -0.1173   102.9757     6.5010     6.7922    34.3582    34.3608    27.2719    27.2761    7.28833 0.0000e+00
      12091     76.906     4.0365     4.0164   3.208164   3.206708     2.0055     2.4297      7.971    -0.4900     2.1614 1.0715e-01    -0.1169   102.9667     6.5025     6.7927    34.3578    34.3616    27.2715    27.2766    7.28815 0.0000e+00
      12094     76.784     4.0387     4.0216   3.208435   3.207078     2.0067     2.4288      7.970    -0.5002     2.1614 1.0715e-01    -0.1173   102.9757     6.5084     6.7893    34.3588    34.3606    27.2721    27.2753    7.28771 0.0000e+00
      12097     76.667     4.0443     4.0231   3.208834   3.207122     2.0067     2.4276      7.971    -0.5002     2.1614 1.0715e-01    -0.1169   102.9667     6.5075     6.7879    34.3577    34.3596    27.2706    27.2744    7.28676 0.0000e+00
      12100     76.552     4.0434     4.0237   3.208709   3.207148     2.0055     2.4276      7.970    -0.4798     2.1614 1.0715e-01    -0.1173   102.9757     6.5032     6.7877    34.3572    34.3593    27.2703    27.2740    7.28694 0.0000e+00
      12103     76.437     4.0456     4.0262   3.208937   3.207316     2.0063     2.4284      7.970    -0.4900     2.1614 1.0715e-01    -0.1166   102.9576     6.5067     6.7903    34.3577    34.3587    27.2705    27.2734    7.28654 0.0000e+00
      12106     76.323     4.0485     4.0233   3.209079   3.207076     2.0079     2.4288      7.973    -0.4798     3.2668 1.0715e-01    -0.1152   102.9214     6.5109     6.7943    34.3563    34.3590    27.2691    27.2738    7.28607 0.0000e+00
      12109     76.216     4.0487     4.0323   3.209036   3.208040     2.0071     2.4284      7.970    -0.4900     5.3197 1.0715e-01    -0.1159   102.9395     6.5076     6.7930    34.3558    34.3611    27.2686    27.2745    7.28607 0.0000e+00
      12112     76.114     4.0577     4.0445   3.209798   3.208718     2.0075     2.4284      7.971    -0.4900     5.2407 1.0715e-01    -0.1162   102.9486     6.5088     6.7924    34.3554    34.3564    27.2674    27.2696    7.28447 0.0000e+00
      12115     76.013     4.0565     4.0418   3.209207   3.208372     2.0079     2.4284      7.971    -0.4798     5.2407 1.0715e-01    -0.1159   102.9395     6.5090     6.7962    34.3497    34.3552    27.2630    27.2689    7.28496 0.0000e+00
      12118     75.922     4.0425     4.0439   3.208418   3.208705     2.0075     2.4297      7.971    -0.4900     5.2407 1.0715e-01    -0.1159   102.9395     6.5071     6.8041    34.3550    34.3570    27.2687    27.2701    7.28721 0.0000e+00
      12121     75.840     4.0429     4.0469   3.208324   3.208745     2.0083     2.4301      7.973    -0.4900     5.2407 1.0715e-01    -0.1159   102.9395     6.5108     6.8070    34.3536    34.3544    27.2675    27.2677    7.28722 0.0000e+00
      12124     75.765     4.0412     4.0443   3.208369   3.208488     2.0079     2.4288      7.973    -0.4798     5.2407 1.0715e-01    -0.1155   102.9305     6.5103     6.8026    34.3559    34.3541    27.2695    27.2677    7.28740 0.0000e+00
      12127     75.695     4.0492     4.0395   3.208933   3.208147     2.0087     2.4301      7.973    -0.4900     5.2407 1.0715e-01    -0.1166   102.9576     6.5092     6.8074    34.3542    34.3551    27.2674    27.2691    7.28605 0.0000e+00
      12130     75.627     4.0646     4.0362   3.210014   3.207919     2.0075     2.4309      7.973    -0.5002     5.2407 1.0715e-01    -0.1173   102.9757     6.5017     6.8128    34.3510    34.3559    27.2632    27.2700    7.28345 0.0000e+00
      12133     75.561     4.0713     4.0249   3.210455   3.207049     2.0087     2.4301      7.973    -0.5002     2.0824 1.0715e-01    -0.1173   102.9757     6.5090     6.8142    34.3492    34.3574    27.2611    27.2724    7.28233 0.0000e+00
      12136     75.495     4.0664     4.0224   3.209702   3.206857     2.0087     2.4305      7.973    -0.4900     0.2664 1.0715e-01    -0.1166   102.9576     6.5095     6.8157    34.3454    34.3578    27.2586    27.2730    7.28339 0.0000e+00
      12139     75.428     4.0443     4.0213   3.208427   3.206794     2.0087     2.4309      7.973    -0.4900     0.3848 1.0715e-01    -0.1169   102.9667     6.5133     6.8172    34.3536    34.3583    27.2673    27.2735    7.28697 0.0000e+00
      12142     75.366     4.0362     4.0219   3.208169   3.206842     2.0083     2.4309      7.973    -0.4900     0.3848 1.0715e-01    -0.1169   102.9667     6.5133     6.8179    34.3590    34.3582    27.2725    27.2733    7.28815 0.0000e+00
      12145     75.310     4.0342     4.0295   3.208094   3.207315     2.0092     2.4317      7.973    -0.4900     0.3848 1.0715e-01    -0.1159   102.9395     6.5187     6.8227    34.3603    34.3559    27.2737    27.2707    7.28846 0.0000e+00
      12148     75.259     4.0487     4.0349   3.208347   3.207721     2.0096     2.4313      7.973    -0.5002     0.3848 1.0715e-01    -0.1145   102.9033     6.5214     6.8232    34.3481    34.3551    27.2625    27.2696    7.28643 0.0000e+00
      12151     75.212     4.0325     4.0369   3.207501   3.207777     2.0096     2.4321      7.973    -0.4900     0.3848 1.0715e-01    -0.1145   102.9033     6.5268     6.8252    34.3550    34.3537    27.2697    27.2682    7.28901 0.0000e+00
      12154     75.167     4.0414     4.0367   3.208866   3.207927     2.0100     2.4325      7.973    -0.4900     0.3848 1.0715e-01    -0.1141   102.8943     6.5283     6.8275    34.3619    34.3557    27.2743    27.2698    7.28707 0.0000e+00
      12157     75.122     4.0640     4.0437   3.209811   3.208255     2.0104     2.4329      7.975    -0.4900     0.3453 1.0715e-01    -0.1141   102.8943     6.5258     6.8301    34.3495    34.3523    27.2620    27.2664    7.28363 0.0000e+00
      12160     75.081     4.0695     4.0498   3.210419   3.208499     2.0100     2.4329      7.975    -0.5002    -0.9970 1.0715e-01    -0.1148   102.9124     6.5230     6.8310    34.3509    34.3488    27.2626    27.2630    7.28258 0.0000e+00
      12163     75.045     4.0811     4.0578   3.211250   3.209141     2.0104     2.4337      7.976    -0.5002    -1.0759 1.0715e-01    -0.1141   102.8943     6.5227     6.8339    34.3486    34.3481    27.2596    27.2616    7.28061 0.0000e+00
      12166     75.015     4.0925     4.0633   3.212035   3.209812     2.0104     2.4341      7.975    -0.4900    -1.0364 1.0715e-01    -0.1152   102.9214     6.5205     6.8362    34.3460    34.3503    27.2563    27.2627    7.27869 0.0000e+00
      12169     74.982     4.0944     4.0697   3.212404   3.210274     2.0112     2.4349      7.975    -0.4900    -1.0364 1.0715e-01    -0.1162   102.9486     6.5238     6.8395    34.3484    34.3491    27.2580    27.2612    7.27824 0.0000e+00
      12172     74.952     4.0954     4.0776   3.212268   3.210908     2.0120     2.4353      7.976    -0.4595    -1.0364 1.0715e-01    -0.1162   102.9486     6.5291     6.8391    34.3458    34.3483    27.2559    27.2597    7.27820 0.0000e+00
      12239     74.926     4.1005     4.0916   3.212764   3.211887     2.0189     2.4435      7.978    -0.4595     2.5562 1.0715e-01    -0.1173   102.9757     6.5479     6.8461    34.3464    34.3453    27.2558    27.2558    7.27726 0.0000e+00
      12242     74.889     4.1012     4.0899   3.212799   3.211743     2.0185     2.4439      7.978    -0.4392     2.5167 1.0715e-01    -0.1166   102.9576     6.5460     6.8465    34.3461    34.3453    27.2555    27.2561    7.27715 0.0000e+00
      12245     74.844     4.1016     4.0893   3.212842   3.211781     2.0177     2.4439      7.978    -0.4493     2.5167 1.0715e-01    -0.1166   102.9576     6.5414     6.8435    34.3462    34.3465    27.2555    27.2570    7.27707 0.0000e+00
      12248     74.795     4.1019     4.0902   3.212900   3.211911     2.0181     2.4447      7.978    -0.4697     2.5167 1.0715e-01    -0.1162   102.9486     6.5430     6.8438    34.3465    34.3471    27.2557    27.2575    7.27699 0.0000e+00
      12251     74.742     4.1028     4.0920   3.212900   3.212082     2.0185     2.4439      7.976    -0.4392     2.5167 1.0715e-01    -0.1159   102.9395     6.5441     6.8383    34.3457    34.3472    27.2549    27.2573    7.27688 0.0000e+00
      12254     74.684     4.1022     4.0961   3.212845   3.212373     2.0189     2.4447      7.978    -0.4493     2.5167 1.0715e-01    -0.1162   102.9486     6.5453     6.8410    34.3457    34.3465    27.2551    27.2563    7.27699 0.0000e+00
      12257     74.619     4.1023     4.0990   3.212872   3.212545     2.0189     2.4443      7.975    -0.4595     2.5167 1.0715e-01    -0.1162   102.9486     6.5460     6.8392    34.3459    34.3455    27.2552    27.2553    7.27695 0.0000e+00
      12260     74.555     4.1025     4.1003   3.212867   3.212637     2.0197     2.4447      7.978    -0.4595     2.5167 1.0715e-01    -0.1162   102.9486     6.5475     6.8388    34.3457    34.3453    27.2550    27.2549    7.27693 0.0000e+00
      12263     74.491     4.1026     4.1015   3.212846   3.212688     2.0189     2.4447      7.978    -0.4493     1.4902 1.0715e-01    -0.1162   102.9486     6.5463     6.8379    34.3454    34.3446    27.2548    27.2543    7.27693 0.0000e+00
      12266     74.422     4.1027     4.1024   3.212864   3.212761     2.0193     2.4447      7.976    -0.4493    -0.4048 1.0715e-01    -0.1159   102.9395     6.5501     6.8375    34.3454    34.3446    27.2548    27.2542    7.27690 0.0000e+00
