Datasets/AZMP/TEL210/tel210_2020_055.cnv
* Sea-Bird SBE 9 Data File:
* FileName = C:\CTDDATA\tel210_2020_055.hex
* Software Version Seasave V 7.26.7.110
* Temperature SN = 1697
* Conductivity SN = 4216
* Number of Bytes Per Scan = 30
* Number of Voltage Words = 4
* Number of Scans Averaged by the Deck Unit = 1
* NMEA baud rate = 4800
** VESSEL/TRIP/SEQ STN:  tel210_2020_055
** LATITUDE XX XX.XX: 48 55.00 N
** LONGITUDE XX XX.XX: 052 24.00 W
** SOUNDING DEPTH (M): 0350
** PROBE TYPE: S1146
** CTD NUMBER: 045
** COMMENTS (14 CHAR): BB-04
** BOTTLES:  10
** LEVELS: 5,10,20,30,40,50,75,100,150,BTM
** STICKERS: 436086 - 436095
** VNET: Y
** DO2: N
# nquan = 22
# nvalues = 7568                        
# units = specified
# name 0 = scan: Scan Count
# name 1 = prDM: Pressure, Digiquartz [db]
# name 2 = t090C: Temperature [ITS-90, deg C]
# name 3 = t190C: Temperature, 2 [ITS-90, deg C]
# name 4 = c0S/m: Conductivity [S/m]
# name 5 = c1S/m: Conductivity, 2 [S/m]
# name 6 = sbeox0V: Oxygen raw, SBE 43 [V]
# name 7 = sbeox1V: Oxygen raw, SBE 43, 2 [V]
# name 8 = ph: pH
# name 9 = flECO-AFL: Fluorescence, WET Labs ECO-AFL/FL [mg/m^3]
# name 10 = wetCDOM: Fluorescence, WET Labs CDOM [mg/m^3]
# name 11 = par/sat/log: PAR/Logarithmic, Satlantic [umol photons/m^2/sec]
# name 12 = CStarAt0: Beam Attenuation, WET Labs C-Star [1/m]
# name 13 = CStarTr0: Beam Transmission, WET Labs C-Star [%]
# name 14 = sbeox0ML/L: Oxygen, SBE 43 [ml/l], WS = 2
# name 15 = sbeox1ML/L: Oxygen, SBE 43, 2 [ml/l], WS = 2
# name 16 = sal00: Salinity, Practical [PSU]
# name 17 = sal11: Salinity, Practical, 2 [PSU]
# name 18 = sigma-t00: Density [sigma-t, kg/m^3 ]
# name 19 = sigma-t11: Density, 2 [sigma-t, kg/m^3 ]
# name 20 = oxsatML/L: Oxygen Saturation, Weiss [ml/l]
# name 21 = flag: flag
# span 0 =         56,      49283       
# span 1 =      0.695,    345.842       
# span 2 =    -1.3973,    11.8121       
# span 3 =    -1.3985,    11.8079       
# span 4 =   2.623373,   3.626378       
# span 5 =   2.623096,   3.625928       
# span 6 =     1.7262,     2.6318       
# span 7 =     2.0701,     3.2478       
# span 8 =      7.898,      8.285       
# span 9 =     0.6664,     2.8145       
# span 10 =    -2.8130,   482.1870      
# span 11 = 1.0678e-01, 4.3119e+02      
# span 12 =    -0.1463,     0.5448      
# span 13 =    87.2678,   103.7263      
# span 14 =     5.6274,     9.8292      
# span 15 =     5.8803,    10.8064      
# span 16 =    30.6005,    34.5089      
# span 17 =    31.5193,    34.5090      
# span 18 =    23.7163,    27.4908      
# span 19 =    23.9349,    27.4913      
# span 20 =    6.20873,    8.48275      
# span 21 = 0.0000e+00, 0.0000e+00      
# interval = scans: 3                   
# start_time = Jul 21 2020 13:38:00 [System UTC, header]
# bad_flag = -9.990e-29
*END*
[from data line 3029]
       9673    316.436     2.8553     2.8521   3.122790   3.122563     1.8046     2.1611      7.920     0.7722     0.8191 1.0715e-01     0.1219    96.9982     5.9390     6.1801    34.4496    34.4502    27.4588    27.4596    7.50079 0.0000e+00
       9676    316.567     2.8587     2.8573   3.123253   3.123099     1.8042     2.1611      7.920     0.7722     1.5297 1.0715e-01     0.1215    97.0072     5.9367     6.1809    34.4516    34.4512    27.4601    27.4599    7.50006 0.0000e+00
       9679    316.697     2.8619     2.8605   3.123513   3.123372     1.8046     2.1599      7.918     0.7722     1.5692 1.0715e-01     0.1219    96.9982     5.9390     6.1773    34.4513    34.4511    27.4596    27.4595    7.49947 0.0000e+00
       9682    316.830     2.8644     2.8624   3.123752   3.123581     1.8038     2.1599      7.920     0.7616     1.5692 1.0690e-01     0.1215    97.0072     5.9353     6.1773    34.4514    34.4515    27.4594    27.4597    7.49899 0.0000e+00
       9685    316.963     2.8666     2.8640   3.123945   3.123783     1.8030     2.1599      7.920     0.7405     1.5692 1.0715e-01     0.1219    96.9982     5.9341     6.1760    34.4514    34.4522    27.4592    27.4601    7.49858 0.0000e+00
       9688    317.094     2.8680     2.8655   3.124060   3.123910     1.8030     2.1587      7.920     0.7616     1.5692 1.0715e-01     0.1313    96.7721     5.9363     6.1696    34.4512    34.4521    27.4589    27.4599    7.49832 0.0000e+00
       9691    317.228     2.8693     2.8661   3.124150   3.123973     1.8022     2.1587      7.920     0.7616     1.5692 1.0715e-01     0.1492    96.3380     5.9294     6.1717    34.4509    34.4521    27.4586    27.4598    7.49810 0.0000e+00
       9694    317.366     2.8705     2.8664   3.124234   3.124036     1.8018     2.1587      7.917     0.7510     1.5692 1.0715e-01     0.1485    96.3561     5.9251     6.1720    34.4505    34.4524    27.4581    27.4601    7.49788 0.0000e+00
       9697    317.496     2.8709     2.8671   3.124326   3.124105     1.8010     2.1575      7.917     0.7722     1.5692 1.0715e-01     0.1485    96.3561     5.9222     6.1651    34.4511    34.4526    27.4586    27.4601    7.49779 0.0000e+00
       9700    317.625     2.8718     2.8679   3.124357   3.124205     1.8010     2.1575      7.918     0.7616     2.0824 1.0715e-01     0.1485    96.3561     5.9232     6.1642    34.4505    34.4528    27.4580    27.4602    7.49764 0.0000e+00
       9703    317.749     2.8725     2.8689   3.124522   3.124362     1.8006     2.1575      7.915     0.7616     2.9904 1.0715e-01     0.1485    96.3561     5.9213     6.1623    34.4517    34.4535    27.4589    27.4607    7.49745 0.0000e+00
       9706    317.871     2.8736     2.8700   3.124647   3.124459     1.8006     2.1558      7.917     0.7616     2.9904 1.0715e-01     0.1485    96.3561     5.9244     6.1540    34.4519    34.4535    27.4590    27.4606    7.49723 0.0000e+00
       9709    317.991     2.8746     2.8709   3.124757   3.124575     1.7997     2.1562      7.915     0.7722     2.9904 1.0715e-01     0.1507    96.3019     5.9236     6.1559    34.4522    34.4540    27.4591    27.4609    7.49703 0.0000e+00
       9712    318.110     2.8755     2.8722   3.124914   3.124739     1.7993     2.1550      7.915     0.7510     2.9904 1.0703e-01     0.1519    96.2747     5.9214     6.1528    34.4530    34.4545    27.4597    27.4612    7.49681 0.0000e+00
       9715    318.222     2.8768     2.8731   3.125025   3.124839     1.7981     2.1562      7.915     0.7510     2.9904 1.0703e-01     0.1519    96.2747     5.9169     6.1577    34.4529    34.4547    27.4595    27.4613    7.49657 0.0000e+00
       9718    318.331     2.8777     2.8740   3.125128   3.124941     1.7985     2.1546      7.915     0.7616     2.9904 1.0715e-01     0.1519    96.2747     5.9192     6.1522    34.4533    34.4549    27.4597    27.4613    7.49640 0.0000e+00
       9721    318.439     2.8785     2.8746   3.125263   3.125013     1.7985     2.1538      7.915     0.7616     2.9904 1.0715e-01     0.1519    96.2747     5.9175     6.1500    34.4539    34.4551    27.4602    27.4614    7.49620 0.0000e+00
       9724    318.546     2.8795     2.8753   3.125334   3.125090     1.7981     2.1534      7.915     0.7616     2.9904 1.0715e-01     0.1519    96.2747     5.9147     6.1475    34.4537    34.4552    27.4599    27.4615    7.49604 0.0000e+00
       9727    318.648     2.8802     2.8762   3.125458   3.125226     1.7973     2.1526      7.915     0.7510     1.2534 1.0715e-01     0.1519    96.2747     5.9117     6.1457    34.4543    34.4559    27.4603    27.4620    7.49586 0.0000e+00
       9730    318.749     2.8813     2.8774   3.125667   3.125445     1.7977     2.1526      7.915     0.7510     0.2664 1.0715e-01     0.1485    96.3561     5.9166     6.1476    34.4558    34.4571    27.4614    27.4628    7.49560 0.0000e+00
       9733    318.847     2.8831     2.8796   3.125887   3.125703     1.7973     2.1526      7.915     0.7510     0.3848 1.0715e-01     0.1481    96.3651     5.9130     6.1460    34.4564    34.4580    27.4618    27.4633    7.49522 0.0000e+00
       9736    318.941     2.8846     2.8813   3.126060   3.125863     1.7961     2.1526      7.915     0.7722     0.3848 1.0690e-01     0.1481    96.3651     5.9051     6.1463    34.4569    34.4580    27.4620    27.4631    7.49491 0.0000e+00
       9739    319.029     2.8858     2.8826   3.126159   3.125977     1.7957     2.1517      7.915     0.7722     0.3453 1.0715e-01     0.1481    96.3651     5.9012     6.1435    34.4568    34.4580    27.4618    27.4630    7.49470 0.0000e+00
       9742    319.112     2.8870     2.8834   3.126202   3.126035     1.7957     2.1513      7.915     0.7616     0.3848 1.0703e-01     0.1481    96.3651     5.8993     6.1447    34.4560    34.4578    27.4610    27.4628    7.49451 0.0000e+00
       9745    319.194     2.8878     2.8836   3.126257   3.126071     1.7948     2.1505      7.915     0.7616     0.3848 1.0715e-01     0.1485    96.3561     5.8946     6.1426    34.4557    34.4580    27.4607    27.4630    7.49437 0.0000e+00
       9748    319.273     2.8884     2.8841   3.126453   3.126124     1.7948     2.1501      7.915     0.7616     0.3453 1.0715e-01     0.1489    96.3471     5.8931     6.1410    34.4574    34.4581    27.4620    27.4630    7.49417 0.0000e+00
       9751    319.352     2.8901     2.8857   3.126737   3.126378     1.7948     2.1501      7.915     0.7616     0.5032 1.0715e-01     0.1485    96.3561     5.8935     6.1396    34.4590    34.4593    27.4632    27.4638    7.49376 0.0000e+00
       9754    319.427     2.8917     2.8879   3.126841   3.126586     1.7944     2.1497      7.915     0.7722     4.9644 1.0715e-01     0.1485    96.3561     5.8905     6.1365    34.4586    34.4595    27.4627    27.4637    7.49349 0.0000e+00
       9757    319.502     2.8928     2.8889   3.126918   3.126695     1.7928     2.1489      7.915     0.7510     5.3987 1.0715e-01     0.1481    96.3651     5.8862     6.1319    34.4582    34.4597    27.4623    27.4638    7.49329 0.0000e+00
       9760    319.575     2.8937     2.8896   3.126959   3.126785     1.7928     2.1489      7.915     0.7616     5.3592 1.0703e-01     0.1485    96.3561     5.8874     6.1314    34.4578    34.4600    27.4619    27.4640    7.49316 0.0000e+00
       9763    319.650     2.8943     2.8900   3.127039   3.126811     1.7928     2.1481      7.915     0.7616     5.3592 1.0703e-01     0.1485    96.3561     5.8874     6.1299    34.4580    34.4599    27.4620    27.4639    7.49302 0.0000e+00
       9766    319.725     2.8947     2.8906   3.127089   3.126875     1.7924     2.1485      7.915     0.7616     5.3592 1.0715e-01     0.1485    96.3561     5.8869     6.1315    34.4583    34.4600    27.4622    27.4639    7.49294 0.0000e+00
       9769    319.799     2.8952     2.8911   3.127140   3.126954     1.7916     2.1477      7.913     0.7722     5.3592 1.0703e-01     0.1504    96.3109     5.8824     6.1284    34.4583    34.4604    27.4621    27.4642    7.49285 0.0000e+00
       9772    319.875     2.8957     2.8916   3.127213   3.127020     1.7908     2.1469      7.915     0.7616     5.3592 1.0703e-01     0.1519    96.2747     5.8784     6.1261    34.4586    34.4606    27.4624    27.4643    7.49274 0.0000e+00
       9775    319.946     2.8964     2.8922   3.127294   3.127078     1.7916     2.1469      7.913     0.7616     5.3592 1.0690e-01     0.1519    96.2747     5.8815     6.1256    34.4588    34.4607    27.4625    27.4643    7.49260 0.0000e+00
       9778    320.021     2.8968     2.8930   3.127375   3.127177     1.7903     2.1465      7.915     0.7722     4.5301 1.0703e-01     0.1515    96.2838     5.8793     6.1238    34.4593    34.4610    27.4628    27.4645    7.49249 0.0000e+00
       9781    320.095     2.8972     2.8937   3.127434   3.127216     1.7908     2.1452      7.915     0.7616     1.0954 1.0715e-01     0.1519    96.2747     5.8830     6.1178    34.4595    34.4607    27.4629    27.4642    7.49240 0.0000e+00
       9784    320.171     2.8977     2.8939   3.127464   3.127278     1.7899     2.1452      7.915     0.7616     1.2139 1.0715e-01     0.1519    96.2747     5.8780     6.1169    34.4593    34.4611    27.4627    27.4645    7.49232 0.0000e+00
       9787    320.248     2.8985     2.8941   3.127506   3.127279     1.7899     2.1452      7.915     0.7510     1.2139 1.0715e-01     0.1519    96.2747     5.8786     6.1171    34.4590    34.4609    27.4624    27.4643    7.49220 0.0000e+00
       9790    320.330     2.8989     2.8943   3.127554   3.127319     1.7891     2.1444      7.913     0.7510     1.2139 1.0715e-01     0.1556    96.1843     5.8753     6.1155    34.4591    34.4612    27.4625    27.4645    7.49211 0.0000e+00
       9793    320.414     2.8991     2.8946   3.127593   3.127368     1.7887     2.1444      7.913     0.7616     1.2139 1.0715e-01     0.1575    96.1391     5.8769     6.1181    34.4593    34.4614    27.4626    27.4647    7.49206 0.0000e+00
       9796    320.500     2.8996     2.8953   3.127693   3.127458     1.7883     2.1444      7.915     0.7616     1.2139 1.0715e-01     0.1575    96.1391     5.8766     6.1207    34.4599    34.4617    27.4630    27.4649    7.49193 0.0000e+00
       9799    320.593     2.9001     2.8961   3.127794   3.127574     1.7879     2.1432      7.913     0.7616     1.2139 1.0715e-01     0.1575    96.1391     5.8773     6.1187    34.4606    34.4622    27.4636    27.4652    7.49181 0.0000e+00
       9802    320.689     2.9008     2.8968   3.127879   3.127654     1.7879     2.1428      7.915     0.7722     1.2139 1.0715e-01     0.1575    96.1391     5.8790     6.1208    34.4608    34.4623    27.4636    27.4652    7.49166 0.0000e+00
       9805    320.788     2.9018     2.8976   3.127978   3.127757     1.7875     2.1420      7.913     0.7616     1.0954 1.0715e-01     0.1571    96.1481     5.8815     6.1213    34.4609    34.4627    27.4637    27.4655    7.49148 0.0000e+00
       9808    320.890     2.9024     2.8982   3.128013   3.127793     1.7871     2.1420      7.913     0.7510     0.9770 1.0715e-01     0.1571    96.1481     5.8824     6.1236    34.4606    34.4625    27.4633    27.4652    7.49137 0.0000e+00
       9811    320.994     2.9026     2.8983   3.128048   3.127806     1.7867     2.1420      7.913     0.7510     0.9770 1.0715e-01     0.1575    96.1391     5.8808     6.1258    34.4608    34.4624    27.4635    27.4652    7.49133 0.0000e+00
       9814    321.099     2.9031     2.8989   3.128079   3.127894     1.7863     2.1420      7.912     0.7510     0.9770 1.0703e-01     0.1571    96.1481     5.8798     6.1305    34.4606    34.4629    27.4632    27.4655    7.49124 0.0000e+00
       9817    321.207     2.9036     2.8995   3.128181   3.127943     1.7871     2.1416      7.915     0.7616     0.9770 1.0703e-01     0.1568    96.1572     5.8837     6.1320    34.4612    34.4627    27.4637    27.4653    7.49112 0.0000e+00
       9820    321.318     2.9043     2.9004   3.128388   3.128145     1.7871     2.1416      7.913     0.7616     0.9770 1.0715e-01     0.1575    96.1391     5.8844     6.1347    34.4629    34.4641    27.4650    27.4663    7.49090 0.0000e+00
       9823    321.431     2.9054     2.9021   3.128590   3.128375     1.7863     2.1416      7.912     0.7510     0.9770 1.0715e-01     0.1571    96.1481     5.8821     6.1356    34.4641    34.4650    27.4659    27.4669    7.49063 0.0000e+00
       9826    321.550     2.9074     2.9037   3.128835   3.128582     1.7859     2.1416      7.913     0.7616     0.9770 1.0715e-01     0.1575    96.1391     5.8818     6.1341    34.4650    34.4658    27.4664    27.4674    7.49021 0.0000e+00
       9829    321.675     2.9092     2.9064   3.129205   3.128995     1.7867     2.1416      7.913     0.7616     0.9770 1.0715e-01     0.1594    96.0939     5.8857     6.1346    34.4675    34.4679    27.4682    27.4688    7.48976 0.0000e+00
       9832    321.800     2.9124     2.9110   3.129778   3.129605     1.7855     2.1412      7.913     0.7510     4.2932 1.0703e-01     0.1661    95.9311     5.8812     6.1317    34.4710    34.4704    27.4708    27.4704    7.48897 0.0000e+00
       9835    321.925     2.9162     2.9152   3.130255   3.130101     1.7851     2.1412      7.913     0.7722     5.2802 1.0715e-01     0.1665    95.9220     5.8816     6.1282    34.4727    34.4719    27.4718    27.4712    7.48818 0.0000e+00
       9838    322.053     2.9201     2.9196   3.130734   3.130616     1.7842     2.1416      7.913     0.7616     5.2407 1.0715e-01     0.1665    95.9220     5.8739     6.1272    34.4743    34.4734    27.4727    27.4720    7.48736 0.0000e+00
       9841    322.182     2.9233     2.9231   3.131094   3.130986     1.7851     2.1412      7.915     0.7616     5.2407 1.0703e-01     0.1665    95.9220     5.8773     6.1224    34.4752    34.4741    27.4731    27.4723    7.48671 0.0000e+00
       9844    322.312     2.9263     2.9250   3.131318   3.131136     1.7847     2.1403      7.915     0.7510     5.2407 1.0715e-01     0.1661    95.9311     5.8786     6.1198    34.4747    34.4738    27.4725    27.4718    7.48618 0.0000e+00
       9847    322.443     2.9287     2.9261   3.131438   3.131258     1.7851     2.1395      7.915     0.7722     5.2407 1.0715e-01     0.1661    95.9311     5.8824     6.1164    34.4735    34.4741    27.4712    27.4719    7.48578 0.0000e+00
       9850    322.572     2.9299     2.9268   3.131509   3.131369     1.7851     2.1399      7.915     0.7616     5.2407 1.0715e-01     0.1729    95.7683     5.8808     6.1161    34.4730    34.4746    27.4707    27.4723    7.48558 0.0000e+00
       9853    322.697     2.9310     2.9277   3.131648   3.131470     1.7838     2.1403      7.915     0.7722     5.2407 1.0715e-01     0.1805    95.5875     5.8760     6.1166    34.4734    34.4749    27.4710    27.4724    7.48535 0.0000e+00
       9856    322.821     2.9323     2.9288   3.131831   3.131622     1.7851     2.1399      7.915     0.7616     5.3986 1.0715e-01     0.1801    95.5965     5.8845     6.1145    34.4742    34.4754    27.4715    27.4728    7.48507 0.0000e+00
       9859    322.939     2.9335     2.9303   3.132117   3.131892     1.7851     2.1391      7.915     0.7510     7.2936 1.0715e-01     0.1801    95.5965     5.8856     6.1101    34.4764    34.4771    27.4731    27.4740    7.48474 0.0000e+00
       9862    323.058     2.9365     2.9338   3.132719   3.132451     1.7826     2.1383      7.915     0.7616     7.3726 1.0715e-01     0.1801    95.5965     5.8726     6.1060    34.4804    34.4800    27.4761    27.4760    7.48397 0.0000e+00
       9865    323.172     2.9404     2.9391   3.133247   3.133046     1.7847     2.1391      7.915     0.7616     7.3726 1.0715e-01     0.1801    95.5965     5.8765     6.1091    34.4827    34.4816    27.4775    27.4768    7.48313 0.0000e+00
