Datasets/AZMP/TEL210/tel210_2020_104.cnv
* Sea-Bird SBE 9 Data File:
* FileName = C:\CTDDATA\tel210_2020_104.hex
* Software Version Seasave V 7.26.7.110
* Temperature SN = 1697
* Conductivity SN = 4216
* Number of Bytes Per Scan = 30
* Number of Voltage Words = 4
* Number of Scans Averaged by the Deck Unit = 1
* NMEA baud rate = 4800
** VESSEL/TRIP/SEQ STN:  tel210_2020_104
** LATITUDE XX XX.XX: 55 44.80 N
** LONGITUDE XX XX.XX: 057 16.70 W
** SOUNDING DEPTH (M): 0248
** PROBE TYPE: S1146
** CTD NUMBER: 070
** COMMENTS (14 CHAR): MB-08
** BOTTLES:  10
** LEVELS: 5,10,20,30,40,50,75,100,150,BTM
** STICKERS: 436271 - 436280
** VNET: Y
** DO2: N
# nquan = 22
# nvalues = 5383                        
# units = specified
# name 0 = scan: Scan Count
# name 1 = prDM: Pressure, Digiquartz [db]
# name 2 = t090C: Temperature [ITS-90, deg C]
# name 3 = t190C: Temperature, 2 [ITS-90, deg C]
# name 4 = c0S/m: Conductivity [S/m]
# name 5 = c1S/m: Conductivity, 2 [S/m]
# name 6 = sbeox0V: Oxygen raw, SBE 43 [V]
# name 7 = sbeox1V: Oxygen raw, SBE 43, 2 [V]
# name 8 = ph: pH
# name 9 = flECO-AFL: Fluorescence, WET Labs ECO-AFL/FL [mg/m^3]
# name 10 = wetCDOM: Fluorescence, WET Labs CDOM [mg/m^3]
# name 11 = par/sat/log: PAR/Logarithmic, Satlantic [umol photons/m^2/sec]
# name 12 = CStarAt0: Beam Attenuation, WET Labs C-Star [1/m]
# name 13 = CStarTr0: Beam Transmission, WET Labs C-Star [%]
# name 14 = sbeox0ML/L: Oxygen, SBE 43 [ml/l], WS = 2
# name 15 = sbeox1ML/L: Oxygen, SBE 43, 2 [ml/l], WS = 2
# name 16 = sal00: Salinity, Practical [PSU]
# name 17 = sal11: Salinity, Practical, 2 [PSU]
# name 18 = sigma-t00: Density [sigma-t, kg/m^3 ]
# name 19 = sigma-t11: Density, 2 [sigma-t, kg/m^3 ]
# name 20 = oxsatML/L: Oxygen Saturation, Weiss [ml/l]
# name 21 = flag: flag
# span 0 =          2,      37358       
# span 1 =      1.110,    246.619       
# span 2 =    -0.2143,     6.2113       
# span 3 =    -0.2156,     6.1701       
# span 4 =   2.728129,   3.145150       
# span 5 =   2.727795,   3.142069       
# span 6 =     1.9539,     2.7723       
# span 7 =     2.3471,     3.4070       
# span 8 =      8.023,      8.381       
# span 9 =     0.6452,    12.2325       
# span 10 =    -2.8130,   482.1870      
# span 11 = 1.0678e-01, 5.3195e+01      
# span 12 =    -0.1278,     0.8783      
# span 13 =    80.2865,   103.2470      
# span 14 =     6.8117,    10.6200      
# span 15 =     7.0499,    11.1632      
# span 16 =    31.5223,    34.2001      
# span 17 =    31.5284,    34.1999      
# span 18 =    24.7817,    27.3394      
# span 19 =    24.7908,    27.3403      
# span 20 =    7.04520,    8.20421      
# span 21 = 0.0000e+00, 0.0000e+00      
# interval = scans: 3                   
# start_time = Jul 27 2020 08:55:33 [System UTC, header]
# bad_flag = -9.990e-29
*END*
[from data line 4478]
      23136     66.203    -0.0598    -0.0657   2.773242   2.772887     2.0157     2.4290      8.046     0.7510     3.5826 1.0715e-01    -0.0834   102.1075     7.4160     7.6876    33.2962    33.2979    26.7337    26.7354    8.15220 0.0000e+00
      23139     66.141    -0.0602    -0.0626   2.773316   2.773062     2.0165     2.4290      8.046     0.7510     3.5826 1.0715e-01    -0.0845   102.1347     7.4184     7.6884    33.2976    33.2969    26.7349    26.7344    8.15221 0.0000e+00
      23142     66.073    -0.0577    -0.0659   2.773495   2.772718     2.0161     2.4294      8.046     0.7616     3.5826 1.0727e-01    -0.0845   102.1347     7.4146     7.6924    33.2973    33.2959    26.7345    26.7338    8.15168 0.0000e+00
      23145     66.002    -0.0607    -0.0662   2.773275   2.772955     2.0169     2.4294      8.046     0.7510     3.5826 1.0727e-01    -0.0849   102.1437     7.4164     7.6933    33.2977    33.2994    26.7350    26.7366    8.15231 0.0000e+00
      23148     65.929    -0.0574    -0.0552   2.773786   2.774004     2.0165     2.4294      8.046     0.7405     3.0299 1.0715e-01    -0.0845   102.1347     7.4106     7.6902    33.3010    33.3014    26.7375    26.7377    8.15142 0.0000e+00
      23151     65.852    -0.0517    -0.0575   2.774499   2.773739     2.0161     2.4302      8.046     0.7510     0.3848 1.0727e-01    -0.0852   102.1528     7.4066     7.6935    33.3042    33.3004    26.7398    26.7370    8.14999 0.0000e+00
      23154     65.770    -0.0414    -0.0527   2.775753   2.774526     2.0153     2.4294      8.046     0.7405     0.5032 1.0727e-01    -0.0849   102.1437     7.4029     7.6855    33.3096    33.3057    26.7437    26.7411    8.14746 0.0000e+00
      23157     65.685    -0.0370    -0.0510   2.776174   2.774372     2.0165     2.4294      8.046     0.7405     0.4637 1.0727e-01    -0.0809   102.0442     7.4094     7.6825    33.3104    33.3019    26.7441    26.7378    8.14646 0.0000e+00
      23160     65.596    -0.0337    -0.0572   2.776306   2.773756     2.0169     2.4302      8.046     0.7616     0.5032 1.0715e-01    -0.0788   101.9900     7.4087     7.6841    33.3087    33.3005    26.7425    26.7371    8.14584 0.0000e+00
      23163     65.502    -0.0379    -0.0582   2.775852   2.773755     2.0165     2.4302      8.046     0.7510     0.5032 1.0715e-01    -0.0792   101.9990     7.4087     7.6835    33.3072    33.3016    26.7416    26.7380    8.14683 0.0000e+00
      23166     65.403    -0.0424    -0.0519   2.775269   2.774526     2.0165     2.4306      8.046     0.7405     0.5032 1.0715e-01    -0.0795   102.0081     7.4141     7.6814    33.3045    33.3050    26.7396    26.7405    8.14796 0.0000e+00
      23169     65.298    -0.0447    -0.0474   2.775002   2.774980     2.0169     2.4306      8.046     0.7616     0.4243 1.0727e-01    -0.0792   101.9990     7.4202     7.6800    33.3035    33.3062    26.7389    26.7412    8.14851 0.0000e+00
      23172     65.190    -0.0423    -0.0454   2.775438   2.775170     2.0173     2.4306      8.046     0.7510     0.5032 1.0715e-01    -0.0792   101.9990     7.4234     7.6818    33.3068    33.3066    26.7414    26.7414    8.14782 0.0000e+00
      23175     65.081    -0.0369    -0.0420   2.776223   2.775529     2.0169     2.4306      8.046     0.7616     1.2928 1.0715e-01    -0.0792   101.9990     7.4190     7.6817    33.3113    33.3077    26.7449    26.7422    8.14639 0.0000e+00
      23178     64.964    -0.0302    -0.0473   2.776625   2.774426     2.0177     2.4306      8.046     0.7616     2.5562 1.0727e-01    -0.0809   102.0443     7.4183     7.6853    33.3094    33.2989    26.7429    26.7353    8.14503 0.0000e+00
      23181     64.845    -0.0369    -0.0489   2.775497   2.774829     2.0181     2.4306      8.046     0.7616     2.5167 1.0715e-01    -0.0813   102.0533     7.4208     7.6849    33.3018    33.3061    26.7371    26.7412    8.14691 0.0000e+00
      23184     64.722    -0.0511    -0.0453   2.773847   2.775115     2.0173     2.4306      8.046     0.7510     2.5167 1.0727e-01    -0.0813   102.0533     7.4212     7.6823    33.2955    33.3061    26.7328    26.7410    8.15034 0.0000e+00
      23187     64.597    -0.0572    -0.0478   2.773452   2.774603     2.0181     2.4306      8.046     0.7510     2.5167 1.0727e-01    -0.0813   102.0533     7.4241     7.6834    33.2971    33.3021    26.7343    26.7378    8.15159 0.0000e+00
      23190     64.472    -0.0560    -0.0592   2.773863   2.773192     2.0189     2.4306      8.046     0.7405     2.5167 1.0727e-01    -0.0813   102.0533     7.4243     7.6859    33.3012    33.2959    26.7376    26.7334    8.15109 0.0000e+00
      23193     64.346    -0.0594    -0.0680   2.773116   2.772406     2.0185     2.4314      8.046     0.7616     2.5167 1.0715e-01    -0.0813   102.0533     7.4218     7.6937    33.2951    33.2951    26.7328    26.7332    8.15216 0.0000e+00
      23196     64.216    -0.0688    -0.0742   2.772199   2.771796     2.0181     2.4322      8.046     0.7510     2.5167 1.0715e-01    -0.0813   102.0533     7.4229     7.7005    33.2934    33.2939    26.7319    26.7326    8.15432 0.0000e+00
      23199     64.085    -0.0730    -0.0779   2.771836   2.771454     2.0177     2.4318      8.046     0.7510     2.5167 1.0715e-01    -0.0813   102.0533     7.4193     7.7010    33.2932    33.2935    26.7319    26.7324    8.15523 0.0000e+00
      23202     63.955    -0.0750    -0.0799   2.771669   2.771286     2.0181     2.4322      8.046     0.7405     3.1878 1.0715e-01    -0.0813   102.0533     7.4221     7.7035    33.2932    33.2936    26.7320    26.7326    8.15566 0.0000e+00
      23205     63.822    -0.0761    -0.0813   2.771533   2.771155     2.0193     2.4318      8.046     0.7510     3.4642 1.0727e-01    -0.0813   102.0533     7.4296     7.7029    33.2927    33.2934    26.7317    26.7325    8.15593 0.0000e+00
      23208     63.690    -0.0772    -0.0825   2.771467   2.771008     2.0181     2.4318      8.046     0.7616     3.4642 1.0715e-01    -0.0813   102.0533     7.4223     7.7040    33.2931    33.2929    26.7321    26.7321    8.15615 0.0000e+00
      23211     63.555    -0.0781    -0.0838   2.771266   2.770861     2.0185     2.4318      8.046     0.7510     3.4642 1.0727e-01    -0.0817   102.0623     7.4260     7.7039    33.2915    33.2924    26.7308    26.7318    8.15643 0.0000e+00
      23214     63.424    -0.0800    -0.0846   2.771093   2.770756     2.0185     2.4322      8.046     0.7828     3.4642 1.0715e-01    -0.0817   102.0623     7.4296     7.7032    33.2914    33.2920    26.7308    26.7315    8.15686 0.0000e+00
      23217     63.298    -0.0802    -0.0854   2.771104   2.770637     2.0189     2.4330      8.046     0.7722     3.4642 1.0715e-01    -0.0831   102.0985     7.4359     7.7056    33.2919    33.2914    26.7312    26.7310    8.15688 0.0000e+00
      23220     63.171    -0.0803    -0.0862   2.771087   2.770574     2.0193     2.4330      8.046     0.7934     3.4642 1.0715e-01    -0.0845   102.1347     7.4393     7.7068    33.2918    33.2915    26.7312    26.7312    8.15691 0.0000e+00
      23223     63.043    -0.0797    -0.0858   2.771083   2.770553     2.0189     2.4330      8.046     0.7828     3.4642 1.0715e-01    -0.0845   102.1347     7.4378     7.7061    33.2911    33.2908    26.7306    26.7306    8.15680 0.0000e+00
      23226     62.917    -0.0793    -0.0831   2.771056   2.770634     2.0198     2.4330      8.046     0.7722     3.3458 1.0715e-01    -0.0845   102.1347     7.4393     7.7094    33.2905    33.2890    26.7300    26.7290    8.15676 0.0000e+00
      23229     62.793    -0.0775    -0.0813   2.771091   2.770732     2.0193     2.4338      8.046     0.7722     1.6086 1.0727e-01    -0.0845   102.1347     7.4368     7.7140    33.2891    33.2884    26.7288    26.7285    8.15645 0.0000e+00
      23232     62.672    -0.0753    -0.0787   2.771203   2.770917     2.0193     2.4338      8.046     0.7828     1.5692 1.0715e-01    -0.0845   102.1347     7.4376     7.7119    33.2882    33.2881    26.7280    26.7281    8.15601 0.0000e+00
      23235     62.553    -0.0721    -0.0747   2.771395   2.771213     2.0206     2.4334      8.046     0.7722     1.5692 1.0715e-01    -0.0845   102.1347     7.4401     7.7092    33.2873    33.2877    26.7271    26.7276    8.15536 0.0000e+00
      23238     62.436    -0.0695    -0.0723   2.771551   2.771352     2.0202     2.4338      8.046     0.7934     1.5297 1.0727e-01    -0.0873   102.2070     7.4359     7.7098    33.2866    33.2871    26.7264    26.7269    8.15484 0.0000e+00
      23241     62.324    -0.0670    -0.0716   2.771726   2.771375     2.0206     2.4342      8.044     0.7405     1.5692 1.0740e-01    -0.0887   102.2432     7.4351     7.7111    33.2863    33.2867    26.7261    26.7266    8.15432 0.0000e+00
      23244     62.217    -0.0644    -0.0706   2.771877   2.771402     2.0202     2.4338      8.044     0.7510     1.5692 1.0715e-01    -0.0887   102.2432     7.4315     7.7119    33.2855    33.2859    26.7253    26.7259    8.15380 0.0000e+00
      23247     62.110    -0.0647    -0.0702   2.771812   2.771389     2.0206     2.4342      8.046     0.7510     1.4902 1.0727e-01    -0.0887   102.2432     7.4291     7.7140    33.2850    33.2854    26.7249    26.7255    8.15389 0.0000e+00
      23250     62.011    -0.0646    -0.0707   2.771847   2.771345     2.0206     2.4359      8.046     0.7405     1.5692 1.0727e-01    -0.0887   102.2432     7.4265     7.7191    33.2855    33.2855    26.7253    26.7255    8.15385 0.0000e+00
      23253     61.919    -0.0641    -0.0707   2.771865   2.771349     2.0206     2.4346      8.046     0.7616     1.0954 1.0740e-01    -0.0887   102.2432     7.4257     7.7140    33.2852    33.2856    26.7250    26.7257    8.15375 0.0000e+00
      23256     61.830    -0.0640    -0.0708   2.771842   2.771349     2.0202     2.4351      8.046     0.7405    -0.2074 1.0740e-01    -0.0880   102.2251     7.4225     7.7170    33.2848    33.2857    26.7247    26.7258    8.15374 0.0000e+00
      23259     61.743    -0.0645    -0.0706   2.771799   2.771362     2.0210     2.4355      8.046     0.7616    -0.1679 1.0715e-01    -0.0838   102.1166     7.4285     7.7190    33.2848    33.2857    26.7247    26.7257    8.15385 0.0000e+00
      23262     61.659    -0.0653    -0.0706   2.771757   2.771362     2.0210     2.4359      8.046     0.7510    -0.1679 1.0715e-01    -0.0834   102.1075     7.4333     7.7197    33.2852    33.2858    26.7251    26.7258    8.15400 0.0000e+00
      23265     61.580    -0.0647    -0.0700   2.771804   2.771428     2.0206     2.4359      8.046     0.7510    -0.1679 1.0715e-01    -0.0834   102.1075     7.4327     7.7206    33.2853    33.2861    26.7251    26.7260    8.15388 0.0000e+00
      23268     61.509    -0.0648    -0.0694   2.771788   2.771512     2.0206     2.4367      8.046     0.7510    -0.2074 1.0727e-01    -0.0834   102.1075     7.4348     7.7226    33.2852    33.2865    26.7251    26.7264    8.15391 0.0000e+00
      23271     61.442    -0.0655    -0.0687   2.771732   2.771530     2.0202     2.4359      8.046     0.7405    -0.1284 1.0715e-01    -0.0834   102.1075     7.4366     7.7153    33.2852    33.2861    26.7251    26.7259    8.15404 0.0000e+00
      23274     61.374    -0.0658    -0.0683   2.771726   2.771579     2.0210     2.4363      8.046     0.7405    -0.1679 1.0715e-01    -0.0834   102.1075     7.4431     7.7174    33.2855    33.2863    26.7254    26.7262    8.15410 0.0000e+00
      23277     61.307    -0.0654    -0.0672   2.771764   2.771624     2.0210     2.4367      8.046     0.7616    -0.1679 1.0740e-01    -0.0841   102.1256     7.4453     7.7204    33.2857    33.2857    26.7255    26.7256    8.15401 0.0000e+00
      23280     61.244    -0.0647    -0.0671   2.771823   2.771654     2.0218     2.4371      8.046     0.7510     0.9770 1.0715e-01    -0.0866   102.1889     7.4508     7.7196    33.2857    33.2861    26.7255    26.7259    8.15385 0.0000e+00
      23283     61.179    -0.0642    -0.0658   2.771936   2.771730     2.0222     2.4367      8.046     0.7616     2.0824 1.0715e-01    -0.0866   102.1889     7.4514     7.7160    33.2866    33.2857    26.7262    26.7255    8.15368 0.0000e+00
      23286     61.117    -0.0617    -0.0661   2.772100   2.771697     2.0226     2.4379      8.046     0.7299     2.0429 1.0715e-01    -0.0866   102.1889     7.4526     7.7222    33.2861    33.2856    26.7257    26.7255    8.15317 0.0000e+00
      23289     61.056    -0.0597    -0.0656   2.772231   2.771790     2.0218     2.4379      8.046     0.7510     2.0429 1.0715e-01    -0.0866   102.1889     7.4478     7.7226    33.2857    33.2863    26.7252    26.7260    8.15275 0.0000e+00
      23292     60.993    -0.0566    -0.0643   2.772399   2.771951     2.0222     2.4371      8.046     0.7616     2.0429 1.0715e-01    -0.0866   102.1889     7.4485     7.7200    33.2846    33.2871    26.7242    26.7265    8.15214 0.0000e+00
      23295     60.929    -0.0565    -0.0630   2.772394   2.772263     2.0230     2.4379      8.046     0.7405     2.0429 1.0727e-01    -0.0866   102.1889     7.4505     7.7259    33.2845    33.2898    26.7242    26.7287    8.15214 0.0000e+00
      23298     60.863    -0.0569    -0.0620   2.772374   2.772137     2.0230     2.4379      8.046     0.7616     2.0429 1.0727e-01    -0.0859   102.1708     7.4468     7.7245    33.2847    33.2871    26.7243    26.7265    8.15221 0.0000e+00
      23301     60.794    -0.0570    -0.0618   2.772318   2.772169     2.0230     2.4387      8.046     0.7510     2.0429 1.0715e-01    -0.0852   102.1528     7.4437     7.7274    33.2841    33.2873    26.7238    26.7267    8.15227 0.0000e+00
      23304     60.722    -0.0566    -0.0604   2.772380   2.772258     2.0234     2.4379      8.046     0.7616     2.0429 1.0727e-01    -0.0856   102.1618     7.4436     7.7244    33.2846    33.2870    26.7241    26.7263    8.15215 0.0000e+00
      23307     60.643    -0.0553    -0.0587   2.772530   2.772278     2.0226     2.4383      8.046     0.7510     2.7930 1.0715e-01    -0.0856   102.1618     7.4375     7.7253    33.2851    33.2856    26.7246    26.7251    8.15184 0.0000e+00
      23310     60.559    -0.0547    -0.0587   2.772594   2.772259     2.0230     2.4395      8.046     0.7510     2.9904 1.0740e-01    -0.0852   102.1528     7.4373     7.7313    33.2853    33.2853    26.7247    26.7248    8.15169 0.0000e+00
      23313     60.469    -0.0549    -0.0566   2.772591   2.772482     2.0230     2.4391      8.046     0.7405     2.9904 1.0715e-01    -0.0856   102.1618     7.4368     7.7325    33.2857    33.2861    26.7250    26.7254    8.15173 0.0000e+00
      23316     60.374    -0.0536    -0.0561   2.772723   2.772536     2.0234     2.4395      8.046     0.7510     2.9904 1.0715e-01    -0.0856   102.1618     7.4366     7.7360    33.2860    33.2863    26.7252    26.7255    8.15141 0.0000e+00
      23319     60.271    -0.0532    -0.0561   2.772860   2.772642     2.0238     2.4403      8.046     0.7616     2.9904 1.0727e-01    -0.0856   102.1618     7.4364     7.7391    33.2874    33.2877    26.7263    26.7267    8.15124 0.0000e+00
      23322     60.160    -0.0510    -0.0570   2.773027   2.772568     2.0234     2.4395      8.046     0.7510     2.9904 1.0727e-01    -0.0856   102.1618     7.4343     7.7355    33.2873    33.2878    26.7261    26.7268    8.15078 0.0000e+00
      23325     60.044    -0.0513    -0.0580   2.772999   2.772601     2.0238     2.4403      8.046     0.7616     2.9904 1.0715e-01    -0.0856   102.1618     7.4394     7.7368    33.2873    33.2894    26.7262    26.7282    8.15084 0.0000e+00
      23328     59.930    -0.0528    -0.0559   2.772982   2.772697     2.0238     2.4403      8.046     0.7510     2.9904 1.0715e-01    -0.0856   102.1618     7.4414     7.7359    33.2888    33.2885    26.7274    26.7273    8.15109 0.0000e+00
