Datasets/AZMP/TEL210/tel210_2020_028.cnv
* Sea-Bird SBE 9 Data File:
* FileName = C:\CTDDATA\tel210_2020_028.hex
* Software Version Seasave V 7.26.7.110
* Temperature SN = 1697
* Conductivity SN = 4216
* Number of Bytes Per Scan = 30
* Number of Voltage Words = 4
* Number of Scans Averaged by the Deck Unit = 1
* NMEA baud rate = 4800
** VESSEL/TRIP/SEQ STN:  tel210_2020_028
** LATITUDE XX XX.XX: 47 00.00 N
** LONGITUDE XX XX.XX: 044 46.30 W
** SOUNDING DEPTH (M): 0140
** PROBE TYPE: S1146
** CTD NUMBER: 027
** COMMENTS (14 CHAR): FC-26
** BOTTLES:  9
** LEVELS: 5,10,20,30,40,50,75,100,BTM
** STICKERS: 435922 - 435930
** VNET: Y
** DO2: N
# nquan = 22
# nvalues = 3299                        
# units = specified
# name 0 = scan: Scan Count
# name 1 = prDM: Pressure, Digiquartz [db]
# name 2 = t090C: Temperature [ITS-90, deg C]
# name 3 = t190C: Temperature, 2 [ITS-90, deg C]
# name 4 = c0S/m: Conductivity [S/m]
# name 5 = c1S/m: Conductivity, 2 [S/m]
# name 6 = sbeox0V: Oxygen raw, SBE 43 [V]
# name 7 = sbeox1V: Oxygen raw, SBE 43, 2 [V]
# name 8 = ph: pH
# name 9 = flECO-AFL: Fluorescence, WET Labs ECO-AFL/FL [mg/m^3]
# name 10 = wetCDOM: Fluorescence, WET Labs CDOM [mg/m^3]
# name 11 = par/sat/log: PAR/Logarithmic, Satlantic [umol photons/m^2/sec]
# name 12 = CStarAt0: Beam Attenuation, WET Labs C-Star [1/m]
# name 13 = CStarTr0: Beam Transmission, WET Labs C-Star [%]
# name 14 = sbeox0ML/L: Oxygen, SBE 43 [ml/l], WS = 2
# name 15 = sbeox1ML/L: Oxygen, SBE 43, 2 [ml/l], WS = 2
# name 16 = sal00: Salinity, Practical [PSU]
# name 17 = sal11: Salinity, Practical, 2 [PSU]
# name 18 = sigma-t00: Density [sigma-t, kg/m^3 ]
# name 19 = sigma-t11: Density, 2 [sigma-t, kg/m^3 ]
# name 20 = oxsatML/L: Oxygen Saturation, Weiss [ml/l]
# name 21 = flag: flag
# span 0 =         32,      29907       
# span 1 =      1.949,    146.059       
# span 2 =     3.6980,    11.4961       
# span 3 =     3.6931,    11.4800       
# span 4 =   3.186732,   3.753092       
# span 5 =   3.186246,   3.751435       
# span 6 =     1.9141,     2.4318       
# span 7 =     2.3101,     2.9757       
# span 8 =      7.941,      8.218       
# span 9 =    -0.6121,     6.1644       
# span 10 =    -2.8130,   482.1870      
# span 11 = 1.0678e-01, 3.2665e-01      
# span 12 =    -0.1183,     0.1858      
# span 13 =    95.4608,   103.0028      
# span 14 =     6.1892,     7.7009      
# span 15 =     6.3436,     8.0944      
# span 16 =    33.0428,    34.5110      
# span 17 =    33.0419,    34.5101      
# span 18 =    25.1627,    27.4253      
# span 19 =    25.1654,    27.4250      
# span 20 =    6.19211,    7.34462      
# span 21 = 0.0000e+00, 0.0000e+00      
# interval = scans: 3                   
# start_time = Jul 18 2020 04:24:59 [System UTC, header]
# bad_flag = -9.990e-29
*END*
[from data line 461]
       1562     48.203     4.9801     4.9724   3.270083   3.269225     2.2487     2.7305      8.151     3.9869     5.1618 1.0703e-01     0.0963    97.6222     7.2064     7.5176    34.1204    34.1184    26.9801    26.9794    7.13362 0.0000e+00
       1565     48.310     4.9828     4.9723   3.270476   3.269218     2.2482     2.7305      8.151     3.9869     5.1223 1.0703e-01     0.0959    97.6312     7.2043     7.5144    34.1222    34.1183    26.9812    26.9794    7.13308 0.0000e+00
       1568     48.421     4.9817     4.9707   3.270304   3.269145     2.2470     2.7289      8.148     3.9971     5.1223 1.0703e-01     0.0959    97.6312     7.1984     7.5058    34.1212    34.1190    26.9807    26.9801    7.13331 0.0000e+00
       1571     48.530     4.9757     4.9684   3.269672   3.269061     2.2470     2.7277      8.149     3.9869     5.1618 1.0715e-01     0.0963    97.6222     7.1983     7.4972    34.1199    34.1204    26.9803    26.9815    7.13439 0.0000e+00
       1574     48.640     4.9707     4.9744   3.269343   3.269381     2.2454     2.7257      8.151     3.9869     5.1223 1.0715e-01     0.0959    97.6312     7.1911     7.4843    34.1212    34.1179    26.9818    26.9788    7.13520 0.0000e+00
       1577     48.750     4.9663     4.9662   3.268881   3.268443     2.2438     2.7240      8.148     3.9768     5.1223 1.0715e-01     0.0948    97.6583     7.1828     7.4741    34.1203    34.1154    26.9817    26.9778    7.13600 0.0000e+00
       1580     48.858     4.9570     4.9524   3.268176   3.267671     2.2426     2.7224      8.146     3.9259     5.1223 1.0703e-01     0.0885    97.8121     7.1792     7.4640    34.1217    34.1206    26.9838    26.9834    7.13755 0.0000e+00
       1583     48.968     4.9456     4.9577   3.267334   3.268356     2.2417     2.7208      8.146     3.9463    71.7629 1.0703e-01     0.0881    97.8211     7.1746     7.4535    34.1235    34.1230    26.9865    26.9848    7.13942 0.0000e+00
       1586     49.076     4.9517     4.9482   3.268133   3.267176     2.2413     2.7200      8.146     3.9361   469.8301 1.0690e-01     0.0881    97.8211     7.1654     7.4484    34.1265    34.1190    26.9882    26.9827    7.13823 0.0000e+00
       1589     49.180     4.9456     4.9345   3.267142   3.266094     2.2401     2.7171      8.146     3.9158   481.5159 1.0715e-01     0.0881    97.8211     7.1597     7.4356    34.1213    34.1204    26.9847    26.9854    7.13954 0.0000e+00
       1592     49.281     4.9130     4.9223   3.264596   3.265295     2.2385     2.7159      8.146     3.9463   481.2790 1.0703e-01     0.0885    97.8121     7.1548     7.4299    34.1251    34.1236    26.9915    26.9893    7.14497 0.0000e+00
       1595     49.378     4.9184     4.9185   3.265815   3.265301     2.2377     2.7139      8.144     3.9158   481.3579 1.0715e-01     0.0881    97.8211     7.1446     7.4205    34.1336    34.1276    26.9977    26.9929    7.14364 0.0000e+00
       1598     49.472     4.9225     4.9119   3.265803   3.264731     2.2352     2.7114      8.144     3.9463   481.3579 1.0703e-01     0.0877    97.8301     7.1301     7.4116    34.1292    34.1277    26.9937    26.9937    7.14314 0.0000e+00
       1601     49.563     4.9177     4.8966   3.265175   3.263031     2.2348     2.7086      8.141     3.9259   481.3579 1.0715e-01     0.0870    97.8482     7.1267     7.4026    34.1269    34.1237    26.9924    26.9922    7.14409 0.0000e+00
       1604     49.651     4.8974     4.8608   3.263790   3.260714     2.2340     2.7073      8.141     3.8140   481.3579 1.0715e-01     0.0870    97.8482     7.1230     7.4012    34.1316    34.1335    26.9984    27.0041    7.14737 0.0000e+00
       1607     49.739     4.8910     4.8691   3.263346   3.262172     2.2320     2.7061      8.141     3.7224   481.3579 1.0703e-01     0.0870    97.8482     7.1112     7.3928    34.1329    34.1418    27.0002    27.0098    7.14841 0.0000e+00
       1610     49.825     4.8778     4.8848   3.262630   3.263096     2.2299     2.7041      8.140     3.7224   299.2806 1.0703e-01     0.0870    97.8482     7.1037     7.3819    34.1382    34.1364    27.0059    27.0037    7.15046 0.0000e+00
       1613     49.908     4.8719     4.8717   3.262087   3.261706     2.2303     2.7012      8.137     3.7224     0.0295 1.0715e-01     0.0870    97.8482     7.1054     7.3753    34.1379    34.1336    27.0064    27.0030    7.15149 0.0000e+00
       1616     49.986     4.8581     4.8569   3.261090   3.260839     2.2271     2.6988      8.137     3.7122     9.9387 1.0715e-01     0.0870    97.8482     7.0933     7.3696    34.1405    34.1388    27.0100    27.0087    7.15376 0.0000e+00
       1619     50.061     4.8627     4.8456   3.261773   3.259464     2.2246     2.6980      8.134     3.7224     9.5834 1.0703e-01     0.0852    97.8934     7.0807     7.3703    34.1436    34.1344    27.0119    27.0065    7.15281 0.0000e+00
       1622     50.134     4.8540     4.8036   3.260572   3.256345     2.2242     2.6955      8.132     3.7224     9.5834 1.0703e-01     0.0837    97.9296     7.0786     7.3694    34.1386    34.1413    27.0089    27.0168    7.15456 0.0000e+00
       1625     50.209     4.8269     4.8000   3.258257   3.257270     2.2234     2.6935      8.132     3.7224     9.5045 1.0715e-01     0.0837    97.9296     7.0775     7.3626    34.1395    34.1558    27.0127    27.0286    7.15922 0.0000e+00
       1628     50.292     4.7882     4.8197   3.255561   3.258408     2.2218     2.6907      8.129     3.7122     9.5440 1.0715e-01     0.0841    97.9206     7.0768     7.3488    34.1479    34.1486    27.0237    27.0207    7.16553 0.0000e+00
       1631     50.376     4.7816     4.8294   3.255618   3.258929     2.2198     2.6894      8.128     2.9084     9.5045 1.0715e-01     0.0841    97.9206     7.0713     7.3447    34.1554    34.1447    27.0304    27.0165    7.16633 0.0000e+00
       1634     50.458     4.8031     4.8374   3.257545   3.259417     2.2193     2.6866      8.128     2.8067     9.5834 1.0690e-01     0.0837    97.9296     7.0645     7.3368    34.1556    34.1421    27.0281    27.0135    7.16258 0.0000e+00
       1637     50.540     4.8214     4.8226   3.258852   3.258329     2.2169     2.6858      8.128     2.8067     9.4650 1.0703e-01     0.0833    97.9386     7.0513     7.3386    34.1519    34.1446    27.0232    27.0173    7.15958 0.0000e+00
       1640     50.621     4.8334     4.8082   3.259629   3.257786     2.2157     2.6833      8.123     2.7965     9.4650 1.0703e-01     0.0752    98.1376     7.0470     7.3312    34.1486    34.1531    27.0192    27.0256    7.15766 0.0000e+00
       1643     50.704     4.8307     4.7940   3.258934   3.256518     2.2136     2.6813      8.123     2.7965     9.4255 1.0703e-01     0.0748    98.1467     7.0400     7.3271    34.1432    34.1529    27.0152    27.0270    7.15838 0.0000e+00
       1646     50.793     4.8109     4.7829   3.257551   3.255757     2.2124     2.6792      8.121     2.8067     9.4650 1.0715e-01     0.0748    98.1467     7.0364     7.3244    34.1475    34.1555    27.0208    27.0303    7.16161 0.0000e+00
       1649     50.890     4.8048     4.7923   3.257327   3.256363     2.2104     2.6776      8.118     2.7965     9.3860 1.0715e-01     0.0748    98.1467     7.0296     7.3201    34.1511    34.1527    27.0243    27.0270    7.16250 0.0000e+00
       1652     50.997     4.8120     4.7953   3.258216   3.256561     2.2092     2.6756      8.118     2.7965     9.4650 1.0715e-01     0.0748    98.1467     7.0252     7.3145    34.1540    34.1520    27.0259    27.0261    7.16112 0.0000e+00
       1655     51.107     4.8142     4.7894   3.258120   3.256175     2.2084     2.6744      8.118     2.6947     9.4255 1.0715e-01     0.0748    98.1467     7.0212     7.3138    34.1505    34.1534    27.0229    27.0279    7.16090 0.0000e+00
       1658     51.216     4.8062     4.7877   3.257315   3.256070     2.2063     2.6723      8.118     2.2674     9.3860 1.0715e-01     0.0708    98.2462     7.0154     7.3070    34.1494    34.1539    27.0228    27.0284    7.16234 0.0000e+00
       1661     51.335     4.7853     4.7805   3.255774   3.255148     2.2047     2.6699      8.116     2.2674     9.3860 1.0715e-01     0.0557    98.6169     7.0140     7.3013    34.1529    34.1505    27.0280    27.0266    7.16581 0.0000e+00
       1664     51.457     4.7788     4.7730   3.255624   3.255094     2.2039     2.6670      8.116     2.2674     6.1487 1.0715e-01     0.0561    98.6079     7.0131     7.2947    34.1578    34.1575    27.0325    27.0331    7.16670 0.0000e+00
       1667     51.578     4.7779     4.7765   3.255417   3.255251     2.2027     2.6662      8.113     2.2572     5.8329 1.0715e-01     0.0561    98.6079     7.0125     7.2928    34.1563    34.1557    27.0315    27.0312    7.16694 0.0000e+00
       1670     51.704     4.7602     4.7734   3.254086   3.255004     2.2010     2.6646      8.113     2.2775     5.8329 1.0715e-01     0.0561    98.6079     7.0094     7.2895    34.1589    34.1560    27.0355    27.0317    7.16988 0.0000e+00
       1673     51.833     4.7570     4.7635   3.254026   3.254332     2.1994     2.6630      8.113     2.2674     5.8329 1.0715e-01     0.0561    98.6079     7.0045     7.2868    34.1614    34.1583    27.0379    27.0347    7.17032 0.0000e+00
       1676     51.964     4.7406     4.7575   3.252707   3.253860     2.1982     2.6617      8.109     2.2674     5.8329 1.0715e-01     0.0565    98.5988     7.0042     7.2844    34.1629    34.1589    27.0409    27.0359    7.17310 0.0000e+00
       1679     52.102     4.7394     4.7374   3.252596   3.252625     2.1957     2.6597      8.109     2.2775     5.8329 1.0715e-01     0.0458    98.8611     6.9956     7.2822    34.1628    34.1652    27.0409    27.0430    7.17332 0.0000e+00
       1682     52.238     4.7421     4.7436   3.253187   3.252799     2.1949     2.6569      8.109     2.1554     5.8329 1.0715e-01     0.0348    99.1323     6.9937     7.2742    34.1668    34.1607    27.0438    27.0388    7.17266 0.0000e+00
       1685     52.373     4.7407     4.7162   3.252650   3.250758     2.1937     2.6560      8.109     2.0130     5.8329 1.0715e-01     0.0352    99.1233     6.9900     7.2781    34.1619    34.1652    27.0401    27.0454    7.17314 0.0000e+00
       1688     52.507     4.7212     4.7158   3.251354   3.251100     2.1925     2.6540      8.107     2.0333    99.7535 1.0715e-01     0.0352    99.1233     6.9896     7.2708    34.1669    34.1695    27.0462    27.0489    7.17630 0.0000e+00
       1691     52.641     4.7138     4.7155   3.251126   3.250986     2.1925     2.6524      8.106     2.0333   479.1471 1.0715e-01     0.0352    99.1233     6.9939     7.2643    34.1718    34.1683    27.0509    27.0481    7.17736 0.0000e+00
       1694     52.776     4.7248     4.7180   3.252035   3.251008     2.1896     2.6512      8.104     2.0130   481.3974 1.0715e-01     0.0352    99.1233     6.9835     7.2613    34.1709    34.1660    27.0490    27.0459    7.17548 0.0000e+00
       1697     52.908     4.7091     4.7031   3.250630   3.249866     2.1888     2.6487      8.104     2.0333   481.2790 1.0715e-01     0.0352    99.1233     6.9852     7.2568    34.1707    34.1679    27.0506    27.0491    7.17823 0.0000e+00
       1700     53.041     4.7110     4.6991   3.251021   3.249830     2.1880     2.6471      8.104     2.0435   481.3579 1.0715e-01     0.0239    99.4037     6.9843     7.2541    34.1732    34.1716    27.0523    27.0525    7.17777 0.0000e+00
       1703     53.171     4.7164     4.7100   3.251297   3.250632     2.1860     2.6459      8.104     2.0435   481.3579 1.0715e-01     0.0206    99.4850     6.9782     7.2519    34.1708    34.1696    27.0499    27.0496    7.17695 0.0000e+00
       1706     53.293     4.7030     4.7084   3.250231   3.250274     2.1852     2.6438      8.104     2.0333   481.3579 1.0715e-01     0.0210    99.4760     6.9763     7.2472    34.1721    34.1671    27.0524    27.0478    7.17922 0.0000e+00
       1709     53.407     4.7003     4.6929   3.250409   3.249347     2.1839     2.6426      8.102     1.8909   481.3579 1.0715e-01     0.0206    99.4850     6.9704     7.2483    34.1769    34.1722    27.0565    27.0536    7.17947 0.0000e+00
       1712     53.517     4.7039     4.6891   3.250238   3.249118     2.1831     2.6402      8.102     1.8401   481.3579 1.0715e-01     0.0206    99.4850     6.9675     7.2440    34.1712    34.1734    27.0516    27.0550    7.17911 0.0000e+00
       1715     53.623     4.6970     4.6867   3.250033   3.248997     2.1811     2.6389      8.102     1.8502   255.3009 1.0715e-01     0.0210    99.4760     6.9627     7.2443    34.1758    34.1743    27.0560    27.0560    7.18009 0.0000e+00
       1718     53.724     4.7048     4.6881   3.250841   3.249201     2.1811     2.6381      8.099     1.8299    -2.6551 1.0715e-01     0.0195    99.5122     6.9642     7.2449    34.1771    34.1753    27.0562    27.0565    7.17867 0.0000e+00
       1721     53.816     4.7032     4.6904   3.250541   3.249234     2.1795     2.6357      8.099     1.8401     1.8456 1.0715e-01     0.0090    99.7744     6.9564     7.2392    34.1752    34.1732    27.0548    27.0546    7.17904 0.0000e+00
       1724     53.898     4.7016     4.6891   3.250329   3.249172     2.1786     2.6353      8.099     1.8502     1.9640 1.0715e-01     0.0090    99.7744     6.9537     7.2407    34.1744    34.1738    27.0543    27.0552    7.17936 0.0000e+00
       1727     53.976     4.6956     4.6874   3.249892   3.249149     2.1774     2.6333      8.099     1.8401     1.9245 1.0715e-01     0.0090    99.7744     6.9509     7.2366    34.1755    34.1753    27.0559    27.0566    7.18036 0.0000e+00
       1730     54.050     4.6935     4.6887   3.249931   3.249411     2.1754     2.6324      8.099     1.8401     1.9245 1.0715e-01     0.0090    99.7744     6.9440     7.2380    34.1780    34.1769    27.0582    27.0578    7.18060 0.0000e+00
       1733     54.120     4.6923     4.6970   3.249900   3.250236     2.1746     2.6308      8.099     1.8706     1.9245 1.0715e-01     0.0086    99.7834     6.9413     7.2351    34.1789    34.1779    27.0590    27.0577    7.18077 0.0000e+00
       1736     54.184     4.6917     4.6998   3.249918   3.250188     2.1737     2.6300      8.099     2.1758     1.9245 1.0703e-01     0.0090    99.7744     6.9393     7.2353    34.1797    34.1744    27.0597    27.0546    7.18084 0.0000e+00
       1739     54.244     4.6925     4.6918   3.250023   3.249600     2.1733     2.6288      8.099     2.2165     1.9245 1.0715e-01     0.0065    99.8377     6.9386     7.2344    34.1800    34.1758    27.0598    27.0566    7.18067 0.0000e+00
       1742     54.298     4.6919     4.6863   3.250042   3.249379     2.1713     2.6276      8.099     2.2064     5.1618 1.0715e-01     0.0003    99.9915     6.9308     7.2334    34.1808    34.1788    27.0605    27.0596    7.18075 0.0000e+00
       1745     54.355     4.6913     4.6921   3.249967   3.249815     2.1697     2.6251      8.098     2.2165     6.2277 1.0715e-01     0.0007    99.9824     6.9278     7.2258    34.1805    34.1779    27.0604    27.0582    7.18086 0.0000e+00
       1748     54.408     4.6899     4.6883   3.249872   3.249515     2.1689     2.6247      8.099     2.2064     6.1882 1.0715e-01     0.0003    99.9915     6.9281     7.2261    34.1808    34.1783    27.0608    27.0590    7.18109 0.0000e+00
       1751     54.458     4.6898     4.6911   3.249940   3.249930     2.1685     2.6239      8.099     2.2064     6.1882 1.0715e-01     0.0007    99.9824     6.9310     7.2229    34.1817    34.1802    27.0615    27.0602    7.18107 0.0000e+00
       1754     54.509     4.6954     4.6972   3.250458   3.250298     2.1676     2.6231      8.099     2.1962     6.1882 1.0703e-01     0.0014    99.9643     6.9279     7.2200    34.1820    34.1782    27.0611    27.0579    7.18008 0.0000e+00
