Datasets/AZMP/TEL210/tel210_2020_139.cnv
* Sea-Bird SBE 9 Data File:
* FileName = C:\CTDDATA\tel210_2020_139.hex
* Software Version Seasave V 7.26.7.110
* Temperature SN = 1697
* Conductivity SN = 4216
* Number of Bytes Per Scan = 30
* Number of Voltage Words = 4
* Number of Scans Averaged by the Deck Unit = 1
* NMEA baud rate = 4800
** VESSEL/TRIP/SEQ STN:  tel210_2020_139
** LATITUDE XX XX.XX: 47 37.80 N
** LONGITUDE XX XX.XX: 052 07.20 W
** SOUNDING DEPTH (M): 0170
** PROBE TYPE: S1146
** CTD NUMBER: 080
** COMMENTS (14 CHAR): S27-03
** BOTTLES:  10
** LEVELS: 5,10,20,30,40,50,75,100,150,btm
** STICKERS: 436358 - 436367
** VNET: Y
** DO2: N
# nquan = 22
# nvalues = 4363                        
# units = specified
# name 0 = scan: Scan Count
# name 1 = prDM: Pressure, Digiquartz [db]
# name 2 = t090C: Temperature [ITS-90, deg C]
# name 3 = t190C: Temperature, 2 [ITS-90, deg C]
# name 4 = c0S/m: Conductivity [S/m]
# name 5 = c1S/m: Conductivity, 2 [S/m]
# name 6 = sbeox0V: Oxygen raw, SBE 43 [V]
# name 7 = sbeox1V: Oxygen raw, SBE 43, 2 [V]
# name 8 = ph: pH
# name 9 = flECO-AFL: Fluorescence, WET Labs ECO-AFL/FL [mg/m^3]
# name 10 = wetCDOM: Fluorescence, WET Labs CDOM [mg/m^3]
# name 11 = par/sat/log: PAR/Logarithmic, Satlantic [umol photons/m^2/sec]
# name 12 = CStarAt0: Beam Attenuation, WET Labs C-Star [1/m]
# name 13 = CStarTr0: Beam Transmission, WET Labs C-Star [%]
# name 14 = sbeox0ML/L: Oxygen, SBE 43 [ml/l], WS = 2
# name 15 = sbeox1ML/L: Oxygen, SBE 43, 2 [ml/l], WS = 2
# name 16 = sal00: Salinity, Practical [PSU]
# name 17 = sal11: Salinity, Practical, 2 [PSU]
# name 18 = sigma-t00: Density [sigma-t, kg/m^3 ]
# name 19 = sigma-t11: Density, 2 [sigma-t, kg/m^3 ]
# name 20 = oxsatML/L: Oxygen Saturation, Weiss [ml/l]
# name 21 = flag: flag
# span 0 =         45,      41469       
# span 1 =      0.581,    169.117       
# span 2 =    -1.5336,    13.3548       
# span 3 =    -1.5393,    13.3516       
# span 4 =   2.607382,   3.755960       
# span 5 =   2.606858,   3.755368       
# span 6 =     1.8134,     2.4902       
# span 7 =     2.1732,     3.0190       
# span 8 =      7.816,      8.232       
# span 9 =     0.6346,     7.2802       
# span 10 =    -2.8130,   482.1870      
# span 11 = 1.0715e-01, 2.1203e+02      
# span 12 =    -0.1481,     0.5257      
# span 13 =    87.6837,   103.7715      
# span 14 =     6.0677,     9.0689      
# span 15 =     6.0770,     9.4497      
# span 16 =    31.3812,    33.3015      
# span 17 =    31.3364,    33.3025      
# span 18 =    23.5934,    26.7518      
# span 19 =    23.5921,    26.7531      
# span 20 =    6.01186,    8.51943      
# span 21 = 0.0000e+00, 0.0000e+00      
# interval = scans: 3                   
# start_time = Jul 30 2020 20:17:03 [System UTC, header]
# bad_flag = -9.990e-29
*END*
[from data line 2766]
      16695     94.530    -1.5154    -1.5184   2.611054   2.610862     2.0154     2.4327      7.920     0.7510     0.1084 1.0715e-01    -0.1432   103.6449     7.8050     8.1112    32.6822    32.6828    26.2899    26.2904    8.51550 0.0000e+00
      16698     94.443    -1.5161    -1.5188   2.610953   2.610835     2.0166     2.4327      7.920     0.7510     0.1479 1.0727e-01    -0.1425   103.6268     7.8165     8.1092    32.6816    32.6830    26.2894    26.2906    8.51568 0.0000e+00
      16701     94.350    -1.5180    -1.5193   2.610749   2.610618     2.0158     2.4327      7.920     0.7405     0.1084 1.0715e-01    -0.1425   103.6268     7.8132     8.1090    32.6811    32.6806    26.2890    26.2886    8.51618 0.0000e+00
      16704     94.255    -1.5200    -1.5218   2.610537   2.610471     2.0167     2.4335      7.920     0.7299     0.1479 1.0727e-01    -0.1425   103.6268     7.8164     8.1116    32.6803    32.6814    26.2884    26.2894    8.51668 0.0000e+00
      16707     94.154    -1.5214    -1.5222   2.610373   2.610497     2.0154     2.4331      7.920     0.7405     0.1479 1.0715e-01    -0.1425   103.6268     7.8098     8.1076    32.6797    32.6822    26.2880    26.2900    8.51705 0.0000e+00
      16710     94.048    -1.5219    -1.5224   2.610345   2.610289     2.0158     2.4327      7.920     0.7616     0.1479 1.0727e-01    -0.1422   103.6178     7.8136     8.1039    32.6799    32.6797    26.2881    26.2879    8.51716 0.0000e+00
      16713     93.938    -1.5217    -1.5252   2.610394   2.610101     2.0154     2.4327      7.920     0.7510     0.5822 1.0715e-01    -0.1425   103.6268     7.8130     8.1018    32.6804    32.6802    26.2885    26.2885    8.51707 0.0000e+00
      16716     93.828    -1.5221    -1.5261   2.610312   2.610150     2.0150     2.4327      7.920     0.7510     0.9770 1.0715e-01    -0.1425   103.6268     7.8098     8.1039    32.6798    32.6819    26.2880    26.2899    8.51720 0.0000e+00
      16719     93.714    -1.5221    -1.5246   2.610348   2.610287     2.0166     2.4335      7.920     0.7510     0.9770 1.0727e-01    -0.1429   103.6358     7.8164     8.1075    32.6804    32.6823    26.2885    26.2902    8.51718 0.0000e+00
      16722     93.596    -1.5221    -1.5245   2.610180   2.610089     2.0166     2.4327      7.920     0.7510     0.9770 1.0715e-01    -0.1425   103.6268     7.8156     8.1023    32.6781    32.6794    26.2867    26.2879    8.51730 0.0000e+00
      16725     93.477    -1.5237    -1.5271   2.610065   2.609689     2.0158     2.4335      7.920     0.7616     0.9770 1.0715e-01    -0.1425   103.6268     7.8150     8.1065    32.6783    32.6769    26.2869    26.2858    8.51766 0.0000e+00
      16728     93.353    -1.5222    -1.5278   2.610275   2.609793     2.0162     2.4327      7.920     0.7299     0.9770 1.0715e-01    -0.1429   103.6358     7.8161     8.1005    32.6797    32.6791    26.2880    26.2877    8.51724 0.0000e+00
      16731     93.229    -1.5158    -1.5254   2.610720   2.610131     2.0162     2.4327      7.920     0.7510     0.9770 1.0715e-01    -0.1429   103.6358     7.8159     8.1008    32.6789    32.6813    26.2872    26.2894    8.51579 0.0000e+00
      16734     93.103    -1.5118    -1.5197   2.610868   2.610392     2.0162     2.4327      7.920     0.7510     0.9770 1.0715e-01    -0.1429   103.6358     7.8145     8.0970    32.6765    32.6787    26.2852    26.2871    8.51498 0.0000e+00
      16737     92.979    -1.5092    -1.5140   2.611047   2.610840     2.0162     2.4331      7.920     0.7616     0.9770 1.0715e-01    -0.1425   103.6268     7.8120     8.0961    32.6763    32.6787    26.2848    26.2869    8.51439 0.0000e+00
      16740     92.853    -1.5060    -1.5078   2.611393   2.611206     2.0162     2.4339      7.920     0.7405    -0.1679 1.0715e-01    -0.1425   103.6268     7.8065     8.0958    32.6776    32.6770    26.2859    26.2854    8.51357 0.0000e+00
      16743     92.727    -1.4987    -1.5032   2.611762   2.611421     2.0162     2.4331      7.920     0.7616    -0.4048 1.0715e-01    -0.1425   103.6268     7.8018     8.0879    32.6747    32.6750    26.2834    26.2837    8.51203 0.0000e+00
      16746     92.599    -1.4954    -1.5007   2.611850   2.611503     2.0162     2.4327      7.920     0.7510    -0.3258 1.0727e-01    -0.1425   103.6268     7.8035     8.0889    32.6724    32.6734    26.2814    26.2823    8.51140 0.0000e+00
      16749     92.474    -1.4937    -1.4988   2.611973   2.611622     2.0166     2.4335      7.920     0.7510    -0.3258 1.0715e-01    -0.1425   103.6268     7.8061     8.0918    32.6723    32.6730    26.2813    26.2820    8.51100 0.0000e+00
      16752     92.347    -1.4922    -1.4978   2.612057   2.611656     2.0162     2.4323      7.920     0.7510    -0.3653 1.0715e-01    -0.1425   103.6268     7.8008     8.0873    32.6719    32.6725    26.2809    26.2815    8.51067 0.0000e+00
      16755     92.225    -1.4917    -1.4968   2.612087   2.611685     2.0162     2.4327      7.918     0.7405    -0.4048 1.0715e-01    -0.1425   103.6268     7.8029     8.0879    32.6719    32.6719    26.2809    26.2810    8.51057 0.0000e+00
      16758     92.111    -1.4911    -1.4972   2.612064   2.611594     2.0166     2.4323      7.920     0.7510    -0.3258 1.0727e-01    -0.1415   103.5997     7.8079     8.0854    32.6710    32.6712    26.2801    26.2805    8.51048 0.0000e+00
      16761     91.997    -1.4913    -1.4977   2.612085   2.611645     2.0158     2.4331      7.918     0.7722    -0.3653 1.0715e-01    -0.1415   103.5997     7.8061     8.0879    32.6715    32.6725    26.2805    26.2815    8.51049 0.0000e+00
      16764     91.887    -1.4908    -1.4968   2.612104   2.611705     2.0162     2.4319      7.920     0.7510    -0.4837 1.0715e-01    -0.1415   103.5997     7.8069     8.0845    32.6713    32.6724    26.2804    26.2814    8.51039 0.0000e+00
      16767     91.781    -1.4916    -1.4965   2.612045   2.611683     2.0162     2.4323      7.920     0.7510    -1.2338 1.0727e-01    -0.1415   103.5997     7.8048     8.0900    32.6715    32.6718    26.2805    26.2810    8.51057 0.0000e+00
      16770     91.679    -1.4918    -1.4960   2.612049   2.611732     2.0166     2.4335      7.918     0.7405    -1.1944 1.0715e-01    -0.1415   103.5997     7.8028     8.0942    32.6718    32.6720    26.2808    26.2811    8.51059 0.0000e+00
      16773     91.585    -1.4910    -1.4947   2.612066   2.611781     2.0162     2.4327      7.918     0.7616    -1.1944 1.0727e-01    -0.1415   103.5997     7.7997     8.0882    32.6712    32.6713    26.2803    26.2805    8.51044 0.0000e+00
      16776     91.492    -1.4913    -1.4945   2.612008   2.611775     2.0162     2.4327      7.920     0.7616    -1.1549 1.0740e-01    -0.1415   103.5997     7.7997     8.0880    32.6707    32.6710    26.2799    26.2803    8.51054 0.0000e+00
      16779     91.405    -1.4917    -1.4946   2.612023   2.611746     2.0166     2.4327      7.918     0.7510    -1.1549 1.0715e-01    -0.1411   103.5906     7.8008     8.0879    32.6715    32.6708    26.2805    26.2801    8.51059 0.0000e+00
      16782     91.324    -1.4913    -1.4949   2.612003   2.611735     2.0175     2.4327      7.920     0.7616    -1.2338 1.0715e-01    -0.1415   103.5997     7.8066     8.0858    32.6708    32.6711    26.2800    26.2803    8.51054 0.0000e+00
      16785     91.251    -1.4914    -1.4950   2.611939   2.611737     2.0171     2.4327      7.920     0.7616    -1.1944 1.0727e-01    -0.1415   103.5997     7.8051     8.0863    32.6700    32.6713    26.2794    26.2804    8.51059 0.0000e+00
      16788     91.185    -1.4911    -1.4952   2.611944   2.611691     2.0162     2.4327      7.918     0.7510    -1.1549 1.0715e-01    -0.1415   103.5997     7.8024     8.0890    32.6699    32.6709    26.2792    26.2801    8.51055 0.0000e+00
      16791     91.124    -1.4911    -1.4953   2.611945   2.611675     2.0158     2.4331      7.920     0.7510    -0.6811 1.0727e-01    -0.1415   103.5997     7.7993     8.0888    32.6699    32.6708    26.2793    26.2801    8.51054 0.0000e+00
      16794     91.068    -1.4910    -1.4956   2.611942   2.611652     2.0158     2.4319      7.918     0.7510     0.1479 1.0727e-01    -0.1415   103.5997     7.7987     8.0864    32.6698    32.6708    26.2792    26.2801    8.51053 0.0000e+00
      16797     91.019    -1.4915    -1.4962   2.611940   2.611620     2.0162     2.4315      7.918     0.7616     0.1084 1.0727e-01    -0.1418   103.6087     7.8028     8.0867    32.6703    32.6711    26.2796    26.2803    8.51060 0.0000e+00
      16800     90.978    -1.4918    -1.4967   2.611903   2.611583     2.0162     2.4327      7.918     0.7616     0.1084 1.0727e-01    -0.1425   103.6268     7.8040     8.0932    32.6702    32.6711    26.2795    26.2804    8.51069 0.0000e+00
      16803     90.942    -1.4917    -1.4973   2.611918   2.611545     2.0162     2.4323      7.918     0.7616     0.1084 1.0727e-01    -0.1425   103.6268     7.8048     8.0934    32.6703    32.6714    26.2796    26.2806    8.51065 0.0000e+00
      16806     90.911    -1.4920    -1.4982   2.611923   2.611524     2.0166     2.4323      7.918     0.7405     0.0690 1.0727e-01    -0.1429   103.6358     7.8078     8.0968    32.6707    32.6721    26.2799    26.2812    8.51069 0.0000e+00
      16809     90.884    -1.4924    -1.4975   2.611938   2.611563     2.0171     2.4327      7.918     0.7616     0.0690 1.0715e-01    -0.1425   103.6268     7.8123     8.1010    32.6714    32.6718    26.2805    26.2809    8.51076 0.0000e+00
      16812     90.862    -1.4923    -1.4968   2.611928   2.611583     2.0171     2.4331      7.920     0.7510     0.1084 1.0715e-01    -0.1429   103.6358     7.8116     8.1038    32.6712    32.6714    26.2803    26.2806    8.51075 0.0000e+00
      16818     90.820    -1.4919    -1.4966   2.611939   2.611578     2.0171     2.4331      7.918     0.7510     0.4638 1.0715e-01    -0.1425   103.6268     7.8100     8.1049    32.6709    32.6710    26.2801    26.2803    8.51067 0.0000e+00
      16826     90.768    -1.4923    -1.4975   2.611916   2.611574     2.0171     2.4331      7.920     0.7722     0.9770 1.0715e-01    -0.1429   103.6358     7.8077     8.1014    32.6710    32.6721    26.2802    26.2812    8.51075 0.0000e+00
      16829     90.747    -1.4936    -1.4977   2.611779   2.611549     2.0166     2.4335      7.920     0.7510     0.9770 1.0727e-01    -0.1429   103.6358     7.8055     8.1054    32.6707    32.6719    26.2799    26.2810    8.51109 0.0000e+00
      16832     90.726    -1.4946    -1.4981   2.611769   2.611522     2.0162     2.4335      7.920     0.7510     0.9770 1.0715e-01    -0.1425   103.6268     7.8060     8.1059    32.6715    32.6720    26.2807    26.2811    8.51126 0.0000e+00
      16835     90.703    -1.4945    -1.4982   2.611805   2.611548     2.0162     2.4335      7.920     0.7510     0.9770 1.0727e-01    -0.1429   103.6358     7.8105     8.1060    32.6719    32.6725    26.2810    26.2816    8.51121 0.0000e+00
      16838     90.677    -1.4931    -1.4982   2.611853   2.611548     2.0166     2.4331      7.920     0.7510     0.9770 1.0715e-01    -0.1429   103.6358     7.8152     8.1048    32.6711    32.6725    26.2802    26.2816    8.51093 0.0000e+00
      16841     90.648    -1.4924    -1.4981   2.611863   2.611531     2.0175     2.4327      7.920     0.7405     0.9770 1.0715e-01    -0.1429   103.6358     7.8179     8.1038    32.6705    32.6722    26.2797    26.2813    8.51080 0.0000e+00
      16844     90.617    -1.4919    -1.4983   2.611833   2.611505     2.0166     2.4335      7.918     0.7510     0.2664 1.0715e-01    -0.1425   103.6268     7.8122     8.1089    32.6696    32.6721    26.2790    26.2812    8.51075 0.0000e+00
      16847     90.579    -1.4932    -1.4989   2.611772   2.611442     2.0171     2.4331      7.920     0.7616    -0.1679 1.0727e-01    -0.1425   103.6268     7.8139     8.1049    32.6701    32.6719    26.2795    26.2810    8.51101 0.0000e+00
      16850     90.540    -1.4950    -1.4994   2.611714   2.611407     2.0175     2.4339      7.920     0.7510    -0.0889 1.0715e-01    -0.1432   103.6449     7.8186     8.1060    32.6713    32.6720    26.2805    26.2811    8.51136 0.0000e+00
      16853     90.498    -1.4955    -1.4996   2.611721   2.611404     2.0175     2.4348      7.917     0.7510    -0.1284 1.0715e-01    -0.1425   103.6268     7.8205     8.1118    32.6721    32.6722    26.2811    26.2813    8.51145 0.0000e+00
      16856     90.451    -1.4956    -1.4994   2.611731   2.611390     2.0179     2.4343      7.920     0.7510    -0.1284 1.0715e-01    -0.1425   103.6268     7.8228     8.1136    32.6723    32.6718    26.2813    26.2810    8.51144 0.0000e+00
      16859     90.395    -1.4949    -1.4997   2.611747   2.611393     2.0179     2.4339      7.917     0.7405    -0.1284 1.0715e-01    -0.1425   103.6268     7.8190     8.1110    32.6718    32.6722    26.2809    26.2813    8.51132 0.0000e+00
      16862     90.341    -1.4941    -1.4998   2.611752   2.611372     2.0175     2.4339      7.918     0.7510    -0.1284 1.0715e-01    -0.1422   103.6178     7.8124     8.1093    32.6711    32.6720    26.2802    26.2812    8.51118 0.0000e+00
      16865     90.279    -1.4936    -1.5000   2.611748   2.611375     2.0171     2.4348      7.920     0.7299    -0.1679 1.0715e-01    -0.1425   103.6268     7.8102     8.1130    32.6704    32.6724    26.2797    26.2815    8.51109 0.0000e+00
      16868     90.210    -1.4937    -1.5000   2.611754   2.611385     2.0171     2.4343      7.920     0.7510    -0.0889 1.0715e-01    -0.1425   103.6268     7.8097     8.1106    32.6707    32.6726    26.2800    26.2816    8.51111 0.0000e+00
      16871     90.139    -1.4936    -1.5000   2.611727   2.611384     2.0171     2.4339      7.920     0.7510    -0.0100 1.0715e-01    -0.1425   103.6268     7.8066     8.1091    32.6702    32.6725    26.2796    26.2816    8.51110 0.0000e+00
      16874     90.066    -1.4930    -1.4998   2.611711   2.611418     2.0179     2.4339      7.917     0.7510     0.0295 1.0715e-01    -0.1425   103.6268     7.8090     8.1090    32.6694    32.6728    26.2789    26.2818    8.51100 0.0000e+00
      16877     89.988    -1.4936    -1.4993   2.611698   2.611430     2.0183     2.4352      7.920     0.7616     0.0295 1.0727e-01    -0.1418   103.6087     7.8123     8.1159    32.6700    32.6725    26.2794    26.2816    8.51113 0.0000e+00
      16880     89.909    -1.4937    -1.4990   2.611721   2.611398     2.0175     2.4352      7.920     0.7510     0.0295 1.0715e-01    -0.1425   103.6268     7.8106     8.1165    32.6704    32.6718    26.2797    26.2809    8.51111 0.0000e+00
      16883     89.825    -1.4932    -1.4989   2.611760   2.611370     2.0175     2.4339      7.918     0.7616     0.0295 1.0740e-01    -0.1425   103.6268     7.8142     8.1112    32.6705    32.6713    26.2798    26.2806    8.51100 0.0000e+00
      16886     89.738    -1.4928    -1.4983   2.611741   2.611385     2.0175     2.4348      7.918     0.7405     0.0295 1.0715e-01    -0.1425   103.6268     7.8138     8.1137    32.6698    32.6709    26.2792    26.2802    8.51094 0.0000e+00
      16889     89.649    -1.4925    -1.4984   2.611746   2.611372     2.0179     2.4352      7.918     0.7510     0.0295 1.0727e-01    -0.1425   103.6268     7.8163     8.1139    32.6696    32.6709    26.2791    26.2802    8.51089 0.0000e+00
      16892     89.559    -1.4923    -1.4985   2.611736   2.611330     2.0175     2.4356      7.917     0.7510     0.0295 1.0727e-01    -0.1425   103.6268     7.8137     8.1164    32.6693    32.6705    26.2787    26.2799    8.51085 0.0000e+00
      16895     89.466    -1.4924    -1.4990   2.611722   2.611301     2.0175     2.4356      7.920     0.7510     0.0295 1.0715e-01    -0.1425   103.6268     7.8153     8.1138    32.6693    32.6707    26.2787    26.2801    8.51087 0.0000e+00
