Datasets/AZMP/TEL210/tel210_2020_015.cnv
* Sea-Bird SBE 9 Data File:
* FileName = C:\CTDDATA\tel210_2020_015.hex
* Software Version Seasave V 7.26.7.110
* Temperature SN = 1697
* Conductivity SN = 4216
* Number of Bytes Per Scan = 30
* Number of Voltage Words = 4
* Number of Scans Averaged by the Deck Unit = 1
* NMEA baud rate = 4800
** VESSEL/TRIP/SEQ STN:  tel210_2020_015
** LATITUDE XX XX.XX: 47 00.00 N
** LONGITUDE XX XX.XX: 047 49.00 W
** SOUNDING DEPTH (M): 0167
** PROBE TYPE: S1146
** CTD NUMBER: 014
** COMMENTS (14 CHAR): FC-13
** BOTTLES:  10
** LEVELS: 5,10,20,30,40,50,70,100,150,BTM
** STICKERS: 435828 - 435837
** VNET: Y
** DO2: N
# nquan = 22
# nvalues = 3385                        
# units = specified
# name 0 = scan: Scan Count
# name 1 = prDM: Pressure, Digiquartz [db]
# name 2 = t090C: Temperature [ITS-90, deg C]
# name 3 = t190C: Temperature, 2 [ITS-90, deg C]
# name 4 = c0S/m: Conductivity [S/m]
# name 5 = c1S/m: Conductivity, 2 [S/m]
# name 6 = sbeox0V: Oxygen raw, SBE 43 [V]
# name 7 = sbeox1V: Oxygen raw, SBE 43, 2 [V]
# name 8 = ph: pH
# name 9 = flECO-AFL: Fluorescence, WET Labs ECO-AFL/FL [mg/m^3]
# name 10 = wetCDOM: Fluorescence, WET Labs CDOM [mg/m^3]
# name 11 = par/sat/log: PAR/Logarithmic, Satlantic [umol photons/m^2/sec]
# name 12 = CStarAt0: Beam Attenuation, WET Labs C-Star [1/m]
# name 13 = CStarTr0: Beam Transmission, WET Labs C-Star [%]
# name 14 = sbeox0ML/L: Oxygen, SBE 43 [ml/l], WS = 2
# name 15 = sbeox1ML/L: Oxygen, SBE 43, 2 [ml/l], WS = 2
# name 16 = sal00: Salinity, Practical [PSU]
# name 17 = sal11: Salinity, Practical, 2 [PSU]
# name 18 = sigma-t00: Density [sigma-t, kg/m^3 ]
# name 19 = sigma-t11: Density, 2 [sigma-t, kg/m^3 ]
# name 20 = oxsatML/L: Oxygen Saturation, Weiss [ml/l]
# name 21 = flag: flag
# span 0 =          2,      41745       
# span 1 =      0.487,    164.982       
# span 2 =    -1.6273,    10.1321       
# span 3 =    -1.6311,    10.1293       
# span 4 =   2.602149,   3.518543       
# span 5 =   2.601889,   3.515228       
# span 6 =     1.8021,     2.4759       
# span 7 =     2.1798,     3.0434       
# span 8 =      7.811,      8.161       
# span 9 =    -0.6019,     9.1559       
# span 10 =    -2.8130,   482.1870      
# span 11 = 1.0703e-01, 3.0551e+02      
# span 12 =    -0.1519,     0.1425      
# span 13 =    96.5008,   103.8710      
# span 14 =     6.3543,     8.8586      
# span 15 =     6.4519,     9.4856      
# span 16 =    31.7916,    33.4229      
# span 17 =    31.8062,    33.4235      
# span 18 =    24.4260,    26.8305      
# span 19 =    24.4378,    26.8313      
# span 20 =    6.42523,    8.54105      
# span 21 = 0.0000e+00, 0.0000e+00      
# interval = scans: 3                   
# start_time = Jul 16 2020 16:30:22 [System UTC, header]
# bad_flag = -9.990e-29
*END*
[from data line 2634]
      22130     65.558    -1.5381    -1.5441   2.606531   2.606139     2.0294     2.4744      7.917    -0.4290   481.1606 7.5871e-01    -0.1467   103.7353     7.8950     8.2942    32.6625    32.6637    26.2744    26.2756    8.52195 0.0000e+00
      22133     65.442    -1.5380    -1.5447   2.606535   2.606170     2.0290     2.4752      7.918    -0.4290   476.4626 7.6224e-01    -0.1467   103.7353     7.8958     8.2971    32.6626    32.6650    26.2745    26.2765    8.52194 0.0000e+00
      22136     65.320    -1.5390    -1.5450   2.606567   2.606173     2.0298     2.4756      7.918    -0.4188    58.6164 7.7021e-01    -0.1467   103.7353     7.9019     8.3001    32.6641    32.6653    26.2758    26.2769    8.52207 0.0000e+00
      22139     65.196    -1.5349    -1.5458   2.607006   2.606175     2.0306     2.4764      7.917    -0.4392    -0.7601 7.7466e-01    -0.1467   103.7353     7.9061     8.3054    32.6658    32.6664    26.2770    26.2778    8.52102 0.0000e+00
      22142     65.070    -1.5240    -1.5473   2.607742   2.606153     2.0306     2.4760      7.915    -0.4595     2.0824 7.7557e-01    -0.1467   103.7353     7.9083     8.3036    32.6641    32.6677    26.2754    26.2789    8.51858 0.0000e+00
      22145     64.938    -1.5199    -1.5496   2.607926   2.606088     2.0302     2.4764      7.920    -0.4900     1.9245 7.8731e-01    -0.1467   103.7353     7.9083     8.3107    32.6622    32.6694    26.2737    26.2804    8.51773 0.0000e+00
      22148     64.801    -1.5115    -1.5491   2.608501   2.606241     2.0310     2.4768      7.920    -0.5002     1.9245 7.9462e-01    -0.1467   103.7353     7.9104     8.3172    32.6610    32.6711    26.2725    26.2817    8.51583 0.0000e+00
      22151     64.664    -1.5039    -1.5379   2.609037   2.606892     2.0310     2.4768      7.917    -0.5002     1.9245 7.9923e-01    -0.1467   103.7353     7.9129     8.3162    32.6601    32.6678    26.2716    26.2787    8.51410 0.0000e+00
      22154     64.522    -1.4951    -1.5223   2.609697   2.607911     2.0318     2.4776      7.917    -0.5002     1.9245 8.1135e-01    -0.1460   103.7172     7.9167     8.3163    32.6597    32.6649    26.2710    26.2760    8.51208 0.0000e+00
      22157     64.380    -1.4876    -1.5073   2.610180   2.608939     2.0322     2.4780      7.918    -0.4798     1.9245 8.1698e-01    -0.1456   103.7082     7.9180     8.3155    32.6581    32.6626    26.2696    26.2738    8.51041 0.0000e+00
      22160     64.239    -1.4838    -1.4959   2.610433   2.609618     2.0322     2.4780      7.915    -0.4900     2.3588 8.2650e-01    -0.1456   103.7082     7.9139     8.3130    32.6575    32.6596    26.2690    26.2710    8.50955 0.0000e+00
      22163     64.104    -1.4811    -1.4862   2.610679   2.610361     2.0326     2.4789      7.917    -0.5002     4.4906 8.3996e-01    -0.1456   103.7082     7.9147     8.3138    32.6581    32.6592    26.2694    26.2704    8.50891 0.0000e+00
      22166     63.970    -1.4746    -1.4751   2.611279   2.611414     2.0335     2.4793      7.917    -0.4900     4.4117 8.4387e-01    -0.1456   103.7082     7.9170     8.3126    32.6592    32.6616    26.2702    26.2721    8.50731 0.0000e+00
      22169     63.834    -1.4660    -1.4594   2.612126   2.612548     2.0339     2.4805      7.918    -0.5002     4.4117 8.6460e-01    -0.1456   103.7082     7.9146     8.3135    32.6616    32.6601    26.2718    26.2705    8.50518 0.0000e+00
      22172     63.699    -1.4504    -1.4496   2.613447   2.613307     2.0343     2.4809      7.920    -0.4900     4.4117 8.7265e-01    -0.1456   103.7082     7.9097     8.3114    32.6626    32.6599    26.2723    26.2701    8.50146 0.0000e+00
      22175     63.570    -1.4349    -1.4371   2.614524   2.614313     2.0351     2.4805      7.918    -0.4900     4.4117 8.8490e-01    -0.1449   103.6901     7.9096     8.3072    32.6606    32.6601    26.2702    26.2699    8.49798 0.0000e+00
      22178     63.439    -1.4207    -1.4219   2.615911   2.615479     2.0343     2.4825      7.917    -0.5002     4.4117 8.9305e-01    -0.1446   103.6811     7.9007     8.3097    32.6641    32.6596    26.2727    26.2690    8.49446 0.0000e+00
      22181     63.313    -1.4026    -1.4141   2.617180   2.616030     2.0351     2.4817      7.917    -0.4798     4.4117 8.9720e-01    -0.1446   103.6811     7.9015     8.3065    32.6619    32.6586    26.2704    26.2681    8.49039 0.0000e+00
      22184     63.192    -1.3993    -1.4009   2.617270   2.617217     2.0351     2.4817      7.917    -0.4900     4.4117 9.1399e-01    -0.1446   103.6811     7.9003     8.3004    32.6596    32.6605    26.2685    26.2693    8.48976 0.0000e+00
      22187     63.076    -1.3908    -1.3889   2.618053   2.617833     2.0351     2.4817      7.920    -0.4798     4.7275 9.2137e-01    -0.1446   103.6811     7.8946     8.2939    32.6610    32.6560    26.2694    26.2653    8.48768 0.0000e+00
      22190     62.962    -1.3785    -1.3906   2.618878   2.617721     2.0355     2.4829      7.919    -0.5002     5.1223 9.2885e-01    -0.1443   103.6720     7.8915     8.2976    32.6590    32.6563    26.2674    26.2656    8.48495 0.0000e+00
      22193     62.852    -1.3779    -1.3940   2.618735   2.617293     2.0359     2.4829      7.919    -0.5002     5.1223 9.3640e-01    -0.1443   103.6720     7.8933     8.2984    32.6564    32.6542    26.2653    26.2640    8.48495 0.0000e+00
      22196     62.741    -1.3806    -1.4003   2.618489   2.616858     2.0363     2.4838      7.919    -0.3781     5.1223 9.5277e-01    -0.1443   103.6720     7.8969     8.3052    32.6560    32.6553    26.2651    26.2650    8.48560 0.0000e+00
      22199     62.634    -1.3818    -1.3825   2.618611   2.619052     2.0371     2.4846      7.919    -0.3679     5.1223 9.5277e-01    -0.1446   103.6811     7.9042     8.3052    32.6591    32.6659    26.2676    26.2732    8.48570 0.0000e+00
      22202     62.528    -1.3542    -1.3621   2.621032   2.620097     2.0375     2.4846      7.919    -0.3679     5.1223 9.6274e-01    -0.1446   103.6811     7.9058     8.3015    32.6621    32.6579    26.2693    26.2661    8.47911 0.0000e+00
      22205     62.428    -1.3314    -1.3682   2.622691   2.619519     2.0379     2.4858      7.919    -0.3577     5.1223 9.6609e-01    -0.1446   103.6811     7.9063     8.3123    32.6600    32.6568    26.2670    26.2654    8.47396 0.0000e+00
      22208     62.331    -1.3083    -1.3517   2.625625   2.621294     2.0379     2.4850      7.919    -0.3679     5.1223 9.7281e-01    -0.1446   103.6811     7.8999     8.3026    32.6750    32.6631    26.2785    26.2700    8.46773 0.0000e+00
      22211     62.232    -1.2489    -1.3092   2.630830   2.625045     2.0375     2.4854      7.919    -0.3679     5.1223 9.8071e-01    -0.1443   103.6720     7.8825     8.2885    32.6813    32.6681    26.2819    26.2728    8.45362 0.0000e+00
      22214     62.137    -1.2112    -1.2819   2.632618   2.625995     2.0383     2.4862      7.919    -0.3679     0.4638 9.8299e-01    -0.1443   103.6720     7.8767     8.2803    32.6646    32.6513    26.2672    26.2585    8.44590 0.0000e+00
      22217     62.044    -1.2128    -1.2870   2.631816   2.626172     2.0383     2.4866      7.921    -0.3781    -1.2733 9.8643e-01    -0.1436   103.6539     7.8761     8.2797    32.6554    32.6593    26.2599    26.2652    8.44679 0.0000e+00
      22220     61.953    -1.2297    -1.2765   2.630458   2.626866     2.0396     2.4874      7.924    -0.3883    -1.1549 9.9097e-01    -0.1439   103.6630     7.8852     8.2756    32.6554    32.6574    26.2603    26.2633    8.45070 0.0000e+00
      22223     61.860    -1.2404    -1.2807   2.629784   2.626457     2.0396     2.4878      7.924    -0.3985    -1.1549 1.0002e+00    -0.1436   103.6539     7.8901     8.2788    32.6580    32.6565    26.2627    26.2627    8.45303 0.0000e+00
      22226     61.770    -1.2365    -1.2672   2.629931   2.627507     2.0416     2.4886      7.924    -0.3985    -1.1944 1.0095e+00    -0.1436   103.6539     7.8992     8.2790    32.6558    32.6562    26.2608    26.2620    8.45225 0.0000e+00
      22229     61.681    -1.2480    -1.2622   2.628988   2.628167     2.0408     2.4882      7.924    -0.3985    -1.1944 1.0200e+00    -0.1436   103.6539     7.8991     8.2739    32.6555    32.6598    26.2609    26.2649    8.45492 0.0000e+00
      22232     61.594    -1.2502    -1.2624   2.629093   2.627732     2.0408     2.4886      7.929    -0.3883    -1.1549 1.0189e+00    -0.1436   103.6539     7.8993     8.2742    32.6593    32.6541    26.2641    26.2602    8.45520 0.0000e+00
      22235     61.506    -1.2443    -1.2864   2.628893   2.626251     2.0412     2.4878      7.927    -0.3985    -1.1944 1.0307e+00    -0.1429   103.6358     7.8984     8.2762    32.6502    32.6601    26.2565    26.2657    8.45437 0.0000e+00
      22238     61.422    -1.2513    -1.2989   2.628692   2.625483     2.0416     2.4886      7.929    -0.3985    28.7702 1.0343e+00    -0.1425   103.6268     7.8995     8.2808    32.6552    32.6633    26.2608    26.2688    8.45570 0.0000e+00
      22241     61.338    -1.2531    -1.2976   2.628579   2.625361     2.0416     2.4886      7.929    -0.3985   449.5378 1.0379e+00    -0.1425   103.6268     7.8962     8.2822    32.6557    32.6602    26.2613    26.2662    8.45609 0.0000e+00
      22244     61.257    -1.2518    -1.2792   2.628927   2.626395     2.0428     2.4894      7.929    -0.3883   481.5553 1.0415e+00    -0.1425   103.6268     7.8978     8.2849    32.6591    32.6544    26.2640    26.2609    8.45559 0.0000e+00
      22247     61.176    -1.2455    -1.2740   2.628985   2.626391     2.0432     2.4903      7.929    -0.3883   480.9632 1.0451e+00    -0.1425   103.6268     7.8980     8.2916    32.6530    32.6487    26.2589    26.2561    8.45449 0.0000e+00
      22250     61.103    -1.2483    -1.2790   2.628745   2.626363     2.0428     2.4907      7.929    -0.3679   481.1211 1.0536e+00    -0.1425   103.6268     7.8967     8.2979    32.6528    32.6539    26.2588    26.2605    8.45515 0.0000e+00
      22253     61.035    -1.2656    -1.2660   2.627374   2.627916     2.0436     2.4894      7.931    -0.3577   481.1211 1.0671e+00    -0.1425   103.6268     7.9094     8.2905    32.6530    32.6608    26.2595    26.2658    8.45913 0.0000e+00
      22256     60.970    -1.2512    -1.2515   2.628532   2.628754     2.0432     2.4907      7.934    -0.3577   481.1211 1.0671e+00    -0.1404   103.5725     7.9044     8.2936    32.6532    32.6566    26.2591    26.2619    8.45579 0.0000e+00
      22259     60.912    -1.2454    -1.2691   2.628358   2.627063     2.0444     2.4915      7.934    -0.3577   481.1211 1.0646e+00    -0.1394   103.5454     7.9090     8.3049    32.6446    32.6527    26.2520    26.2592    8.45496 0.0000e+00
      22262     60.856    -1.2362    -1.2771   2.629746   2.626771     2.0444     2.4915      7.932    -0.3679   481.1211 1.0671e+00    -0.1394   103.5454     7.9060     8.3056    32.6534    32.6575    26.2589    26.2634    8.45231 0.0000e+00
      22265     60.800    -1.2134    -1.2642   2.631259   2.627906     2.0444     2.4927      7.934    -0.3577   353.1300 1.0807e+00    -0.1394   103.5454     7.8989     8.3066    32.6493    32.6590    26.2549    26.2642    8.44730 0.0000e+00
      22268     60.749    -1.2243    -1.2532   2.630198   2.628344     2.0448     2.4939      7.934    -0.3679    -2.8130 1.0845e+00    -0.1394   103.5454     7.9027     8.3087    32.6467    32.6530    26.2531    26.2590    8.44996 0.0000e+00
      22271     60.701    -1.2320    -1.2512   2.629736   2.628615     2.0457     2.4935      7.934    -0.3679     0.5427 1.0895e+00    -0.1394   103.5454     7.9111     8.3080    32.6488    32.6544    26.2550    26.2602    8.45162 0.0000e+00
      22274     60.653    -1.2276    -1.2505   2.630369   2.628464     2.0457     2.4935      7.934    -0.3476     1.4902 1.0933e+00    -0.1394   103.5454     7.9098     8.3098    32.6527    32.6517    26.2581    26.2580    8.45037 0.0000e+00
      22277     60.608    -1.2262    -1.2605   2.630563   2.627413     2.0465     2.4931      7.934    -0.3374     1.4507 1.0984e+00    -0.1390   103.5364     7.9103     8.3109    32.6539    32.6483    26.2590    26.2554    8.44999 0.0000e+00
      22280     60.563    -1.1995    -1.2724   2.632104   2.626938     2.0465     2.4947      7.936    -0.3476     1.4507 1.0984e+00    -0.1390   103.5364     7.9013     8.3166    32.6458    32.6547    26.2517    26.2610    8.44430 0.0000e+00
      22283     60.513    -1.1855    -1.2649   2.633245   2.627429     2.0469     2.4951      7.935    -0.3476     1.4507 1.1022e+00    -0.1394   103.5454     7.8967     8.3128    32.6461    32.6533    26.2515    26.2597    8.44106 0.0000e+00
      22286     60.462    -1.1800    -1.2644   2.633681   2.627392     2.0469     2.4951      7.938    -0.3272     1.4507 1.1009e+00    -0.1390   103.5364     7.8952     8.3070    32.6461    32.6523    26.2513    26.2589    8.43979 0.0000e+00
      22289     60.405    -1.1818    -1.2655   2.633422   2.627026     2.0473     2.4955      7.938    -0.3374     1.4507 1.1073e+00    -0.1383   103.5183     7.8931     8.3056    32.6445    32.6485    26.2501    26.2558    8.44030 0.0000e+00
      22292     60.345    -1.1837    -1.2860   2.633253   2.625858     2.0481     2.4968      7.938    -0.3272     4.4511 1.1228e+00    -0.1387   103.5273     7.8901     8.3154    32.6444    32.6550    26.2500    26.2616    8.44075 0.0000e+00
      22295     60.282    -1.1868    -1.2840   2.633252   2.626373     2.0481     2.4964      7.938    -0.3171     7.1357 1.1125e+00    -0.1380   103.5092     7.8864     8.3104    32.6478    32.6599    26.2529    26.2656    8.44126 0.0000e+00
      22298     60.212    -1.1858    -1.2730   2.633182   2.627131     2.0481     2.4972      7.938    -0.3272     7.0173 1.1137e+00    -0.1362   103.4640     7.8824     8.3073    32.6458    32.6583    26.2513    26.2639    8.44115 0.0000e+00
      22301     60.133    -1.1829    -1.2612   2.633468   2.628038     2.0481     2.4976      7.938    -0.3272     7.0173 1.1267e+00    -0.1362   103.4640     7.8784     8.3009    32.6466    32.6579    26.2518    26.2632    8.44043 0.0000e+00
      22304     60.046    -1.1779    -1.2651   2.633883   2.627142     2.0481     2.4976      7.941    -0.3272     7.0173 1.1332e+00    -0.1362   103.4640     7.8755     8.2959    32.6469    32.6499    26.2518    26.2569    8.43927 0.0000e+00
      22307     59.948    -1.1727    -1.2665   2.634146   2.627437     2.0489     2.4968      7.940    -0.3272     7.0173 1.1384e+00    -0.1362   103.4640     7.8763     8.2902    32.6449    32.6556    26.2501    26.2615    8.43819 0.0000e+00
      22310     59.841    -1.1712    -1.2242   2.634283   2.630948     2.0493     2.4972      7.943    -0.3272     7.0173 1.1504e+00    -0.1362   103.4640     7.8754     8.2781    32.6450    32.6574    26.2502    26.2618    8.43781 0.0000e+00
      22313     59.723    -1.1693    -1.1942   2.634414   2.632761     2.0481     2.4980      7.943    -0.3374     7.0173 1.1530e+00    -0.1362   103.4640     7.8684     8.2713    32.6448    32.6495    26.2500    26.2545    8.43739 0.0000e+00
      22316     59.595    -1.1674    -1.1820   2.634442   2.633351     2.0481     2.4980      7.943    -0.3374     7.0173 1.1664e+00    -0.1352   103.4369     7.8687     8.2678    32.6432    32.6444    26.2486    26.2499    8.43705 0.0000e+00
      22319     59.460    -1.1729    -1.1971   2.633777   2.631523     2.0493     2.4976      7.943    -0.3272   392.8065 1.1651e+00    -0.1334   103.3917     7.8810     8.2709    32.6403    32.6360    26.2463    26.2436    8.43849 0.0000e+00
      22322     59.319    -1.1831    -1.2305   2.632825   2.629370     2.0485     2.4976      7.943    -0.3171   481.8317 1.1759e+00    -0.1338   103.4007     7.8818     8.2789    32.6385    32.6430    26.2453    26.2503    8.44095 0.0000e+00
