Datasets/AZMP/TEL210/tel210_2020_140.cnv
* Sea-Bird SBE 9 Data File:
* FileName = C:\CTDDATA\tel210_2020_140.hex
* Software Version Seasave V 7.26.7.110
* Temperature SN = 1697
* Conductivity SN = 4216
* Number of Bytes Per Scan = 30
* Number of Voltage Words = 4
* Number of Scans Averaged by the Deck Unit = 1
* NMEA baud rate = 4800
** VESSEL/TRIP/SEQ STN:  tel210_2020_140
** LATITUDE XX XX.XX: 47 40.80 N
** LONGITUDE XX XX.XX: 051 52.80 W
** SOUNDING DEPTH (M): 0186
** PROBE TYPE: S1146
** CTD NUMBER: 081
** COMMENTS (14 CHAR): S27-04
** BOTTLES:
** LEVELS:
** STICKERS:
** VNET: N
** DO2: N
# nquan = 22
# nvalues = 3588                        
# units = specified
# name 0 = scan: Scan Count
# name 1 = prDM: Pressure, Digiquartz [db]
# name 2 = t090C: Temperature [ITS-90, deg C]
# name 3 = t190C: Temperature, 2 [ITS-90, deg C]
# name 4 = c0S/m: Conductivity [S/m]
# name 5 = c1S/m: Conductivity, 2 [S/m]
# name 6 = sbeox0V: Oxygen raw, SBE 43 [V]
# name 7 = sbeox1V: Oxygen raw, SBE 43, 2 [V]
# name 8 = ph: pH
# name 9 = flECO-AFL: Fluorescence, WET Labs ECO-AFL/FL [mg/m^3]
# name 10 = wetCDOM: Fluorescence, WET Labs CDOM [mg/m^3]
# name 11 = par/sat/log: PAR/Logarithmic, Satlantic [umol photons/m^2/sec]
# name 12 = CStarAt0: Beam Attenuation, WET Labs C-Star [1/m]
# name 13 = CStarTr0: Beam Transmission, WET Labs C-Star [%]
# name 14 = sbeox0ML/L: Oxygen, SBE 43 [ml/l], WS = 2
# name 15 = sbeox1ML/L: Oxygen, SBE 43, 2 [ml/l], WS = 2
# name 16 = sal00: Salinity, Practical [PSU]
# name 17 = sal11: Salinity, Practical, 2 [PSU]
# name 18 = sigma-t00: Density [sigma-t, kg/m^3 ]
# name 19 = sigma-t11: Density, 2 [sigma-t, kg/m^3 ]
# name 20 = oxsatML/L: Oxygen Saturation, Weiss [ml/l]
# name 21 = flag: flag
# span 0 =          6,      11919       
# span 1 =      0.160,    182.257       
# span 2 =    -1.3782,    13.2443       
# span 3 =    -1.3842,    13.2408       
# span 4 =   2.624500,   3.745650       
# span 5 =   2.624149,   3.745241       
# span 6 =     1.8864,     2.5347       
# span 7 =     2.2575,     3.0525       
# span 8 =      7.867,      8.249       
# span 9 =     0.6558,     5.2590       
# span 10 =    -2.8130,   482.1870      
# span 11 = 1.0703e-01, 2.1121e+01      
# span 12 =    -0.1477,     0.6255      
# span 13 =    85.5224,   103.7624      
# span 14 =     6.1434,     9.3218      
# span 15 =     6.0644,     9.7131      
# span 16 =    31.3683,    33.4102      
# span 17 =    31.4351,    33.4147      
# span 18 =    23.5456,    26.8290      
# span 19 =    23.6005,    26.8343      
# span 20 =    6.02595,    8.47776      
# span 21 = 0.0000e+00, 0.0000e+00      
# interval = scans: 3                   
# start_time = Jul 30 2020 22:16:18 [System UTC, header]
# bad_flag = -9.990e-29
*END*
[from data line 2766]
       9258     83.036    -1.2859    -1.3227   2.628232   2.625996     2.0266     2.4357      7.924     0.7616     0.7401 1.0715e-01    -0.1404   103.5725     7.8333     8.0967    32.6737    32.6832    26.2768    26.2856    8.46263 0.0000e+00
       9261     82.977    -1.2917    -1.3168   2.627653   2.626245     2.0258     2.4361      7.924     0.7722     0.7401 1.0715e-01    -0.1443   103.6720     7.8362     8.0964    32.6721    32.6802    26.2757    26.2830    8.46406 0.0000e+00
       9264     82.919    -1.2932    -1.3170   2.627840   2.626051     2.0262     2.4357      7.924     0.7510     0.7401 1.0727e-01    -0.1443   103.6720     7.8385     8.0959    32.6762    32.6778    26.2791    26.2810    8.46415 0.0000e+00
       9267     82.860    -1.2858    -1.3225   2.628440   2.625758     2.0266     2.4365      7.922     0.7510     0.7796 1.0715e-01    -0.1446   103.6811     7.8369     8.1011    32.6765    32.6798    26.2790    26.2828    8.46244 0.0000e+00
       9270     82.799    -1.2836    -1.3225   2.628248   2.625951     2.0266     2.4361      7.924     0.7616     1.0559 1.0715e-01    -0.1446   103.6811     7.8320     8.0984    32.6715    32.6825    26.2749    26.2850    8.46222 0.0000e+00
       9273     82.733    -1.2876    -1.3165   2.628038   2.626206     2.0266     2.4361      7.924     0.7616     1.0954 1.0715e-01    -0.1443   103.6720     7.8296     8.0955    32.6730    32.6795    26.2762    26.2824    8.46305 0.0000e+00
       9276     82.660    -1.2826    -1.3172   2.628369   2.625994     2.0270     2.4373      7.924     0.7616     1.0559 1.0715e-01    -0.1443   103.6720     7.8314     8.0997    32.6721    32.6774    26.2754    26.2807    8.46196 0.0000e+00
       9279     82.579    -1.2776    -1.3210   2.628597   2.625973     2.0274     2.4369      7.924     0.7722     1.0954 1.0715e-01    -0.1436   103.6539     7.8382     8.0979    32.6698    32.6813    26.2734    26.2840    8.46092 0.0000e+00
       9282     82.493    -1.2781    -1.3220   2.628473   2.626007     2.0278     2.4385      7.924     0.7616     1.0954 1.0715e-01    -0.1439   103.6630     7.8468     8.1084    32.6687    32.6829    26.2725    26.2853    8.46111 0.0000e+00
       9285     82.401    -1.2849    -1.3194   2.628019   2.626214     2.0286     2.4385      7.924     0.7616     1.0954 1.0715e-01    -0.1443   103.6720     7.8578     8.1139    32.6700    32.6830    26.2738    26.2853    8.46261 0.0000e+00
       9288     82.302    -1.2912    -1.3152   2.627797   2.626517     2.0282     2.4385      7.924     0.7616     1.0954 1.0715e-01    -0.1436   103.6539     7.8593     8.1170    32.6739    32.6826    26.2771    26.2848    8.46383 0.0000e+00
       9291     82.199    -1.2899    -1.3112   2.628094   2.626467     2.0286     2.4389      7.924     0.7616     1.0559 1.0715e-01    -0.1443   103.6720     7.8630     8.1185    32.6765    32.6776    26.2792    26.2807    8.46337 0.0000e+00
       9294     82.091    -1.2856    -1.3153   2.628120   2.626100     2.0278     2.4385      7.924     0.7616     1.1349 1.0715e-01    -0.1436   103.6539     7.8565     8.1173    32.6723    32.6772    26.2756    26.2804    8.46263 0.0000e+00
       9297     81.972    -1.2871    -1.3206   2.627727   2.625813     2.0290     2.4394      7.924     0.7616     1.3323 1.0715e-01    -0.1443   103.6720     7.8605     8.1170    32.6686    32.6790    26.2727    26.2821    8.46319 0.0000e+00
       9300     81.849    -1.2886    -1.3236   2.627860   2.625764     2.0303     2.4398      7.924     0.7616     1.3323 1.0715e-01    -0.1432   103.6449     7.8648     8.1187    32.6722    32.6817    26.2757    26.2843    8.46334 0.0000e+00
       9303     81.719    -1.2881    -1.3207   2.627798   2.625996     2.0307     2.4402      7.924     0.7616     1.3323 1.0715e-01    -0.1425   103.6268     7.8642     8.1225    32.6708    32.6818    26.2745    26.2843    8.46329 0.0000e+00
       9306     81.583    -1.2894    -1.3181   2.627737   2.626169     2.0307     2.4422      7.924     0.7722     1.3323 1.0715e-01    -0.1425   103.6268     7.8607     8.1315    32.6715    32.6815    26.2751    26.2840    8.46356 0.0000e+00
       9309     81.439    -1.2935    -1.3169   2.627583   2.626267     2.0315     2.4422      7.924     0.7616     1.3323 1.0715e-01    -0.1425   103.6268     7.8634     8.1338    32.6740    32.6815    26.2773    26.2840    8.46437 0.0000e+00
       9312     81.294    -1.2951    -1.3122   2.627556   2.626600     2.0315     2.4422      7.924     0.7722     1.2928 1.0715e-01    -0.1429   103.6358     7.8643     8.1332    32.6755    32.6811    26.2785    26.2835    8.46465 0.0000e+00
       9315     81.145    -1.2973    -1.3092   2.627202   2.626617     2.0315     2.4422      7.924     0.7616     1.3323 1.0715e-01    -0.1432   103.6449     7.8667     8.1299    32.6731    32.6781    26.2766    26.2810    8.46529 0.0000e+00
       9318     80.993    -1.3006    -1.3111   2.626451   2.626318     2.0307     2.4414      7.924     0.7510     1.3323 1.0715e-01    -0.1429   103.6358     7.8635     8.1248    32.6665    32.6762    26.2714    26.2795    8.46644 0.0000e+00
       9321     80.844    -1.2914    -1.3114   2.627140   2.626219     2.0315     2.4418      7.924     0.7510    -0.1284 1.0727e-01    -0.1443   103.6720     7.8578     8.1248    32.6660    32.6753    26.2707    26.2788    8.46435 0.0000e+00
       9324     80.690    -1.2780    -1.3006   2.627906   2.626933     2.0319     2.4438      7.924     0.7616    -0.8785 1.0715e-01    -0.1446   103.6811     7.8533     8.1290    32.6620    32.6733    26.2670    26.2768    8.46149 0.0000e+00
       9327     80.531    -1.2710    -1.2862   2.628151   2.627509     2.0319     2.4446      7.924     0.7510    -0.7996 1.0715e-01    -0.1446   103.6811     7.8550     8.1274    32.6577    32.6655    26.2634    26.2701    8.46010 0.0000e+00
       9330     80.379    -1.2685    -1.2777   2.628175   2.627710     2.0319     2.4446      7.924     0.7616    -0.7996 1.0715e-01    -0.1446   103.6811     7.8565     8.1252    32.6554    32.6591    26.2615    26.2647    8.45966 0.0000e+00
       9333     80.226    -1.2676    -1.2742   2.628139   2.627750     2.0323     2.4450      7.924     0.7616    -0.8391 1.0715e-01    -0.1446   103.6811     7.8605     8.1308    32.6541    32.6559    26.2603    26.2620    8.45954 0.0000e+00
       9336     80.074    -1.2681    -1.2738   2.628031   2.627643     2.0331     2.4446      7.924     0.7722    -0.8785 1.0715e-01    -0.1446   103.6811     7.8621     8.1289    32.6532    32.6541    26.2596    26.2605    8.45970 0.0000e+00
       9339     79.925    -1.2647    -1.2714   2.628541   2.627939     2.0343     2.4446      7.924     0.7722    -0.8391 1.0715e-01    -0.1443   103.6720     7.8667     8.1266    32.6566    32.6556    26.2623    26.2617    8.45872 0.0000e+00
       9342     79.780    -1.2591    -1.2678   2.628887   2.628419     2.0343     2.4455      7.924     0.7616    -0.8391 1.0727e-01    -0.1436   103.6539     7.8675     8.1269    32.6553    32.6584    26.2611    26.2638    8.45751 0.0000e+00
       9345     79.641    -1.2500    -1.2574   2.629953   2.629528     2.0331     2.4463      7.924     0.7616    -0.7996 1.0727e-01    -0.1436   103.6539     7.8575     8.1212    32.6599    32.6623    26.2646    26.2667    8.45512 0.0000e+00
       9348     79.509    -1.2378    -1.2421   2.630919   2.630864     2.0339     2.4467      7.924     0.7616     0.5822 1.0727e-01    -0.1436   103.6539     7.8600     8.1150    32.6600    32.6638    26.2643    26.2675    8.45232 0.0000e+00
       9351     79.381    -1.2200    -1.2249   2.632553   2.632192     2.0347     2.4467      7.924     0.7616     0.7401 1.0715e-01    -0.1436   103.6539     7.8594     8.1122    32.6629    32.6634    26.2661    26.2666    8.44803 0.0000e+00
       9354     79.260    -1.2101    -1.2102   2.632552   2.632766     2.0347     2.4475      7.924     0.7616     0.7401 1.0715e-01    -0.1436   103.6539     7.8552     8.1127    32.6522    32.6552    26.2572    26.2596    8.44637 0.0000e+00
       9357     79.146    -1.2106    -1.2097   2.632672   2.632389     2.0352     2.4479      7.924     0.7722     0.7401 1.0715e-01    -0.1432   103.6449     7.8530     8.1140    32.6544    32.6495    26.2589    26.2549    8.44635 0.0000e+00
       9360     79.039    -1.2045    -1.2107   2.632926   2.632650     2.0331     2.4471      7.924     0.7722     0.7401 1.0715e-01    -0.1429   103.6358     7.8395     8.1087    32.6513    32.6543    26.2562    26.2589    8.44513 0.0000e+00
       9363     78.940    -1.2089    -1.2077   2.632418   2.632791     2.0352     2.4475      7.924     0.7616     0.7401 1.0715e-01    -0.1429   103.6358     7.8512     8.1069    32.6492    32.6529    26.2546    26.2577    8.44626 0.0000e+00
       9366     78.849    -1.2134    -1.2065   2.632148   2.632821     2.0364     2.4483      7.924     0.7934     0.7401 1.0715e-01    -0.1425   103.6268     7.8635     8.1045    32.6505    32.6521    26.2558    26.2570    8.44723 0.0000e+00
       9369     78.766    -1.2148    -1.2065   2.632240   2.632791     2.0356     2.4483      7.924     0.7828     0.7401 1.0727e-01    -0.1425   103.6268     7.8606     8.1039    32.6534    32.6518    26.2582    26.2567    8.44739 0.0000e+00
       9372     78.693    -1.2074    -1.2069   2.632993   2.632722     2.0368     2.4491      7.924     0.8040     1.2139 1.0715e-01    -0.1425   103.6268     7.8647     8.1077    32.6555    32.6513    26.2598    26.2564    8.44554 0.0000e+00
       9375     78.625    -1.2013    -1.2070   2.633269   2.632676     2.0364     2.4491      7.924     0.7934     3.0694 1.0715e-01    -0.1425   103.6268     7.8620     8.1079    32.6527    32.6508    26.2573    26.2560    8.44430 0.0000e+00
       9378     78.567    -1.1980    -1.2080   2.633407   2.632556     2.0360     2.4495      7.924     0.7934     2.9904 1.0715e-01    -0.1425   103.6268     7.8624     8.1102    32.6510    32.6504    26.2559    26.2556    8.44365 0.0000e+00
       9381     78.514    -1.1989    -1.2088   2.633293   2.632601     2.0368     2.4495      7.924     0.7934     2.9904 1.0715e-01    -0.1422   103.6178     7.8702     8.1115    32.6505    32.6519    26.2555    26.2569    8.44389 0.0000e+00
       9384     78.467    -1.1975    -1.2087   2.633483   2.632609     2.0368     2.4491      7.924     0.7828     2.9904 1.0715e-01    -0.1425   103.6268     7.8667     8.1103    32.6516    32.6519    26.2563    26.2569    8.44350 0.0000e+00
       9387     78.425    -1.1931    -1.2088   2.633892   2.632630     2.0372     2.4499      7.924     0.7934     2.9904 1.0715e-01    -0.1425   103.6268     7.8628     8.1142    32.6524    32.6522    26.2568    26.2572    8.44245 0.0000e+00
       9390     78.388    -1.1875    -1.2098   2.634209   2.632458     2.0380     2.4495      7.927     0.7828     2.9904 1.0715e-01    -0.1425   103.6268     7.8692     8.1117    32.6506    32.6510    26.2552    26.2562    8.44126 0.0000e+00
       9393     78.357    -1.1853    -1.2111   2.634184   2.632492     2.0376     2.4511      7.927     0.7722     2.9904 1.0715e-01    -0.1425   103.6268     7.8699     8.1199    32.6479    32.6530    26.2529    26.2578    8.44090 0.0000e+00
       9396     78.326    -1.1860    -1.2112   2.634132   2.632435     2.0388     2.4507      7.927     0.7828     2.9904 1.0715e-01    -0.1425   103.6268     7.8772     8.1169    32.6480    32.6523    26.2530    26.2572    8.44107 0.0000e+00
       9399     78.300    -1.1876    -1.2118   2.634045   2.632408     2.0380     2.4507      7.929     0.7722     2.6351 1.0715e-01    -0.1425   103.6268     7.8747     8.1213    32.6485    32.6526    26.2535    26.2575    8.44139 0.0000e+00
       9402     78.270    -1.1905    -1.2120   2.633827   2.632378     2.0396     2.4520      7.924     0.7722     2.2798 1.0715e-01    -0.1415   103.5997     7.8857     8.1279    32.6487    32.6524    26.2537    26.2574    8.44205 0.0000e+00
       9405     78.239    -1.1973    -1.2116   2.633323   2.632413     2.0392     2.4507      7.926     0.7510     2.2798 1.0715e-01    -0.1415   103.5997     7.8842     8.1252    32.6493    32.6524    26.2544    26.2574    8.44359 0.0000e+00
       9408     78.210    -1.2002    -1.2085   2.633267   2.632645     2.0388     2.4524      7.926     0.7722     2.2798 1.0727e-01    -0.1415   103.5997     7.8831     8.1318    32.6517    32.6523    26.2565    26.2572    8.44411 0.0000e+00
       9411     78.175    -1.1972    -1.2083   2.633380   2.632577     2.0400     2.4524      7.929     0.7722     2.2798 1.0727e-01    -0.1415   103.5997     7.8873     8.1355    32.6500    32.6512    26.2550    26.2563    8.44352 0.0000e+00
       9414     78.133    -1.1963    -1.2095   2.633485   2.632623     2.0408     2.4524      7.929     0.7616     2.2798 1.0727e-01    -0.1415   103.5997     7.8930     8.1386    32.6505    32.6531    26.2553    26.2579    8.44328 0.0000e+00
       9417     78.087    -1.1954    -1.2023   2.633522   2.633168     2.0404     2.4528      7.929     0.7722     2.2798 1.0727e-01    -0.1415   103.5997     7.8910     8.1401    32.6501    32.6527    26.2550    26.2574    8.44311 0.0000e+00
       9420     78.036    -1.1894    -1.2054   2.634041   2.632519     2.0408     2.4528      7.929     0.7722     2.2798 1.0715e-01    -0.1415   103.5997     7.8910     8.1448    32.6506    32.6473    26.2552    26.2530    8.44169 0.0000e+00
       9423     77.979    -1.1850    -1.2183   2.634232   2.631747     2.0408     2.4540      7.929     0.7616     2.2798 1.0715e-01    -0.1415   103.5997     7.8864     8.1532    32.6485    32.6508    26.2534    26.2563    8.44081 0.0000e+00
       9426     77.914    -1.1878    -1.2303   2.633828   2.631101     2.0417     2.4540      7.929     0.7722     0.4638 1.0715e-01    -0.1415   103.5997     7.8907     8.1558    32.6460    32.6551    26.2515    26.2601    8.44159 0.0000e+00
       9429     77.842    -1.1937    -1.2359   2.633275   2.630845     2.0417     2.4544      7.929     0.7616    -0.0100 1.0715e-01    -0.1415   103.5997     7.8950     8.1597    32.6449    32.6579    26.2508    26.2625    8.44300 0.0000e+00
       9432     77.763    -1.1958    -1.2386   2.633583   2.630679     2.0421     2.4548      7.930     0.7405     0.0295 1.0715e-01    -0.1415   103.5997     7.8932     8.1575    32.6515    32.6585    26.2562    26.2631    8.44312 0.0000e+00
       9435     77.674    -1.1917    -1.2375   2.633947   2.630621     2.0429     2.4565      7.929     0.7616     0.0295 1.0727e-01    -0.1415   103.5997     7.8922     8.1641    32.6520    32.6567    26.2565    26.2616    8.44213 0.0000e+00
       9438     77.579    -1.1863    -1.2342   2.634327   2.631176     2.0429     2.4560      7.929     0.7722     0.0295 1.0715e-01    -0.1415   103.5997     7.8907     8.1582    32.6515    32.6607    26.2558    26.2647    8.44094 0.0000e+00
       9441     77.475    -1.1843    -1.2259   2.634281   2.631618     2.0433     2.4569      7.929     0.7616     0.0295 1.0715e-01    -0.1415   103.5997     7.8908     8.1563    32.6487    32.6577    26.2536    26.2621    8.44064 0.0000e+00
       9444     77.365    -1.1814    -1.2266   2.634585   2.631291     2.0429     2.4569      7.929     0.7616     0.0295 1.0727e-01    -0.1418   103.6087     7.8845     8.1525    32.6497    32.6541    26.2543    26.2592    8.43990 0.0000e+00
       9447     77.248    -1.1798    -1.2241   2.634712   2.631561     2.0429     2.4569      7.929     0.7616     0.0295 1.0715e-01    -0.1422   103.6178     7.8852     8.1506    32.6497    32.6551    26.2543    26.2599    8.43952 0.0000e+00
       9450     77.122    -1.1742    -1.2224   2.635394   2.631661     2.0441     2.4573      7.932     0.7616     0.1874 1.0715e-01    -0.1418   103.6087     7.8918     8.1493    32.6530    32.6547    26.2567    26.2595    8.43804 0.0000e+00
