Datasets/AZMP/TEL210/tel210_2020_055.cnv
* Sea-Bird SBE 9 Data File:
* FileName = C:\CTDDATA\tel210_2020_055.hex
* Software Version Seasave V 7.26.7.110
* Temperature SN = 1697
* Conductivity SN = 4216
* Number of Bytes Per Scan = 30
* Number of Voltage Words = 4
* Number of Scans Averaged by the Deck Unit = 1
* NMEA baud rate = 4800
** VESSEL/TRIP/SEQ STN:  tel210_2020_055
** LATITUDE XX XX.XX: 48 55.00 N
** LONGITUDE XX XX.XX: 052 24.00 W
** SOUNDING DEPTH (M): 0350
** PROBE TYPE: S1146
** CTD NUMBER: 045
** COMMENTS (14 CHAR): BB-04
** BOTTLES:  10
** LEVELS: 5,10,20,30,40,50,75,100,150,BTM
** STICKERS: 436086 - 436095
** VNET: Y
** DO2: N
# nquan = 22
# nvalues = 7568                        
# units = specified
# name 0 = scan: Scan Count
# name 1 = prDM: Pressure, Digiquartz [db]
# name 2 = t090C: Temperature [ITS-90, deg C]
# name 3 = t190C: Temperature, 2 [ITS-90, deg C]
# name 4 = c0S/m: Conductivity [S/m]
# name 5 = c1S/m: Conductivity, 2 [S/m]
# name 6 = sbeox0V: Oxygen raw, SBE 43 [V]
# name 7 = sbeox1V: Oxygen raw, SBE 43, 2 [V]
# name 8 = ph: pH
# name 9 = flECO-AFL: Fluorescence, WET Labs ECO-AFL/FL [mg/m^3]
# name 10 = wetCDOM: Fluorescence, WET Labs CDOM [mg/m^3]
# name 11 = par/sat/log: PAR/Logarithmic, Satlantic [umol photons/m^2/sec]
# name 12 = CStarAt0: Beam Attenuation, WET Labs C-Star [1/m]
# name 13 = CStarTr0: Beam Transmission, WET Labs C-Star [%]
# name 14 = sbeox0ML/L: Oxygen, SBE 43 [ml/l], WS = 2
# name 15 = sbeox1ML/L: Oxygen, SBE 43, 2 [ml/l], WS = 2
# name 16 = sal00: Salinity, Practical [PSU]
# name 17 = sal11: Salinity, Practical, 2 [PSU]
# name 18 = sigma-t00: Density [sigma-t, kg/m^3 ]
# name 19 = sigma-t11: Density, 2 [sigma-t, kg/m^3 ]
# name 20 = oxsatML/L: Oxygen Saturation, Weiss [ml/l]
# name 21 = flag: flag
# span 0 =         56,      49283       
# span 1 =      0.695,    345.842       
# span 2 =    -1.3973,    11.8121       
# span 3 =    -1.3985,    11.8079       
# span 4 =   2.623373,   3.626378       
# span 5 =   2.623096,   3.625928       
# span 6 =     1.7262,     2.6318       
# span 7 =     2.0701,     3.2478       
# span 8 =      7.898,      8.285       
# span 9 =     0.6664,     2.8145       
# span 10 =    -2.8130,   482.1870      
# span 11 = 1.0678e-01, 4.3119e+02      
# span 12 =    -0.1463,     0.5448      
# span 13 =    87.2678,   103.7263      
# span 14 =     5.6274,     9.8292      
# span 15 =     5.8803,    10.8064      
# span 16 =    30.6005,    34.5089      
# span 17 =    31.5193,    34.5090      
# span 18 =    23.7163,    27.4908      
# span 19 =    23.9349,    27.4913      
# span 20 =    6.20873,    8.48275      
# span 21 = 0.0000e+00, 0.0000e+00      
# interval = scans: 3                   
# start_time = Jul 21 2020 13:38:00 [System UTC, header]
# bad_flag = -9.990e-29
*END*
[from data line 1515]
       5079    156.545    -0.9186    -0.9151   2.698022   2.698022     1.9491     2.3565      7.967     0.7722    -0.8391 1.0715e-01    -0.1383   103.5183     7.3564     7.6810    33.1759    33.1721    26.6722    26.6690    8.34949 0.0000e+00
       5082    156.710    -0.9082    -0.9004   2.699054   2.699103     1.9478     2.3565      7.966     0.7616    -0.7996 1.0715e-01    -0.1383   103.5183     7.3495     7.6783    33.1784    33.1705    26.6738    26.6671    8.34701 0.0000e+00
       5085    156.878    -0.8981    -0.8905   2.699981   2.700039     1.9487     2.3565      7.966     0.7828    -0.7996 1.0715e-01    -0.1383   103.5183     7.3542     7.6774    33.1797    33.1721    26.6745    26.6681    8.34464 0.0000e+00
       5088    157.051    -0.8889    -0.8833   2.700711   2.700575     1.9487     2.3565      7.966     0.7722    -0.7996 1.0715e-01    -0.1383   103.5183     7.3576     7.6802    33.1793    33.1714    26.6738    26.6672    8.34257 0.0000e+00
       5091    157.223    -0.8826    -0.8832   2.700748   2.700461     1.9487     2.3565      7.966     0.7722    -0.7996 1.0715e-01    -0.1383   103.5183     7.3614     7.6792    33.1728    33.1695    26.6684    26.6657    8.34154 0.0000e+00
       5094    157.396    -0.8820    -0.8876   2.700411   2.700165     1.9487     2.3565      7.966     0.7616     0.0689 1.0715e-01    -0.1383   103.5183     7.3653     7.6801    33.1675    33.1703    26.6640    26.6665    8.34171 0.0000e+00
       5097    157.569    -0.8837    -0.8897   2.700298   2.700058     1.9479     2.3569      7.966     0.7616     4.8064 1.0715e-01    -0.1383   103.5183     7.3583     7.6836    33.1677    33.1710    26.6643    26.6672    8.34207 0.0000e+00
       5100    157.741    -0.8846    -0.8929   2.700160   2.699765     1.9479     2.3565      7.966     0.7722     4.7670 1.0715e-01    -0.1383   103.5183     7.3547     7.6851    33.1667    33.1706    26.6635    26.6669    8.34233 0.0000e+00
       5103    157.909    -0.8869    -0.8948   2.700259   2.699904     1.9487     2.3561      7.966     0.7722     4.7670 1.0715e-01    -0.1394   103.5454     7.3611     7.6837    33.1704    33.1744    26.6666    26.6701    8.34263 0.0000e+00
       5106    158.075    -0.8857    -0.8894   2.700791   2.700574     1.9483     2.3569      7.966     0.7510     4.7670 1.0715e-01    -0.1404   103.5725     7.3615     7.6886    33.1763    33.1774    26.6713    26.6724    8.34204 0.0000e+00
       5109    158.237    -0.8825    -0.8838   2.701341   2.701126     1.9491     2.3573      7.966     0.7510     4.7670 1.0715e-01    -0.1404   103.5725     7.3647     7.6918    33.1801    33.1786    26.6743    26.6731    8.34108 0.0000e+00
       5112    158.390    -0.8797    -0.8812   2.701488   2.701327     1.9499     2.3577      7.966     0.7616     4.7670 1.0715e-01    -0.1404   103.5725     7.3694     7.6926    33.1789    33.1784    26.6732    26.6728    8.34052 0.0000e+00
       5115    158.536    -0.8781    -0.8820   2.701585   2.701341     1.9495     2.3569      7.966     0.7616     4.7670 1.0715e-01    -0.1401   103.5635     7.3686     7.6910    33.1784    33.1793    26.6728    26.6737    8.34020 0.0000e+00
       5118    158.675    -0.8763    -0.8801   2.702027   2.701748     1.9487     2.3577      7.966     0.7722     4.7670 1.0715e-01    -0.1401   103.5635     7.3666     7.6947    33.1823    33.1827    26.6758    26.6763    8.33956 0.0000e+00
       5121    158.802    -0.8734    -0.8765   2.702376   2.702102     1.9487     2.3573      7.966     0.7828     3.8985 1.0715e-01    -0.1397   103.5544     7.3648     7.6947    33.1837    33.1834    26.6769    26.6767    8.33882 0.0000e+00
       5124    158.915    -0.8711    -0.8736   2.702695   2.702434     1.9487     2.3589      7.966     0.7616     2.5956 1.0715e-01    -0.1404   103.5725     7.3663     7.7052    33.1854    33.1847    26.6782    26.6777    8.33821 0.0000e+00
       5127    159.023    -0.8677    -0.8705   2.703039   2.702812     1.9495     2.3577      7.966     0.7616     2.6351 1.0715e-01    -0.1404   103.5725     7.3698     7.7005    33.1863    33.1863    26.6788    26.6789    8.33739 0.0000e+00
       5130    159.120    -0.8648    -0.8672   2.703347   2.703120     1.9495     2.3589      7.966     0.7722     2.6351 1.0727e-01    -0.1404   103.5725     7.3681     7.7083    33.1872    33.1868    26.6794    26.6791    8.33668 0.0000e+00
       5133    159.207    -0.8626    -0.8646   2.703554   2.703409     1.9495     2.3585      7.966     0.7616     2.6351 1.0715e-01    -0.1408   103.5816     7.3658     7.7063    33.1875    33.1878    26.6796    26.6799    8.33616 0.0000e+00
       5136    159.283    -0.8603    -0.8623   2.703744   2.703595     1.9491     2.3581      7.966     0.7616     2.6351 1.0715e-01    -0.1404   103.5725     7.3668     7.7069    33.1875    33.1877    26.6795    26.6798    8.33565 0.0000e+00
       5139    159.353    -0.8581    -0.8603   2.703934   2.703813     1.9499     2.3589      7.966     0.7828     2.6351 1.0715e-01    -0.1404   103.5725     7.3749     7.7081    33.1877    33.1885    26.6796    26.6802    8.33515 0.0000e+00
       5142    159.415    -0.8554    -0.8574   2.704227   2.704019     1.9499     2.3589      7.966     0.7722     2.6351 1.0715e-01    -0.1401   103.5635     7.3790     7.7075    33.1887    33.1880    26.6802    26.6797    8.33449 0.0000e+00
       5145    159.472    -0.8512    -0.8518   2.704664   2.704463     1.9495     2.3601      7.966     0.7616     2.6351 1.0715e-01    -0.1397   103.5544     7.3732     7.7107    33.1899    33.1878    26.6810    26.6794    8.33347 0.0000e+00
       5148    159.528    -0.8475    -0.8467   2.705131   2.704858     1.9511     2.3602      7.966     0.7616     0.5427 1.0715e-01    -0.1401   103.5635     7.3737     7.7087    33.1921    33.1875    26.6827    26.6790    8.33251 0.0000e+00
       5151    159.577    -0.8437    -0.8437   2.705326   2.705116     1.9503     2.3610      7.966     0.7722    -0.3653 1.0715e-01    -0.1397   103.5544     7.3669     7.7101    33.1905    33.1876    26.6813    26.6790    8.33173 0.0000e+00
       5154    159.626    -0.8412    -0.8417   2.705460   2.705328     1.9499     2.3614      7.966     0.7616    -0.3258 1.0715e-01    -0.1401   103.5635     7.3631     7.7080    33.1895    33.1883    26.6804    26.6794    8.33122 0.0000e+00
       5157    159.671    -0.8392    -0.8410   2.705542   2.705490     1.9507     2.3606      7.966     0.7722    -0.3258 1.0715e-01    -0.1397   103.5544     7.3703     7.7030    33.1884    33.1897    26.6795    26.6805    8.33085 0.0000e+00
       5160    159.711    -0.8389    -0.8406   2.705742   2.705607     1.9507     2.3610      7.966     0.7722    -0.3258 1.0715e-01    -0.1397   103.5544     7.3710     7.6994    33.1908    33.1908    26.6814    26.6814    8.33064 0.0000e+00
       5163    159.754    -0.8360    -0.8396   2.706196   2.705750     1.9511     2.3606      7.966     0.7722    -0.3258 1.0715e-01    -0.1401   103.5635     7.3681     7.6925    33.1937    33.1915    26.6836    26.6820    8.32982 0.0000e+00
       5166    159.800    -0.8324    -0.8380   2.706593   2.705945     1.9511     2.3618      7.966     0.7616    -0.3258 1.0715e-01    -0.1408   103.5816     7.3633     7.6922    33.1950    33.1925    26.6846    26.6826    8.32892 0.0000e+00
       5169    159.850    -0.8292    -0.8346   2.706954   2.706282     1.9503     2.3614      7.966     0.7722    -0.3653 1.0715e-01    -0.1408   103.5816     7.3571     7.6853    33.1963    33.1932    26.6855    26.6832    8.32813 0.0000e+00
       5172    159.905    -0.8263    -0.8312   2.707294   2.706629     1.9495     2.3614      7.966     0.7616    -0.2863 1.0715e-01    -0.1411   103.5906     7.3518     7.6820    33.1977    33.1941    26.6865    26.6837    8.32739 0.0000e+00
       5175    159.967    -0.8226    -0.8277   2.707754   2.707040     1.9511     2.3610      7.966     0.7616     0.3058 1.0715e-01    -0.1408   103.5816     7.3596     7.6771    33.1998    33.1959    26.6881    26.6850    8.32644 0.0000e+00
       5178    160.040    -0.8184    -0.8228   2.708348   2.707630     1.9511     2.3614      7.968     0.7616     0.3848 1.0715e-01    -0.1411   103.5906     7.3546     7.6767    33.2032    33.1983    26.6906    26.6868    8.32530 0.0000e+00
       5181    160.120    -0.8129    -0.8156   2.709261   2.708456     1.9519     2.3614      7.968     0.7616     0.3453 1.0715e-01    -0.1408   103.5816     7.3534     7.6733    33.2094    33.2015    26.6954    26.6892    8.32370 0.0000e+00
       5184    160.211    -0.8038    -0.8054   2.710692   2.709811     1.9515     2.3614      7.966     0.7722     0.3848 1.0727e-01    -0.1411   103.5906     7.3485     7.6679    33.2186    33.2085    26.7026    26.6945    8.32113 0.0000e+00
       5187    160.312    -0.7909    -0.7884   2.712355   2.711782     1.9503     2.3614      7.966     0.7616     0.3848 1.0715e-01    -0.1415   103.5997     7.3369     7.6620    33.2269    33.2163    26.7088    26.7002    8.31776 0.0000e+00
       5190    160.423    -0.7756    -0.7680   2.714108   2.713787     1.9507     2.3614      7.966     0.7722     0.3848 1.0715e-01    -0.1411   103.5906     7.3364     7.6541    33.2336    33.2209    26.7137    26.7031    8.31393 0.0000e+00
       5193    160.541    -0.7608    -0.7518   2.715166   2.715085     1.9515     2.3614      7.968     0.7510     0.3848 1.0715e-01    -0.1415   103.5997     7.3388     7.6492    33.2315    33.2205    26.7114    26.7022    8.31073 0.0000e+00
       5196    160.670    -0.7491    -0.7422   2.715979   2.715878     1.9511     2.3614      7.966     0.7405     0.3848 1.0715e-01    -0.1415   103.5997     7.3310     7.6462    33.2295    33.2206    26.7094    26.7019    8.30821 0.0000e+00
       5199    160.806    -0.7400    -0.7359   2.716481   2.716400     1.9507     2.3614      7.966     0.7299     0.2269 1.0715e-01    -0.1415   103.5997     7.3224     7.6432    33.2263    33.2206    26.7064    26.7016    8.30637 0.0000e+00
       5202    160.948    -0.7345    -0.7335   2.716693   2.716569     1.9503     2.3610      7.966     0.7299    -0.1284 1.0715e-01    -0.1411   103.5906     7.3174     7.6408    33.2230    33.2201    26.7035    26.7012    8.30531 0.0000e+00
       5205    161.095    -0.7311    -0.7330   2.716984   2.716796     1.9511     2.3606      7.966     0.7405    -0.0889 1.0715e-01    -0.1415   103.5997     7.3233     7.6379    33.2230    33.2226    26.7034    26.7032    8.30454 0.0000e+00
       5208    161.249    -0.7293    -0.7332   2.717089   2.716887     1.9507     2.3610      7.966     0.7405    -0.0889 1.0715e-01    -0.1415   103.5997     7.3242     7.6389    33.2224    33.2240    26.7028    26.7042    8.30418 0.0000e+00
       5211    161.405    -0.7287    -0.7335   2.717172   2.716951     1.9503     2.3614      7.966     0.7405    -0.0889 1.0715e-01    -0.1415   103.5997     7.3250     7.6404    33.2228    33.2250    26.7031    26.7052    8.30403 0.0000e+00
       5214    161.566    -0.7283    -0.7331   2.717268   2.717110     1.9511     2.3602      7.966     0.7299    -0.0889 1.0715e-01    -0.1415   103.5997     7.3267     7.6365    33.2235    33.2267    26.7037    26.7065    8.30389 0.0000e+00
       5217    161.730    -0.7276    -0.7322   2.717497   2.717281     1.9511     2.3602      7.966     0.7299    -0.0889 1.0715e-01    -0.1415   103.5997     7.3281     7.6347    33.2257    33.2279    26.7055    26.7074    8.30360 0.0000e+00
       5220    161.894    -0.7268    -0.7316   2.717597   2.717351     1.9507     2.3606      7.966     0.7616    -0.0889 1.0715e-01    -0.1415   103.5997     7.3273     7.6338    33.2260    33.2280    26.7057    26.7075    8.30340 0.0000e+00
       5223    162.058    -0.7260    -0.7310   2.717669   2.717397     1.9503     2.3606      7.968     0.7616    -0.0889 1.0715e-01    -0.1418   103.6087     7.3263     7.6348    33.2260    33.2280    26.7057    26.7074    8.30322 0.0000e+00
       5226    162.221    -0.7254    -0.7311   2.717700   2.717414     1.9507     2.3606      7.966     0.7828     0.3848 1.0715e-01    -0.1425   103.6268     7.3278     7.6356    33.2257    33.2282    26.7054    26.7076    8.30311 0.0000e+00
       5229    162.386    -0.7252    -0.7313   2.717691   2.717403     1.9511     2.3602      7.966     0.7722     0.8586 1.0715e-01    -0.1425   103.6268     7.3275     7.6328    33.2253    33.2281    26.7050    26.7076    8.30309 0.0000e+00
       5232    162.546    -0.7255    -0.7317   2.717628   2.717328     1.9507     2.3602      7.966     0.7616     0.8586 1.0715e-01    -0.1425   103.6268     7.3307     7.6317    33.2247    33.2274    26.7046    26.7070    8.30320 0.0000e+00
       5235    162.698    -0.7257    -0.7318   2.717604   2.717318     1.9511     2.3602      7.966     0.7616     0.8586 1.0715e-01    -0.1425   103.6268     7.3383     7.6322    33.2245    33.2274    26.7044    26.7070    8.30325 0.0000e+00
       5238    162.845    -0.7258    -0.7314   2.717722   2.717456     1.9507     2.3606      7.966     0.7828     0.8586 1.0715e-01    -0.1425   103.6268     7.3392     7.6343    33.2261    33.2286    26.7058    26.7080    8.30319 0.0000e+00
       5241    162.985    -0.7253    -0.7304   2.717782   2.717581     1.9511     2.3589      7.966     0.7616     0.8586 1.0715e-01    -0.1425   103.6268     7.3435     7.6258    33.2263    33.2292    26.7059    26.7084    8.30306 0.0000e+00
       5244    163.119    -0.7254    -0.7305   2.717820   2.717575     1.9503     2.3589      7.966     0.7510     0.8586 1.0715e-01    -0.1422   103.6178     7.3441     7.6259    33.2269    33.2291    26.7063    26.7083    8.30306 0.0000e+00
       5247    163.247    -0.7255    -0.7305   2.717815   2.717549     1.9511     2.3602      7.966     0.7299     0.8586 1.0715e-01    -0.1425   103.6268     7.3471     7.6315    33.2268    33.2287    26.7062    26.7080    8.30307 0.0000e+00
       5250    163.368    -0.7255    -0.7307   2.717756   2.717547     1.9507     2.3593      7.966     0.7299     0.8586 1.0715e-01    -0.1425   103.6268     7.3403     7.6305    33.2259    33.2288    26.7055    26.7081    8.30312 0.0000e+00
       5253    163.481    -0.7252    -0.7306   2.717870   2.717649     1.9503     2.3589      7.966     0.7405     1.0559 1.0715e-01    -0.1425   103.6268     7.3339     7.6290    33.2271    33.2301    26.7065    26.7091    8.30299 0.0000e+00
       5256    163.586    -0.7247    -0.7300   2.717924   2.717720     1.9523     2.3593      7.968     0.7616     1.0954 1.0715e-01    -0.1422   103.6178     7.3395     7.6321    33.2272    33.2302    26.7066    26.7093    8.30288 0.0000e+00
       5259    163.684    -0.7246    -0.7300   2.717972   2.717731     1.9527     2.3589      7.966     0.7299     1.0954 1.0715e-01    -0.1422   103.6178     7.3391     7.6318    33.2277    33.2303    26.7070    26.7093    8.30283 0.0000e+00
       5262    163.779    -0.7246    -0.7300   2.717988   2.717727     1.9519     2.3589      7.966     0.7299     1.0954 1.0715e-01    -0.1418   103.6087     7.3339     7.6350    33.2278    33.2302    26.7070    26.7092    8.30281 0.0000e+00
       5265    163.871    -0.7245    -0.7300   2.717954   2.717754     1.9519     2.3589      7.966     0.7299     1.0954 1.0715e-01    -0.1422   103.6178     7.3337     7.6380    33.2272    33.2305    26.7066    26.7095    8.30283 0.0000e+00
       5268    163.952    -0.7244    -0.7300   2.717974   2.717745     1.9523     2.3589      7.966     0.7299     1.0954 1.0715e-01    -0.1425   103.6268     7.3324     7.6352    33.2273    33.2303    26.7067    26.7093    8.30280 0.0000e+00
       5271    164.027    -0.7245    -0.7299   2.717980   2.717732     1.9511     2.3589      7.968     0.7405     1.0954 1.0715e-01    -0.1425   103.6268     7.3215     7.6329    33.2274    33.2300    26.7067    26.7091    8.30281 0.0000e+00
