Datasets/AZMP/TEL210/tel210_2020_137.cnv
* Sea-Bird SBE 9 Data File:
* FileName = C:\CTDDATA\tel210_2020_137.hex
* Software Version Seasave V 7.26.7.110
* Temperature SN = 1697
* Conductivity SN = 4216
* Number of Bytes Per Scan = 30
* Number of Voltage Words = 4
* Number of Scans Averaged by the Deck Unit = 1
* NMEA baud rate = 4800
** VESSEL/TRIP/SEQ STN:  tel210_2020_137
** LATITUDE XX XX.XX: 47 32.80 N
** LONGITUDE XX XX.XX: 052 35.20 W
** SOUNDING DEPTH (M): 0176
** PROBE TYPE: S1146
** CTD NUMBER: 078
** COMMENTS (14 CHAR): S27-01
** BOTTLES:  10
** LEVELS: 5,10,20,30,40,50,75,100,150,BTM
** STICKERS: 436348 - 436357
** VNET: y
** DO2: N
# nquan = 22
# nvalues = 3947                        
# units = specified
# name 0 = scan: Scan Count
# name 1 = prDM: Pressure, Digiquartz [db]
# name 2 = t090C: Temperature [ITS-90, deg C]
# name 3 = t190C: Temperature, 2 [ITS-90, deg C]
# name 4 = c0S/m: Conductivity [S/m]
# name 5 = c1S/m: Conductivity, 2 [S/m]
# name 6 = sbeox0V: Oxygen raw, SBE 43 [V]
# name 7 = sbeox1V: Oxygen raw, SBE 43, 2 [V]
# name 8 = ph: pH
# name 9 = flECO-AFL: Fluorescence, WET Labs ECO-AFL/FL [mg/m^3]
# name 10 = wetCDOM: Fluorescence, WET Labs CDOM [mg/m^3]
# name 11 = par/sat/log: PAR/Logarithmic, Satlantic [umol photons/m^2/sec]
# name 12 = CStarAt0: Beam Attenuation, WET Labs C-Star [1/m]
# name 13 = CStarTr0: Beam Transmission, WET Labs C-Star [%]
# name 14 = sbeox0ML/L: Oxygen, SBE 43 [ml/l], WS = 2
# name 15 = sbeox1ML/L: Oxygen, SBE 43, 2 [ml/l], WS = 2
# name 16 = sal00: Salinity, Practical [PSU]
# name 17 = sal11: Salinity, Practical, 2 [PSU]
# name 18 = sigma-t00: Density [sigma-t, kg/m^3 ]
# name 19 = sigma-t11: Density, 2 [sigma-t, kg/m^3 ]
# name 20 = oxsatML/L: Oxygen Saturation, Weiss [ml/l]
# name 21 = flag: flag
# span 0 =         39,      41476       
# span 1 =      0.423,    175.419       
# span 2 =    -1.4657,    13.3318       
# span 3 =    -1.4718,    13.3274       
# span 4 =   2.613421,   3.747556       
# span 5 =   2.613240,   3.747317       
# span 6 =     1.7936,     2.4503       
# span 7 =     2.1460,     2.9889       
# span 8 =      7.767,      8.127       
# span 9 =     0.6770,     3.5976       
# span 10 =    -2.8130,   482.1870      
# span 11 = 1.0678e-01, 2.8437e+02      
# span 12 =    -0.1425,     0.4155      
# span 13 =    90.1345,   103.6268      
# span 14 =     6.1973,     8.9033      
# span 15 =     6.1662,     9.3958      
# span 16 =    31.4058,    33.0756      
# span 17 =    31.4051,    33.0779      
# span 18 =    23.5451,    26.5846      
# span 19 =    23.5455,    26.5867      
# span 20 =    6.01730,    8.50281      
# span 21 = 0.0000e+00, 0.0000e+00      
# interval = scans: 3                   
# start_time = Jul 30 2020 15:24:11 [System UTC, header]
# bad_flag = -9.990e-29
*END*
[from data line 1120]
       3565    117.314    -1.4566    -1.4625   2.617954   2.617531     2.0036     2.4106      7.876     0.7616     0.9770 1.0715e-01    -0.1352   103.4369     7.7574     8.0227    32.6987    32.6994    26.3017    26.3025    8.50079 0.0000e+00
       3568    117.357    -1.4567    -1.4627   2.617938   2.617510     2.0028     2.4102      7.878     0.7828     0.9770 1.0715e-01    -0.1352   103.4369     7.7513     8.0248    32.6986    32.6993    26.3017    26.3024    8.50083 0.0000e+00
       3571    117.395    -1.4568    -1.4629   2.617963   2.617510     2.0024     2.4102      7.876     0.7722     0.9770 1.0715e-01    -0.1352   103.4369     7.7501     8.0261    32.6990    32.6995    26.3020    26.3025    8.50083 0.0000e+00
       3574    117.430    -1.4571    -1.4624   2.617973   2.617571     2.0024     2.4102      7.878     0.7616     0.9770 1.0715e-01    -0.1355   103.4459     7.7534     8.0274    32.6994    32.6997    26.3024    26.3027    8.50086 0.0000e+00
       3577    117.463    -1.4550    -1.4616   2.618154   2.617610     2.0024     2.4114      7.878     0.7616     0.9770 1.0715e-01    -0.1352   103.4369     7.7551     8.0315    32.6996    32.6994    26.3024    26.3024    8.50036 0.0000e+00
       3580    117.491    -1.4553    -1.4617   2.618003   2.617599     2.0024     2.4110      7.878     0.7616     0.9770 1.0715e-01    -0.1352   103.4369     7.7544     8.0302    32.6978    32.6994    26.3010    26.3024    8.50054 0.0000e+00
       3583    117.519    -1.4575    -1.4602   2.617936   2.617690     2.0024     2.4114      7.879     0.7299     0.9770 1.0715e-01    -0.1352   103.4369     7.7518     8.0324    32.6993    32.6990    26.3022    26.3020    8.50097 0.0000e+00
       3586    117.543    -1.4580    -1.4555   2.617998   2.617958     2.0028     2.4110      7.878     0.7087     0.9770 1.0715e-01    -0.1352   103.4369     7.7529     8.0299    32.7007    32.6974    26.3034    26.3007    8.50100 0.0000e+00
       3589    117.565    -1.4578    -1.4577   2.617929   2.617625     2.0024     2.4114      7.876     0.7193     0.6612 1.0715e-01    -0.1352   103.4369     7.7534     8.0305    32.6996    32.6952    26.3025    26.2989    8.50103 0.0000e+00
       3593    117.594    -1.4591    -1.4617   2.617859   2.617539     2.0028     2.4122      7.878     0.7087     0.5822 1.0715e-01    -0.1352   103.4369     7.7577     8.0315    32.7000    32.6984    26.3029    26.3016    8.50131 0.0000e+00
       3597    117.626    -1.4599    -1.4624   2.617794   2.617554     2.0036     2.4114      7.878     0.7087     0.6217 1.0715e-01    -0.1352   103.4369     7.7593     8.0227    32.6999    32.6994    26.3028    26.3025    8.50149 0.0000e+00
       3600    117.651    -1.4596    -1.4635   2.617757   2.617450     2.0036     2.4114      7.878     0.6981     0.6217 1.0715e-01    -0.1352   103.4369     7.7572     8.0186    32.6992    32.6992    26.3022    26.3023    8.50148 0.0000e+00
       3603    117.678    -1.4603    -1.4645   2.617722   2.617409     2.0032     2.4114      7.878     0.7087     0.6217 1.0715e-01    -0.1352   103.4369     7.7571     8.0187    32.6994    32.6996    26.3024    26.3027    8.50163 0.0000e+00
       3606    117.711    -1.4607    -1.4652   2.617718   2.617355     2.0028     2.4114      7.876     0.7299     0.6217 1.0715e-01    -0.1359   103.4550     7.7576     8.0216    32.6998    32.6997    26.3027    26.3028    8.50170 0.0000e+00
       3609    117.750    -1.4609    -1.4660   2.617705   2.617332     2.0024     2.4114      7.878     0.7616     0.6217 1.0715e-01    -0.1362   103.4640     7.7519     8.0243    32.6997    32.7002    26.3027    26.3032    8.50173 0.0000e+00
       3612    117.791    -1.4609    -1.4663   2.617722   2.617295     2.0036     2.4114      7.876     0.7616     0.6217 1.0715e-01    -0.1362   103.4640     7.7549     8.0227    32.6999    32.7001    26.3028    26.3031    8.50172 0.0000e+00
       3615    117.837    -1.4606    -1.4670   2.617738   2.617249     2.0024     2.4110      7.878     0.7828    -0.4048 1.0715e-01    -0.1362   103.4640     7.7480     8.0199    32.6998    32.7002    26.3027    26.3032    8.50166 0.0000e+00
       3618    117.890    -1.4601    -1.4680   2.617765   2.617193     2.0028     2.4118      7.876     0.7828    -0.6022 1.0727e-01    -0.1366   103.4730     7.7498     8.0256    32.6996    32.7005    26.3026    26.3035    8.50157 0.0000e+00
       3621    117.949    -1.4604    -1.4687   2.617730   2.617131     2.0024     2.4106      7.878     0.7722    -0.5627 1.0715e-01    -0.1362   103.4640     7.7495     8.0201    32.6994    32.7003    26.3024    26.3033    8.50164 0.0000e+00
       3624    118.013    -1.4623    -1.4697   2.617533   2.617057     2.0028     2.4110      7.876     0.7616    -0.5627 1.0715e-01    -0.1359   103.4550     7.7516     8.0215    32.6988    32.7003    26.3020    26.3034    8.50213 0.0000e+00
       3627    118.085    -1.4646    -1.4707   2.617430   2.616996     2.0044     2.4118      7.878     0.7722    -0.5627 1.0715e-01    -0.1334   103.3917     7.7592     8.0250    32.6998    32.7006    26.3028    26.3036    8.50260 0.0000e+00
       3630    118.161    -1.4650    -1.4712   2.617415   2.616981     2.0036     2.4126      7.876     0.7828    -0.5627 1.0715e-01    -0.1334   103.3917     7.7535     8.0283    32.7000    32.7008    26.3030    26.3038    8.50268 0.0000e+00
       3633    118.249    -1.4655    -1.4713   2.617409   2.616942     2.0024     2.4122      7.876     0.7616    -0.5627 1.0715e-01    -0.1341   103.4098     7.7450     8.0241    32.7004    32.7003    26.3034    26.3034    8.50277 0.0000e+00
       3636    118.347    -1.4656    -1.4717   2.617391   2.616958     2.0028     2.4114      7.876     0.7299    -0.5627 1.0715e-01    -0.1341   103.4098     7.7447     8.0187    32.7002    32.7009    26.3032    26.3040    8.50281 0.0000e+00
       3639    118.448    -1.4657    -1.4718   2.617415   2.616966     2.0036     2.4110      7.876     0.7405    -0.2074 1.0715e-01    -0.1338   103.4007     7.7484     8.0144    32.7006    32.7011    26.3035    26.3041    8.50281 0.0000e+00
       3642    118.560    -1.4652    -1.4716   2.617435   2.616994     2.0036     2.4114      7.876     0.7299     2.9115 1.0715e-01    -0.1338   103.4007     7.7434     8.0152    32.7003    32.7012    26.3033    26.3042    8.50272 0.0000e+00
       3645    118.677    -1.4654    -1.4714   2.617437   2.617007     2.0028     2.4110      7.878     0.7405     2.9904 1.0715e-01    -0.1345   103.4188     7.7379     8.0109    32.7004    32.7011    26.3033    26.3041    8.50274 0.0000e+00
       3648    118.804    -1.4652    -1.4714   2.617462   2.617025     2.0024     2.4114      7.878     0.7405     2.9904 1.0715e-01    -0.1383   103.5183     7.7349     8.0092    32.7005    32.7013    26.3034    26.3042    8.50269 0.0000e+00
       3651    118.940    -1.4652    -1.4714   2.617468   2.617040     2.0024     2.4114      7.876     0.7405     2.9904 1.0715e-01    -0.1383   103.5183     7.7352     8.0083    32.7005    32.7015    26.3034    26.3043    8.50270 0.0000e+00
       3654    119.085    -1.4653    -1.4715   2.617494   2.617049     2.0024     2.4114      7.878     0.7299     2.9904 1.0715e-01    -0.1383   103.5183     7.7401     8.0160    32.7009    32.7016    26.3037    26.3045    8.50270 0.0000e+00
       3657    119.232    -1.4652    -1.4714   2.617524   2.617074     2.0024     2.4102      7.878     0.7299     2.9904 1.0715e-01    -0.1383   103.5183     7.7424     8.0166    32.7011    32.7017    26.3039    26.3045    8.50266 0.0000e+00
       3660    119.387    -1.4647    -1.4709   2.617590   2.617142     2.0024     2.4106      7.876     0.7299     2.9904 1.0715e-01    -0.1380   103.5092     7.7414     8.0200    32.7014    32.7020    26.3041    26.3048    8.50254 0.0000e+00
       3663    119.545    -1.4639    -1.4702   2.617694   2.617267     2.0024     2.4106      7.876     0.7087     2.9904 1.0715e-01    -0.1383   103.5183     7.7440     8.0185    32.7018    32.7028    26.3044    26.3054    8.50232 0.0000e+00
       3666    119.710    -1.4630    -1.4693   2.617791   2.617329     2.0020     2.4110      7.876     0.7193     3.8590 1.0715e-01    -0.1376   103.5002     7.7461     8.0182    32.7021    32.7025    26.3046    26.3052    8.50209 0.0000e+00
       3669    119.880    -1.4628    -1.4687   2.617785   2.617359     2.0024     2.4102      7.876     0.6981     5.6750 1.0715e-01    -0.1383   103.5183     7.7534     8.0139    32.7016    32.7022    26.3043    26.3049    8.50207 0.0000e+00
       3672    120.052    -1.4625    -1.4685   2.617830   2.617407     2.0028     2.4106      7.876     0.7087     5.5960 1.0715e-01    -0.1383   103.5183     7.7566     8.0149    32.7018    32.7026    26.3045    26.3052    8.50200 0.0000e+00
       3675    120.226    -1.4623    -1.4683   2.617891   2.617418     2.0020     2.4114      7.878     0.7193     5.5960 1.0715e-01    -0.1380   103.5092     7.7505     8.0201    32.7023    32.7024    26.3048    26.3050    8.50191 0.0000e+00
       3678    120.402    -1.4617    -1.4678   2.617985   2.617561     2.0024     2.4126      7.876     0.7299     5.5960 1.0715e-01    -0.1383   103.5183     7.7527     8.0250    32.7029    32.7038    26.3053    26.3062    8.50175 0.0000e+00
       3681    120.579    -1.4612    -1.4672   2.618076   2.617620     2.0028     2.4106      7.876     0.7087     5.5960 1.0715e-01    -0.1383   103.5183     7.7558     8.0147    32.7035    32.7038    26.3057    26.3061    8.50160 0.0000e+00
       3684    120.752    -1.4614    -1.4670   2.618090   2.617641     2.0028     2.4110      7.878     0.7087     5.5960 1.0715e-01    -0.1383   103.5183     7.7540     8.0147    32.7037    32.7037    26.3060    26.3061    8.50162 0.0000e+00
       3687    120.929    -1.4613    -1.4670   2.618081   2.617669     2.0024     2.4102      7.876     0.7193     5.5960 1.0715e-01    -0.1373   103.4911     7.7512     8.0106    32.7034    32.7040    26.3057    26.3063    8.50161 0.0000e+00
       3690    121.104    -1.4612    -1.4672   2.618101   2.617685     2.0028     2.4102      7.876     0.7405     5.5960 1.0715e-01    -0.1373   103.4911     7.7533     8.0097    32.7034    32.7043    26.3057    26.3066    8.50158 0.0000e+00
       3693    121.276    -1.4609    -1.4671   2.618160   2.617725     2.0028     2.4102      7.876     0.7405     4.6091 1.0715e-01    -0.1373   103.4911     7.7522     8.0078    32.7039    32.7047    26.3061    26.3069    8.50150 0.0000e+00
       3696    121.440    -1.4607    -1.4667   2.618185   2.617778     2.0024     2.4106      7.876     0.7405     3.9379 1.0715e-01    -0.1376   103.5002     7.7500     8.0056    32.7039    32.7048    26.3060    26.3069    8.50144 0.0000e+00
       3699    121.600    -1.4601    -1.4664   2.618314   2.617832     2.0020     2.4106      7.876     0.7405     3.9379 1.0715e-01    -0.1373   103.4911     7.7493     8.0043    32.7049    32.7052    26.3068    26.3073    8.50125 0.0000e+00
       3702    121.761    -1.4579    -1.4649   2.618641   2.618121     2.0028     2.4098      7.876     0.7299     3.9379 1.0715e-01    -0.1373   103.4911     7.7505     8.0050    32.7069    32.7073    26.3084    26.3090    8.50063 0.0000e+00
       3705    121.914    -1.4560    -1.4622   2.618775   2.618424     2.0024     2.4098      7.876     0.7510     3.9379 1.0715e-01    -0.1373   103.4911     7.7469     8.0101    32.7065    32.7085    26.3081    26.3098    8.50020 0.0000e+00
       3708    122.061    -1.4552    -1.4610   2.618913   2.618479     2.0020     2.4102      7.876     0.7405     3.9379 1.0715e-01    -0.1383   103.5183     7.7413     8.0127    32.7074    32.7078    26.3088    26.3093    8.49996 0.0000e+00
       3711    122.201    -1.4538    -1.4606   2.619024   2.618510     2.0024     2.4106      7.876     0.7405     3.9379 1.0715e-01    -0.1387   103.5273     7.7443     8.0150    32.7074    32.7078    26.3087    26.3092    8.49964 0.0000e+00
       3714    122.335    -1.4536    -1.4599   2.619056   2.618649     2.0028     2.4094      7.876     0.7722     3.9379 1.0715e-01    -0.1383   103.5183     7.7450     8.0066    32.7075    32.7088    26.3088    26.3100    8.49959 0.0000e+00
       3717    122.468    -1.4533    -1.4592   2.619176   2.618734     2.0024     2.4102      7.876     0.7722     3.8984 1.0715e-01    -0.1383   103.5183     7.7421     8.0080    32.7088    32.7091    26.3098    26.3103    8.49944 0.0000e+00
       3720    122.593    -1.4524    -1.4587   2.619260   2.618835     2.0024     2.4090      7.876     0.7722     0.9375 1.0715e-01    -0.1383   103.5183     7.7446     8.0015    32.7088    32.7099    26.3098    26.3109    8.49922 0.0000e+00
       3723    122.709    -1.4523    -1.4583   2.619299   2.618874     2.0028     2.4102      7.876     0.7616     0.5822 1.0715e-01    -0.1383   103.5183     7.7453     8.0074    32.7092    32.7100    26.3101    26.3109    8.49918 0.0000e+00
       3726    122.820    -1.4522    -1.4582   2.619306   2.618894     2.0020     2.4098      7.876     0.7722     0.6217 1.0715e-01    -0.1383   103.5183     7.7385     8.0085    32.7091    32.7100    26.3101    26.3110    8.49916 0.0000e+00
       3729    122.927    -1.4524    -1.4583   2.619333   2.618888     2.0020     2.4102      7.876     0.7616     0.6217 1.0715e-01    -0.1390   103.5364     7.7385     8.0112    32.7097    32.7100    26.3105    26.3109    8.49918 0.0000e+00
       3732    123.028    -1.4525    -1.4590   2.619297   2.618829     2.0016     2.4098      7.876     0.7722     0.6217 1.0715e-01    -0.1387   103.5273     7.7349     8.0121    32.7092    32.7099    26.3102    26.3109    8.49923 0.0000e+00
       3735    123.127    -1.4535    -1.4599   2.619211   2.618764     2.0024     2.4090      7.876     0.7722     0.6217 1.0715e-01    -0.1390   103.5364     7.7403     8.0098    32.7091    32.7100    26.3101    26.3110    8.49947 0.0000e+00
       3738    123.218    -1.4548    -1.4611   2.619132   2.618689     2.0016     2.4090      7.876     0.7616     0.6217 1.0715e-01    -0.1394   103.5454     7.7368     8.0098    32.7094    32.7101    26.3104    26.3111    8.49976 0.0000e+00
       3741    123.306    -1.4557    -1.4619   2.619090   2.618669     2.0020     2.4090      7.876     0.7828     0.6217 1.0715e-01    -0.1390   103.5364     7.7409     8.0076    32.7097    32.7106    26.3106    26.3116    8.49993 0.0000e+00
       3744    123.389    -1.4563    -1.4624   2.619046   2.618631     2.0024     2.4090      7.876     0.7616     0.8586 1.0715e-01    -0.1394   103.5454     7.7437     8.0079    32.7097    32.7106    26.3107    26.3116    8.50009 0.0000e+00
       3747    123.469    -1.4569    -1.4629   2.619031   2.618596     2.0016     2.4090      7.876     0.7722     2.0429 1.0715e-01    -0.1376   103.5002     7.7403     8.0058    32.7101    32.7107    26.3110    26.3116    8.50020 0.0000e+00
       3750    123.546    -1.4569    -1.4632   2.619031   2.618598     2.0016     2.4102      7.876     0.7722     2.0429 1.0715e-01    -0.1373   103.4911     7.7430     8.0114    32.7100    32.7110    26.3110    26.3119    8.50020 0.0000e+00
       3753    123.620    -1.4571    -1.4634   2.619006   2.618613     2.0012     2.4098      7.876     0.7616     2.0429 1.0715e-01    -0.1369   103.4821     7.7439     8.0112    32.7099    32.7114    26.3108    26.3122    8.50026 0.0000e+00
       3756    123.696    -1.4573    -1.4634   2.619019   2.618608     2.0020     2.4098      7.876     0.7722     2.0429 1.0715e-01    -0.1373   103.4911     7.7472     8.0097    32.7102    32.7112    26.3111    26.3121    8.50028 0.0000e+00
       3759    123.771    -1.4572    -1.4633   2.619015   2.618616     2.0020     2.4090      7.876     0.7616     2.0429 1.0715e-01    -0.1369   103.4821     7.7488     8.0036    32.7100    32.7112    26.3109    26.3121    8.50027 0.0000e+00
