Datasets/AZMP/TEL210/tel210_2020_107.cnv
* Sea-Bird SBE 9 Data File:
* FileName = C:\CTDDATA\tel210_2020_107.hex
* Software Version Seasave V 7.26.7.110
* Temperature SN = 1697
* Conductivity SN = 4216
* Number of Bytes Per Scan = 30
* Number of Voltage Words = 4
* Number of Scans Averaged by the Deck Unit = 1
* NMEA baud rate = 4800
** VESSEL/TRIP/SEQ STN:  tet210_2020_107
** LATITUDE XX XX.XX: 55 28.70 N
** LONGITUDE XX XX.XX: 057 54.40 W
** SOUNDING DEPTH (M): 0125
** PROBE TYPE: S1146
** CTD NUMBER: 073
** COMMENTS (14 CHAR): MB-05
** BOTTLES:  9
** LEVELS: 5,10,20,30,40,50,75,100,BTM
** STICKERS: 436300 - 436308
** VNET: Y
** DO2: N
# nquan = 22
# nvalues = 2882                        
# units = specified
# name 0 = scan: Scan Count
# name 1 = prDM: Pressure, Digiquartz [db]
# name 2 = t090C: Temperature [ITS-90, deg C]
# name 3 = t190C: Temperature, 2 [ITS-90, deg C]
# name 4 = c0S/m: Conductivity [S/m]
# name 5 = c1S/m: Conductivity, 2 [S/m]
# name 6 = sbeox0V: Oxygen raw, SBE 43 [V]
# name 7 = sbeox1V: Oxygen raw, SBE 43, 2 [V]
# name 8 = ph: pH
# name 9 = flECO-AFL: Fluorescence, WET Labs ECO-AFL/FL [mg/m^3]
# name 10 = wetCDOM: Fluorescence, WET Labs CDOM [mg/m^3]
# name 11 = par/sat/log: PAR/Logarithmic, Satlantic [umol photons/m^2/sec]
# name 12 = CStarAt0: Beam Attenuation, WET Labs C-Star [1/m]
# name 13 = CStarTr0: Beam Transmission, WET Labs C-Star [%]
# name 14 = sbeox0ML/L: Oxygen, SBE 43 [ml/l], WS = 2
# name 15 = sbeox1ML/L: Oxygen, SBE 43, 2 [ml/l], WS = 2
# name 16 = sal00: Salinity, Practical [PSU]
# name 17 = sal11: Salinity, Practical, 2 [PSU]
# name 18 = sigma-t00: Density [sigma-t, kg/m^3 ]
# name 19 = sigma-t11: Density, 2 [sigma-t, kg/m^3 ]
# name 20 = oxsatML/L: Oxygen Saturation, Weiss [ml/l]
# name 21 = flag: flag
# span 0 =         97,      34143       
# span 1 =      0.205,    123.206       
# span 2 =    -1.1795,     7.1676       
# span 3 =    -1.1847,     7.1620       
# span 4 =   2.614480,   3.196416       
# span 5 =   2.614009,   3.195852       
# span 6 =     1.9557,     2.6345       
# span 7 =     2.3594,     3.2187       
# span 8 =      7.998,      8.325       
# span 9 =     0.6770,     1.8198       
# span 10 =    -2.8130,   482.1870      
# span 11 = 1.0715e-01, 3.5878e+02      
# span 12 =    -0.1414,     2.2144      
# span 13 =    57.4887,   103.5997      
# span 14 =     7.1699,     9.8290      
# span 15 =     7.2944,    10.2941      
# span 16 =    30.3803,    33.0264      
# span 17 =    30.8260,    33.0269      
# span 18 =    23.7621,    26.5475      
# span 19 =    24.1131,    26.5481      
# span 20 =    6.90253,    8.44740      
# span 21 = 0.0000e+00, 0.0000e+00      
# interval = scans: 3                   
# start_time = Jul 27 2020 14:30:27 [System UTC, header]
# bad_flag = -9.990e-29
*END*
[from data line 2305]
      21313     39.709    -0.7869    -0.7953   2.648153   2.647484     2.1778     2.6378      8.095     0.8145     1.4507 9.9832e+00    -0.1180   102.9938     8.4178     8.7868    32.4290    32.4290    26.0628    26.0630    8.36258 0.0000e+00
      21316     39.629    -0.7908    -0.8021   2.647766   2.646780     2.1774     2.6390      8.094     0.7934     1.4507 1.0041e+01    -0.1201   103.0480     8.4234     8.7974    32.4280    32.4269    26.0620    26.0615    8.36351 0.0000e+00
      21319     39.544    -0.7956    -0.8093   2.647208   2.646225     2.1778     2.6390      8.094     0.8040     1.4507 1.0088e+01    -0.1201   103.0480     8.4307     8.8063    32.4257    32.4272    26.0603    26.0620    8.36473 0.0000e+00
      21322     39.451    -0.8027    -0.8136   2.646738   2.645953     2.1794     2.6390      8.092     0.8040     1.4507 1.0134e+01    -0.1205   103.0571     8.4414     8.8156    32.4271    32.4282    26.0617    26.0630    8.36627 0.0000e+00
      21325     39.347    -0.8042    -0.8163   2.646714   2.645805     2.1790     2.6402      8.092     0.8145     1.2138 1.0217e+01    -0.1205   103.0571     8.4411     8.8275    32.4284    32.4293    26.0628    26.0639    8.36652 0.0000e+00
      21328     39.237    -0.8057    -0.8130   2.646557   2.646251     2.1778     2.6415      8.092     0.8040     0.3453 1.0288e+01    -0.1205   103.0571     8.4403     8.8360    32.4280    32.4318    26.0625    26.0659    8.36689 0.0000e+00
      21331     39.131    -0.8047    -0.8048   2.646860   2.646981     2.1786     2.6427      8.092     0.8251     0.3453 1.0384e+01    -0.1201   103.0480     8.4510     8.8462    32.4311    32.4328    26.0650    26.0664    8.36648 0.0000e+00
      21334     39.020    -0.7993    -0.7968   2.647420   2.647628     2.1798     2.6439      8.092     0.8040     0.3848 1.0444e+01    -0.1198   103.0390     8.4625     8.8598    32.4329    32.4330    26.0663    26.0663    8.36517 0.0000e+00
      21337     38.903    -0.7902    -0.7861   2.648419   2.648768     2.1802     2.6439      8.092     0.7934     0.3848 1.0492e+01    -0.1183   103.0028     8.4698     8.8672    32.4366    32.4370    26.0690    26.0691    8.36289 0.0000e+00
      21340     38.786    -0.7764    -0.7732   2.649767   2.649596     2.1810     2.6451      8.092     0.8040     0.3453 1.0565e+01    -0.1183   103.0028     8.4734     8.8732    32.4400    32.4342    26.0712    26.0665    8.35956 0.0000e+00
      21343     38.663    -0.7610    -0.7643   2.650815   2.650301     2.1810     2.6463      8.094     0.8251     0.3848 1.0651e+01    -0.1183   103.0028     8.4719     8.8798    32.4377    32.4343    26.0688    26.0662    8.35622 0.0000e+00
      21346     38.540    -0.7531    -0.7510   2.651120   2.651713     2.1810     2.6484      8.092     0.8040     0.3848 1.0725e+01    -0.1183   103.0028     8.4773     8.8879    32.4333    32.4390    26.0650    26.0695    8.35469 0.0000e+00
      21349     38.414    -0.7424    -0.7249   2.652740   2.654228     2.1823     2.6484      8.095     0.8145     0.3848 1.0788e+01    -0.1183   103.0028     8.4891     8.8807    32.4437    32.4449    26.0731    26.0734    8.35167 0.0000e+00
      21352     38.289    -0.7239    -0.6846   2.653935   2.657764     2.1835     2.6496      8.094     0.8040     0.8980 1.0875e+01    -0.1183   103.0028     8.4959     8.8762    32.4400    32.4492    26.0694    26.0754    8.34771 0.0000e+00
      21355     38.164    -0.7069    -0.6487   2.655720   2.659885     2.1835     2.6516      8.095     0.8145     1.3323 1.0951e+01    -0.1187   103.0118     8.4913     8.8775    32.4458    32.4393    26.0735    26.0660    8.34354 0.0000e+00
      21358     38.036    -0.6750    -0.6332   2.658759   2.660449     2.1839     2.6537      8.095     0.7934     1.3323 1.1052e+01    -0.1190   103.0209     8.4882     8.8878    32.4524    32.4302    26.0777    26.0582    8.33597 0.0000e+00
      21361     37.906    -0.6488    -0.6347   2.659941   2.659775     2.1843     2.6545      8.097     0.8145     1.3323 1.1129e+01    -0.1194   103.0299     8.4856     8.8949    32.4402    32.4228    26.0669    26.0522    8.33077 0.0000e+00
      21364     37.777    -0.6400    -0.6506   2.659930   2.657922     2.1851     2.6545      8.097     0.8145     1.3323 1.1220e+01    -0.1190   103.0209     8.4930     8.9027    32.4307    32.4151    26.0588    26.0466    8.32933 0.0000e+00
      21367     37.651    -0.6435    -0.6766   2.658469   2.655404     2.1859     2.6557      8.097     0.8040     1.3323 1.1298e+01    -0.1194   103.0299     8.5037     8.9195    32.4149    32.4092    26.0462    26.0428    8.33101 0.0000e+00
      21370     37.523    -0.6592    -0.7097   2.656165   2.652517     2.1876     2.6577      8.097     0.8251     1.3323 1.1390e+01    -0.1190   103.0209     8.5212     8.9426    32.4009    32.4061    26.0354    26.0415    8.33534 0.0000e+00
      21373     37.398    -0.6916    -0.7183   2.653244   2.653532     2.1876     2.6586      8.097     0.7934     1.3323 1.1469e+01    -0.1187   103.0118     8.5357     8.9548    32.3965    32.4291    26.0330    26.0604    8.34290 0.0000e+00
      21376     37.274    -0.7091    -0.6533   2.653357   2.659741     2.1884     2.6598      8.097     0.8040     1.3323 1.1576e+01    -0.1183   103.0028     8.5495     8.9442    32.4169    32.4427    26.0502    26.0690    8.34568 0.0000e+00
      21379     37.147    -0.6861    -0.5911   2.657680   2.664078     2.1896     2.6622      8.097     0.7934     2.9510 1.1670e+01    -0.1183   103.0028     8.5564     8.9387    32.4504    32.4342    26.0764    26.0598    8.33858 0.0000e+00
      21382     37.022    -0.6401    -0.5651   2.660171   2.665342     2.1900     2.6630      8.097     0.8251     3.3852 1.1764e+01    -0.1183   103.0028     8.5537     8.9413    32.4344    32.4234    26.0619    26.0501    8.32913 0.0000e+00
      21385     36.899    -0.6119    -0.5381   2.663718   2.667320     2.1908     2.6643      8.101     0.8145     3.3457 1.1805e+01    -0.1183   103.0028     8.5568     8.9493    32.4519    32.4210    26.0749    26.0471    8.32180 0.0000e+00
      21388     36.775    -0.5530    -0.5553   2.668429   2.665364     2.1920     2.6667      8.101     0.8040     3.3457 1.1888e+01    -0.1183   103.0028     8.5521     8.9706    32.4519    32.4133    26.0727    26.0416    8.30859 0.0000e+00
      21391     36.652    -0.5174    -0.5461   2.669578   2.667166     2.1924     2.6687      8.101     0.8674     3.3457 1.1984e+01    -0.1183   103.0028     8.5552     8.9775    32.4291    32.4276    26.0529    26.0528    8.30191 0.0000e+00
      21394     36.538    -0.4997    -0.5173   2.670358   2.669070     2.1945     2.6699      8.103     0.8780     3.3457 1.2054e+01    -0.1180   102.9938     8.5689     8.9747    32.4207    32.4223    26.0454    26.0474    8.29844 0.0000e+00
      21397     36.424    -0.4906    -0.5003   2.670682   2.669935     2.1957     2.6724      8.104     0.8675     3.3457 1.2138e+01    -0.1155   102.9305     8.5814     8.9794    32.4154    32.4158    26.0408    26.0415    8.29671 0.0000e+00
      21400     36.312    -0.4851    -0.4975   2.670769   2.669941     2.1961     2.6732      8.106     0.8675     3.3457 1.2208e+01    -0.1155   102.9305     8.5912     8.9814    32.4107    32.4129    26.0368    26.0390    8.29575 0.0000e+00
      21403     36.206    -0.4870    -0.4943   2.670539   2.670094     2.1981     2.6744      8.106     0.8886     3.2668 1.2279e+01    -0.1155   102.9305     8.6088     8.9852    32.4098    32.4116    26.0361    26.0378    8.29623 0.0000e+00
      21406     36.113    -0.4871    -0.4957   2.670579   2.669872     2.1990     2.6769      8.108     0.8780     2.4377 1.2364e+01    -0.1162   102.9486     8.6204     8.9985    32.4104    32.4101    26.0366    26.0367    8.29621 0.0000e+00
      21409     36.030    -0.4885    -0.5020   2.670363   2.669199     2.2010     2.6789      8.111     0.8675     2.3982 1.2421e+01    -0.1159   102.9395     8.6358     9.0061    32.4091    32.4080    26.0356    26.0352    8.29660 0.0000e+00
      21412     35.950    -0.4910    -0.5122   2.670045   2.668601     2.2018     2.6805      8.111     0.8780     2.3982 1.2508e+01    -0.1155   102.9305     8.6465     9.0129    32.4076    32.4110    26.0345    26.0381    8.29724 0.0000e+00
      21415     35.872    -0.4919    -0.5129   2.670231   2.668635     2.2043     2.6818      8.111     0.8675     2.4377 1.2537e+01    -0.1145   102.9033     8.6659     9.0154    32.4111    32.4122    26.0374    26.0391    8.29725 0.0000e+00
      21418     35.801    -0.4826    -0.5087   2.671041   2.668900     2.2047     2.6826      8.114     0.9309     2.3982 1.2581e+01    -0.1110   102.8129     8.6668     9.0162    32.4120    32.4113    26.0377    26.0382    8.29512 0.0000e+00
      21421     35.739    -0.4775    -0.5196   2.671082   2.667611     2.2067     2.6842      8.115     0.9415     2.3982 1.2624e+01    -0.1110   102.8129     8.6794     9.0247    32.4072    32.4058    26.0336    26.0341    8.29426 0.0000e+00
      21424     35.676    -0.4786    -0.5412   2.671128   2.666113     2.2079     2.6866      8.115     0.9521     2.3982 1.2653e+01    -0.1110   102.8129     8.6891     9.0421    32.4089    32.4089    26.0351    26.0375    8.29439 0.0000e+00
      21427     35.617    -0.4715    -0.5604   2.671646   2.665202     2.2095     2.6883      8.115     0.9309     2.3982 1.2683e+01    -0.1110   102.8129     8.7007     9.0552    32.4083    32.4173    26.0343    26.0450    8.29285 0.0000e+00
      21430     35.566    -0.4710    -0.5569   2.671541   2.665328     2.2108     2.6907      8.117     0.9309     1.8060 1.2727e+01    -0.1110   102.8129     8.7132     9.0651    32.4064    32.4152    26.0327    26.0432    8.29285 0.0000e+00
      21433     35.519    -0.4677    -0.5335   2.671991   2.668799     2.2128     2.6911      8.120     0.9521     0.5427 1.2771e+01    -0.1110   102.8129     8.7258     9.0624    32.4089    32.4367    26.0346    26.0597    8.29196 0.0000e+00
      21436     35.473    -0.4599    -0.4755   2.672462   2.672179     2.2148     2.6932      8.120     0.9415     0.6217 1.2801e+01    -0.1103   102.7948     8.7340     9.0616    32.4069    32.4198    26.0327    26.0438    8.29035 0.0000e+00
      21439     35.431    -0.4501    -0.4593   2.673088   2.672422     2.2165     2.6936      8.120     0.9415     0.6217 1.2830e+01    -0.1089   102.7587     8.7422     9.0663    32.4048    32.4057    26.0306    26.0317    8.28827 0.0000e+00
      21442     35.393    -0.4435    -0.4809   2.673672   2.670451     2.2173     2.6960      8.125     0.9521     0.6217 1.2860e+01    -0.1089   102.7587     8.7464     9.0868    32.4055    32.4025    26.0309    26.0300    8.28675 0.0000e+00
      21445     35.359    -0.4340    -0.4930   2.674302   2.669682     2.2185     2.6972      8.127     0.9097     0.5822 1.2890e+01    -0.1089   102.7587     8.7489     9.0993    32.4038    32.4052    26.0292    26.0326    8.28474 0.0000e+00
      21448     35.328    -0.4259    -0.5104   2.675282   2.668390     2.2213     2.7001      8.128     0.9097     0.6217 1.2890e+01    -0.1089   102.7587     8.7613     9.1203    32.4082    32.4066    26.0324    26.0345    8.28267 0.0000e+00
      21451     35.297    -0.4059    -0.4953   2.677218   2.670213     2.2238     2.7025      8.130     0.8992     0.6217 1.2890e+01    -0.1092   102.7677     8.7664     9.1319    32.4127    32.4148    26.0352    26.0405    8.27797 0.0000e+00
      21455     35.267    -0.3834    -0.4790   2.678585   2.671102     2.2250     2.7041      8.131     0.9097     0.5427 1.2905e+01    -0.1089   102.7587     8.7667     9.1424    32.4069    32.4093    26.0297    26.0354    8.27330 0.0000e+00
      21459     35.236    -0.3841    -0.4775   2.677645   2.670943     2.2270     2.7074      8.134     0.9203     0.3453 1.2934e+01    -0.1089   102.7587     8.7814     9.1645    32.3952    32.4056    26.0202    26.0323    8.27412 0.0000e+00
      21463     35.209    -0.3837    -0.4860   2.678615   2.670249     2.2291     2.7103      8.136     0.8992     0.3848 1.2934e+01    -0.1089   102.7587     8.7961     9.1835    32.4077    32.4054    26.0303    26.0325    8.27332 0.0000e+00
      21474     35.141    -0.3191    -0.4732   2.683924   2.670557     2.2352     2.7180      8.142     0.9521     0.3059 1.2979e+01    -0.1085   102.7496     8.8127     9.2236    32.4094    32.3959    26.0291    26.0243    8.25889 0.0000e+00
      21477     35.119    -0.3083    -0.4731   2.684891   2.671037     2.2372     2.7200      8.144     0.9309     0.3848 1.3025e+01    -0.1110   102.8129     8.8252     9.2383    32.4108    32.4021    26.0297    26.0294    8.25642 0.0000e+00
      21480     35.094    -0.2976    -0.4495   2.685708   2.671773     2.2397     2.7225      8.144     0.9521     0.3848 1.3055e+01    -0.1117   102.8310     8.8416     9.2457    32.4102    32.3867    26.0288    26.0160    8.25407 0.0000e+00
      21483     35.070    -0.2955    -0.4470   2.685508   2.671898     2.2421     2.7241      8.144     0.9521     0.2269 1.3070e+01    -0.1113   102.8219     8.8609     9.2573    32.4053    32.3858    26.0248    26.0152    8.25389 0.0000e+00
      21486     35.041    -0.2963    -0.4563   2.685322   2.672167     2.2433     2.7265      8.149     0.9521     0.1084 1.3115e+01    -0.1113   102.8219     8.8703     9.2770    32.4037    32.3993    26.0235    26.0264    8.25415 0.0000e+00
      21489     35.008    -0.2965    -0.4571   2.685229   2.672589     2.2442     2.7290      8.149     0.9309     0.1479 1.3130e+01    -0.1117   102.8310     8.8758     9.2947    32.4027    32.4058    26.0228    26.0317    8.25426 0.0000e+00
      21492     34.974    -0.2899    -0.4571   2.686138   2.673812     2.2470     2.7318      8.150     0.9415     0.1084 1.3191e+01    -0.1117   102.8310     8.8891     9.3148    32.4078    32.4221    26.0266    26.0449    8.25251 0.0000e+00
      21495     34.933    -0.2752    -0.4137   2.687009   2.677771     2.2486     2.7343      8.153     0.9309     0.1084 1.3206e+01    -0.1110   102.8129     8.8994     9.3215    32.4037    32.4286    26.0227    26.0484    8.24949 0.0000e+00
      21498     34.887    -0.2662    -0.3727   2.687617   2.680273     2.2511     2.7367      8.153     0.8992     0.1084 1.3252e+01    -0.1110   102.8129     8.9097     9.3316    32.4023    32.4182    26.0211    26.0384    8.24758 0.0000e+00
      21501     34.839    -0.2654    -0.3433   2.687794   2.682341     2.2523     2.7396      8.153     0.9203     0.1084 1.3283e+01    -0.1110   102.8129     8.9150     9.3487    32.4038    32.4144    26.0223    26.0341    8.24732 0.0000e+00
      21504     34.782    -0.2620    -0.3224   2.688600   2.684360     2.2555     2.7416      8.155     0.9203     0.0295 1.3345e+01    -0.1110   102.8129     8.9302     9.3617    32.4109    32.4189    26.0279    26.0369    8.24617 0.0000e+00
      21507     34.719    -0.2489    -0.3007   2.689941   2.685980     2.2576     2.7453      8.158     0.9097     0.0690 1.3407e+01    -0.1106   102.8039     8.9379     9.3825    32.4148    32.4174    26.0305    26.0348    8.24305 0.0000e+00
      21510     34.654    -0.2290    -0.2811   2.691984   2.687981     2.2584     2.7477      8.158     0.9203     0.3453 1.3469e+01    -0.1110   102.8129     8.9405     9.3968    32.4207    32.4231    26.0344    26.0385    8.23832 0.0000e+00
      21513     34.585    -0.2041    -0.2371   2.694027   2.691705     2.2600     2.7514      8.160     0.8992     0.3848 1.3500e+01    -0.1110   102.8129     8.9408     9.4058    32.4213    32.4257    26.0338    26.0388    8.23279 0.0000e+00
      21516     34.512    -0.1808    -0.1972   2.695906   2.694423     2.2633     2.7546      8.163     0.8886     0.3848 1.3547e+01    -0.1113   102.8219     8.9501     9.4124    32.4214    32.4193    26.0329    26.0319    8.22765 0.0000e+00
