Datasets/AZMP/TEL210/tel210_2020_093.cnv
* Sea-Bird SBE 9 Data File:
* FileName = C:\CTDDATA\tel210_2020_093.hex
* Software Version Seasave V 7.26.7.110
* Temperature SN = 1697
* Conductivity SN = 4216
* Number of Bytes Per Scan = 30
* Number of Voltage Words = 4
* Number of Scans Averaged by the Deck Unit = 1
* NMEA baud rate = 4800
** VESSEL/TRIP/SEQ STN:  TEL210_2020_093
** LATITUDE XX XX.XX: 54 38.00 N
** LONGITUDE XX XX.XX: 053 15.00 W
** SOUNDING DEPTH (M): 0680
** PROBE TYPE: S1146
** CTD NUMBER: 063
** COMMENTS (14 CHAR): SI-12
** BOTTLES:  12
** LEVELS: 5,10,20,30,40,50,75,100,150,250,500,BTM
** STICKERS: 436190 - 436201
** VNET: Y
** DO2: N
# nquan = 22
# nvalues = 15122                       
# units = specified
# name 0 = scan: Scan Count
# name 1 = prDM: Pressure, Digiquartz [db]
# name 2 = t090C: Temperature [ITS-90, deg C]
# name 3 = t190C: Temperature, 2 [ITS-90, deg C]
# name 4 = c0S/m: Conductivity [S/m]
# name 5 = c1S/m: Conductivity, 2 [S/m]
# name 6 = sbeox0V: Oxygen raw, SBE 43 [V]
# name 7 = sbeox1V: Oxygen raw, SBE 43, 2 [V]
# name 8 = ph: pH
# name 9 = flECO-AFL: Fluorescence, WET Labs ECO-AFL/FL [mg/m^3]
# name 10 = wetCDOM: Fluorescence, WET Labs CDOM [mg/m^3]
# name 11 = par/sat/log: PAR/Logarithmic, Satlantic [umol photons/m^2/sec]
# name 12 = CStarAt0: Beam Attenuation, WET Labs C-Star [1/m]
# name 13 = CStarTr0: Beam Transmission, WET Labs C-Star [%]
# name 14 = sbeox0ML/L: Oxygen, SBE 43 [ml/l], WS = 2
# name 15 = sbeox1ML/L: Oxygen, SBE 43, 2 [ml/l], WS = 2
# name 16 = sal00: Salinity, Practical [PSU]
# name 17 = sal11: Salinity, Practical, 2 [PSU]
# name 18 = sigma-t00: Density [sigma-t, kg/m^3 ]
# name 19 = sigma-t11: Density, 2 [sigma-t, kg/m^3 ]
# name 20 = oxsatML/L: Oxygen Saturation, Weiss [ml/l]
# name 21 = flag: flag
# span 0 =          2,      86481       
# span 1 =      0.903,    697.221       
# span 2 =     0.5892,     7.5386       
# span 3 =     0.5883,     7.5244       
# span 4 =   2.841955,   3.294441       
# span 5 =   2.841970,   3.293193       
# span 6 =     1.9105,     2.7048       
# span 7 =     2.2915,     3.3386       
# span 8 =      8.001,      8.328       
# span 9 =     0.6029,    14.3172       
# span 10 =    -2.8130,   482.1870      
# span 11 = 1.0715e-01, 4.5525e+02      
# span 12 =    -0.1240,     0.6968      
# span 13 =    84.0122,   103.1475      
# span 14 =     6.4836,    10.0247      
# span 15 =     6.7191,    10.4710      
# span 16 =    31.9235,    34.8454      
# span 17 =    31.9259,    34.8452      
# span 18 =    24.9238,    27.7159      
# span 19 =    24.9275,    27.7161      
# span 20 =    6.81172,    8.00154      
# span 21 = 0.0000e+00, 0.0000e+00      
# interval = scans: 3                   
# start_time = Jul 25 2020 17:41:14 [System UTC, header]
# bad_flag = -9.990e-29
*END*
[from data line 11128]
      43296    339.011     3.5353     3.5299   3.198164   3.197666     1.9501     2.3421      8.028     0.7299     1.8060 1.0715e-01    -0.1145   102.9033     6.5456     6.7887    34.6258    34.6256    27.5355    27.5359    7.36580 0.0000e+00
      43299    338.960     3.5345     3.5301   3.198063   3.197675     1.9497     2.3429      8.028     0.7193     1.8060 1.0727e-01    -0.1145   102.9033     6.5423     6.7888    34.6255    34.6255    27.5353    27.5358    7.36597 0.0000e+00
      43302    338.909     3.5338     3.5300   3.198007   3.197684     1.9505     2.3433      8.029     0.7299     1.7665 1.0715e-01    -0.1141   102.8943     6.5440     6.7887    34.6256    34.6257    27.5354    27.5359    7.36609 0.0000e+00
      43305    338.862     3.5338     3.5305   3.197984   3.197720     1.9497     2.3425      8.028     0.7193     1.4507 1.0715e-01    -0.1141   102.8943     6.5372     6.7847    34.6253    34.6256    27.5352    27.5358    7.36610 0.0000e+00
      43308    338.812     3.5334     3.5311   3.197920   3.197722     1.9505     2.3429      8.028     0.7405     1.3323 1.0715e-01    -0.1141   102.8943     6.5380     6.7850    34.6250    34.6251    27.5350    27.5353    7.36619 0.0000e+00
      43311    338.764     3.5336     3.5309   3.197944   3.197779     1.9509     2.3425      8.028     0.7299     1.3323 1.0715e-01    -0.1148   102.9124     6.5401     6.7838    34.6251    34.6260    27.5352    27.5361    7.36616 0.0000e+00
      43314    338.717     3.5335     3.5308   3.197937   3.197752     1.9509     2.3429      8.028     0.6981     1.3323 1.0715e-01    -0.1152   102.9214     6.5413     6.7844    34.6252    34.6258    27.5352    27.5359    7.36617 0.0000e+00
      43317    338.669     3.5331     3.5314   3.197904   3.197701     1.9501     2.3425      8.028     0.6770     1.3323 1.0715e-01    -0.1152   102.9214     6.5375     6.7824    34.6252    34.6245    27.5353    27.5349    7.36624 0.0000e+00
      43320    338.617     3.5332     3.5307   3.197917   3.197697     1.9505     2.3433      8.028     0.6770     1.3323 1.0715e-01    -0.1152   102.9214     6.5385     6.7862    34.6253    34.6253    27.5353    27.5355    7.36622 0.0000e+00
      43323    338.561     3.5332     3.5308   3.197930   3.197753     1.9497     2.3425      8.029     0.7087     1.3323 1.0727e-01    -0.1148   102.9124     6.5357     6.7820    34.6255    34.6259    27.5355    27.5361    7.36622 0.0000e+00
      43326    338.504     3.5334     3.5309   3.197964   3.197773     1.9493     2.3429      8.028     0.6875     1.3323 1.0715e-01    -0.1152   102.9214     6.5339     6.7849    34.6257    34.6260    27.5356    27.5361    7.36616 0.0000e+00
      43329    338.442     3.5343     3.5310   3.198050   3.197822     1.9497     2.3425      8.028     0.6981     1.2139 1.0715e-01    -0.1141   102.8943     6.5363     6.7847    34.6259    34.6266    27.5356    27.5366    7.36600 0.0000e+00
      43332    338.375     3.5345     3.5321   3.198014   3.197961     1.9497     2.3425      8.028     0.6875     0.2663 1.0715e-01    -0.1138   102.8853     6.5350     6.7839    34.6252    34.6271    27.5351    27.5368    7.36599 0.0000e+00
      43335    338.305     3.5335     3.5317   3.197864   3.197793     1.9497     2.3417      8.028     0.6875     0.2269 1.0727e-01    -0.1141   102.8943     6.5363     6.7810    34.6245    34.6256    27.5347    27.5357    7.36621 0.0000e+00
      43338    338.230     3.5325     3.5304   3.197778   3.197672     1.9497     2.3425      8.028     0.6770     0.2664 1.0715e-01    -0.1138   102.8853     6.5384     6.7847    34.6245    34.6255    27.5348    27.5357    7.36638 0.0000e+00
      43341    338.147     3.5313     3.5296   3.197584   3.197522     1.9497     2.3425      8.028     0.6770     0.2269 1.0715e-01    -0.1141   102.8943     6.5398     6.7871    34.6236    34.6246    27.5342    27.5351    7.36665 0.0000e+00
      43344    338.061     3.5307     3.5285   3.197576   3.197359     1.9501     2.3425      8.028     0.6876     0.2269 1.0715e-01    -0.1141   102.8943     6.5440     6.7873    34.6242    34.6239    27.5346    27.5347    7.36673 0.0000e+00
      43347    337.970     3.5305     3.5269   3.197500   3.197230     1.9505     2.3425      8.028     0.6981     0.2664 1.0715e-01    -0.1141   102.8943     6.5467     6.7904    34.6235    34.6240    27.5341    27.5349    7.36680 0.0000e+00
      43350    337.871     3.5301     3.5275   3.197468   3.197398     1.9501     2.3433      8.028     0.6770     0.2664 1.0715e-01    -0.1148   102.9124     6.5437     6.7942    34.6236    34.6255    27.5343    27.5360    7.36687 0.0000e+00
      43353    337.772     3.5303     3.5292   3.197506   3.197580     1.9501     2.3421      8.028     0.6875     0.2269 1.0715e-01    -0.1152   102.9214     6.5422     6.7888    34.6239    34.6259    27.5345    27.5362    7.36681 0.0000e+00
      43356    337.667     3.5308     3.5284   3.197539   3.197333     1.9497     2.3425      8.028     0.6981     0.7401 1.0715e-01    -0.1152   102.9214     6.5385     6.7907    34.6238    34.6238    27.5344    27.5346    7.36673 0.0000e+00
      43359    337.560     3.5298     3.5271   3.197352   3.197256     1.9497     2.3425      8.029     0.6981     2.1614 1.0715e-01    -0.1152   102.9214     6.5385     6.7902    34.6227    34.6244    27.5336    27.5352    7.36697 0.0000e+00
      43362    337.450     3.5291     3.5270   3.197304   3.197225     1.9497     2.3433      8.028     0.6770     2.1614 1.0715e-01    -0.1155   102.9305     6.5367     6.7908    34.6229    34.6242    27.5338    27.5350    7.36709 0.0000e+00
      43365    337.334     3.5285     3.5274   3.197235   3.197322     1.9497     2.3429      8.028     0.6981     2.1614 1.0715e-01    -0.1152   102.9214     6.5366     6.7905    34.6227    34.6250    27.5337    27.5356    7.36720 0.0000e+00
      43368    337.217     3.5279     3.5276   3.197107   3.197312     1.9505     2.3429      8.029     0.7299     2.1614 1.0715e-01    -0.1152   102.9214     6.5385     6.7913    34.6220    34.6248    27.5332    27.5354    7.36735 0.0000e+00
      43371    337.099     3.5261     3.5272   3.196815   3.197068     1.9493     2.3433      8.028     0.7299     2.1614 1.0715e-01    -0.1152   102.9214     6.5341     6.7914    34.6205    34.6223    27.5322    27.5335    7.36776 0.0000e+00
      43374    336.978     3.5240     3.5205   3.196607   3.196187     1.9501     2.3425      8.028     0.7299     2.1614 1.0715e-01    -0.1152   102.9214     6.5392     6.7899    34.6202    34.6189    27.5321    27.5314    7.36815 0.0000e+00
      43377    336.853     3.5224     3.5168   3.196405   3.195928     1.9497     2.3429      8.028     0.7299     2.1614 1.0715e-01    -0.1152   102.9214     6.5406     6.7928    34.6196    34.6198    27.5318    27.5325    7.36848 0.0000e+00
      43380    336.730     3.5206     3.5155   3.196232   3.195756     1.9497     2.3429      8.029     0.7299     2.1614 1.0715e-01    -0.1152   102.9214     6.5415     6.7922    34.6195    34.6192    27.5319    27.5322    7.36881 0.0000e+00
      43383    336.608     3.5202     3.5133   3.196185   3.195466     1.9497     2.3425      8.028     0.7299     1.9245 1.0715e-01    -0.1152   102.9214     6.5400     6.7913    34.6194    34.6181    27.5319    27.5315    7.36889 0.0000e+00
      43386    336.488     3.5189     3.5106   3.195974   3.195215     1.9497     2.3429      8.028     0.7299     1.6481 1.0715e-01    -0.1152   102.9214     6.5420     6.7932    34.6183    34.6180    27.5311    27.5317    7.36918 0.0000e+00
      43389    336.371     3.5168     3.5103   3.195728   3.195253     1.9497     2.3437      8.028     0.7299     1.6876 1.0715e-01    -0.1148   102.9124     6.5452     6.7968    34.6176    34.6188    27.5308    27.5324    7.36959 0.0000e+00
      43392    336.256     3.5162     3.5112   3.195741   3.195382     1.9493     2.3433      8.028     0.7193     1.6481 1.0715e-01    -0.1138   102.8853     6.5445     6.7947    34.6185    34.6195    27.5316    27.5328    7.36966 0.0000e+00
      43395    336.149     3.5164     3.5122   3.195774   3.195464     1.9497     2.3425      8.028     0.6875     1.6876 1.0715e-01    -0.1141   102.8943     6.5470     6.7926    34.6187    34.6195    27.5317    27.5327    7.36961 0.0000e+00
      43398    336.044     3.5167     3.5131   3.195812   3.195556     1.9497     2.3433      8.028     0.6770     1.6481 1.0715e-01    -0.1138   102.8853     6.5459     6.7969    34.6189    34.6197    27.5319    27.5328    7.36955 0.0000e+00
      43401    335.944     3.5168     3.5138   3.195838   3.195620     1.9505     2.3433      8.028     0.6981     1.6876 1.0715e-01    -0.1141   102.8943     6.5491     6.7937    34.6192    34.6198    27.5321    27.5328    7.36952 0.0000e+00
      43404    335.851     3.5168     3.5139   3.195863   3.195607     1.9497     2.3433      8.028     0.6981     1.6876 1.0715e-01    -0.1141   102.8943     6.5458     6.7938    34.6195    34.6195    27.5323    27.5326    7.36950 0.0000e+00
      43407    335.766     3.5170     3.5134   3.195831   3.195456     1.9493     2.3437      8.028     0.7087     1.6876 1.0715e-01    -0.1141   102.8943     6.5457     6.7949    34.6190    34.6183    27.5319    27.5317    7.36949 0.0000e+00
      43410    335.691     3.5168     3.5123   3.195795   3.195387     1.9509     2.3433      8.029     0.6981     1.4507 1.0715e-01    -0.1138   102.8853     6.5527     6.7907    34.6188    34.6186    27.5317    27.5321    7.36953 0.0000e+00
      43413    335.620     3.5165     3.5115   3.195711   3.195233     1.9509     2.3433      8.028     0.6876     1.4507 1.0715e-01    -0.1141   102.8943     6.5533     6.7908    34.6181    34.6178    27.5312    27.5314    7.36962 0.0000e+00
      43416    335.555     3.5159     3.5100   3.195709   3.195110     1.9497     2.3433      8.028     0.6981     1.4507 1.0715e-01    -0.1141   102.8943     6.5466     6.7928    34.6188    34.6178    27.5318    27.5316    7.36969 0.0000e+00
      43419    335.496     3.5161     3.5097   3.195722   3.195088     1.9501     2.3437      8.028     0.6770     1.4507 1.0715e-01    -0.1141   102.8943     6.5459     6.7939    34.6188    34.6180    27.5318    27.5318    7.36966 0.0000e+00
      43422    335.443     3.5156     3.5092   3.195646   3.195046     1.9497     2.3437      8.028     0.6770     1.4507 1.0715e-01    -0.1141   102.8943     6.5431     6.7915    34.6184    34.6180    27.5315    27.5318    7.36977 0.0000e+00
      43425    335.398     3.5149     3.5095   3.195547   3.195084     1.9497     2.3425      8.028     0.6875     1.4507 1.0727e-01    -0.1141   102.8943     6.5418     6.7865    34.6180    34.6182    27.5313    27.5320    7.36992 0.0000e+00
      43428    335.356     3.5138     3.5105   3.195475   3.195229     1.9509     2.3437      8.028     0.6770     1.4507 1.0715e-01    -0.1141   102.8943     6.5463     6.7904    34.6183    34.6189    27.5317    27.5325    7.37011 0.0000e+00
      43431    335.323     3.5133     3.5127   3.195412   3.195485     1.9505     2.3437      8.028     0.6875     1.4507 1.0727e-01    -0.1141   102.8943     6.5431     6.7925    34.6181    34.6196    27.5315    27.5328    7.37021 0.0000e+00
      43434    335.291     3.5135     3.5142   3.195425   3.195611     1.9505     2.3425      8.028     0.6875     1.2138 1.0715e-01    -0.1148   102.9124     6.5432     6.7892    34.6181    34.6196    27.5315    27.5326    7.37018 0.0000e+00
      43437    335.265     3.5137     3.5132   3.195415   3.195491     1.9501     2.3437      8.028     0.6981    -0.2468 1.0715e-01    -0.1145   102.9033     6.5442     6.7934    34.6178    34.6192    27.5312    27.5324    7.37015 0.0000e+00
      43461    335.124     3.5202     3.5183   3.196292   3.196095     1.9509     2.3437      8.028     0.7510     0.8980 1.0715e-01    -0.1141   102.8943     6.5455     6.7904    34.6215    34.6211    27.5336    27.5334    7.36879 0.0000e+00
      43465    335.099     3.5245     3.5187   3.196731   3.196147     1.9497     2.3433      8.028     0.7510     2.9509 1.0715e-01    -0.1141   102.8943     6.5387     6.7908    34.6222    34.6213    27.5337    27.5335    7.36797 0.0000e+00
      43469    335.063     3.5227     3.5186   3.196465   3.196199     1.9497     2.3433      8.028     0.7405     2.8720 1.0715e-01    -0.1141   102.8943     6.5400     6.7917    34.6209    34.6220    27.5329    27.5342    7.36835 0.0000e+00
      43472    335.031     3.5156     3.5194   3.195808   3.196262     1.9505     2.3433      8.028     0.7299     2.8720 1.0715e-01    -0.1131   102.8672     6.5462     6.7900    34.6206    34.6220    27.5333    27.5340    7.36967 0.0000e+00
      43475    334.998     3.5143     3.5208   3.195608   3.196410     1.9505     2.3425      8.028     0.7299     2.8720 1.0715e-01    -0.1131   102.8672     6.5467     6.7861    34.6196    34.6223    27.5326    27.5341    7.36996 0.0000e+00
      43478    334.961     3.5144     3.5225   3.195541   3.196573     1.9501     2.3442      8.029     0.7299     2.8720 1.0715e-01    -0.1131   102.8672     6.5426     6.7906    34.6187    34.6225    27.5319    27.5341    7.36998 0.0000e+00
      43481    334.916     3.5142     3.5226   3.195557   3.196588     1.9497     2.3437      8.028     0.7299     2.8720 1.0715e-01    -0.1131   102.8672     6.5406     6.7900    34.6191    34.6226    27.5323    27.5342    7.37000 0.0000e+00
      43484    334.869     3.5102     3.5223   3.195134   3.196590     1.9501     2.3437      8.028     0.7299     2.8720 1.0715e-01    -0.1131   102.8672     6.5440     6.7905    34.6184    34.6230    27.5320    27.5345    7.37077 0.0000e+00
      43487    334.813     3.5094     3.5218   3.195098   3.196462     1.9501     2.3441      8.028     0.7299     2.3588 1.0715e-01    -0.1131   102.8672     6.5486     6.7928    34.6188    34.6220    27.5325    27.5338    7.37089 0.0000e+00
      43490    334.751     3.5132     3.5194   3.195631   3.196131     1.9501     2.3441      8.028     0.7299     1.1349 1.0715e-01    -0.1120   102.8400     6.5472     6.7944    34.6212    34.6206    27.5340    27.5329    7.37008 0.0000e+00
      43493    334.685     3.5090     3.5152   3.194748   3.195558     1.9505     2.3437      8.028     0.7299     1.2139 1.0727e-01    -0.1110   102.8129     6.5459     6.7928    34.6150    34.6182    27.5295    27.5314    7.37115 0.0000e+00
      43496    334.615     3.5024     3.5090   3.194062   3.194745     1.9509     2.3437      8.028     0.7087     1.2139 1.0715e-01    -0.1110   102.8129     6.5467     6.7918    34.6138    34.6151    27.5292    27.5295    7.37241 0.0000e+00
      43499    334.535     3.5003     3.5026   3.193847   3.193998     1.9505     2.3437      8.028     0.6981     1.2139 1.0715e-01    -0.1106   102.8039     6.5465     6.7905    34.6135    34.6129    27.5292    27.5284    7.37281 0.0000e+00
      43502    334.450     3.4988     3.4971   3.193677   3.193515     1.9493     2.3429      8.028     0.6981     1.2139 1.0715e-01    -0.1110   102.8129     6.5404     6.7845    34.6132    34.6130    27.5290    27.5290    7.37311 0.0000e+00
      43505    334.361     3.4982     3.4954   3.193613   3.193351     1.9501     2.3437      8.029     0.6875     1.2139 1.0727e-01    -0.1106   102.8039     6.5427     6.7892    34.6131    34.6129    27.5290    27.5292    7.37323 0.0000e+00
      43508    334.262     3.4983     3.4943   3.193594   3.193174     1.9509     2.3437      8.028     0.6875     1.2139 1.0715e-01    -0.1106   102.8039     6.5452     6.7899    34.6128    34.6119    27.5288    27.5285    7.37322 0.0000e+00
      43511    334.155     3.4983     3.4935   3.193528   3.193131     1.9509     2.3437      8.028     0.6770     1.2139 1.0715e-01    -0.1117   102.8310     6.5442     6.7905    34.6120    34.6123    27.5281    27.5289    7.37325 0.0000e+00
