Datasets/AZMP/TEL210/tel210_2020_140.cnv
* Sea-Bird SBE 9 Data File:
* FileName = C:\CTDDATA\tel210_2020_140.hex
* Software Version Seasave V 7.26.7.110
* Temperature SN = 1697
* Conductivity SN = 4216
* Number of Bytes Per Scan = 30
* Number of Voltage Words = 4
* Number of Scans Averaged by the Deck Unit = 1
* NMEA baud rate = 4800
** VESSEL/TRIP/SEQ STN:  tel210_2020_140
** LATITUDE XX XX.XX: 47 40.80 N
** LONGITUDE XX XX.XX: 051 52.80 W
** SOUNDING DEPTH (M): 0186
** PROBE TYPE: S1146
** CTD NUMBER: 081
** COMMENTS (14 CHAR): S27-04
** BOTTLES:
** LEVELS:
** STICKERS:
** VNET: N
** DO2: N
# nquan = 22
# nvalues = 3588                        
# units = specified
# name 0 = scan: Scan Count
# name 1 = prDM: Pressure, Digiquartz [db]
# name 2 = t090C: Temperature [ITS-90, deg C]
# name 3 = t190C: Temperature, 2 [ITS-90, deg C]
# name 4 = c0S/m: Conductivity [S/m]
# name 5 = c1S/m: Conductivity, 2 [S/m]
# name 6 = sbeox0V: Oxygen raw, SBE 43 [V]
# name 7 = sbeox1V: Oxygen raw, SBE 43, 2 [V]
# name 8 = ph: pH
# name 9 = flECO-AFL: Fluorescence, WET Labs ECO-AFL/FL [mg/m^3]
# name 10 = wetCDOM: Fluorescence, WET Labs CDOM [mg/m^3]
# name 11 = par/sat/log: PAR/Logarithmic, Satlantic [umol photons/m^2/sec]
# name 12 = CStarAt0: Beam Attenuation, WET Labs C-Star [1/m]
# name 13 = CStarTr0: Beam Transmission, WET Labs C-Star [%]
# name 14 = sbeox0ML/L: Oxygen, SBE 43 [ml/l], WS = 2
# name 15 = sbeox1ML/L: Oxygen, SBE 43, 2 [ml/l], WS = 2
# name 16 = sal00: Salinity, Practical [PSU]
# name 17 = sal11: Salinity, Practical, 2 [PSU]
# name 18 = sigma-t00: Density [sigma-t, kg/m^3 ]
# name 19 = sigma-t11: Density, 2 [sigma-t, kg/m^3 ]
# name 20 = oxsatML/L: Oxygen Saturation, Weiss [ml/l]
# name 21 = flag: flag
# span 0 =          6,      11919       
# span 1 =      0.160,    182.257       
# span 2 =    -1.3782,    13.2443       
# span 3 =    -1.3842,    13.2408       
# span 4 =   2.624500,   3.745650       
# span 5 =   2.624149,   3.745241       
# span 6 =     1.8864,     2.5347       
# span 7 =     2.2575,     3.0525       
# span 8 =      7.867,      8.249       
# span 9 =     0.6558,     5.2590       
# span 10 =    -2.8130,   482.1870      
# span 11 = 1.0703e-01, 2.1121e+01      
# span 12 =    -0.1477,     0.6255      
# span 13 =    85.5224,   103.7624      
# span 14 =     6.1434,     9.3218      
# span 15 =     6.0644,     9.7131      
# span 16 =    31.3683,    33.4102      
# span 17 =    31.4351,    33.4147      
# span 18 =    23.5456,    26.8290      
# span 19 =    23.6005,    26.8343      
# span 20 =    6.02595,    8.47776      
# span 21 = 0.0000e+00, 0.0000e+00      
# interval = scans: 3                   
# start_time = Jul 30 2020 22:16:18 [System UTC, header]
# bad_flag = -9.990e-29
*END*
[from data line 1252]
       3977    129.115    -1.1827    -1.1884   2.660185   2.659736     1.9840     2.3784      7.916     0.7616     3.5826 1.0715e-01    -0.1394   103.5454     7.5817     7.8154    32.9689    32.9690    26.5132    26.5135    8.42166 0.0000e+00
       3980    129.233    -1.1830    -1.1888   2.660356   2.659882     1.9849     2.3772      7.914     0.7722     3.5826 1.0727e-01    -0.1394   103.5454     7.5836     7.8079    32.9716    32.9714    26.5153    26.5153    8.42158 0.0000e+00
       3983    129.346    -1.1802    -1.1862   2.660793   2.660317     1.9844     2.3776      7.914     0.7828     1.3718 1.0715e-01    -0.1394   103.5454     7.5774     7.8084    32.9743    32.9745    26.5174    26.5178    8.42076 0.0000e+00
       3986    129.462    -1.1760    -1.1819   2.661213   2.660754     1.9849     2.3780      7.914     0.7722     0.3453 1.0715e-01    -0.1383   103.5183     7.5749     7.8096    32.9754    32.9756    26.5182    26.5186    8.41975 0.0000e+00
       3989    129.572    -1.1705    -1.1766   2.661948   2.661400     1.9840     2.3784      7.914     0.7616     0.3848 1.0715e-01    -0.1373   103.4911     7.5646     7.8088    32.9792    32.9785    26.5212    26.5208    8.41825 0.0000e+00
       3992    129.682    -1.1593    -1.1663   2.663149   2.662625     1.9844     2.3784      7.914     0.7616     0.3848 1.0715e-01    -0.1369   103.4821     7.5634     7.8044    32.9832    32.9838    26.5241    26.5248    8.41545 0.0000e+00
       3995    129.791    -1.1458    -1.1525   2.664413   2.663879     1.9849     2.3772      7.914     0.7722     0.3848 1.0740e-01    -0.1362   103.4640     7.5594     7.7937    32.9855    32.9857    26.5255    26.5258    8.41222 0.0000e+00
       3998    129.899    -1.1327    -1.1396   2.665553   2.665025     1.9840     2.3772      7.914     0.7616     0.3848 1.0715e-01    -0.1369   103.4821     7.5551     7.7908    32.9866    32.9871    26.5259    26.5265    8.40916 0.0000e+00
       4001    130.006    -1.1214    -1.1285   2.666516   2.665985     1.9836     2.3772      7.914     0.7616     0.3848 1.0715e-01    -0.1366   103.4730     7.5530     7.7894    32.9873    32.9878    26.5261    26.5268    8.40654 0.0000e+00
       4004    130.111    -1.1119    -1.1189   2.667344   2.666802     1.9840     2.3772      7.914     0.7405     0.3848 1.0727e-01    -0.1366   103.4730     7.5518     7.7875    32.9880    32.9883    26.5265    26.5269    8.40432 0.0000e+00
       4007    130.213    -1.1040    -1.1100   2.668003   2.667484     1.9832     2.3772      7.914     0.7299     0.3848 1.0715e-01    -0.1366   103.4730     7.5479     7.7849    32.9883    32.9878    26.5264    26.5262    8.40250 0.0000e+00
       4010    130.319    -1.0976    -1.1034   2.668455   2.668007     1.9832     2.3784      7.914     0.7299     0.5032 1.0715e-01    -0.1373   103.4911     7.5499     7.7882    32.9873    32.9876    26.5254    26.5258    8.40109 0.0000e+00
       4013    130.423    -1.0931    -1.0990   2.668817   2.668366     1.9836     2.3776      7.914     0.7299     0.5032 1.0715e-01    -0.1373   103.4911     7.5570     7.7842    32.9872    32.9876    26.5251    26.5256    8.40006 0.0000e+00
       4016    130.527    -1.0895    -1.0952   2.669217   2.668728     1.9840     2.3776      7.914     0.7510     0.5032 1.0727e-01    -0.1373   103.4911     7.5608     7.7840    32.9887    32.9882    26.5262    26.5261    8.39917 0.0000e+00
       4019    130.625    -1.0841    -1.0902   2.669803   2.669321     1.9832     2.3772      7.914     0.7510     0.5032 1.0715e-01    -0.1373   103.4911     7.5569     7.7823    32.9906    32.9908    26.5276    26.5280    8.39782 0.0000e+00
       4022    130.725    -1.0773    -1.0832   2.670541   2.670087     1.9840     2.3780      7.914     0.7299     0.5032 1.0727e-01    -0.1373   103.4911     7.5598     7.7826    32.9931    32.9934    26.5295    26.5299    8.39611 0.0000e+00
       4025    130.826    -1.0693    -1.0749   2.671308   2.670852     1.9836     2.3772      7.914     0.7405     0.5032 1.0715e-01    -0.1373   103.4911     7.5557     7.7773    32.9947    32.9947    26.5305    26.5307    8.39420 0.0000e+00
       4028    130.931    -1.0619    -1.0673   2.671874   2.671503     1.9836     2.3776      7.914     0.7405     0.5032 1.0727e-01    -0.1401   103.5635     7.5520     7.7750    32.9942    32.9951    26.5298    26.5307    8.39253 0.0000e+00
       4031    131.034    -1.0558    -1.0609   2.672421   2.672040     1.9836     2.3776      7.914     0.7616     0.5032 1.0715e-01    -0.1408   103.5816     7.5518     7.7727    32.9949    32.9953    26.5302    26.5306    8.39110 0.0000e+00
       4034    131.138    -1.0511    -1.0561   2.672782   2.672412     1.9844     2.3772      7.912     0.7722     0.5822 1.0715e-01    -0.1411   103.5906     7.5539     7.7704    32.9946    32.9950    26.5298    26.5303    8.39006 0.0000e+00
       4037    131.243    -1.0485    -1.0528   2.673080   2.672670     1.9844     2.3772      7.913     0.7722     0.8586 1.0715e-01    -0.1411   103.5906     7.5470     7.7704    32.9957    32.9948    26.5305    26.5300    8.38939 0.0000e+00
       4040    131.348    -1.0455    -1.0505   2.673258   2.672865     1.9844     2.3768      7.913     0.7828     0.8586 1.0715e-01    -0.1404   103.5725     7.5423     7.7693    32.9947    32.9949    26.5297    26.5300    8.38876 0.0000e+00
       4043    131.454    -1.0466    -1.0510   2.673083   2.672719     1.9828     2.3772      7.913     0.7722     0.8586 1.0715e-01    -0.1408   103.5816     7.5310     7.7688    32.9935    32.9934    26.5288    26.5288    8.38908 0.0000e+00
       4046    131.559    -1.0495    -1.0542   2.673054   2.672606     1.9836     2.3772      7.913     0.7722     0.8586 1.0715e-01    -0.1404   103.5725     7.5351     7.7671    32.9962    32.9953    26.5310    26.5305    8.38958 0.0000e+00
       4049    131.667    -1.0462    -1.0526   2.673659   2.673137     1.9832     2.3776      7.913     0.7722     0.8586 1.0727e-01    -0.1411   103.5906     7.5334     7.7669    33.0008    33.0008    26.5347    26.5348    8.38858 0.0000e+00
       4052    131.773    -1.0369    -1.0438   2.674915   2.674345     1.9832     2.3768      7.913     0.7828     0.8191 1.0715e-01    -0.1404   103.5725     7.5284     7.7607    33.0075    33.0074    26.5398    26.5399    8.38605 0.0000e+00
       4055    131.880    -1.0170    -1.0249   2.677082   2.676517     1.9840     2.3776      7.912     0.7405     0.8586 1.0727e-01    -0.1411   103.5906     7.5263     7.7590    33.0151    33.0161    26.5452    26.5463    8.38109 0.0000e+00
       4058    131.987    -0.9956    -1.0032   2.678699   2.678115     1.9836     2.3772      7.913     0.7510     0.8586 1.0715e-01    -0.1404   103.5725     7.5220     7.7512    33.0135    33.0139    26.5432    26.5438    8.37631 0.0000e+00
       4061    132.096    -0.9845    -0.9905   2.679322   2.678888     1.9820     2.3768      7.911     0.7299     1.0954 1.0715e-01    -0.1411   103.5906     7.5130     7.7440    33.0097    33.0104    26.5398    26.5406    8.37402 0.0000e+00
       4064    132.205    -0.9784    -0.9832   2.679816   2.679435     1.9824     2.3772      7.913     0.7405     1.3323 1.0715e-01    -0.1408   103.5816     7.5138     7.7394    33.0096    33.0097    26.5395    26.5398    8.37263 0.0000e+00
       4067    132.310    -0.9732    -0.9783   2.680258   2.679813     1.9828     2.3760      7.911     0.7405     1.3323 1.0715e-01    -0.1404   103.5725     7.5142     7.7295    33.0098    33.0095    26.5395    26.5394    8.37142 0.0000e+00
       4070    132.415    -0.9693    -0.9748   2.680565   2.680107     1.9836     2.3760      7.911     0.7405     1.3323 1.0715e-01    -0.1411   103.5906     7.5154     7.7263    33.0097    33.0095    26.5393    26.5393    8.37055 0.0000e+00
       4073    132.520    -0.9662    -0.9720   2.680779   2.680309     1.9828     2.3764      7.910     0.7405     1.3323 1.0715e-01    -0.1408   103.5816     7.5074     7.7255    33.0092    33.0091    26.5387    26.5389    8.36989 0.0000e+00
       4076    132.625    -0.9647    -0.9702   2.680882   2.680432     1.9824     2.3764      7.911     0.7405     1.2928 1.0715e-01    -0.1404   103.5725     7.4990     7.7238    33.0087    33.0088    26.5384    26.5385    8.36956 0.0000e+00
       4079    132.726    -0.9644    -0.9696   2.680946   2.680513     1.9832     2.3760      7.908     0.7299     1.3323 1.0715e-01    -0.1411   103.5906     7.5005     7.7224    33.0092    33.0091    26.5387    26.5388    8.36946 0.0000e+00
       4082    132.829    -0.9637    -0.9687   2.681055   2.680652     1.9836     2.3760      7.910     0.7616     1.2928 1.0727e-01    -0.1408   103.5816     7.5055     7.7224    33.0099    33.0099    26.5393    26.5394    8.36927 0.0000e+00
       4085    132.931    -0.9633    -0.9680   2.681095   2.680675     1.9816     2.3751      7.910     0.7616     1.3323 1.0715e-01    -0.1408   103.5816     7.4970     7.7175    33.0099    33.0094    26.5393    26.5390    8.36917 0.0000e+00
       4088    133.030    -0.9622    -0.9674   2.681327   2.680859     1.9820     2.3747      7.910     0.7722    -0.5232 1.0715e-01    -0.1404   103.5725     7.4957     7.7136    33.0118    33.0112    26.5408    26.5405    8.36882 0.0000e+00
       4091    133.126    -0.9589    -0.9643   2.681699   2.681237     1.9820     2.3747      7.908     0.7616    -0.9575 1.0715e-01    -0.1404   103.5725     7.4919     7.7106    33.0132    33.0129    26.5418    26.5417    8.36799 0.0000e+00
       4094    133.224    -0.9536    -0.9593   2.682296   2.681824     1.9820     2.3747      7.911     0.7722    -0.9180 1.0715e-01    -0.1404   103.5725     7.4900     7.7062    33.0154    33.0152    26.5433    26.5434    8.36665 0.0000e+00
       4097    133.320    -0.9480    -0.9542   2.682649   2.682159     1.9808     2.3739      7.910     0.7616    -0.9180 1.0715e-01    -0.1404   103.5725     7.4851     7.6983    33.0140    33.0142    26.5421    26.5424    8.36547 0.0000e+00
       4100    133.416    -0.9432    -0.9485   2.683225   2.682755     1.9804     2.3747      7.908     0.7828    -0.9180 1.0727e-01    -0.1397   103.5544     7.4817     7.6991    33.0165    33.0160    26.5439    26.5436    8.36424 0.0000e+00
       4103    133.509    -0.9365    -0.9421   2.683794   2.683333     1.9808     2.3747      7.910     0.7616    -0.9180 1.0715e-01    -0.1404   103.5725     7.4805     7.6965    33.0168    33.0166    26.5438    26.5440    8.36269 0.0000e+00
       4106    133.605    -0.9305    -0.9364   2.684314   2.683809     1.9816     2.3735      7.908     0.7616    -0.9180 1.0715e-01    -0.1401   103.5635     7.4826     7.6913    33.0172    33.0168    26.5440    26.5439    8.36131 0.0000e+00
       4109    133.701    -0.9250    -0.9316   2.684730   2.684208     1.9816     2.3731      7.910     0.7828    -0.9180 1.0727e-01    -0.1383   103.5183     7.4830     7.6881    33.0168    33.0169    26.5435    26.5438    8.36010 0.0000e+00
       4112    133.799    -0.9214    -0.9276   2.684977   2.684517     1.9808     2.3727      7.908     0.7934    -0.9575 1.0715e-01    -0.1383   103.5183     7.4780     7.6831    33.0161    33.0167    26.5428    26.5435    8.35931 0.0000e+00
       4115    133.899    -0.9192    -0.9245   2.685178   2.684705     1.9808     2.3723      7.908     0.7722    -1.0364 1.0727e-01    -0.1383   103.5183     7.4787     7.6756    33.0163    33.0157    26.5429    26.5426    8.35879 0.0000e+00
       4118    133.997    -0.9164    -0.9224   2.685407   2.684924     1.9808     2.3723      7.908     0.7828    -1.0759 1.0715e-01    -0.1383   103.5183     7.4805     7.6729    33.0164    33.0163    26.5429    26.5430    8.35817 0.0000e+00
       4121    134.096    -0.9156    -0.9211   2.685448   2.685016     1.9804     2.3715      7.908     0.7828    -1.0759 1.0715e-01    -0.1383   103.5183     7.4761     7.6677    33.0160    33.0161    26.5425    26.5428    8.35801 0.0000e+00
       4124    134.198    -0.9164    -0.9219   2.685381   2.684942     1.9804     2.3711      7.908     0.7616    -1.1154 1.0715e-01    -0.1383   103.5183     7.4698     7.6652    33.0158    33.0159    26.5424    26.5427    8.35820 0.0000e+00
       4127    134.304    -0.9185    -0.9238   2.685174   2.684739     1.9791     2.3711      7.908     0.7616    -1.0364 1.0715e-01    -0.1383   103.5183     7.4601     7.6676    33.0153    33.0152    26.5421    26.5422    8.35870 0.0000e+00
       4130    134.411    -0.9229    -0.9281   2.684794   2.684383     1.9787     2.3715      7.908     0.7828    -1.0759 1.0727e-01    -0.1383   103.5183     7.4566     7.6707    33.0149    33.0150    26.5419    26.5421    8.35972 0.0000e+00
       4133    134.523    -0.9287    -0.9337   2.684320   2.683898     1.9795     2.3703      7.910     0.7828    -1.0759 1.0715e-01    -0.1387   103.5273     7.4615     7.6648    33.0148    33.0145    26.5420    26.5419    8.36105 0.0000e+00
       4136    134.635    -0.9341    -0.9395   2.684003   2.683569     1.9800     2.3695      7.908     0.7722    -1.0759 1.0715e-01    -0.1387   103.5273     7.4686     7.6602    33.0163    33.0164    26.5434    26.5437    8.36218 0.0000e+00
       4139    134.750    -0.9367    -0.9425   2.684033   2.683556     1.9795     2.3686      7.908     0.7722    -0.0495 1.0727e-01    -0.1390   103.5364     7.4704     7.6561    33.0195    33.0194    26.5461    26.5463    8.36259 0.0000e+00
       4142    134.869    -0.9381    -0.9438   2.684023   2.683580     1.9791     2.3690      7.910     0.7828     1.8850 1.0727e-01    -0.1387   103.5273     7.4721     7.6604    33.0208    33.0210    26.5472    26.5476    8.36283 0.0000e+00
       4145    134.992    -0.9386    -0.9443   2.684154   2.683695     1.9779     2.3686      7.910     0.7828     1.8060 1.0740e-01    -0.1383   103.5183     7.4686     7.6612    33.0230    33.0232    26.5490    26.5493    8.36281 0.0000e+00
       4148    135.115    -0.9417    -0.9472   2.683798   2.683383     1.9779     2.3686      7.908     0.7722     1.8060 1.0727e-01    -0.1383   103.5183     7.4708     7.6622    33.0215    33.0220    26.5479    26.5485    8.36359 0.0000e+00
       4151    135.243    -0.9479    -0.9531   2.683361   2.682958     1.9783     2.3678      7.908     0.7616     1.8060 1.0727e-01    -0.1390   103.5364     7.4751     7.6607    33.0224    33.0226    26.5488    26.5492    8.36496 0.0000e+00
       4154    135.373    -0.9542    -0.9596   2.682942   2.682522     1.9775     2.3670      7.908     0.7616     1.8060 1.0727e-01    -0.1387   103.5273     7.4702     7.6625    33.0236    33.0238    26.5500    26.5503    8.36633 0.0000e+00
       4157    135.503    -0.9598    -0.9653   2.682706   2.682274     1.9775     2.3662      7.908     0.7616     1.8060 1.0715e-01    -0.1390   103.5364     7.4701     7.6674    33.0263    33.0266    26.5525    26.5528    8.36743 0.0000e+00
       4160    135.634    -0.9623    -0.9678   2.682743   2.682280     1.9783     2.3658      7.910     0.7828     1.8060 1.0727e-01    -0.1387   103.5273     7.4742     7.6734    33.0296    33.0294    26.5551    26.5551    8.36782 0.0000e+00
       4163    135.767    -0.9608    -0.9669   2.683122   2.682613     1.9783     2.3662      7.911     0.7828     1.8060 1.0727e-01    -0.1387   103.5273     7.4743     7.6757    33.0330    33.0327    26.5579    26.5579    8.36729 0.0000e+00
       4166    135.903    -0.9554    -0.9620   2.683809   2.683282     1.9779     2.3666      7.910     0.7722     3.5826 1.0715e-01    -0.1387   103.5273     7.4725     7.6752    33.0363    33.0364    26.5603    26.5606    8.36586 0.0000e+00
