Datasets/AZMP/TEL210/tel210_2020_005.cnv
* Sea-Bird SBE 9 Data File:
* FileName = C:\CTDDATA\tel210_2020_005.hex
* Software Version Seasave V 7.26.7.110
* Temperature SN = 1697
* Conductivity SN = 4216
* Number of Bytes Per Scan = 30
* Number of Voltage Words = 4
* Number of Scans Averaged by the Deck Unit = 1
* NMEA baud rate = 4800
** VESSEL/TRIP/SEQ STN:  tel210_2020_005
** LATITUDE XX XX.XX: 47 00.00 N
** LONGITUDE XX XX.XX: 052 34.80 W
** SOUNDING DEPTH (M): 0156
** PROBE TYPE: S1146
** CTD NUMBER: 004
** COMMENTS (14 CHAR): FC-03
** BOTTLES:  9
** LEVELS: 5,10,20,30,40,50,75,100,BTM
** STICKERS: 435762 - 435770
** VNET: Y
** DO2: Y
# nquan = 22
# nvalues = 3769                        
# units = specified
# name 0 = scan: Scan Count
# name 1 = prDM: Pressure, Digiquartz [db]
# name 2 = t090C: Temperature [ITS-90, deg C]
# name 3 = t190C: Temperature, 2 [ITS-90, deg C]
# name 4 = c0S/m: Conductivity [S/m]
# name 5 = c1S/m: Conductivity, 2 [S/m]
# name 6 = sbeox0V: Oxygen raw, SBE 43 [V]
# name 7 = sbeox1V: Oxygen raw, SBE 43, 2 [V]
# name 8 = ph: pH
# name 9 = flECO-AFL: Fluorescence, WET Labs ECO-AFL/FL [mg/m^3]
# name 10 = wetCDOM: Fluorescence, WET Labs CDOM [mg/m^3]
# name 11 = par/sat/log: PAR/Logarithmic, Satlantic [umol photons/m^2/sec]
# name 12 = CStarAt0: Beam Attenuation, WET Labs C-Star [1/m]
# name 13 = CStarTr0: Beam Transmission, WET Labs C-Star [%]
# name 14 = sbeox0ML/L: Oxygen, SBE 43 [ml/l], WS = 2
# name 15 = sbeox1ML/L: Oxygen, SBE 43, 2 [ml/l], WS = 2
# name 16 = sal00: Salinity, Practical [PSU]
# name 17 = sal11: Salinity, Practical, 2 [PSU]
# name 18 = sigma-t00: Density [sigma-t, kg/m^3 ]
# name 19 = sigma-t11: Density, 2 [sigma-t, kg/m^3 ]
# name 20 = oxsatML/L: Oxygen Saturation, Weiss [ml/l]
# name 21 = flag: flag
# span 0 =         28,      35328       
# span 1 =      0.870,    154.765       
# span 2 =    -0.4352,    12.0877       
# span 3 =    -0.4348,    12.0843       
# span 4 =   2.720446,   3.674647       
# span 5 =   2.720679,   3.674220       
# span 6 =     1.7386,     2.3448       
# span 7 =     2.1011,     2.8731       
# span 8 =      7.712,      8.100       
# span 9 =    -0.5918,     1.0667       
# span 10 =    -2.8130,   482.1870      
# span 11 = 1.0703e-01, 2.6972e+00      
# span 12 =    -0.1613,     0.0025      
# span 13 =    99.9372,   104.1151      
# span 14 =     6.0399,     8.2075      
# span 15 =     6.0987,     8.7030      
# span 16 =    31.7372,    33.0701      
# span 17 =    31.7492,    33.0708      
# span 18 =    24.0446,    26.5637      
# span 19 =    24.0505,    26.5646      
# span 20 =    6.16382,    8.25246      
# span 21 = 0.0000e+00, 0.0000e+00      
# interval = scans: 3                   
# start_time = Jul 15 2020 07:35:46 [System UTC, header]
# bad_flag = -9.990e-29
*END*
[from data line 988]
       3781     89.057     0.2104     0.2054   2.764724   2.764299     1.9946     2.4240      7.837    -0.4798     0.0295 1.0727e-01    -0.1523   103.8800     7.1116     7.4443    32.8786    32.8783    26.3835    26.3836    8.11694 0.0000e+00
       3784     89.155     0.2052     0.1997   2.764354   2.763890     1.9942     2.4224      7.837    -0.4697     0.0295 1.0715e-01    -0.1530   103.8981     7.1163     7.4419    32.8792    32.8790    26.3843    26.3844    8.11801 0.0000e+00
       3787     89.249     0.2047     0.1995   2.764417   2.764031     1.9942     2.4207      7.837    -0.4493     0.0295 1.0715e-01    -0.1530   103.8981     7.1211     7.4402    32.8805    32.8811    26.3854    26.3861    8.11805 0.0000e+00
       3790     89.340     0.2015     0.1983   2.764097   2.763763     1.9938     2.4211      7.837    -0.4697     1.3718 1.0715e-01    -0.1526   103.8891     7.1279     7.4488    32.8797    32.8788    26.3848    26.3843    8.11878 0.0000e+00
       3793     89.430     0.1963     0.1921   2.763630   2.763190     1.9918     2.4195      7.837    -0.4595     2.4377 1.0715e-01    -0.1523   103.8800     7.1241     7.4505    32.8791    32.8778    26.3847    26.3839    8.11995 0.0000e+00
       3796     89.520     0.1918     0.1866   2.763308   2.762817     1.9901     2.4171      7.835    -0.4595     2.3982 1.0715e-01    -0.1526   103.8891     7.1234     7.4470    32.8796    32.8788    26.3853    26.3849    8.12088 0.0000e+00
       3799     89.611     0.1893     0.1837   2.763151   2.762685     1.9897     2.4162      7.837    -0.4697     2.3982 1.0752e-01    -0.1530   103.8981     7.1287     7.4541    32.8802    32.8801    26.3859    26.3861    8.12138 0.0000e+00
       3802     89.704     0.1859     0.1799   2.762853   2.762289     1.9893     2.4154      7.835    -0.4392     2.3982 1.0727e-01    -0.1523   103.8800     7.1325     7.4610    32.8799    32.8789    26.3858    26.3854    8.12214 0.0000e+00
       3805     89.798     0.1781     0.1712   2.762178   2.761495     1.9889     2.4138      7.834    -0.4697     2.3982 1.0727e-01    -0.1526   103.8891     7.1379     7.4661    32.8794    32.8778    26.3858    26.3848    8.12386 0.0000e+00
       3808     89.889     0.1648     0.1532   2.760950   2.759657     1.9869     2.4118      7.834    -0.5206     2.3982 1.0715e-01    -0.1530   103.8981     7.1336     7.4707    32.8775    32.8729    26.3849    26.3818    8.12683 0.0000e+00
       3811     89.982     0.1402     0.1247   2.758675   2.756918     1.9865     2.4118      7.834    -0.5308     2.3982 1.0727e-01    -0.1526   103.8891     7.1424     7.4855    32.8739    32.8674    26.3832    26.3788    8.13233 0.0000e+00
       3814     90.074     0.1034     0.0882   2.755331   2.753744     1.9857     2.4105      7.835    -0.5104     2.3982 1.0715e-01    -0.1526   103.8891     7.1547     7.4965    32.8693    32.8648    26.3814    26.3785    8.14055 0.0000e+00
       3817     90.164     0.0665     0.0603   2.752355   2.751820     1.9853     2.4105      7.834    -0.5206     2.5167 1.0715e-01    -0.1530   103.8981     7.1689     7.5167    32.8698    32.8694    26.3835    26.3834    8.14853 0.0000e+00
       3820     90.255     0.0338     0.0339   2.749751   2.749881     1.9853     2.4089      7.834    -0.5206     2.5167 1.0715e-01    -0.1530   103.8981     7.1747     7.5246    32.8705    32.8721    26.3857    26.3869    8.15558 0.0000e+00
       3823     90.347     0.0153     0.0227   2.748430   2.748857     1.9840     2.4085      7.837    -0.5206     2.5167 1.0715e-01    -0.1530   103.8981     7.1731     7.5330    32.8730    32.8706    26.3886    26.3863    8.15947 0.0000e+00
       3826     90.438     0.0078     0.0028   2.747818   2.747228     1.9836     2.4081      7.837    -0.5104     2.5167 1.0715e-01    -0.1530   103.8981     7.1784     7.5438    32.8729    32.8704    26.3888    26.3870    8.16110 0.0000e+00
       3829     90.529     0.0028    -0.0037   2.747439   2.746877     1.9840     2.4081      7.837    -0.5104     2.5167 1.0715e-01    -0.1530   103.8981     7.1863     7.5528    32.8732    32.8728    26.3893    26.3893    8.16217 0.0000e+00
       3832     90.622     0.0025    -0.0045   2.747434   2.746871     1.9824     2.4073      7.837    -0.5104     2.5167 1.0715e-01    -0.1530   103.8981     7.1863     7.5575    32.8733    32.8735    26.3894    26.3899    8.16222 0.0000e+00
       3835     90.714     0.0029    -0.0056   2.747434   2.746466     1.9824     2.4069      7.837    -0.5206     2.5167 1.0715e-01    -0.1523   103.8800     7.1892     7.5616    32.8729    32.8693    26.3891    26.3865    8.16216 0.0000e+00
       3838     90.804    -0.0124    -0.0236   2.745806   2.744678     1.9820     2.4069      7.837    -0.5308     2.5167 1.0715e-01    -0.1519   103.8710     7.1959     7.5717    32.8679    32.8650    26.3857    26.3839    8.16578 0.0000e+00
       3841     90.890    -0.0317    -0.0395   2.744292   2.743567     1.9808     2.4065      7.837    -0.5409     2.3983 1.0715e-01    -0.1519   103.8710     7.1966     7.5796    32.8685    32.8674    26.3872    26.3866    8.16994 0.0000e+00
       3844     90.980    -0.0437    -0.0510   2.743393   2.742659     1.9791     2.4053      7.837    -0.5308     1.6087 1.0715e-01    -0.1519   103.8710     7.1938     7.5811    32.8696    32.8676    26.3885    26.3874    8.17250 0.0000e+00
       3847     91.065    -0.0525    -0.0594   2.742670   2.742002     1.9800     2.4057      7.839    -0.5206     1.5692 1.0715e-01    -0.1519   103.8710     7.2048     7.5868    32.8693    32.8680    26.3888    26.3881    8.17442 0.0000e+00
       3850     91.150    -0.0599    -0.0661   2.742046   2.741484     1.9804     2.4044      7.839    -0.5206     1.5692 1.0715e-01    -0.1519   103.8710     7.2082     7.5865    32.8691    32.8683    26.3889    26.3886    8.17606 0.0000e+00
       3853     91.234    -0.0662    -0.0719   2.741567   2.741047     1.9791     2.4053      7.839    -0.5409     1.5692 1.0727e-01    -0.1519   103.8710     7.2042     7.5935    32.8694    32.8687    26.3895    26.3892    8.17740 0.0000e+00
       3856     91.318    -0.0701    -0.0757   2.741280   2.740787     1.9800     2.4053      7.841    -0.5104     1.5692 1.0727e-01    -0.1526   103.8891     7.2159     7.5970    32.8698    32.8693    26.3900    26.3898    8.17823 0.0000e+00
       3859     91.401    -0.0731    -0.0785   2.740993   2.740535     1.9791     2.4053      7.841    -0.5511     1.5692 1.0715e-01    -0.1530   103.8981     7.2180     7.6005    32.8692    32.8690    26.3896    26.3897    8.17892 0.0000e+00
       3862     91.482    -0.0761    -0.0820   2.740770   2.740277     1.9791     2.4044      7.842    -0.5511     1.5692 1.0727e-01    -0.1530   103.8981     7.2237     7.5998    32.8695    32.8692    26.3900    26.3901    8.17957 0.0000e+00
       3865     91.557    -0.0772    -0.0829   2.740727   2.740231     1.9783     2.4049      7.842    -0.5511     1.5692 1.0715e-01    -0.1530   103.8981     7.2252     7.6060    32.8700    32.8696    26.3905    26.3904    8.17978 0.0000e+00
       3868     91.631    -0.0780    -0.0835   2.740693   2.740226     1.9779     2.4040      7.842    -0.5409     1.7271 1.0715e-01    -0.1530   103.8981     7.2253     7.6042    32.8704    32.8701    26.3908    26.3909    8.17993 0.0000e+00
       3871     91.704    -0.0794    -0.0849   2.740595   2.740109     1.9775     2.4040      7.842    -0.5409     1.9245 1.0715e-01    -0.1530   103.8981     7.2205     7.6056    32.8705    32.8701    26.3910    26.3909    8.18022 0.0000e+00
       3874     91.776    -0.0808    -0.0864   2.740526   2.740071     1.9767     2.4044      7.842    -0.5511     1.9245 1.0715e-01    -0.1530   103.8981     7.2173     7.6060    32.8711    32.8711    26.3915    26.3918    8.18050 0.0000e+00
       3877     91.849    -0.0816    -0.0870   2.740521   2.740105     1.9763     2.4036      7.842    -0.5409     1.9245 1.0715e-01    -0.1540   103.9252     7.2163     7.5974    32.8719    32.8722    26.3922    26.3927    8.18063 0.0000e+00
       3880     91.921    -0.0815    -0.0870   2.740587   2.740170     1.9779     2.4036      7.842    -0.5511     1.9245 1.0715e-01    -0.1543   103.9342     7.2243     7.5946    32.8726    32.8730    26.3928    26.3934    8.18057 0.0000e+00
       3883     91.996    -0.0815    -0.0867   2.740628   2.740218     1.9771     2.4036      7.842    -0.5308     1.9245 1.0715e-01    -0.1540   103.9252     7.2172     7.5925    32.8730    32.8733    26.3931    26.3935    8.18054 0.0000e+00
       3886     92.069    -0.0810    -0.0863   2.740754   2.740321     1.9767     2.4040      7.842    -0.5511     1.9245 1.0715e-01    -0.1540   103.9252     7.2143     7.5909    32.8742    32.8741    26.3940    26.3942    8.18037 0.0000e+00
       3889     92.142    -0.0804    -0.0853   2.740836   2.740484     1.9767     2.4032      7.842    -0.5409     1.9245 1.0727e-01    -0.1540   103.9252     7.2136     7.5820    32.8745    32.8752    26.3943    26.3950    8.18022 0.0000e+00
       3892     92.217    -0.0790    -0.0831   2.741039   2.740716     1.9771     2.4040      7.842    -0.5409     1.9245 1.0715e-01    -0.1540   103.9252     7.2099     7.5804    32.8757    32.8758    26.3951    26.3954    8.17985 0.0000e+00
       3895     92.295    -0.0767    -0.0809   2.741296   2.740987     1.9755     2.4032      7.842    -0.5409     0.9375 1.0715e-01    -0.1540   103.9252     7.1988     7.5744    32.8766    32.8769    26.3957    26.3962    8.17931 0.0000e+00
       3898     92.370    -0.0755    -0.0813   2.741446   2.741003     1.9755     2.4020      7.842    -0.5511     0.4637 1.0715e-01    -0.1550   103.9523     7.1924     7.5629    32.8772    32.8775    26.3962    26.3967    8.17900 0.0000e+00
       3901     92.447    -0.0784    -0.0853   2.741269   2.740771     1.9755     2.4016      7.841    -0.5511     0.5032 1.0727e-01    -0.1550   103.9523     7.1833     7.5560    32.8780    32.8788    26.3970    26.3979    8.17960 0.0000e+00
       3904     92.526    -0.0813    -0.0869   2.741183   2.740810     1.9747     2.4012      7.838    -0.5511     0.5032 1.0715e-01    -0.1550   103.9523     7.1738     7.5474    32.8799    32.8809    26.3986    26.3997    8.18012 0.0000e+00
       3907     92.609    -0.0816    -0.0867   2.741281   2.740867     1.9730     2.4012      7.838    -0.5613     0.5032 1.0715e-01    -0.1550   103.9523     7.1652     7.5401    32.8815    32.8815    26.3999    26.4002    8.18010 0.0000e+00
       3910     92.697    -0.0813    -0.0867   2.741337   2.740905     1.9743     2.4000      7.838    -0.5409     0.5032 1.0715e-01    -0.1547   103.9433     7.1681     7.5270    32.8818    32.8820    26.4002    26.4005    8.18001 0.0000e+00
       3913     92.785    -0.0818    -0.0870   2.741328   2.740910     1.9730     2.3991      7.838    -0.5206     0.5032 1.0715e-01    -0.1550   103.9523     7.1571     7.5174    32.8822    32.8823    26.4006    26.4008    8.18010 0.0000e+00
       3916     92.875    -0.0817    -0.0871   2.741352   2.740932     1.9722     2.3995      7.836    -0.5206     0.5032 1.0715e-01    -0.1550   103.9523     7.1511     7.5128    32.8824    32.8825    26.4006    26.4010    8.18007 0.0000e+00
       3919     92.971    -0.0817    -0.0868   2.741412   2.738967     1.9722     2.4000      7.836    -0.5206     0.5427 1.0715e-01    -0.1561   103.9795     7.1498     7.5130    32.8831    32.8562    26.4012    26.3798    8.18003 0.0000e+00
       3922     93.068    -0.0813    -0.0862   2.741478   2.740746     1.9714     2.3967      7.835    -0.5206     1.5692 1.0727e-01    -0.1564   103.9885     7.1406     7.4927    32.8834    32.8791    26.4015    26.3982    8.17992 0.0000e+00
       3925     93.170    -0.0797    -0.0842   2.741741   2.741376     1.9702     2.3971      7.833    -0.5308     1.6876 1.0727e-01    -0.1557   103.9704     7.1310     7.4855    32.8851    32.8851    26.4028    26.4030    8.17947 0.0000e+00
       3928     93.275    -0.0759    -0.0800   2.742162   2.741851     1.9706     2.3959      7.833    -0.5206     1.6876 1.0727e-01    -0.1561   103.9795     7.1290     7.4718    32.8866    32.8869    26.4038    26.4042    8.17857 0.0000e+00
       3931     93.381    -0.0721    -0.0762   2.742489   2.742145     1.9702     2.3947      7.833    -0.5206     1.6876 1.0715e-01    -0.1557   103.9704     7.1200     7.4592    32.8867    32.8866    26.4037    26.4038    8.17773 0.0000e+00
       3934     93.494    -0.0704    -0.0743   2.742655   2.742366     1.9690     2.3934      7.831    -0.5104     1.6876 1.0715e-01    -0.1557   103.9704     7.1082     7.4500    32.8870    32.8874    26.4039    26.4044    8.17734 0.0000e+00
       3937     93.609    -0.0686    -0.0728   2.742840   2.742466     1.9681     2.3930      7.828    -0.5308     1.6876 1.0715e-01    -0.1564   103.9885     7.1027     7.4406    32.8875    32.8870    26.4042    26.4040    8.17692 0.0000e+00
       3940     93.725    -0.0666    -0.0710   2.743109   2.742799     1.9677     2.3918      7.828    -0.5409     1.6876 1.0715e-01    -0.1571   104.0066     7.0945     7.4287    32.8888    32.8894    26.4051    26.4058    8.17641 0.0000e+00
       3943     93.845    -0.0629    -0.0668   2.743633   2.743318     1.9665     2.3910      7.828    -0.5511     1.6876 1.0715e-01    -0.1571   104.0066     7.0831     7.4231    32.8916    32.8917    26.4072    26.4075    8.17544 0.0000e+00
       3946     93.969    -0.0594    -0.0637   2.744028   2.743608     1.9657     2.3894      7.826    -0.5613     2.2798 1.0715e-01    -0.1571   104.0066     7.0759     7.4150    32.8930    32.8921    26.4082    26.4077    8.17460 0.0000e+00
       3949     94.097    -0.0575    -0.0623   2.744140   2.743720     1.9653     2.3882      7.826    -0.5511     4.4512 1.0727e-01    -0.1571   104.0066     7.0691     7.4045    32.8924    32.8920    26.4076    26.4075    8.17422 0.0000e+00
       3952     94.223    -0.0562    -0.0607   2.744338   2.743942     1.9637     2.3865      7.823    -0.5511     4.4117 1.0727e-01    -0.1571   104.0066     7.0554     7.3921    32.8935    32.8931    26.4085    26.4084    8.17387 0.0000e+00
       3955     94.349    -0.0523    -0.0573   2.744805   2.744347     1.9633     2.3861      7.823    -0.5511     4.4117 1.0715e-01    -0.1568   103.9976     7.0496     7.3848    32.8954    32.8947    26.4098    26.4095    8.17291 0.0000e+00
       3958     94.476    -0.0492    -0.0541   2.745044   2.744588     1.9624     2.3849      7.823    -0.5409     4.4117 1.0715e-01    -0.1557   103.9704     7.0438     7.3754    32.8952    32.8944    26.4095    26.4091    8.17227 0.0000e+00
       3961     94.607    -0.0453    -0.0492   2.745514   2.745210     1.9620     2.3833      7.823    -0.5511     4.4117 1.0727e-01    -0.1557   103.9704     7.0380     7.3628    32.8971    32.8973    26.4109    26.4112    8.17130 0.0000e+00
       3964     94.737    -0.0380    -0.0397   2.746325   2.746127     1.9604     2.3816      7.823    -0.5104     4.4117 1.0727e-01    -0.1557   103.9704     7.0235     7.3490    32.8999    32.8991    26.4127    26.4122    8.16955 0.0000e+00
       3967     94.868    -0.0320    -0.0345   2.746807   2.746517     1.9596     2.3812      7.818    -0.5308     4.4117 1.0727e-01    -0.1557   103.9704     7.0156     7.3449    32.8997    32.8985    26.4124    26.4115    8.16826 0.0000e+00
       3970     94.997    -0.0286    -0.0324   2.747077   2.746720     1.9592     2.3796      7.818    -0.5206     4.4117 1.0727e-01    -0.1561   103.9795     7.0105     7.3380    32.8996    32.8989    26.4121    26.4117    8.16753 0.0000e+00
       3973     95.126    -0.0271    -0.0315   2.747229   2.746827     1.9576     2.3780      7.818    -0.5409     1.9640 1.0740e-01    -0.1561   103.9795     7.0005     7.3312    32.8999    32.8993    26.4122    26.4120    8.16718 0.0000e+00
