Datasets/AZMP/TEL210/tel210_2020_074.cnv
* Sea-Bird SBE 9 Data File:
* FileName = C:\CTDDATA\tel210_2020_074.hex
* Software Version Seasave V 7.26.7.110
* Temperature SN = 1697
* Conductivity SN = 4216
* Number of Bytes Per Scan = 30
* Number of Voltage Words = 4
* Number of Scans Averaged by the Deck Unit = 1
* NMEA baud rate = 4800
** VESSEL/TRIP/SEQ STN:  tel210_2020_074
** LATITUDE XX XX.XX: 52 37.38 N
** LONGITUDE XX XX.XX: 052 12.96 W
** SOUNDING DEPTH (M): 0291
** PROBE TYPE: S1146
** CTD NUMBER: 049
** COMMENTS (14 CHAR): C0-01
** BOTTLES:  0
** LEVELS:
** STICKERS:
** VNET: N
** DO2: N
# nquan = 22
# nvalues = 6186                        
# units = specified
# name 0 = scan: Scan Count
# name 1 = prDM: Pressure, Digiquartz [db]
# name 2 = t090C: Temperature [ITS-90, deg C]
# name 3 = t190C: Temperature, 2 [ITS-90, deg C]
# name 4 = c0S/m: Conductivity [S/m]
# name 5 = c1S/m: Conductivity, 2 [S/m]
# name 6 = sbeox0V: Oxygen raw, SBE 43 [V]
# name 7 = sbeox1V: Oxygen raw, SBE 43, 2 [V]
# name 8 = ph: pH
# name 9 = flECO-AFL: Fluorescence, WET Labs ECO-AFL/FL [mg/m^3]
# name 10 = wetCDOM: Fluorescence, WET Labs CDOM [mg/m^3]
# name 11 = par/sat/log: PAR/Logarithmic, Satlantic [umol photons/m^2/sec]
# name 12 = CStarAt0: Beam Attenuation, WET Labs C-Star [1/m]
# name 13 = CStarTr0: Beam Transmission, WET Labs C-Star [%]
# name 14 = sbeox0ML/L: Oxygen, SBE 43 [ml/l], WS = 2
# name 15 = sbeox1ML/L: Oxygen, SBE 43, 2 [ml/l], WS = 2
# name 16 = sal00: Salinity, Practical [PSU]
# name 17 = sal11: Salinity, Practical, 2 [PSU]
# name 18 = sigma-t00: Density [sigma-t, kg/m^3 ]
# name 19 = sigma-t11: Density, 2 [sigma-t, kg/m^3 ]
# name 20 = oxsatML/L: Oxygen Saturation, Weiss [ml/l]
# name 21 = flag: flag
# span 0 =         33,      19615       
# span 1 =      2.064,    287.580       
# span 2 =    -0.5947,     9.8242       
# span 3 =    -0.6074,     9.8197       
# span 4 =   2.718051,   3.498626       
# span 5 =   2.716711,   3.498233       
# span 6 =     1.9730,     2.5358       
# span 7 =     2.3840,     3.0806       
# span 8 =      7.883,      8.166       
# span 9 =     0.6558,     2.3595       
# span 10 =    -2.6946,   481.7133      
# span 11 = 1.0678e-01, 1.0752e-01      
# span 12 =    -0.1394,     0.1126      
# span 13 =    97.2243,   103.5454      
# span 14 =     6.6046,     9.7234      
# span 15 =     6.7386,    10.4946      
# span 16 =    31.9794,    34.6211      
# span 17 =    31.9953,    34.6228      
# span 18 =    24.6232,    27.5439      
# span 19 =    24.6364,    27.5456      
# span 20 =    6.46500,    8.27669      
# span 21 = 0.0000e+00, 0.0000e+00      
# interval = scans: 3                   
# start_time = Jul 24 2020 04:15:48 [System UTC, header]
# bad_flag = -9.990e-29
*END*
[from data line 1252]
       4164    115.207     1.4312     1.4261   2.956408   2.956205     2.0118     2.4375      7.902     0.7616     4.1748 1.0715e-01    -0.1352   103.4369     7.0463     7.3583    34.0222    34.0253    27.2302    27.2330    7.80061 0.0000e+00
       4167    115.293     1.4307     1.4254   2.956419   2.956204     2.0122     2.4371      7.902     0.7405     4.1748 1.0715e-01    -0.1352   103.4369     7.0504     7.3558    34.0229    34.0258    27.2308    27.2335    7.80068 0.0000e+00
       4170    115.379     1.4299     1.4251   2.956410   2.956208     2.0122     2.4367      7.902     0.7405     4.1748 1.0715e-01    -0.1348   103.4279     7.0489     7.3533    34.0235    34.0263    27.2314    27.2339    7.80080 0.0000e+00
       4173    115.468     1.4299     1.4249   2.956429   2.956202     2.0118     2.4371      7.900     0.7299     4.1748 1.0715e-01    -0.1348   103.4279     7.0457     7.3538    34.0238    34.0263    27.2315    27.2339    7.80079 0.0000e+00
       4176    115.556     1.4298     1.4249   2.956460   2.956228     2.0114     2.4371      7.900     0.7299     4.2538 1.0715e-01    -0.1348   103.4279     7.0447     7.3537    34.0242    34.0266    27.2319    27.2341    7.80078 0.0000e+00
       4179    115.648     1.4300     1.4249   2.956535   2.956248     2.0106     2.4359      7.900     0.7405     4.5301 1.0715e-01    -0.1345   103.4188     7.0402     7.3491    34.0249    34.0268    27.2324    27.2343    7.80070 0.0000e+00
       4182    115.740     1.4309     1.4269   2.956775   2.956708     2.0114     2.4363      7.896     0.7299     4.5301 1.0715e-01    -0.1345   103.4188     7.0420     7.3507    34.0270    34.0304    27.2340    27.2371    7.80042 0.0000e+00
       4185    115.835     1.4330     1.4316   2.957200   2.957236     2.0114     2.4359      7.897     0.7405     4.5301 1.0715e-01    -0.1348   103.4279     7.0398     7.3486    34.0299    34.0320    27.2363    27.2380    7.79983 0.0000e+00
       4188    115.931     1.4354     1.4346   2.957486   2.957470     2.0118     2.4359      7.899     0.7405     4.5301 1.0715e-01    -0.1345   103.4188     7.0409     7.3485    34.0310    34.0316    27.2370    27.2375    7.79930 0.0000e+00
       4191    116.032     1.4375     1.4360   2.957653   2.957581     2.0114     2.4359      7.897     0.7299     4.5301 1.0715e-01    -0.1345   103.4188     7.0380     7.3482    34.0308    34.0315    27.2367    27.2373    7.79888 0.0000e+00
       4194    116.135     1.4393     1.4364   2.957710   2.957596     2.0110     2.4347      7.897     0.7299     4.5301 1.0715e-01    -0.1338   103.4007     7.0351     7.3419    34.0295    34.0312    27.2355    27.2371    7.79859 0.0000e+00
       4197    116.240     1.4402     1.4364   2.957838   2.957604     2.0110     2.4355      7.900     0.7405     4.5301 1.0715e-01    -0.1331   103.3826     7.0339     7.3416    34.0301    34.0312    27.2359    27.2371    7.79838 0.0000e+00
       4200    116.347     1.4411     1.4358   2.957959   2.957604     2.0106     2.4347      7.900     0.7299     4.5301 1.0715e-01    -0.1334   103.3917     7.0315     7.3382    34.0306    34.0318    27.2362    27.2376    7.79817 0.0000e+00
       4203    116.457     1.4415     1.4369   2.958009   2.957820     2.0102     2.4347      7.900     0.7510     4.3327 1.0715e-01    -0.1338   103.4007     7.0287     7.3392    34.0307    34.0333    27.2363    27.2387    7.79808 0.0000e+00
       4206    116.569     1.4423     1.4382   2.958064   2.957940     2.0102     2.4347      7.900     0.7405     4.1748 1.0715e-01    -0.1334   103.3917     7.0274     7.3389    34.0305    34.0334    27.2361    27.2387    7.79793 0.0000e+00
       4209    116.682     1.4426     1.4381   2.958073   2.957894     2.0098     2.4343      7.900     0.7405     4.1748 1.0715e-01    -0.1341   103.4098     7.0261     7.3371    34.0302    34.0328    27.2359    27.2383    7.79789 0.0000e+00
       4212    116.797     1.4428     1.4381   2.958123   2.957923     2.0098     2.4343      7.900     0.7510     4.1748 1.0715e-01    -0.1334   103.3917     7.0264     7.3380    34.0306    34.0331    27.2361    27.2385    7.79784 0.0000e+00
       4215    116.913     1.4434     1.4396   2.958310   2.958165     2.0102     2.4335      7.900     0.7405     4.1748 1.0715e-01    -0.1341   103.4098     7.0315     7.3386    34.0322    34.0345    27.2374    27.2395    7.79763 0.0000e+00
       4218    117.032     1.4449     1.4412   2.958528   2.958264     2.0085     2.4326      7.900     0.7299     4.1748 1.0715e-01    -0.1345   103.4188     7.0244     7.3364    34.0333    34.0339    27.2381    27.2389    7.79726 0.0000e+00
       4221    117.152     1.4461     1.4415   2.958557   2.958335     2.0098     2.4326      7.900     0.7616     4.1748 1.0715e-01    -0.1341   103.4098     7.0315     7.3327    34.0323    34.0344    27.2372    27.2393    7.79707 0.0000e+00
       4224    117.273     1.4466     1.4420   2.958609   2.958371     2.0089     2.4322      7.900     0.7722     4.1748 1.0715e-01    -0.1341   103.4098     7.0295     7.3315    34.0324    34.0343    27.2373    27.2392    7.79697 0.0000e+00
       4227    117.394     1.4474     1.4422   2.958806   2.958396     2.0094     2.4335      7.900     0.7722     4.1748 1.0715e-01    -0.1341   103.4098     7.0302     7.3377    34.0339    34.0344    27.2384    27.2392    7.79672 0.0000e+00
       4230    117.519     1.4490     1.4425   2.958961   2.958511     2.0098     2.4322      7.897     0.7722     3.3852 1.0715e-01    -0.1341   103.4098     7.0338     7.3312    34.0341    34.0354    27.2385    27.2400    7.79639 0.0000e+00
       4233    117.641     1.4486     1.4443   2.958692   2.958731     2.0085     2.4322      7.899     0.7722     3.1089 1.0715e-01    -0.1341   103.4098     7.0292     7.3321    34.0310    34.0361    27.2360    27.2405    7.79663 0.0000e+00
       4236    117.766     1.4475     1.4453   2.958847   2.958800     2.0094     2.4326      7.900     0.7722     3.1089 1.0715e-01    -0.1341   103.4098     7.0323     7.3355    34.0341    34.0359    27.2387    27.2402    7.79670 0.0000e+00
       4239    117.888     1.4493     1.4452   2.959096   2.958772     2.0085     2.4331      7.897     0.7616     3.1089 1.0715e-01    -0.1345   103.4188     7.0280     7.3394    34.0352    34.0356    27.2394    27.2400    7.79627 0.0000e+00
       4242    118.008     1.4498     1.4453   2.958920   2.958807     2.0085     2.4318      7.899     0.7722     3.1089 1.0715e-01    -0.1341   103.4098     7.0282     7.3343    34.0324    34.0358    27.2371    27.2401    7.79632 0.0000e+00
       4245    118.125     1.4482     1.4451   2.958678   2.958773     2.0089     2.4302      7.897     0.7616     3.1089 1.0715e-01    -0.1345   103.4188     7.0302     7.3255    34.0310    34.0355    27.2361    27.2399    7.79671 0.0000e+00
       4248    118.242     1.4469     1.4433   2.958592   2.958578     2.0081     2.4314      7.900     0.7616     3.1089 1.0715e-01    -0.1341   103.4098     7.0269     7.3299    34.0312    34.0350    27.2363    27.2396    7.79697 0.0000e+00
       4251    118.362     1.4470     1.4446   2.958899   2.958970     2.0077     2.4310      7.899     0.7616     3.1089 1.0715e-01    -0.1345   103.4188     7.0244     7.3273    34.0350    34.0385    27.2394    27.2423    7.79675 0.0000e+00
       4254    118.483     1.4500     1.4479   2.959410   2.959198     2.0089     2.4298      7.899     0.7616     3.0299 1.0715e-01    -0.1352   103.4369     7.0302     7.3218    34.0382    34.0378    27.2417    27.2415    7.79598 0.0000e+00
       4257    118.603     1.4533     1.4483   2.959546   2.959179     2.0081     2.4310      7.897     0.7722     2.0035 1.0715e-01    -0.1352   103.4369     7.0278     7.3269    34.0362    34.0370    27.2399    27.2409    7.79542 0.0000e+00
       4260    118.721     1.4552     1.4495   2.959843   2.959411     2.0077     2.4306      7.899     0.7616     2.0429 1.0715e-01    -0.1355   103.4459     7.0253     7.3266    34.0378    34.0385    27.2411    27.2420    7.79494 0.0000e+00
       4263    118.841     1.4585     1.4541   2.960313   2.959985     2.0077     2.4306      7.899     0.7616     2.0429 1.0715e-01    -0.1352   103.4369     7.0273     7.3282    34.0402    34.0408    27.2428    27.2435    7.79416 0.0000e+00
       4266    118.958     1.4634     1.4603   2.960915   2.960566     2.0077     2.4294      7.898     0.7616     2.0429 1.0715e-01    -0.1352   103.4369     7.0258     7.3271    34.0424    34.0414    27.2442    27.2436    7.79304 0.0000e+00
       4269    119.076     1.4689     1.4658   2.961650   2.961232     2.0081     2.4298      7.900     0.7722     2.0429 1.0715e-01    -0.1355   103.4459     7.0267     7.3273    34.0457    34.0438    27.2465    27.2451    7.79177 0.0000e+00
       4272    119.192     1.4756     1.4731   2.962341   2.961987     2.0077     2.4298      7.897     0.7616     2.0429 1.0715e-01    -0.1352   103.4369     7.0260     7.3253    34.0472    34.0454    27.2472    27.2459    7.79034 0.0000e+00
       4275    119.308     1.4801     1.4776   2.962540   2.962345     2.0073     2.4290      7.898     0.7616     2.0429 1.0715e-01    -0.1348   103.4279     7.0221     7.3267    34.0447    34.0450    27.2448    27.2453    7.78956 0.0000e+00
       4278    119.423     1.4828     1.4795   2.962780   2.962540     2.0073     2.4286      7.897     0.7722     2.0429 1.0715e-01    -0.1352   103.4369     7.0194     7.3265    34.0448    34.0454    27.2447    27.2454    7.78901 0.0000e+00
       4281    119.539     1.4851     1.4810   2.962892   2.962662     2.0077     2.4298      7.897     0.7828     1.8455 1.0715e-01    -0.1352   103.4369     7.0222     7.3303    34.0437    34.0452    27.2437    27.2451    7.78861 0.0000e+00
       4284    119.659     1.4868     1.4824   2.963126   2.962837     2.0073     2.4290      7.898     0.7828     1.4507 1.0715e-01    -0.1348   103.4279     7.0171     7.3294    34.0448    34.0459    27.2444    27.2456    7.78822 0.0000e+00
       4287    119.775     1.4886     1.4847   2.963315   2.963097     2.0077     2.4286      7.898     0.7722     1.4507 1.0715e-01    -0.1348   103.4279     7.0164     7.3291    34.0451    34.0466    27.2445    27.2461    7.78783 0.0000e+00
       4290    119.894     1.4902     1.4860   2.963436   2.963192     2.0069     2.4294      7.897     0.7722     1.4507 1.0715e-01    -0.1348   103.4279     7.0136     7.3337    34.0449    34.0463    27.2443    27.2457    7.78753 0.0000e+00
       4293    120.011     1.4912     1.4867   2.963522   2.963278     2.0073     2.4286      7.898     0.7616     1.4507 1.0715e-01    -0.1359   103.4550     7.0157     7.3315    34.0448    34.0467    27.2441    27.2459    7.78733 0.0000e+00
       4296    120.129     1.4922     1.4877   2.963629   2.963402     2.0073     2.4290      7.900     0.7722     1.4507 1.0715e-01    -0.1373   103.4911     7.0154     7.3347    34.0450    34.0470    27.2442    27.2461    7.78711 0.0000e+00
       4299    120.247     1.4940     1.4893   2.963934   2.963606     2.0069     2.4298      7.898     0.7405     1.4507 1.0715e-01    -0.1373   103.4911     7.0125     7.3384    34.0469    34.0478    27.2456    27.2466    7.78666 0.0000e+00
       4302    120.364     1.4969     1.4927   2.964373   2.964033     2.0061     2.4290      7.897     0.7299     1.4507 1.0715e-01    -0.1373   103.4911     7.0088     7.3317    34.0492    34.0495    27.2473    27.2477    7.78595 0.0000e+00
       4305    120.483     1.5002     1.4967   2.964781   2.964489     2.0065     2.4286      7.897     0.7510     1.4507 1.0715e-01    -0.1373   103.4911     7.0097     7.3269    34.0507    34.0508    27.2482    27.2486    7.78520 0.0000e+00
       4308    120.600     1.5032     1.4997   2.965037   2.964777     2.0057     2.4286      7.898     0.7405     0.6217 1.0715e-01    -0.1373   103.4911     7.0052     7.3280    34.0507    34.0512    27.2480    27.2486    7.78461 0.0000e+00
       4311    120.719     1.5054     1.5016   2.965245   2.965002     2.0061     2.4286      7.898     0.7299     0.0690 1.0715e-01    -0.1373   103.4911     7.0060     7.3253    34.0509    34.0519    27.2480    27.2491    7.78415 0.0000e+00
       4314    120.835     1.5071     1.5027   2.965398   2.965145     2.0073     2.4286      7.900     0.7405     0.1479 1.0715e-01    -0.1359   103.4550     7.0135     7.3231    34.0510    34.0524    27.2480    27.2494    7.78381 0.0000e+00
       4317    120.953     1.5085     1.5041   2.965557   2.965293     2.0057     2.4294      7.897     0.7299     0.1084 1.0715e-01    -0.1359   103.4550     7.0041     7.3251    34.0513    34.0528    27.2481    27.2496    7.78351 0.0000e+00
       4320    121.070     1.5094     1.5052   2.965656   2.965422     2.0061     2.4286      7.898     0.7405     0.1084 1.0715e-01    -0.1355   103.4459     7.0059     7.3198    34.0516    34.0531    27.2483    27.2498    7.78331 0.0000e+00
       4323    121.184     1.5107     1.5062   2.965858   2.965564     2.0057     2.4286      7.897     0.7299     0.1479 1.0715e-01    -0.1359   103.4550     7.0056     7.3174    34.0527    34.0538    27.2490    27.2503    7.78300 0.0000e+00
       4326    121.303     1.5121     1.5075   2.966136   2.965842     2.0065     2.4277      7.898     0.7510     0.1479 1.0715e-01    -0.1362   103.4640     7.0094     7.3142    34.0546    34.0558    27.2505    27.2518    7.78261 0.0000e+00
       4329    121.421     1.5146     1.5104   2.966650   2.966351     2.0057     2.4277      7.895     0.7405     0.1479 1.0715e-01    -0.1359   103.4550     7.0048     7.3136    34.0583    34.0591    27.2533    27.2542    7.78191 0.0000e+00
       4332    121.539     1.5179     1.5145   2.967085   2.966831     2.0053     2.4286      7.898     0.7299     0.1084 1.0715e-01    -0.1359   103.4550     7.0005     7.3162    34.0602    34.0606    27.2546    27.2552    7.78115 0.0000e+00
       4335    121.654     1.5208     1.5174   2.967331   2.967129     2.0053     2.4273      7.897     0.7299     1.8850 1.0715e-01    -0.1362   103.4640     6.9987     7.3086    34.0602    34.0612    27.2543    27.2555    7.78058 0.0000e+00
       4338    121.770     1.5230     1.5194   2.967522   2.967346     2.0057     2.4277      7.898     0.7405     2.1614 1.0715e-01    -0.1362   103.4640     6.9999     7.3087    34.0601    34.0617    27.2541    27.2557    7.78013 0.0000e+00
       4341    121.886     1.5252     1.5215   2.967825   2.967569     2.0045     2.4277      7.895     0.7510     2.1614 1.0715e-01    -0.1362   103.4640     6.9974     7.3081    34.0615    34.0622    27.2551    27.2560    7.77962 0.0000e+00
       4344    122.005     1.5281     1.5244   2.968164   2.967939     2.0049     2.4269      7.897     0.7299     2.1614 1.0715e-01    -0.1362   103.4640     6.9986     7.3062    34.0626    34.0637    27.2557    27.2569    7.77898 0.0000e+00
       4347    122.123     1.5317     1.5289   2.968651   2.968437     2.0053     2.4265      7.895     0.7299     2.1614 1.0715e-01    -0.1362   103.4640     7.0005     7.3046    34.0648    34.0651    27.2573    27.2577    7.77814 0.0000e+00
       4350    122.241     1.5364     1.5338   2.969180   2.968976     2.0049     2.4269      7.895     0.7616     2.1614 1.0715e-01    -0.1362   103.4640     6.9995     7.3050    34.0663    34.0666    27.2582    27.2586    7.77712 0.0000e+00
       4353    122.362     1.5405     1.5380   2.969578   2.969345     2.0049     2.4273      7.895     0.7616     2.1614 1.0715e-01    -0.1359   103.4550     7.0009     7.3055    34.0669    34.0667    27.2583    27.2583    7.77627 0.0000e+00
