Datasets/AZMP/TEL210/tel210_2020_051.cnv
* Sea-Bird SBE 9 Data File:
* FileName = C:\CTDDATA\tel210_2020_051.hex
* Software Version Seasave V 7.26.7.110
* Temperature SN = 1697
* Conductivity SN = 4216
* Number of Bytes Per Scan = 30
* Number of Voltage Words = 4
* Number of Scans Averaged by the Deck Unit = 1
* NMEA baud rate = 4800
** VESSEL/TRIP/SEQ STN:  tel210_2020_051
** LATITUDE XX XX.XX: 49 16.80 N
** LONGITUDE XX XX.XX: 051 16.80 W
** SOUNDING DEPTH (M): 0320
** PROBE TYPE: S1146
** CTD NUMBER: 041
** COMMENTS (14 CHAR): BB-08
** BOTTLES:  10
** LEVELS: 5,10,20,30,40,50,75,100,150,BTM
** STICKERS: 436044 - 436053
** VNET: Y
** DO2: N
# nquan = 22
# nvalues = 7137                        
# units = specified
# name 0 = scan: Scan Count
# name 1 = prDM: Pressure, Digiquartz [db]
# name 2 = t090C: Temperature [ITS-90, deg C]
# name 3 = t190C: Temperature, 2 [ITS-90, deg C]
# name 4 = c0S/m: Conductivity [S/m]
# name 5 = c1S/m: Conductivity, 2 [S/m]
# name 6 = sbeox0V: Oxygen raw, SBE 43 [V]
# name 7 = sbeox1V: Oxygen raw, SBE 43, 2 [V]
# name 8 = ph: pH
# name 9 = flECO-AFL: Fluorescence, WET Labs ECO-AFL/FL [mg/m^3]
# name 10 = wetCDOM: Fluorescence, WET Labs CDOM [mg/m^3]
# name 11 = par/sat/log: PAR/Logarithmic, Satlantic [umol photons/m^2/sec]
# name 12 = CStarAt0: Beam Attenuation, WET Labs C-Star [1/m]
# name 13 = CStarTr0: Beam Transmission, WET Labs C-Star [%]
# name 14 = sbeox0ML/L: Oxygen, SBE 43 [ml/l], WS = 2
# name 15 = sbeox1ML/L: Oxygen, SBE 43, 2 [ml/l], WS = 2
# name 16 = sal00: Salinity, Practical [PSU]
# name 17 = sal11: Salinity, Practical, 2 [PSU]
# name 18 = sigma-t00: Density [sigma-t, kg/m^3 ]
# name 19 = sigma-t11: Density, 2 [sigma-t, kg/m^3 ]
# name 20 = oxsatML/L: Oxygen Saturation, Weiss [ml/l]
# name 21 = flag: flag
# span 0 =         69,      45795       
# span 1 =      1.587,    320.555       
# span 2 =    -0.8317,    10.6843       
# span 3 =    -0.8536,    10.6792       
# span 4 =   2.700272,   3.599132       
# span 5 =   2.698825,   3.598416       
# span 6 =     1.8672,     2.6273       
# span 7 =     2.2428,     3.2556       
# span 8 =      7.948,      8.348       
# span 9 =     0.6452,     1.4600       
# span 10 =    -2.8130,   482.1870      
# span 11 = 1.0580e-01, 5.4398e-01      
# span 12 =    -0.1443,     0.1085      
# span 13 =    97.3237,   103.6720      
# span 14 =     6.1073,     9.7987      
# span 15 =     6.3474,    10.7466      
# span 16 =    31.3817,    34.7283      
# span 17 =    32.2224,    34.7309      
# span 18 =    24.5504,    27.6371      
# span 19 =    24.6824,    27.6394      
# span 20 =    6.33391,    8.32911      
# span 21 = 0.0000e+00, 0.0000e+00      
# interval = scans: 3                   
# start_time = Jul 21 2020 02:41:00 [System UTC, header]
# bad_flag = -9.990e-29
*END*
[from data line 527]
       2125     52.243    -0.6851    -0.6934   2.711461   2.710612     2.0960     2.5188      8.053     0.9415     0.1479 1.0715e-01    -0.0353   100.8867     7.5738     7.8553    33.1638    33.1614    26.6537    26.6521    8.29762 0.0000e+00
       2128     52.370    -0.6880    -0.6964   2.711085   2.710350     2.0931     2.5168      8.053     0.9415     0.1084 1.0715e-01    -0.0353   100.8867     7.5719     7.8593    33.1618    33.1611    26.6522    26.6520    8.29838 0.0000e+00
       2131     52.496    -0.6913    -0.7004   2.711000   2.710099     2.0911     2.5144      8.053     0.9415     0.1479 1.0715e-01    -0.0349   100.8777     7.5739     7.8636    33.1642    33.1621    26.6543    26.6529    8.29897 0.0000e+00
       2134     52.623    -0.6943    -0.7005   2.710335   2.710124     2.0899     2.5119      8.053     0.9203     0.1479 1.0715e-01    -0.0317   100.7963     7.5771     7.8644    33.1584    33.1624    26.6497    26.6532    8.29997 0.0000e+00
       2137     52.748    -0.7024    -0.7191   2.708865   2.708026     2.0870     2.5099      8.053     0.9415     0.1479 1.0715e-01    -0.0303   100.7601     7.5730     7.8685    33.1475    33.1545    26.6412    26.6475    8.30242 0.0000e+00
       2140     52.875    -0.7196    -0.7700   2.705925   2.703691     2.0862     2.5078      8.053     0.9309     0.1479 1.0715e-01    -0.0310   100.7782     7.5792     7.8793    33.1266    33.1518    26.6250    26.6473    8.30746 0.0000e+00
       2143     52.996    -0.7497    -0.8217   2.702398   2.700121     2.0838     2.5062      8.051     0.9097     0.1479 1.0715e-01    -0.0310   100.7782     7.5803     7.8907    33.1120    33.1604    26.6142    26.6562    8.31505 0.0000e+00
       2146     53.119    -0.7837    -0.8474   2.700542   2.698832     2.0813     2.5046      8.052     0.9097     0.4243 1.0715e-01    -0.0306   100.7692     7.5810     7.8974    33.1242    33.1711    26.6254    26.6658    8.32200 0.0000e+00
       2149     53.241    -0.8090    -0.8536   2.700272   2.698825     2.0801     2.5022      8.049     0.8992     0.5822 1.0715e-01    -0.0310   100.7782     7.5857     7.8954    33.1483    33.1779    26.6458    26.6714    8.32632 0.0000e+00
       2152     53.356    -0.8238    -0.8505   2.700577   2.699407     2.0785     2.5005      8.049     0.9097     0.6217 1.0715e-01    -0.0306   100.7692     7.5840     7.8938    33.1687    33.1822    26.6629    26.6748    8.32850 0.0000e+00
       2155     53.468    -0.8304    -0.8442   2.701172   2.700168     2.0772     2.5001      8.049     0.8992     0.6217 1.0715e-01    -0.0278   100.6968     7.5815     7.8959    33.1839    33.1855    26.6754    26.6773    8.32911 0.0000e+00
       2158     53.575    -0.8317    -0.8378   2.701680   2.700779     2.0748     2.4969      8.047     0.8992     0.6217 1.0715e-01    -0.0278   100.6968     7.5749     7.8848    33.1921    33.1867    26.6821    26.6780    8.32893 0.0000e+00
       2161     53.680    -0.8303    -0.8329   2.702162   2.701300     2.0728     2.4956      8.044     0.9097     0.5427 1.0715e-01    -0.0278   100.6968     7.5722     7.8837    33.1971    33.1883    26.6862    26.6791    8.32834 0.0000e+00
       2164     53.781    -0.8272    -0.8288   2.702667   2.701743     2.0711     2.4940      8.044     0.9097     0.5822 1.0715e-01    -0.0278   100.6968     7.5686     7.8810    33.2004    33.1896    26.6887    26.6801    8.32744 0.0000e+00
       2167     53.876    -0.8235    -0.8245   2.703217   2.702240     2.0703     2.4920      8.046     0.9097     0.5032 1.0715e-01    -0.0278   100.6968     7.5726     7.8734    33.2037    33.1916    26.6913    26.6815    8.32642 0.0000e+00
       2170     53.968    -0.8197    -0.8207   2.703478   2.702581     2.0675     2.4903      8.044     0.9309     0.6217 1.0715e-01    -0.0278   100.6968     7.5654     7.8665    33.2030    33.1920    26.6905    26.6816    8.32560 0.0000e+00
       2173     54.054    -0.8163    -0.8170   2.703943   2.703036     2.0663     2.4891      8.044     0.9309     1.2533 1.0715e-01    -0.0256   100.6426     7.5609     7.8643    33.2055    33.1940    26.6924    26.6832    8.32469 0.0000e+00
       2176     54.139    -0.8116    -0.8102   2.704705   2.703825     2.0642     2.4875      8.044     0.9415     1.3323 1.0715e-01    -0.0202   100.5069     7.5574     7.8586    33.2105    33.1971    26.6964    26.6854    8.32334 0.0000e+00
       2179     54.226    -0.8055    -0.8011   2.705587   2.704809     2.0634     2.4855      8.044     0.9309     1.3323 1.0715e-01    -0.0202   100.5069     7.5604     7.8540    33.2157    33.2004    26.7003    26.6877    8.32168 0.0000e+00
       2182     54.303    -0.7979    -0.7919   2.706496   2.705703     2.0622     2.4838      8.044     0.9309     1.3323 1.0715e-01    -0.0202   100.5069     7.5618     7.8510    33.2196    33.2023    26.7031    26.6889    8.31974 0.0000e+00
       2185     54.379    -0.7902    -0.7849   2.707114   2.706353     2.0614     2.4838      8.044     0.9309     1.3323 1.0715e-01    -0.0202   100.5069     7.5618     7.8518    33.2194    33.2033    26.7028    26.6894    8.31803 0.0000e+00
       2188     54.458    -0.7841    -0.7813   2.707392   2.706664     2.0589     2.4814      8.044     0.9309     1.3323 1.0715e-01    -0.0202   100.5069     7.5539     7.8465    33.2164    33.2035    26.7001    26.6896    8.31683 0.0000e+00
       2191     54.534    -0.7798    -0.7796   2.707683   2.706924     2.0589     2.4794      8.044     0.9309     1.3323 1.0715e-01    -0.0202   100.5069     7.5579     7.8434    33.2156    33.2050    26.6992    26.6907    8.31591 0.0000e+00
       2194     54.608    -0.7770    -0.7783   2.707894   2.707087     2.0569     2.4773      8.044     0.9203     1.2928 1.0715e-01    -0.0163   100.4074     7.5534     7.8383    33.2153    33.2058    26.6989    26.6913    8.31530 0.0000e+00
       2197     54.681    -0.7748    -0.7773   2.708148   2.707276     2.0553     2.4769      8.044     0.9415     0.8980 1.0715e-01    -0.0127   100.3170     7.5507     7.8382    33.2162    33.2072    26.6995    26.6923    8.31474 0.0000e+00
       2200     54.753    -0.7724    -0.7748   2.708557   2.707689     2.0545     2.4761      8.044     0.9203    -0.7601 1.0715e-01    -0.0127   100.3170     7.5482     7.8388    33.2191    33.2100    26.7018    26.6946    8.31404 0.0000e+00
       2203     54.827    -0.7690    -0.7697   2.709196   2.708334     2.0536     2.4745      8.044     0.9203    -0.6811 1.0715e-01    -0.0123   100.3080     7.5425     7.8344    33.2239    33.2130    26.7056    26.6968    8.31300 0.0000e+00
       2206     54.903    -0.7643    -0.7628   2.709807   2.709036     2.0520     2.4728      8.044     0.9415    -0.7206 1.0715e-01    -0.0127   100.3170     7.5354     7.8288    33.2269    33.2149    26.7078    26.6981    8.31177 0.0000e+00
       2209     54.979    -0.7597    -0.7577   2.710249   2.709527     2.0508     2.4720      8.044     0.9203    -0.6811 1.0715e-01    -0.0127   100.3170     7.5302     7.8309    33.2278    33.2158    26.7084    26.6986    8.31069 0.0000e+00
       2212     55.055    -0.7549    -0.7535   2.710782   2.710049     2.0500     2.4704      8.044     0.9415    -0.6811 1.0715e-01    -0.0127   100.3170     7.5288     7.8310    33.2296    33.2182    26.7097    26.7004    8.30950 0.0000e+00
       2215     55.135    -0.7506    -0.7492   2.711341   2.710584     2.0479     2.4700      8.044     0.9203    -0.7206 1.0715e-01     0.0054    99.8648     7.5220     7.8334    33.2324    33.2206    26.7118    26.7022    8.30838 0.0000e+00
       2218     55.215    -0.7462    -0.7452   2.711795   2.711114     2.0479     2.4679      8.044     0.9309    -0.6811 1.0715e-01     0.0101    99.7473     7.5281     7.8278    33.2337    33.2233    26.7126    26.7042    8.30733 0.0000e+00
       2221     55.297    -0.7426    -0.7427   2.712162   2.711481     2.0471     2.4663      8.044     0.8780    -0.6811 1.0715e-01     0.0101    99.7473     7.5243     7.8219    33.2346    33.2255    26.7133    26.7059    8.30647 0.0000e+00
       2224     55.379    -0.7403    -0.7420   2.712352   2.711653     2.0451     2.4659      8.044     0.8780    -1.1154 1.0715e-01     0.0101    99.7473     7.5141     7.8229    33.2346    33.2270    26.7131    26.7070    8.30595 0.0000e+00
       2227     55.463    -0.7388    -0.7424   2.712572   2.711725     2.0439     2.4643      8.044     0.8675    -1.6286 1.0715e-01     0.0101    99.7473     7.5088     7.8212    33.2358    33.2284    26.7141    26.7082    8.30554 0.0000e+00
       2230     55.550    -0.7382    -0.7431   2.712555   2.711801     2.0430     2.4639      8.044     0.8569    -1.5891 1.0715e-01     0.0101    99.7473     7.5085     7.8235    33.2349    33.2301    26.7133    26.7096    8.30546 0.0000e+00
       2233     55.641    -0.7380    -0.7437   2.712584   2.711786     2.0414     2.4635      8.044     0.8675    -1.5497 1.0715e-01     0.0050    99.8739     7.5074     7.8209    33.2350    33.2306    26.7134    26.7100    8.30541 0.0000e+00
       2236     55.737    -0.7381    -0.7446   2.712641   2.711802     2.0410     2.4618      8.042     0.8569    -1.5891 1.0715e-01    -0.0360   100.9048     7.5130     7.8165    33.2359    33.2317    26.7141    26.7109    8.30539 0.0000e+00
       2239     55.834    -0.7387    -0.7455   2.712648   2.711826     2.0410     2.4614      8.042     0.8780    -1.6286 1.0715e-01    -0.0371   100.9320     7.5162     7.8177    33.2365    33.2329    26.7147    26.7120    8.30548 0.0000e+00
       2242     55.930    -0.7396    -0.7460   2.712661   2.711829     2.0398     2.4602      8.044     0.8886    -1.5891 1.0715e-01    -0.0364   100.9139     7.5126     7.8171    33.2376    33.2334    26.7155    26.7124    8.30562 0.0000e+00
       2245     56.031    -0.7404    -0.7469   2.712654   2.711832     2.0378     2.4590      8.039     0.8569    -1.5891 1.0715e-01    -0.0375   100.9410     7.5084     7.8130    33.2384    33.2345    26.7162    26.7133    8.30576 0.0000e+00
       2248     56.132    -0.7411    -0.7478   2.712630   2.711833     2.0365     2.4578      8.042     0.8145    -1.5102 1.0715e-01    -0.0375   100.9410     7.5075     7.8099    33.2387    33.2354    26.7165    26.7141    8.30589 0.0000e+00
       2251     56.232    -0.7418    -0.7485   2.712583   2.711840     2.0357     2.4574      8.039     0.8357    -1.1944 1.0715e-01    -0.0375   100.9410     7.5052     7.8100    33.2388    33.2361    26.7166    26.7147    8.30604 0.0000e+00
       2254     56.340    -0.7426    -0.7493   2.712652   2.711833     2.0357     2.4557      8.039     0.8357    -1.0759 1.0715e-01    -0.0396   100.9953     7.5064     7.8037    33.2406    33.2368    26.7181    26.7153    8.30612 0.0000e+00
       2257     56.446    -0.7432    -0.7502   2.712686   2.711876     2.0361     2.4541      8.039     0.8357    -1.0759 1.0715e-01    -0.0461   101.1580     7.5117     7.7993    33.2416    33.2384    26.7189    26.7166    8.30620 0.0000e+00
       2260     56.553    -0.7442    -0.7511   2.712744   2.711932     2.0345     2.4541      8.039     0.8357    -1.0364 1.0715e-01    -0.0457   101.1490     7.5084     7.8041    33.2434    33.2401    26.7204    26.7180    8.30631 0.0000e+00
       2263     56.659    -0.7453    -0.7523   2.712730   2.711951     2.0333     2.4533      8.039     0.8463    -1.0364 1.0715e-01    -0.0461   101.1580     7.5066     7.8036    33.2444    33.2416    26.7213    26.7193    8.30652 0.0000e+00
       2266     56.769    -0.7464    -0.7537   2.712619   2.711814     2.0321     2.4525      8.041     0.8251    -1.0364 1.0715e-01    -0.0461   101.1580     7.5083     7.8057    33.2441    33.2412    26.7211    26.7190    8.30679 0.0000e+00
       2269     56.881    -0.7481    -0.7570   2.712402   2.711577     2.0317     2.4517      8.039     0.8357    -1.0759 1.0715e-01    -0.0461   101.1580     7.5133     7.8082    33.2429    33.2416    26.7202    26.7194    8.30723 0.0000e+00
       2272     56.991    -0.7510    -0.7624   2.712040   2.711110     2.0308     2.4508      8.039     0.8463    -1.0364 1.0715e-01    -0.0461   101.1580     7.5129     7.8106    33.2411    33.2412    26.7189    26.7193    8.30797 0.0000e+00
       2275     57.100    -0.7550    -0.7685   2.711662   2.710750     2.0296     2.4504      8.039     0.8675    -0.6811 1.0715e-01    -0.0486   101.2213     7.5070     7.8155    33.2404    33.2430    26.7184    26.7210    8.30891 0.0000e+00
       2278     57.209    -0.7587    -0.7703   2.711576   2.710669     2.0292     2.4488      8.039     0.8569     2.4377 1.0715e-01    -0.0503   101.2665     7.5055     7.8179    33.2433    33.2438    26.7209    26.7218    8.30959 0.0000e+00
       2281     57.320    -0.7617    -0.7708   2.711520   2.710615     2.0292     2.4484      8.039     0.8886     2.5167 1.0715e-01    -0.0503   101.2665     7.5111     7.8178    33.2457    33.2435    26.7230    26.7215    8.31011 0.0000e+00
       2284     57.431    -0.7630    -0.7715   2.711193   2.710492     2.0288     2.4480      8.039     0.8675     2.5167 1.0715e-01    -0.0503   101.2665     7.5170     7.8166    33.2427    33.2426    26.7206    26.7208    8.31059 0.0000e+00
       2287     57.542    -0.7673    -0.7786   2.710514   2.709775     2.0276     2.4468      8.039     0.8886     2.5167 1.0715e-01    -0.0503   101.2665     7.5134     7.8165    33.2382    33.2406    26.7171    26.7195    8.31181 0.0000e+00
       2290     57.650    -0.7726    -0.7855   2.710183   2.709418     2.0272     2.4464      8.039     0.8675     2.5167 1.0715e-01    -0.0503   101.2665     7.5119     7.8186    33.2395    33.2434    26.7183    26.7220    8.31292 0.0000e+00
       2293     57.756    -0.7771    -0.7887   2.710051   2.709260     2.0272     2.4464      8.039     0.8780     2.5167 1.0715e-01    -0.0500   101.2575     7.5125     7.8223    33.2426    33.2447    26.7210    26.7231    8.31376 0.0000e+00
       2296     57.863    -0.7807    -0.7917   2.709952   2.709128     2.0264     2.4456      8.039     0.8780     2.5167 1.0715e-01    -0.0510   101.2846     7.5123     7.8245    33.2452    33.2461    26.7232    26.7244    8.31442 0.0000e+00
       2299     57.972    -0.7833    -0.7938   2.709948   2.709129     2.0247     2.4456      8.039     0.8569     2.5167 1.0715e-01    -0.0514   101.2937     7.5044     7.8267    33.2479    33.2484    26.7256    26.7263    8.31485 0.0000e+00
       2302     58.079    -0.7854    -0.7945   2.710057   2.709273     2.0251     2.4452      8.039     0.8463     3.1089 1.0715e-01    -0.0514   101.2937     7.5063     7.8282    33.2516    33.2511    26.7286    26.7286    8.31510 0.0000e+00
       2305     58.185    -0.7868    -0.7924   2.710436   2.709694     2.0243     2.4435      8.037     0.8357     4.3722 1.0715e-01    -0.0514   101.2937     7.5051     7.8204    33.2582    33.2544    26.7341    26.7312    8.31504 0.0000e+00
       2308     58.285    -0.7847    -0.7847   2.711214   2.710558     2.0239     2.4431      8.034     0.8357     4.2932 1.0715e-01    -0.0514   101.2937     7.5102     7.8197    33.2664    33.2575    26.7405    26.7334    8.31411 0.0000e+00
       2311     58.388    -0.7806    -0.7776   2.711813   2.711182     2.0223     2.4427      8.034     0.8357     4.2932 1.0715e-01    -0.0514   101.2937     7.5025     7.8216    33.2699    33.2581    26.7433    26.7336    8.31299 0.0000e+00
       2314     58.488    -0.7756    -0.7717   2.712363   2.711801     2.0215     2.4419      8.036     0.8463     4.2932 1.0715e-01    -0.0503   101.2665     7.4992     7.8203    33.2717    33.2599    26.7445    26.7348    8.31175 0.0000e+00
       2317     58.590    -0.7705    -0.7671   2.712852   2.712196     2.0219     2.4423      8.036     0.8251     4.2932 1.0715e-01    -0.0464   101.1670     7.5056     7.8230    33.2727    33.2601    26.7451    26.7348    8.31057 0.0000e+00
