Datasets/AZMP/TEL210/tel210_2020_054.cnv
* Sea-Bird SBE 9 Data File:
* FileName = C:\CTDDATA\tel210_2020_054.hex
* Software Version Seasave V 7.26.7.110
* Temperature SN = 1697
* Conductivity SN = 4216
* Number of Bytes Per Scan = 30
* Number of Voltage Words = 4
* Number of Scans Averaged by the Deck Unit = 1
* NMEA baud rate = 4800
** VESSEL/TRIP/SEQ STN:  tel210_2020_054
** LATITUDE XX XX.XX: 49 01.50 N
** LONGITUDE XX XX.XX: 052 04.00 W
** SOUNDING DEPTH (M): 0289
** PROBE TYPE: S1146
** CTD NUMBER: 044
** COMMENTS (14 CHAR): BB-05
** BOTTLES:  11
** LEVELS: 5,10,20,30,40,50,75,100,150,250,BTM
** STICKERS: 436075 - 436085
** VNET: Y
** DO2: N
# nquan = 22
# nvalues = 6681                        
# units = specified
# name 0 = scan: Scan Count
# name 1 = prDM: Pressure, Digiquartz [db]
# name 2 = t090C: Temperature [ITS-90, deg C]
# name 3 = t190C: Temperature, 2 [ITS-90, deg C]
# name 4 = c0S/m: Conductivity [S/m]
# name 5 = c1S/m: Conductivity, 2 [S/m]
# name 6 = sbeox0V: Oxygen raw, SBE 43 [V]
# name 7 = sbeox1V: Oxygen raw, SBE 43, 2 [V]
# name 8 = ph: pH
# name 9 = flECO-AFL: Fluorescence, WET Labs ECO-AFL/FL [mg/m^3]
# name 10 = wetCDOM: Fluorescence, WET Labs CDOM [mg/m^3]
# name 11 = par/sat/log: PAR/Logarithmic, Satlantic [umol photons/m^2/sec]
# name 12 = CStarAt0: Beam Attenuation, WET Labs C-Star [1/m]
# name 13 = CStarTr0: Beam Transmission, WET Labs C-Star [%]
# name 14 = sbeox0ML/L: Oxygen, SBE 43 [ml/l], WS = 2
# name 15 = sbeox1ML/L: Oxygen, SBE 43, 2 [ml/l], WS = 2
# name 16 = sal00: Salinity, Practical [PSU]
# name 17 = sal11: Salinity, Practical, 2 [PSU]
# name 18 = sigma-t00: Density [sigma-t, kg/m^3 ]
# name 19 = sigma-t11: Density, 2 [sigma-t, kg/m^3 ]
# name 20 = oxsatML/L: Oxygen Saturation, Weiss [ml/l]
# name 21 = flag: flag
# span 0 =          2,      48248       
# span 1 =      0.824,    286.550       
# span 2 =    -1.0611,    11.1381       
# span 3 =    -1.0826,    11.1345       
# span 4 =   2.657893,   3.551442       
# span 5 =   2.656681,   3.551899       
# span 6 =     1.7571,     2.5293       
# span 7 =     2.1082,     3.1023       
# span 8 =      7.909,      8.316       
# span 9 =     0.6346,     1.7351       
# span 10 =    -2.8130,   482.1870      
# span 11 = 1.0690e-01, 2.3800e+02      
# span 12 =    -0.1436,     0.3352      
# span 13 =    91.9611,   103.6539      
# span 14 =     5.7166,     9.1790      
# span 15 =     5.9559,     9.6297      
# span 16 =    31.3567,    34.5513      
# span 17 =    31.3580,    34.5506      
# span 18 =    23.9161,    27.5230      
# span 19 =    23.9192,    27.5191      
# span 20 =    6.30634,    8.40123      
# span 21 = 0.0000e+00, 0.0000e+00      
# interval = scans: 3                   
# start_time = Jul 21 2020 10:37:26 [System UTC, header]
# bad_flag = -9.990e-29
*END*
[from data line 3490]
      19566    247.645     2.4149     2.4365   3.072384   3.074650     1.9140     2.3082      7.988     0.7616    -0.6811 1.0727e-01    -0.1362   103.4640     6.5342     6.7977    34.3399    34.3447    27.4092    27.4112    7.59027 0.0000e+00
      19569    247.620     2.4150     2.4353   3.072385   3.074539     1.9124     2.3074      7.988     0.7616    -0.6811 1.0740e-01    -0.1352   103.4369     6.5268     6.7945    34.3398    34.3446    27.4091    27.4113    7.59025 0.0000e+00
      19572    247.592     2.4148     2.4333   3.072302   3.074325     1.9116     2.3074      7.988     0.7616    -0.6811 1.0740e-01    -0.1299   103.3012     6.5238     6.7971    34.3390    34.3442    27.4085    27.4111    7.59033 0.0000e+00
      19575    247.564     2.4147     2.4307   3.072297   3.074107     1.9124     2.3086      7.988     0.7405    -0.6811 1.0727e-01    -0.1299   103.3012     6.5274     6.8029    34.3391    34.3443    27.4086    27.4114    7.59035 0.0000e+00
      19578    247.533     2.4142     2.4302   3.072343   3.073966     1.9124     2.3078      7.988     0.7299    -0.7206 1.0752e-01    -0.1299   103.3012     6.5230     6.8000    34.3402    34.3431    27.4095    27.4105    7.59038 0.0000e+00
      19581    247.498     2.4146     2.4270   3.072344   3.073476     1.9136     2.3074      7.988     0.7299    -0.6811 1.0715e-01    -0.1299   103.3012     6.5247     6.7987    34.3398    34.3405    27.4092    27.4086    7.59033 0.0000e+00
      19584    247.460     2.4147     2.4202   3.072343   3.073222     1.9136     2.3078      7.988     0.7299    -0.7206 1.0727e-01    -0.1299   103.3012     6.5254     6.8025    34.3397    34.3447    27.4091    27.4126    7.59031 0.0000e+00
      19587    247.421     2.4147     2.4232   3.072352   3.073405     1.9140     2.3086      7.988     0.7299     0.5033 1.0740e-01    -0.1299   103.3012     6.5287     6.8060    34.3399    34.3438    27.4092    27.4116    7.59030 0.0000e+00
      19590    247.375     2.4149     2.4240   3.072382   3.073347     1.9128     2.3086      7.988     0.7299     0.8586 1.0740e-01    -0.1320   103.3555     6.5263     6.8080    34.3400    34.3422    27.4093    27.4103    7.59025 0.0000e+00
      19593    247.323     2.4148     2.4246   3.072301   3.073352     1.9136     2.3078      7.988     0.7299     0.8586 1.0740e-01    -0.1362   103.4640     6.5319     6.8075    34.3391    34.3417    27.4086    27.4098    7.59032 0.0000e+00
      19596    247.267     2.4147     2.4209   3.072237   3.072911     1.9136     2.3082      7.988     0.7299     0.8586 1.0752e-01    -0.1362   103.4640     6.5296     6.8091    34.3385    34.3402    27.4081    27.4089    7.59037 0.0000e+00
      19599    247.206     2.4146     2.4169   3.072201   3.072467     1.9132     2.3074      7.988     0.7299     0.8191 1.0727e-01    -0.1362   103.4640     6.5217     6.8098    34.3382    34.3391    27.4079    27.4084    7.59041 0.0000e+00
      19602    247.142     2.4143     2.4154   3.072203   3.072426     1.9128     2.3082      7.988     0.7299     0.7796 1.0752e-01    -0.1362   103.4640     6.5148     6.8170    34.3386    34.3402    27.4082    27.4094    7.59045 0.0000e+00
      19605    247.076     2.4143     2.4133   3.072186   3.072170     1.9132     2.3082      7.988     0.7299     0.8586 1.0740e-01    -0.1362   103.4640     6.5146     6.8181    34.3384    34.3393    27.4081    27.4088    7.59046 0.0000e+00
      19608    247.004     2.4142     2.4103   3.072108   3.071689     1.9140     2.3086      7.988     0.7299     0.8586 1.0752e-01    -0.1362   103.4640     6.5201     6.8185    34.3376    34.3366    27.4074    27.4069    7.59051 0.0000e+00
      19611    246.928     2.4126     2.4046   3.071487   3.070984     1.9140     2.3086      7.988     0.7405     0.7007 1.0752e-01    -0.1359   103.4550     6.5242     6.8206    34.3317    34.3341    27.4028    27.4054    7.59113 0.0000e+00
      19614    246.848     2.4078     2.3988   3.070758   3.070320     1.9136     2.3094      7.988     0.7299    -0.6022 1.0727e-01    -0.1362   103.4640     6.5258     6.8288    34.3279    34.3321    27.4002    27.4043    7.59225 0.0000e+00
      19617    246.763     2.4023     2.3916   3.070089   3.069617     1.9136     2.3094      7.989     0.7299    -0.5627 1.0740e-01    -0.1362   103.4640     6.5261     6.8300    34.3255    34.3312    27.3987    27.4042    7.59342 0.0000e+00
      19620    246.673     2.3970     2.3856   3.069703   3.069137     1.9136     2.3090      7.989     0.7299    -0.5627 1.0752e-01    -0.1362   103.4640     6.5296     6.8302    34.3265    34.3317    27.4000    27.4052    7.59440 0.0000e+00
      19623    246.584     2.3935     2.3855   3.069642   3.069312     1.9124     2.3102      7.989     0.7299    -0.5627 1.0727e-01    -0.1362   103.4640     6.5262     6.8352    34.3296    34.3341    27.4027    27.4070    7.59492 0.0000e+00
      19626    246.491     2.3914     2.3921   3.069426   3.070299     1.9128     2.3102      7.989     0.7299    -0.6022 1.0752e-01    -0.1362   103.4640     6.5272     6.8328    34.3292    34.3392    27.4026    27.4106    7.59534 0.0000e+00
      19629    246.396     2.3894     2.3977   3.069204   3.070249     1.9140     2.3098      7.989     0.7616    -0.5627 1.0727e-01    -0.1359   103.4550     6.5303     6.8289    34.3286    34.3326    27.4023    27.4048    7.59575 0.0000e+00
      19632    246.299     2.3875     2.3873   3.068957   3.069001     1.9136     2.3090      7.989     0.7510    -0.5627 1.0740e-01    -0.1362   103.4640     6.5311     6.8274    34.3277    34.3285    27.4017    27.4024    7.59617 0.0000e+00
      19635    246.199     2.3851     2.3801   3.068861   3.068481     1.9144     2.3107      7.989     0.7616    -0.5627 1.0715e-01    -0.1362   103.4640     6.5363     6.8359    34.3291    34.3298    27.4030    27.4040    7.59655 0.0000e+00
      19638    246.098     2.3843     2.3754   3.068747   3.068005     1.9140     2.3107      7.989     0.7616    -0.2864 1.0740e-01    -0.1362   103.4640     6.5365     6.8377    34.3286    34.3290    27.4027    27.4038    7.59673 0.0000e+00
      19641    245.996     2.3832     2.3737   3.068563   3.067972     1.9140     2.3098      7.989     0.7510     0.3848 1.0727e-01    -0.1366   103.4730     6.5388     6.8363    34.3276    34.3305    27.4020    27.4051    7.59700 0.0000e+00
      19644    245.892     2.3815     2.3757   3.068361   3.068198     1.9144     2.3111      7.989     0.7616     0.3453 1.0740e-01    -0.1359   103.4550     6.5443     6.8401    34.3270    34.3312    27.4016    27.4055    7.59736 0.0000e+00
      19647    245.779     2.3795     2.3764   3.068201   3.068207     1.9140     2.3111      7.989     0.7510     0.3848 1.0740e-01    -0.1362   103.4640     6.5436     6.8404    34.3272    34.3306    27.4019    27.4049    7.59773 0.0000e+00
      19650    245.669     2.3779     2.3747   3.068005   3.067867     1.9140     2.3111      7.989     0.7722     0.3453 1.0715e-01    -0.1355   103.4459     6.5403     6.8433    34.3265    34.3283    27.4016    27.4033    7.59808 0.0000e+00
      19653    245.559     2.3764     2.3706   3.067831   3.067451     1.9140     2.3111      7.989     0.7510     0.3453 1.0727e-01    -0.1352   103.4369     6.5378     6.8439    34.3261    34.3276    27.4013    27.4030    7.59838 0.0000e+00
      19656    245.453     2.3749     2.3677   3.067555   3.067203     1.9144     2.3115      7.989     0.7299     0.3848 1.0740e-01    -0.1352   103.4369     6.5392     6.8428    34.3243    34.3277    27.4001    27.4033    7.59877 0.0000e+00
      19659    245.345     2.3728     2.3653   3.067426   3.066916     1.9140     2.3123      7.989     0.7299     0.3453 1.0752e-01    -0.1352   103.4369     6.5393     6.8429    34.3250    34.3268    27.4008    27.4028    7.59913 0.0000e+00
      19662    245.242     2.3713     2.3616   3.067389   3.066526     1.9144     2.3123      7.989     0.7299     0.3848 1.0752e-01    -0.1352   103.4369     6.5428     6.8454    34.3263    34.3261    27.4020    27.4025    7.59937 0.0000e+00
      19665    245.145     2.3702     2.3590   3.067280   3.066358     1.9153     2.3123      7.989     0.7405    -0.3653 1.0740e-01    -0.1348   103.4279     6.5432     6.8459    34.3262    34.3267    27.4019    27.4033    7.59959 0.0000e+00
      19668    245.048     2.3689     2.3594   3.067024   3.066391     1.9153     2.3123      7.989     0.7299    -0.7206 1.0727e-01    -0.1352   103.4369     6.5402     6.8434    34.3244    34.3268    27.4006    27.4033    7.59991 0.0000e+00
      19671    244.954     2.3670     2.3588   3.066789   3.066320     1.9153     2.3127      7.989     0.7299    -0.7206 1.0752e-01    -0.1359   103.4550     6.5391     6.8438    34.3237    34.3266    27.4002    27.4032    7.60034 0.0000e+00
      19674    244.860     2.3648     2.3579   3.066639   3.066197     1.9149     2.3131      7.989     0.7299    -0.7601 1.0752e-01    -0.1362   103.4640     6.5386     6.8445    34.3241    34.3261    27.4008    27.4029    7.60072 0.0000e+00
      19677    244.770     2.3639     2.3559   3.066685   3.065958     1.9144     2.3123      7.989     0.7299    -0.6811 1.0740e-01    -0.1362   103.4640     6.5347     6.8403    34.3258    34.3254    27.4021    27.4024    7.60082 0.0000e+00
      19680    244.686     2.3638     2.3541   3.066699   3.065810     1.9149     2.3123      7.989     0.7087    -0.6811 1.0740e-01    -0.1362   103.4640     6.5344     6.8379    34.3261    34.3255    27.4024    27.4027    7.60082 0.0000e+00
      19683    244.602     2.3634     2.3526   3.066545   3.065680     1.9157     2.3127      7.989     0.6875    -0.7206 1.0752e-01    -0.1366   103.4730     6.5373     6.8381    34.3246    34.3255    27.4013    27.4029    7.60096 0.0000e+00
      19686    244.521     2.3624     2.3520   3.066390   3.065636     1.9149     2.3135      7.990     0.7193    -0.7206 1.0727e-01    -0.1366   103.4730     6.5327     6.8427    34.3238    34.3257    27.4007    27.4030    7.60120 0.0000e+00
      19689    244.448     2.3612     2.3516   3.066293   3.065531     1.9140     2.3139      7.990     0.6875    -0.6811 1.0752e-01    -0.1362   103.4640     6.5281     6.8453    34.3241    34.3249    27.4010    27.4025    7.60143 0.0000e+00
      19692    244.379     2.3606     2.3507   3.066331   3.065447     1.9140     2.3127      7.990     0.6981     0.2664 1.0740e-01    -0.1362   103.4640     6.5296     6.8395    34.3251    34.3248    27.4019    27.4025    7.60149 0.0000e+00
      19695    244.312     2.3592     2.3512   3.066113   3.065593     1.9149     2.3135      7.989     0.6875     0.3848 1.0727e-01    -0.1362   103.4640     6.5381     6.8394    34.3240    34.3262    27.4011    27.4035    7.60182 0.0000e+00
      19698    244.248     2.3575     2.3542   3.065948   3.065999     1.9157     2.3135      7.989     0.7087     0.3453 1.0740e-01    -0.1362   103.4640     6.5457     6.8387    34.3238    34.3280    27.4011    27.4047    7.60216 0.0000e+00
      19701    244.188     2.3562     2.3558   3.066056   3.066047     1.9149     2.3135      7.990     0.7193     0.3453 1.0740e-01    -0.1362   103.4640     6.5441     6.8383    34.3265    34.3269    27.4034    27.4037    7.60226 0.0000e+00
      19704    244.133     2.3550     2.3567   3.065693   3.066143     1.9144     2.3131      7.990     0.6876     0.3848 1.0740e-01    -0.1362   103.4640     6.5418     6.8364    34.3234    34.3271    27.4010    27.4038    7.60265 0.0000e+00
      19707    244.082     2.3541     2.3591   3.065897   3.066429     1.9153     2.3135      7.989     0.6981     0.3848 1.0727e-01    -0.1362   103.4640     6.5454     6.8345    34.3269    34.3282    27.4039    27.4045    7.60266 0.0000e+00
      19710    244.035     2.3544     2.3617   3.066247   3.066854     1.9153     2.3147      7.989     0.6875     0.3848 1.0740e-01    -0.1362   103.4640     6.5466     6.8367    34.3309    34.3306    27.4070    27.4062    7.60238 0.0000e+00
      19713    243.989     2.3553     2.3681   3.066765   3.067400     1.9144     2.3139      7.989     0.6981     0.3848 1.0752e-01    -0.1369   103.4821     6.5399     6.8315    34.3365    34.3305    27.4114    27.4056    7.60194 0.0000e+00
      19716    243.946     2.3579     2.3696   3.066614   3.067436     1.9157     2.3135      7.990     0.6981     0.1084 1.0727e-01    -0.1373   103.4911     6.5440     6.8293    34.3318    34.3294    27.4075    27.4046    7.60167 0.0000e+00
      19719    243.907     2.3559     2.3689   3.065768   3.067282     1.9157     2.3131      7.989     0.6875    -0.9575 1.0740e-01    -0.1373   103.4911     6.5443     6.8258    34.3235    34.3283    27.4010    27.4037    7.60248 0.0000e+00
      19722    243.869     2.3502     2.3699   3.064816   3.067432     1.9165     2.3135      7.992     0.6770    -0.9180 1.0740e-01    -0.1373   103.4911     6.5509     6.8267    34.3178    34.3291    27.3969    27.4043    7.60386 0.0000e+00
      19725    243.833     2.3448     2.3668   3.064289   3.067146     1.9157     2.3143      7.989     0.6770    -0.9180 1.0727e-01    -0.1373   103.4911     6.5491     6.8319    34.3171    34.3289    27.3968    27.4044    7.60495 0.0000e+00
      19728    243.794     2.3427     2.3642   3.064611   3.066871     1.9153     2.3143      7.989     0.6981    -0.9180 1.0740e-01    -0.1369   103.4821     6.5445     6.8320    34.3234    34.3282    27.4020    27.4041    7.60503 0.0000e+00
      19731    243.756     2.3430     2.3623   3.063861   3.066703     1.9149     2.3135      7.989     0.7193    -0.9180 1.0752e-01    -0.1366   103.4730     6.5406     6.8298    34.3138    34.3283    27.3943    27.4043    7.60547 0.0000e+00
      19734    243.721     2.3363     2.3638   3.062821   3.066772     1.9153     2.3135      7.991     0.7616    -0.9180 1.0740e-01    -0.1373   103.4911     6.5444     6.8319    34.3081    34.3275    27.3903    27.4035    7.60704 0.0000e+00
      19737    243.684     2.3306     2.3636   3.062665   3.066842     1.9149     2.3131      7.989     0.7510    -0.9180 1.0740e-01    -0.1373   103.4911     6.5403     6.8337    34.3124    34.3287    27.3942    27.4045    7.60794 0.0000e+00
      19740    243.646     2.3263     2.3618   3.062438   3.066516     1.9165     2.3135      7.991     0.7616    -0.9180 1.0740e-01    -0.1373   103.4911     6.5459     6.8385    34.3142    34.3266    27.3960    27.4030    7.60867 0.0000e+00
      19743    243.605     2.3233     2.3423   3.062141   3.064007     1.9161     2.3135      7.989     0.7616    -0.4443 1.0752e-01    -0.1373   103.4911     6.5450     6.8420    34.3137    34.3164    27.3958    27.3965    7.60927 0.0000e+00
      19746    243.564     2.3208     2.3297   3.061992   3.063026     1.9161     2.3139      7.989     0.7510     0.1479 1.0740e-01    -0.1373   103.4911     6.5475     6.8439    34.3145    34.3179    27.3967    27.3987    7.60971 0.0000e+00
      19749    243.522     2.3192     2.3257   3.061719   3.062695     1.9157     2.3143      7.994     0.7722     0.1479 1.0740e-01    -0.1373   103.4911     6.5485     6.8447    34.3130    34.3181    27.3956    27.3992    7.61011 0.0000e+00
      19752    243.473     2.3142     2.3202   3.060635   3.062201     1.9153     2.3139      7.992     0.7510     0.1479 1.0715e-01    -0.1369   103.4821     6.5466     6.8474    34.3049    34.3179    27.3896    27.3995    7.61149 0.0000e+00
      19755    243.419     2.3084     2.3194   3.060012   3.062076     1.9157     2.3147      7.989     0.7616     0.1479 1.0715e-01    -0.1373   103.4911     6.5489     6.8532    34.3035    34.3173    27.3889    27.3990    7.61268 0.0000e+00
      19758    243.362     2.3035     2.3105   3.059776   3.060640     1.9157     2.3147      7.991     0.7299     0.1084 1.0715e-01    -0.1373   103.4911     6.5494     6.8558    34.3058    34.3090    27.3911    27.3931    7.61350 0.0000e+00
