Datasets/AZMP/TEL210/tel210_2020_091.cnv
* Sea-Bird SBE 9 Data File:
* FileName = C:\CTDDATA\tel210_2020_091.hex
* Software Version Seasave V 7.26.7.110
* Temperature SN = 1697
* Conductivity SN = 4216
* Number of Bytes Per Scan = 30
* Number of Voltage Words = 4
* Number of Scans Averaged by the Deck Unit = 1
* NMEA baud rate = 4800
** VESSEL/TRIP/SEQ STN:  tel210_2020_091
** LATITUDE XX XX.XX: 54 21.30 N
** LONGITUDE XX XX.XX: 53 44.00 W
** SOUNDING DEPTH (M): 0235
** PROBE TYPE: S1146
** CTD NUMBER: 061
** COMMENTS (14 CHAR): SI-10
** BOTTLES:  10
** LEVELS: 5,10,20,30,40,50,75,100,150,BTM
** STICKERS: 436180 - 436189
** VNET: Y
** DO2: N
# nquan = 22
# nvalues = 5707                        
# units = specified
# name 0 = scan: Scan Count
# name 1 = prDM: Pressure, Digiquartz [db]
# name 2 = t090C: Temperature [ITS-90, deg C]
# name 3 = t190C: Temperature, 2 [ITS-90, deg C]
# name 4 = c0S/m: Conductivity [S/m]
# name 5 = c1S/m: Conductivity, 2 [S/m]
# name 6 = sbeox0V: Oxygen raw, SBE 43 [V]
# name 7 = sbeox1V: Oxygen raw, SBE 43, 2 [V]
# name 8 = ph: pH
# name 9 = flECO-AFL: Fluorescence, WET Labs ECO-AFL/FL [mg/m^3]
# name 10 = wetCDOM: Fluorescence, WET Labs CDOM [mg/m^3]
# name 11 = par/sat/log: PAR/Logarithmic, Satlantic [umol photons/m^2/sec]
# name 12 = CStarAt0: Beam Attenuation, WET Labs C-Star [1/m]
# name 13 = CStarTr0: Beam Transmission, WET Labs C-Star [%]
# name 14 = sbeox0ML/L: Oxygen, SBE 43 [ml/l], WS = 2
# name 15 = sbeox1ML/L: Oxygen, SBE 43, 2 [ml/l], WS = 2
# name 16 = sal00: Salinity, Practical [PSU]
# name 17 = sal11: Salinity, Practical, 2 [PSU]
# name 18 = sigma-t00: Density [sigma-t, kg/m^3 ]
# name 19 = sigma-t11: Density, 2 [sigma-t, kg/m^3 ]
# name 20 = oxsatML/L: Oxygen Saturation, Weiss [ml/l]
# name 21 = flag: flag
# span 0 =          2,      46548       
# span 1 =      2.239,    234.777       
# span 2 =    -0.6582,     8.5317       
# span 3 =    -0.6663,     8.5243       
# span 4 =   2.690610,   3.324514       
# span 5 =   2.690154,   3.323940       
# span 6 =     1.9567,     2.5139       
# span 7 =     2.3552,     3.0758       
# span 8 =      8.000,      8.254       
# span 9 =     0.6664,     2.6558       
# span 10 =    -2.8130,   482.1870      
# span 11 = 1.0715e-01, 3.0622e+02      
# span 12 =    -0.1152,     0.0748      
# span 13 =    98.1467,   102.9214      
# span 14 =     6.5456,     9.5830      
# span 15 =     6.7929,    10.1591      
# span 16 =    31.3200,    34.5300      
# span 17 =    31.3105,    34.5306      
# span 18 =    24.3168,    27.4917      
# span 19 =    24.3108,    27.4925      
# span 20 =    6.68298,    8.30387      
# span 21 = 0.0000e+00, 0.0000e+00      
# interval = scans: 3                   
# start_time = Jul 25 2020 13:58:50 [System UTC, header]
# bad_flag = -9.990e-29
*END*
[from data line 988]
       3569     86.528     0.7122     0.7087   2.876257   2.875937     2.0244     2.4419      8.028     0.8145     2.1614 1.0715e-01    -0.1043   102.6411     7.2851     7.5589    33.7917    33.7914    27.0916    27.0916    7.96050 0.0000e+00
       3572     86.631     0.7157     0.7098   2.876554   2.876057     2.0244     2.4411      8.028     0.7616     2.1614 1.0715e-01    -0.1039   102.6320     7.2850     7.5543    33.7918    33.7918    27.0915    27.0918    7.95978 0.0000e+00
       3575     86.737     0.7201     0.7129   2.877173   2.876475     2.0244     2.4419      8.030     0.7616    74.0132 1.0715e-01    -0.1036   102.6230     7.2804     7.5532    33.7949    33.7938    27.0937    27.0932    7.95869 0.0000e+00
       3578     86.846     0.7264     0.7179   2.877888   2.877138     2.0244     2.4423      8.030     0.7510   471.6856 1.0715e-01    -0.1025   102.5959     7.2743     7.5520    33.7973    33.7968    27.0953    27.0954    7.95725 0.0000e+00
       3581     86.958     0.7312     0.7258   2.878314   2.877994     2.0248     2.4419      8.030     0.7722   481.4764 1.0715e-01    -0.1004   102.5416     7.2737     7.5502    33.7974    33.7992    27.0951    27.0968    7.95623 0.0000e+00
       3584     87.074     0.7348     0.7297   2.878760   2.878219     2.0244     2.4427      8.031     0.7722   481.2395 1.0715e-01    -0.1004   102.5416     7.2680     7.5510    33.7992    33.7978    27.0963    27.0955    7.95538 0.0000e+00
       3587     87.194     0.7423     0.7334   2.879567   2.878830     2.0248     2.4419      8.028     0.7722   481.3184 1.0715e-01    -0.1008   102.5506     7.2642     7.5441    33.8015    33.8016    27.0977    27.0983    7.95370 0.0000e+00
       3590     87.317     0.7464     0.7398   2.879928   2.879369     2.0252     2.4431      8.030     0.7616   481.3579 1.0715e-01    -0.1011   102.5597     7.2633     7.5470    33.8016    33.8015    27.0975    27.0978    7.95284 0.0000e+00
       3593     87.440     0.7477     0.7418   2.880006   2.879519     2.0252     2.4431      8.031     0.7722   481.3579 1.0715e-01    -0.1008   102.5506     7.2616     7.5462    33.8011    33.8013    27.0970    27.0975    7.95260 0.0000e+00
       3596     87.565     0.7528     0.7427   2.880828   2.879704     2.0260     2.4431      8.028     0.7616   481.3579 1.0715e-01    -0.1015   102.5687     7.2628     7.5424    33.8061    33.8026    27.1007    27.0985    7.95126 0.0000e+00
       3599     87.691     0.7632     0.7508   2.881898   2.880901     2.0252     2.4423      8.028     0.7934   481.3579 1.0715e-01    -0.1004   102.5416     7.2548     7.5353    33.8086    33.8091    27.1021    27.1033    7.94897 0.0000e+00
       3602     87.813     0.7706     0.7631   2.882832   2.882179     2.0248     2.4431      8.030     0.8040   283.6074 1.0715e-01    -0.1004   102.5416     7.2515     7.5323    33.8125    33.8122    27.1048    27.1051    7.94721 0.0000e+00
       3605     87.935     0.7826     0.7758   2.884352   2.883662     2.0248     2.4431      8.030     0.8040    -2.8130 1.0715e-01    -0.1004   102.5416     7.2505     7.5259    33.8190    33.8175    27.1093    27.1086    7.94435 0.0000e+00
       3608     88.055     0.7908     0.7852   2.884994   2.884547     2.0256     2.4427      8.031     0.8040    -2.1024 1.0715e-01    -0.1004   102.5416     7.2501     7.5195    33.8184    33.8186    27.1083    27.1089    7.94270 0.0000e+00
       3611     88.175     0.7921     0.7879   2.885103   2.884708     2.0248     2.4431      8.030     0.7934    -1.3523 1.0715e-01    -0.1004   102.5416     7.2460     7.5199    33.8183    33.8177    27.1082    27.1080    7.94243 0.0000e+00
       3614     88.289     0.7911     0.7867   2.885160   2.884767     2.0252     2.4435      8.028     0.7934    -1.3918 1.0727e-01    -0.1004   102.5416     7.2485     7.5192    33.8200    33.8197    27.1096    27.1097    7.94254 0.0000e+00
       3617     88.400     0.7908     0.7872   2.885208   2.884969     2.0252     2.4423      8.028     0.8040    -1.4313 1.0715e-01    -0.1004   102.5416     7.2482     7.5150    33.8209    33.8218    27.1103    27.1113    7.94255 0.0000e+00
       3620     88.505     0.7919     0.7880   2.885437   2.885051     2.0248     2.4427      8.028     0.7934    -1.3918 1.0727e-01    -0.1000   102.5326     7.2482     7.5157    33.8226    33.8218    27.1117    27.1113    7.94224 0.0000e+00
       3623     88.601     0.7936     0.7884   2.885601   2.885126     2.0252     2.4431      8.028     0.7722    -1.3918 1.0715e-01    -0.1004   102.5416     7.2511     7.5164    33.8228    33.8223    27.1117    27.1116    7.94187 0.0000e+00
       3626     88.694     0.7976     0.7902   2.886074   2.885481     2.0260     2.4419      8.028     0.7722    -1.4313 1.0715e-01    -0.1000   102.5326     7.2515     7.5090    33.8245    33.8249    27.1128    27.1136    7.94094 0.0000e+00
       3629     88.779     0.8017     0.7952   2.886428   2.885998     2.0260     2.4419      8.030     0.7722     2.7930 1.0715e-01    -0.1000   102.5326     7.2473     7.5074    33.8246    33.8261    27.1127    27.1143    7.94009 0.0000e+00
       3632     88.856     0.8039     0.7988   2.886559   2.886286     2.0248     2.4423      8.028     0.7722     4.7670 1.0715e-01    -0.0997   102.5235     7.2406     7.5089    33.8238    33.8259    27.1119    27.1139    7.93967 0.0000e+00
       3635     88.932     0.8046     0.8000   2.886609   2.886324     2.0260     2.4427      8.028     0.7722     4.6485 1.0715e-01    -0.0997   102.5235     7.2462     7.5103    33.8237    33.8250    27.1117    27.1131    7.93953 0.0000e+00
       3638     88.999     0.8053     0.7998   2.886673   2.886306     2.0256     2.4423      8.028     0.7722     4.6485 1.0715e-01    -0.0997   102.5235     7.2421     7.5101    33.8237    33.8249    27.1117    27.1130    7.93938 0.0000e+00
       3641     89.059     0.8057     0.8003   2.886658   2.886341     2.0256     2.4423      8.028     0.7616     4.6485 1.0715e-01    -0.1004   102.5416     7.2419     7.5106    33.8231    33.8248    27.1112    27.1130    7.93935 0.0000e+00
       3644     89.118     0.8057     0.8008   2.886762   2.886455     2.0256     2.4419      8.028     0.7722     4.6485 1.0715e-01    -0.1004   102.5416     7.2440     7.5061    33.8243    33.8257    27.1122    27.1137    7.93926 0.0000e+00
       3647     89.177     0.8082     0.8027   2.887115   2.886684     2.0252     2.4419      8.028     0.7722     4.6485 1.0715e-01    -0.1004   102.5416     7.2403     7.5071    33.8262    33.8265    27.1136    27.1141    7.93866 0.0000e+00
       3650     89.234     0.8104     0.8054   2.887324   2.886906     2.0248     2.4415      8.028     0.7934     4.6485 1.0715e-01    -0.1004   102.5416     7.2390     7.5070    33.8265    33.8265    27.1136    27.1139    7.93819 0.0000e+00
       3653     89.290     0.8122     0.8065   2.887419   2.886994     2.0248     2.4419      8.028     0.8040     4.5301 1.0715e-01    -0.1004   102.5416     7.2410     7.5087    33.8257    33.8264    27.1129    27.1138    7.93785 0.0000e+00
       3656     89.346     0.8131     0.8078   2.887551   2.887155     2.0252     2.4419      8.028     0.7934     1.9640 1.0715e-01    -0.1004   102.5416     7.2406     7.5076    33.8263    33.8270    27.1134    27.1143    7.93762 0.0000e+00
       3659     89.406     0.8139     0.8089   2.887655   2.887281     2.0256     2.4419      8.028     0.7934     1.8060 1.0715e-01    -0.1004   102.5416     7.2416     7.5070    33.8268    33.8274    27.1137    27.1144    7.93744 0.0000e+00
       3662     89.466     0.8152     0.8097   2.887792   2.887344     2.0252     2.4419      8.028     0.8040     1.8060 1.0715e-01    -0.1015   102.5687     7.2414     7.5061    33.8271    33.8273    27.1138    27.1144    7.93714 0.0000e+00
       3665     89.531     0.8169     0.8104   2.888025   2.887451     2.0256     2.4407      8.028     0.7934     1.8060 1.0715e-01    -0.1015   102.5687     7.2432     7.5022    33.8283    33.8279    27.1147    27.1148    7.93674 0.0000e+00
       3668     89.593     0.8190     0.8123   2.888204   2.887686     2.0264     2.4411      8.028     0.8040     1.8060 1.0715e-01    -0.1018   102.5778     7.2457     7.5045    33.8282    33.8289    27.1146    27.1154    7.93630 0.0000e+00
       3671     89.661     0.8196     0.8145   2.888252   2.887851     2.0256     2.4415      8.028     0.7934     1.8060 1.0715e-01    -0.1022   102.5868     7.2397     7.5033    33.8281    33.8285    27.1144    27.1150    7.93618 0.0000e+00
       3674     89.731     0.8203     0.8153   2.888323   2.887972     2.0260     2.4419      8.028     0.7934     1.8060 1.0715e-01    -0.1015   102.5687     7.2383     7.5043    33.8282    33.8291    27.1144    27.1155    7.93602 0.0000e+00
       3677     89.806     0.8217     0.8166   2.888519   2.888128     2.0252     2.4419      8.028     0.7616     1.8060 1.0715e-01    -0.1015   102.5687     7.2299     7.5030    33.8292    33.8297    27.1152    27.1158    7.93568 0.0000e+00
       3680     89.891     0.8239     0.8185   2.888750   2.888340     2.0248     2.4411      8.028     0.7510     0.8980 1.0715e-01    -0.1029   102.6049     7.2255     7.4982    33.8297    33.8303    27.1155    27.1163    7.93520 0.0000e+00
       3683     89.981     0.8253     0.8200   2.888845   2.888403     2.0256     2.4407      8.028     0.7616    -1.9050 1.0715e-01    -0.1036   102.6230     7.2237     7.4945    33.8294    33.8295    27.1151    27.1155    7.93493 0.0000e+00
       3686     90.081     0.8256     0.8204   2.888899   2.888503     2.0256     2.4407      8.028     0.7616    -1.8260 1.0715e-01    -0.1036   102.6230     7.2238     7.4943    33.8297    33.8302    27.1153    27.1160    7.93484 0.0000e+00
       3689     90.189     0.8266     0.8213   2.889044   2.888591     2.0252     2.4411      8.026     0.7616    -1.7866 1.0715e-01    -0.1039   102.6320     7.2238     7.4934    33.8304    33.8304    27.1158    27.1161    7.93459 0.0000e+00
       3692     90.304     0.8297     0.8232   2.889462   2.888900     2.0248     2.4411      8.028     0.7616    -1.8655 1.0715e-01    -0.1036   102.6230     7.2221     7.4873    33.8324    33.8322    27.1172    27.1175    7.93384 0.0000e+00
       3695     90.422     0.8370     0.8290   2.890343   2.889622     2.0244     2.4399      8.025     0.7616    -1.8260 1.0715e-01    -0.1039   102.6320     7.2193     7.4803    33.8358    33.8351    27.1195    27.1195    7.93216 0.0000e+00
       3698     90.548     0.8486     0.8388   2.891590   2.890763     2.0244     2.4407      8.028     0.7616    -1.8655 1.0715e-01    -0.1036   102.6230     7.2177     7.4822    33.8392    33.8391    27.1215    27.1220    7.92957 0.0000e+00
       3701     90.679     0.8607     0.8523   2.892886   2.892254     2.0248     2.4403      8.025     0.7616    -1.8655 1.0715e-01    -0.1022   102.5868     7.2219     7.4779    33.8427    33.8436    27.1236    27.1249    7.92687 0.0000e+00
       3704     90.820     0.8756     0.8685   2.894625   2.893887     2.0244     2.4395      8.026     0.7722    -1.8655 1.0715e-01    -0.1015   102.5687     7.2164     7.4739    33.8487    33.8470    27.1275    27.1266    7.92344 0.0000e+00
       3707     90.964     0.8894     0.8808   2.895865   2.895059     2.0235     2.4399      8.028     0.7828    -0.9180 1.0715e-01    -0.1011   102.5597     7.2091     7.4748    33.8497    33.8487    27.1274    27.1272    7.92054 0.0000e+00
       3710     91.115     0.8972     0.8899   2.896686   2.896012     2.0252     2.4395      8.025     0.7616     0.0295 1.0715e-01    -0.1018   102.5778     7.2175     7.4708    33.8517    33.8509    27.1286    27.1284    7.91882 0.0000e+00
       3713     91.268     0.9039     0.8966   2.897424   2.896751     2.0252     2.4387      8.025     0.7616     0.0295 1.0715e-01    -0.1018   102.5778     7.2180     7.4652    33.8538    33.8530    27.1299    27.1297    7.91732 0.0000e+00
       3716     91.426     0.9092     0.9031   2.897931   2.897409     2.0244     2.4383      8.028     0.7616     0.0295 1.0715e-01    -0.1025   102.5959     7.2120     7.4648    33.8544    33.8544    27.1300    27.1304    7.91618 0.0000e+00
       3719     91.583     0.9118     0.9065   2.898115   2.897688     2.0240     2.4395      8.028     0.7722     0.0295 1.0715e-01    -0.1018   102.5778     7.2093     7.4707    33.8540    33.8542    27.1295    27.1300    7.91568 0.0000e+00
       3722     91.745     0.9125     0.9074   2.898208   2.897802     2.0244     2.4391      8.028     0.7616     0.0295 1.0715e-01    -0.1015   102.5687     7.2113     7.4720    33.8543    33.8546    27.1297    27.1303    7.91552 0.0000e+00
       3725     91.908     0.9131     0.9085   2.898315   2.897920     2.0256     2.4383      8.028     0.7616     0.0295 1.0715e-01    -0.1015   102.5687     7.2173     7.4713    33.8549    33.8548    27.1301    27.1303    7.91535 0.0000e+00
       3728     92.070     0.9145     0.9095   2.898426   2.898048     2.0240     2.4395      8.028     0.7722     0.0295 1.0727e-01    -0.1015   102.5687     7.2091     7.4779    33.8548    33.8552    27.1299    27.1307    7.91508 0.0000e+00
       3731     92.234     0.9146     0.9098   2.898473   2.898073     2.0244     2.4395      8.026     0.7510     0.0295 1.0715e-01    -0.1015   102.5687     7.2069     7.4788    33.8551    33.8552    27.1302    27.1306    7.91503 0.0000e+00
       3734     92.400     0.9146     0.9099   2.898497   2.898111     2.0244     2.4379      8.026     0.7616   388.9375 1.0715e-01    -0.1015   102.5687     7.2030     7.4754    33.8553    33.8555    27.1304    27.1309    7.91501 0.0000e+00
       3737     92.561     0.9153     0.9105   2.898612   2.898240     2.0240     2.4383      8.028     0.7616   481.9501 1.0715e-01    -0.1015   102.5687     7.1988     7.4803    33.8559    33.8564    27.1308    27.1315    7.91484 0.0000e+00
       3740     92.717     0.9164     0.9116   2.898765   2.898355     2.0235     2.4383      8.028     0.7616   481.0421 1.0715e-01    -0.1015   102.5687     7.1955     7.4792    33.8566    33.8565    27.1313    27.1316    7.91458 0.0000e+00
       3743     92.870     0.9173     0.9123   2.898828   2.898416     2.0244     2.4391      8.028     0.7616   481.3184 1.0715e-01    -0.1022   102.5868     7.1984     7.4819    33.8564    33.8565    27.1311    27.1315    7.91441 0.0000e+00
       3746     93.019     0.9180     0.9127   2.898893   2.898480     2.0244     2.4387      8.028     0.7722   481.3184 1.0715e-01    -0.1015   102.5687     7.1976     7.4840    33.8564    33.8568    27.1310    27.1317    7.91426 0.0000e+00
       3749     93.159     0.9187     0.9135   2.899004   2.898606     2.0244     2.4383      8.028     0.7510   481.3579 1.0715e-01    -0.1018   102.5778     7.1961     7.4815    33.8570    33.8574    27.1315    27.1322    7.91409 0.0000e+00
       3752     93.299     0.9193     0.9143   2.899070   2.898685     2.0235     2.4387      8.028     0.7616   481.3579 1.0727e-01    -0.1018   102.5778     7.1931     7.4817    33.8571    33.8575    27.1315    27.1322    7.91395 0.0000e+00
       3755     93.437     0.9201     0.9152   2.899192   2.898803     2.0235     2.4387      8.028     0.7616   481.3579 1.0715e-01    -0.1018   102.5778     7.1945     7.4832    33.8577    33.8580    27.1320    27.1325    7.91376 0.0000e+00
       3758     93.564     0.9216     0.9164   2.899338   2.898926     2.0227     2.4387      8.028     0.7616   481.3579 1.0715e-01    -0.1015   102.5687     7.1942     7.4851    33.8578    33.8582    27.1320    27.1326    7.91343 0.0000e+00
       3761     93.684     0.9224     0.9172   2.899435   2.899034     2.0223     2.4395      8.028     0.7616   481.3579 1.0715e-01    -0.1022   102.5868     7.1949     7.4851    33.8582    33.8586    27.1322    27.1329    7.91326 0.0000e+00
