Datasets/AZMP/TEL210/tel210_2020_009.cnv
* Sea-Bird SBE 9 Data File:
* FileName = C:\CTDDATA\tel210_2020_009.hex
* Software Version Seasave V 7.26.7.110
* Temperature SN = 1697
* Conductivity SN = 4216
* Number of Bytes Per Scan = 30
* Number of Voltage Words = 4
* Number of Scans Averaged by the Deck Unit = 1
* NMEA baud rate = 4800
** VESSEL/TRIP/SEQ STN:  tel210_2020_009
** LATITUDE XX XX.XX: 47 00.00 N
** LONGITUDE XX XX.XX: 051 00.00 W
** SOUNDING DEPTH (M): 0108
** PROBE TYPE: S1146
** CTD NUMBER: 008
** COMMENTS (14 CHAR): FC-07
** BOTTLES:  8
** LEVELS: 5,10,20,30,40,50,75,BTM
** STICKERS: 435797 - 435804
** VNET: Y
** DO2: N
# nquan = 22
# nvalues = 2359                        
# units = specified
# name 0 = scan: Scan Count
# name 1 = prDM: Pressure, Digiquartz [db]
# name 2 = t090C: Temperature [ITS-90, deg C]
# name 3 = t190C: Temperature, 2 [ITS-90, deg C]
# name 4 = c0S/m: Conductivity [S/m]
# name 5 = c1S/m: Conductivity, 2 [S/m]
# name 6 = sbeox0V: Oxygen raw, SBE 43 [V]
# name 7 = sbeox1V: Oxygen raw, SBE 43, 2 [V]
# name 8 = ph: pH
# name 9 = flECO-AFL: Fluorescence, WET Labs ECO-AFL/FL [mg/m^3]
# name 10 = wetCDOM: Fluorescence, WET Labs CDOM [mg/m^3]
# name 11 = par/sat/log: PAR/Logarithmic, Satlantic [umol photons/m^2/sec]
# name 12 = CStarAt0: Beam Attenuation, WET Labs C-Star [1/m]
# name 13 = CStarTr0: Beam Transmission, WET Labs C-Star [%]
# name 14 = sbeox0ML/L: Oxygen, SBE 43 [ml/l], WS = 2
# name 15 = sbeox1ML/L: Oxygen, SBE 43, 2 [ml/l], WS = 2
# name 16 = sal00: Salinity, Practical [PSU]
# name 17 = sal11: Salinity, Practical, 2 [PSU]
# name 18 = sigma-t00: Density [sigma-t, kg/m^3 ]
# name 19 = sigma-t11: Density, 2 [sigma-t, kg/m^3 ]
# name 20 = oxsatML/L: Oxygen Saturation, Weiss [ml/l]
# name 21 = flag: flag
# span 0 =         37,      30106       
# span 1 =      1.029,    106.013       
# span 2 =    -0.4339,    11.5401       
# span 3 =    -0.4386,    11.5357       
# span 4 =   2.718522,   3.660563       
# span 5 =   2.718079,   3.659939       
# span 6 =     1.8293,     2.4163       
# span 7 =     2.2171,     2.9438       
# span 8 =      7.775,      8.140       
# span 9 =    -0.5714,     0.9853       
# span 10 =    -2.8130,   482.1870      
# span 11 = 1.0715e-01, 1.5498e+02      
# span 12 =    -0.1299,     0.0719      
# span 13 =    98.2190,   103.3012      
# span 14 =     6.0899,     8.2855      
# span 15 =     6.2337,     8.8024      
# span 16 =    32.0018,    32.9521      
# span 17 =    32.0974,    32.9515      
# span 18 =    24.4219,    26.4724      
# span 19 =    24.4213,    26.4721      
# span 20 =    6.22306,    8.25365      
# span 21 = 0.0000e+00, 0.0000e+00      
# interval = scans: 3                   
# start_time = Jul 15 2020 19:08:20 [System UTC, header]
# bad_flag = -9.990e-29
*END*
[from data line 1910]
      18768     34.664     3.2797     3.3040   2.982793   2.983673     2.2978     2.8152      8.072     0.3342     0.3453 9.4992e+00    -0.1173   102.9757     7.9355     8.2747    32.4641    32.4503    25.8367    25.8235    7.52044 0.0000e+00
      18771     34.524     3.2895     3.2943   2.983091   2.982818     2.2970     2.8148      8.072     0.3341     0.3848 9.5986e+00    -0.1173   102.9757     7.9341     8.2789    32.4579    32.4499    25.8309    25.8240    7.51891 0.0000e+00
      18774     34.386     3.2882     3.2926   2.982747   2.982117     2.2962     2.8144      8.072     0.3341     0.3848 9.6990e+00    -0.0972   102.4602     7.9328     8.2820    32.4552    32.4432    25.8289    25.8189    7.51929 0.0000e+00
      18777     34.257     3.2872     3.2806   2.982402   2.980330     2.2974     2.8132      8.072     0.3341     0.3059 9.8118e+00    -0.0770   101.9448     7.9419     8.2825    32.4522    32.4338    25.8265    25.8125    7.51964 0.0000e+00
      18780     34.134     3.2827     3.2625   2.981489   2.978776     2.2974     2.8127      8.072     0.3341   103.5830 9.9258e+00    -0.0774   101.9538     7.9471     8.2886    32.4457    32.4333    25.8218    25.8137    7.52080 0.0000e+00
      18783     34.013     3.2551     3.2602   2.977067   2.978285     2.2966     2.8127      8.072     0.3239   480.8052 1.0030e+01    -0.0774   101.9538     7.9505     8.2945    32.4203    32.4298    25.8040    25.8111    7.52728 0.0000e+00
      18786     33.899     3.1189     3.2243   2.967044   2.975446     2.2970     2.8115      8.072     0.3341   481.1606 1.0146e+01    -0.0774   101.9538     7.9829     8.3057    32.4363    32.4317    25.8286    25.8158    7.55224 0.0000e+00
      18789     33.792     3.1136     3.1843   2.966928   2.973693     2.2974     2.8099      8.072     0.3341   480.9631 1.0252e+01    -0.0770   101.9448     7.9847     8.3133    32.4402    32.4509    25.8323    25.8346    7.55304 0.0000e+00
      18792     33.692     3.0765     3.1701   2.964053   2.972964     2.2974     2.8103      8.072     0.3341   480.9631 1.0348e+01    -0.0770   101.9448     7.9940     8.3264    32.4428    32.4564    25.8376    25.8402    7.55995 0.0000e+00
      18795     33.596     3.0716     3.1552   2.964403   2.970807     2.2966     2.8091      8.072     0.3036   481.0026 1.0444e+01    -0.0795   102.0081     7.9957     8.3351    32.4521    32.4453    25.8453    25.8327    7.56041 0.0000e+00
      18798     33.507     3.0803     3.1263   2.962815   2.969141     2.2974     2.8087      8.072     0.3036   480.9631 1.0504e+01    -0.0802   102.0262     8.0038     8.3497    32.4242    32.4543    25.8224    25.8424    7.56017 0.0000e+00
      18801     33.424     3.0728     3.1276   2.962735   2.969064     2.2978     2.8087      8.074     0.3138   481.0026 1.0565e+01    -0.0802   102.0262     8.0116     8.3593    32.4308    32.4522    25.8283    25.8405    7.56127 0.0000e+00
      18804     33.347     3.0843     3.1377   2.963145   2.969407     2.2974     2.8079      8.072     0.3036   481.0026 1.0602e+01    -0.0802   102.0262     8.0154     8.3655    32.4242    32.4461    25.8221    25.8349    7.55941 0.0000e+00
      18807     33.277     3.0855     3.1587   2.963331   2.970595     2.2970     2.8091      8.072     0.3036   239.4698 1.0639e+01    -0.0802   102.0262     8.0215     8.3808    32.4253    32.4394    25.8228    25.8277    7.55913 0.0000e+00
      18810     33.212     3.1020     3.1643   2.963870   2.970642     2.2974     2.8095      8.072     0.2934    -2.8130 1.0676e+01    -0.0802   102.0262     8.0285     8.3963    32.4152    32.4344    25.8134    25.8232    7.55649 0.0000e+00
      18813     33.149     3.1150     3.1778   2.964307   2.971235     2.2978     2.8087      8.074     0.3036    -2.3787 1.0725e+01    -0.0767   101.9358     8.0381     8.4046    32.4075    32.4280    25.8061    25.8170    7.55442 0.0000e+00
      18816     33.091     3.1317     3.1695   2.964894   2.969800     2.2982     2.8099      8.077     0.3138    -1.7866 1.0763e+01    -0.0460   101.1580     8.0483     8.4245    32.3978    32.4191    25.7969    25.8105    7.55174 0.0000e+00
      18819     33.032     3.1373     3.1615   2.965468   2.968695     2.2990     2.8111      8.077     0.3036    -1.8655 1.0788e+01    -0.0446   101.1219     8.0620     8.4429    32.3992    32.4138    25.7975    25.8070    7.55061 0.0000e+00
      18822     32.971     3.1692     3.1532   2.967281   2.968013     2.3003     2.8107      8.072     0.3036    -1.8655 1.0825e+01    -0.0450   101.1309     8.0689     8.4505    32.3891    32.4140    25.7867    25.8079    7.54508 0.0000e+00
      18825     32.915     3.1693     3.1540   2.967223   2.967807     2.3007     2.8111      8.077     0.3036    -1.8655 1.0875e+01    -0.0450   101.1309     8.0777     8.4589    32.3883    32.4107    25.7860    25.8052    7.54510 0.0000e+00
      18828     32.856     3.1579     3.1466   2.967138   2.966969     2.3015     2.8131      8.077     0.3036    -1.8655 1.0900e+01    -0.0450   101.1309     8.0906     8.4747    32.3988    32.4081    25.7954    25.8038    7.54674 0.0000e+00
      18831     32.799     3.1724     3.1395   2.968388   2.967069     2.3023     2.8152      8.077     0.2934    -1.8655 1.0938e+01    -0.0450   101.1309     8.0959     8.4867    32.3993    32.4164    25.7945    25.8110    7.54395 0.0000e+00
      18834     32.739     3.1808     3.1433   2.968703   2.967757     2.3043     2.8152      8.077     0.2934   375.6725 1.0976e+01    -0.0378   100.9500     8.1054     8.4888    32.3947    32.4209    25.7901    25.8143    7.54259 0.0000e+00
      18837     32.676     3.2098     3.1433   2.970127   2.968255     2.3047     2.8172      8.077     0.3036   481.8712 1.1052e+01    -0.0217   100.5431     8.0999     8.4975    32.3829    32.4270    25.7781    25.8191    7.53772 0.0000e+00
      18840     32.607     3.2325     3.1315   2.971262   2.967360     2.3059     2.8184      8.077     0.3036   480.7658 1.1078e+01    -0.0224   100.5612     8.0954     8.5040    32.3738    32.4281    25.7689    25.8211    7.53388 0.0000e+00
      18843     32.534     3.2046     3.1328   2.970008   2.966692     2.3072     2.8184      8.077     0.3138   481.0026 1.1129e+01    -0.0224   100.5612     8.0971     8.4997    32.3866    32.4187    25.7816    25.8135    7.53850 0.0000e+00
      18846     32.454     3.1929     3.1384   2.970475   2.967428     2.3076     2.8188      8.077     0.5275   480.9631 1.1207e+01    -0.0224   100.5612     8.0927     8.4916    32.4041    32.4220    25.7965    25.8156    7.53984 0.0000e+00
      18849     32.371     3.2786     3.1427   2.978208   2.968490     2.3080     2.8205      8.076     0.5478   481.0026 1.1259e+01    -0.0224   100.5612     8.0688     8.4845    32.4113    32.4306    25.7947    25.8221    7.52330 0.0000e+00
      18852     32.283     3.2834     3.1543   2.975658   2.969621     2.3092     2.8217      8.076     0.5580   481.0026 1.1311e+01    -0.0224   100.5612     8.0673     8.4700    32.3759    32.4326    25.7661    25.8227    7.52418 0.0000e+00
      18855     32.187     3.2307     3.1766   2.973804   2.971210     2.3100     2.8221      8.077     0.5376   481.0026 1.1350e+01    -0.0303   100.7601     8.0786     8.4565    32.4064    32.4294    25.7950    25.8182    7.53257 0.0000e+00
      18858     32.085     3.2818     3.2164   2.977439   2.973632     2.3104     2.8225      8.076     0.5478   480.9631 1.1429e+01    -0.0375   100.9410     8.0698     8.4432    32.3990    32.4188    25.7846    25.8061    7.52331 0.0000e+00
      18861     31.975     3.2831     3.2466   2.976826   2.976482     2.3104     2.8242      8.076     0.5478   481.0026 1.1496e+01    -0.0375   100.9410     8.0738     8.4397    32.3904    32.4229    25.7776    25.8068    7.52350 0.0000e+00
      18864     31.869     3.3285     3.3306   2.982928   2.983423     2.3100     2.8242      8.076     0.5376   481.0026 1.1616e+01    -0.0375   100.9410     8.0667     8.4233    32.4183    32.4221    25.7958    25.7987    7.51356 0.0000e+00
      18867     31.758     3.4164     3.3856   2.989710   2.986390     2.3096     2.8229      8.076     0.5478   481.0026 1.1697e+01    -0.0375   100.9410     8.0541     8.4099    32.4117    32.4028    25.7827    25.7783    7.49739 0.0000e+00
      18870     31.647     3.4340     3.3911   2.990495   2.986382     2.3108     2.8225      8.076     0.5783   481.0026 1.1792e+01    -0.0375   100.9410     8.0657     8.4107    32.4036    32.3972    25.7747    25.7734    7.49451 0.0000e+00
      18873     31.536     3.4649     3.3987   2.993024   2.987365     2.3116     2.8217      8.076     0.6902   481.0026 1.1860e+01    -0.0371   100.9320     8.0676     8.4131    32.4031    32.4015    25.7714    25.7761    7.48875 0.0000e+00
      18876     31.424     3.4960     3.4175   2.995786   2.989972     2.3120     2.8209      8.075     0.6902   481.0026 1.1984e+01    -0.0450   101.1309     8.0695     8.4171    32.4052    32.4140    25.7702    25.7844    7.48285 0.0000e+00
      18879     31.320     3.5369     3.5013   3.000207   2.997698     2.3149     2.8233      8.075     0.6902   481.0026 1.2096e+01    -0.0464   101.1670     8.0813     8.4222    32.4172    32.4228    25.7760    25.7837    7.47462 0.0000e+00
      18882     31.215     3.6590     3.6060   3.012513   3.007889     2.3161     2.8242      8.075     0.6902   481.0026 1.2194e+01    -0.0461   101.1580     8.0664     8.4170    32.4422    32.4400    25.7846    25.7878    7.45070 0.0000e+00
      18885     31.110     3.7438     3.6920   3.016474   3.012508     2.3178     2.8270      8.075     0.6699   321.0730 1.2279e+01    -0.0464   101.1670     8.0623     8.4277    32.4050    32.4094    25.7470    25.7554    7.43687 0.0000e+00
      18888     31.006     3.7379     3.6613   3.017599   3.010170     2.3190     2.8282      8.075     0.6699    -2.8130 1.2407e+01    -0.0461   101.1580     8.0699     8.4591    32.4243    32.4122    25.7629    25.7604    7.43701 0.0000e+00
      18891     30.900     3.8878     3.6947   3.032679   3.013882     2.3206     2.8286      8.074     0.6801    -0.1679 1.2494e+01    -0.0464   101.1670     8.0362     8.4689    32.4541    32.4231    25.7722    25.7660    7.40795 0.0000e+00
      18894     30.796     3.9535     3.6111   3.032250   3.006090     2.3214     2.8307      8.074     0.7004     0.6612 1.2595e+01    -0.0472   101.1851     8.0200     8.5076    32.3839    32.4137    25.7101    25.7664    7.39937 0.0000e+00
      18897     30.692     3.8829     3.6244   3.029477   3.008681     2.3214     2.8327      8.074     0.6496     0.6217 1.2668e+01    -0.0532   101.3389     8.0225     8.5168    32.4212    32.4313    25.7465    25.7792    7.41047 0.0000e+00
      18900     30.593     3.9178     3.7297   3.030643   3.015554     2.3230     2.8355      8.072     0.5681     0.6217 1.2786e+01    -0.0536   101.3479     8.0074     8.5020    32.4004    32.4084    25.7267    25.7510    7.40509 0.0000e+00
      18903     30.498     3.7738     3.7009   3.020653   3.012778     2.3247     2.8380      8.073     0.5783     0.6217 1.2890e+01    -0.0532   101.3389     8.0314     8.5119    32.4251    32.4040    25.7601    25.7502    7.43034 0.0000e+00
      18906     30.407     3.9522     3.8083   3.037410   3.023960     2.3251     2.8400      8.072     0.5783     0.6217 1.2994e+01    -0.0532   101.3389     7.9785     8.4835    32.4464    32.4301    25.7599    25.7608    7.39654 0.0000e+00
      18909     30.316     3.8826     3.8508   3.027300   3.025514     2.3259     2.8425      8.073     0.5783     0.6217 1.3146e+01    -0.0532   101.3389     7.9821     8.4716    32.3960    32.4063    25.7265    25.7378    7.41179 0.0000e+00
      18912     30.231     3.7650     3.7551   3.015301   3.018382     2.3259     2.8433      8.073     0.5885   291.6217 1.3252e+01    -0.0532   101.3389     7.9968     8.4846    32.3705    32.4169    25.7175    25.7554    7.43466 0.0000e+00
      18915     30.152     3.7812     3.6332   3.017334   3.004069     2.3259     2.8453      8.071     0.5783   482.1870 1.3376e+01    -0.0596   101.5016     7.9773     8.5070    32.3785    32.3679    25.7223    25.7278    7.43127 0.0000e+00
      18918     30.077     3.9239     3.4817   3.031185   2.993733     2.3267     2.8461      8.069     0.5681   480.7263 1.3469e+01    -0.0724   101.8272     7.9344     8.5226    32.4010    32.3955    25.7266    25.7638    7.40394 0.0000e+00
      18921     30.012     3.8683     3.4306   3.027981   2.991237     2.3251     2.8465      8.069     0.5885   481.0026 1.3547e+01    -0.0717   101.8091     7.9261     8.5121    32.4183    32.4168    25.7456    25.7854    7.41328 0.0000e+00
      18924     29.950     4.0050     3.5502   3.036455   3.001548     2.3259     2.8478      8.069     0.4766   481.0026 1.3641e+01    -0.0717   101.8091     7.8898     8.4655    32.3831    32.4207    25.7044    25.7775    7.39000 0.0000e+00
      18927     29.897     3.9432     3.6687   3.039828   3.012292     2.3263     2.8482      8.069     0.4155   481.0026 1.3689e+01    -0.0717   101.8091     7.8884     8.4183    32.4841    32.4306    25.7907    25.7744    7.39633 0.0000e+00
      18930     29.852     4.1421     3.8893   3.051810   3.029422     2.3247     2.8478      8.068     0.4359   481.0026 1.3768e+01    -0.0717   101.8091     7.8339     8.3477    32.4283    32.4146    25.7268    25.7407    7.36284 0.0000e+00
      18933     29.814     4.3398     3.9676   3.071268   3.036069     2.3239     2.8478      8.067     0.4359   481.0026 1.3832e+01    -0.0717   101.8091     7.7823     8.3143    32.4613    32.4156    25.7330    25.7339    7.32554 0.0000e+00
      18936     29.785     4.4576     3.9618   3.080405   3.036695     2.3251     2.8478      8.067     0.4257   481.0026 1.3880e+01    -0.0753   101.8995     7.7606     8.3003    32.4520    32.4288    25.7135    25.7449    7.30486 0.0000e+00
      18975     29.755     4.4935     4.1230   3.082857   3.051083     2.3234     2.8441      8.067     0.3138   320.6782 1.3848e+01    -0.0788   101.9900     7.7572     8.2434    32.4453    32.4384    25.7045    25.7363    7.29877 0.0000e+00
      19050     29.675     4.5221     4.5358   3.084492   3.085896     2.3255     2.8364      8.067     0.0899     0.0295 1.3784e+01    -0.0799   102.0171     7.7832     8.1331    32.4363    32.4391    25.6944    25.6952    7.29410 0.0000e+00
      19053     29.585     4.5358     4.5518   3.085297   3.086412     2.3243     2.8368      8.064     0.0797     0.0295 1.3912e+01    -0.0799   102.0171     7.7700     8.1330    32.4323    32.4295    25.6897    25.6859    7.29186 0.0000e+00
      19056     29.496     4.5340     4.5026   3.085228   3.081536     2.3239     2.8368      8.064     0.0289     0.0295 1.4041e+01    -0.0788   101.9900     7.7640     8.1465    32.4332    32.4211    25.6907    25.6844    7.29212 0.0000e+00
      19059     29.407     4.5474     4.5054   3.086414   3.083118     2.3235     2.8359      8.067     0.0492     0.0295 1.4155e+01    -0.0777   101.9629     7.7569     8.1435    32.4340    32.4368    25.6899    25.6965    7.28971 0.0000e+00
      19062     29.324     4.5544     4.5510   3.086623   3.087773     2.3243     2.8368      8.065     0.0289     0.0295 1.4303e+01    -0.0781   101.9719     7.7551     8.1377    32.4296    32.4463    25.6857    25.6992    7.28867 0.0000e+00
      19065     29.246     4.5556     4.5847   3.086846   3.089479     2.3243     2.8364      8.064     0.0289     0.0295 1.4403e+01    -0.0781   101.9719     7.7534     8.1292    32.4310    32.4330    25.6867    25.6852    7.28838 0.0000e+00
      19068     29.173     4.5660     4.5848   3.087114   3.089360     2.3239     2.8355      8.065     0.0187    -0.2468 1.4536e+01    -0.0781   101.9719     7.7495     8.1260    32.4239    32.4316    25.6800    25.6841    7.28687 0.0000e+00
