Datasets/AZMP/TEL210/tel210_2020_010.cnv
* Sea-Bird SBE 9 Data File:
* FileName = C:\CTDDATA\tel210_2020_010.hex
* Software Version Seasave V 7.26.7.110
* Temperature SN = 1697
* Conductivity SN = 4216
* Number of Bytes Per Scan = 30
* Number of Voltage Words = 4
* Number of Scans Averaged by the Deck Unit = 1
* NMEA baud rate = 4800
** VESSEL/TRIP/SEQ STN:  tel210_2020_010
** LATITUDE XX XX.XX: 47 00.00 N
** LONGITUDE XX XX.XX: 050 40.00 W
** SOUNDING DEPTH (M): 0178
** PROBE TYPE: S1146
** CTD NUMBER: 009
** COMMENTS (14 CHAR): FC-08
** BOTTLES:  0
** LEVELS:
** STICKERS:
** VNET: N
** DO2: N
# nquan = 22
# nvalues = 3328                        
# units = specified
# name 0 = scan: Scan Count
# name 1 = prDM: Pressure, Digiquartz [db]
# name 2 = t090C: Temperature [ITS-90, deg C]
# name 3 = t190C: Temperature, 2 [ITS-90, deg C]
# name 4 = c0S/m: Conductivity [S/m]
# name 5 = c1S/m: Conductivity, 2 [S/m]
# name 6 = sbeox0V: Oxygen raw, SBE 43 [V]
# name 7 = sbeox1V: Oxygen raw, SBE 43, 2 [V]
# name 8 = ph: pH
# name 9 = flECO-AFL: Fluorescence, WET Labs ECO-AFL/FL [mg/m^3]
# name 10 = wetCDOM: Fluorescence, WET Labs CDOM [mg/m^3]
# name 11 = par/sat/log: PAR/Logarithmic, Satlantic [umol photons/m^2/sec]
# name 12 = CStarAt0: Beam Attenuation, WET Labs C-Star [1/m]
# name 13 = CStarTr0: Beam Transmission, WET Labs C-Star [%]
# name 14 = sbeox0ML/L: Oxygen, SBE 43 [ml/l], WS = 2
# name 15 = sbeox1ML/L: Oxygen, SBE 43, 2 [ml/l], WS = 2
# name 16 = sal00: Salinity, Practical [PSU]
# name 17 = sal11: Salinity, Practical, 2 [PSU]
# name 18 = sigma-t00: Density [sigma-t, kg/m^3 ]
# name 19 = sigma-t11: Density, 2 [sigma-t, kg/m^3 ]
# name 20 = oxsatML/L: Oxygen Saturation, Weiss [ml/l]
# name 21 = flag: flag
# span 0 =          2,      13121       
# span 1 =      1.275,    171.223       
# span 2 =    -0.3354,    11.2550       
# span 3 =    -0.3408,    11.2504       
# span 4 =   2.729394,   3.632894       
# span 5 =   2.729004,   3.632676       
# span 6 =     1.8009,     2.3955       
# span 7 =     2.1777,     2.9097       
# span 8 =      7.765,      8.122       
# span 9 =    -0.6019,     2.1656       
# span 10 =    -2.8130,   482.1870      
# span 11 = 1.0690e-01, 2.4886e+01      
# span 12 =    -0.1460,     0.1587      
# span 13 =    96.1120,   103.7172      
# span 14 =     6.2596,     8.2280      
# span 15 =     6.1680,     8.7709      
# span 16 =    32.0274,    32.9548      
# span 17 =    32.0456,    32.9546      
# span 18 =    24.4197,    26.4696      
# span 19 =    24.4494,    26.4697      
# span 20 =    6.26259,    8.23182      
# span 21 = 0.0000e+00, 0.0000e+00      
# interval = scans: 3                   
# start_time = Jul 15 2020 21:55:22 [System UTC, header]
# bad_flag = -9.990e-29
*END*
[from data line 791]
       2898     83.809     0.5223     0.5166   2.790147   2.789673     2.0793     2.5323      7.923    -0.5002     8.5570 1.0715e-01    -0.1376   103.5002     7.5389     7.9147    32.8802    32.8802    26.3686    26.3689    8.05013 0.0000e+00
       2901     83.958     0.5213     0.5158   2.790132   2.789638     2.0789     2.5311      7.923    -0.5002     8.5570 1.0715e-01    -0.1383   103.5183     7.5408     7.9099    32.8810    32.8805    26.3692    26.3691    8.05030 0.0000e+00
       2904     84.118     0.5209     0.5156   2.790095   2.789606     2.0797     2.5303      7.920    -0.4900     8.4780 1.0715e-01    -0.1383   103.5183     7.5441     7.9081    32.8809    32.8802    26.3691    26.3689    8.05039 0.0000e+00
       2907     84.285     0.5206     0.5155   2.790101   2.789630     2.0789     2.5307      7.923    -0.4900     8.5175 1.0715e-01    -0.1380   103.5092     7.5409     7.9114    32.8812    32.8805    26.3694    26.3692    8.05044 0.0000e+00
       2910     84.454     0.5204     0.5151   2.790092   2.789595     2.0785     2.5299      7.921    -0.5104     8.5175 1.0715e-01    -0.1383   103.5183     7.5456     7.9107    32.8811    32.8804    26.3694    26.3691    8.05048 0.0000e+00
       2913     84.633     0.5179     0.5125   2.789882   2.789374     2.0777     2.5295      7.921    -0.5104   110.3734 1.0715e-01    -0.1383   103.5183     7.5430     7.9119    32.8810    32.8802    26.3694    26.3691    8.05103 0.0000e+00
       2916     84.818     0.5114     0.5049   2.789322   2.788812     2.0773     2.5295      7.921    -0.5206   480.8052 1.0727e-01    -0.1383   103.5183     7.5416     7.9123    32.8805    32.8809    26.3694    26.3700    8.05242 0.0000e+00
       2919     85.005     0.5020     0.4941   2.788625   2.788021     2.0769     2.5286      7.921    -0.5104   481.0421 1.0715e-01    -0.1373   103.4911     7.5448     7.9098    32.8813    32.8819    26.3706    26.3715    8.05437 0.0000e+00
       2922     85.196     0.4930     0.4852   2.787872   2.787370     2.0769     2.5278      7.920    -0.5104   481.3184 1.0715e-01    -0.1373   103.4911     7.5474     7.9100    32.8811    32.8829    26.3708    26.3727    8.05631 0.0000e+00
       2925     85.387     0.4793     0.4727   2.786853   2.786425     2.0765     2.5274      7.921    -0.5206   481.3579 1.0715e-01    -0.1373   103.4911     7.5482     7.9110    32.8824    32.8838    26.3726    26.3741    8.05916 0.0000e+00
       2928     85.579     0.4694     0.4635   2.786135   2.785718     2.0756     2.5270      7.920    -0.5206   481.3579 1.0715e-01    -0.1376   103.5002     7.5448     7.9110    32.8834    32.8843    26.3740    26.3750    8.06121 0.0000e+00
       2931     85.768     0.4586     0.4540   2.785310   2.784982     2.0756     2.5266      7.918    -0.5206   481.3579 1.0715e-01    -0.1373   103.4911     7.5464     7.9089    32.8841    32.8848    26.3751    26.3759    8.06346 0.0000e+00
       2934     85.954     0.4507     0.4459   2.784728   2.784345     2.0760     2.5262      7.918    -0.5206   481.3579 1.0715e-01    -0.1373   103.4911     7.5496     7.9076    32.8849    32.8850    26.3761    26.3765    8.06511 0.0000e+00
       2937     86.136     0.4479     0.4416   2.784608   2.784063     2.0744     2.5254      7.918    -0.5206   481.3579 1.0715e-01    -0.1373   103.4911     7.5422     7.9043    32.8862    32.8857    26.3774    26.3773    8.06564 0.0000e+00
       2940     86.309     0.4479     0.4404   2.784589   2.783979     2.0748     2.5254      7.918    -0.5206   250.4450 1.0715e-01    -0.1383   103.5183     7.5429     7.9054    32.8858    32.8859    26.3771    26.3775    8.06566 0.0000e+00
       2943     86.479     0.4464     0.4401   2.784482   2.783922     2.0748     2.5250      7.918    -0.5206     1.2928 1.0715e-01    -0.1383   103.5183     7.5431     7.9047    32.8859    32.8853    26.3772    26.3771    8.06597 0.0000e+00
       2946     86.641     0.4448     0.4401   2.784341   2.783912     2.0736     2.5233      7.916    -0.5206     9.8598 1.0715e-01    -0.1383   103.5183     7.5361     7.8961    32.8857    32.8851    26.3772    26.3769    8.06632 0.0000e+00
       2949     86.799     0.4434     0.4383   2.784205   2.783750     2.0740     2.5237      7.918    -0.5206     9.5045 1.0715e-01    -0.1383   103.5183     7.5362     7.8964    32.8854    32.8848    26.3770    26.3768    8.06664 0.0000e+00
       2952     86.948     0.4402     0.4350   2.783906   2.783442     2.0724     2.5229      7.916    -0.5206     9.5045 1.0715e-01    -0.1383   103.5183     7.5265     7.8918    32.8848    32.8843    26.3767    26.3766    8.06735 0.0000e+00
       2955     87.085     0.4357     0.4302   2.783560   2.783104     2.0720     2.5221      7.916    -0.5104     9.4650 1.0715e-01    -0.1383   103.5183     7.5231     7.8905    32.8849    32.8849    26.3770    26.3773    8.06829 0.0000e+00
       2958     87.208     0.4333     0.4276   2.783423   2.782924     2.0720     2.5209      7.913    -0.5206     9.4650 1.0715e-01    -0.1369   103.4821     7.5237     7.8857    32.8857    32.8853    26.3778    26.3777    8.06877 0.0000e+00
       2961     87.318     0.4311     0.4259   2.783179   2.782759     2.0716     2.5213      7.913    -0.5206     9.4255 1.0715e-01    -0.1324   103.3645     7.5227     7.8873    32.8847    32.8849    26.3771    26.3775    8.06928 0.0000e+00
       2964     87.416     0.4282     0.4230   2.782970   2.782528     2.0716     2.5213      7.913    -0.5104     9.4650 1.0715e-01    -0.1327   103.3736     7.5198     7.8881    32.8851    32.8849    26.3775    26.3777    8.06989 0.0000e+00
       2967     87.506     0.4266     0.4213   2.782892   2.782425     2.0708     2.5197      7.913    -0.5308   371.9615 1.0715e-01    -0.1331   103.3826     7.5195     7.8833    32.8858    32.8853    26.3782    26.3781    8.07020 0.0000e+00
       2970     87.582     0.4265     0.4209   2.782890   2.782367     2.0699     2.5189      7.913    -0.5206   482.0291 1.0740e-01    -0.1324   103.3645     7.5155     7.8816    32.8857    32.8849    26.3781    26.3778    8.07021 0.0000e+00
       2973     87.650     0.4259     0.4209   2.782824   2.782390     2.0691     2.5189      7.913    -0.5104   481.0421 1.0727e-01    -0.1320   103.3555     7.5127     7.8797    32.8855    32.8852    26.3779    26.3780    8.07035 0.0000e+00
       2976     87.710     0.4258     0.4208   2.782791   2.782395     2.0695     2.5176      7.913    -0.5104   481.3579 1.0727e-01    -0.1327   103.3736     7.5176     7.8755    32.8852    32.8854    26.3777    26.3781    8.07040 0.0000e+00
       2979     87.759     0.4249     0.4195   2.782751   2.782316     2.0683     2.5180      7.912    -0.5409   481.3579 1.0727e-01    -0.1352   103.4369     7.5099     7.8747    32.8856    32.8856    26.3781    26.3784    8.07057 0.0000e+00
       2982     87.800     0.4245     0.4195   2.782710   2.782285     2.0687     2.5168      7.913    -0.5206   481.3579 1.0727e-01    -0.1383   103.5183     7.5106     7.8672    32.8855    32.8853    26.3780    26.3781    8.07066 0.0000e+00
       2985     87.836     0.4246     0.4197   2.782782   2.782287     2.0675     2.5164      7.912    -0.5206   481.3579 1.0715e-01    -0.1383   103.5183     7.5051     7.8663    32.8863    32.8850    26.3787    26.3779    8.07060 0.0000e+00
       2988     87.870     0.4230     0.4191   2.782655   2.782240     2.0671     2.5160      7.910    -0.5104   481.3579 1.0727e-01    -0.1383   103.5183     7.5007     7.8652    32.8863    32.8851    26.3788    26.3780    8.07094 0.0000e+00
       2991     87.899     0.4208     0.4184   2.782494   2.782187     2.0675     2.5156      7.912    -0.4798   439.3522 1.0715e-01    -0.1383   103.5183     7.5037     7.8647    32.8865    32.8851    26.3791    26.3781    8.07139 0.0000e+00
       2994     87.926     0.4217     0.4169   2.782567   2.782018     2.0659     2.5144      7.909    -0.4900    24.3881 1.0715e-01    -0.1383   103.5183     7.4954     7.8579    32.8865    32.8845    26.3790    26.3777    8.07119 0.0000e+00
       2997     87.950     0.4218     0.4144   2.782534   2.781868     2.0663     2.5140      7.910    -0.4900     5.5566 1.0715e-01    -0.1383   103.5183     7.4942     7.8555    32.8860    32.8852    26.3786    26.3783    8.07121 0.0000e+00
       3001     87.977     0.4207     0.4130   2.782430   2.781784     2.0659     2.5128      7.909    -0.4798     7.0963 1.0715e-01    -0.1383   103.5183     7.4907     7.8504    32.8857    32.8856    26.3784    26.3787    8.07145 0.0000e+00
       3005     88.010     0.4192     0.4133   2.782277   2.781847     2.0647     2.5115      7.910    -0.4900     7.0173 1.0715e-01    -0.1383   103.5183     7.4840     7.8457    32.8853    32.8860    26.3782    26.3791    8.07179 0.0000e+00
       3008     88.035     0.4164     0.4150   2.782051   2.781954     2.0643     2.5128      7.909    -0.5002     7.0173 1.0715e-01    -0.1383   103.5183     7.4820     7.8495    32.8854    32.8856    26.3784    26.3787    8.07239 0.0000e+00
       3011     88.061     0.4157     0.4159   2.782047   2.781976     2.0630     2.5107      7.909    -0.4900     7.0173 1.0715e-01    -0.1383   103.5183     7.4759     7.8400    32.8860    32.8849    26.3789    26.3781    8.07250 0.0000e+00
       3014     88.090     0.4162     0.4149   2.782087   2.781915     2.0630     2.5103      7.909    -0.5104     7.0173 1.0715e-01    -0.1383   103.5183     7.4773     7.8397    32.8860    32.8852    26.3789    26.3783    8.07240 0.0000e+00
       3017     88.124     0.4184     0.4165   2.782230   2.782025     2.0622     2.5091      7.909    -0.5104     6.7015 1.0715e-01    -0.1383   103.5183     7.4750     7.8357    32.8855    32.8849    26.3784    26.3780    8.07196 0.0000e+00
       3020     88.167     0.4191     0.4140   2.782295   2.781799     2.0614     2.5087      7.909    -0.5206     1.4113 1.0715e-01    -0.1383   103.5183     7.4698     7.8357    32.8856    32.8846    26.3784    26.3779    8.07180 0.0000e+00
       3023     88.214     0.4208     0.4121   2.782505   2.781684     2.0618     2.5083      7.909    -0.5104     1.0559 1.0715e-01    -0.1383   103.5183     7.4696     7.8349    32.8865    32.8851    26.3791    26.3784    8.07139 0.0000e+00
       3026     88.265     0.4237     0.4121   2.782731   2.781688     2.0610     2.5079      7.909    -0.5002     1.0954 1.0715e-01    -0.1383   103.5183     7.4670     7.8311    32.8863    32.8851    26.3788    26.3784    8.07078 0.0000e+00
       3029     88.323     0.4216     0.4108   2.782459   2.781583     2.0602     2.5070      7.909    -0.5104     1.0954 1.0715e-01    -0.1387   103.5273     7.4630     7.8259    32.8850    32.8851    26.3778    26.3785    8.07131 0.0000e+00
       3032     88.389     0.4184     0.4090   2.782230   2.781434     2.0598     2.5062      7.909    -0.5206     1.0954 1.0715e-01    -0.1383   103.5183     7.4624     7.8216    32.8854    32.8850    26.3783    26.3785    8.07197 0.0000e+00
       3035     88.463     0.4164     0.4072   2.782093   2.781306     2.0598     2.5054      7.909    -0.5104     1.0954 1.0715e-01    -0.1383   103.5183     7.4616     7.8194    32.8857    32.8853    26.3786    26.3788    8.07237 0.0000e+00
       3038     88.549     0.4159     0.4056   2.782065   2.781211     2.0598     2.5054      7.909    -0.5104     1.0954 1.0715e-01    -0.1383   103.5183     7.4597     7.8171    32.8858    32.8857    26.3788    26.3792    8.07248 0.0000e+00
       3041     88.641     0.4145     0.4046   2.781957   2.781135     2.0585     2.5042      7.909    -0.5206     1.0954 1.0715e-01    -0.1394   103.5454     7.4527     7.8120    32.8858    32.8857    26.3789    26.3793    8.07278 0.0000e+00
       3044     88.742     0.4115     0.4044   2.781688   2.781121     2.0577     2.5042      7.909    -0.5206     1.1349 1.0715e-01    -0.1394   103.5454     7.4489     7.8110    32.8855    32.8856    26.3787    26.3792    8.07343 0.0000e+00
       3047     88.856     0.4078     0.4048   2.781407   2.781174     2.0565     2.5022      7.907    -0.5308     1.3323 1.0715e-01    -0.1394   103.5454     7.4435     7.8021    32.8857    32.8858    26.3791    26.3794    8.07422 0.0000e+00
       3050     88.981     0.4065     0.4040   2.781389   2.781093     2.0569     2.5022      7.907    -0.5206     1.3323 1.0715e-01    -0.1394   103.5454     7.4477     7.8007    32.8868    32.8855    26.3800    26.3792    8.07443 0.0000e+00
       3053     89.114     0.4064     0.4017   2.781391   2.780926     2.0561     2.5022      7.907    -0.5308     1.3323 1.0715e-01    -0.1394   103.5454     7.4456     7.8016    32.8869    32.8857    26.3801    26.3795    8.07445 0.0000e+00
       3056     89.257     0.4056     0.4011   2.781310   2.780905     2.0553     2.4997      7.907    -0.5104     1.3323 1.0715e-01    -0.1394   103.5454     7.4407     7.7916    32.8865    32.8861    26.3799    26.3798    8.07463 0.0000e+00
       3059     89.402     0.4051     0.4007   2.781296   2.780876     2.0549     2.4997      7.906    -0.5308     1.3323 1.0715e-01    -0.1390   103.5364     7.4382     7.7911    32.8868    32.8861    26.3802    26.3798    8.07473 0.0000e+00
       3062     89.556     0.4045     0.4000   2.781227   2.780838     2.0545     2.4989      7.904    -0.5206     1.3323 1.0715e-01    -0.1380   103.5092     7.4360     7.7892    32.8864    32.8861    26.3799    26.3799    8.07487 0.0000e+00
       3065     89.717     0.4043     0.3995   2.781267   2.780815     2.0537     2.4989      7.904    -0.5104     1.3323 1.0715e-01    -0.1383   103.5183     7.4357     7.7907    32.8871    32.8863    26.3804    26.3800    8.07487 0.0000e+00
       3068     89.881     0.4033     0.3980   2.781175   2.780721     2.0537     2.4973      7.904    -0.5206     1.3323 1.0715e-01    -0.1383   103.5183     7.4397     7.7855    32.8869    32.8866    26.3803    26.3804    8.07510 0.0000e+00
       3071     90.053     0.4026     0.3968   2.781114   2.780628     2.0528     2.4973      7.904    -0.5206     3.4642 1.0715e-01    -0.1383   103.5183     7.4360     7.7895    32.8867    32.8865    26.3802    26.3803    8.07526 0.0000e+00
       3074     90.225     0.3992     0.3938   2.780834   2.780369     2.0533     2.4957      7.904    -0.5206     5.4381 1.0715e-01    -0.1380   103.5092     7.4389     7.7846    32.8866    32.8863    26.3803    26.3803    8.07599 0.0000e+00
       3077     90.399     0.3955     0.3900   2.780592   2.780116     2.0524     2.4957      7.904    -0.5308     5.3592 1.0715e-01    -0.1383   103.5183     7.4367     7.7858    32.8873    32.8870    26.3810    26.3811    8.07675 0.0000e+00
       3080     90.576     0.3932     0.3876   2.780467   2.779968     2.0512     2.4944      7.904    -0.5206     5.3592 1.0715e-01    -0.1376   103.5002     7.4324     7.7856    32.8880    32.8874    26.3817    26.3816    8.07720 0.0000e+00
       3083     90.753     0.3908     0.3851   2.780293   2.779831     2.0504     2.4944      7.904    -0.5308     5.3592 1.0715e-01    -0.1383   103.5183     7.4283     7.7874    32.8882    32.8883    26.3820    26.3824    8.07770 0.0000e+00
       3086     90.930     0.3866     0.3809   2.779979   2.779491     2.0496     2.4936      7.902    -0.5206     5.3592 1.0715e-01    -0.1383   103.5183     7.4282     7.7848    32.8885    32.8882    26.3825    26.3826    8.07859 0.0000e+00
       3089     91.109     0.3828     0.3770   2.779719   2.779251     2.0504     2.4928      7.902    -0.5308     5.3592 1.0715e-01    -0.1383   103.5183     7.4315     7.7831    32.8891    32.8891    26.3832    26.3835    8.07937 0.0000e+00
