Datasets/AZMP/TEL210/tel210_2020_058.cnv
* Sea-Bird SBE 9 Data File:
* FileName = C:\CTDDATA\tel210_2020_058.hex
* Software Version Seasave V 7.26.7.110
* Temperature SN = 1697
* Conductivity SN = 4216
* Number of Bytes Per Scan = 30
* Number of Voltage Words = 4
* Number of Scans Averaged by the Deck Unit = 1
* NMEA baud rate = 4800
** VESSEL/TRIP/SEQ STN:  tel210_2020_058
** LATITUDE XX XX.XX: 48 44.00 N
** LONGITUDE XX XX.XX: 052 58.00 W
** SOUNDING DEPTH (M): 0099
** PROBE TYPE: S1146
** CTD NUMBER: 048
** COMMENTS (14 CHAR): BB-01
** BOTTLES:  08
** LEVELS: 5,10,20,30,40,50,75,BTM
** STICKERS: 436106 - 436113
** VNET: Y
** DO2: Y
# nquan = 22
# nvalues = 2326                        
# units = specified
# name 0 = scan: Scan Count
# name 1 = prDM: Pressure, Digiquartz [db]
# name 2 = t090C: Temperature [ITS-90, deg C]
# name 3 = t190C: Temperature, 2 [ITS-90, deg C]
# name 4 = c0S/m: Conductivity [S/m]
# name 5 = c1S/m: Conductivity, 2 [S/m]
# name 6 = sbeox0V: Oxygen raw, SBE 43 [V]
# name 7 = sbeox1V: Oxygen raw, SBE 43, 2 [V]
# name 8 = ph: pH
# name 9 = flECO-AFL: Fluorescence, WET Labs ECO-AFL/FL [mg/m^3]
# name 10 = wetCDOM: Fluorescence, WET Labs CDOM [mg/m^3]
# name 11 = par/sat/log: PAR/Logarithmic, Satlantic [umol photons/m^2/sec]
# name 12 = CStarAt0: Beam Attenuation, WET Labs C-Star [1/m]
# name 13 = CStarTr0: Beam Transmission, WET Labs C-Star [%]
# name 14 = sbeox0ML/L: Oxygen, SBE 43 [ml/l], WS = 2
# name 15 = sbeox1ML/L: Oxygen, SBE 43, 2 [ml/l], WS = 2
# name 16 = sal00: Salinity, Practical [PSU]
# name 17 = sal11: Salinity, Practical, 2 [PSU]
# name 18 = sigma-t00: Density [sigma-t, kg/m^3 ]
# name 19 = sigma-t11: Density, 2 [sigma-t, kg/m^3 ]
# name 20 = oxsatML/L: Oxygen Saturation, Weiss [ml/l]
# name 21 = flag: flag
# span 0 =         98,      27873       
# span 1 =      0.236,     96.166       
# span 2 =    -1.2636,    12.5772       
# span 3 =    -1.2668,    12.5749       
# span 4 =   2.624201,   3.677940       
# span 5 =   2.623912,   3.677659       
# span 6 =     2.0342,     2.5225       
# span 7 =     2.4648,     3.1017       
# span 8 =      7.977,      8.273       
# span 9 =     0.7510,     6.8992       
# span 10 =    -2.8130,   482.1870      
# span 11 = 1.0715e-01, 9.3765e+02      
# span 12 =    -0.1236,     0.0755      
# span 13 =    98.1286,   103.1385      
# span 14 =     6.3240,     8.9729      
# span 15 =     6.3818,     9.4904      
# span 16 =    30.6400,    32.5892      
# span 17 =    29.9929,    32.5889      
# span 18 =    23.1002,    26.2073      
# span 19 =    22.6022,    26.2074      
# span 20 =    6.11412,    8.46253      
# span 21 = 0.0000e+00, 0.0000e+00      
# interval = scans: 3                   
# start_time = Jul 21 2020 20:31:46 [System UTC, header]
# bad_flag = -9.990e-29
*END*
[from data line 1449]
       9047     59.017    -0.6659    -0.6720   2.661909   2.661650     2.1100     2.5663      8.037     0.8886     2.3982 1.1597e+00    -0.1127   102.8581     8.0477     8.4289    32.4725    32.4755    26.0936    26.0963    8.33277 0.0000e+00
       9050     58.952    -0.6657    -0.6721   2.661962   2.661628     2.1100     2.5655      8.037     0.8992     2.8325 1.1651e+00    -0.1131   102.8672     8.0486     8.4253    32.4730    32.4753    26.0940    26.0961    8.33269 0.0000e+00
       9053     58.898    -0.6654    -0.6721   2.661987   2.661622     2.1104     2.5667      8.038     0.8992     2.7535 1.1678e+00    -0.1131   102.8672     8.0522     8.4276    32.4731    32.4754    26.0940    26.0961    8.33262 0.0000e+00
       9056     58.850    -0.6652    -0.6719   2.661979   2.661629     2.1104     2.5667      8.038     0.8992     2.7535 1.1637e+00    -0.1131   102.8672     8.0567     8.4254    32.4727    32.4753    26.0938    26.0960    8.33259 0.0000e+00
       9059     58.809    -0.6655    -0.6724   2.661952   2.661561     2.1100     2.5667      8.038     0.8780     2.7535 1.1732e+00    -0.1131   102.8672     8.0594     8.4251    32.4727    32.4749    26.0938    26.0957    8.33266 0.0000e+00
       9062     58.772    -0.6659    -0.6732   2.661860   2.661520     2.1112     2.5671      8.038     0.8992     2.7535 1.1664e+00    -0.1131   102.8672     8.0641     8.4280    32.4720    32.4752    26.0932    26.0961    8.33280 0.0000e+00
       9065     58.739    -0.6684    -0.6733   2.661493   2.661504     2.1108     2.5679      8.037     0.9203     2.7930 1.1691e+00    -0.1131   102.8672     8.0646     8.4278    32.4697    32.4752    26.0914    26.0960    8.33348 0.0000e+00
       9068     58.710    -0.6703    -0.6742   2.661561   2.661406     2.1100     2.5671      8.039     0.9203     2.7535 1.1746e+00    -0.1127   102.8581     8.0627     8.4242    32.4727    32.4748    26.0939    26.0958    8.33374 0.0000e+00
       9071     58.680    -0.6684    -0.6737   2.661785   2.661461     2.1104     2.5671      8.039     0.9309     2.9904 1.1732e+00    -0.1120   102.8400     8.0644     8.4279    32.4737    32.4750    26.0947    26.0959    8.33326 0.0000e+00
       9075     58.653    -0.6670    -0.6736   2.661777   2.661476     2.1112     2.5675      8.038     0.9203     4.0959 1.1759e+00    -0.1120   102.8400     8.0726     8.4302    32.4720    32.4751    26.0932    26.0960    8.33303 0.0000e+00
       9079     58.620    -0.6678    -0.6752   2.661536   2.661365     2.1121     2.5679      8.039     0.9097     4.0564 1.1773e+00    -0.1120   102.8400     8.0784     8.4350    32.4697    32.4753    26.0914    26.0962    8.33335 0.0000e+00
       9084     58.581    -0.6705    -0.6755   2.661521   2.661321     2.1116     2.5683      8.039     0.9097     4.0564 1.1759e+00    -0.1117   102.8310     8.0766     8.4379    32.4725    32.4751    26.0937    26.0961    8.33381 0.0000e+00
       9087     58.553    -0.6709    -0.6756   2.661606   2.661336     2.1116     2.5679      8.039     0.9309     4.0564 1.1869e+00    -0.1120   102.8400     8.0752     8.4382    32.4741    32.4755    26.0951    26.0963    8.33380 0.0000e+00
       9090     58.522    -0.6701    -0.6751   2.661603   2.661384     2.1125     2.5675      8.039     0.9309     4.0564 1.1855e+00    -0.1127   102.8581     8.0807     8.4387    32.4732    32.4756    26.0943    26.0965    8.33368 0.0000e+00
       9093     58.490    -0.6702    -0.6748   2.661553   2.661404     2.1121     2.5692      8.039     0.9521     4.0564 1.1855e+00    -0.1131   102.8672     8.0771     8.4469    32.4727    32.4755    26.0939    26.0964    8.33373 0.0000e+00
       9096     58.449    -0.6705    -0.6742   2.661551   2.661436     2.1129     2.5692      8.039     0.9627     4.0564 1.1882e+00    -0.1131   102.8672     8.0821     8.4456    32.4729    32.4753    26.0941    26.0962    8.33377 0.0000e+00
       9099     58.405    -0.6705    -0.6743   2.661573   2.661415     2.1133     2.5692      8.039     0.9626     1.2533 1.2006e+00    -0.1131   102.8672     8.0856     8.4438    32.4732    32.4752    26.0944    26.0961    8.33375 0.0000e+00
       9102     58.354    -0.6710    -0.6749   2.661584   2.661321     2.1125     2.5704      8.039     0.9627     0.5822 1.1938e+00    -0.1131   102.8672     8.0838     8.4474    32.4739    32.4746    26.0949    26.0956    8.33382 0.0000e+00
       9105     58.296    -0.6706    -0.6757   2.661566   2.661267     2.1129     2.5700      8.039     0.9521     0.6217 1.2035e+00    -0.1131   102.8672     8.0862     8.4465    32.4733    32.4748    26.0944    26.0958    8.33377 0.0000e+00
       9108     58.230    -0.6706    -0.6757   2.661522   2.661319     2.1133     2.5696      8.039     0.9521     0.6217 1.2118e+00    -0.1124   102.8491     8.0886     8.4445    32.4728    32.4755    26.0940    26.0964    8.33381 0.0000e+00
       9111     58.154    -0.6711    -0.6754   2.661619   2.661347     2.1125     2.5704      8.039     0.9627     0.6217 1.2273e+00    -0.1131   102.8672     8.0839     8.4485    32.4746    32.4756    26.0955    26.0965    8.33380 0.0000e+00
       9114     58.069    -0.6691    -0.6751   2.661838   2.661344     2.1137     2.5704      8.039     0.9732     0.6217 1.2430e+00    -0.1127   102.8581     8.0905     8.4448    32.4755    32.4753    26.0962    26.0962    8.33332 0.0000e+00
       9117     57.978    -0.6675    -0.6749   2.661893   2.661348     2.1141     2.5704      8.039     0.9732     0.6217 1.2502e+00    -0.1131   102.8672     8.0908     8.4434    32.4746    32.4752    26.0954    26.0962    8.33301 0.0000e+00
       9120     57.876    -0.6663    -0.6745   2.661923   2.661370     2.1149     2.5704      8.038     0.9944     0.6217 1.2575e+00    -0.1131   102.8672     8.0933     8.4442    32.4737    32.4752    26.0946    26.0961    8.33278 0.0000e+00
       9123     57.763    -0.6657    -0.6743   2.661917   2.661372     2.1153     2.5704      8.038     0.9838     0.5033 1.2899e+00    -0.1131   102.8672     8.0952     8.4449    32.4731    32.4750    26.0941    26.0960    8.33268 0.0000e+00
       9126     57.645    -0.6650    -0.6747   2.661949   2.661327     2.1149     2.5712      8.038     0.9838    -0.2074 1.2928e+00    -0.1131   102.8672     8.0926     8.4489    32.4728    32.4749    26.0938    26.0959    8.33254 0.0000e+00
       9129     57.520    -0.6646    -0.6740   2.661999   2.661429     2.1145     2.5712      8.038     0.9838    -0.2074 1.3140e+00    -0.1127   102.8581     8.0876     8.4503    32.4731    32.4756    26.0941    26.0964    8.33243 0.0000e+00
       9132     57.389    -0.6641    -0.6718   2.662004   2.661583     2.1145     2.5716      8.038     1.0050    -0.2074 1.3354e+00    -0.1131   102.8672     8.0843     8.4493    32.4728    32.4754    26.0937    26.0961    8.33234 0.0000e+00
       9135     57.255    -0.6638    -0.6709   2.661973   2.661557     2.1153     2.5716      8.038     0.9944    -0.2074 1.3509e+00    -0.1131   102.8672     8.0857     8.4456    32.4721    32.4741    26.0932    26.0951    8.33231 0.0000e+00
       9138     57.115    -0.6638    -0.6718   2.661941   2.661448     2.1161     2.5720      8.038     0.9838    -0.2074 1.3635e+00    -0.1131   102.8672     8.0851     8.4458    32.4717    32.4737    26.0929    26.0948    8.33233 0.0000e+00
       9141     56.974    -0.6643    -0.6734   2.661849   2.661307     2.1149     2.5720      8.038     0.9944    -0.2074 1.3857e+00    -0.1131   102.8672     8.0760     8.4449    32.4711    32.4736    26.0924    26.0948    8.33247 0.0000e+00
       9144     56.827    -0.6653    -0.6744   2.661736   2.661346     2.1157     2.5728      8.038     0.9415    -0.2074 1.4116e+00    -0.1131   102.8672     8.0779     8.4484    32.4708    32.4754    26.0922    26.0962    8.33272 0.0000e+00
       9147     56.682    -0.6665    -0.6704   2.661838   2.661828     2.1153     2.5728      8.038     0.9203    -0.2074 1.4313e+00    -0.1127   102.8581     8.0754     8.4449    32.4736    32.4776    26.0945    26.0979    8.33285 0.0000e+00
       9150     56.538    -0.6635    -0.6629   2.662455   2.662260     2.1161     2.5728      8.038     0.9203    -0.2863 1.4496e+00    -0.1138   102.8853     8.0812     8.4414    32.4787    32.4754    26.0985    26.0958    8.33187 0.0000e+00
       9153     56.397    -0.6578    -0.6600   2.662986   2.662409     2.1157     2.5728      8.038     0.9309    -0.3258 1.4631e+00    -0.1138   102.8853     8.0756     8.4415    32.4797    32.4744    26.0992    26.0949    8.33052 0.0000e+00
       9156     56.256    -0.6510    -0.6550   2.663427   2.662840     2.1157     2.5724      8.038     0.9309    -0.3258 1.4853e+00    -0.1138   102.8853     8.0702     8.4391    32.4784    32.4748    26.0979    26.0951    8.32907 0.0000e+00
       9159     56.117    -0.6441    -0.6494   2.663913   2.663165     2.1165     2.5716      8.038     0.9203    -0.3258 1.5130e+00    -0.1141   102.8943     8.0699     8.4366    32.4776    32.4733    26.0969    26.0937    8.32756 0.0000e+00
       9162     55.979    -0.6380    -0.6452   2.664184   2.663434     2.1161     2.5728      8.038     0.9309    -0.3258 1.5395e+00    -0.1141   102.8943     8.0657     8.4392    32.4748    32.4724    26.0944    26.0928    8.32635 0.0000e+00
       9165     55.851    -0.6316    -0.6359   2.665174   2.664612     2.1161     2.5728      8.038     0.9415    -0.3258 1.5719e+00    -0.1138   102.8853     8.0662     8.4372    32.4813    32.4783    26.0995    26.0972    8.32455 0.0000e+00
       9168     55.729    -0.6174    -0.6131   2.666741   2.666405     2.1157     2.5740      8.038     0.9203    -0.3258 1.5846e+00    -0.1138   102.8853     8.0593     8.4382    32.4871    32.4780    26.1036    26.0961    8.32101 0.0000e+00
       9171     55.614    -0.6030    -0.5954   2.667416   2.667252     2.1161     2.5728      8.038     0.9309    -0.3258 1.5975e+00    -0.1138   102.8853     8.0592     8.4322    32.4807    32.4705    26.0980    26.0893    8.31815 0.0000e+00
       9174     55.507    -0.5932    -0.5889   2.667719   2.667546     2.1169     2.5740      8.038     0.9309    -0.3258 1.5938e+00    -0.1141   102.8943     8.0619     8.4387    32.4744    32.4674    26.0924    26.0866    8.31632 0.0000e+00
       9177     55.406    -0.5859    -0.5816   2.667999   2.667878     2.1161     2.5740      8.038     0.9203     0.8980 1.6161e+00    -0.1141   102.8943     8.0577     8.4414    32.4704    32.4642    26.0889    26.0837    8.31491 0.0000e+00
       9180     55.315    -0.5805    -0.5800   2.668091   2.667871     2.1161     2.5744      8.038     0.9415     1.6087 1.6348e+00    -0.1141   102.8943     8.0568     8.4443    32.4658    32.4623    26.0850    26.0822    8.31395 0.0000e+00
       9183     55.233    -0.5778    -0.5796   2.668108   2.667856     2.1161     2.5749      8.038     0.9203     1.5692 1.6443e+00    -0.1141   102.8943     8.0615     8.4457    32.4632    32.4617    26.0828    26.0817    8.31351 0.0000e+00
       9186     55.160    -0.5756    -0.5808   2.668061   2.667745     2.1165     2.5740      8.038     0.9203     1.5692 1.6463e+00    -0.1141   102.8943     8.0723     8.4409    32.4603    32.4616    26.0804    26.0816    8.31318 0.0000e+00
       9189     55.098    -0.5760    -0.5830   2.667991   2.667547     2.1169     2.5749      8.038     0.9309     1.5692 1.6692e+00    -0.1131   102.8672     8.0798     8.4461    32.4598    32.4614    26.0800    26.0815    8.31329 0.0000e+00
       9192     55.046    -0.5761    -0.5925   2.667953   2.666743     2.1169     2.5753      8.038     0.9097     1.5692 1.6789e+00    -0.1110   102.8129     8.0805     8.4506    32.4595    32.4609    26.0797    26.0814    8.31334 0.0000e+00
       9195     55.007    -0.5760    -0.6032   2.667959   2.666139     2.1173     2.5753      8.038     0.9521     1.5692 1.6731e+00    -0.1110   102.8129     8.0855     8.4534    32.4595    32.4643    26.0797    26.0846    8.31332 0.0000e+00
       9198     54.974    -0.5766    -0.6080   2.667227   2.666020     2.1173     2.5761      8.038     1.0050     1.5692 1.6809e+00    -0.1110   102.8129     8.0901     8.4566    32.4503    32.4678    26.0723    26.0876    8.31397 0.0000e+00
       9208     54.922    -0.5928    -0.6103   2.665991   2.665755     2.1177     2.5773      8.038     0.9838     2.3588 1.6789e+00    -0.1113   102.8219     8.1052     8.4715    32.4511    32.4667    26.0736    26.0869    8.31755 0.0000e+00
       9226     54.838    -0.6128    -0.6186   2.665169   2.665282     2.1198     2.5785      8.043     0.9627     3.9379 1.6945e+00    -0.1124   102.8491     8.1313     8.5012    32.4617    32.4694    26.0829    26.0893    8.32145 0.0000e+00
       9229     54.811    -0.6193    -0.6140   2.664681   2.665622     2.1218     2.5789      8.040     0.9627     3.1088 1.6886e+00    -0.1120   102.8400     8.1459     8.5104    32.4621    32.4690    26.0834    26.0888    8.32287 0.0000e+00
       9232     54.774    -0.6256    -0.6105   2.664183   2.665765     2.1218     2.5793      8.041     0.9521     2.2798 1.7083e+00    -0.1131   102.8672     8.1527     8.5186    32.4622    32.4672    26.0837    26.0872    8.32428 0.0000e+00
       9235     54.727    -0.6314    -0.6127   2.664006   2.665545     2.1222     2.5793      8.040     0.9627     2.2798 1.7102e+00    -0.1131   102.8672     8.1658     8.5269    32.4661    32.4666    26.0871    26.0868    8.32537 0.0000e+00
       9238     54.672    -0.6326    -0.6141   2.664299   2.665242     2.1226     2.5810      8.041     0.9521     2.2798 1.7103e+00    -0.1131   102.8672     8.1747     8.5438    32.4713    32.4641    26.0914    26.0849    8.32533 0.0000e+00
       9241     54.608    -0.6313    -0.6227   2.664464   2.664925     2.1226     2.5814      8.043     0.9521     2.2798 1.7301e+00    -0.1131   102.8672     8.1750     8.5545    32.4722    32.4691    26.0920    26.0893    8.32499 0.0000e+00
       9244     54.532    -0.6283    -0.6260   2.664735   2.664588     2.1238     2.5834      8.043     0.9627     2.2798 1.7442e+00    -0.1131   102.8672     8.1834     8.5711    32.4726    32.4682    26.0923    26.0886    8.32429 0.0000e+00
       9247     54.444    -0.6236    -0.6297   2.665327   2.664418     2.1234     2.5834      8.041     0.9521     2.2798 1.7563e+00    -0.1131   102.8672     8.1826     8.5777    32.4756    32.4699    26.0945    26.0901    8.32308 0.0000e+00
       9250     54.349    -0.6137    -0.6297   2.666320   2.664377     2.1243     2.5854      8.043     0.9732     2.2798 1.7624e+00    -0.1120   102.8400     8.1851     8.5913    32.4783    32.4694    26.0963    26.0898    8.32069 0.0000e+00
       9253     54.244    -0.6036    -0.6266   2.667457   2.664838     2.1259     2.5859      8.043     0.9627     2.2798 1.7809e+00    -0.1099   102.7858     8.1896     8.5942    32.4827    32.4723    26.0996    26.0920    8.31817 0.0000e+00
       9256     54.124    -0.5815    -0.6225   2.669702   2.665099     2.1263     2.5863      8.041     0.9627     0.9375 1.7974e+00    -0.1103   102.7948     8.1894     8.5945    32.4892    32.4715    26.1040    26.0912    8.31284 0.0000e+00
       9259     53.998    -0.5648    -0.6037   2.670193   2.666921     2.1271     2.5879      8.043     0.9627     0.6217 1.8141e+00    -0.1103   102.7948     8.1891     8.5932    32.4779    32.4759    26.0942    26.0940    8.30974 0.0000e+00
       9262     53.868    -0.5491    -0.5883   2.671590   2.667465     2.1275     2.5887      8.041     0.9627     0.6217 1.8374e+00    -0.1103   102.7948     8.1862     8.5873    32.4798    32.4667    26.0951    26.0860    8.30611 0.0000e+00
       9265     53.732    -0.5352    -0.5849   2.671972   2.667654     2.1279     2.5899      8.041     0.9627     0.6217 1.8673e+00    -0.1103   102.7948     8.1841     8.5862    32.4702    32.4656    26.0868    26.0850    8.30357 0.0000e+00
