Datasets/AZMP/TEL210/tel210_2020_008.cnv
* Sea-Bird SBE 9 Data File:
* FileName = C:\CTDDATA\tel210_2020_008.hex
* Software Version Seasave V 7.26.7.110
* Temperature SN = 1697
* Conductivity SN = 4216
* Number of Bytes Per Scan = 30
* Number of Voltage Words = 4
* Number of Scans Averaged by the Deck Unit = 1
* NMEA baud rate = 4800
** VESSEL/TRIP/SEQ STN:  tel210_2020_008
** LATITUDE XX XX.XX: 47 00.00 N
** LONGITUDE XX XX.XX: 051 29.10 W
** SOUNDING DEPTH (M): 0100
** PROBE TYPE: S1146
** CTD NUMBER: 007
** COMMENTS (14 CHAR): FC-06
** BOTTLES:  8
** LEVELS: 5,10,20,30,40,50,75,BTM
** STICKERS: 435789 - 435796
** VNET: Y
** DO2: Y
# nquan = 22
# nvalues = 2149                        
# units = specified
# name 0 = scan: Scan Count
# name 1 = prDM: Pressure, Digiquartz [db]
# name 2 = t090C: Temperature [ITS-90, deg C]
# name 3 = t190C: Temperature, 2 [ITS-90, deg C]
# name 4 = c0S/m: Conductivity [S/m]
# name 5 = c1S/m: Conductivity, 2 [S/m]
# name 6 = sbeox0V: Oxygen raw, SBE 43 [V]
# name 7 = sbeox1V: Oxygen raw, SBE 43, 2 [V]
# name 8 = ph: pH
# name 9 = flECO-AFL: Fluorescence, WET Labs ECO-AFL/FL [mg/m^3]
# name 10 = wetCDOM: Fluorescence, WET Labs CDOM [mg/m^3]
# name 11 = par/sat/log: PAR/Logarithmic, Satlantic [umol photons/m^2/sec]
# name 12 = CStarAt0: Beam Attenuation, WET Labs C-Star [1/m]
# name 13 = CStarTr0: Beam Transmission, WET Labs C-Star [%]
# name 14 = sbeox0ML/L: Oxygen, SBE 43 [ml/l], WS = 2
# name 15 = sbeox1ML/L: Oxygen, SBE 43, 2 [ml/l], WS = 2
# name 16 = sal00: Salinity, Practical [PSU]
# name 17 = sal11: Salinity, Practical, 2 [PSU]
# name 18 = sigma-t00: Density [sigma-t, kg/m^3 ]
# name 19 = sigma-t11: Density, 2 [sigma-t, kg/m^3 ]
# name 20 = oxsatML/L: Oxygen Saturation, Weiss [ml/l]
# name 21 = flag: flag
# span 0 =          2,      27813       
# span 1 =      0.462,     98.586       
# span 2 =     0.2961,    11.7429       
# span 3 =     0.2907,    11.7388       
# span 4 =   2.773661,   3.685897       
# span 5 =   2.773215,   3.685311       
# span 6 =     1.8925,     2.3751       
# span 7 =     2.2991,     2.9796       
# span 8 =      7.783,      8.114       
# span 9 =    -0.5308,     0.6902       
# span 10 =    -2.8130,   482.1870      
# span 11 = 1.0715e-01, 2.1926e+02      
# span 12 =    -0.1120,     2.2314      
# span 13 =    57.2445,   102.8400      
# span 14 =     6.3066,     8.1003      
# span 15 =     6.2273,     8.7684      
# span 16 =    32.0009,    32.9277      
# span 17 =    32.0735,    32.9112      
# span 18 =    24.4388,    26.3967      
# span 19 =    24.4277,    26.3964      
# span 20 =    6.19327,    8.09738      
# span 21 = 0.0000e+00, 0.0000e+00      
# interval = scans: 3                   
# start_time = Jul 15 2020 16:05:42 [System UTC, header]
# bad_flag = -9.990e-29
*END*
[from data line 791]
       2893     78.592     0.5500     0.5440   2.792885   2.792404     1.9311     2.3475      7.840    -0.3985    -0.0494 1.0727e-01    -0.0930   102.3517     6.8881     7.2673    32.8893    32.8894    26.3744    26.3748    8.04376 0.0000e+00
       2896     78.626     0.5499     0.5432   2.792947   2.792377     1.9303     2.3479      7.840    -0.3985     0.1479 1.0715e-01    -0.0912   102.3065     6.8825     7.2673    32.8902    32.8899    26.3751    26.3752    8.04373 0.0000e+00
       2899     78.659     0.5502     0.5432   2.792962   2.792363     1.9307     2.3479      7.840    -0.4087     0.1479 1.0740e-01    -0.0912   102.3065     6.8858     7.2640    32.8901    32.8897    26.3750    26.3751    8.04368 0.0000e+00
       2902     78.695     0.5488     0.5433   2.792870   2.792387     1.9303     2.3479      7.840    -0.3985     0.1479 1.0727e-01    -0.0912   102.3065     6.8865     7.2621    32.8903    32.8899    26.3752    26.3752    8.04395 0.0000e+00
       2905     78.729     0.5485     0.5425   2.792833   2.792298     1.9299     2.3487      7.840    -0.3985     0.1479 1.0727e-01    -0.0909   102.2975     6.8839     7.2627    32.8901    32.8896    26.3751    26.3750    8.04402 0.0000e+00
       2908     78.762     0.5465     0.5427   2.792669   2.792339     1.9307     2.3491      7.840    -0.4087     0.1479 1.0715e-01    -0.0909   102.2975     6.8864     7.2592    32.8901    32.8899    26.3752    26.3753    8.04446 0.0000e+00
       2911     78.801     0.5453     0.5452   2.792560   2.792559     1.9303     2.3491      7.840    -0.3985     0.1479 1.0727e-01    -0.0916   102.3156     6.8823     7.2550    32.8900    32.8901    26.3752    26.3753    8.04472 0.0000e+00
       2914     78.842     0.5439     0.5450   2.792454   2.792471     1.9307     2.3483      7.840    -0.4087     0.1479 1.0715e-01    -0.0905   102.2884     6.8848     7.2508    32.8901    32.8891    26.3753    26.3744    8.04501 0.0000e+00
       2917     78.887     0.5437     0.5430   2.792477   2.792305     1.9307     2.3491      7.840    -0.3985     0.1479 1.0715e-01    -0.0898   102.2703     6.8856     7.2513    32.8906    32.8891    26.3757    26.3745    8.04503 0.0000e+00
       2920     78.936     0.5483     0.5432   2.792949   2.792408     1.9303     2.3479      7.840    -0.4188     0.4243 1.0727e-01    -0.0898   102.2703     6.8838     7.2457    32.8918    32.8901    26.3764    26.3754    8.04399 0.0000e+00
       2923     78.992     0.5494     0.5459   2.792904   2.792609     1.9311     2.3483      7.840    -0.3985     0.8586 1.0727e-01    -0.0898   102.2703     6.8897     7.2474    32.8900    32.8899    26.3749    26.3750    8.04385 0.0000e+00
       2926     79.051     0.5471     0.5470   2.792796   2.792690     1.9303     2.3491      7.839    -0.3985     0.8586 1.0727e-01    -0.0898   102.2703     6.8855     7.2496    32.8910    32.8897    26.3759    26.3749    8.04429 0.0000e+00
       2929     79.120     0.5475     0.5404   2.792812   2.792084     1.9307     2.3483      7.840    -0.3985     0.8586 1.0727e-01    -0.0898   102.2703     6.8833     7.2453    32.8908    32.8889    26.3757    26.3745    8.04421 0.0000e+00
       2932     79.197     0.5486     0.5353   2.792933   2.791771     1.9299     2.3479      7.839    -0.3985     0.8586 1.0715e-01    -0.0898   102.2703     6.8800     7.2449    32.8911    32.8902    26.3759    26.3758    8.04396 0.0000e+00
       2935     79.286     0.5482     0.5338   2.792930   2.791677     1.9303     2.3475      7.840    -0.3883     0.8586 1.0715e-01    -0.0891   102.2522     6.8814     7.2455    32.8914    32.8905    26.3761    26.3762    8.04401 0.0000e+00
       2938     79.384     0.5481     0.5330   2.792812   2.791636     1.9303     2.3479      7.840    -0.4188     0.8586 1.0740e-01    -0.0877   102.2161     6.8787     7.2505    32.8899    32.8907    26.3750    26.3764    8.04413 0.0000e+00
       2941     79.486     0.5412     0.5324   2.792232   2.791597     1.9299     2.3479      7.840    -0.4290     0.8586 1.0715e-01    -0.0877   102.2161     6.8780     7.2529    32.8897    32.8908    26.3752    26.3766    8.04560 0.0000e+00
       2944     79.598     0.5372     0.5313   2.792036   2.791541     1.9307     2.3491      7.839    -0.4290     0.8586 1.0715e-01    -0.0877   102.2161     6.8802     7.2604    32.8914    32.8912    26.3767    26.3769    8.04637 0.0000e+00
       2947     79.724     0.5361     0.5310   2.791993   2.791530     1.9307     2.3491      7.840    -0.4290     0.8586 1.0727e-01    -0.0877   102.2161     6.8810     7.2610    32.8918    32.8912    26.3771    26.3770    8.04656 0.0000e+00
       2950     79.863     0.5354     0.5296   2.791957   2.791369     1.9299     2.3483      7.840    -0.4290     0.8586 1.0727e-01    -0.0877   102.2161     6.8781     7.2606    32.8920    32.8906    26.3773    26.3766    8.04669 0.0000e+00
       2953     80.011     0.5324     0.5265   2.791684   2.791131     1.9295     2.3479      7.839    -0.4290     0.8586 1.0715e-01    -0.0877   102.2161     6.8780     7.2608    32.8916    32.8908    26.3771    26.3768    8.04736 0.0000e+00
       2956     80.168     0.5297     0.5247   2.791494   2.791027     1.9311     2.3479      7.839    -0.4290     0.8586 1.0727e-01    -0.0859   102.1708     6.8867     7.2587    32.8919    32.8912    26.3776    26.3773    8.04791 0.0000e+00
       2959     80.330     0.5282     0.5229   2.791391   2.790897     1.9295     2.3487      7.839    -0.4290     0.8586 1.0715e-01    -0.0856   102.1618     6.8802     7.2600    32.8921    32.8914    26.3778    26.3775    8.04822 0.0000e+00
       2962     80.503     0.5240     0.5177   2.791027   2.790449     1.9299     2.3491      7.839    -0.4188     0.8586 1.0727e-01    -0.0856   102.1618     6.8824     7.2616    32.8918    32.8910    26.3778    26.3775    8.04914 0.0000e+00
       2965     80.681     0.5206     0.5136   2.790801   2.790197     1.9291     2.3487      7.838    -0.4697     0.8586 1.0715e-01    -0.0856   102.1618     6.8779     7.2589    32.8923    32.8920    26.3784    26.3785    8.04982 0.0000e+00
       2968     80.862     0.5186     0.5135   2.790718   2.790234     1.9295     2.3491      7.838    -0.4900     0.8586 1.0715e-01    -0.0856   102.1618     6.8824     7.2593    32.8932    32.8924    26.3793    26.3788    8.05020 0.0000e+00
       2971     81.050     0.5202     0.5155   2.790922   2.790452     1.9299     2.3491      7.839    -0.4900     0.9770 1.0727e-01    -0.0856   102.1618     6.8870     7.2615    32.8941    32.8930    26.3798    26.3792    8.04981 0.0000e+00
       2974     81.241     0.5231     0.5200   2.791156   2.790791     1.9295     2.3491      7.838    -0.4900     2.3983 1.0715e-01    -0.0856   102.1618     6.8889     7.2632    32.8940    32.8926    26.3796    26.3786    8.04920 0.0000e+00
       2977     81.431     0.5226     0.5172   2.791005   2.790534     1.9299     2.3479      7.838    -0.4798     2.5167 1.0715e-01    -0.0884   102.2342     6.8907     7.2601    32.8924    32.8921    26.3783    26.3783    8.04939 0.0000e+00
       2980     81.624     0.5210     0.5169   2.790908   2.790605     1.9295     2.3479      7.838    -0.4798     2.5167 1.0727e-01    -0.0887   102.2432     6.8881     7.2611    32.8928    32.8932    26.3788    26.3793    8.04972 0.0000e+00
       2983     81.819     0.5184     0.5171   2.790697   2.790569     1.9303     2.3487      7.836    -0.4798     2.5167 1.0715e-01    -0.0887   102.2432     6.8956     7.2629    32.8928    32.8924    26.3789    26.3787    8.05028 0.0000e+00
       2986     82.008     0.5167     0.5123   2.790636   2.790226     1.9287     2.3487      7.839    -0.5002     2.5167 1.0715e-01    -0.0884   102.2342     6.8902     7.2649    32.8936    32.8930    26.3796    26.3794    8.05059 0.0000e+00
       2989     82.194     0.5162     0.5112   2.790594   2.790150     1.9299     2.3487      7.836    -0.5104     2.5167 1.0727e-01    -0.0887   102.2432     6.8983     7.2662    32.8935    32.8931    26.3796    26.3795    8.05071 0.0000e+00
       2992     82.371     0.5154     0.5103   2.790573   2.790085     1.9299     2.3483      7.838    -0.4900     2.5167 1.0727e-01    -0.0884   102.2342     6.8952     7.2660    32.8940    32.8930    26.3800    26.3795    8.05084 0.0000e+00
       2995     82.542     0.5143     0.5093   2.790452   2.789947     1.9295     2.3491      7.838    -0.4900     2.5167 1.0727e-01    -0.0877   102.2161     6.8955     7.2709    32.8934    32.8923    26.3796    26.3790    8.05110 0.0000e+00
       2998     82.703     0.5115     0.5058   2.790184   2.789669     1.9307     2.3491      7.838    -0.5002     2.6746 1.0727e-01    -0.0870   102.1980     6.9016     7.2749    32.8929    32.8922    26.3793    26.3791    8.05173 0.0000e+00
       3001     82.855     0.5097     0.5038   2.790016   2.789515     1.9295     2.3499      7.838    -0.5002     3.1089 1.0715e-01    -0.0866   102.1889     6.8958     7.2794    32.8925    32.8922    26.3791    26.3793    8.05213 0.0000e+00
       3004     82.995     0.5081     0.5024   2.789956   2.789450     1.9287     2.3495      7.836    -0.4900     3.1089 1.0727e-01    -0.0866   102.1889     6.8918     7.2769    32.8934    32.8929    26.3799    26.3798    8.05243 0.0000e+00
       3007     83.124     0.5074     0.5030   2.789896   2.789531     1.9299     2.3491      7.838    -0.5002     3.1089 1.0727e-01    -0.0870   102.1980     6.8998     7.2754    32.8932    32.8932    26.3798    26.3801    8.05258 0.0000e+00
       3010     83.242     0.5068     0.5029   2.789847   2.789482     1.9307     2.3491      7.838    -0.4900     3.1089 1.0727e-01    -0.0866   102.1889     6.9057     7.2769    32.8932    32.8926    26.3799    26.3795    8.05272 0.0000e+00
       3013     83.355     0.5062     0.5016   2.789840   2.789378     1.9299     2.3491      7.836    -0.4798     3.1089 1.0715e-01    -0.0873   102.2070     6.8987     7.2762    32.8937    32.8925    26.3802    26.3796    8.05281 0.0000e+00
       3016     83.456     0.5068     0.5013   2.789891   2.789410     1.9295     2.3495      7.838    -0.4697     3.1089 1.0715e-01    -0.0863   102.1799     6.8969     7.2750    32.8937    32.8933    26.3802    26.3802    8.05269 0.0000e+00
       3019     83.543     0.5074     0.5021   2.789903   2.789449     1.9303     2.3491      7.836    -0.4697     3.1089 1.0727e-01    -0.0866   102.1889     6.9029     7.2699    32.8931    32.8928    26.3797    26.3798    8.05259 0.0000e+00
       3022     83.617     0.5059     0.5011   2.789787   2.789311     1.9295     2.3503      7.838    -0.4595     3.1089 1.0727e-01    -0.0866   102.1889     6.9033     7.2735    32.8932    32.8920    26.3799    26.3792    8.05291 0.0000e+00
       3025     83.687     0.5044     0.4989   2.789649   2.789147     1.9299     2.3495      7.838    -0.4493     1.2928 1.0715e-01    -0.0863   102.1799     6.9083     7.2719    32.8929    32.8922    26.3797    26.3795    8.05323 0.0000e+00
       3028     83.748     0.5034     0.4981   2.789612   2.789120     1.9299     2.3499      7.836    -0.4493    -0.1679 1.0715e-01    -0.0859   102.1708     6.9086     7.2766    32.8934    32.8927    26.3802    26.3799    8.05342 0.0000e+00
       3031     83.803     0.5031     0.4975   2.789597   2.789095     1.9303     2.3503      7.838    -0.4493    -0.0889 1.0727e-01    -0.0866   102.1889     6.9081     7.2788    32.8936    32.8930    26.3804    26.3802    8.05349 0.0000e+00
       3034     83.849     0.5023     0.4971   2.789528   2.789051     1.9303     2.3503      7.836    -0.4493    -0.0889 1.0715e-01    -0.0863   102.1799     6.9070     7.2776    32.8935    32.8928    26.3804    26.3801    8.05366 0.0000e+00
       3037     83.889     0.5023     0.4966   2.789516   2.789029     1.9295     2.3499      7.836    -0.4493    -0.0889 1.0727e-01    -0.0873   102.2070     6.9047     7.2746    32.8933    32.8931    26.3802    26.3803    8.05367 0.0000e+00
       3040     83.931     0.5015     0.4965   2.789476   2.789064     1.9303     2.3491      7.838    -0.4595    -0.0889 1.0727e-01    -0.0887   102.2432     6.9053     7.2690    32.8936    32.8935    26.3805    26.3807    8.05382 0.0000e+00
       3043     83.971     0.5018     0.4967   2.789553   2.789013     1.9311     2.3491      7.836    -0.4595    -0.0889 1.0727e-01    -0.0877   102.2161     6.9098     7.2669    32.8943    32.8927    26.3810    26.3800    8.05372 0.0000e+00
       3046     84.010     0.5015     0.4965   2.789475   2.789031     1.9307     2.3499      7.836    -0.4493    -0.0889 1.0715e-01    -0.0884   102.2342     6.9090     7.2682    32.8935    32.8931    26.3804    26.3803    8.05381 0.0000e+00
       3049     84.049     0.5013     0.4968   2.789524   2.789059     1.9307     2.3503      7.836    -0.4493    -0.0889 1.0727e-01    -0.0877   102.2161     6.9073     7.2712    32.8944    32.8932    26.3811    26.3803    8.05382 0.0000e+00
       3052     84.088     0.5018     0.4965   2.789515   2.789018     1.9311     2.3503      7.836    -0.4697    -0.0889 1.0727e-01    -0.0884   102.2342     6.9063     7.2714    32.8938    32.8928    26.3806    26.3801    8.05375 0.0000e+00
       3055     84.128     0.5010     0.4953   2.789449   2.788932     1.9303     2.3503      7.836    -0.4493    -0.0889 1.0727e-01    -0.0873   102.2070     6.9027     7.2697    32.8937    32.8930    26.3806    26.3803    8.05392 0.0000e+00
       3058     84.168     0.5000     0.4941   2.789400   2.788848     1.9299     2.3495      7.836    -0.4595    -0.1284 1.0727e-01    -0.0838   102.1166     6.8988     7.2637    32.8941    32.8933    26.3809    26.3806    8.05411 0.0000e+00
       3061     84.211     0.4988     0.4940   2.789285   2.788866     1.9303     2.3503      7.836    -0.4595    -0.0889 1.0740e-01    -0.0841   102.1256     6.8997     7.2665    32.8939    32.8935    26.3808    26.3808    8.05438 0.0000e+00
       3064     84.261     0.4984     0.4929   2.789263   2.788741     1.9299     2.3491      7.836    -0.4493    -0.0889 1.0727e-01    -0.0834   102.1075     6.8946     7.2609    32.8939    32.8930    26.3809    26.3804    8.05445 0.0000e+00
       3067     84.311     0.4987     0.4926   2.789329   2.788782     1.9311     2.3495      7.836    -0.4595    -0.0889 1.0727e-01    -0.0838   102.1166     6.9032     7.2593    32.8945    32.8938    26.3813    26.3811    8.05437 0.0000e+00
       3070     84.365     0.4989     0.4943   2.789298   2.788923     1.9307     2.3499      7.836    -0.4493    -0.0889 1.0727e-01    -0.0838   102.1166     6.9043     7.2578    32.8939    32.8939    26.3808    26.3810    8.05436 0.0000e+00
       3073     84.422     0.4978     0.4947   2.789252   2.788925     1.9303     2.3503      7.836    -0.4595    -0.1679 1.0740e-01    -0.0838   102.1166     6.9023     7.2577    32.8943    32.8934    26.3813    26.3807    8.05456 0.0000e+00
       3076     84.487     0.4986     0.4934   2.789285   2.788818     1.9303     2.3499      7.836    -0.4595    -0.2074 1.0727e-01    -0.0834   102.1075     6.9020     7.2580    32.8939    32.8934    26.3808    26.3807    8.05441 0.0000e+00
       3079     84.560     0.4976     0.4924   2.789200   2.788742     1.9307     2.3483      7.836    -0.4493    -0.9180 1.0715e-01    -0.0831   102.0985     6.9031     7.2533    32.8939    32.8934    26.3809    26.3808    8.05464 0.0000e+00
       3082     84.640     0.4968     0.4917   2.789175   2.788697     1.9299     2.3483      7.836    -0.4697    -0.9180 1.0740e-01    -0.0834   102.1075     6.8948     7.2545    32.8943    32.8935    26.3813    26.3809    8.05478 0.0000e+00
