Datasets/AZMP/TEL210/tel210_2020_141.cnv
* Sea-Bird SBE 9 Data File:
* FileName = C:\CTDDATA\tel210_2020_141.hex
* Software Version Seasave V 7.26.7.110
* Temperature SN = 1697
* Conductivity SN = 4216
* Number of Bytes Per Scan = 30
* Number of Voltage Words = 4
* Number of Scans Averaged by the Deck Unit = 1
* NMEA baud rate = 4800
** VESSEL/TRIP/SEQ STN:  TEL210_2020_141
** LATITUDE XX XX.XX: 47 44.40 N
** LONGITUDE XX XX.XX: 051 39.00 W
** SOUNDING DEPTH (M): 0160
** PROBE TYPE: S1146
** CTD NUMBER: 082
** COMMENTS (14 CHAR): S27-05
** BOTTLES:  10
** LEVELS: 5,10,20,30,40,50,75,100,150,BTM
** STICKERS: 436368 - 436377
** VNET: Y
** DO2: N
# nquan = 22
# nvalues = 3353                        
# units = specified
# name 0 = scan: Scan Count
# name 1 = prDM: Pressure, Digiquartz [db]
# name 2 = t090C: Temperature [ITS-90, deg C]
# name 3 = t190C: Temperature, 2 [ITS-90, deg C]
# name 4 = c0S/m: Conductivity [S/m]
# name 5 = c1S/m: Conductivity, 2 [S/m]
# name 6 = sbeox0V: Oxygen raw, SBE 43 [V]
# name 7 = sbeox1V: Oxygen raw, SBE 43, 2 [V]
# name 8 = ph: pH
# name 9 = flECO-AFL: Fluorescence, WET Labs ECO-AFL/FL [mg/m^3]
# name 10 = wetCDOM: Fluorescence, WET Labs CDOM [mg/m^3]
# name 11 = par/sat/log: PAR/Logarithmic, Satlantic [umol photons/m^2/sec]
# name 12 = CStarAt0: Beam Attenuation, WET Labs C-Star [1/m]
# name 13 = CStarTr0: Beam Transmission, WET Labs C-Star [%]
# name 14 = sbeox0ML/L: Oxygen, SBE 43 [ml/l], WS = 2
# name 15 = sbeox1ML/L: Oxygen, SBE 43, 2 [ml/l], WS = 2
# name 16 = sal00: Salinity, Practical [PSU]
# name 17 = sal11: Salinity, Practical, 2 [PSU]
# name 18 = sigma-t00: Density [sigma-t, kg/m^3 ]
# name 19 = sigma-t11: Density, 2 [sigma-t, kg/m^3 ]
# name 20 = oxsatML/L: Oxygen Saturation, Weiss [ml/l]
# name 21 = flag: flag
# span 0 =         30,      37452       
# span 1 =      0.383,    158.500       
# span 2 =    -1.5640,    13.3881       
# span 3 =    -1.5699,    13.3838       
# span 4 =   2.606735,   3.766641       
# span 5 =   2.606162,   3.765900       
# span 6 =     1.7015,     2.4824       
# span 7 =     2.0263,     2.9860       
# span 8 =      7.764,      8.201       
# span 9 =     0.6770,     2.8040       
# span 10 =    -2.8130,   482.1870      
# span 11 = 1.0678e-01, 6.2989e-01      
# span 12 =    -0.1477,     0.3329      
# span 13 =    92.0154,   103.7624      
# span 14 =     5.8620,     8.6294      
# span 15 =     6.0573,     9.0300      
# span 16 =    30.6970,    33.5849      
# span 17 =    30.9930,    33.5868      
# span 18 =    22.9886,    26.9443      
# span 19 =    23.2181,    26.9483      
# span 20 =    6.00504,    8.52515      
# span 21 = 0.0000e+00, 0.0000e+00      
# interval = scans: 3                   
# start_time = Jul 30 2020 23:34:04 [System UTC, header]
# bad_flag = -9.990e-29
*END*
[from data line 2239]
      15368     97.695    -1.5222    -1.5272   2.614106   2.613696     2.0211     2.4327      7.925     0.7616     2.7535 1.0740e-01    -0.1470   103.7443     7.8388     8.1036    32.7297    32.7296    26.3286    26.3287    8.51428 0.0000e+00
      15371     97.617    -1.5225    -1.5274   2.614096   2.613670     2.0207     2.4335      7.925     0.7616     3.2668 1.0715e-01    -0.1474   103.7534     7.8370     8.1061    32.7300    32.7295    26.3289    26.3286    8.51434 0.0000e+00
      15374     97.546    -1.5224    -1.5276   2.614078   2.613634     2.0207     2.4339      7.925     0.7616     3.3457 1.0715e-01    -0.1474   103.7534     7.8361     8.1071    32.7297    32.7293    26.3286    26.3284    8.51434 0.0000e+00
      15377     97.481    -1.5227    -1.5276   2.614051   2.613614     2.0199     2.4335      7.925     0.7405     3.3457 1.0727e-01    -0.1474   103.7534     7.8287     8.1062    32.7297    32.7291    26.3286    26.3283    8.51440 0.0000e+00
      15380     97.421    -1.5227    -1.5278   2.613999   2.613577     2.0207     2.4347      7.925     0.7510     3.3457 1.0727e-01    -0.1477   103.7624     7.8331     8.1120    32.7290    32.7288    26.3280    26.3280    8.51445 0.0000e+00
      15383     97.366    -1.5228    -1.5280   2.613964   2.613530     2.0211     2.4331      7.925     0.7510     3.3457 1.0740e-01    -0.1470   103.7443     7.8332     8.1067    32.7288    32.7285    26.3278    26.3277    8.51450 0.0000e+00
      15386     97.318    -1.5230    -1.5281   2.613981   2.613508     2.0215     2.4331      7.925     0.7510     3.3457 1.0740e-01    -0.1467   103.7353     7.8353     8.1074    32.7291    32.7282    26.3281    26.3275    8.51450 0.0000e+00
      15389     97.276    -1.5234    -1.5282   2.613911   2.613463     2.0207     2.4339      7.925     0.7510     3.3457 1.0740e-01    -0.1467   103.7353     7.8326     8.1128    32.7286    32.7277    26.3277    26.3272    8.51463 0.0000e+00
      15392     97.241    -1.5236    -1.5285   2.613888   2.613455     2.0207     2.4339      7.925     0.7510     3.3457 1.0727e-01    -0.1470   103.7443     7.8353     8.1085    32.7285    32.7281    26.3277    26.3274    8.51468 0.0000e+00
      15395     97.215    -1.5233    -1.5285   2.613921   2.613461     2.0207     2.4339      7.925     0.7405     2.9509 1.0727e-01    -0.1467   103.7353     7.8373     8.1032    32.7287    32.7281    26.3278    26.3275    8.51460 0.0000e+00
      15436     97.146    -1.5230    -1.5272   2.613949   2.613696     2.0207     2.4339      7.925     0.7299    -0.3653 1.0727e-01    -0.1474   103.7534     7.8358     8.1132    32.7288    32.7299    26.3279    26.3289    8.51453 0.0000e+00
      15439     97.113    -1.5226    -1.5271   2.614114   2.613669     2.0199     2.4339      7.925     0.7299    -0.3653 1.0727e-01    -0.1477   103.7624     7.8303     8.1151    32.7307    32.7295    26.3294    26.3285    8.51433 0.0000e+00
      15442     97.073    -1.5216    -1.5268   2.614119   2.613704     2.0211     2.4335      7.925     0.7616    -0.3258 1.0715e-01    -0.1474   103.7534     7.8374     8.1113    32.7297    32.7296    26.3286    26.3287    8.51415 0.0000e+00
      15445     97.020    -1.5213    -1.5268   2.614196   2.613729     2.0223     2.4339      7.925     0.7510    -0.3258 1.0727e-01    -0.1470   103.7443     7.8450     8.1097    32.7304    32.7300    26.3291    26.3290    8.51403 0.0000e+00
      15448     96.958    -1.5209    -1.5267   2.614188   2.613694     2.0207     2.4351      7.925     0.7510     0.1874 1.0715e-01    -0.1467   103.7353     7.8369     8.1142    32.7300    32.7295    26.3287    26.3286    8.51398 0.0000e+00
      15451     96.886    -1.5216    -1.5267   2.613999   2.613727     2.0207     2.4339      7.925     0.7405     1.3323 1.0740e-01    -0.1467   103.7353     7.8385     8.1079    32.7281    32.7300    26.3273    26.3290    8.51424 0.0000e+00
      15454     96.797    -1.5224    -1.5264   2.613912   2.613716     2.0219     2.4339      7.925     0.7510     1.3323 1.0715e-01    -0.1467   103.7353     7.8476     8.1041    32.7279    32.7295    26.3271    26.3286    8.51444 0.0000e+00
      15457     96.697    -1.5232    -1.5270   2.613852   2.613587     2.0211     2.4331      7.925     0.7510     1.3323 1.0727e-01    -0.1467   103.7353     7.8412     8.0986    32.7280    32.7285    26.3273    26.3277    8.51463 0.0000e+00
      15460     96.590    -1.5231    -1.5277   2.613800   2.613451     2.0207     2.4343      7.925     0.7616     1.3323 1.0715e-01    -0.1467   103.7353     7.8346     8.1045    32.7273    32.7275    26.3266    26.3269    8.51465 0.0000e+00
      15463     96.472    -1.5236    -1.5280   2.613722   2.613434     2.0203     2.4343      7.925     0.7299     1.3323 1.0727e-01    -0.1470   103.7443     7.8310     8.1062    32.7268    32.7276    26.3262    26.3270    8.51479 0.0000e+00
      15466     96.336    -1.5227    -1.5281   2.613770   2.613405     2.0211     2.4339      7.925     0.7299     1.3323 1.0727e-01    -0.1463   103.7263     7.8317     8.1017    32.7266    32.7274    26.3261    26.3269    8.51460 0.0000e+00
      15469     96.196    -1.5220    -1.5279   2.613912   2.613337     2.0211     2.4339      7.925     0.7193     1.3323 1.0727e-01    -0.1467   103.7353     7.8350     8.1002    32.7278    32.7264    26.3271    26.3260    8.51436 0.0000e+00
      15472     96.046    -1.5215    -1.5269   2.613875   2.613349     2.0211     2.4339      7.925     0.7299     1.3323 1.0715e-01    -0.1467   103.7353     7.8400     8.1011    32.7268    32.7255    26.3263    26.3253    8.51430 0.0000e+00
      15475     95.885    -1.5209    -1.5262   2.613837   2.613363     2.0215     2.4331      7.925     0.7299     1.5297 1.0715e-01    -0.1467   103.7353     7.8420     8.0987    32.7257    32.7250    26.3253    26.3249    8.51422 0.0000e+00
      15478     95.717    -1.5207    -1.5260   2.613808   2.613355     2.0211     2.4331      7.925     0.7299     1.6876 1.0727e-01    -0.1467   103.7353     7.8431     8.0996    32.7252    32.7248    26.3249    26.3248    8.51420 0.0000e+00
      15481     95.546    -1.5205    -1.5261   2.613836   2.613393     2.0211     2.4339      7.925     0.7193     1.6876 1.0715e-01    -0.1467   103.7353     7.8457     8.1045    32.7256    32.7255    26.3251    26.3253    8.51414 0.0000e+00
      15484     95.375    -1.5208    -1.5261   2.613675   2.613395     2.0207     2.4343      7.925     0.7299     1.6876 1.0727e-01    -0.1467   103.7353     7.8460     8.1070    32.7237    32.7256    26.3236    26.3254    8.51431 0.0000e+00
      15487     95.203    -1.5238    -1.5265   2.613100   2.613295     2.0211     2.4339      7.925     0.7299     1.6876 1.0715e-01    -0.1467   103.7353     7.8464     8.1106    32.7192    32.7248    26.3201    26.3247    8.51528 0.0000e+00
      15490     95.024    -1.5258    -1.5283   2.612882   2.612720     2.0211     2.4331      7.925     0.7405     1.6876 1.0727e-01    -0.1470   103.7443     7.8435     8.1094    32.7185    32.7190    26.3195    26.3201    8.51578 0.0000e+00
      15493     94.836    -1.5295    -1.5316   2.612253   2.612132     2.0219     2.4339      7.925     0.7616     1.6876 1.0715e-01    -0.1470   103.7443     7.8491     8.1146    32.7140    32.7147    26.3161    26.3166    8.51693 0.0000e+00
      15496     94.652    -1.5332    -1.5363   2.611987   2.611655     2.0215     2.4335      7.925     0.7616     1.6876 1.0727e-01    -0.1470   103.7443     7.8490     8.1153    32.7145    32.7134    26.3166    26.3156    8.51775 0.0000e+00
      15499     94.468    -1.5340    -1.5385   2.611905   2.611533     2.0219     2.4335      7.925     0.7405     1.6876 1.0740e-01    -0.1474   103.7534     7.8508     8.1180    32.7144    32.7143    26.3165    26.3165    8.51796 0.0000e+00
      15502     94.292    -1.5342    -1.5392   2.611837   2.611423     2.0219     2.4339      7.925     0.7510     2.0824 1.0727e-01    -0.1470   103.7443     7.8497     8.1196    32.7138    32.7136    26.3160    26.3159    8.51803 0.0000e+00
      15505     94.120    -1.5348    -1.5397   2.611694   2.611256     2.0219     2.4347      7.925     0.7510     2.1614 1.0727e-01    -0.1474   103.7534     7.8491     8.1222    32.7126    32.7119    26.3151    26.3146    8.51825 0.0000e+00
      15508     93.954    -1.5376    -1.5417   2.611288   2.610904     2.0223     2.4347      7.925     0.7616     2.1614 1.0727e-01    -0.1470   103.7443     7.8501     8.1245    32.7102    32.7094    26.3131    26.3126    8.51904 0.0000e+00
      15511     93.792    -1.5402    -1.5446   2.611067   2.610661     2.0211     2.4347      7.925     0.7510     2.1614 1.0727e-01    -0.1477   103.7624     7.8423     8.1286    32.7101    32.7093    26.3131    26.3125    8.51965 0.0000e+00
      15514     93.633    -1.5413    -1.5461   2.610991   2.610577     2.0215     2.4339      7.925     0.7510     2.1614 1.0715e-01    -0.1474   103.7534     7.8413     8.1255    32.7103    32.7099    26.3133    26.3131    8.51989 0.0000e+00
      15517     93.482    -1.5415    -1.5465   2.610969   2.610579     2.0219     2.4343      7.925     0.7299     2.1614 1.0727e-01    -0.1477   103.7624     7.8406     8.1291    32.7104    32.7105    26.3133    26.3136    8.51994 0.0000e+00
      15520     93.340    -1.5412    -1.5464   2.610997   2.610568     2.0223     2.4343      7.925     0.7299     2.1614 1.0727e-01    -0.1477   103.7624     7.8428     8.1284    32.7105    32.7104    26.3135    26.3135    8.51986 0.0000e+00
      15523     93.203    -1.5416    -1.5467   2.610886   2.610547     2.0215     2.4351      7.925     0.7299     2.1614 1.0715e-01    -0.1477   103.7624     7.8387     8.1279    32.7095    32.7104    26.3127    26.3135    8.52003 0.0000e+00
      15526     93.076    -1.5422    -1.5466   2.610856   2.610493     2.0215     2.4347      7.925     0.7299     2.2798 1.0715e-01    -0.1477   103.7624     7.8411     8.1235    32.7098    32.7096    26.3129    26.3129    8.52014 0.0000e+00
      15529     92.958    -1.5431    -1.5479   2.610697   2.610289     2.0223     2.4351      7.925     0.7299     2.9904 1.0727e-01    -0.1467   103.7353     7.8450     8.1241    32.7087    32.7084    26.3120    26.3119    8.52042 0.0000e+00
      15532     92.850    -1.5435    -1.5488   2.610721   2.610264     2.0219     2.4351      7.925     0.7299     2.9904 1.0727e-01    -0.1470   103.7443     7.8460     8.1242    32.7096    32.7090    26.3128    26.3124    8.52047 0.0000e+00
      15535     92.747    -1.5437    -1.5486   2.610715   2.610285     2.0219     2.4351      7.925     0.7299     2.9904 1.0715e-01    -0.1474   103.7534     7.8480     8.1251    32.7098    32.7092    26.3129    26.3126    8.52050 0.0000e+00
      15538     92.655    -1.5437    -1.5488   2.610746   2.610303     2.0215     2.4359      7.925     0.7193     2.9904 1.0740e-01    -0.1470   103.7443     7.8433     8.1301    32.7102    32.7097    26.3133    26.3130    8.52047 0.0000e+00
      15541     92.578    -1.5434    -1.5486   2.610730   2.610363     2.0215     2.4359      7.925     0.7405     2.9904 1.0740e-01    -0.1474   103.7534     7.8424     8.1283    32.7097    32.7104    26.3129    26.3135    8.52043 0.0000e+00
      15544     92.508    -1.5433    -1.5469   2.610716   2.610858     2.0215     2.4351      7.925     0.7510     2.9904 1.0727e-01    -0.1474   103.7534     7.8437     8.1216    32.7095    32.7154    26.3127    26.3176    8.52042 0.0000e+00
      15547     92.446    -1.5439    -1.5426   2.610759   2.611266     2.0223     2.4351      7.925     0.7510     2.9904 1.0715e-01    -0.1470   103.7443     7.8506     8.1170    32.7107    32.7162    26.3137    26.3182    8.52048 0.0000e+00
      15550     92.389    -1.5430    -1.5416   2.610973   2.611119     2.0223     2.4351      7.925     0.7405     2.9904 1.0740e-01    -0.1467   103.7353     7.8525     8.1163    32.7128    32.7132    26.3153    26.3157    8.52016 0.0000e+00
      15553     92.338    -1.5417    -1.5429   2.611048   2.611031     2.0219     2.4351      7.925     0.7510     2.3193 1.0727e-01    -0.1467   103.7353     7.8501     8.1146    32.7124    32.7135    26.3150    26.3159    8.51987 0.0000e+00
      15556     92.290    -1.5413    -1.5420   2.611053   2.611107     2.0223     2.4355      7.925     0.7616     1.3718 1.0740e-01    -0.1467   103.7353     7.8525     8.1149    32.7120    32.7135    26.3147    26.3159    8.51980 0.0000e+00
      15559     92.248    -1.5412    -1.5434   2.611033   2.610839     2.0223     2.4359      7.925     0.7616     1.4507 1.0715e-01    -0.1467   103.7353     7.8507     8.1146    32.7116    32.7113    26.3144    26.3142    8.51979 0.0000e+00
      15562     92.210    -1.5405    -1.5426   2.611114   2.611129     2.0219     2.4363      7.925     0.7405     1.4507 1.0727e-01    -0.1467   103.7353     7.8477     8.1160    32.7121    32.7146    26.3147    26.3168    8.51961 0.0000e+00
      15565     92.171    -1.5401    -1.5411   2.611101   2.611260     2.0219     2.4359      7.925     0.7510     1.4507 1.0727e-01    -0.1467   103.7353     7.8469     8.1153    32.7115    32.7147    26.3142    26.3169    8.51956 0.0000e+00
      15568     92.129    -1.5405    -1.5404   2.611041   2.611309     2.0223     2.4351      7.925     0.7299     1.4507 1.0727e-01    -0.1467   103.7353     7.8477     8.1134    32.7110    32.7146    26.3139    26.3168    8.51966 0.0000e+00
      15571     92.083    -1.5402    -1.5410   2.611149   2.611090     2.0227     2.4351      7.925     0.7193     1.4507 1.0727e-01    -0.1474   103.7534     7.8466     8.1149    32.7123    32.7124    26.3149    26.3150    8.51953 0.0000e+00
      15574     92.042    -1.5406    -1.5428   2.611067   2.610984     2.0231     2.4355      7.925     0.7193     1.4507 1.0740e-01    -0.1474   103.7534     7.8511     8.1178    32.7116    32.7128    26.3143    26.3154    8.51965 0.0000e+00
      15577     91.995    -1.5414    -1.5423   2.610992   2.611103     2.0223     2.4359      7.925     0.7299     1.4507 1.0740e-01    -0.1474   103.7534     7.8468     8.1195    32.7115    32.7140    26.3143    26.3163    8.51985 0.0000e+00
      15580     91.948    -1.5405    -1.5412   2.611190   2.611228     2.0223     2.4351      7.925     0.7299     1.7666 1.0727e-01    -0.1470   103.7443     7.8487     8.1141    32.7132    32.7146    26.3156    26.3168    8.51954 0.0000e+00
      15583     91.893    -1.5397    -1.5408   2.611227   2.611269     2.0219     2.4351      7.925     0.7299     1.9245 1.0727e-01    -0.1474   103.7534     7.8459     8.1110    32.7129    32.7147    26.3154    26.3168    8.51938 0.0000e+00
      15586     91.834    -1.5393    -1.5408   2.611091   2.611217     2.0223     2.4359      7.925     0.7299     1.9245 1.0727e-01    -0.1477   103.7624     7.8462     8.1162    32.7107    32.7140    26.3135    26.3163    8.51942 0.0000e+00
      15589     91.768    -1.5410    -1.5414   2.610741   2.611129     2.0231     2.4351      7.925     0.7299     1.9245 1.0715e-01    -0.1470   103.7443     7.8493     8.1118    32.7077    32.7134    26.3112    26.3159    8.51998 0.0000e+00
      15592     91.699    -1.5431    -1.5419   2.610723   2.611087     2.0219     2.4363      7.925     0.7193     1.9245 1.0740e-01    -0.1477   103.7624     7.8428     8.1160    32.7098    32.7135    26.3129    26.3159    8.52035 0.0000e+00
      15595     91.625    -1.5429    -1.5422   2.610795   2.611065     2.0223     2.4363      7.925     0.7405     1.9245 1.0740e-01    -0.1477   103.7624     7.8467     8.1144    32.7106    32.7135    26.3136    26.3160    8.52025 0.0000e+00
      15598     91.546    -1.5425    -1.5421   2.610742   2.611059     2.0231     2.4363      7.925     0.7405     1.9245 1.0740e-01    -0.1477   103.7624     7.8540     8.1122    32.7095    32.7134    26.3127    26.3158    8.52023 0.0000e+00
