Datasets/AZMP/TEL210/tel210_2020_024.cnv
* Sea-Bird SBE 9 Data File:
* FileName = C:\CTDDATA\tel210_2020_024.hex
* Software Version Seasave V 7.26.7.110
* Temperature SN = 1697
* Conductivity SN = 4216
* Number of Bytes Per Scan = 30
* Number of Voltage Words = 4
* Number of Scans Averaged by the Deck Unit = 1
* NMEA baud rate = 4800
** VESSEL/TRIP/SEQ STN:  tel210_2020_024
** LATITUDE XX XX.XX: 47 00.00 N
** LONGITUDE XX XX.XX: 045 43.80 W
** SOUNDING DEPTH (M): 0276
** PROBE TYPE: S1146
** CTD NUMBER: 023
** COMMENTS (14 CHAR): FC-22
** BOTTLES:  0
** LEVELS:
** STICKERS:
** VNET: N
** DO2: N
# nquan = 22
# nvalues = 5725                        
# units = specified
# name 0 = scan: Scan Count
# name 1 = prDM: Pressure, Digiquartz [db]
# name 2 = t090C: Temperature [ITS-90, deg C]
# name 3 = t190C: Temperature, 2 [ITS-90, deg C]
# name 4 = c0S/m: Conductivity [S/m]
# name 5 = c1S/m: Conductivity, 2 [S/m]
# name 6 = sbeox0V: Oxygen raw, SBE 43 [V]
# name 7 = sbeox1V: Oxygen raw, SBE 43, 2 [V]
# name 8 = ph: pH
# name 9 = flECO-AFL: Fluorescence, WET Labs ECO-AFL/FL [mg/m^3]
# name 10 = wetCDOM: Fluorescence, WET Labs CDOM [mg/m^3]
# name 11 = par/sat/log: PAR/Logarithmic, Satlantic [umol photons/m^2/sec]
# name 12 = CStarAt0: Beam Attenuation, WET Labs C-Star [1/m]
# name 13 = CStarTr0: Beam Transmission, WET Labs C-Star [%]
# name 14 = sbeox0ML/L: Oxygen, SBE 43 [ml/l], WS = 2
# name 15 = sbeox1ML/L: Oxygen, SBE 43, 2 [ml/l], WS = 2
# name 16 = sal00: Salinity, Practical [PSU]
# name 17 = sal11: Salinity, Practical, 2 [PSU]
# name 18 = sigma-t00: Density [sigma-t, kg/m^3 ]
# name 19 = sigma-t11: Density, 2 [sigma-t, kg/m^3 ]
# name 20 = oxsatML/L: Oxygen Saturation, Weiss [ml/l]
# name 21 = flag: flag
# span 0 =         89,      18479       
# span 1 =      0.801,    278.674       
# span 2 =     3.6695,    11.4536       
# span 3 =     3.6645,    11.4495       
# span 4 =   3.184470,   3.779646       
# span 5 =   3.183908,   3.779023       
# span 6 =     1.6576,     2.4251       
# span 7 =     1.9827,     2.9658       
# span 8 =      7.891,      8.221       
# span 9 =    -0.6325,     5.7269       
# span 10 =    -2.8130,   482.1870      
# span 11 = 1.0703e-01, 1.0186e+02      
# span 12 =    -0.1289,     0.2373      
# span 13 =    94.2400,   103.2741      
# span 14 =     5.0538,     7.8004      
# span 15 =     5.2712,     8.2498      
# span 16 =    33.3288,    34.8730      
# span 17 =    33.3290,    34.8719      
# span 18 =    25.3942,    27.6514      
# span 19 =    25.3944,    27.6510      
# span 20 =    6.18635,    7.34967      
# span 21 = 0.0000e+00, 0.0000e+00      
# interval = scans: 3                   
# start_time = Jul 17 2020 21:04:14 [System UTC, header]
# bad_flag = -9.990e-29
*END*
[from data line 396]
       1423     41.502     5.8049     5.7992   3.335739   3.334963     2.4046     2.9459      8.214     4.9332    12.3470 2.5811e+00     0.2178    94.7012     7.7369     8.1365    34.0365    34.0335    26.8157    26.8139    6.99777 0.0000e+00
       1426     41.540     5.8095     5.8042   3.336337   3.335572     2.4046     2.9451      8.212     5.1367    12.3470 2.5751e+00     0.2174    94.7102     7.7344     8.1314    34.0386    34.0353    26.8167    26.8148    6.99690 0.0000e+00
       1429     41.581     5.8149     5.8096   3.337075   3.336364     2.4038     2.9451      8.212     5.5132    12.3470 2.5544e+00     0.2178    94.7012     7.7282     8.1261    34.0415    34.0388    26.8183    26.8168    6.99587 0.0000e+00
       1432     41.625     5.8181     5.8137   3.337306   3.336734     2.4030     2.9443      8.209     5.5132    12.3470 2.5455e+00     0.2178    94.7012     7.7228     8.1173    34.0409    34.0389    26.8175    26.8164    6.99536 0.0000e+00
       1435     41.673     5.8185     5.8156   3.337386   3.336949     2.4030     2.9439      8.209     5.4929    12.3470 2.5367e+00     0.2178    94.7012     7.7216     8.1125    34.0413    34.0393    26.8178    26.8165    6.99527 0.0000e+00
       1438     41.725     5.8207     5.8174   3.337709   3.337170     2.4030     2.9427      8.211     5.5031    12.3075 2.5221e+00     0.2178    94.7012     7.7196     8.1065    34.0428    34.0400    26.8187    26.8168    6.99485 0.0000e+00
       1441     41.781     5.8219     5.8183   3.337790   3.337206     2.4017     2.9418      8.211     5.4929    12.3470 2.5076e+00     0.2239    94.5565     7.7120     8.0992    34.0425    34.0394    26.8183    26.8163    6.99467 0.0000e+00
       1444     41.840     5.8233     5.8185   3.337949   3.337431     2.4005     2.9406      8.209     5.5031    12.3470 2.4902e+00     0.2281    94.4571     7.7066     8.0925    34.0428    34.0418    26.8184    26.8181    6.99442 0.0000e+00
       1447     41.905     5.8285     5.8361   3.338458   3.338801     2.4001     2.9402      8.209     5.4929    12.3470 2.4645e+00     0.2281    94.4571     7.7047     8.0865    34.0433    34.0395    26.8181    26.8142    6.99353 0.0000e+00
       1450     41.978     5.8468     5.8557   3.340017   3.340463     2.4001     2.9394      8.209     5.4929    12.3470 2.4446e+00     0.2281    94.4571     7.7010     8.0776    34.0424    34.0385    26.8151    26.8109    6.99052 0.0000e+00
       1453     42.055     5.8648     5.8774   3.341185   3.342471     2.3985     2.9370      8.209     5.3504    12.3470 2.4221e+00     0.2281    94.4571     7.6930     8.0633    34.0375    34.0394    26.8090    26.8089    6.98776 0.0000e+00
       1456     42.139     5.8776     5.8704   3.341914   3.341519     2.3985     2.9366      8.209     5.2894    12.3470 2.4054e+00     0.2281    94.4571     7.6918     8.0625    34.0328    34.0355    26.8036    26.8067    6.98585 0.0000e+00
       1459     42.232     5.8660     5.8586   3.340799   3.340414     2.3981     2.9366      8.209     5.2894    12.0311 2.3722e+00     0.2281    94.4571     7.6918     8.0649    34.0317    34.0349    26.8043    26.8077    6.98781 0.0000e+00
       1462     42.337     5.8504     5.8582   3.339644   3.340243     2.3977     2.9353      8.209     5.2792    11.6363 2.3368e+00     0.2281    94.4571     7.6941     8.0604    34.0344    34.0333    26.8084    26.8065    6.99030 0.0000e+00
       1465     42.459     5.8477     5.8540   3.339660   3.339492     2.3969     2.9333      8.209     5.2995    11.6363 2.3100e+00     0.2281    94.4571     7.6907     8.0530    34.0372    34.0290    26.8109    26.8036    6.99061 0.0000e+00
       1468     42.591     5.8432     5.8431   3.339331   3.338784     2.3969     2.9341      8.209     5.2792    11.6758 2.2729e+00     0.2281    94.4571     7.6893     8.0540    34.0380    34.0319    26.8121    26.8072    6.99133 0.0000e+00
       1471     42.731     5.8357     5.8375   3.338869   3.338552     2.3960     2.9325      8.209     5.2995    11.6758 2.2338e+00     0.2281    94.4571     7.6835     8.0453    34.0402    34.0349    26.8148    26.8103    6.99247 0.0000e+00
       1474     42.876     5.8338     5.8300   3.338795   3.338059     2.3956     2.9313      8.209     5.2792    11.6758 2.1979e+00     0.2277    94.4661     7.6803     8.0408    34.0413    34.0368    26.8158    26.8128    6.99274 0.0000e+00
       1477     43.030     5.8213     5.8169   3.337655   3.336932     2.3956     2.9305      8.209     5.2894    11.7548 2.1602e+00     0.2281    94.4571     7.6776     8.0363    34.0409    34.0371    26.8171    26.8147    6.99483 0.0000e+00
       1480     43.185     5.8044     5.7972   3.336233   3.335499     2.3948     2.9292      8.209     5.1876    11.7153 2.0987e+00     0.2285    94.4480     7.6711     8.0277    34.0418    34.0407    26.8198    26.8199    6.99761 0.0000e+00
       1483     43.347     5.7784     5.7839   3.334594   3.334453     2.3936     2.9284      8.207     5.1774    11.6758 2.0578e+00     0.2308    94.3938     7.6648     8.0199    34.0493    34.0422    26.8290    26.8227    7.00159 0.0000e+00
       1486     43.514     5.7617     5.7624   3.333097   3.332758     2.3928     2.9272      8.204     5.1673    12.2285 2.0131e+00     0.2304    94.4028     7.6562     8.0133    34.0491    34.0447    26.8309    26.8273    7.00438 0.0000e+00
       1489     43.689     5.7243     5.7388   3.329722   3.330022     2.3916     2.9243      8.205     5.1571    12.3865 1.9716e+00     0.2304    94.4028     7.6505     8.0013    34.0485    34.0373    26.8351    26.8244    7.01065 0.0000e+00
       1492     43.866     5.7094     5.7051   3.328271   3.327776     2.3907     2.9231      8.205     5.1673    12.3865 1.9422e+00     0.2304    94.4028     7.6438     7.9938    34.0471    34.0458    26.8358    26.8353    7.01322 0.0000e+00
       1495     44.045     5.6690     5.6786   3.324946   3.324987     2.3899     2.9219      8.205     5.1571    12.3470 1.8869e+00     0.2304    94.4028     7.6409     7.9886    34.0500    34.0409    26.8430    26.8346    7.01983 0.0000e+00
       1498     44.224     5.6474     5.6485   3.322559   3.322805     2.3891     2.9207      8.205     5.1876    12.3865 1.8374e+00     0.2308    94.3938     7.6334     7.9824    34.0447    34.0464    26.8414    26.8427    7.02370 0.0000e+00
       1501     44.402     5.6199     5.6201   3.320884   3.320690     2.3871     2.9182      8.205     5.1774    12.3470 1.7933e+00     0.2334    94.3304     7.6231     7.9705    34.0534    34.0509    26.8517    26.8497    7.02792 0.0000e+00
       1504     44.580     5.6258     5.6367   3.322509   3.322640     2.3863     2.9158      8.205     5.2181    12.4259 1.7564e+00     0.2373    94.2400     7.6127     7.9512    34.0659    34.0563    26.8608    26.8520    7.02636 0.0000e+00
       1507     44.758     5.6280     5.6296   3.322739   3.322505     2.3846     2.9138      8.202     5.4318    12.3865 1.7182e+00     0.2373    94.2400     7.6004     7.9386    34.0661    34.0619    26.8608    26.8572    7.02597 0.0000e+00
       1510     44.931     5.6304     5.6360   3.323464   3.323474     2.3822     2.9117      8.200     5.4115    12.3865 1.6693e+00     0.2369    94.2490     7.5848     7.9230    34.0718    34.0662    26.8649    26.8599    7.02530 0.0000e+00
       1513     45.101     5.6381     5.6365   3.324347   3.323567     2.3818     2.9097      8.200     5.4115    13.2945 1.6161e+00     0.2373    94.2400     7.5778     7.9116    34.0740    34.0668    26.8658    26.8602    7.02391 0.0000e+00
       1516     45.267     5.6489     5.6404   3.325997   3.324716     2.3806     2.9068      8.200     5.4115    13.3734 1.5919e+00     0.2369    94.2490     7.5659     7.8946    34.0818    34.0758    26.8706    26.8668    7.02175 0.0000e+00
       1519     45.422     5.6540     5.6467   3.326659   3.325701     2.3781     2.9048      8.195     5.4115    13.3734 1.5646e+00     0.2369    94.2490     7.5504     7.8803    34.0840    34.0805    26.8717    26.8698    7.02078 0.0000e+00
       1522     45.573     5.6552     5.6529   3.327010   3.326296     2.3765     2.9024      8.195     5.4115    13.3339 1.5271e+00     0.2365    94.2581     7.5436     7.8681    34.0867    34.0809    26.8737    26.8694    7.02045 0.0000e+00
       1525     45.714     5.6603     5.6538   3.327487   3.326782     2.3749     2.8991      8.195     5.4115    13.3734 1.4871e+00     0.2357    94.2762     7.5350     7.8562    34.0869    34.0854    26.8732    26.8729    7.01960 0.0000e+00
       1528     45.843     5.6546     5.6546   3.327210   3.327050     2.3737     2.8971      8.192     5.4115    13.3339 1.4547e+00     0.2361    94.2671     7.5295     7.8497    34.0895    34.0876    26.8760    26.8745    7.02043 0.0000e+00
       1531     45.961     5.6460     5.6550   3.326565   3.327136     2.3720     2.8938      8.191     5.5539    13.4129 1.4347e+00     0.2357    94.2762     7.5245     7.8390    34.0908    34.0881    26.8780    26.8749    7.02181 0.0000e+00
       1534     46.070     5.6347     5.6453   3.325188   3.326227     2.3700     2.8914      8.191     5.7065    13.4129 1.3970e+00     0.2361    94.2671     7.5173     7.8341    34.0866    34.0876    26.8761    26.8756    7.02391 0.0000e+00
       1537     46.169     5.6200     5.6338   3.324237   3.325144     2.3692     2.8893      8.189     5.7269    13.4524 1.3777e+00     0.2361    94.2671     7.5162     7.8313    34.0905    34.0869    26.8810    26.8765    7.02619 0.0000e+00
       1540     46.255     5.6164     5.6169   3.324088   3.323857     2.3663     2.8865      8.188     5.7167    13.7682 1.3619e+00     0.2357    94.2762     7.5095     7.8268    34.0925    34.0894    26.8830    26.8805    7.02671 0.0000e+00
       1543     46.330     5.6122     5.6130   3.323839   3.323776     2.3655     2.8836      8.186     5.6963    13.7682 1.3525e+00     0.2208    94.6289     7.5095     7.8183    34.0939    34.0923    26.8846    26.8833    7.02735 0.0000e+00
       1546     46.399     5.6066     5.6049   3.323439   3.323069     2.3639     2.8816      8.186     5.7167    13.7682 1.3447e+00     0.2185    94.6831     7.5050     7.8149    34.0949    34.0924    26.8861    26.8843    7.02823 0.0000e+00
       1549     46.461     5.6008     5.5983   3.323026   3.322577     2.3623     2.8796      8.186     5.7065    13.7682 1.3447e+00     0.2189    94.6741     7.5007     7.8137    34.0961    34.0935    26.8878    26.8860    7.02916 0.0000e+00
       1552     46.512     5.5944     5.5929   3.322451   3.322151     2.3602     2.8779      8.186     5.7167    13.7682 1.3307e+00     0.2189    94.6741     7.4949     7.8135    34.0960    34.0941    26.8885    26.8872    7.03023 0.0000e+00
       1555     46.558     5.5857     5.5846   3.321706   3.321378     2.3590     2.8755      8.186     5.7065    13.7682 1.3231e+00     0.2189    94.6741     7.4932     7.8115    34.0963    34.0937    26.8897    26.8878    7.03168 0.0000e+00
       1558     46.597     5.5764     5.5750   3.320819   3.320498     2.3570     2.8731      8.184     5.5844    13.7682 1.3231e+00     0.2189    94.6741     7.4877     7.8075    34.0956    34.0934    26.8903    26.8887    7.03327 0.0000e+00
       1561     46.631     5.5682     5.5668   3.320036   3.319811     2.3566     2.8706      8.181     5.5132    13.7682 1.3185e+00     0.2155    94.7555     7.4904     7.8055    34.0950    34.0939    26.8908    26.8902    7.03468 0.0000e+00
       1564     46.660     5.5584     5.5604   3.319072   3.319177     2.3553     2.8682      8.182     5.5336    13.2155 1.3185e+00     0.1946    95.2528     7.4887     7.8046    34.0940    34.0931    26.8912    26.8903    7.03638 0.0000e+00
       1567     46.685     5.5478     5.5504   3.318154   3.318299     2.3533     2.8649      8.182     5.5336    12.5838 1.3109e+00     0.1942    95.2619     7.4843     7.7998    34.0943    34.0932    26.8928    26.8916    7.03815 0.0000e+00
       1570     46.712     5.5422     5.5451   3.317714   3.317750     2.3521     2.8633      8.182     5.5234    12.6233 1.3049e+00     0.1945    95.2528     7.4845     7.7985    34.0948    34.0923    26.8939    26.8916    7.03905 0.0000e+00
       1573     46.742     5.5366     5.5359   3.317202   3.316798     2.3508     2.8629      8.182     5.5437    12.6233 1.3094e+00     0.1949    95.2438     7.4846     7.8018    34.0947    34.0908    26.8944    26.8914    7.04001 0.0000e+00
       1576     46.771     5.5295     5.5271   3.316390   3.316027     2.3488     2.8604      8.182     5.5336    12.7023 1.3079e+00     0.1949    95.2438     7.4793     7.7986    34.0927    34.0910    26.8937    26.8926    7.04131 0.0000e+00
       1579     46.804     5.5202     5.5211   3.315536   3.315495     2.3472     2.8588      8.182     5.5234    12.6233 1.2988e+00     0.1945    95.2528     7.4728     7.7968    34.0923    34.0910    26.8945    26.8933    7.04288 0.0000e+00
       1582     46.842     5.5170     5.5158   3.315322   3.315004     2.3460     2.8564      8.182     5.5030    12.6233 1.2914e+00     0.1798    95.6055     7.4676     7.7916    34.0931    34.0907    26.8955    26.8938    7.04338 0.0000e+00
       1585     46.890     5.5128     5.5466   3.314921   3.317873     2.3451     2.8551      8.182     5.0859    12.5838 1.2958e+00     0.1537    96.2295     7.4630     7.7809    34.0928    34.0921    26.8958    26.8912    7.04411 0.0000e+00
       1588     46.944     5.5215     5.5681   3.316054   3.319668     2.3431     2.8543      8.182     5.0655    12.6233 1.2795e+00     0.1548    96.2024     7.4505     7.7718    34.0969    34.0908    26.8980    26.8875    7.04246 0.0000e+00
       1591     47.004     5.5339     5.5626   3.316599   3.319012     2.3435     2.8519      8.182     5.0655    12.8207 1.2604e+00     0.1548    96.2024     7.4473     7.7599    34.0904    34.0888    26.8913    26.8866    7.04066 0.0000e+00
       1594     47.072     5.5272     5.5504   3.315532   3.318021     2.3419     2.8498      8.180     5.0757    12.8996 1.2387e+00     0.1545    96.2114     7.4385     7.7491    34.0850    34.0898    26.8879    26.8889    7.04204 0.0000e+00
       1597     47.149     5.5113     5.5372   3.314302   3.316516     2.3407     2.8478      8.177     5.0858    12.9391 1.2245e+00     0.1545    96.2114     7.4334     7.7387    34.0870    34.0860    26.8914    26.8875    7.04462 0.0000e+00
       1600     47.234     5.5176     5.5209   3.315568   3.315335     2.3382     2.8458      8.177     5.0655    12.8996 1.2090e+00     0.1552    96.1933     7.4205     7.7290    34.0951    34.0891    26.8970    26.8919    7.04319 0.0000e+00
       1603     47.336     5.5218     5.5297   3.315968   3.316571     2.3362     2.8433      8.177     5.0757    12.8996 1.1938e+00     0.1534    96.2385     7.4083     7.7128    34.0954    34.0942    26.8967    26.8949    7.04248 0.0000e+00
       1606     47.449     5.5271     5.5340   3.316556   3.316759     2.3354     2.8413      8.177     5.0858    12.8996 1.1773e+00     0.1526    96.2566     7.4002     7.6990    34.0966    34.0919    26.8971    26.8926    7.04152 0.0000e+00
       1609     47.569     5.5313     5.5274   3.316879   3.316265     2.3333     2.8385      8.177     5.0045    12.8602 1.1557e+00     0.1526    96.2566     7.3895     7.6849    34.0960    34.0930    26.8961    26.8942    7.04085 0.0000e+00
       1612     47.697     5.5314     5.5176   3.317055   3.316096     2.3305     2.8360      8.177     4.8315    12.9391 1.1293e+00     0.1523    96.2657     7.3765     7.6746    34.0978    34.1008    26.8976    26.9016    7.04075 0.0000e+00
