Datasets/AZMP/TEL210/tel210_2020_138.cnv
* Sea-Bird SBE 9 Data File:
* FileName = C:\CTDDATA\tel210_2020_138.hex
* Software Version Seasave V 7.26.7.110
* Temperature SN = 1697
* Conductivity SN = 4216
* Number of Bytes Per Scan = 30
* Number of Voltage Words = 4
* Number of Scans Averaged by the Deck Unit = 1
* NMEA baud rate = 4800
** VESSEL/TRIP/SEQ STN:  tel210_2020_138
** LATITUDE XX XX.XX: 47 34.80 N
** LONGITUDE XX XX.XX: 052 21.00 W
** SOUNDING DEPTH (M): 0167
** PROBE TYPE: S1146
** CTD NUMBER: 079
** COMMENTS (14 CHAR): S27-02
** BOTTLES:  0
** LEVELS:
** STICKERS:
** VNET: N
** DO2: N
# nquan = 22
# nvalues = 3534                        
# units = specified
# name 0 = scan: Scan Count
# name 1 = prDM: Pressure, Digiquartz [db]
# name 2 = t090C: Temperature [ITS-90, deg C]
# name 3 = t190C: Temperature, 2 [ITS-90, deg C]
# name 4 = c0S/m: Conductivity [S/m]
# name 5 = c1S/m: Conductivity, 2 [S/m]
# name 6 = sbeox0V: Oxygen raw, SBE 43 [V]
# name 7 = sbeox1V: Oxygen raw, SBE 43, 2 [V]
# name 8 = ph: pH
# name 9 = flECO-AFL: Fluorescence, WET Labs ECO-AFL/FL [mg/m^3]
# name 10 = wetCDOM: Fluorescence, WET Labs CDOM [mg/m^3]
# name 11 = par/sat/log: PAR/Logarithmic, Satlantic [umol photons/m^2/sec]
# name 12 = CStarAt0: Beam Attenuation, WET Labs C-Star [1/m]
# name 13 = CStarTr0: Beam Transmission, WET Labs C-Star [%]
# name 14 = sbeox0ML/L: Oxygen, SBE 43 [ml/l], WS = 2
# name 15 = sbeox1ML/L: Oxygen, SBE 43, 2 [ml/l], WS = 2
# name 16 = sal00: Salinity, Practical [PSU]
# name 17 = sal11: Salinity, Practical, 2 [PSU]
# name 18 = sigma-t00: Density [sigma-t, kg/m^3 ]
# name 19 = sigma-t11: Density, 2 [sigma-t, kg/m^3 ]
# name 20 = oxsatML/L: Oxygen Saturation, Weiss [ml/l]
# name 21 = flag: flag
# span 0 =         28,      11531       
# span 1 =      0.505,    164.837       
# span 2 =    -1.6429,    13.3761       
# span 3 =    -1.6486,    13.3733       
# span 4 =   2.600803,   3.752453       
# span 5 =   2.600331,   3.751948       
# span 6 =     1.7714,     2.4650       
# span 7 =     2.1112,     2.9840       
# span 8 =      7.776,      8.192       
# span 9 =     0.6664,     4.0844       
# span 10 =    -2.8130,   482.1870      
# span 11 = 1.0715e-01, 6.6135e+02      
# span 12 =    -0.1477,     0.3403      
# span 13 =    91.8436,   103.7624      
# span 14 =     6.1916,     8.7721      
# span 15 =     6.0576,     9.2166      
# span 16 =    31.3071,    33.1995      
# span 17 =    31.3156,    33.2000      
# span 18 =    23.5420,    26.6769      
# span 19 =    23.5422,    26.6777      
# span 20 =    6.01106,    8.54548      
# span 21 = 0.0000e+00, 0.0000e+00      
# interval = scans: 3                   
# start_time = Jul 30 2020 18:04:12 [System UTC, header]
# bad_flag = -9.990e-29
*END*
[from data line 264]
        853     24.469     6.8019     6.8011   3.221472   3.220840     2.3492     2.8197      8.120     4.0315   481.1211 1.2786e+01     0.3328    92.0154     7.4987     7.7220    31.8088    31.8025    24.9316    24.9269    6.93492 0.0000e+00
        856     24.555     6.7397     6.7514   3.216249   3.217063     2.3492     2.8205      8.120     4.0209   481.1211 1.2552e+01     0.3352    91.9611     7.5043     7.7369    31.8092    31.8073    24.9400    24.9370    6.94502 0.0000e+00
        859     24.637     6.6546     6.6722   3.208986   3.210117     2.3504     2.8205      8.120     4.0209   481.1211 1.2321e+01     0.3352    91.9611     7.5195     7.7513    31.8086    31.8046    24.9504    24.9451    6.95897 0.0000e+00
        862     24.716     6.5305     6.5599   3.199107   3.199725     2.3500     2.8214      8.122     3.9997   481.1211 1.2110e+01     0.3352    91.9611     7.5377     7.7727    31.8154    31.7948    24.9716    24.9516    6.97903 0.0000e+00
        865     24.794     6.4065     6.4371   3.188758   3.190668     2.3500     2.8230      8.121     3.9574   481.1211 1.1888e+01     0.3352    91.9611     7.5566     7.7971    31.8167    31.8093    24.9882    24.9785    6.99942 0.0000e+00
        868     24.870     6.2967     6.3095   3.181673   3.181902     2.3500     2.8238      8.122     3.9574   196.2798 1.1697e+01     0.3352    91.9611     7.5707     7.8201    31.8410    31.8315    25.0210    25.0120    7.01652 0.0000e+00
        871     24.944     6.2322     6.2342   3.177542   3.177348     2.3500     2.8250      8.122     3.9574    -2.8130 1.1483e+01     0.3356    91.9521     7.5787     7.8351    31.8555    31.8514    25.0404    25.0369    7.02659 0.0000e+00
        874     25.017     6.1355     6.1582   3.168598   3.169816     2.3513     2.8262      8.122     3.9468    -1.9840 1.1311e+01     0.3376    91.9069     7.5974     7.8521    31.8467    31.8390    25.0453    25.0365    7.04314 0.0000e+00
        877     25.089     5.9884     6.0268   3.157038   3.159307     2.3513     2.8266      8.125     3.9680    -1.5102 1.1155e+01     0.3376    91.9069     7.6216     7.8731    31.8561    31.8453    25.0704    25.0573    7.06739 0.0000e+00
        880     25.161     5.8821     5.9049   3.149889   3.150781     2.3500     2.8266      8.125     3.9680    -1.5102 1.0964e+01     0.3380    91.8979     7.6336     7.8892    31.8762    31.8646    25.0991    25.0872    7.08439 0.0000e+00
        883     25.235     5.8249     5.8193   3.146290   3.145307     2.3504     2.8254      8.128     3.9468    -1.5102 1.0813e+01     0.3376    91.9069     7.6437     7.8939    31.8898    31.8840    25.1166    25.1127    7.09343 0.0000e+00
        886     25.309     5.7880     5.7774   3.143416   3.142588     2.3504     2.8254      8.128     3.9574    -1.5497 1.0651e+01     0.3376    91.9069     7.6501     7.8944    31.8924    31.8931    25.1230    25.1248    7.09957 0.0000e+00
        889     25.382     5.7550     5.7519   3.140757   3.140485     2.3504     2.8258      8.127     4.0315    -1.5102 1.0492e+01     0.3376    91.9069     7.6553     7.8956    31.8937    31.8936    25.1279    25.1282    7.10512 0.0000e+00
        892     25.461     5.7222     5.7240   3.137900   3.138073     2.3492     2.8266      8.127     4.0738    -1.5102 1.0336e+01     0.3388    91.8798     7.6563     7.8987    31.8926    31.8928    25.1309    25.1309    7.11076 0.0000e+00
        895     25.540     5.6819     5.6896   3.134086   3.134789     2.3488     2.8270      8.129     4.0738     2.3588 1.0182e+01     0.3399    91.8526     7.6600     7.9047    31.8877    31.8883    25.1318    25.1313    7.11785 0.0000e+00
        898     25.622     5.6158     5.6372   3.128534   3.129263     2.3492     2.8266      8.129     4.0844     2.9509 1.0041e+01     0.3399    91.8526     7.6754     7.9149    31.8877    31.8757    25.1394    25.1275    7.12913 0.0000e+00
        901     25.706     5.5269     5.5584   3.120895   3.122453     2.3492     2.8254      8.128     4.0738     2.9115 9.8802e+00     0.3403    91.8436     7.6973     7.9294    31.8858    31.8735    25.1482    25.1348    7.14446 0.0000e+00
        904     25.795     5.4064     5.4580   3.110865   3.113307     2.3492     2.8250      8.130     4.0738     2.8720 9.7327e+00     0.3399    91.8526     7.7245     7.9539    31.8866    31.8653    25.1626    25.1398    7.16516 0.0000e+00
        907     25.886     5.2900     5.3358   3.102584   3.103833     2.3496     2.8254      8.130     4.0738     2.9115 9.5986e+00     0.3399    91.8526     7.7504     7.9852    31.9034    31.8739    25.1890    25.1604    7.18450 0.0000e+00
        910     25.980     5.2054     5.2389   3.096582   3.097450     2.3488     2.8262      8.131     4.0844     2.8720 9.4665e+00     0.3403    91.8436     7.7663     8.0128    31.9157    31.8936    25.2082    25.1869    7.19860 0.0000e+00
        913     26.075     5.1407     5.1671   3.091813   3.092610     2.3492     2.8258      8.128     4.0632     2.8720 9.3036e+00     0.3352    91.9611     7.7853     8.0323    31.9230    31.9069    25.2211    25.2054    7.20952 0.0000e+00
        916     26.172     5.0825     5.1043   3.086989   3.087785     2.3488     2.8254      8.128     3.4812     2.8720 9.1649e+00     0.3321    92.0335     7.7984     8.0539    31.9235    31.9118    25.2279    25.2162    7.21966 0.0000e+00
        919     26.271     5.0135     5.0396   3.081121   3.082096     2.3484     2.8266      8.127     3.3436     3.1483 9.0490e+00     0.3317    92.0425     7.8137     8.0839    31.9224    31.9086    25.2346    25.2208    7.23181 0.0000e+00
        922     26.372     4.9194     4.9543   3.072765   3.074210     2.3492     2.8266      8.127     3.3542     4.4117 8.9347e+00     0.3317    92.0425     7.8385     8.1170    31.9167    31.8998    25.2403    25.2230    7.24862 0.0000e+00
        925     26.478     4.7941     4.8316   3.063156   3.064521     2.3496     2.8275      8.128     3.3436     4.4117 8.8116e+00     0.3317    92.0425     7.8678     8.1601    31.9265    31.9061    25.2614    25.2412    7.27029 0.0000e+00
        928     26.584     4.6803     4.7137   3.055165   3.056102     2.3492     2.8283      8.126     3.3542     4.4117 8.7203e+00     0.3317    92.0425     7.8902     8.1994    31.9438    31.9224    25.2871    25.2666    7.28965 0.0000e+00
        931     26.688     4.5853     4.6164   3.047778   3.049014     2.3492     2.8295      8.128     3.3542     4.4117 8.6002e+00     0.3317    92.0425     7.9108     8.2359    31.9499    31.9342    25.3019    25.2862    7.30629 0.0000e+00
        934     26.792     4.4940     4.5216   3.041058   3.041918     2.3492     2.8311      8.126     3.3648     4.4117 8.5013e+00     0.3156    92.4133     7.9303     8.2721    31.9601    31.9435    25.3194    25.3033    7.32213 0.0000e+00
        937     26.901     4.4100     4.4326   3.034731   3.035577     2.3500     2.8319      8.124     3.3542     4.4512 8.4036e+00     0.3113    92.5128     7.9521     8.3067    31.9679    31.9558    25.3342    25.3223    7.33685 0.0000e+00
        940     27.007     4.3365     4.3554   3.029697   3.030204     2.3496     2.8340      8.126     3.2696     4.4117 8.2878e+00     0.3117    92.5037     7.9678     8.3397    31.9804    31.9680    25.3516    25.3398    7.34948 0.0000e+00
        943     27.117     4.2735     4.2916   3.024578   3.025383     2.3504     2.8356      8.127     2.5711     4.4117 8.1926e+00     0.3117    92.5037     7.9848     8.3668    31.9818    31.9736    25.3590    25.3507    7.36081 0.0000e+00
        946     27.223     4.2036     4.2218   3.019394   3.019671     2.3504     2.8376      8.125     2.5605     4.9644 8.1078e+00     0.3117    92.5037     7.9999     8.3970    31.9891    31.9746    25.3718    25.3584    7.37312 0.0000e+00
        949     27.329     4.1484     4.1593   3.015252   3.015745     2.3500     2.8389      8.125     2.5711     5.7540 8.0053e+00     0.3117    92.5037     8.0127     8.4198    31.9943    31.9895    25.3813    25.3764    7.38291 0.0000e+00
        952     27.433     4.1053     4.1140   3.012330   3.012627     2.3500     2.8409      8.126     2.5711     5.7145 7.9132e+00     0.3090    92.5670     8.0211     8.4394    32.0020    31.9970    25.3917    25.3868    7.39038 0.0000e+00
        955     27.541     4.0660     4.0766   3.008604   3.009033     2.3500     2.8425      8.126     2.5500     5.7145 7.8223e+00     0.2864    93.0915     8.0276     8.4536    31.9965    31.9912    25.3911    25.3859    7.39782 0.0000e+00
        958     27.644     3.9769     4.0054   2.999476   3.000621     2.3500     2.8437      8.126     2.5923     5.7145 7.7413e+00     0.2864    93.0915     8.0455     8.4758    31.9760    31.9617    25.3835    25.3694    7.41513 0.0000e+00
        961     27.745     3.8683     3.8925   2.991707   2.991883     2.3509     2.8462      8.127     2.5711     5.7145 7.6789e+00     0.2860    93.1006     8.0680     8.5068    31.9905    31.9690    25.4055    25.3860    7.43438 0.0000e+00
        964     27.845     3.7991     3.8080   2.988074   2.987857     2.3504     2.8478      8.129     2.5711     5.7145 7.6082e+00     0.2860    93.1006     8.0786     8.5247    32.0154    32.0040    25.4318    25.4219    7.44593 0.0000e+00
        967     27.945     3.7662     3.7676   2.986249   2.985947     2.3513     2.8494      8.127     2.6664     5.7145 7.5295e+00     0.2864    93.0915     8.0877     8.5330    32.0259    32.0210    25.4432    25.4392    7.45147 0.0000e+00
        970     28.041     3.7304     3.7359   2.983330   2.983291     2.3517     2.8515      8.127     2.8675     5.7145 7.4515e+00     0.2860    93.1006     8.0964     8.5457    32.0265    32.0206    25.4471    25.4418    7.45809 0.0000e+00
        973     28.138     3.6884     3.6958   2.980173   2.980049     2.3517     2.8531      8.127     2.8675     5.5171 7.3744e+00     0.2613    93.6794     8.1042     8.5562    32.0302    32.0215    25.4539    25.4463    7.46568 0.0000e+00
        976     28.232     3.6522     3.6564   2.977861   2.977392     2.3504     2.8535      8.127     2.8569     5.4776 7.2896e+00     0.2109    94.8640     8.1035     8.5575    32.0383    32.0287    25.4638    25.4557    7.47201 0.0000e+00
        979     28.325     3.6223     3.6217   2.975963   2.975346     2.3504     2.8555      8.129     2.8675     5.4776 7.2309e+00     0.2132    94.8097     8.1046     8.5643    32.0451    32.0384    25.4719    25.4666    7.47723 0.0000e+00
        982     28.419     3.6022     3.5963   2.974732   2.974119     2.3504     2.8564      8.131     2.8463     5.4776 7.1726e+00     0.2128    94.8188     8.1064     8.5633    32.0502    32.0487    25.4778    25.4772    7.48072 0.0000e+00
        985     28.509     3.5853     3.5813   2.974102   2.973628     2.3496     2.8564      8.133     2.8780     5.4776 7.0820e+00     0.2128    94.8188     8.1070     8.5570    32.0594    32.0577    25.4867    25.4857    7.48342 0.0000e+00
        988     28.598     3.5702     3.5664   2.973669   2.973191     2.3508     2.8580      8.134     2.8569     5.4776 7.0086e+00     0.2128    94.8188     8.1183     8.5573    32.0691    32.0671    25.4958    25.4946    7.48575 0.0000e+00
        991     28.687     3.5586     3.5543   2.973268   2.972769     2.3500     2.8592      8.137     2.8780     5.4776 6.9280e+00     0.2132    94.8097     8.1193     8.5550    32.0756    32.0739    25.5021    25.5011    7.48758 0.0000e+00
        994     28.778     3.5511     3.5442   2.973051   2.972293     2.3500     2.8621      8.137     2.8040     5.4776 6.8801e+00     0.1821    95.5513     8.1240     8.5603    32.0805    32.0783    25.5066    25.5054    7.48875 0.0000e+00
        997     28.867     3.5359     3.5308   2.972229   2.971669     2.3500     2.8608      8.139     2.8040     5.4381 6.8089e+00     0.1613    96.0487     8.1332     8.5527    32.0856    32.0839    25.5121    25.5112    7.49133 0.0000e+00
       1000     28.954     3.5096     3.5096   2.970532   2.970229     2.3496     2.8608      8.142     2.8040     5.1618 6.7385e+00     0.1620    96.0306     8.1414     8.5526    32.0912    32.0877    25.5190    25.5161    7.49596 0.0000e+00
       1003     29.045     3.4762     3.4773   2.968526   2.968024     2.3488     2.8621      8.146     2.7934     5.1223 6.6842e+00     0.1620    96.0306     8.1469     8.5600    32.1003    32.0933    25.5292    25.5235    7.50177 0.0000e+00
       1006     29.133     3.4483     3.4490   2.966836   2.966407     2.3504     2.8625      8.147     2.8040     5.1223 6.5997e+00     0.1620    96.0306     8.1623     8.5659    32.1077    32.1018    25.5376    25.5329    7.50663 0.0000e+00
       1009     29.223     3.4226     3.4240   2.965461   2.964957     2.3513     2.8629      8.152     2.8040     5.1223 6.5087e+00     0.1620    96.0306     8.1723     8.5701    32.1166    32.1092    25.5470    25.5410    7.51099 0.0000e+00
       1012     29.313     3.3986     3.3996   2.963942   2.963474     2.3508     2.8633      8.155     2.8040     5.1223 6.4414e+00     0.1624    96.0215     8.1795     8.5754    32.1222    32.1155    25.5536    25.5482    7.51522 0.0000e+00
       1015     29.406     3.3779     3.3745   2.962322   2.961674     2.3513     2.8633      8.157     2.7934     5.1223 6.3894e+00     0.1436    96.4737     8.1914     8.5795    32.1232    32.1188    25.5563    25.5531    7.51905 0.0000e+00
       1018     29.499     3.3459     3.3439   2.959592   2.959112     2.3508     2.8645      8.160     2.7722     5.1223 6.3160e+00     0.1406    96.5460     8.1999     8.5929    32.1222    32.1184    25.5584    25.5555    7.52513 0.0000e+00
       1021     29.593     3.3116     3.3107   2.956830   2.956401     2.3513     2.8645      8.162     2.3701     5.1223 6.2507e+00     0.1406    96.5460     8.2128     8.6040    32.1231    32.1188    25.5621    25.5588    7.53155 0.0000e+00
       1024     29.686     3.2675     3.2752   2.953366   2.953425     2.3508     2.8657      8.167     2.3066     4.4511 6.1931e+00     0.1406    96.5460     8.2248     8.6187    32.1252    32.1182    25.5677    25.5614    7.53977 0.0000e+00
       1027     29.781     3.2010     3.2183   2.947360   2.947843     2.3513     2.8661      8.168     2.3066     2.2403 6.1148e+00     0.1406    96.5460     8.2434     8.6365    32.1190    32.1076    25.5686    25.5580    7.55267 0.0000e+00
       1030     29.876     3.1050     3.1400   2.940164   2.940724     2.3517     2.8669      8.170     2.3172     2.2798 6.0167e+00     0.1406    96.5460     8.2688     8.6602    32.1277    32.0997    25.5838    25.5584    7.57045 0.0000e+00
       1033     29.971     3.0210     3.0428   2.934253   2.934423     2.3517     2.8673      8.173     2.3066     2.2798 5.9475e+00     0.1372    96.6274     8.2932     8.6859    32.1400    32.1204    25.6008    25.5832    7.58584 0.0000e+00
       1036     30.062     2.9564     2.9659   2.930095   2.929760     2.3529     2.8690      8.173     2.3066     2.3193 5.8655e+00     0.1167    97.1248     8.3178     8.7128    32.1542    32.1407    25.6176    25.6060    7.59748 0.0000e+00
       1039     30.155     2.9062     2.9124   2.926675   2.926544     2.3529     2.8690      8.177     2.3172     2.2798 5.8183e+00     0.1167    97.1248     8.3312     8.7262    32.1629    32.1551    25.6287    25.6220    7.60667 0.0000e+00
       1042     30.250     2.8611     2.8696   2.923445   2.923466     2.3529     2.8690      8.177     2.3066     2.2798 5.7714e+00     0.1171    97.1157     8.3433     8.7377    32.1688    32.1605    25.6371    25.6299    7.61504 0.0000e+00
       1045     30.345     2.8141     2.8239   2.919503   2.919513     2.3541     2.8698      8.179     2.3172     2.2798 5.7116e+00     0.1167    97.1248     8.3595     8.7546    32.1679    32.1582    25.6404    25.6318    7.62413 0.0000e+00
