Datasets/AZMP/TEL210/tel210_2020_139.cnv
* Sea-Bird SBE 9 Data File:
* FileName = C:\CTDDATA\tel210_2020_139.hex
* Software Version Seasave V 7.26.7.110
* Temperature SN = 1697
* Conductivity SN = 4216
* Number of Bytes Per Scan = 30
* Number of Voltage Words = 4
* Number of Scans Averaged by the Deck Unit = 1
* NMEA baud rate = 4800
** VESSEL/TRIP/SEQ STN:  tel210_2020_139
** LATITUDE XX XX.XX: 47 37.80 N
** LONGITUDE XX XX.XX: 052 07.20 W
** SOUNDING DEPTH (M): 0170
** PROBE TYPE: S1146
** CTD NUMBER: 080
** COMMENTS (14 CHAR): S27-03
** BOTTLES:  10
** LEVELS: 5,10,20,30,40,50,75,100,150,btm
** STICKERS: 436358 - 436367
** VNET: Y
** DO2: N
# nquan = 22
# nvalues = 4363                        
# units = specified
# name 0 = scan: Scan Count
# name 1 = prDM: Pressure, Digiquartz [db]
# name 2 = t090C: Temperature [ITS-90, deg C]
# name 3 = t190C: Temperature, 2 [ITS-90, deg C]
# name 4 = c0S/m: Conductivity [S/m]
# name 5 = c1S/m: Conductivity, 2 [S/m]
# name 6 = sbeox0V: Oxygen raw, SBE 43 [V]
# name 7 = sbeox1V: Oxygen raw, SBE 43, 2 [V]
# name 8 = ph: pH
# name 9 = flECO-AFL: Fluorescence, WET Labs ECO-AFL/FL [mg/m^3]
# name 10 = wetCDOM: Fluorescence, WET Labs CDOM [mg/m^3]
# name 11 = par/sat/log: PAR/Logarithmic, Satlantic [umol photons/m^2/sec]
# name 12 = CStarAt0: Beam Attenuation, WET Labs C-Star [1/m]
# name 13 = CStarTr0: Beam Transmission, WET Labs C-Star [%]
# name 14 = sbeox0ML/L: Oxygen, SBE 43 [ml/l], WS = 2
# name 15 = sbeox1ML/L: Oxygen, SBE 43, 2 [ml/l], WS = 2
# name 16 = sal00: Salinity, Practical [PSU]
# name 17 = sal11: Salinity, Practical, 2 [PSU]
# name 18 = sigma-t00: Density [sigma-t, kg/m^3 ]
# name 19 = sigma-t11: Density, 2 [sigma-t, kg/m^3 ]
# name 20 = oxsatML/L: Oxygen Saturation, Weiss [ml/l]
# name 21 = flag: flag
# span 0 =         45,      41469       
# span 1 =      0.581,    169.117       
# span 2 =    -1.5336,    13.3548       
# span 3 =    -1.5393,    13.3516       
# span 4 =   2.607382,   3.755960       
# span 5 =   2.606858,   3.755368       
# span 6 =     1.8134,     2.4902       
# span 7 =     2.1732,     3.0190       
# span 8 =      7.816,      8.232       
# span 9 =     0.6346,     7.2802       
# span 10 =    -2.8130,   482.1870      
# span 11 = 1.0715e-01, 2.1203e+02      
# span 12 =    -0.1481,     0.5257      
# span 13 =    87.6837,   103.7715      
# span 14 =     6.0677,     9.0689      
# span 15 =     6.0770,     9.4497      
# span 16 =    31.3812,    33.3015      
# span 17 =    31.3364,    33.3025      
# span 18 =    23.5934,    26.7518      
# span 19 =    23.5921,    26.7531      
# span 20 =    6.01186,    8.51943      
# span 21 = 0.0000e+00, 0.0000e+00      
# interval = scans: 3                   
# start_time = Jul 30 2020 20:17:03 [System UTC, header]
# bad_flag = -9.990e-29
*END*
[from data line 593]
       1972     58.109    -0.8742    -0.8801   2.649068   2.648436     2.1408     2.5848      8.020     1.0579     3.9379 1.7780e-01    -0.1124   102.8491     8.0940     8.3756    32.5244    32.5223    26.1430    26.1415    8.37688 0.0000e+00
       1975     58.186    -0.8772    -0.8827   2.648907   2.648302     2.1395     2.5840      8.017     1.0579     3.9379 1.7718e-01    -0.1127   102.8581     8.0928     8.3732    32.5254    32.5232    26.1439    26.1423    8.37750 0.0000e+00
       1978     58.267    -0.8767    -0.8821   2.649138   2.648570     2.1383     2.5836      8.017     1.0579     3.9774 1.7739e-01    -0.1127   102.8581     8.0879     8.3760    32.5280    32.5262    26.1460    26.1447    8.37725 0.0000e+00
       1981     58.351    -0.8745    -0.8798   2.649379   2.648812     2.1375     2.5824      8.015     1.0685     3.5826 1.7780e-01    -0.1127   102.8581     8.0863     8.3761    32.5288    32.5269    26.1465    26.1451    8.37670 0.0000e+00
       1984     58.443    -0.8732    -0.8786   2.649478   2.648894     2.1375     2.5820      8.015     1.0791     2.8720 1.7666e-01    -0.1120   102.8400     8.0891     8.3751    32.5288    32.5267    26.1465    26.1450    8.37642 0.0000e+00
       1987     58.536    -0.8734    -0.8789   2.649462   2.648838     2.1359     2.5803      8.015     1.0685     2.8720 1.6685e-01    -0.1117   102.8310     8.0809     8.3668    32.5287    32.5262    26.1464    26.1445    8.37647 0.0000e+00
       1990     58.635    -0.8781    -0.8824   2.648984   2.648344     2.1351     2.5787      8.015     1.0579     2.8720 1.6764e-01    -0.1106   102.8039     8.0845     8.3632    32.5272    32.5232    26.1454    26.1423    8.37761 0.0000e+00
       1993     58.740    -0.8874    -0.8919   2.648030   2.647405     2.1347     2.5775      8.015     1.0579     2.8720 1.6513e-01    -0.1110   102.8129     8.0908     8.3645    32.5243    32.5208    26.1434    26.1406    8.37990 0.0000e+00
       1996     58.849    -0.9005    -0.9042   2.647003   2.646386     2.1347     2.5775      8.015     1.0473     2.8720 1.6801e-01    -0.1110   102.8129     8.0979     8.3686    32.5246    32.5202    26.1440    26.1406    8.38287 0.0000e+00
       1999     58.962    -0.9137    -0.9166   2.646064   2.645483     2.1334     2.5754      8.013     1.0579     2.8720 1.6089e-01    -0.1110   102.8129     8.0985     8.3613    32.5260    32.5214    26.1456    26.1419    8.38577 0.0000e+00
       2002     59.080    -0.9204    -0.9244   2.645905   2.645324     2.1322     2.5763      8.012     1.0367     2.8720 1.5900e-01    -0.1103   102.7948     8.0949     8.3640    32.5311    32.5276    26.1499    26.1472    8.38701 0.0000e+00
       2005     59.202    -0.9229    -0.9275   2.645592   2.645000     2.1322     2.5746      8.010     0.9732     2.8720 1.4973e-01    -0.1103   102.7948     8.0950     8.3593    32.5295    32.5264    26.1487    26.1463    8.38768 0.0000e+00
       2008     59.328    -0.9375    -0.9407   2.643954   2.643404     2.1310     2.5722      8.010     0.9521    -0.0100 1.5241e-01    -0.1117   102.8310     8.0891     8.3540    32.5230    32.5190    26.1440    26.1409    8.39137 0.0000e+00
       2011     59.459    -0.9602    -0.9627   2.642263   2.641740     2.1302     2.5714      8.010     0.9627    -1.7471 1.5390e-01    -0.1141   102.8943     8.0896     8.3579    32.5246    32.5202    26.1460    26.1425    8.39646 0.0000e+00
       2014     59.588    -0.9756    -0.9789   2.641466   2.640900     2.1302     2.5710      8.010     0.9838    -1.6286 1.4713e-01    -0.1134   102.8762     8.0892     8.3588    32.5304    32.5263    26.1512    26.1479    8.39964 0.0000e+00
       2017     59.720    -0.9855    -0.9894   2.640812   2.640233     2.1294     2.5705      8.011     0.9627    -1.6681 1.4864e-01    -0.1138   102.8853     8.0825     8.3552    32.5322    32.5285    26.1530    26.1501    8.40180 0.0000e+00
       2020     59.851    -0.9986    -1.0020   2.639847   2.639297     2.1290     2.5693      8.006     0.9838    -1.6286 1.4476e-01    -0.1134   102.8762     8.0858     8.3532    32.5332    32.5294    26.1542    26.1513    8.40474 0.0000e+00
       2023     59.984    -1.0081    -1.0126   2.639325   2.638762     2.1278     2.5673      8.006     0.9732    -1.6286 1.3519e-01    -0.1138   102.8853     8.0843     8.3499    32.5364    32.5335    26.1571    26.1549    8.40672 0.0000e+00
       2026     60.115    -1.0134    -1.0182   2.639044   2.638453     2.1273     2.5665      8.006     0.9627    -1.6286 1.3673e-01    -0.1138   102.8853     8.0859     8.3500    32.5382    32.5354    26.1587    26.1566    8.40782 0.0000e+00
       2029     60.244    -1.0170    -1.0220   2.638817   2.638210     2.1257     2.5661      8.004     0.9732    -1.6286 1.3293e-01    -0.1148   102.9124     8.0787     8.3532    32.5390    32.5361    26.1594    26.1573    8.40861 0.0000e+00
       2032     60.369    -1.0204    -1.0258   2.638596   2.637820     2.1245     2.5644      8.006     0.9627    -1.7076 1.3332e-01    -0.1152   102.9214     8.0746     8.3498    32.5395    32.5349    26.1600    26.1564    8.40934 0.0000e+00
       2035     60.490    -1.0229    -1.0285   2.638501   2.637904     2.1241     2.5636      8.001     0.9732    -1.5497 1.3031e-01    -0.1152   102.9214     8.0722     8.3461    32.5409    32.5389    26.1612    26.1597    8.40984 0.0000e+00
       2038     60.608    -1.0234    -1.0290   2.638653   2.638050     2.1233     2.5624      8.001     0.9732    -1.5102 1.2483e-01    -0.1155   102.9305     8.0697     8.3414    32.5435    32.5413    26.1633    26.1617    8.40981 0.0000e+00
       2041     60.724    -1.0221    -1.0277   2.638810   2.638221     2.1224     2.5604      8.001     0.9732    -1.5497 1.1743e-01    -0.1152   102.9214     8.0694     8.3368    32.5441    32.5422    26.1638    26.1624    8.40948 0.0000e+00
       2044     60.832    -1.0214    -1.0268   2.638956   2.638342     2.1224     2.5612      8.001     0.9732    -1.5102 1.1488e-01    -0.1152   102.9214     8.0715     8.3434    32.5452    32.5427    26.1646    26.1628    8.40925 0.0000e+00
       2047     60.936    -1.0200    -1.0256   2.639189   2.638570     2.1220     2.5600      8.001     0.9521    -1.5102 1.1566e-01    -0.1155   102.9305     8.0703     8.3412    32.5469    32.5445    26.1659    26.1642    8.40884 0.0000e+00
       2050     61.035    -1.0173    -1.0232   2.639534   2.638896     2.1216     2.5596      8.001     0.9521    -1.5497 1.1839e-01    -0.1190   103.0209     8.0698     8.3408    32.5485    32.5463    26.1672    26.1656    8.40812 0.0000e+00
       2053     61.133    -1.0139    -1.0202   2.639850   2.639215     2.1204     2.5571      7.999     0.9838    -1.5497 1.1174e-01    -0.1187   103.0118     8.0657     8.3336    32.5490    32.5472    26.1675    26.1663    8.40731 0.0000e+00
       2056     61.222    -1.0115    -1.0176   2.640035   2.639395     2.1192     2.5575      7.996     0.9732    -1.5497 1.1149e-01    -0.1183   103.0028     8.0575     8.3397    32.5489    32.5468    26.1673    26.1658    8.40677 0.0000e+00
       2059     61.307    -1.0118    -1.0174   2.639875   2.639263     2.1196     2.5559      7.996     0.9627    -1.2733 1.1304e-01    -0.1187   103.0118     8.0575     8.3344    32.5470    32.5448    26.1658    26.1642    8.40695 0.0000e+00
       2062     61.385    -1.0147    -1.0197   2.639649   2.639049     2.1184     2.5551      7.999     0.9732    -0.2074 1.0916e-01    -0.1183   103.0028     8.0493     8.3337    32.5470    32.5443    26.1659    26.1639    8.40761 0.0000e+00
       2065     61.461    -1.0168    -1.0220   2.639529   2.638934     2.1180     2.5551      7.996     0.9838    -0.2074 1.0966e-01    -0.1183   103.0028     8.0451     8.3331    32.5477    32.5452    26.1665    26.1646    8.40805 0.0000e+00
       2068     61.536    -1.0178    -1.0238   2.639462   2.638836     2.1163     2.5530      7.996     0.9732    -0.2074 1.0790e-01    -0.1187   103.0118     8.0378     8.3241    32.5478    32.5457    26.1666    26.1652    8.40828 0.0000e+00
       2071     61.604    -1.0189    -1.0249   2.639414   2.638839     2.1159     2.5530      7.996     0.9838    -0.2074 1.0777e-01    -0.1212   103.0752     8.0363     8.3270    32.5482    32.5469    26.1670    26.1662    8.40849 0.0000e+00
       2074     61.673    -1.0192    -1.0251   2.639459   2.638851     2.1155     2.5522      7.996     0.9627    -0.2074 1.0878e-01    -0.1215   103.0842     8.0360     8.3262    32.5492    32.5473    26.1678    26.1665    8.40852 0.0000e+00
       2077     61.741    -1.0200    -1.0256   2.639462   2.638848     2.1147     2.5518      7.996     0.9627    -0.2074 1.1186e-01    -0.1212   103.0752     8.0350     8.3264    32.5500    32.5478    26.1685    26.1668    8.40865 0.0000e+00
       2080     61.809    -1.0207    -1.0263   2.639408   2.638805     2.1139     2.5510      7.996     0.9627    -0.2074 1.0928e-01    -0.1208   103.0661     8.0307     8.3232    32.5500    32.5479    26.1685    26.1670    8.40881 0.0000e+00
       2083     61.876    -1.0230    -1.0290   2.639177   2.638557     2.1131     2.5494      7.996     0.8675    -0.2074 1.0815e-01    -0.1215   103.0842     8.0260     8.3212    32.5493    32.5474    26.1680    26.1667    8.40937 0.0000e+00
       2086     61.943    -1.0265    -1.0338   2.638822   2.638120     2.1127     2.5490      7.996     0.8675     0.2269 1.0740e-01    -0.1215   103.0842     8.0294     8.3186    32.5483    32.5466    26.1673    26.1662    8.41024 0.0000e+00
       2089     62.012    -1.0309    -1.0385   2.638516   2.637818     2.1115     2.5478      7.994     0.8886     0.7401 1.0878e-01    -0.1215   103.0842     8.0270     8.3138    32.5488    32.5477    26.1678    26.1671    8.41121 0.0000e+00
       2092     62.080    -1.0352    -1.0418   2.638207   2.637553     2.1123     2.5473      7.996     0.8569     0.7401 1.0815e-01    -0.1226   103.1113     8.0361     8.3147    32.5493    32.5476    26.1684    26.1672    8.41218 0.0000e+00
       2095     62.155    -1.0384    -1.0441   2.638054   2.637434     2.1102     2.5469      7.996     0.8780     0.7401 1.0715e-01    -0.1226   103.1113     8.0262     8.3117    32.5506    32.5484    26.1696    26.1680    8.41282 0.0000e+00
       2098     62.231    -1.0373    -1.0425   2.638326   2.637814     2.1102     2.5457      7.991     0.8675     0.7401 1.0715e-01    -0.1229   103.1204     8.0247     8.3060    32.5530    32.5517    26.1715    26.1706    8.41242 0.0000e+00
       2101     62.310    -1.0322    -1.0380   2.638805   2.638263     2.1094     2.5449      7.993     0.8780     0.7401 1.0715e-01    -0.1229   103.1204     8.0221     8.3032    32.5540    32.5529    26.1721    26.1714    8.41121 0.0000e+00
       2104     62.395    -1.0296    -1.0355   2.639018   2.638412     2.1086     2.5449      7.991     0.8675     0.7401 1.0715e-01    -0.1226   103.1113     8.0170     8.3055    32.5540    32.5522    26.1720    26.1708    8.41060 0.0000e+00
       2107     62.486    -1.0298    -1.0354   2.639090   2.638495     2.1078     2.5441      7.993     0.8886     0.7401 1.0715e-01    -0.1226   103.1113     8.0140     8.3017    32.5552    32.5532    26.1730    26.1715    8.41060 0.0000e+00
       2110     62.580    -1.0301    -1.0355   2.639165   2.638574     2.1078     2.5421      7.991     0.9415     0.7401 1.0715e-01    -0.1226   103.1113     8.0149     8.2927    32.5565    32.5542    26.1740    26.1724    8.41059 0.0000e+00
       2113     62.681    -1.0299    -1.0354   2.639213   2.638688     2.1070     2.5417      7.991     0.9415     1.6481 1.0715e-01    -0.1226   103.1113     8.0150     8.2896    32.5568    32.5557    26.1743    26.1736    8.41051 0.0000e+00
       2116     62.787    -1.0308    -1.0360   2.639153   2.638584     2.1066     2.5417      7.991     0.9309     1.9245 1.0715e-01    -0.1226   103.1113     8.0123     8.2882    32.5569    32.5548    26.1744    26.1729    8.41072 0.0000e+00
       2119     62.900    -1.0361    -1.0398   2.638602   2.638170     2.1053     2.5400      7.991     0.9521     1.9245 1.0715e-01    -0.1226   103.1113     8.0098     8.2822    32.5551    32.5533    26.1731    26.1718    8.41204 0.0000e+00
       2122     63.019    -1.0430    -1.0468   2.638088   2.637488     2.1049     2.5396      7.993     0.9521     1.9245 1.0715e-01    -0.1226   103.1113     8.0067     8.2814    32.5555    32.5515    26.1737    26.1706    8.41358 0.0000e+00
       2125     63.146    -1.0500    -1.0544   2.637656   2.637082     2.1049     2.5396      7.991     0.9415     1.9245 1.0715e-01    -0.1226   103.1113     8.0105     8.2794    32.5572    32.5542    26.1752    26.1730    8.41509 0.0000e+00
       2128     63.275    -1.0541    -1.0592   2.637583   2.637000     2.1037     2.5380      7.991     0.9521     1.9245 1.0715e-01    -0.1226   103.1113     8.0029     8.2713    32.5605    32.5582    26.1781    26.1764    8.41584 0.0000e+00
       2131     63.409    -1.0584    -1.0632   2.637357   2.636762     2.1033     2.5372      7.991     0.9203     1.9245 1.0715e-01    -0.1236   103.1385     7.9979     8.2694    32.5621    32.5592    26.1795    26.1773    8.41674 0.0000e+00
       2134     63.546    -1.0619    -1.0668   2.637226   2.636601     2.1033     2.5363      7.991     0.8992     1.9245 1.0715e-01    -0.1233   103.1294     7.9987     8.2636    32.5640    32.5608    26.1812    26.1787    8.41742 0.0000e+00
       2137     63.685    -1.0652    -1.0700   2.636891   2.636315     2.1025     2.5351      7.991     0.9097     2.1614 1.0715e-01    -0.1226   103.1113     7.9963     8.2554    32.5630    32.5603    26.1804    26.1784    8.41825 0.0000e+00
       2140     63.830    -1.0715    -1.0763   2.636471   2.635891     2.1017     2.5351      7.991     0.9203     4.3722 1.0715e-01    -0.1233   103.1294     7.9966     8.2569    32.5641    32.5613    26.1815    26.1794    8.41963 0.0000e+00
       2143     63.979    -1.0753    -1.0801   2.636334   2.635763     2.1001     2.5339      7.991     0.9203     4.4117 1.0715e-01    -0.1233   103.1294     7.9863     8.2528    32.5662    32.5636    26.1833    26.1814    8.42037 0.0000e+00
       2146     64.129    -1.0773    -1.0822   2.636211   2.635630     2.1005     2.5327      7.990     0.9203     4.4117 1.0715e-01    -0.1236   103.1385     7.9848     8.2465    32.5666    32.5640    26.1837    26.1818    8.42080 0.0000e+00
       2149     64.277    -1.0813    -1.0851   2.635710   2.635281     2.0997     2.5311      7.991     0.9097     4.4117 1.0715e-01    -0.1236   103.1385     7.9837     8.2415    32.5640    32.5623    26.1818    26.1805    8.42188 0.0000e+00
       2152     64.427    -1.0967    -1.0974   2.634136   2.633786     2.0984     2.5311      7.987     0.9203     4.4117 1.0715e-01    -0.1247   103.1656     7.9805     8.2474    32.5592    32.5552    26.1784    26.1751    8.42568 0.0000e+00
       2155     64.578    -1.1155    -1.1180   2.632663   2.632114     2.0980     2.5294      7.989     0.8992     4.4117 1.0715e-01    -0.1247   103.1656     7.9831     8.2450    32.5595    32.5548    26.1792    26.1754    8.42998 0.0000e+00
       2158     64.725    -1.1347    -1.1391   2.631361   2.630788     2.0976     2.5286      7.989     0.8992     4.4117 1.0715e-01    -0.1250   103.1746     7.9868     8.2474    32.5626    32.5596    26.1823    26.1799    8.43422 0.0000e+00
       2161     64.871    -1.1387    -1.1441   2.631925   2.631349     2.0976     2.5282      7.987     0.8463     4.4117 1.0715e-01    -0.1247   103.1656     7.9925     8.2477    32.5746    32.5726    26.1921    26.1906    8.43445 0.0000e+00
       2164     65.017    -1.1278    -1.1331   2.633085   2.632623     2.0964     2.5270      7.987     0.8569     3.6616 1.0715e-01    -0.1247   103.1656     7.9842     8.2412    32.5784    32.5779    26.1949    26.1946    8.43172 0.0000e+00
