Datasets/AZMP/TEL210/tel210_2020_074.cnv
* Sea-Bird SBE 9 Data File:
* FileName = C:\CTDDATA\tel210_2020_074.hex
* Software Version Seasave V 7.26.7.110
* Temperature SN = 1697
* Conductivity SN = 4216
* Number of Bytes Per Scan = 30
* Number of Voltage Words = 4
* Number of Scans Averaged by the Deck Unit = 1
* NMEA baud rate = 4800
** VESSEL/TRIP/SEQ STN:  tel210_2020_074
** LATITUDE XX XX.XX: 52 37.38 N
** LONGITUDE XX XX.XX: 052 12.96 W
** SOUNDING DEPTH (M): 0291
** PROBE TYPE: S1146
** CTD NUMBER: 049
** COMMENTS (14 CHAR): C0-01
** BOTTLES:  0
** LEVELS:
** STICKERS:
** VNET: N
** DO2: N
# nquan = 22
# nvalues = 6186                        
# units = specified
# name 0 = scan: Scan Count
# name 1 = prDM: Pressure, Digiquartz [db]
# name 2 = t090C: Temperature [ITS-90, deg C]
# name 3 = t190C: Temperature, 2 [ITS-90, deg C]
# name 4 = c0S/m: Conductivity [S/m]
# name 5 = c1S/m: Conductivity, 2 [S/m]
# name 6 = sbeox0V: Oxygen raw, SBE 43 [V]
# name 7 = sbeox1V: Oxygen raw, SBE 43, 2 [V]
# name 8 = ph: pH
# name 9 = flECO-AFL: Fluorescence, WET Labs ECO-AFL/FL [mg/m^3]
# name 10 = wetCDOM: Fluorescence, WET Labs CDOM [mg/m^3]
# name 11 = par/sat/log: PAR/Logarithmic, Satlantic [umol photons/m^2/sec]
# name 12 = CStarAt0: Beam Attenuation, WET Labs C-Star [1/m]
# name 13 = CStarTr0: Beam Transmission, WET Labs C-Star [%]
# name 14 = sbeox0ML/L: Oxygen, SBE 43 [ml/l], WS = 2
# name 15 = sbeox1ML/L: Oxygen, SBE 43, 2 [ml/l], WS = 2
# name 16 = sal00: Salinity, Practical [PSU]
# name 17 = sal11: Salinity, Practical, 2 [PSU]
# name 18 = sigma-t00: Density [sigma-t, kg/m^3 ]
# name 19 = sigma-t11: Density, 2 [sigma-t, kg/m^3 ]
# name 20 = oxsatML/L: Oxygen Saturation, Weiss [ml/l]
# name 21 = flag: flag
# span 0 =         33,      19615       
# span 1 =      2.064,    287.580       
# span 2 =    -0.5947,     9.8242       
# span 3 =    -0.6074,     9.8197       
# span 4 =   2.718051,   3.498626       
# span 5 =   2.716711,   3.498233       
# span 6 =     1.9730,     2.5358       
# span 7 =     2.3840,     3.0806       
# span 8 =      7.883,      8.166       
# span 9 =     0.6558,     2.3595       
# span 10 =    -2.6946,   481.7133      
# span 11 = 1.0678e-01, 1.0752e-01      
# span 12 =    -0.1394,     0.1126      
# span 13 =    97.2243,   103.5454      
# span 14 =     6.6046,     9.7234      
# span 15 =     6.7386,    10.4946      
# span 16 =    31.9794,    34.6211      
# span 17 =    31.9953,    34.6228      
# span 18 =    24.6232,    27.5439      
# span 19 =    24.6364,    27.5456      
# span 20 =    6.46500,    8.27669      
# span 21 = 0.0000e+00, 0.0000e+00      
# interval = scans: 3                   
# start_time = Jul 24 2020 04:15:48 [System UTC, header]
# bad_flag = -9.990e-29
*END*
[from data line 5861]
      18492     24.723    -0.3814    -0.3828   2.720880   2.720626     2.1838     2.6479      7.974     0.9415     0.4637 1.0715e-01     0.0301    99.2499     8.1972     8.4893    32.9749    32.9731    26.4887    26.4872    8.24073 0.0000e+00
      18495     24.643    -0.3761    -0.3780   2.721359   2.720999     2.1834     2.6463      7.974     0.9627     0.5032 1.0715e-01     0.0298    99.2590     8.1958     8.4929    32.9756    32.9729    26.4890    26.4868    8.23952 0.0000e+00
      18498     24.565    -0.3709    -0.3722   2.721765   2.721574     2.1829     2.6455      7.974     0.9627     0.5032 1.0715e-01     0.0258    99.3585     8.1965     8.4999    32.9754    32.9742    26.4886    26.4878    8.23838 0.0000e+00
      18501     24.491    -0.3682    -0.3646   2.722008   2.721998     2.1829     2.6455      7.971     0.8780     0.5032 1.0715e-01     0.0214    99.4670     8.2046     8.5111    32.9758    32.9718    26.4888    26.4854    8.23777 0.0000e+00
      18504     24.418    -0.3658    -0.3603   2.722233   2.722296     2.1821     2.6451      7.974     0.8569     0.5032 1.0715e-01     0.0221    99.4489     8.2090     8.5194    32.9762    32.9711    26.4890    26.4847    8.23721 0.0000e+00
      18507     24.346    -0.3595    -0.3544   2.722413   2.722858     2.1813     2.6447      7.974     0.8463     0.5032 1.0715e-01     0.0221    99.4489     8.2087     8.5305    32.9718    32.9722    26.4852    26.4854    8.23605 0.0000e+00
      18510     24.275    -0.3564    -0.3478   2.722634   2.723131     2.1813     2.6451      7.974     0.8569     0.5032 1.0715e-01     0.0214    99.4670     8.2122     8.5488    32.9714    32.9688    26.4848    26.4823    8.23540 0.0000e+00
      18513     24.209    -0.3495    -0.3422   2.723013   2.723298     2.1817     2.6443      7.972     0.8569     0.5032 1.0715e-01     0.0217    99.4579     8.2184     8.5600    32.9690    32.9649    26.4826    26.4789    8.23401 0.0000e+00
      18516     24.145    -0.3440    -0.3370   2.723225   2.723563     2.1813     2.6447      7.972     0.8675     0.3848 1.0715e-01     0.0221    99.4489     8.2216     8.5735    32.9659    32.9629    26.4798    26.4770    8.23297 0.0000e+00
      18519     24.084    -0.3356    -0.3312   2.723886   2.723817     2.1813     2.6447      7.974     0.8569     0.3059 1.0715e-01     0.0098    99.7563     8.2274     8.5873    32.9657    32.9600    26.4792    26.4745    8.23113 0.0000e+00
      18522     24.023    -0.3277    -0.3321   2.723935   2.723834     2.1821     2.6447      7.974     0.8569     0.3848 1.0727e-01     0.0065    99.8377     8.2408     8.5998    32.9578    32.9612    26.4725    26.4755    8.22982 0.0000e+00
      18525     23.962    -0.3296    -0.3252   2.723647   2.724688     2.1817     2.6455      7.974     0.8463     0.3848 1.0715e-01     0.0069    99.8287     8.2493     8.6126    32.9560    32.9652    26.4712    26.4784    8.23034 0.0000e+00
      18528     23.902    -0.3276    -0.3080   2.724340   2.725802     2.1825     2.6451      7.974     0.8675     0.3848 1.0715e-01     0.0069    99.8287     8.2638     8.6185    32.9631    32.9614    26.4768    26.4746    8.22950 0.0000e+00
      18531     23.840    -0.3161    -0.2917   2.725885   2.726136     2.1809     2.6463      7.974     0.8463     0.3848 1.0715e-01     0.0069    99.8287     8.2668     8.6323    32.9713    32.9482    26.4829    26.4632    8.22651 0.0000e+00
      18534     23.783    -0.2928    -0.2956   2.727605   2.725681     2.1813     2.6479      7.974     0.8569     0.3453 1.0715e-01     0.0069    99.8287     8.2778     8.6569    32.9690    32.9463    26.4801    26.4619    8.22150 0.0000e+00
      18537     23.723    -0.2718    -0.3096   2.728361   2.725661     2.1817     2.6479      7.974     0.8569     0.3453 1.0715e-01     0.0047    99.8830     8.2897     8.6781    32.9563    32.9613    26.4689    26.4746    8.21760 0.0000e+00
      18540     23.661    -0.2618    -0.3199   2.728604   2.725513     2.1821     2.6483      7.974     0.8675     0.3848 1.0715e-01    -0.0123   100.3079     8.3080     8.6989    32.9488    32.9706    26.4624    26.4826    8.21582 0.0000e+00
      18543     23.601    -0.2562    -0.3286   2.728277   2.725317     2.1829     2.6500      7.974     0.8569     0.5032 1.0715e-01    -0.0127   100.3170     8.3314     8.7269    32.9384    32.9774    26.4538    26.4884    8.21517 0.0000e+00
      18546     23.537    -0.2551    -0.3356   2.728896   2.725293     2.1838     2.6504      7.974     0.8569     0.5032 1.0715e-01    -0.0127   100.3170     8.3570     8.7512    32.9455    32.9848    26.4595    26.4947    8.21454 0.0000e+00
      18549     23.473    -0.2417    -0.3382   2.730770   2.726088     2.1838     2.6516      7.974     0.8569     0.4637 1.0715e-01    -0.0127   100.3170     8.3756     8.7764    32.9559    32.9982    26.4673    26.5056    8.21100 0.0000e+00
      18552     23.407    -0.2207    -0.3114   2.731405   2.727303     2.1854     2.6524      7.974     0.8675     0.5032 1.0715e-01    -0.0127   100.3170     8.4012     8.7926    32.9416    32.9853    26.4547    26.4941    8.20718 0.0000e+00
      18555     23.338    -0.2142    -0.2996   2.731541   2.727012     2.1874     2.6549      7.974     0.9203     0.5032 1.0715e-01    -0.0127   100.3170     8.4311     8.8188    32.9365    32.9687    26.4503    26.4801    8.20605 0.0000e+00
      18558     23.267    -0.2137    -0.3109   2.731469   2.726438     2.1887     2.6573      7.974     0.9097     0.5032 1.0715e-01    -0.0173   100.4346     8.4555     8.8529    32.9350    32.9734    26.4492    26.4844    8.20602 0.0000e+00
      18561     23.194    -0.2096    -0.3047   2.732217   2.727474     2.1895     2.6597      7.974     0.9203     0.5032 1.0715e-01    -0.0278   100.6968     8.4740     8.8797    32.9405    32.9804    26.4534    26.4899    8.20481 0.0000e+00
      18564     23.121    -0.2005    -0.2823   2.732462   2.728681     2.1915     2.6614      7.974     0.9097     0.5032 1.0715e-01    -0.0278   100.6968     8.4935     8.8988    32.9340    32.9723    26.4477    26.4823    8.20318 0.0000e+00
      18567     23.041    -0.2036    -0.2576   2.732159   2.730713     2.1940     2.6642      7.974     0.9415     0.7401 1.0715e-01    -0.0278   100.6968     8.5166     8.9204    32.9334    32.9726    26.4474    26.4815    8.20390 0.0000e+00
      18570     22.960    -0.1960    -0.2328   2.733781   2.731190     2.1948     2.6671      7.974     0.9203     1.0954 1.0715e-01    -0.0278   100.6968     8.5276     8.9424    32.9467    32.9521    26.4578    26.4638    8.20148 0.0000e+00
      18573     22.875    -0.1814    -0.2311   2.734076   2.731141     2.1972     2.6691      7.974     0.9097     1.0954 1.0715e-01    -0.0278   100.6968     8.5422     8.9669    32.9348    32.9497    26.4476    26.4618    8.19893 0.0000e+00
      18576     22.791    -0.1760    -0.2258   2.734630   2.732516     2.1984     2.6719      7.974     0.9203     1.0954 1.0715e-01    -0.0278   100.6968     8.5504     8.9908    32.9364    32.9623    26.4486    26.4717    8.19766 0.0000e+00
      18579     22.701    -0.1770    -0.1916   2.734299   2.735436     2.2009     2.6748      7.974     1.0156     1.0954 1.0715e-01    -0.0361   100.9048     8.5730     9.0056    32.9332    32.9641    26.4461    26.4717    8.19807 0.0000e+00
      18582     22.607    -0.1835    -0.1595   2.733895   2.735620     2.2029     2.6776      7.974     1.0791     1.0954 1.0715e-01    -0.0425   101.0676     8.5937     9.0268    32.9349    32.9319    26.4477    26.4442    8.19939 0.0000e+00
      18585     22.511    -0.1936    -0.1914   2.733540   2.732672     2.2045     2.6797      7.974     1.0791     1.0954 1.0715e-01    -0.0418   101.0495     8.6129     9.0626    32.9412    32.9273    26.4533    26.4419    8.20127 0.0000e+00
      18588     22.414    -0.1881    -0.2265   2.736026   2.730519     2.2057     2.6837      7.974     1.0791     1.0954 1.0715e-01    -0.0425   101.0676     8.6241     9.1088    32.9683    32.9367    26.4749    26.4511    8.19854 0.0000e+00
      18591     22.319    -0.1679    -0.2357   2.737994   2.734935     2.2078     2.6866      7.974     1.0897     1.0954 1.0715e-01    -0.0421   101.0585     8.6402     9.1387    32.9726    33.0054    26.4775    26.5070    8.19386 0.0000e+00
      18594     22.216    -0.1448    -0.1804   2.738189   2.737939     2.2098     2.6898      7.973     1.0791     2.0035 1.0715e-01    -0.0425   101.0676     8.6583     9.1574    32.9503    32.9854    26.4583    26.4884    8.19006 0.0000e+00
      18597     22.110    -0.1569    -0.1218   2.735930   2.742800     2.2115     2.6943      7.974     1.0897     2.2798 1.0715e-01    -0.0418   101.0495     8.6838     9.1781    32.9335    32.9865    26.4454    26.4866    8.19365 0.0000e+00
      18600     22.005    -0.1469    -0.0739   2.743010   2.745847     2.2143     2.6980      7.974     1.0791     2.2798 1.0715e-01    -0.0514   101.2937     8.7086     9.2013    33.0166    32.9751    26.5120    26.4752    8.18681 0.0000e+00
      18603     21.894    -0.0257     0.0066   2.753863   2.751664     2.2176     2.7017      7.973     1.0791     2.2798 1.0715e-01    -0.0536   101.3479     8.7036     9.2140    33.0291    32.9653    26.5165    26.4634    8.15967 0.0000e+00
      18606     21.781     0.0827     0.0722   2.758097   2.755169     2.2192     2.7070      7.973     1.2166     2.2798 1.0715e-01    -0.0536   101.3479     8.7030     9.2370    32.9681    32.9408    26.4621    26.4406    8.13955 0.0000e+00
      18609     21.665     0.1579     0.1617   2.762892   2.762777     2.2224     2.7106      7.971     1.2272     2.2798 1.0715e-01    -0.0536   101.3479     8.7157     9.2400    32.9503    32.9447    26.4440    26.4393    8.12428 0.0000e+00
      18612     21.551     0.2351     0.2514   2.769328   2.769016     2.2253     2.7163      7.970     1.2378     2.2798 1.0715e-01    -0.0536   101.3479     8.7195     9.2507    32.9519    32.9303    26.4414    26.4232    8.10757 0.0000e+00
      18615     21.438     0.3044     0.3216   2.773844   2.773928     2.2277     2.7208      7.972     1.2378     2.2798 1.0715e-01    -0.0536   101.3479     8.7249     9.2589    32.9368    32.9194    26.4257    26.4108    8.09352 0.0000e+00
      18618     21.321     0.3545     0.3764   2.777105   2.777179     2.2306     2.7249      7.969     1.2378     2.3982 1.0715e-01    -0.0525   101.3208     8.7372     9.2677    32.9258    32.9034    26.4142    26.3950    8.08339 0.0000e+00
      18621     21.201     0.3958     0.4072   2.779813   2.779428     2.2342     2.7297      7.969     1.2378     3.5036 1.0715e-01    -0.0478   101.2032     8.7512     9.2841    32.9170    32.8998    26.4050    26.3905    8.07505 0.0000e+00
      18624     21.085     0.4269     0.4313   2.781861   2.780558     2.2379     2.7362      7.970     1.2272     3.5826 1.0715e-01    -0.0471   101.1851     8.7697     9.3070    32.9106    32.8889    26.3981    26.3804    8.06877 0.0000e+00
      18627     20.968     0.4546     0.4216   2.784359   2.780595     2.2403     2.7403      7.970     1.2378     3.5826 1.0715e-01    -0.0471   101.1851     8.7842     9.3248    32.9135    32.8998    26.3991    26.3897    8.06269 0.0000e+00
      18630     20.848     0.4813     0.4498   2.786252   2.784334     2.2444     2.7456      7.969     1.2695     3.5826 1.0715e-01    -0.0475   101.1942     8.8055     9.3329    32.9098    32.9184    26.3946    26.4033    8.05722 0.0000e+00
      18633     20.725     0.5044     0.4828   2.787979   2.786522     2.2469     2.7501      7.969     1.4177     3.5826 1.0715e-01    -0.0471   101.1851     8.8154     9.3362    32.9077    32.9117    26.3917    26.3961    8.05244 0.0000e+00
      18636     20.608     0.5246     0.5051   2.790687   2.787840     2.2497     2.7554      7.968     1.3965     3.5826 1.0715e-01    -0.0478   101.2032     8.8264     9.3451    32.9214    32.9051    26.4016    26.3896    8.04739 0.0000e+00
      18639     20.489     0.5629     0.4886   2.793985   2.784916     2.2538     2.7595      7.971     1.4283     3.5826 1.0715e-01    -0.0367   100.9229     8.8427     9.3629    32.9235    32.8848    26.4012    26.3740    8.03915 0.0000e+00
      18642     20.367     0.5836     0.4959   2.794108   2.789461     2.2570     2.7652      7.971     1.4177     3.5826 1.0715e-01    -0.0195   100.4888     8.8571     9.3728    32.9031    32.9362    26.3836    26.4151    8.03589 0.0000e+00
      18645     20.248     0.5629     0.5653   2.790474   2.796436     2.2599     2.7696      7.971     1.4283     3.2668 1.0715e-01    -0.0202   100.5069     8.8844     9.3583    32.8780    32.9529    26.3646    26.4247    8.04165 0.0000e+00
      18648     20.131     0.5828     0.6282   2.797967   2.799781     2.2648     2.7737      7.971     1.4177     2.4377 1.0715e-01    -0.0202   100.5069     8.9041     9.3497    32.9542    32.9292    26.4248    26.4022    8.03326 0.0000e+00
      18651     20.016     0.6319     0.6272   2.800790   2.795415     2.2680     2.7782      7.973     1.4283     2.5167 1.0715e-01    -0.0202   100.5069     8.9111     9.3668    32.9385    32.8738    26.4094    26.3576    8.02373 0.0000e+00
      18654     19.906     0.6449     0.6074   2.797561   2.797715     2.2713     2.7823      7.974     1.4071     2.5167 1.0715e-01    -0.0202   100.5069     8.9286     9.3814    32.8828    32.9248    26.3639    26.3998    8.02402 0.0000e+00
      18657     19.797     0.6502     0.6573   2.800169   2.800690     2.2741     2.7867      7.975     1.3859     2.5167 1.0715e-01    -0.0198   100.4979     8.9416     9.3811    32.9110    32.9102    26.3863    26.3853    8.02137 0.0000e+00
      18660     19.691     0.6731     0.6895   2.802230   2.804348     2.2782     2.7912      7.978     1.2907     2.5167 1.0715e-01    -0.0032   100.0819     8.9559     9.3873    32.9135    32.9234    26.3870    26.3940    8.01641 0.0000e+00
      18663     19.592     0.7068     0.7322   2.806217   2.805784     2.2823     2.7961      7.980     1.2907     2.5167 1.0715e-01     0.0058    99.8558     8.9635     9.3939    32.9293    32.8966    26.3977    26.3700    8.00845 0.0000e+00
      18666     19.498     0.7397     0.7327   2.807907   2.804822     2.2859     2.7993      7.982     1.2802     2.5167 1.0715e-01     0.0058    99.8558     8.9691     9.4049    32.9162    32.8837    26.3853    26.3596    8.00224 0.0000e+00
      18669     19.408     0.7713     0.7166   2.809871   2.803553     2.2900     2.8042      7.985     1.3013     2.5167 1.0715e-01     0.0054    99.8648     8.9718     9.4253    32.9080    32.8845    26.3769    26.3612    7.99605 0.0000e+00
      18672     19.322     0.7784     0.7048   2.808278   2.804384     2.2932     2.8087      7.985     1.2802     1.1349 1.0715e-01     0.0054    99.8648     8.9784     9.4383    32.8799    32.9078    26.3539    26.3805    7.99608 0.0000e+00
      18675     19.240     0.7755     0.7399   2.807824   2.807702     2.2965     2.8128      7.990     1.2907     0.1874 1.0715e-01     0.0054    99.8648     8.9900     9.4330    32.8772    32.9134    26.3519    26.3831    7.99683 0.0000e+00
      18678     19.165     0.7691     0.7596   2.806729   2.806412     2.2998     2.8181      7.991     1.2696     0.2664 1.0715e-01     0.0058    99.8558     9.0061     9.4402    32.8699    32.8759    26.3464    26.3517    7.99858 0.0000e+00
      18681     19.091     0.7638     0.7333   2.806220   2.803999     2.3034     2.8222      7.991     1.2802     0.2664 1.0715e-01     0.0086    99.7834     9.0222     9.4549    32.8690    32.8726    26.3460    26.3507    7.99975 0.0000e+00
