Datasets/AZMP/TEL210/tel210_2020_051.cnv
* Sea-Bird SBE 9 Data File:
* FileName = C:\CTDDATA\tel210_2020_051.hex
* Software Version Seasave V 7.26.7.110
* Temperature SN = 1697
* Conductivity SN = 4216
* Number of Bytes Per Scan = 30
* Number of Voltage Words = 4
* Number of Scans Averaged by the Deck Unit = 1
* NMEA baud rate = 4800
** VESSEL/TRIP/SEQ STN:  tel210_2020_051
** LATITUDE XX XX.XX: 49 16.80 N
** LONGITUDE XX XX.XX: 051 16.80 W
** SOUNDING DEPTH (M): 0320
** PROBE TYPE: S1146
** CTD NUMBER: 041
** COMMENTS (14 CHAR): BB-08
** BOTTLES:  10
** LEVELS: 5,10,20,30,40,50,75,100,150,BTM
** STICKERS: 436044 - 436053
** VNET: Y
** DO2: N
# nquan = 22
# nvalues = 7137                        
# units = specified
# name 0 = scan: Scan Count
# name 1 = prDM: Pressure, Digiquartz [db]
# name 2 = t090C: Temperature [ITS-90, deg C]
# name 3 = t190C: Temperature, 2 [ITS-90, deg C]
# name 4 = c0S/m: Conductivity [S/m]
# name 5 = c1S/m: Conductivity, 2 [S/m]
# name 6 = sbeox0V: Oxygen raw, SBE 43 [V]
# name 7 = sbeox1V: Oxygen raw, SBE 43, 2 [V]
# name 8 = ph: pH
# name 9 = flECO-AFL: Fluorescence, WET Labs ECO-AFL/FL [mg/m^3]
# name 10 = wetCDOM: Fluorescence, WET Labs CDOM [mg/m^3]
# name 11 = par/sat/log: PAR/Logarithmic, Satlantic [umol photons/m^2/sec]
# name 12 = CStarAt0: Beam Attenuation, WET Labs C-Star [1/m]
# name 13 = CStarTr0: Beam Transmission, WET Labs C-Star [%]
# name 14 = sbeox0ML/L: Oxygen, SBE 43 [ml/l], WS = 2
# name 15 = sbeox1ML/L: Oxygen, SBE 43, 2 [ml/l], WS = 2
# name 16 = sal00: Salinity, Practical [PSU]
# name 17 = sal11: Salinity, Practical, 2 [PSU]
# name 18 = sigma-t00: Density [sigma-t, kg/m^3 ]
# name 19 = sigma-t11: Density, 2 [sigma-t, kg/m^3 ]
# name 20 = oxsatML/L: Oxygen Saturation, Weiss [ml/l]
# name 21 = flag: flag
# span 0 =         69,      45795       
# span 1 =      1.587,    320.555       
# span 2 =    -0.8317,    10.6843       
# span 3 =    -0.8536,    10.6792       
# span 4 =   2.700272,   3.599132       
# span 5 =   2.698825,   3.598416       
# span 6 =     1.8672,     2.6273       
# span 7 =     2.2428,     3.2556       
# span 8 =      7.948,      8.348       
# span 9 =     0.6452,     1.4600       
# span 10 =    -2.8130,   482.1870      
# span 11 = 1.0580e-01, 5.4398e-01      
# span 12 =    -0.1443,     0.1085      
# span 13 =    97.3237,   103.6720      
# span 14 =     6.1073,     9.7987      
# span 15 =     6.3474,    10.7466      
# span 16 =    31.3817,    34.7283      
# span 17 =    32.2224,    34.7309      
# span 18 =    24.5504,    27.6371      
# span 19 =    24.6824,    27.6394      
# span 20 =    6.33391,    8.32911      
# span 21 = 0.0000e+00, 0.0000e+00      
# interval = scans: 3                   
# start_time = Jul 21 2020 02:41:00 [System UTC, header]
# bad_flag = -9.990e-29
*END*
[from data line 4939]
      17974    179.652     2.9465     2.9451   3.125574   3.125784     1.9373     2.3429      7.991     0.7616     4.6485 1.0715e-01    -0.1194   103.0299     6.4079     6.6978    34.4617    34.4656    27.4602    27.4635    7.48304 0.0000e+00
      17977    179.577     2.9467     2.9454   3.125617   3.125782     1.9373     2.3416      7.991     0.7616     4.6485 1.0727e-01    -0.1198   103.0390     6.4098     6.6879    34.4620    34.4654    27.4604    27.4632    7.48298 0.0000e+00
      17980    179.502     2.9465     2.9451   3.125460   3.125643     1.9373     2.3416      7.991     0.7510     3.8589 1.0727e-01    -0.1198   103.0390     6.4111     6.6856    34.4603    34.4641    27.4591    27.4622    7.48310 0.0000e+00
      17983    179.425     2.9460     2.9443   3.125434   3.125648     1.9360     2.3408      7.991     0.7616     3.3457 1.0727e-01    -0.1194   103.0299     6.4056     6.6830    34.4606    34.4650    27.4594    27.4630    7.48318 0.0000e+00
      17986    179.348     2.9462     2.9439   3.125448   3.125630     1.9348     2.3400      7.991     0.7616     3.3457 1.0727e-01    -0.1201   103.0480     6.3989     6.6813    34.4606    34.4653    27.4593    27.4633    7.48314 0.0000e+00
      17989    179.268     2.9462     2.9440   3.125454   3.125705     1.9348     2.3384      7.991     0.7510     3.3457 1.0715e-01    -0.1198   103.0390     6.3981     6.6773    34.4607    34.4661    27.4595    27.4640    7.48314 0.0000e+00
      17992    179.192     2.9464     2.9445   3.125337   3.125579     1.9348     2.3384      7.991     0.7616     3.3457 1.0715e-01    -0.1194   103.0299     6.4001     6.6774    34.4591    34.4640    27.4581    27.4623    7.48317 0.0000e+00
      17995    179.112     2.9451     2.9438   3.124954   3.125332     1.9344     2.3380      7.991     0.7405     3.3457 1.0715e-01    -0.1198   103.0390     6.4002     6.6763    34.4558    34.4618    27.4557    27.4606    7.48358 0.0000e+00
      17998    179.033     2.9438     2.9427   3.124717   3.125178     1.9336     2.3367      7.991     0.7405     3.3457 1.0715e-01    -0.1198   103.0390     6.3961     6.6732    34.4543    34.4612    27.4546    27.4602    7.48390 0.0000e+00
      18001    178.953     2.9428     2.9415   3.124722   3.124952     1.9336     2.3355      7.991     0.7299     3.3457 1.0727e-01    -0.1198   103.0390     6.3966     6.6688    34.4556    34.4598    27.4557    27.4592    7.48404 0.0000e+00
      18004    178.871     2.9425     2.9412   3.124789   3.124925     1.9328     2.3355      7.991     0.7299     3.3457 1.0715e-01    -0.1194   103.0299     6.3953     6.6707    34.4568    34.4598    27.4567    27.4592    7.48403 0.0000e+00
      18007    178.789     2.9423     2.9389   3.124740   3.124557     1.9324     2.3355      7.991     0.7299     1.9639 1.0715e-01    -0.1201   103.0480     6.3984     6.6731    34.4564    34.4578    27.4564    27.4579    7.48408 0.0000e+00
      18010    178.709     2.9421     2.9377   3.124715   3.124433     1.9316     2.3355      7.991     0.7299     1.8060 1.0715e-01    -0.1201   103.0480     6.3952     6.6743    34.4563    34.4576    27.4564    27.4577    7.48412 0.0000e+00
      18013    178.624     2.9420     2.9376   3.124655   3.124412     1.9316     2.3339      7.991     0.7299     1.8060 1.0715e-01    -0.1198   103.0390     6.3930     6.6690    34.4557    34.4576    27.4559    27.4577    7.48417 0.0000e+00
      18016    178.539     2.9414     2.9370   3.124485   3.124307     1.9320     2.3331      7.991     0.7405     1.8060 1.0715e-01    -0.1205   103.0571     6.3946     6.6654    34.4544    34.4569    27.4549    27.4573    7.48436 0.0000e+00
      18019    178.453     2.9409     2.9374   3.124374   3.124423     1.9316     2.3327      7.991     0.7299     1.8060 1.0727e-01    -0.1205   103.0571     6.3925     6.6646    34.4536    34.4580    27.4543    27.4581    7.48448 0.0000e+00
      18022    178.366     2.9400     2.9384   3.124244   3.124518     1.9312     2.3323      7.991     0.7616     1.7665 1.0715e-01    -0.1205   103.0571     6.3906     6.6654    34.4531    34.4581    27.4539    27.4581    7.48468 0.0000e+00
      18025    178.275     2.9396     2.9379   3.124309   3.124406     1.9299     2.3310      7.991     0.7722     1.8060 1.0715e-01    -0.1205   103.0571     6.3837     6.6593    34.4542    34.4573    27.4549    27.4575    7.48469 0.0000e+00
      18028    178.184     2.9397     2.9366   3.124412   3.124089     1.9303     2.3315      7.991     0.7616     1.8060 1.0727e-01    -0.1205   103.0571     6.3866     6.6583    34.4555    34.4549    27.4560    27.4557    7.48462 0.0000e+00
      18031    178.090     2.9399     2.9353   3.124440   3.123945     1.9303     2.3302      7.991     0.7510     2.0429 1.0715e-01    -0.1205   103.0571     6.3880     6.6538    34.4556    34.4546    27.4560    27.4556    7.48457 0.0000e+00
      18034    177.994     2.9402     2.9355   3.124465   3.124185     1.9291     2.3294      7.991     0.7722     3.2273 1.0715e-01    -0.1205   103.0571     6.3817     6.6534    34.4557    34.4573    27.4560    27.4577    7.48451 0.0000e+00
      18037    177.902     2.9403     2.9371   3.124498   3.124363     1.9287     2.3294      7.991     0.7616     3.2273 1.0715e-01    -0.1205   103.0571     6.3768     6.6548    34.4561    34.4579    27.4563    27.4580    7.48448 0.0000e+00
      18040    177.807     2.9401     2.9379   3.124148   3.124472     1.9283     2.3282      7.991     0.7616     3.2273 1.0715e-01    -0.1205   103.0571     6.3759     6.6498    34.4521    34.4584    27.4532    27.4584    7.48472 0.0000e+00
      18043    177.707     2.9387     2.9383   3.123857   3.124483     1.9279     2.3282      7.991     0.7828     3.2273 1.0715e-01    -0.1201   103.0480     6.3732     6.6486    34.4500    34.4581    27.4516    27.4582    7.48508 0.0000e+00
      18046    177.604     2.9381     2.9393   3.123972   3.124627     1.9275     2.3278      7.991     0.7722     3.2273 1.0715e-01    -0.1205   103.0571     6.3687     6.6476    34.4522    34.4589    27.4534    27.4586    7.48509 0.0000e+00
      18049    177.502     2.9379     2.9380   3.124080   3.124298     1.9271     2.3266      7.988     0.7510     3.2273 1.0715e-01    -0.1205   103.0571     6.3647     6.6419    34.4538    34.4564    27.4547    27.4567    7.48505 0.0000e+00
      18052    177.394     2.9376     2.9380   3.123932   3.124403     1.9271     2.3257      7.988     0.7616     3.2273 1.0715e-01    -0.1198   103.0390     6.3609     6.6371    34.4523    34.4576    27.4535    27.4578    7.48517 0.0000e+00
      18055    177.280     2.9376     2.9376   3.124062   3.124111     1.9275     2.3261      7.991     0.7616     3.2273 1.0715e-01    -0.1162   102.9486     6.3655     6.6366    34.4539    34.4545    27.4548    27.4554    7.48508 0.0000e+00
      18058    177.165     2.9371     2.9342   3.123693   3.123615     1.9263     2.3253      7.988     0.7722     3.1878 1.0715e-01    -0.1162   102.9486     6.3608     6.6320    34.4500    34.4523    27.4518    27.4538    7.48537 0.0000e+00
      18061    177.048     2.9367     2.9336   3.123841   3.123718     1.9259     2.3245      7.987     0.7616     3.1089 1.0715e-01    -0.1162   102.9486     6.3546     6.6247    34.4524    34.4542    27.4537    27.4554    7.48534 0.0000e+00
      18064    176.928     2.9367     2.9359   3.123686   3.124076     1.9254     2.3237      7.987     0.7616     3.1089 1.0715e-01    -0.1162   102.9486     6.3494     6.6167    34.4505    34.4562    27.4522    27.4568    7.48543 0.0000e+00
      18067    176.807     2.9361     2.9373   3.123557   3.124236     1.9242     2.3233      7.987     0.7616     3.1089 1.0715e-01    -0.1162   102.9486     6.3393     6.6110    34.4497    34.4567    27.4516    27.4570    7.48558 0.0000e+00
      18070    176.683     2.9357     2.9381   3.123587   3.124239     1.9234     2.3225      7.987     0.7616     3.1089 1.0715e-01    -0.1162   102.9486     6.3324     6.6037    34.4505    34.4560    27.4522    27.4564    7.48561 0.0000e+00
      18073    176.556     2.9355     2.9379   3.123428   3.124159     1.9230     2.3217      7.987     0.7616     3.1089 1.0715e-01    -0.1138   102.8853     6.3268     6.5948    34.4489    34.4553    27.4510    27.4559    7.48574 0.0000e+00
      18076    176.428     2.9348     2.9353   3.123165   3.123671     1.9230     2.3205      7.987     0.7616     3.1089 1.0715e-01    -0.1099   102.7858     6.3264     6.5854    34.4465    34.4521    27.4491    27.4536    7.48598 0.0000e+00
      18079    176.298     2.9344     2.9318   3.123102   3.123113     1.9234     2.3196      7.987     0.7510     3.1089 1.0715e-01    -0.1096   102.7768     6.3267     6.5796    34.4462    34.4491    27.4489    27.4515    7.48607 0.0000e+00
      18082    176.164     2.9341     2.9307   3.123237   3.122952     1.9222     2.3192      7.987     0.7722     3.1089 1.0715e-01    -0.1099   102.7858     6.3202     6.5767    34.4483    34.4484    27.4507    27.4511    7.48604 0.0000e+00
      18085    176.029     2.9342     2.9310   3.123314   3.122960     1.9206     2.3172      7.987     0.7616     3.1878 1.0715e-01    -0.1096   102.7768     6.3108     6.5663    34.4492    34.4483    27.4514    27.4509    7.48597 0.0000e+00
      18088    175.897     2.9345     2.9307   3.123221   3.122884     1.9202     2.3164      7.987     0.7616     3.2273 1.0715e-01    -0.1099   102.7858     6.3058     6.5617    34.4478    34.4477    27.4502    27.4505    7.48598 0.0000e+00
      18091    175.763     2.9347     2.9311   3.123074   3.123012     1.9193     2.3156      7.987     0.7510     3.2273 1.0715e-01    -0.1096   102.7768     6.2971     6.5570    34.4459    34.4490    27.4487    27.4514    7.48604 0.0000e+00
      18094    175.629     2.9347     2.9324   3.123062   3.123239     1.9189     2.3139      7.984     0.7616     3.2273 1.0715e-01    -0.1053   102.6682     6.2884     6.5497    34.4458    34.4504    27.4486    27.4525    7.48605 0.0000e+00
      18097    175.494     2.9347     2.9322   3.123027   3.122964     1.9189     2.3123      7.985     0.7616     3.2273 1.0715e-01    -0.1025   102.5959     6.2804     6.5413    34.4454    34.4473    27.4483    27.4500    7.48606 0.0000e+00
      18100    175.357     2.9348     2.9317   3.123023   3.122930     1.9185     2.3127      7.982     0.7616     3.2273 1.0715e-01    -0.1025   102.5959     6.2721     6.5409    34.4454    34.4476    27.4483    27.4503    7.48605 0.0000e+00
      18103    175.218     2.9349     2.9316   3.123040   3.122888     1.9165     2.3115      7.982     0.7722     3.2273 1.0715e-01    -0.1025   102.5959     6.2617     6.5331    34.4455    34.4472    27.4484    27.4501    7.48602 0.0000e+00
      18106    175.079     2.9351     2.9319   3.123088   3.122985     1.9165     2.3102      7.982     0.7616     3.2273 1.0715e-01    -0.1025   102.5959     6.2600     6.5280    34.4460    34.4482    27.4488    27.4507    7.48596 0.0000e+00
      18109    174.939     2.9356     2.9323   3.123162   3.123027     1.9153     2.3090      7.982     0.7616     3.2668 1.0715e-01    -0.1025   102.5959     6.2517     6.5210    34.4464    34.4483    27.4490    27.4508    7.48584 0.0000e+00
      18112    174.803     2.9364     2.9329   3.123223   3.123066     1.9132     2.3086      7.982     0.7616     3.7010 1.0715e-01    -0.1022   102.5868     6.2364     6.5144    34.4464    34.4483    27.4489    27.4507    7.48570 0.0000e+00
      18115    174.669     2.9374     2.9334   3.123308   3.123092     1.9128     2.3070      7.980     0.7616     3.7405 1.0715e-01    -0.0962   102.4331     6.2316     6.5057    34.4464    34.4481    27.4489    27.4506    7.48550 0.0000e+00
      18118    174.534     2.9384     2.9335   3.123455   3.123119     1.9116     2.3058      7.979     0.7722     3.7010 1.0715e-01    -0.0951   102.4060     6.2231     6.4988    34.4472    34.4484    27.4494    27.4508    7.48527 0.0000e+00
      18121    174.398     2.9397     2.9345   3.123554   3.123176     1.9100     2.3037      7.977     0.7405     3.7010 1.0727e-01    -0.0951   102.4060     6.2154     6.4891    34.4471    34.4481    27.4492    27.4505    7.48503 0.0000e+00
      18124    174.265     2.9408     2.9354   3.123626   3.123177     1.9104     2.3029      7.977     0.7299     3.7010 1.0740e-01    -0.0951   102.4060     6.2205     6.4822    34.4469    34.4472    27.4489    27.4497    7.48484 0.0000e+00
      18127    174.132     2.9422     2.9360   3.123814   3.123226     1.9092     2.3013      7.977     0.6875     3.7010 1.0715e-01    -0.0951   102.4060     6.2152     6.4748    34.4478    34.4472    27.4495    27.4496    7.48453 0.0000e+00
      18130    174.001     2.9431     2.9358   3.123775   3.123235     1.9079     2.3009      7.977     0.7087     3.7010 1.0715e-01    -0.0951   102.4060     6.2106     6.4732    34.4464    34.4476    27.4483    27.4499    7.48443 0.0000e+00
      18133    173.876     2.9438     2.9359   3.123885   3.123281     1.9071     2.2984      7.977     0.7193     3.7010 1.0715e-01    -0.0940   102.3788     6.2102     6.4636    34.4471    34.4481    27.4488    27.4503    7.48427 0.0000e+00
      18136    173.751     2.9453     2.9360   3.124118   3.123295     1.9051     2.2968      7.975     0.6981     3.5826 1.0715e-01    -0.0894   102.2613     6.2037     6.4594    34.4484    34.4482    27.4497    27.4504    7.48392 0.0000e+00
      18139    173.625     2.9466     2.9384   3.124141   3.123480     1.9055     2.2960      7.977     0.6981     3.1089 1.0715e-01    -0.0898   102.2703     6.2060     6.4584    34.4473    34.4481    27.4487    27.4501    7.48372 0.0000e+00
      18142    173.502     2.9482     2.9425   3.124239   3.123792     1.9039     2.2952      7.972     0.7087     3.1089 1.0715e-01    -0.0894   102.2613     6.2013     6.4575    34.4469    34.4475    27.4482    27.4492    7.48345 0.0000e+00
      18145    173.383     2.9494     2.9450   3.124225   3.123877     1.9039     2.2948      7.972     0.7087     3.1089 1.0715e-01    -0.0891   102.2522     6.2018     6.4582    34.4455    34.4460    27.4470    27.4478    7.48330 0.0000e+00
      18148    173.265     2.9491     2.9455   3.124171   3.123885     1.9030     2.2919      7.972     0.7087     3.1089 1.0715e-01    -0.0898   102.2703     6.1996     6.4501    34.4452    34.4456    27.4468    27.4475    7.48336 0.0000e+00
      18151    173.149     2.9489     2.9448   3.124134   3.123827     1.9006     2.2907      7.970     0.7299     3.1089 1.0715e-01    -0.0894   102.2613     6.1923     6.4500    34.4450    34.4457    27.4467    27.4476    7.48341 0.0000e+00
      18154    173.039     2.9481     2.9443   3.124079   3.123786     1.9010     2.2903      7.969     0.7616     3.1089 1.0727e-01    -0.0859   102.1708     6.1994     6.4537    34.4454    34.4458    27.4470    27.4478    7.48355 0.0000e+00
      18157    172.934     2.9473     2.9441   3.124026   3.123768     1.8998     2.2891      7.967     0.7616     3.1089 1.0715e-01    -0.0792   101.9990     6.1970     6.4543    34.4456    34.4458    27.4473    27.4478    7.48369 0.0000e+00
      18160    172.831     2.9472     2.9431   3.124007   3.123737     1.8994     2.2882      7.969     0.7616     3.1089 1.0715e-01    -0.0795   102.0081     6.1957     6.4547    34.4455    34.4466    27.4473    27.4485    7.48371 0.0000e+00
      18163    172.729     2.9464     2.9425   3.123882   3.123749     1.8982     2.2866      7.967     0.7616     3.5037 1.0715e-01    -0.0792   101.9990     6.1922     6.4504    34.4449    34.4474    27.4468    27.4492    7.48389 0.0000e+00
      18166    172.633     2.9467     2.9422   3.123830   3.123682     1.8978     2.2858      7.967     0.7616     3.8195 1.0715e-01    -0.0792   101.9990     6.1917     6.4497    34.4440    34.4470    27.4461    27.4489    7.48388 0.0000e+00
