Datasets/AZMP/TEL210/tel210_2020_142.cnv
* Sea-Bird SBE 9 Data File:
* FileName = C:\CTDDATA\tel210_2020_142.hex
* Software Version Seasave V 7.26.7.110
* Temperature SN = 1697
* Conductivity SN = 4216
* Number of Bytes Per Scan = 30
* Number of Voltage Words = 4
* Number of Scans Averaged by the Deck Unit = 1
* NMEA baud rate = 4800
** VESSEL/TRIP/SEQ STN:  tel210_2020_142
** LATITUDE XX XX.XX: 47 47.40 N
** LONGITUDE XX XX.XX: 051 25.20 W
** SOUNDING DEPTH (M): 0143
** PROBE TYPE: S1146
** CTD NUMBER: 083
** COMMENTS (14 CHAR): S27-06
** BOTTLES:  0
** LEVELS:
** STICKERS:
** VNET: N
** DO2: N
# nquan = 22
# nvalues = 3085                        
# units = specified
# name 0 = scan: Scan Count
# name 1 = prDM: Pressure, Digiquartz [db]
# name 2 = t090C: Temperature [ITS-90, deg C]
# name 3 = t190C: Temperature, 2 [ITS-90, deg C]
# name 4 = c0S/m: Conductivity [S/m]
# name 5 = c1S/m: Conductivity, 2 [S/m]
# name 6 = sbeox0V: Oxygen raw, SBE 43 [V]
# name 7 = sbeox1V: Oxygen raw, SBE 43, 2 [V]
# name 8 = ph: pH
# name 9 = flECO-AFL: Fluorescence, WET Labs ECO-AFL/FL [mg/m^3]
# name 10 = wetCDOM: Fluorescence, WET Labs CDOM [mg/m^3]
# name 11 = par/sat/log: PAR/Logarithmic, Satlantic [umol photons/m^2/sec]
# name 12 = CStarAt0: Beam Attenuation, WET Labs C-Star [1/m]
# name 13 = CStarTr0: Beam Transmission, WET Labs C-Star [%]
# name 14 = sbeox0ML/L: Oxygen, SBE 43 [ml/l], WS = 2
# name 15 = sbeox1ML/L: Oxygen, SBE 43, 2 [ml/l], WS = 2
# name 16 = sal00: Salinity, Practical [PSU]
# name 17 = sal11: Salinity, Practical, 2 [PSU]
# name 18 = sigma-t00: Density [sigma-t, kg/m^3 ]
# name 19 = sigma-t11: Density, 2 [sigma-t, kg/m^3 ]
# name 20 = oxsatML/L: Oxygen Saturation, Weiss [ml/l]
# name 21 = flag: flag
# span 0 =          4,      10762       
# span 1 =      0.167,    141.835       
# span 2 =    -1.4186,    13.2117       
# span 3 =    -1.4243,    13.2076       
# span 4 =   1.975280,   3.751412       
# span 5 =   2.116840,   3.750949       
# span 6 =     1.8407,     2.5016       
# span 7 =     2.2058,     3.0308       
# span 8 =      7.825,      8.203       
# span 9 =     0.6981,     1.7775       
# span 10 =    -2.8130,   482.1870      
# span 11 = 1.0548e-01, 5.5369e-01      
# span 12 =    -0.1436,     0.2426      
# span 13 =    94.1858,   103.6539      
# span 14 =     6.0612,     8.6813      
# span 15 =     5.9134,     9.0775      
# span 16 =    15.6726,    33.1634      
# span 17 =    16.9319,    33.1628      
# span 18 =    11.4453,    26.6450      
# span 19 =    12.4150,    26.6447      
# span 20 =    6.02742,    8.48738      
# span 21 = 0.0000e+00, 0.0000e+00      
# interval = scans: 3                   
# start_time = Jul 31 2020 01:26:21 [System UTC, header]
# bad_flag = -9.990e-29
*END*
[from data line 1383]
       4909    138.912    -0.4733    -0.4793   2.732488   2.731960     1.8415     2.2074      7.834     0.7828    -1.1549 1.0727e-01    -0.0191   100.4798     6.7165     6.9528    33.1619    33.1615    26.6437    26.6436    8.25051 0.0000e+00
       4912    138.819    -0.4732    -0.4795   2.732484   2.731938     1.8424     2.2078      7.834     0.7722    -1.1549 1.0715e-01    -0.0195   100.4888     6.7212     6.9523    33.1618    33.1614    26.6436    26.6436    8.25050 0.0000e+00
       4915    138.718    -0.4733    -0.4794   2.732456   2.731958     1.8432     2.2086      7.834     0.7616    -1.1549 1.0727e-01    -0.0202   100.5069     6.7264     6.9538    33.1615    33.1616    26.6434    26.6438    8.25053 0.0000e+00
       4918    138.608    -0.4736    -0.4794   2.732435   2.731960     1.8411     2.2078      7.834     0.7722    -1.1549 1.0715e-01    -0.0198   100.4979     6.7134     6.9522    33.1617    33.1617    26.6435    26.6438    8.25059 0.0000e+00
       4921    138.490    -0.4738    -0.4794   2.732436   2.731952     1.8420     2.2074      7.834     0.7828     1.6876 1.0715e-01    -0.0195   100.4888     6.7159     6.9532    33.1620    33.1617    26.6438    26.6438    8.25061 0.0000e+00
       4924    138.360    -0.4730    -0.4793   2.732487   2.731959     1.8415     2.2074      7.834     0.7828     5.2802 1.0727e-01    -0.0188   100.4708     6.7141     6.9540    33.1619    33.1617    26.6436    26.6438    8.25044 0.0000e+00
       4927    138.227    -0.4727    -0.4793   2.732468   2.731927     1.8415     2.2082      7.834     0.7616     5.1223 1.0715e-01    -0.0191   100.4798     6.7140     6.9563    33.1614    33.1614    26.6433    26.6435    8.25042 0.0000e+00
       4930    138.088    -0.4731    -0.4795   2.732443   2.731916     1.8428     2.2078      7.834     0.7722     5.1223 1.0715e-01    -0.0188   100.4708     6.7217     6.9532    33.1616    33.1615    26.6434    26.6436    8.25048 0.0000e+00
       4933    137.942    -0.4733    -0.4794   2.732413   2.731906     1.8424     2.2074      7.832     0.7722     5.1223 1.0727e-01    -0.0188   100.4708     6.7157     6.9496    33.1615    33.1614    26.6434    26.6436    8.25054 0.0000e+00
       4936    137.794    -0.4737    -0.4796   2.732392   2.731867     1.8428     2.2074      7.834     0.7722     5.1223 1.0715e-01    -0.0188   100.4708     6.7173     6.9495    33.1617    33.1612    26.6436    26.6434    8.25061 0.0000e+00
       4939    137.644    -0.4734    -0.4798   2.732405   2.731867     1.8415     2.2078      7.834     0.7722     5.1223 1.0715e-01    -0.0191   100.4798     6.7125     6.9532    33.1617    33.1615    26.6436    26.6436    8.25056 0.0000e+00
       4942    137.494    -0.4732    -0.4796   2.732411   2.731885     1.8415     2.2086      7.834     0.7828     5.1223 1.0727e-01    -0.0184   100.4617     6.7162     6.9591    33.1616    33.1616    26.6435    26.6437    8.25051 0.0000e+00
       4945    137.345    -0.4733    -0.4796   2.732386   2.731872     1.8424     2.2086      7.834     0.7722     5.1223 1.0727e-01    -0.0181   100.4527     6.7182     6.9603    33.1615    33.1615    26.6434    26.6437    8.25054 0.0000e+00
       4948    137.195    -0.4736    -0.4798   2.732346   2.731821     1.8420     2.2074      7.834     0.7616   351.4719 1.0715e-01    -0.0184   100.4617     6.7133     6.9541    33.1613    33.1611    26.6432    26.6433    8.25061 0.0000e+00
       4951    137.049    -0.4741    -0.4799   2.732251   2.731797     1.8424     2.2074      7.834     0.7616   482.0686 1.0715e-01    -0.0181   100.4527     6.7127     6.9541    33.1607    33.1610    26.6428    26.6432    8.25075 0.0000e+00
       4954    136.907    -0.4748    -0.4805   2.732232   2.731747     1.8424     2.2074      7.834     0.7616   480.9631 1.0727e-01    -0.0188   100.4708     6.7133     6.9527    33.1613    33.1611    26.6433    26.6433    8.25088 0.0000e+00
       4957    136.769    -0.4750    -0.4807   2.732194   2.731723     1.8415     2.2078      7.834     0.7616   481.3579 1.0715e-01    -0.0184   100.4617     6.7117     6.9522    33.1611    33.1611    26.6431    26.6433    8.25094 0.0000e+00
       4960    136.636    -0.4749    -0.4809   2.732170   2.731700     1.8424     2.2082      7.834     0.7934   481.3184 1.0715e-01    -0.0181   100.4527     6.7176     6.9509    33.1608    33.1611    26.6429    26.6434    8.25094 0.0000e+00
       4963    136.507    -0.4753    -0.4811   2.732145   2.731649     1.8420     2.2082      7.834     0.7722   481.3579 1.0715e-01    -0.0181   100.4527     6.7187     6.9481    33.1609    33.1607    26.6430    26.6430    8.25100 0.0000e+00
       4966    136.384    -0.4754    -0.4811   2.732148   2.731660     1.8428     2.2082      7.834     0.7722   481.3579 1.0715e-01    -0.0181   100.4527     6.7200     6.9477    33.1612    33.1609    26.6432    26.6432    8.25102 0.0000e+00
       4969    136.268    -0.4754    -0.4813   2.732156   2.731621     1.8420     2.2086      7.834     0.7616   481.3579 1.0715e-01    -0.0181   100.4527     6.7168     6.9506    33.1613    33.1606    26.6433    26.6430    8.25101 0.0000e+00
       4972    136.162    -0.4753    -0.4814   2.732134   2.731604     1.8415     2.2078      7.834     0.7616   449.0246 1.0715e-01    -0.0181   100.4527     6.7187     6.9486    33.1610    33.1606    26.6431    26.6430    8.25102 0.0000e+00
       4975    136.067    -0.4752    -0.4814   2.732162   2.731622     1.8424     2.2078      7.834     0.7722    28.5334 1.0727e-01    -0.0181   100.4527     6.7216     6.9470    33.1613    33.1609    26.6433    26.6432    8.25096 0.0000e+00
       4978    135.977    -0.4754    -0.4816   2.732154   2.731619     1.8424     2.2074      7.834     0.7722    -2.4182 1.0715e-01    -0.0177   100.4436     6.7224     6.9445    33.1615    33.1611    26.6435    26.6434    8.25101 0.0000e+00
       4981    135.899    -0.4755    -0.4815   2.732108   2.731607     1.8424     2.2074      7.834     0.7722    -0.8785 1.0715e-01    -0.0177   100.4436     6.7242     6.9435    33.1610    33.1609    26.6431    26.6432    8.25105 0.0000e+00
       4984    135.829    -0.4759    -0.4817   2.732052   2.731569     1.8424     2.2074      7.834     0.7722    -0.9180 1.0715e-01    -0.0177   100.4436     6.7215     6.9438    33.1607    33.1607    26.6429    26.6431    8.25115 0.0000e+00
       4987    135.770    -0.4761    -0.4817   2.732015   2.731552     1.8424     2.2074      7.834     0.7616    -0.9180 1.0715e-01    -0.0181   100.4527     6.7217     6.9469    33.1605    33.1605    26.6427    26.6429    8.25122 0.0000e+00
       4990    135.719    -0.4760    -0.4819   2.732019   2.731551     1.8428     2.2074      7.834     0.7616    -0.9180 1.0715e-01    -0.0181   100.4527     6.7230     6.9474    33.1605    33.1607    26.6427    26.6431    8.25120 0.0000e+00
       4993    135.676    -0.4762    -0.4820   2.732020   2.731539     1.8428     2.2074      7.834     0.7722    -0.9180 1.0715e-01    -0.0181   100.4527     6.7245     6.9489    33.1607    33.1607    26.6429    26.6430    8.25122 0.0000e+00
       4996    135.644    -0.4761    -0.4820   2.732041   2.731547     1.8432     2.2078      7.834     0.7828    -0.9180 1.0715e-01    -0.0181   100.4527     6.7217     6.9520    33.1609    33.1608    26.6430    26.6431    8.25119 0.0000e+00
       5016    135.609    -0.4760    -0.4814   2.732069   2.731611     1.8428     2.2074      7.834     0.7722     0.1084 1.0715e-01    -0.0192   100.4798     6.7153     6.9519    33.1612    33.1610    26.6432    26.6434    8.25115 0.0000e+00
       5053    135.571    -0.4756    -0.4808   2.732154   2.731680     1.8428     2.2074      7.834     0.7616    -1.0759 1.0715e-01    -0.0213   100.5340     6.7121     6.9494    33.1619    33.1613    26.6438    26.6436    8.25102 0.0000e+00
       5056    135.544    -0.4752    -0.4807   2.732180   2.731678     1.8428     2.2074      7.834     0.7722    -1.5497 1.0715e-01    -0.0213   100.5340     6.7108     6.9491    33.1619    33.1612    26.6438    26.6434    8.25094 0.0000e+00
       5059    135.507    -0.4749    -0.4806   2.732175   2.731690     1.8424     2.2074      7.834     0.7722    -1.5497 1.0715e-01    -0.0213   100.5340     6.7109     6.9487    33.1616    33.1613    26.6435    26.6435    8.25090 0.0000e+00
       5062    135.461    -0.4746    -0.4806   2.732202   2.731702     1.8420     2.2074      7.834     0.7722    -1.5497 1.0715e-01    -0.0213   100.5340     6.7138     6.9511    33.1616    33.1614    26.6434    26.6436    8.25082 0.0000e+00
       5065    135.409    -0.4747    -0.4806   2.732201   2.731688     1.8428     2.2074      7.834     0.7616    -1.5102 1.0727e-01    -0.0202   100.5069     6.7165     6.9514    33.1617    33.1613    26.6436    26.6435    8.25083 0.0000e+00
       5068    135.349    -0.4743    -0.4803   2.732198   2.731695     1.8424     2.2074      7.834     0.7722    -1.5497 1.0727e-01    -0.0202   100.5069     6.7123     6.9509    33.1613    33.1611    26.6432    26.6434    8.25078 0.0000e+00
       5071    135.279    -0.4745    -0.4803   2.732024   2.731722     1.8420     2.2074      7.834     0.7828    -1.5102 1.0715e-01    -0.0206   100.5159     6.7089     6.9503    33.1592    33.1614    26.6416    26.6436    8.25094 0.0000e+00
       5074    135.202    -0.4745    -0.4803   2.732110   2.731701     1.8415     2.2078      7.834     0.7828    -1.5497 1.0715e-01    -0.0202   100.5069     6.7055     6.9515    33.1604    33.1613    26.6425    26.6435    8.25087 0.0000e+00
       5077    135.116    -0.4745    -0.4802   2.732169   2.731694     1.8424     2.2074      7.834     0.7722    -0.6022 1.0715e-01    -0.0202   100.5069     6.7148     6.9493    33.1612    33.1611    26.6432    26.6433    8.25082 0.0000e+00
       5080    135.023    -0.4743    -0.4805   2.732174   2.731649     1.8420     2.2074      7.834     0.7616     5.0433 1.0715e-01    -0.0202   100.5069     6.7162     6.9508    33.1611    33.1609    26.6431    26.6431    8.25078 0.0000e+00
       5083    134.920    -0.4745    -0.4807   2.732123   2.731606     1.8424     2.2074      7.834     0.7616     5.0038 1.0727e-01    -0.0202   100.5069     6.7202     6.9504    33.1607    33.1606    26.6427    26.6429    8.25084 0.0000e+00
       5086    134.813    -0.4755    -0.4809   2.732025   2.731579     1.8424     2.2082      7.834     0.7722     5.0038 1.0715e-01    -0.0213   100.5340     6.7204     6.9528    33.1606    33.1605    26.6427    26.6429    8.25109 0.0000e+00
       5089    134.697    -0.4760    -0.4812   2.731978   2.731539     1.8424     2.2074      7.834     0.7616     5.0038 1.0727e-01    -0.0213   100.5340     6.7183     6.9511    33.1605    33.1604    26.6427    26.6428    8.25119 0.0000e+00
       5092    134.576    -0.4755    -0.4813   2.732034   2.731537     1.8428     2.2074      7.834     0.7828     5.0038 1.0715e-01    -0.0213   100.5340     6.7239     6.9522    33.1609    33.1606    26.6430    26.6429    8.25107 0.0000e+00
       5095    134.450    -0.4750    -0.4808   2.732030   2.731578     1.8420     2.2074      7.834     0.7616     5.0038 1.0715e-01    -0.0213   100.5340     6.7187     6.9506    33.1603    33.1607    26.6425    26.6430    8.25098 0.0000e+00
       5098    134.320    -0.4755    -0.4808   2.731913   2.731544     1.8424     2.2074      7.834     0.7616     5.0038 1.0727e-01    -0.0213   100.5340     6.7198     6.9504    33.1594    33.1602    26.6417    26.6426    8.25115 0.0000e+00
       5101    134.183    -0.4764    -0.4810   2.731831   2.731540     1.8436     2.2074      7.834     0.7616     5.0038 1.0715e-01    -0.0213   100.5340     6.7247     6.9520    33.1594    33.1605    26.6418    26.6429    8.25136 0.0000e+00
       5104    134.043    -0.4772    -0.4812   2.731769   2.731502     1.8428     2.2082      7.834     0.7722     2.9904 1.0715e-01    -0.0217   100.5431     6.7201     6.9550    33.1594    33.1602    26.6419    26.6427    8.25151 0.0000e+00
       5107    133.901    -0.4773    -0.4818   2.731815   2.731391     1.8428     2.2074      7.834     0.7722    -0.2468 1.0715e-01    -0.0224   100.5612     6.7186     6.9524    33.1603    33.1595    26.6425    26.6421    8.25149 0.0000e+00
       5110    133.761    -0.4762    -0.4824   2.731871   2.731339     1.8420     2.2074      7.834     0.7616    -0.0889 1.0727e-01    -0.0224   100.5612     6.7169     6.9534    33.1599    33.1595    26.6422    26.6422    8.25127 0.0000e+00
       5113    133.619    -0.4774    -0.4824   2.731630   2.731371     1.8424     2.2086      7.834     0.7616    -0.0889 1.0715e-01    -0.0224   100.5612     6.7206     6.9576    33.1581    33.1601    26.6408    26.6426    8.25165 0.0000e+00
       5116    133.477    -0.4785    -0.4824   2.731522   2.731315     1.8432     2.2078      7.834     0.7722    -0.0889 1.0715e-01    -0.0224   100.5612     6.7223     6.9526    33.1580    33.1594    26.6408    26.6420    8.25190 0.0000e+00
       5119    133.336    -0.4791    -0.4831   2.731482   2.731237     1.8424     2.2074      7.834     0.7722    -0.0889 1.0740e-01    -0.0224   100.5612     6.7195     6.9516    33.1582    33.1592    26.6409    26.6419    8.25202 0.0000e+00
       5122    133.199    -0.4795    -0.4833   2.731401   2.731195     1.8428     2.2082      7.834     0.7722    -0.0889 1.0715e-01    -0.0224   100.5612     6.7214     6.9530    33.1576    33.1590    26.6405    26.6418    8.25214 0.0000e+00
       5125    133.058    -0.4800    -0.4836   2.731351   2.731109     1.8428     2.2078      7.834     0.7616    -0.1284 1.0715e-01    -0.0224   100.5612     6.7233     6.9518    33.1576    33.1583    26.6405    26.6412    8.25225 0.0000e+00
       5128    132.923    -0.4802    -0.4849   2.731327   2.730966     1.8428     2.2078      7.834     0.7722    -0.0889 1.0715e-01    -0.0235   100.5883     6.7264     6.9514    33.1575    33.1579    26.6405    26.6409    8.25230 0.0000e+00
       5131    132.789    -0.4800    -0.4854   2.731394   2.730943     1.8432     2.2086      7.834     0.7722    -0.9970 1.0715e-01    -0.0235   100.5883     6.7290     6.9530    33.1583    33.1581    26.6411    26.6411    8.25221 0.0000e+00
       5134    132.659    -0.4800    -0.4854   2.731321   2.730929     1.8436     2.2078      7.834     0.7722    -1.4707 1.0727e-01    -0.0235   100.5883     6.7306     6.9491    33.1574    33.1580    26.6403    26.6411    8.25226 0.0000e+00
       5137    132.534    -0.4807    -0.4861   2.731235   2.730793     1.8432     2.2074      7.834     0.7722    -1.4313 1.0715e-01    -0.0235   100.5883     6.7254     6.9491    33.1570    33.1571    26.6400    26.6403    8.25243 0.0000e+00
       5140    132.416    -0.4809    -0.4864   2.731268   2.730744     1.8424     2.2078      7.834     0.7828    -1.3918 1.0715e-01    -0.0235   100.5883     6.7201     6.9522    33.1578    33.1568    26.6407    26.6401    8.25244 0.0000e+00
       5143    132.301    -0.4810    -0.4868   2.731229   2.730731     1.8436     2.2082      7.834     0.7828    -1.3918 1.0715e-01    -0.0231   100.5793     6.7263     6.9518    33.1574    33.1571    26.6404    26.6404    8.25248 0.0000e+00
       5146    132.189    -0.4813    -0.4869   2.731183   2.730732     1.8436     2.2078      7.834     0.7722    -1.3918 1.0715e-01    -0.0224   100.5612     6.7235     6.9472    33.1572    33.1573    26.6402    26.6405    8.25255 0.0000e+00
       5149    132.088    -0.4812    -0.4868   2.731192   2.730740     1.8436     2.2086      7.834     0.7722    -1.4313 1.0727e-01    -0.0224   100.5612     6.7229     6.9516    33.1573    33.1574    26.6403    26.6406    8.25254 0.0000e+00
       5152    131.993    -0.4810    -0.4866   2.731204   2.730725     1.8436     2.2074      7.834     0.7722    -1.3918 1.0715e-01    -0.0224   100.5612     6.7205     6.9456    33.1573    33.1570    26.6403    26.6403    8.25249 0.0000e+00
