Datasets/AZMP/TEL210/tel210_2020_027.cnv
* Sea-Bird SBE 9 Data File:
* FileName = C:\CTDDATA\tel210_2020_027.hex
* Software Version Seasave V 7.26.7.110
* Temperature SN = 1697
* Conductivity SN = 4216
* Number of Bytes Per Scan = 30
* Number of Voltage Words = 4
* Number of Scans Averaged by the Deck Unit = 1
* NMEA baud rate = 4800
** VESSEL/TRIP/SEQ STN:  tel210_2020_027
** LATITUDE XX XX.XX: 47 00.00 N
** LONGITUDE XX XX.XX: 044 59.30 W
** SOUNDING DEPTH (M): 0151
** PROBE TYPE: S1146
** CTD NUMBER: 026
** COMMENTS (14 CHAR): FC-25
** BOTTLES:  0
** LEVELS:
** STICKERS:
** VNET: N
** DO2: N
# nquan = 22
# nvalues = 3169                        
# units = specified
# name 0 = scan: Scan Count
# name 1 = prDM: Pressure, Digiquartz [db]
# name 2 = t090C: Temperature [ITS-90, deg C]
# name 3 = t190C: Temperature, 2 [ITS-90, deg C]
# name 4 = c0S/m: Conductivity [S/m]
# name 5 = c1S/m: Conductivity, 2 [S/m]
# name 6 = sbeox0V: Oxygen raw, SBE 43 [V]
# name 7 = sbeox1V: Oxygen raw, SBE 43, 2 [V]
# name 8 = ph: pH
# name 9 = flECO-AFL: Fluorescence, WET Labs ECO-AFL/FL [mg/m^3]
# name 10 = wetCDOM: Fluorescence, WET Labs CDOM [mg/m^3]
# name 11 = par/sat/log: PAR/Logarithmic, Satlantic [umol photons/m^2/sec]
# name 12 = CStarAt0: Beam Attenuation, WET Labs C-Star [1/m]
# name 13 = CStarTr0: Beam Transmission, WET Labs C-Star [%]
# name 14 = sbeox0ML/L: Oxygen, SBE 43 [ml/l], WS = 2
# name 15 = sbeox1ML/L: Oxygen, SBE 43, 2 [ml/l], WS = 2
# name 16 = sal00: Salinity, Practical [PSU]
# name 17 = sal11: Salinity, Practical, 2 [PSU]
# name 18 = sigma-t00: Density [sigma-t, kg/m^3 ]
# name 19 = sigma-t11: Density, 2 [sigma-t, kg/m^3 ]
# name 20 = oxsatML/L: Oxygen Saturation, Weiss [ml/l]
# name 21 = flag: flag
# span 0 =         45,      11606       
# span 1 =      1.908,    148.662       
# span 2 =     3.7129,    11.4523       
# span 3 =     3.7075,    11.4423       
# span 4 =   3.184406,   3.740447       
# span 5 =   3.182275,   3.739583       
# span 6 =     1.9015,     2.4267       
# span 7 =     2.2881,     2.9482       
# span 8 =      7.931,      8.219       
# span 9 =    -0.6019,     6.8767       
# span 10 =    -2.8130,   482.1870      
# span 11 = 1.0592e-01, 2.9429e-01      
# span 12 =    -0.1162,     0.2170      
# span 13 =    94.7193,   102.9486      
# span 14 =     6.1290,     7.7441      
# span 15 =     6.3897,     8.1144      
# span 16 =    32.9597,    34.5156      
# span 17 =    32.9593,    34.5151      
# span 18 =    25.1058,    27.4267      
# span 19 =    25.1080,    27.4267      
# span 20 =    6.20125,    7.34424      
# span 21 = 0.0000e+00, 0.0000e+00      
# interval = scans: 3                   
# start_time = Jul 18 2020 03:11:20 [System UTC, header]
# bad_flag = -9.990e-29
*END*
[from data line 2305]
       8799     79.385     3.9125     3.9035   3.198767   3.197477     1.9647     2.3701      7.954    -0.5002     3.3457 1.0715e-01    -0.1148   102.9124     6.4255     6.6825    34.3749    34.3690    27.2979    27.2941    7.30961 0.0000e+00
       8802     79.337     3.9381     3.8980   3.200710   3.197131     1.9667     2.3717      7.954    -0.5308     3.3457 1.0715e-01    -0.1152   102.9214     6.4296     6.6924    34.3712    34.3707    27.2923    27.2960    7.30518 0.0000e+00
       8805     79.291     3.9435     3.8982   3.200834   3.196866     1.9679     2.3725      7.954    -0.5002     3.3457 1.0715e-01    -0.1152   102.9214     6.4348     6.6980    34.3669    34.3673    27.2884    27.2933    7.30441 0.0000e+00
       8808     79.246     3.9355     3.8879   3.200326   3.196166     1.9679     2.3733      7.954    -0.5104     3.3457 1.0715e-01    -0.1152   102.9214     6.4369     6.7051    34.3693    34.3698    27.2911    27.2963    7.30573 0.0000e+00
       8811     79.201     3.9455     3.9014   3.201102   3.197641     1.9683     2.3733      7.954    -0.4900     3.3457 1.0715e-01    -0.1152   102.9214     6.4382     6.7026    34.3681    34.3733    27.2891    27.2978    7.30400 0.0000e+00
       8814     79.153     3.9555     3.9166   3.201710   3.198672     1.9700     2.3750      7.954    -0.4900     3.3457 1.0715e-01    -0.1152   102.9214     6.4456     6.7069    34.3648    34.3696    27.2855    27.2932    7.30235 0.0000e+00
       8817     79.104     3.9590     3.9299   3.201987   3.199174     1.9708     2.3762      7.957    -0.4900     3.4247 1.0715e-01    -0.1145   102.9033     6.4485     6.7113    34.3645    34.3616    27.2849    27.2855    7.30175 0.0000e+00
       8820     79.049     3.9562     3.9229   3.201590   3.198489     1.9712     2.3766      7.956    -0.4900     3.8195 1.0715e-01    -0.1152   102.9214     6.4500     6.7166    34.3627    34.3608    27.2837    27.2856    7.30233 0.0000e+00
       8823     78.991     3.9514     3.9072   3.201526   3.197780     1.9720     2.3778      7.957    -0.4798     3.8195 1.0715e-01    -0.1148   102.9124     6.4518     6.7245    34.3671    34.3689    27.2877    27.2937    7.30298 0.0000e+00
       8826     78.932     3.9570     3.9010   3.201907   3.197521     1.9724     2.3786      7.956    -0.4900     3.8195 1.0715e-01    -0.1152   102.9214     6.4501     6.7293    34.3657    34.3724    27.2860    27.2971    7.30203 0.0000e+00
       8829     78.865     3.9583     3.9010   3.202007   3.197633     1.9732     2.3798      7.957    -0.4900     3.8195 1.0715e-01    -0.1152   102.9214     6.4550     6.7361    34.3656    34.3738    27.2858    27.2982    7.30182 0.0000e+00
       8832     78.792     3.9598     3.9122   3.202070   3.198641     1.9748     2.3811      7.959    -0.4798     3.8195 1.0715e-01    -0.1152   102.9214     6.4628     6.7383    34.3649    34.3741    27.2850    27.2972    7.30158 0.0000e+00
       8835     78.712     3.9589     3.9235   3.201922   3.199220     1.9757     2.3819      7.959    -0.4900     3.8195 1.0715e-01    -0.1152   102.9214     6.4672     6.7375    34.3641    34.3691    27.2845    27.2921    7.30178 0.0000e+00
       8838     78.624     3.9557     3.9220   3.201717   3.199082     1.9769     2.3835      7.959    -0.4392     3.8195 1.0715e-01    -0.1145   102.9033     6.4734     6.7412    34.3650    34.3691    27.2856    27.2923    7.30231 0.0000e+00
       8841     78.530     3.9562     3.9270   3.202002   3.199590     1.9777     2.3847      7.959    -0.4493     3.8195 1.0715e-01    -0.1145   102.9033     6.4789     6.7448    34.3680    34.3699    27.2879    27.2924    7.30208 0.0000e+00
       8844     78.435     3.9606     3.9431   3.202378   3.200730     1.9781     2.3856      7.959    -0.4493     2.7141 1.0715e-01    -0.1148   102.9124     6.4803     6.7448    34.3679    34.3666    27.2874    27.2881    7.30130 0.0000e+00
       8847     78.333     3.9616     3.9555   3.202442   3.201764     1.9781     2.3860      7.959    -0.4493     0.7796 1.0715e-01    -0.1148   102.9124     6.4784     6.7437    34.3676    34.3659    27.2870    27.2864    7.30112 0.0000e+00
       8850     78.224     3.9666     3.9629   3.202864   3.202281     1.9797     2.3880      7.959    -0.4392     0.8191 1.0715e-01    -0.1152   102.9214     6.4800     6.7481    34.3675    34.3644    27.2865    27.2844    7.30024 0.0000e+00
       8853     78.111     3.9710     3.9635   3.203071   3.202295     1.9806     2.3884      7.959    -0.4697     0.8586 1.0715e-01    -0.1145   102.9033     6.4775     6.7476    34.3653    34.3640    27.2843    27.2840    7.29954 0.0000e+00
       8856     77.990     3.9708     3.9620   3.203017   3.202119     1.9814     2.3888      7.959    -0.4392     0.8586 1.0715e-01    -0.1148   102.9124     6.4756     6.7485    34.3650    34.3636    27.2841    27.2838    7.29960 0.0000e+00
       8859     77.871     3.9716     3.9511   3.203111   3.201200     1.9826     2.3892      7.959    -0.4493     0.8586 1.0715e-01    -0.1148   102.9124     6.4794     6.7501    34.3653    34.3641    27.2842    27.2853    7.29944 0.0000e+00
       8862     77.747     3.9712     3.9473   3.203088   3.201120     1.9838     2.3908      7.959    -0.4697     0.8586 1.0715e-01    -0.1152   102.9214     6.4825     6.7554    34.3655    34.3672    27.2844    27.2882    7.29949 0.0000e+00
       8865     77.617     3.9737     3.9493   3.203274   3.201306     1.9842     2.3921      7.959    -0.4900     0.8586 1.0715e-01    -0.1152   102.9214     6.4826     6.7589    34.3652    34.3675    27.2839    27.2882    7.29907 0.0000e+00
       8868     77.479     3.9733     3.9544   3.203226   3.201695     1.9846     2.3933      7.959    -0.4900     0.8586 1.0715e-01    -0.1152   102.9214     6.4810     6.7634    34.3651    34.3668    27.2839    27.2871    7.29914 0.0000e+00
       8871     77.344     3.9738     3.9569   3.203267   3.201892     1.9850     2.3945      7.959    -0.4900     1.3323 1.0715e-01    -0.1152   102.9214     6.4788     6.7675    34.3651    34.3666    27.2838    27.2867    7.29905 0.0000e+00
       8874     77.202     3.9759     3.9627   3.203483   3.202391     1.9850     2.3945      7.959    -0.4798     1.5692 1.0715e-01    -0.1152   102.9214     6.4750     6.7673    34.3656    34.3665    27.2839    27.2861    7.29865 0.0000e+00
       8877     77.056     3.9779     3.9677   3.203608   3.202774     1.9854     2.3961      7.959    -0.4900     1.5692 1.0715e-01    -0.1152   102.9214     6.4744     6.7749    34.3651    34.3659    27.2833    27.2851    7.29832 0.0000e+00
       8880     76.912     3.9790     3.9726   3.203665   3.203114     1.9867     2.3969      7.959    -0.4900     1.5692 1.0715e-01    -0.1155   102.9305     6.4780     6.7761    34.3647    34.3649    27.2829    27.2837    7.29815 0.0000e+00
       8883     76.774     3.9780     3.9782   3.203587   3.203541     1.9875     2.3978      7.959    -0.4798     1.5692 1.0715e-01    -0.1155   102.9305     6.4799     6.7775    34.3649    34.3641    27.2832    27.2826    7.29831 0.0000e+00
       8886     76.633     3.9791     3.9780   3.203703   3.203382     1.9879     2.3982      7.959    -0.4900     1.5692 1.0715e-01    -0.1162   102.9486     6.4795     6.7785    34.3652    34.3625    27.2833    27.2813    7.29810 0.0000e+00
       8889     76.491     3.9796     3.9741   3.203709   3.203211     1.9887     2.3998      7.959    -0.4798     1.5692 1.0715e-01    -0.1162   102.9486     6.4846     6.7832    34.3648    34.3647    27.2830    27.2834    7.29803 0.0000e+00
       8892     76.349     3.9809     3.9820   3.203779   3.203780     1.9883     2.4006      7.959    -0.4900     1.5692 1.0715e-01    -0.1155   102.9305     6.4863     6.7840    34.3643    34.3632    27.2824    27.2814    7.29781 0.0000e+00
       8895     76.213     3.9885     3.9811   3.204486   3.203624     1.9895     2.4018      7.959    -0.4900    12.6628 1.0715e-01    -0.1159   102.9395     6.4904     6.7888    34.3649    34.3623    27.2821    27.2808    7.29643 0.0000e+00
       8898     76.073     3.9947     3.9771   3.204889   3.203288     1.9907     2.4035      7.959    -0.4900   433.0751 1.0715e-01    -0.1148   102.9124     6.4923     6.7948    34.3632    34.3626    27.2801    27.2815    7.29539 0.0000e+00
       8901     75.937     4.0016     3.9837   3.205407   3.204038     1.9903     2.4039      7.959    -0.4798   481.2000 1.0715e-01    -0.1141   102.8943     6.4884     6.7943    34.3622    34.3647    27.2786    27.2825    7.29420 0.0000e+00
       8904     75.803     4.0062     3.9903   3.205727   3.204398     1.9919     2.4043      7.959    -0.4900   481.0816 1.0727e-01    -0.1141   102.8943     6.4921     6.7934    34.3612    34.3621    27.2773    27.2797    7.29342 0.0000e+00
       8907     75.673     4.0061     3.9989   3.205541   3.205185     1.9911     2.4063      7.962    -0.4900   481.3579 1.0715e-01    -0.1141   102.8943     6.4871     6.7963    34.3592    34.3625    27.2758    27.2792    7.29354 0.0000e+00
       8910     75.549     4.0068     4.0083   3.205769   3.205716     1.9919     2.4067      7.964    -0.4697   481.3579 1.0715e-01    -0.1141   102.8943     6.4887     6.7938    34.3613    34.3590    27.2774    27.2754    7.29332 0.0000e+00
       8913     75.428     4.0152     4.0082   3.206413   3.205673     1.9932     2.4071      7.964    -0.4900   481.3579 1.0715e-01    -0.1145   102.9033     6.4918     6.7938    34.3601    34.3586    27.2756    27.2751    7.29186 0.0000e+00
       8916     75.311     4.0094     4.0051   3.205528   3.205358     1.9944     2.4083      7.964    -0.4900   481.3579 1.0715e-01    -0.1141   102.8943     6.4976     6.7962    34.3558    34.3583    27.2727    27.2751    7.29311 0.0000e+00
       8919     75.196     3.9991     4.0011   3.205040   3.205141     1.9936     2.4092      7.964    -0.4900   481.3579 1.0715e-01    -0.1148   102.9124     6.4941     6.7975    34.3608    34.3600    27.2778    27.2769    7.29471 0.0000e+00
       8922     75.087     4.0140     4.0063   3.206387   3.205554     1.9944     2.4100      7.964    -0.5002   481.3579 1.0715e-01    -0.1152   102.9214     6.4933     6.7980    34.3613    34.3595    27.2767    27.2760    7.29202 0.0000e+00
       8925     74.979     4.0136     4.0035   3.205840   3.205045     1.9956     2.4116      7.964    -0.4900   481.3579 1.0715e-01    -0.1152   102.9214     6.4977     6.8038    34.3552    34.3564    27.2718    27.2738    7.29238 0.0000e+00
       8928     74.877     4.0022     3.9938   3.205213   3.204588     1.9952     2.4112      7.964    -0.4798   481.3579 1.0715e-01    -0.1152   102.9214     6.4959     6.8011    34.3598    34.3612    27.2767    27.2786    7.29421 0.0000e+00
       8931     74.775     4.0120     3.9947   3.206170   3.204646     1.9952     2.4120      7.964    -0.5002   481.3579 1.0715e-01    -0.1152   102.9214     6.4936     6.8011    34.3609    34.3610    27.2765    27.2784    7.29239 0.0000e+00
       8934     74.677     4.0075     3.9959   3.205474   3.204612     1.9960     2.4132      7.964    -0.4900   481.3579 1.0715e-01    -0.1152   102.9214     6.4960     6.8033    34.3574    34.3594    27.2742    27.2770    7.29337 0.0000e+00
       8937     74.581     3.9966     3.9980   3.204721   3.205012     1.9968     2.4145      7.964    -0.4900   481.3579 1.0727e-01    -0.1152   102.9214     6.5018     6.8042    34.3600    34.3620    27.2774    27.2789    7.29520 0.0000e+00
       8940     74.488     4.0010     3.9989   3.205338   3.204789     1.9977     2.4145      7.964    -0.4900   481.3579 1.0715e-01    -0.1152   102.9214     6.5041     6.8022    34.3628    34.3584    27.2791    27.2759    7.29428 0.0000e+00
       8943     74.398     4.0005     3.9967   3.204562   3.204323     1.9981     2.4153      7.964    -0.4900   481.3579 1.0715e-01    -0.1152   102.9214     6.5057     6.8038    34.3541    34.3553    27.2723    27.2737    7.29479 0.0000e+00
       8946     74.313     3.9953     4.0013   3.205189   3.204969     1.9977     2.4165      7.964    -0.4900   481.3579 1.0715e-01    -0.1152   102.9214     6.5005     6.8045    34.3671    34.3582    27.2832    27.2755    7.29510 0.0000e+00
       8949     74.229     4.0107     4.0102   3.206103   3.205752     1.9981     2.4165      7.964    -0.4900   481.3579 1.0715e-01    -0.1152   102.9214     6.5005     6.8020    34.3618    34.3582    27.2774    27.2746    7.29259 0.0000e+00
       8952     74.141     4.0020     4.0122   3.204570   3.205749     1.9985     2.4173      7.965    -0.4798   481.3579 1.0715e-01    -0.1152   102.9214     6.5040     6.8025    34.3528    34.3562    27.2711    27.2727    7.29459 0.0000e+00
       8955     74.057     3.9946     4.0134   3.204631   3.206115     1.9993     2.4177      7.964    -0.4900   481.3579 1.0715e-01    -0.1152   102.9214     6.5064     6.8009    34.3613    34.3592    27.2786    27.2750    7.29550 0.0000e+00
       8958     73.975     4.0138     4.0233   3.206663   3.206870     2.0009     2.4177      7.967    -0.4798   481.3579 1.0715e-01    -0.1148   102.9124     6.5064     6.7970    34.3653    34.3578    27.2799    27.2729    7.29185 0.0000e+00
       8961     73.895     4.0160     4.0246   3.206065   3.206635     2.0005     2.4189      7.965    -0.5002   481.3579 1.0715e-01    -0.1141   102.8943     6.5013     6.8000    34.3560    34.3538    27.2722    27.2695    7.29191 0.0000e+00
       8964     73.815     4.0149     4.0293   3.206093   3.207042     2.0001     2.4198      7.965    -0.4900   481.3579 1.0715e-01    -0.1138   102.8853     6.4976     6.7995    34.3576    34.3537    27.2735    27.2690    7.29204 0.0000e+00
       8967     73.738     4.0151     4.0314   3.206229   3.207166     2.0005     2.4202      7.965    -0.5002   481.3579 1.0715e-01    -0.1141   102.8943     6.4973     6.7965    34.3590    34.3530    27.2747    27.2682    7.29194 0.0000e+00
       8970     73.663     4.0162     4.0324   3.206243   3.207277     2.0005     2.4206      7.964    -0.4798   481.3579 1.0715e-01    -0.1141   102.8943     6.4933     6.7935    34.3580    34.3533    27.2738    27.2683    7.29178 0.0000e+00
       8973     73.587     4.0159     4.0360   3.206322   3.207628     2.0021     2.4210      7.964    -0.4493   481.3579 1.0727e-01    -0.1141   102.8943     6.4965     6.7906    34.3593    34.3538    27.2748    27.2684    7.29177 0.0000e+00
       8976     73.509     4.0306     4.0359   3.207513   3.207499     2.0017     2.4214      7.964    -0.4493   114.4397 1.0715e-01    -0.1141   102.8943     6.4874     6.7862    34.3580    34.3524    27.2723    27.2673    7.28919 0.0000e+00
       8979     73.435     4.0303     4.0288   3.207322   3.206865     2.0021     2.4222      7.964    -0.4392    -2.8130 1.0715e-01    -0.1134   102.8762     6.4853     6.7857    34.3562    34.3524    27.2709    27.2680    7.28935 0.0000e+00
       8982     73.363     4.0358     4.0237   3.207885   3.206772     2.0021     2.4226      7.964    -0.4493    -1.7076 1.0715e-01    -0.1141   102.8943     6.4810     6.7794    34.3571    34.3566    27.2711    27.2719    7.28831 0.0000e+00
       8985     73.289     4.0472     4.0259   3.208515   3.206976     2.0017     2.4226      7.964    -0.4392    -1.5102 1.0715e-01    -0.1141   102.8943     6.4751     6.7718    34.3527    34.3568    27.2663    27.2718    7.28648 0.0000e+00
       8988     73.212     4.0468     4.0304   3.208249   3.207474     2.0025     2.4226      7.964    -0.4392    -1.5102 1.0715e-01    -0.1141   102.8943     6.4744     6.7659    34.3500    34.3580    27.2642    27.2723    7.28668 0.0000e+00
       8991     73.134     4.0431     4.0368   3.208455   3.207701     2.0021     2.4218      7.964    -0.4493    -1.5102 1.0715e-01    -0.1141   102.8943     6.4685     6.7559    34.3564    34.3541    27.2697    27.2685    7.28704 0.0000e+00
