Datasets/AZMP/TEL210/tel210_2020_109.cnv
* Sea-Bird SBE 9 Data File:
* FileName = C:\CTDDATA\tel210_2020_109.hex
* Software Version Seasave V 7.26.7.110
* Temperature SN = 1697
* Conductivity SN = 4216
* Number of Bytes Per Scan = 30
* Number of Voltage Words = 4
* Number of Scans Averaged by the Deck Unit = 1
* NMEA baud rate = 4800
** VESSEL/TRIP/SEQ STN:  tel210_2020_109
** LATITUDE XX XX.XX: 55 18.80 N
** LONGITUDE XX XX.XX: 58 17.20 W
** SOUNDING DEPTH (M): 0280
** PROBE TYPE: S1146
** CTD NUMBER: 075
** COMMENTS (14 CHAR): MB-03
** BOTTLES:  11
** LEVELS: 5,10,20,30,40,50,75,100,150,250,BTM
** STICKERS: 436319 - 436329
** VNET: Y
** DO2: N
# nquan = 22
# nvalues = 5515                        
# units = specified
# name 0 = scan: Scan Count
# name 1 = prDM: Pressure, Digiquartz [db]
# name 2 = t090C: Temperature [ITS-90, deg C]
# name 3 = t190C: Temperature, 2 [ITS-90, deg C]
# name 4 = c0S/m: Conductivity [S/m]
# name 5 = c1S/m: Conductivity, 2 [S/m]
# name 6 = sbeox0V: Oxygen raw, SBE 43 [V]
# name 7 = sbeox1V: Oxygen raw, SBE 43, 2 [V]
# name 8 = ph: pH
# name 9 = flECO-AFL: Fluorescence, WET Labs ECO-AFL/FL [mg/m^3]
# name 10 = wetCDOM: Fluorescence, WET Labs CDOM [mg/m^3]
# name 11 = par/sat/log: PAR/Logarithmic, Satlantic [umol photons/m^2/sec]
# name 12 = CStarAt0: Beam Attenuation, WET Labs C-Star [1/m]
# name 13 = CStarTr0: Beam Transmission, WET Labs C-Star [%]
# name 14 = sbeox0ML/L: Oxygen, SBE 43 [ml/l], WS = 2
# name 15 = sbeox1ML/L: Oxygen, SBE 43, 2 [ml/l], WS = 2
# name 16 = sal00: Salinity, Practical [PSU]
# name 17 = sal11: Salinity, Practical, 2 [PSU]
# name 18 = sigma-t00: Density [sigma-t, kg/m^3 ]
# name 19 = sigma-t11: Density, 2 [sigma-t, kg/m^3 ]
# name 20 = oxsatML/L: Oxygen Saturation, Weiss [ml/l]
# name 21 = flag: flag
# span 0 =         42,      46324       
# span 1 =      1.411,    267.468       
# span 2 =    -1.2427,     7.7440       
# span 3 =    -1.2469,     7.7417       
# span 4 =   2.605153,   3.225189       
# span 5 =   2.604673,   3.224837       
# span 6 =     1.9162,     2.4419       
# span 7 =     2.3216,     3.0176       
# span 8 =      7.989,      8.261       
# span 9 =     0.6664,     3.3224       
# span 10 =    -2.8130,   482.1870      
# span 11 = 1.0715e-01, 6.4775e+02      
# span 12 =    -0.1449,     0.2155      
# span 13 =    94.7555,   103.6901      
# span 14 =     7.0664,     8.9505      
# span 15 =     7.1443,     9.7323      
# span 16 =    31.0025,    33.4442      
# span 17 =    31.0008,    33.4449      
# span 18 =    24.1717,    26.8638      
# span 19 =    24.1710,    26.8646      
# span 20 =    6.82001,    8.46096      
# span 21 = 0.0000e+00, 0.0000e+00      
# interval = scans: 3                   
# start_time = Jul 27 2020 18:04:32 [System UTC, header]
# bad_flag = -9.990e-29
*END*
[from data line 2107]
       6465    215.812    -0.7942    -0.7994   2.704299   2.703902     1.9447     2.3513      8.000     0.7616     1.4507 1.0740e-01    -0.1404   103.5725     7.3619     7.6736    33.0885    33.0889    26.5969    26.5974    8.32642 0.0000e+00
       6468    215.909    -0.7939    -0.7994   2.704306   2.703943     1.9443     2.3517      8.000     0.7299     1.4507 1.0752e-01    -0.1404   103.5725     7.3584     7.6752    33.0882    33.0893    26.5967    26.5978    8.32637 0.0000e+00
       6471    216.011    -0.7939    -0.7990   2.704366   2.704012     1.9443     2.3513      8.000     0.7299     1.4507 1.0752e-01    -0.1404   103.5725     7.3559     7.6715    33.0890    33.0898    26.5973    26.5982    8.32632 0.0000e+00
       6474    216.113    -0.7936    -0.7987   2.704382   2.704026     1.9439     2.3513      8.000     0.7299     0.9375 1.0752e-01    -0.1404   103.5725     7.3525     7.6694    33.0888    33.0896    26.5971    26.5980    8.32627 0.0000e+00
       6477    216.216    -0.7936    -0.7988   2.704412   2.704032     1.9443     2.3509      8.000     0.7299     0.5822 1.0752e-01    -0.1404   103.5725     7.3507     7.6647    33.0892    33.0897    26.5974    26.5980    8.32624 0.0000e+00
       6480    216.318    -0.7937    -0.7988   2.704408   2.704057     1.9443     2.3505      8.000     0.7299     0.6217 1.0752e-01    -0.1404   103.5725     7.3519     7.6620    33.0891    33.0899    26.5973    26.5982    8.32626 0.0000e+00
       6483    216.424    -0.7939    -0.7989   2.704433   2.704062     1.9430     2.3501      8.000     0.7299     0.6217 1.0740e-01    -0.1404   103.5725     7.3449     7.6625    33.0896    33.0901    26.5978    26.5984    8.32628 0.0000e+00
       6486    216.534    -0.7938    -0.7989   2.704498   2.704113     1.9439     2.3509      8.000     0.7299     0.5822 1.0752e-01    -0.1404   103.5725     7.3465     7.6679    33.0903    33.0907    26.5984    26.5989    8.32622 0.0000e+00
       6489    216.643    -0.7929    -0.7985   2.704576   2.704175     1.9439     2.3505      8.000     0.7193     0.6217 1.0740e-01    -0.1404   103.5725     7.3452     7.6672    33.0903    33.0910    26.5983    26.5991    8.32601 0.0000e+00
       6492    216.752    -0.7927    -0.7980   2.704584   2.704249     1.9430     2.3513      8.000     0.7299     0.5822 1.0752e-01    -0.1401   103.5635     7.3453     7.6716    33.0902    33.0914    26.5982    26.5994    8.32598 0.0000e+00
       6495    216.863    -0.7926    -0.7975   2.704601   2.704254     1.9435     2.3496      8.000     0.7616     0.5427 1.0752e-01    -0.1401   103.5635     7.3472     7.6658    33.0902    33.0909    26.5982    26.5989    8.32595 0.0000e+00
       6498    216.972    -0.7922    -0.7974   2.704677   2.704285     1.9422     2.3492      8.000     0.7510     0.6217 1.0752e-01    -0.1404   103.5725     7.3385     7.6651    33.0907    33.0912    26.5986    26.5992    8.32583 0.0000e+00
       6501    217.086    -0.7915    -0.7969   2.704768   2.704393     1.9426     2.3492      8.000     0.7616     1.4508 1.0752e-01    -0.1404   103.5725     7.3373     7.6657    33.0911    33.0919    26.5989    26.5998    8.32566 0.0000e+00
       6504    217.198    -0.7913    -0.7962   2.704775   2.704420     1.9435     2.3496      8.000     0.7616     1.5692 1.0752e-01    -0.1404   103.5725     7.3425     7.6669    33.0909    33.0915    26.5988    26.5994    8.32563 0.0000e+00
       6507    217.309    -0.7909    -0.7960   2.704814   2.704437     1.9426     2.3501      8.000     0.7616     1.5692 1.0752e-01    -0.1404   103.5725     7.3391     7.6692    33.0909    33.0915    26.5987    26.5994    8.32553 0.0000e+00
       6510    217.424    -0.7907    -0.7959   2.704837   2.704465     1.9426     2.3496      8.000     0.7405     1.5692 1.0752e-01    -0.1404   103.5725     7.3381     7.6670    33.0910    33.0917    26.5988    26.5995    8.32549 0.0000e+00
       6513    217.537    -0.7912    -0.7962   2.704817   2.704459     1.9430     2.3501      8.000     0.7510     1.5692 1.0752e-01    -0.1404   103.5725     7.3407     7.6686    33.0912    33.0918    26.5990    26.5997    8.32559 0.0000e+00
       6516    217.652    -0.7920    -0.7970   2.704754   2.704435     1.9430     2.3492      8.000     0.7510     1.5692 1.0752e-01    -0.1404   103.5725     7.3424     7.6675    33.0911    33.0924    26.5989    26.6001    8.32577 0.0000e+00
       6519    217.766    -0.7927    -0.7977   2.704794   2.704433     1.9422     2.3492      8.000     0.7299     1.5692 1.0752e-01    -0.1404   103.5725     7.3362     7.6693    33.0923    33.0930    26.5999    26.6007    8.32585 0.0000e+00
       6522    217.876    -0.7928    -0.7979   2.704810   2.704453     1.9414     2.3492      8.000     0.6875     1.5692 1.0752e-01    -0.1404   103.5725     7.3307     7.6648    33.0926    33.0934    26.6001    26.6010    8.32585 0.0000e+00
       6525    217.990    -0.7925    -0.7976   2.704841   2.704467     1.9414     2.3484      8.000     0.7087     1.2928 1.0752e-01    -0.1404   103.5725     7.3315     7.6589    33.0927    33.0932    26.6002    26.6008    8.32579 0.0000e+00
       6528    218.108    -0.7925    -0.7977   2.704866   2.704502     1.9414     2.3492      8.000     0.7087     0.0690 1.0752e-01    -0.1404   103.5725     7.3357     7.6610    33.0929    33.0937    26.6004    26.6012    8.32577 0.0000e+00
       6531    218.223    -0.7925    -0.7977   2.704893   2.704530     1.9422     2.3492      8.000     0.7087     0.1084 1.0752e-01    -0.1404   103.5725     7.3386     7.6591    33.0932    33.0940    26.6006    26.6015    8.32576 0.0000e+00
       6534    218.340    -0.7926    -0.7977   2.704872   2.704527     1.9414     2.3484      8.000     0.6875     0.1084 1.0752e-01    -0.1404   103.5725     7.3328     7.6566    33.0930    33.0939    26.6004    26.6014    8.32580 0.0000e+00
       6537    218.456    -0.7928    -0.7979   2.704882   2.704518     1.9410     2.3484      8.000     0.7087     0.1084 1.0752e-01    -0.1411   103.5906     7.3310     7.6550    33.0932    33.0939    26.6007    26.6014    8.32582 0.0000e+00
       6540    218.571    -0.7925    -0.7979   2.704877   2.704536     1.9414     2.3484      8.000     0.7087     0.1084 1.0752e-01    -0.1415   103.5997     7.3381     7.6571    33.0928    33.0941    26.6003    26.6015    8.32579 0.0000e+00
       6543    218.685    -0.7930    -0.7980   2.704881   2.704531     1.9402     2.3480      8.000     0.6981     0.1084 1.0752e-01    -0.1418   103.6087     7.3364     7.6573    33.0933    33.0941    26.6008    26.6016    8.32587 0.0000e+00
       6546    218.802    -0.7930    -0.7984   2.704915   2.704539     1.9410     2.3472      8.000     0.7299     0.1479 1.0752e-01    -0.1415   103.5997     7.3412     7.6542    33.0936    33.0945    26.6010    26.6019    8.32584 0.0000e+00
       6549    218.921    -0.7935    -0.7988   2.704897   2.704540     1.9423     2.3480      8.000     0.7616     0.1084 1.0752e-01    -0.1415   103.5997     7.3494     7.6582    33.0940    33.0949    26.6013    26.6022    8.32595 0.0000e+00
       6552    219.039    -0.7942    -0.7991   2.704892   2.704518     1.9414     2.3476      8.000     0.7722     0.8980 1.0752e-01    -0.1415   103.5997     7.3447     7.6575    33.0945    33.0949    26.6018    26.6023    8.32606 0.0000e+00
       6555    219.157    -0.7944    -0.7994   2.704884   2.704518     1.9394     2.3472      8.000     0.7722     2.0429 1.0752e-01    -0.1415   103.5997     7.3362     7.6579    33.0946    33.0952    26.6018    26.6024    8.32611 0.0000e+00
       6558    219.275    -0.7944    -0.7996   2.704891   2.704513     1.9406     2.3472      8.000     0.7510     2.0429 1.0752e-01    -0.1425   103.6268     7.3420     7.6578    33.0947    33.0952    26.6019    26.6025    8.32611 0.0000e+00
       6561    219.394    -0.7946    -0.7996   2.704903   2.704532     1.9402     2.3468      8.000     0.7510     2.0429 1.0752e-01    -0.1425   103.6268     7.3363     7.6565    33.0949    33.0955    26.6021    26.6027    8.32613 0.0000e+00
       6564    219.514    -0.7946    -0.7999   2.704888   2.704527     1.9406     2.3476      8.000     0.7510     2.0429 1.0740e-01    -0.1425   103.6268     7.3376     7.6667    33.0947    33.0957    26.6019    26.6029    8.32615 0.0000e+00
       6567    219.631    -0.7945    -0.7998   2.704899   2.704510     1.9406     2.3472      8.000     0.7616     2.0429 1.0752e-01    -0.1425   103.6268     7.3351     7.6678    33.0946    33.0952    26.6019    26.6025    8.32613 0.0000e+00
       6570    219.751    -0.7946    -0.8000   2.704913   2.704550     1.9406     2.3468      8.000     0.7616     2.0429 1.0752e-01    -0.1425   103.6268     7.3307     7.6650    33.0949    33.0959    26.6020    26.6031    8.32614 0.0000e+00
       6573    219.868    -0.7948    -0.8000   2.704897   2.704564     1.9410     2.3468      8.000     0.7616     2.0429 1.0740e-01    -0.1425   103.6268     7.3328     7.6638    33.0948    33.0960    26.6021    26.6032    8.32619 0.0000e+00
       6576    219.985    -0.7947    -0.8001   2.704907   2.704551     1.9402     2.3472      8.000     0.7616     2.0429 1.0752e-01    -0.1418   103.6087     7.3301     7.6651    33.0947    33.0958    26.6019    26.6031    8.32616 0.0000e+00
       6579    220.102    -0.7946    -0.8002   2.704940   2.704573     1.9406     2.3464      8.000     0.7510     1.2533 1.0752e-01    -0.1425   103.6268     7.3335     7.6614    33.0951    33.0962    26.6022    26.6033    8.32614 0.0000e+00
       6582    220.220    -0.7951    -0.8003   2.704949   2.704584     1.9390     2.3456      8.000     0.7510     0.9770 1.0752e-01    -0.1429   103.6358     7.3223     7.6581    33.0956    33.0964    26.6027    26.6035    8.32620 0.0000e+00
       6585    220.335    -0.7950    -0.8001   2.705009   2.704632     1.9390     2.3472      8.000     0.7510     0.9770 1.0752e-01    -0.1429   103.6358     7.3202     7.6627    33.0962    33.0967    26.6032    26.6038    8.32615 0.0000e+00
       6588    220.447    -0.7948    -0.8000   2.705105   2.704725     1.9398     2.3480      8.000     0.7616     0.9770 1.0752e-01    -0.1425   103.6268     7.3230     7.6656    33.0972    33.0979    26.6040    26.6047    8.32604 0.0000e+00
       6591    220.556    -0.7943    -0.7995   2.705207   2.704843     1.9390     2.3464      8.000     0.7616     0.9770 1.0752e-01    -0.1425   103.6268     7.3184     7.6612    33.0980    33.0988    26.6046    26.6054    8.32589 0.0000e+00
       6594    220.664    -0.7938    -0.7989   2.705275   2.704954     1.9394     2.3464      8.000     0.7510     0.9770 1.0752e-01    -0.1425   103.6268     7.3225     7.6599    33.0983    33.0996    26.6048    26.6061    8.32576 0.0000e+00
       6597    220.769    -0.7931    -0.7982   2.705392   2.705045     1.9386     2.3456      8.000     0.7510     0.9770 1.0752e-01    -0.1425   103.6268     7.3244     7.6562    33.0990    33.1000    26.6054    26.6064    8.32556 0.0000e+00
       6600    220.872    -0.7926    -0.7975   2.705475   2.705130     1.9382     2.3456      8.000     0.7299     0.9770 1.0752e-01    -0.1429   103.6358     7.3277     7.6564    33.0996    33.1003    26.6058    26.6066    8.32542 0.0000e+00
       6603    220.973    -0.7919    -0.7971   2.705544   2.705180     1.9394     2.3464      8.000     0.7299     1.0165 1.0752e-01    -0.1432   103.6449     7.3358     7.6638    33.0997    33.1005    26.6058    26.6067    8.32526 0.0000e+00
       6606    221.071    -0.7917    -0.7968   2.705561   2.705193     1.9386     2.3456      8.000     0.7299     1.9639 1.0752e-01    -0.1425   103.6268     7.3311     7.6580    33.0996    33.1003    26.6058    26.6065    8.32521 0.0000e+00
       6609    221.167    -0.7916    -0.7966   2.705582   2.705213     1.9386     2.3456      8.000     0.7299     2.0429 1.0752e-01    -0.1436   103.6539     7.3322     7.6566    33.0998    33.1003    26.6059    26.6065    8.32518 0.0000e+00
       6612    221.260    -0.7915    -0.7968   2.705601   2.705218     1.9382     2.3464      8.000     0.7299     2.0429 1.0752e-01    -0.1429   103.6358     7.3331     7.6616    33.0999    33.1005    26.6060    26.6067    8.32516 0.0000e+00
       6615    221.350    -0.7917    -0.7966   2.705587   2.705242     1.9378     2.3452      8.000     0.7299     2.0429 1.0752e-01    -0.1432   103.6449     7.3354     7.6584    33.0998    33.1006    26.6060    26.6068    8.32520 0.0000e+00
       6618    221.433    -0.7917    -0.7967   2.705603   2.705239     1.9390     2.3456      8.000     0.7299     2.0429 1.0752e-01    -0.1425   103.6268     7.3410     7.6581    33.1000    33.1006    26.6061    26.6068    8.32520 0.0000e+00
       6621    221.516    -0.7916    -0.7968   2.705608   2.705244     1.9390     2.3456      8.000     0.7299     2.0429 1.0752e-01    -0.1425   103.6268     7.3405     7.6584    33.0999    33.1007    26.6061    26.6069    8.32518 0.0000e+00
       6624    221.595    -0.7913    -0.7969   2.705620   2.705263     1.9386     2.3456      8.000     0.7510     2.0429 1.0752e-01    -0.1425   103.6268     7.3350     7.6570    33.0997    33.1010    26.6058    26.6071    8.32512 0.0000e+00
       6627    221.673    -0.7914    -0.7965   2.705638   2.705275     1.9378     2.3464      8.000     0.7510     2.0429 1.0752e-01    -0.1425   103.6268     7.3285     7.6585    33.1000    33.1007    26.6061    26.6069    8.32513 0.0000e+00
       6630    221.749    -0.7914    -0.7965   2.705652   2.705290     1.9374     2.3452      8.000     0.7722     1.8850 1.0752e-01    -0.1425   103.6268     7.3257     7.6552    33.1002    33.1008    26.6062    26.6070    8.32512 0.0000e+00
       6633    221.823    -0.7914    -0.7962   2.705659   2.705316     1.9390     2.3456      8.000     0.7616     1.5692 1.0752e-01    -0.1425   103.6268     7.3321     7.6580    33.1001    33.1009    26.6062    26.6069    8.32511 0.0000e+00
       6636    221.897    -0.7910    -0.7961   2.705678   2.705328     1.9386     2.3444      8.000     0.7616     1.5692 1.0752e-01    -0.1425   103.6268     7.3299     7.6524    33.1000    33.1008    26.6061    26.6069    8.32504 0.0000e+00
       6639    221.968    -0.7910    -0.7963   2.705683   2.705333     1.9386     2.3444      8.000     0.7616     1.5692 1.0752e-01    -0.1436   103.6539     7.3285     7.6542    33.0999    33.1011    26.6060    26.6071    8.32503 0.0000e+00
       6642    222.039    -0.7910    -0.7960   2.705703   2.705345     1.9378     2.3444      8.000     0.7616     1.5692 1.0752e-01    -0.1436   103.6539     7.3240     7.6531    33.1002    33.1009    26.6063    26.6070    8.32502 0.0000e+00
       6645    222.108    -0.7911    -0.7958   2.705719   2.705377     1.9374     2.3452      8.000     0.7616     1.5692 1.0752e-01    -0.1436   103.6539     7.3244     7.6568    33.1005    33.1011    26.6065    26.6071    8.32503 0.0000e+00
       6648    222.180    -0.7910    -0.7958   2.705748   2.705395     1.9374     2.3444      8.000     0.7616     1.5692 1.0752e-01    -0.1436   103.6539     7.3237     7.6536    33.1007    33.1012    26.6066    26.6073    8.32499 0.0000e+00
       6651    222.255    -0.7907    -0.7958   2.705789   2.705426     1.9374     2.3444      8.000     0.7616     1.5692 1.0752e-01    -0.1432   103.6449     7.3245     7.6568    33.1009    33.1016    26.6068    26.6076    8.32491 0.0000e+00
       6654    222.330    -0.7906    -0.7956   2.705796   2.705440     1.9369     2.3452      8.000     0.7616     1.5692 1.0752e-01    -0.1432   103.6449     7.3182     7.6592    33.1008    33.1015    26.6067    26.6075    8.32489 0.0000e+00
       6657    222.406    -0.7904    -0.7955   2.705820   2.705462     1.9374     2.3448      8.000     0.7616     0.3058 1.0752e-01    -0.1429   103.6358     7.3189     7.6576    33.1010    33.1016    26.6068    26.6076    8.32485 0.0000e+00
