Datasets/AZMP/TEL210/tel210_2020_053.cnv
* Sea-Bird SBE 9 Data File:
* FileName = C:\CTDDATA\tel210_2020_053.hex
* Software Version Seasave V 7.26.7.110
* Temperature SN = 1697
* Conductivity SN = 4216
* Number of Bytes Per Scan = 30
* Number of Voltage Words = 4
* Number of Scans Averaged by the Deck Unit = 1
* NMEA baud rate = 4800
** VESSEL/TRIP/SEQ STN:  tel210_2020_053
** LATITUDE XX XX.XX: 49 06.00 N
** LONGITUDE XX XX.XX: 051 49.80 W
** SOUNDING DEPTH (M): 0287
** PROBE TYPE: S1146
** CTD NUMBER: 043
** COMMENTS (14 CHAR): BB-06
** BOTTLES:  10
** LEVELS: 5,10,20,30,40,50,75,100,150,BTM
** STICKERS: 436065 - 436074
** VNET: Y
** DO2: Y
# nquan = 22
# nvalues = 7026                        
# units = specified
# name 0 = scan: Scan Count
# name 1 = prDM: Pressure, Digiquartz [db]
# name 2 = t090C: Temperature [ITS-90, deg C]
# name 3 = t190C: Temperature, 2 [ITS-90, deg C]
# name 4 = c0S/m: Conductivity [S/m]
# name 5 = c1S/m: Conductivity, 2 [S/m]
# name 6 = sbeox0V: Oxygen raw, SBE 43 [V]
# name 7 = sbeox1V: Oxygen raw, SBE 43, 2 [V]
# name 8 = ph: pH
# name 9 = flECO-AFL: Fluorescence, WET Labs ECO-AFL/FL [mg/m^3]
# name 10 = wetCDOM: Fluorescence, WET Labs CDOM [mg/m^3]
# name 11 = par/sat/log: PAR/Logarithmic, Satlantic [umol photons/m^2/sec]
# name 12 = CStarAt0: Beam Attenuation, WET Labs C-Star [1/m]
# name 13 = CStarTr0: Beam Transmission, WET Labs C-Star [%]
# name 14 = sbeox0ML/L: Oxygen, SBE 43 [ml/l], WS = 2
# name 15 = sbeox1ML/L: Oxygen, SBE 43, 2 [ml/l], WS = 2
# name 16 = sal00: Salinity, Practical [PSU]
# name 17 = sal11: Salinity, Practical, 2 [PSU]
# name 18 = sigma-t00: Density [sigma-t, kg/m^3 ]
# name 19 = sigma-t11: Density, 2 [sigma-t, kg/m^3 ]
# name 20 = oxsatML/L: Oxygen Saturation, Weiss [ml/l]
# name 21 = flag: flag
# span 0 =          8,      43800       
# span 1 =      0.960,    286.171       
# span 2 =    -1.3917,    11.1299       
# span 3 =    -1.3963,    11.1271       
# span 4 =   2.632367,   3.576936       
# span 5 =   2.632153,   3.576535       
# span 6 =     1.8163,     2.5397       
# span 7 =     2.1888,     3.1293       
# span 8 =      7.940,      8.318       
# span 9 =     0.6135,     7.2802       
# span 10 =    -2.8130,   482.1870      
# span 11 = 1.0678e-01, 1.3252e+01      
# span 12 =    -0.1467,     0.6762      
# span 13 =    84.4463,   103.7353      
# span 14 =     6.0391,     9.1921      
# span 15 =     6.3231,     9.5874      
# span 16 =    30.9466,    34.4038      
# span 17 =    31.5604,    34.4053      
# span 18 =    23.8185,    27.4313      
# span 19 =    24.1208,    27.4315      
# span 20 =    6.29694,    8.47624      
# span 21 = 0.0000e+00, 0.0000e+00      
# interval = scans: 3                   
# start_time = Jul 21 2020 08:07:29 [System UTC, header]
# bad_flag = -9.990e-29
*END*
[from data line 3359]
      14973    274.916     2.6021     2.6145   3.090690   3.092403     1.8404     2.2235      7.961     0.7722     4.5301 1.0715e-01     0.0036    99.9101     6.2060     6.5038    34.3498    34.3576    27.4013    27.4064    7.55388 0.0000e+00
      14976    274.873     2.6001     2.6163   3.090688   3.092655     1.8408     2.2227      7.961     0.7616     4.4117 1.0715e-01     0.0000   100.0005     6.2080     6.5050    34.3519    34.3588    27.4031    27.4072    7.55416 0.0000e+00
      14979    274.827     2.5982     2.6193   3.090584   3.092938     1.8413     2.2227      7.959     0.7722     4.4117 1.0715e-01    -0.0014   100.0367     6.2108     6.5090    34.3527    34.3591    27.4040    27.4072    7.55448 0.0000e+00
      14982    274.779     2.5964     2.6245   3.090385   3.093416     1.8417     2.2239      7.961     0.7616     4.4117 1.0715e-01    -0.0018   100.0457     6.2161     6.5153    34.3523    34.3594    27.4037    27.4070    7.55485 0.0000e+00
      14985    274.730     2.5950     2.6278   3.090219   3.093817     1.8425     2.2235      7.961     0.7510     4.4117 1.0715e-01    -0.0018   100.0457     6.2241     6.5159    34.3517    34.3609    27.4034    27.4079    7.55514 0.0000e+00
      14988    274.673     2.5936     2.6286   3.089934   3.093806     1.8425     2.2244      7.959     0.6875     4.4117 1.0715e-01    -0.0018   100.0457     6.2262     6.5195    34.3498    34.3599    27.4019    27.4070    7.55550 0.0000e+00
      14991    274.610     2.5925     2.6220   3.089881   3.092756     1.8421     2.2252      7.962     0.6981     4.4117 1.0715e-01    -0.0018   100.0457     6.2247     6.5254    34.3502    34.3541    27.4024    27.4030    7.55568 0.0000e+00
      14994    274.544     2.5919     2.6172   3.089721   3.092697     1.8421     2.2248      7.962     0.7087     4.4512 1.0715e-01    -0.0011   100.0276     6.2253     6.5253    34.3490    34.3585    27.4015    27.4069    7.55587 0.0000e+00
      14997    274.476     2.5920     2.6203   3.090121   3.092806     1.8433     2.2260      7.962     0.7087     5.1617 1.0715e-01    -0.0018   100.0457     6.2308     6.5300    34.3539    34.3565    27.4053    27.4051    7.55560 0.0000e+00
      15000    274.402     2.5939     2.6089   3.090200   3.091296     1.8433     2.2268      7.962     0.7193     5.2407 1.0727e-01    -0.0018   100.0457     6.2308     6.5381    34.3528    34.3502    27.4043    27.4010    7.55528 0.0000e+00
      15003    274.324     2.5938     2.5951   3.089876   3.089857     1.8441     2.2276      7.961     0.7087     5.2407 1.0727e-01    -0.0018   100.0457     6.2354     6.5423    34.3490    34.3473    27.4013    27.3999    7.55550 0.0000e+00
      15006    274.242     2.5930     2.5875   3.089842   3.089283     1.8441     2.2276      7.962     0.7087     5.2407 1.0715e-01    -0.0018   100.0457     6.2364     6.5429    34.3495    34.3484    27.4018    27.4014    7.55564 0.0000e+00
      15009    274.153     2.5926     2.5849   3.089676   3.089063     1.8453     2.2276      7.962     0.6981     5.2407 1.0715e-01    -0.0018   100.0457     6.2410     6.5429    34.3479    34.3486    27.4005    27.4017    7.55578 0.0000e+00
      15012    274.062     2.5911     2.5833   3.089306   3.088870     1.8449     2.2280      7.964     0.7087     5.2407 1.0715e-01    -0.0018   100.0457     6.2422     6.5449    34.3450    34.3480    27.3984    27.4014    7.55622 0.0000e+00
      15015    273.967     2.5899     2.5820   3.089275   3.088714     1.8441     2.2288      7.964     0.7193     5.2407 1.0715e-01     0.0000   100.0005     6.2360     6.5483    34.3460    34.3475    27.3992    27.4011    7.55640 0.0000e+00
      15018    273.868     2.5885     2.5810   3.088938   3.088646     1.8453     2.2292      7.964     0.7299     5.2407 1.0715e-01     0.0047    99.8829     6.2423     6.5489    34.3433    34.3478    27.3972    27.4014    7.55680 0.0000e+00
      15021    273.769     2.5865     2.5816   3.088884   3.088789     1.8453     2.2297      7.964     0.7299     5.2407 1.0715e-01     0.0047    99.8829     6.2439     6.5488    34.3449    34.3490    27.3986    27.4024    7.55710 0.0000e+00
      15024    273.665     2.5850     2.5838   3.088729   3.088910     1.8466     2.2301      7.964     0.7299     5.2407 1.0715e-01     0.0047    99.8829     6.2506     6.5508    34.3446    34.3482    27.3986    27.4015    7.55740 0.0000e+00
      15027    273.557     2.5852     2.5824   3.088934   3.088739     1.8466     2.2301      7.964     0.7299     5.2407 1.0715e-01     0.0047    99.8829     6.2489     6.5517    34.3470    34.3476    27.4004    27.4012    7.55724 0.0000e+00
      15030    273.448     2.5842     2.5837   3.088450   3.088969     1.8466     2.2313      7.964     0.7299     5.2407 1.0727e-01     0.0047    99.8829     6.2484     6.5581    34.3422    34.3491    27.3968    27.4023    7.55769 0.0000e+00
      15033    273.340     2.5821     2.5850   3.088263   3.089082     1.8470     2.2313      7.964     0.7299     5.2407 1.0727e-01     0.0047    99.8829     6.2507     6.5597    34.3422    34.3491    27.3969    27.4022    7.55808 0.0000e+00
      15036    273.232     2.5799     2.5866   3.087788   3.089119     1.8470     2.2325      7.964     0.7299     5.2407 1.0727e-01     0.0021    99.9462     6.2506     6.5633    34.3388    34.3480    27.3943    27.4011    7.55868 0.0000e+00
      15039    273.124     2.5772     2.5799   3.087601   3.088217     1.8470     2.2325      7.964     0.7405     5.2407 1.0727e-01    -0.0007   100.0186     6.2492     6.5621    34.3394    34.3441    27.3951    27.3986    7.55916 0.0000e+00
      15042    273.014     2.5751     2.5737   3.087385   3.087536     1.8490     2.2325      7.964     0.7616     5.2407 1.0715e-01    -0.0007   100.0186     6.2566     6.5619    34.3391    34.3424    27.3950    27.3978    7.55958 0.0000e+00
      15045    272.909     2.5739     2.5710   3.087593   3.087433     1.8486     2.2337      7.964     0.7510     5.2407 1.0715e-01    -0.0007   100.0186     6.2531     6.5658    34.3429    34.3441    27.3982    27.3993    7.55961 0.0000e+00
      15048    272.810     2.5732     2.5738   3.087295   3.087863     1.8490     2.2337      7.964     0.7616     4.8854 1.0715e-01    -0.0007   100.0186     6.2534     6.5625    34.3401    34.3464    27.3960    27.4010    7.55988 0.0000e+00
      15051    272.714     2.5718     2.5761   3.087342   3.088047     1.8486     2.2346      7.964     0.7510     4.4117 1.0727e-01    -0.0004   100.0096     6.2519     6.5643    34.3422    34.3463    27.3978    27.4007    7.56005 0.0000e+00
      15054    272.620     2.5717     2.5751   3.087395   3.087943     1.8490     2.2350      7.964     0.7616     4.4117 1.0715e-01    -0.0004   100.0096     6.2531     6.5644    34.3431    34.3462    27.3985    27.4006    7.56003 0.0000e+00
      15057    272.527     2.5717     2.5730   3.087331   3.087638     1.8490     2.2362      7.964     0.7616     4.4117 1.0715e-01    -0.0022   100.0547     6.2516     6.5673    34.3423    34.3447    27.3979    27.3997    7.56006 0.0000e+00
      15060    272.439     2.5720     2.5699   3.087404   3.087189     1.8490     2.2354      7.964     0.7616     4.4117 1.0715e-01    -0.0029   100.0728     6.2511     6.5624    34.3429    34.3425    27.3983    27.3982    7.55997 0.0000e+00
      15063    272.353     2.5730     2.5681   3.087929   3.087160     1.8498     2.2354      7.964     0.7510     4.4117 1.0715e-01    -0.0029   100.0728     6.2508     6.5599    34.3484    34.3442    27.4026    27.3997    7.55951 0.0000e+00
      15066    272.270     2.5760     2.5734   3.087999   3.087839     1.8502     2.2362      7.964     0.7299     4.4117 1.0727e-01    -0.0029   100.0728     6.2523     6.5577    34.3461    34.3469    27.4005    27.4013    7.55905 0.0000e+00
      15069    272.191     2.5768     2.5769   3.088048   3.088199     1.8502     2.2362      7.964     0.7299     4.4117 1.0715e-01    -0.0025   100.0638     6.2534     6.5567    34.3459    34.3476    27.4003    27.4016    7.55891 0.0000e+00
      15072    272.113     2.5776     2.5781   3.088170   3.088220     1.8506     2.2366      7.964     0.7405     4.4117 1.0715e-01    -0.0025   100.0638     6.2560     6.5592    34.3466    34.3466    27.4008    27.4008    7.55872 0.0000e+00
      15075    272.039     2.5786     2.5788   3.088299   3.088099     1.8506     2.2378      7.964     0.7299   360.9863 1.0727e-01    -0.0025   100.0638     6.2557     6.5633    34.3471    34.3445    27.4011    27.3990    7.55850 0.0000e+00
      15078    271.974     2.5787     2.5747   3.088242   3.087645     1.8506     2.2374      7.964     0.7299   482.0291 1.0715e-01    -0.0025   100.0638     6.2540     6.5620    34.3463    34.3432    27.4005    27.3984    7.55852 0.0000e+00
      15081    271.909     2.5788     2.5724   3.088210   3.087589     1.8515     2.2378      7.964     0.7299   480.9631 1.0727e-01    -0.0029   100.0728     6.2570     6.5634    34.3458    34.3451    27.4001    27.4001    7.55852 0.0000e+00
      15084    271.846     2.5794     2.5748   3.088327   3.087949     1.8511     2.2374      7.964     0.7299   481.2395 1.0715e-01    -0.0029   100.0728     6.2527     6.5634    34.3467    34.3470    27.4007    27.4014    7.55836 0.0000e+00
      15087    271.787     2.5799     2.5775   3.088192   3.088058     1.8519     2.2374      7.964     0.7405   481.2395 1.0715e-01    -0.0029   100.0728     6.2548     6.5612    34.3445    34.3455    27.3989    27.3999    7.55838 0.0000e+00
      15090    271.731     2.5774     2.5759   3.087167   3.087957     1.8519     2.2378      7.964     0.7193   481.2790 1.0715e-01    -0.0029   100.0728     6.2553     6.5626    34.3347    34.3460    27.3913    27.4004    7.55937 0.0000e+00
      15093    271.678     2.5735     2.5746   3.086954   3.087805     1.8515     2.2399      7.966     0.7193   481.2790 1.0715e-01    -0.0029   100.0728     6.2564     6.5721    34.3362    34.3455    27.3928    27.4002    7.56002 0.0000e+00
      15096    271.628     2.5749     2.5733   3.087552   3.087577     1.8527     2.2399      7.964     0.7087   481.2395 1.0715e-01    -0.0040   100.0999     6.2607     6.5705    34.3421    34.3442    27.3974    27.3992    7.55946 0.0000e+00
      15099    271.577     2.5717     2.5704   3.086844   3.087286     1.8519     2.2399      7.967     0.6981   442.5500 1.0715e-01    -0.0072   100.1814     6.2583     6.5720    34.3369    34.3437    27.3935    27.3991    7.56035 0.0000e+00
      15102    271.526     2.5645     2.5690   3.085366   3.087062     1.8527     2.2390      7.966     0.6981    24.3091 1.0715e-01    -0.0072   100.1814     6.2660     6.5718    34.3263    34.3425    27.3857    27.3982    7.56224 0.0000e+00
      15105    271.471     2.5564     2.5682   3.084450   3.087022     1.8519     2.2399      7.967     0.6875    -2.6551 1.0727e-01    -0.0072   100.1814     6.2675     6.5766    34.3238    34.3428    27.3844    27.3985    7.56393 0.0000e+00
      15108    271.415     2.5480     2.5661   3.084095   3.086350     1.8531     2.2403      7.966     0.6875    -1.3523 1.0715e-01    -0.0072   100.1814     6.2771     6.5805    34.3284    34.3369    27.3888    27.3940    7.56529 0.0000e+00
      15111    271.362     2.5424     2.5464   3.083262   3.083936     1.8531     2.2407      7.966     0.6770    -1.3918 1.0715e-01    -0.0072   100.1814     6.2776     6.5860    34.3242    34.3283    27.3859    27.3888    7.56658 0.0000e+00
      15114    271.303     2.5368     2.5448   3.082664   3.084599     1.8531     2.2411      7.969     0.6875    -1.3918 1.0715e-01    -0.0072   100.1814     6.2822     6.5874    34.3229    34.3382    27.3854    27.3969    7.56773 0.0000e+00
      15117    271.243     2.5326     2.5528   3.082876   3.085407     1.8543     2.2415      7.969     0.7510    -1.3918 1.0715e-01    -0.0080   100.1994     6.2880     6.5901    34.3301    34.3395    27.3914    27.3973    7.56817 0.0000e+00
      15120    271.179     2.5303     2.5550   3.082603   3.085400     1.8535     2.2411      7.969     0.7616    -1.3918 1.0727e-01    -0.0094   100.2356     6.2844     6.5933    34.3291    34.3372    27.3909    27.3952    7.56865 0.0000e+00
      15123    271.113     2.5282     2.5489   3.082640   3.084419     1.8543     2.2427      7.969     0.7616    -1.3918 1.0715e-01    -0.0094   100.2356     6.2898     6.6047    34.3319    34.3316    27.3932    27.3912    7.56891 0.0000e+00
      15126    271.042     2.5293     2.5449   3.082741   3.084430     1.8551     2.2423      7.969     0.7616    -1.5102 1.0715e-01    -0.0094   100.2356     6.2943     6.6055    34.3320    34.3361    27.3932    27.3952    7.56870 0.0000e+00
      15129    270.969     2.5283     2.5495   3.082068   3.084556     1.8563     2.2435      7.969     0.7405    -1.6286 1.0715e-01    -0.0094   100.2356     6.3016     6.6096    34.3248    34.3327    27.3876    27.3921    7.56925 0.0000e+00
      15132    270.893     2.5253     2.5341   3.081864   3.082357     1.8551     2.2435      7.969     0.7722    -1.6286 1.0715e-01    -0.0094   100.2356     6.2947     6.6147    34.3256    34.3222    27.3884    27.3850    7.56979 0.0000e+00
      15135    270.807     2.5248     2.5239   3.081963   3.081731     1.8555     2.2444      7.969     0.7616    -1.6286 1.0715e-01    -0.0090   100.2266     6.2955     6.6203    34.3274    34.3255    27.3899    27.3885    7.56980 0.0000e+00
      15138    270.716     2.5255     2.5181   3.081959   3.081178     1.8563     2.2448      7.969     0.7510    -1.6681 1.0715e-01    -0.0090   100.2266     6.2968     6.6226    34.3266    34.3250    27.3893    27.3886    7.56970 0.0000e+00
      15141    270.617     2.5246     2.5155   3.081686   3.080934     1.8555     2.2460      7.969     0.7510    -1.6681 1.0715e-01    -0.0094   100.2356     6.2926     6.6274    34.3243    34.3247    27.3875    27.3886    7.57000 0.0000e+00
      15144    270.509     2.5227     2.5141   3.081284   3.080761     1.8563     2.2460      7.969     0.7299    -1.6286 1.0727e-01    -0.0094   100.2356     6.2956     6.6272    34.3214    34.3242    27.3853    27.3883    7.57050 0.0000e+00
      15147    270.401     2.5208     2.5127   3.081207   3.080626     1.8567     2.2464      7.969     0.7299    -1.6681 1.0727e-01    -0.0094   100.2356     6.2960     6.6281    34.3226    34.3241    27.3864    27.3883    7.57081 0.0000e+00
      15150    270.284     2.5194     2.5123   3.081063   3.080604     1.8576     2.2468      7.969     0.7299    -1.6681 1.0727e-01    -0.0094   100.2356     6.3017     6.6277    34.3223    34.3243    27.3863    27.3885    7.57109 0.0000e+00
      15153    270.160     2.5185     2.5128   3.081045   3.080675     1.8576     2.2476      7.969     0.7299   282.5415 1.0715e-01    -0.0094   100.2356     6.3036     6.6265    34.3232    34.3247    27.3871    27.3888    7.57122 0.0000e+00
      15156    270.032     2.5178     2.5157   3.080957   3.081106     1.8576     2.2480      7.969     0.7299   481.6343 1.0715e-01    -0.0090   100.2266     6.3030     6.6261    34.3230    34.3270    27.3870    27.3904    7.57137 0.0000e+00
      15159    269.899     2.5174     2.5199   3.080922   3.081538     1.8576     2.2484      7.969     0.7299   480.9237 1.0727e-01    -0.0094   100.2356     6.2999     6.6254    34.3229    34.3279    27.3870    27.3907    7.57143 0.0000e+00
      15162    269.760     2.5170     2.5229   3.080895   3.081836     1.8580     2.2484      7.969     0.7299   481.2395 1.0727e-01    -0.0090   100.2266     6.3022     6.6237    34.3232    34.3285    27.3872    27.3910    7.57151 0.0000e+00
