Datasets/AZMP/TEL210/tel210_2020_007.cnv
* Sea-Bird SBE 9 Data File:
* FileName = C:\CTDDATA\tel210_2020_007.hex
* Software Version Seasave V 7.26.7.110
* Temperature SN = 1697
* Conductivity SN = 4216
* Number of Bytes Per Scan = 30
* Number of Voltage Words = 4
* Number of Scans Averaged by the Deck Unit = 1
* NMEA baud rate = 4800
** VESSEL/TRIP/SEQ STN:  tel210_2020_007
** LATITUDE XX XX.XX: 47 00.00 N
** LONGITUDE XX XX.XX: 052 02.00 W
** SOUNDING DEPTH (M): 0138
** PROBE TYPE: S1146
** CTD NUMBER: 006
** COMMENTS (14 CHAR): FC-05
** BOTTLES:  9
** LEVELS: 5,10,20,30,40,50,75,100,BTM
** STICKERS: 435780 - 435788
** VNET: Y
** DO2: N
# nquan = 22
# nvalues = 3198                        
# units = specified
# name 0 = scan: Scan Count
# name 1 = prDM: Pressure, Digiquartz [db]
# name 2 = t090C: Temperature [ITS-90, deg C]
# name 3 = t190C: Temperature, 2 [ITS-90, deg C]
# name 4 = c0S/m: Conductivity [S/m]
# name 5 = c1S/m: Conductivity, 2 [S/m]
# name 6 = sbeox0V: Oxygen raw, SBE 43 [V]
# name 7 = sbeox1V: Oxygen raw, SBE 43, 2 [V]
# name 8 = ph: pH
# name 9 = flECO-AFL: Fluorescence, WET Labs ECO-AFL/FL [mg/m^3]
# name 10 = wetCDOM: Fluorescence, WET Labs CDOM [mg/m^3]
# name 11 = par/sat/log: PAR/Logarithmic, Satlantic [umol photons/m^2/sec]
# name 12 = CStarAt0: Beam Attenuation, WET Labs C-Star [1/m]
# name 13 = CStarTr0: Beam Transmission, WET Labs C-Star [%]
# name 14 = sbeox0ML/L: Oxygen, SBE 43 [ml/l], WS = 2
# name 15 = sbeox1ML/L: Oxygen, SBE 43, 2 [ml/l], WS = 2
# name 16 = sal00: Salinity, Practical [PSU]
# name 17 = sal11: Salinity, Practical, 2 [PSU]
# name 18 = sigma-t00: Density [sigma-t, kg/m^3 ]
# name 19 = sigma-t11: Density, 2 [sigma-t, kg/m^3 ]
# name 20 = oxsatML/L: Oxygen Saturation, Weiss [ml/l]
# name 21 = flag: flag
# span 0 =         54,      30683       
# span 1 =      1.578,    136.540       
# span 2 =    -1.6309,    11.6932       
# span 3 =    -1.6361,    11.6863       
# span 4 =   2.598620,   3.658555       
# span 5 =   2.598148,   3.658619       
# span 6 =     1.9341,     2.4607       
# span 7 =     2.3505,     3.0103       
# span 8 =      7.845,      8.168       
# span 9 =    -0.6019,     1.2194       
# span 10 =    -2.8130,   482.1870      
# span 11 = 1.0715e-01, 1.2881e+02      
# span 12 =    -0.1596,     0.0671      
# span 13 =    98.3366,   104.0699      
# span 14 =     6.1451,     8.8182      
# span 15 =     6.2497,     9.4169      
# span 16 =    31.7853,    32.9167      
# span 17 =    31.6801,    32.9172      
# span 18 =    24.2322,    26.4670      
# span 19 =    24.2316,    26.4676      
# span 20 =    6.21061,    8.54445      
# span 21 = 0.0000e+00, 0.0000e+00      
# interval = scans: 3                   
# start_time = Jul 15 2020 12:17:25 [System UTC, header]
# bad_flag = -9.990e-29
*END*
[from data line 1252]
       4362    119.091    -1.4545    -1.4599   2.624772   2.624376     1.9939     2.4240      7.881    -0.5511    -0.5627 1.0752e-01    -0.1226   103.1113     7.6605     8.0309    32.7890    32.7895    26.3750    26.3755    8.49501 0.0000e+00
       4365    119.161    -1.4542    -1.4598   2.624815   2.624409     1.9943     2.4245      7.881    -0.5409    -0.5627 1.0752e-01    -0.1226   103.1113     7.6636     8.0340    32.7893    32.7898    26.3752    26.3758    8.49493 0.0000e+00
       4368    119.235    -1.4537    -1.4593   2.624879   2.624473     1.9939     2.4236      7.881    -0.5511    -0.6022 1.0752e-01    -0.1236   103.1385     7.6624     8.0293    32.7896    32.7901    26.3754    26.3760    8.49480 0.0000e+00
       4371    119.310    -1.4535    -1.4589   2.624918   2.624530     1.9926     2.4228      7.881    -0.5409    -0.5627 1.0752e-01    -0.1236   103.1385     7.6553     8.0245    32.7898    32.7904    26.3756    26.3763    8.49474 0.0000e+00
       4374    119.386    -1.4530    -1.4586   2.624949   2.624581     1.9926     2.4224      7.881    -0.5409     2.1613 1.0752e-01    -0.1236   103.1385     7.6566     8.0262    32.7897    32.7907    26.3755    26.3765    8.49463 0.0000e+00
       4377    119.466    -1.4529    -1.4582   2.624985   2.624611     1.9930     2.4236      7.881    -0.5511     4.3722 1.0752e-01    -0.1236   103.1385     7.6550     8.0356    32.7899    32.7907    26.3757    26.3764    8.49457 0.0000e+00
       4380    119.553    -1.4526    -1.4581   2.625000   2.624644     1.9926     2.4232      7.881    -0.5511     4.2932 1.0740e-01    -0.1236   103.1385     7.6539     8.0339    32.7898    32.7910    26.3755    26.3767    8.49452 0.0000e+00
       4383    119.643    -1.4526    -1.4578   2.625043   2.624656     1.9926     2.4232      7.881    -0.5511     4.2932 1.0740e-01    -0.1236   103.1385     7.6543     8.0323    32.7903    32.7907    26.3760    26.3764    8.49449 0.0000e+00
       4386    119.737    -1.4525    -1.4578   2.625028   2.624652     1.9926     2.4224      7.881    -0.5409     4.2932 1.0740e-01    -0.1229   103.1204     7.6568     8.0264    32.7899    32.7907    26.3757    26.3764    8.49449 0.0000e+00
       4389    119.838    -1.4526    -1.4578   2.625059   2.624676     1.9926     2.4216      7.881    -0.5613     4.2932 1.0740e-01    -0.1215   103.0842     7.6571     8.0239    32.7904    32.7909    26.3761    26.3766    8.49448 0.0000e+00
       4392    119.943    -1.4522    -1.4575   2.625078   2.624694     1.9918     2.4216      7.881    -0.5511     4.2932 1.0752e-01    -0.1222   103.1023     7.6568     8.0263    32.7901    32.7907    26.3759    26.3765    8.49440 0.0000e+00
       4395    120.053    -1.4520    -1.4574   2.625103   2.624705     1.9914     2.4216      7.881    -0.5511     4.2932 1.0740e-01    -0.1215   103.0842     7.6557     8.0264    32.7902    32.7907    26.3759    26.3764    8.49435 0.0000e+00
       4398    120.170    -1.4520    -1.4574   2.625130   2.624737     1.9918     2.4224      7.881    -0.5511     4.2932 1.0752e-01    -0.1215   103.0842     7.6545     8.0284    32.7905    32.7911    26.3762    26.3767    8.49434 0.0000e+00
       4401    120.294    -1.4519    -1.4571   2.625141   2.624764     1.9906     2.4216      7.881    -0.5511     4.4906 1.0752e-01    -0.1219   103.0932     7.6454     8.0252    32.7905    32.7910    26.3761    26.3767    8.49432 0.0000e+00
       4404    120.419    -1.4515    -1.4569   2.625183   2.624802     1.9910     2.4204      7.881    -0.5511     4.5301 1.0752e-01    -0.1219   103.0932     7.6475     8.0238    32.7906    32.7912    26.3762    26.3768    8.49422 0.0000e+00
       4407    120.552    -1.4511    -1.4565   2.625245   2.624875     1.9910     2.4200      7.881    -0.5511     4.5301 1.0740e-01    -0.1208   103.0661     7.6443     8.0261    32.7909    32.7917    26.3765    26.3773    8.49411 0.0000e+00
       4410    120.689    -1.4505    -1.4561   2.625337   2.624923     1.9910     2.4200      7.878    -0.5409     4.5301 1.0752e-01    -0.1205   103.0571     7.6447     8.0293    32.7914    32.7919    26.3768    26.3774    8.49393 0.0000e+00
       4413    120.829    -1.4498    -1.4553   2.625396   2.624988     1.9906     2.4204      7.879    -0.5409     4.5301 1.0740e-01    -0.1201   103.0480     7.6448     8.0306    32.7913    32.7918    26.3768    26.3773    8.49377 0.0000e+00
       4416    120.971    -1.4493    -1.4547   2.625488   2.625105     1.9906     2.4204      7.878    -0.5511     4.5301 1.0740e-01    -0.1205   103.0571     7.6464     8.0284    32.7920    32.7927    26.3772    26.3780    8.49362 0.0000e+00
       4419    121.114    -1.4488    -1.4539   2.625561   2.625160     1.9902     2.4200      7.879    -0.5409     4.5301 1.0752e-01    -0.1205   103.0571     7.6426     8.0238    32.7924    32.7924    26.3776    26.3777    8.49349 0.0000e+00
       4422    121.259    -1.4476    -1.4533   2.625656   2.625246     1.9894     2.4200      7.876    -0.5409     4.5301 1.0752e-01    -0.1198   103.0390     7.6386     8.0251    32.7922    32.7929    26.3774    26.3782    8.49321 0.0000e+00
       4425    121.406    -1.4469    -1.4523   2.625766   2.625335     1.9894     2.4200      7.878    -0.5613     3.5826 1.0740e-01    -0.1201   103.0480     7.6362     8.0300    32.7929    32.7930    26.3780    26.3782    8.49301 0.0000e+00
       4428    121.553    -1.4458    -1.4515   2.625892   2.625470     1.9894     2.4200      7.876    -0.5409    -1.7076 1.0740e-01    -0.1194   103.0299     7.6344     8.0313    32.7933    32.7938    26.3783    26.3788    8.49273 0.0000e+00
       4431    121.698    -1.4451    -1.4505   2.625973   2.625566     1.9886     2.4200      7.878    -0.5409    -1.7076 1.0752e-01    -0.1183   103.0028     7.6306     8.0296    32.7936    32.7939    26.3785    26.3789    8.49256 0.0000e+00
       4434    121.837    -1.4442    -1.4496   2.626071   2.625660     1.9890     2.4192      7.876    -0.5511    -1.6286 1.0727e-01    -0.1190   103.0209     7.6359     8.0218    32.7939    32.7942    26.3787    26.3790    8.49232 0.0000e+00
       4437    121.976    -1.4434    -1.4489   2.626161   2.625752     1.9890     2.4188      7.878    -0.5409    -1.7471 1.0752e-01    -0.1190   103.0209     7.6359     8.0165    32.7942    32.7945    26.3789    26.3793    8.49213 0.0000e+00
       4440    122.111    -1.4424    -1.4480   2.626279   2.625866     1.9881     2.4188      7.878    -0.5511    -1.6286 1.0740e-01    -0.1194   103.0299     7.6343     8.0145    32.7946    32.7951    26.3792    26.3798    8.49187 0.0000e+00
       4443    122.236    -1.4415    -1.4468   2.626402   2.625991     1.9886     2.4175      7.876    -0.5409    -1.6681 1.0740e-01    -0.1194   103.0299     7.6378     8.0084    32.7952    32.7954    26.3797    26.3799    8.49162 0.0000e+00
       4446    122.358    -1.4401    -1.4459   2.626525   2.626079     1.9877     2.4188      7.876    -0.5511    -1.6681 1.0740e-01    -0.1183   103.0028     7.6369     8.0145    32.7953    32.7955    26.3797    26.3801    8.49128 0.0000e+00
       4449    122.471    -1.4396    -1.4450   2.626610   2.626189     1.9873     2.4188      7.876    -0.5511    -1.6286 1.0752e-01    -0.1162   102.9486     7.6375     8.0158    32.7959    32.7960    26.3802    26.3804    8.49114 0.0000e+00
       4452    122.577    -1.4392    -1.4444   2.626675   2.626283     1.9877     2.4184      7.876    -0.5409   194.0295 1.0752e-01    -0.1162   102.9486     7.6391     8.0141    32.7962    32.7966    26.3804    26.3809    8.49102 0.0000e+00
       4455    122.676    -1.4385    -1.4440   2.626723   2.626329     1.9877     2.4179      7.876    -0.5511   482.1870 1.0752e-01    -0.1162   102.9486     7.6381     8.0131    32.7960    32.7967    26.3803    26.3810    8.49087 0.0000e+00
       4458    122.767    -1.4380    -1.4437   2.626782   2.626399     1.9877     2.4167      7.876    -0.5511   481.1605 1.0740e-01    -0.1162   102.9486     7.6354     8.0103    32.7963    32.7973    26.3805    26.3814    8.49075 0.0000e+00
       4461    122.850    -1.4378    -1.4432   2.626795   2.626436     1.9869     2.4175      7.876    -0.5613   481.3184 1.0752e-01    -0.1166   102.9576     7.6330     8.0134    32.7962    32.7972    26.3804    26.3814    8.49071 0.0000e+00
       4464    122.920    -1.4377    -1.4430   2.626820   2.626451     1.9873     2.4163      7.876    -0.5409   481.3184 1.0752e-01    -0.1166   102.9576     7.6381     8.0077    32.7964    32.7971    26.3805    26.3812    8.49067 0.0000e+00
       4467    122.983    -1.4372    -1.4427   2.626868   2.626483     1.9861     2.4171      7.876    -0.5308   481.3579 1.0752e-01    -0.1159   102.9395     7.6330     8.0106    32.7964    32.7972    26.3805    26.3813    8.49054 0.0000e+00
       4470    123.037    -1.4365    -1.4423   2.626897   2.626492     1.9877     2.4175      7.876    -0.5511   481.3579 1.0752e-01    -0.1155   102.9305     7.6414     8.0142    32.7961    32.7968    26.3802    26.3810    8.49041 0.0000e+00
       4473    123.081    -1.4365    -1.4421   2.626910   2.626502     1.9873     2.4167      7.876    -0.5511   481.3579 1.0740e-01    -0.1159   102.9395     7.6383     8.0180    32.7961    32.7968    26.3803    26.3810    8.49039 0.0000e+00
       4476    123.118    -1.4370    -1.4421   2.626872   2.626508     1.9857     2.4163      7.876    -0.5409   481.3184 1.0752e-01    -0.1159   102.9395     7.6316     8.0204    32.7962    32.7968    26.3803    26.3810    8.49051 0.0000e+00
       4479    123.146    -1.4367    -1.4425   2.626884   2.626466     1.9861     2.4159      7.876    -0.5511   151.3527 1.0752e-01    -0.1159   102.9395     7.6351     8.0204    32.7960    32.7966    26.3801    26.3809    8.49045 0.0000e+00
       4511    123.295    -1.4382    -1.4474   2.626741   2.626025     1.9853     2.4151      7.876    -0.5511     2.5167 1.0752e-01    -0.1152   102.9214     7.6356     8.0083    32.7956    32.7958    26.3799    26.3803    8.49083 0.0000e+00
       4514    123.320    -1.4377    -1.4447   2.626815   2.626309     1.9853     2.4151      7.876    -0.5409     2.5167 1.0752e-01    -0.1152   102.9214     7.6376     8.0056    32.7961    32.7967    26.3802    26.3810    8.49069 0.0000e+00
       4517    123.352    -1.4372    -1.4431   2.626861   2.626443     1.9845     2.4151      7.876    -0.5511     2.5167 1.0740e-01    -0.1152   102.9214     7.6331     8.0052    32.7961    32.7968    26.3803    26.3810    8.49057 0.0000e+00
       4520    123.393    -1.4371    -1.4425   2.626904   2.626512     1.9841     2.4139      7.876    -0.5409     2.5167 1.0752e-01    -0.1152   102.9214     7.6309     8.0053    32.7966    32.7971    26.3807    26.3812    8.49051 0.0000e+00
       4523    123.442    -1.4371    -1.4421   2.626917   2.626534     1.9853     2.4151      7.876    -0.5409     2.5167 1.0752e-01    -0.1152   102.9214     7.6365     8.0135    32.7968    32.7970    26.3808    26.3811    8.49051 0.0000e+00
       4526    123.498    -1.4368    -1.4422   2.626919   2.626554     1.9845     2.4139      7.876    -0.5511     2.5167 1.0752e-01    -0.1152   102.9214     7.6345     8.0133    32.7963    32.7973    26.3805    26.3814    8.49045 0.0000e+00
       4529    123.557    -1.4366    -1.4422   2.626961   2.626544     1.9841     2.4139      7.876    -0.5308     2.5956 1.0740e-01    -0.1152   102.9214     7.6326     8.0170    32.7966    32.7971    26.3807    26.3812    8.49039 0.0000e+00
       4532    123.620    -1.4366    -1.4423   2.626963   2.626543     1.9845     2.4135      7.876    -0.5511     7.7279 1.0752e-01    -0.1159   102.9395     7.6330     8.0141    32.7967    32.7972    26.3807    26.3814    8.49039 0.0000e+00
       4535    123.694    -1.4367    -1.4422   2.626956   2.626562     1.9841     2.4139      7.876    -0.5308     8.3596 1.0752e-01    -0.1159   102.9395     7.6305     8.0161    32.7967    32.7973    26.3807    26.3814    8.49042 0.0000e+00
       4538    123.773    -1.4367    -1.4425   2.626947   2.626554     1.9837     2.4139      7.876    -0.5409     8.3201 1.0740e-01    -0.1155   102.9305     7.6324     8.0179    32.7965    32.7974    26.3806    26.3815    8.49042 0.0000e+00
       4541    123.856    -1.4368    -1.4424   2.626947   2.626568     1.9841     2.4139      7.876    -0.5511     8.3201 1.0752e-01    -0.1159   102.9395     7.6349     8.0183    32.7965    32.7975    26.3806    26.3816    8.49045 0.0000e+00
       4544    123.945    -1.4372    -1.4425   2.626934   2.626561     1.9841     2.4139      7.876    -0.5409     8.3201 1.0752e-01    -0.1159   102.9395     7.6332     8.0194    32.7968    32.7974    26.3808    26.3815    8.49053 0.0000e+00
       4547    124.042    -1.4373    -1.4430   2.626943   2.626558     1.9837     2.4131      7.876    -0.5511     8.3201 1.0752e-01    -0.1155   102.9305     7.6299     8.0164    32.7969    32.7979    26.3810    26.3819    8.49054 0.0000e+00
       4550    124.143    -1.4374    -1.4431   2.626954   2.626579     1.9829     2.4147      7.876    -0.5409     8.3201 1.0740e-01    -0.1152   102.9214     7.6293     8.0263    32.7971    32.7983    26.3811    26.3822    8.49055 0.0000e+00
       4553    124.250    -1.4376    -1.4433   2.626990   2.626599     1.9841     2.4143      7.876    -0.5511     8.3201 1.0740e-01    -0.1152   102.9214     7.6383     8.0238    32.7978    32.7987    26.3817    26.3826    8.49057 0.0000e+00
       4556    124.364    -1.4377    -1.4432   2.627032   2.626647     1.9837     2.4139      7.876    -0.5409    93.9501 1.0752e-01    -0.1152   102.9214     7.6338     8.0232    32.7984    32.7991    26.3822    26.3829    8.49055 0.0000e+00
       4559    124.484    -1.4377    -1.4433   2.627077   2.626696     1.9833     2.4135      7.878    -0.5511   477.0547 1.0740e-01    -0.1152   102.9214     7.6334     8.0193    32.7989    32.7998    26.3826    26.3835    8.49051 0.0000e+00
       4562    124.608    -1.4375    -1.4430   2.627107   2.626723     1.9841     2.4135      7.876    -0.5409   481.3974 1.0752e-01    -0.1152   102.9214     7.6381     8.0177    32.7991    32.7998    26.3827    26.3835    8.49046 0.0000e+00
       4565    124.737    -1.4373    -1.4427   2.627132   2.626745     1.9829     2.4127      7.878    -0.5409   481.2790 1.0752e-01    -0.1152   102.9214     7.6316     8.0160    32.7991    32.7997    26.3827    26.3834    8.49042 0.0000e+00
       4568    124.870    -1.4372    -1.4427   2.627179   2.626773     1.9829     2.4135      7.876    -0.5511   481.3579 1.0752e-01    -0.1152   102.9214     7.6327     8.0190    32.7996    32.8000    26.3831    26.3836    8.49037 0.0000e+00
       4571    125.004    -1.4369    -1.4423   2.627197   2.626828     1.9829     2.4135      7.876    -0.5511   481.3579 1.0752e-01    -0.1152   102.9214     7.6328     8.0173    32.7994    32.8002    26.3830    26.3838    8.49030 0.0000e+00
       4574    125.146    -1.4364    -1.4416   2.627293   2.626925     1.9837     2.4139      7.876    -0.5511   481.3579 1.0752e-01    -0.1152   102.9214     7.6390     8.0173    32.8001    32.8007    26.3835    26.3842    8.49015 0.0000e+00
       4577    125.291    -1.4344    -1.4398   2.627542   2.627144     1.9833     2.4131      7.876    -0.5409   481.3579 1.0752e-01    -0.1152   102.9214     7.6371     8.0165    32.8012    32.8017    26.3844    26.3849    8.48962 0.0000e+00
       4580    125.436    -1.4307    -1.4358   2.627973   2.627598     1.9825     2.4139      7.876    -0.5409   481.3579 1.0752e-01    -0.1152   102.9214     7.6333     8.0227    32.8030    32.8034    26.3857    26.3862    8.48866 0.0000e+00
