Datasets/AZMP/TEL210/tel210_2020_084.cnv
* Sea-Bird SBE 9 Data File:
* FileName = C:\CTDDATA\tel210_2020_084.hex
* Software Version Seasave V 7.26.7.110
* Temperature SN = 1697
* Conductivity SN = 4216
* Number of Bytes Per Scan = 30
* Number of Voltage Words = 4
* Number of Scans Averaged by the Deck Unit = 1
* NMEA baud rate = 4800
** VESSEL/TRIP/SEQ STN:  TEL210_2020_084
** LATITUDE XX XX.XX: 53 27.03 N
** LONGITUDE XX XX.XX: 055 18.25 W
** SOUNDING DEPTH (M): 0194
** PROBE TYPE: S1146
** CTD NUMBER: 054
** COMMENTS (14 CHAR): CSI-01
** BOTTLES:  0
** LEVELS: 
** STICKERS: 
** VNET: N
** DO2: N
# nquan = 22
# nvalues = 4497                        
# units = specified
# name 0 = scan: Scan Count
# name 1 = prDM: Pressure, Digiquartz [db]
# name 2 = t090C: Temperature [ITS-90, deg C]
# name 3 = t190C: Temperature, 2 [ITS-90, deg C]
# name 4 = c0S/m: Conductivity [S/m]
# name 5 = c1S/m: Conductivity, 2 [S/m]
# name 6 = sbeox0V: Oxygen raw, SBE 43 [V]
# name 7 = sbeox1V: Oxygen raw, SBE 43, 2 [V]
# name 8 = ph: pH
# name 9 = flECO-AFL: Fluorescence, WET Labs ECO-AFL/FL [mg/m^3]
# name 10 = wetCDOM: Fluorescence, WET Labs CDOM [mg/m^3]
# name 11 = par/sat/log: PAR/Logarithmic, Satlantic [umol photons/m^2/sec]
# name 12 = CStarAt0: Beam Attenuation, WET Labs C-Star [1/m]
# name 13 = CStarTr0: Beam Transmission, WET Labs C-Star [%]
# name 14 = sbeox0ML/L: Oxygen, SBE 43 [ml/l], WS = 2
# name 15 = sbeox1ML/L: Oxygen, SBE 43, 2 [ml/l], WS = 2
# name 16 = sal00: Salinity, Practical [PSU]
# name 17 = sal11: Salinity, Practical, 2 [PSU]
# name 18 = sigma-t00: Density [sigma-t, kg/m^3 ]
# name 19 = sigma-t11: Density, 2 [sigma-t, kg/m^3 ]
# name 20 = oxsatML/L: Oxygen Saturation, Weiss [ml/l]
# name 21 = flag: flag
# span 0 =          2,      14534       
# span 1 =      1.666,    201.833       
# span 2 =    -0.8987,     9.4491       
# span 3 =    -0.9065,     9.4520       
# span 4 =   2.643636,   3.344166       
# span 5 =   2.643269,   3.344067       
# span 6 =     1.9704,     2.4908       
# span 7 =     2.3761,     3.0599       
# span 8 =      7.946,      8.234       
# span 9 =     0.6664,     1.8410       
# span 10 =    -2.8130,   482.1870      
# span 11 = 1.0484e-01, 3.0703e-01      
# span 12 =    -0.1446,     0.1159      
# span 13 =    97.1429,   103.6811      
# span 14 =     7.0199,    10.5972      
# span 15 =     6.9314,    11.5058      
# span 16 =    30.6973,    33.5417      
# span 17 =    30.7460,    33.2766      
# span 18 =    23.7101,    26.8327      
# span 19 =    23.7203,    26.7373      
# span 20 =    6.57118,    8.38209      
# span 21 = 0.0000e+00, 0.0000e+00      
# interval = scans: 3                   
# start_time = Jul 25 2020 01:00:00 [System UTC, header]
# bad_flag = -9.990e-29
*END*
[from data line 659]
       2181     63.037    -0.7240    -0.7206   2.679579   2.678836     2.0960     2.5392      8.016     0.8357     0.1479 1.0715e-01    -0.1271   103.2289     8.0846     8.4348    32.7704    32.7567    26.3368    26.3256    8.32880 0.0000e+00
       2184     63.168    -0.7190    -0.7141   2.680406   2.679705     2.0972     2.5405      8.019     0.8251     0.1479 1.0715e-01    -0.1278   103.2470     8.0893     8.4350    32.7760    32.7613    26.3412    26.3290    8.32736 0.0000e+00
       2187     63.291    -0.7135    -0.7042   2.681065   2.680589     2.0980     2.5409      8.019     0.8357     0.1479 1.0715e-01    -0.1275   103.2380     8.0917     8.4307    32.7788    32.7623    26.3432    26.3295    8.32596 0.0000e+00
       2190     63.409    -0.7082    -0.6996   2.681423   2.681010     2.0980     2.5417      8.019     0.8251     0.1479 1.0715e-01    -0.1155   102.9305     8.0887     8.4302    32.7778    32.7629    26.3422    26.3299    8.32482 0.0000e+00
       2193     63.523    -0.7032    -0.6956   2.681832   2.681439     2.0997     2.5429      8.019     0.8569     0.1479 1.0715e-01    -0.1138   102.8853     8.0951     8.4308    32.7779    32.7643    26.3421    26.3308    8.32370 0.0000e+00
       2196     63.625    -0.6989    -0.6938   2.682391   2.681705     2.1001     2.5437      8.022     0.8569     0.7006 1.0715e-01    -0.1141   102.8943     8.0924     8.4313    32.7806    32.7658    26.3442    26.3320    8.32258 0.0000e+00
       2199     63.723    -0.6955    -0.6937   2.682598   2.682122     2.1009     2.5445      8.024     0.8569     1.8850 1.0715e-01    -0.1138   102.8853     8.0894     8.4260    32.7797    32.7713    26.3433    26.3364    8.32186 0.0000e+00
       2202     63.817    -0.6962    -0.7036   2.681937   2.681593     2.1013     2.5457      8.024     0.8780     1.8060 1.0715e-01    -0.1134   102.8762     8.0840     8.4251    32.7715    32.7748    26.3366    26.3396    8.32249 0.0000e+00
       2205     63.902    -0.7007    -0.7137   2.681758   2.681244     2.1017     2.5470      8.024     0.8569     1.8060 1.0715e-01    -0.1138   102.8853     8.0813     8.4262    32.7739    32.7811    26.3388    26.3451    8.32337 0.0000e+00
       2208     63.981    -0.7040    -0.7177   2.681919   2.681393     2.1017     2.5470      8.024     0.8780     1.8060 1.0715e-01    -0.1110   102.8129     8.0782     8.4225    32.7795    32.7874    26.3435    26.3503    8.32377 0.0000e+00
       2211     64.052    -0.7065    -0.7184   2.681963   2.681488     2.1029     2.5486      8.024     0.8675     1.8060 1.0715e-01    -0.0958   102.4241     8.0819     8.4235    32.7829    32.7894    26.3463    26.3520    8.32416 0.0000e+00
       2214     64.119    -0.7086    -0.7190   2.682012   2.681365     2.1037     2.5494      8.024     0.8569     1.8060 1.0715e-01    -0.0958   102.4241     8.0807     8.4202    32.7858    32.7883    26.3487    26.3511    8.32446 0.0000e+00
       2217     64.179    -0.7103    -0.7201   2.682032   2.681326     2.1037     2.5494      8.024     0.8569     1.8060 1.0715e-01    -0.0958   102.4241     8.0769     8.4137    32.7878    32.7889    26.3504    26.3517    8.32472 0.0000e+00
       2220     64.235    -0.7119    -0.7210   2.682002   2.681580     2.1041     2.5502      8.021     0.9203     1.8060 1.0715e-01    -0.0955   102.4150     8.0778     8.4090    32.7892    32.7933    26.3515    26.3552    8.32501 0.0000e+00
       2223     64.292    -0.7133    -0.7220   2.682001   2.681535     2.1041     2.5498      8.019     0.9415     3.3063 1.0715e-01    -0.0955   102.4150     8.0745     8.4015    32.7907    32.7938    26.3528    26.3556    8.32524 0.0000e+00
       2226     64.342    -0.7146    -0.7225   2.682007   2.681529     2.1046     2.5506      8.019     0.9309     4.0959 1.0715e-01    -0.0951   102.4060     8.0747     8.3973    32.7921    32.7943    26.3540    26.3561    8.32545 0.0000e+00
       2229     64.385    -0.7156    -0.7229   2.682009   2.681546     2.1050     2.5510      8.019     0.9203     4.0564 1.0715e-01    -0.1011   102.5597     8.0709     8.3929    32.7932    32.7948    26.3549    26.3565    8.32562 0.0000e+00
       2232     64.433    -0.7158    -0.7234   2.682010   2.681546     2.1062     2.5519      8.019     0.9203     4.0564 1.0715e-01    -0.1127   102.8581     8.0735     8.3909    32.7934    32.7954    26.3551    26.3570    8.32564 0.0000e+00
       2235     64.473    -0.7166    -0.7234   2.682035   2.681546     2.1062     2.5515      8.017     0.9203     4.0564 1.0715e-01    -0.1120   102.8400     8.0702     8.3819    32.7946    32.7953    26.3561    26.3570    8.32576 0.0000e+00
       2238     64.514    -0.7167    -0.7234   2.682077   2.681590     2.1062     2.5527      8.016     0.9415     4.0564 1.0715e-01    -0.1120   102.8400     8.0694     8.3823    32.7952    32.7959    26.3567    26.3574    8.32575 0.0000e+00
       2241     64.557    -0.7169    -0.7232   2.682141   2.681631     2.1070     2.5523      8.016     0.9309     4.0564 1.0715e-01    -0.1120   102.8400     8.0700     8.3767    32.7963    32.7962    26.3575    26.3576    8.32572 0.0000e+00
       2244     64.603    -0.7169    -0.7228   2.682188   2.681701     2.1066     2.5527      8.014     0.9309     4.0564 1.0715e-01    -0.1120   102.8400     8.0630     8.3746    32.7969    32.7967    26.3579    26.3580    8.32570 0.0000e+00
       2247     64.647    -0.7166    -0.7226   2.682226   2.681744     2.1074     2.5531      8.014     0.9309     4.0169 1.0752e-01    -0.1120   102.8400     8.0616     8.3714    32.7970    32.7970    26.3581    26.3583    8.32562 0.0000e+00
       2250     64.692    -0.7168    -0.7223   2.682273   2.681784     2.1070     2.5527      8.014     0.9309     2.9904 1.0727e-01    -0.1096   102.7768     8.0549     8.3658    32.7978    32.7972    26.3587    26.3584    8.32561 0.0000e+00
       2253     64.738    -0.7170    -0.7222   2.682274   2.681808     2.1070     2.5531      8.014     0.9309     2.8720 1.0740e-01    -0.1089   102.7587     8.0532     8.3631    32.7980    32.7974    26.3589    26.3586    8.32564 0.0000e+00
       2256     64.787    -0.7166    -0.7221   2.682295   2.681845     2.1078     2.5531      8.014     0.9203     2.8720 1.0727e-01    -0.1089   102.7587     8.0545     8.3603    32.7978    32.7977    26.3587    26.3588    8.32556 0.0000e+00
       2259     64.841    -0.7166    -0.7222   2.682306   2.681866     2.1086     2.5527      8.014     0.9309     2.8720 1.0727e-01    -0.1089   102.7587     8.0579     8.3563    32.7980    32.7982    26.3589    26.3592    8.32556 0.0000e+00
       2262     64.897    -0.7168    -0.7223   2.682363   2.681898     2.1078     2.5527      8.014     0.9415     2.8720 1.0715e-01    -0.1089   102.7587     8.0508     8.3536    32.7989    32.7986    26.3596    26.3596    8.32555 0.0000e+00
       2265     64.956    -0.7171    -0.7225   2.682483   2.681963     2.1078     2.5531      8.014     0.9309     2.8720 1.0715e-01    -0.1089   102.7587     8.0449     8.3553    32.8008    32.7997    26.3611    26.3604    8.32550 0.0000e+00
       2268     65.020    -0.7165    -0.7220   2.682687   2.682198     2.1078     2.5531      8.011     0.9203     2.8720 1.0715e-01    -0.1085   102.7496     8.0453     8.3534    32.8029    32.8023    26.3628    26.3626    8.32526 0.0000e+00
       2271     65.085    -0.7164    -0.7217   2.682738   2.682305     2.1078     2.5531      8.014     1.0261     2.8720 1.0715e-01    -0.1050   102.6592     8.0443     8.3543    32.8034    32.8033    26.3632    26.3634    8.32520 0.0000e+00
       2274     65.151    -0.7164    -0.7214   2.682765   2.682296     2.1091     2.5535      8.013     1.0897     2.0429 1.0715e-01    -0.1046   102.6501     8.0522     8.3559    32.8038    32.8029    26.3635    26.3630    8.32519 0.0000e+00
       2277     65.222    -0.7165    -0.7215   2.682780   2.682320     2.1086     2.5531      8.011     1.1002    -1.3918 1.0715e-01    -0.1046   102.6501     8.0475     8.3560    32.8040    32.8033    26.3638    26.3633    8.32520 0.0000e+00
       2280     65.295    -0.7161    -0.7216   2.682793   2.682325     2.1086     2.5531      8.011     1.0791    -1.3523 1.0715e-01    -0.1046   102.6501     8.0460     8.3559    32.8037    32.8034    26.3634    26.3634    8.32511 0.0000e+00
       2283     65.372    -0.7161    -0.7213   2.682809   2.682349     2.1090     2.5531      8.010     1.0791    -1.2733 1.0715e-01    -0.1046   102.6501     8.0463     8.3561    32.8038    32.8034    26.3636    26.3634    8.32510 0.0000e+00
       2286     65.455    -0.7160    -0.7212   2.682809   2.682372     2.1082     2.5531      8.010     1.0897    -1.3523 1.0715e-01    -0.1043   102.6411     8.0428     8.3575    32.8038    32.8035    26.3635    26.3635    8.32510 0.0000e+00
       2289     65.545    -0.7159    -0.7210   2.682890   2.682429     2.1078     2.5535      8.010     1.0897    -1.3128 1.0715e-01    -0.1046   102.6501     8.0376     8.3603    32.8046    32.8040    26.3642    26.3639    8.32502 0.0000e+00
       2292     65.640    -0.7155    -0.7201   2.683114   2.682637     2.1095     2.5531      8.010     1.1108    -1.3128 1.0715e-01    -0.1039   102.6320     8.0422     8.3595    32.8072    32.8057    26.3663    26.3652    8.32479 0.0000e+00
       2295     65.739    -0.7147    -0.7188   2.683283   2.682783     2.1090     2.5535      8.010     1.0897    -1.3128 1.0715e-01    -0.1046   102.6501     8.0369     8.3589    32.8085    32.8062    26.3673    26.3656    8.32452 0.0000e+00
       2298     65.843    -0.7138    -0.7173   2.683437   2.682970     2.1095     2.5535      8.010     1.0367    -1.3523 1.0715e-01    -0.1039   102.6320     8.0364     8.3590    32.8095    32.8071    26.3681    26.3662    8.32427 0.0000e+00
       2301     65.952    -0.7128    -0.7161   2.683551   2.683097     2.1090     2.5539      8.010     1.0262    -0.5627 1.0727e-01    -0.1043   102.6411     8.0370     8.3620    32.8099    32.8074    26.3684    26.3665    8.32401 0.0000e+00
       2304     66.070    -0.7118    -0.7151   2.683715   2.683227     2.1095     2.5531      8.010     1.0262     0.3848 1.0740e-01    -0.1036   102.6230     8.0381     8.3591    32.8110    32.8080    26.3692    26.3669    8.32374 0.0000e+00
       2307     66.188    -0.7110    -0.7144   2.683827   2.683359     2.1086     2.5539      8.010     1.0156     0.3848 1.0740e-01    -0.1046   102.6501     8.0337     8.3618    32.8116    32.8089    26.3697    26.3676    8.32353 0.0000e+00
       2310     66.311    -0.7101    -0.7133   2.683992   2.683525     2.1086     2.5543      8.010     1.0262     0.3848 1.0752e-01    -0.1057   102.6773     8.0331     8.3609    32.8127    32.8099    26.3705    26.3684    8.32325 0.0000e+00
       2313     66.443    -0.7089    -0.7120   2.684234   2.683727     2.1086     2.5543      8.010     1.0367     0.3848 1.0727e-01    -0.1078   102.7315     8.0281     8.3601    32.8146    32.8112    26.3720    26.3694    8.32288 0.0000e+00
       2316     66.577    -0.7073    -0.7097   2.684560   2.684041     2.1090     2.5539      8.013     1.0262     0.3453 1.0740e-01    -0.1078   102.7315     8.0268     8.3582    32.8172    32.8128    26.3740    26.3706    8.32238 0.0000e+00
       2319     66.718    -0.7055    -0.7066   2.684855   2.684360     2.1086     2.5531      8.012     1.0156     0.3848 1.0727e-01    -0.1078   102.7315     8.0253     8.3526    32.8191    32.8137    26.3756    26.3711    8.32186 0.0000e+00
       2322     66.864    -0.7033    -0.7046   2.685005   2.684556     2.1090     2.5543      8.011     1.0262     0.3848 1.0715e-01    -0.1078   102.7315     8.0274     8.3560    32.8187    32.8141    26.3751    26.3714    8.32139 0.0000e+00
       2325     67.016    -0.7017    -0.7041   2.685132   2.684687     2.1095     2.5543      8.012     1.0473     0.3848 1.0715e-01    -0.1078   102.7315     8.0334     8.3566    32.8185    32.8151    26.3750    26.3722    8.32104 0.0000e+00
       2328     67.174    -0.7005    -0.7032   2.685389   2.684876     2.1090     2.5543      8.014     1.0685     2.0034 1.0715e-01    -0.1078   102.7315     8.0330     8.3557    32.8206    32.8166    26.3765    26.3734    8.32065 0.0000e+00
       2331     67.336    -0.6988    -0.7007   2.685675   2.685182     2.1086     2.5539      8.014     1.0579     2.5562 1.0715e-01    -0.1078   102.7315     8.0340     8.3516    32.8225    32.8179    26.3781    26.3744    8.32016 0.0000e+00
       2334     67.501    -0.6969    -0.6977   2.685939   2.685445     2.1090     2.5539      8.014     1.0473     2.5167 1.0715e-01    -0.1078   102.7315     8.0377     8.3513    32.8238    32.8181    26.3791    26.3744    8.31965 0.0000e+00
       2337     67.673    -0.6945    -0.6956   2.686108   2.685647     2.1086     2.5543      8.014     1.0579     2.5167 1.0715e-01    -0.1078   102.7315     8.0365     8.3551    32.8234    32.8184    26.3786    26.3746    8.31913 0.0000e+00
       2340     67.847    -0.6931    -0.6946   2.686160   2.685721     2.1086     2.5543      8.014     1.0579     2.5167 1.0715e-01    -0.1074   102.7225     8.0358     8.3571    32.8225    32.8182    26.3779    26.3744    8.31888 0.0000e+00
       2343     68.025    -0.6919    -0.6943   2.686205   2.685765     2.1090     2.5539      8.014     1.0579     2.5167 1.0715e-01    -0.1078   102.7315     8.0398     8.3526    32.8217    32.8183    26.3771    26.3745    8.31865 0.0000e+00
       2346     68.206    -0.6907    -0.6940   2.686276   2.685818     2.1086     2.5543      8.014     1.0473     2.5167 1.0715e-01    -0.1078   102.7315     8.0386     8.3509    32.8212    32.8187    26.3767    26.3748    8.31841 0.0000e+00
       2349     68.386    -0.6901    -0.6941   2.686394   2.685933     2.1099     2.5543      8.014     1.0579     2.5167 1.0715e-01    -0.1078   102.7315     8.0468     8.3496    32.8221    32.8202    26.3774    26.3760    8.31823 0.0000e+00
       2352     68.571    -0.6893    -0.6944   2.686444   2.686012     2.1090     2.5543      8.014     1.0897     2.7536 1.0715e-01    -0.1067   102.7044     8.0430     8.3506    32.8218    32.8215    26.3771    26.3771    8.31806 0.0000e+00
       2355     68.756    -0.6893    -0.6948   2.686480   2.686022     2.1099     2.5543      8.014     1.1108     5.2802 1.0715e-01    -0.1067   102.7044     8.0455     8.3493    32.8222    32.8219    26.3774    26.3774    8.31804 0.0000e+00
       2358     68.941    -0.6895    -0.6962   2.686520   2.686051     2.1099     2.5539      8.014     1.0897     5.3592 1.0715e-01    -0.1067   102.7044     8.0431     8.3429    32.8228    32.8237    26.3779    26.3789    8.31806 0.0000e+00
       2361     69.125    -0.6905    -0.6984   2.686434   2.685969     2.1099     2.5555      8.014     1.0897     5.3592 1.0715e-01    -0.1064   102.6954     8.0423     8.3460    32.8225    32.8249    26.3778    26.3800    8.31828 0.0000e+00
       2364     69.307    -0.6917    -0.7012   2.686318   2.685858     2.1095     2.5543      8.014     1.1002     5.3592 1.0715e-01    -0.1067   102.7044     8.0390     8.3383    32.8222    32.8264    26.3776    26.3813    8.31858 0.0000e+00
       2367     69.490    -0.6933    -0.7032   2.686284   2.685808     2.1099     2.5535      8.014     1.0897     5.3592 1.0715e-01    -0.1067   102.7044     8.0366     8.3314    32.8234    32.8278    26.3785    26.3825    8.31887 0.0000e+00
       2370     69.669    -0.6951    -0.7047   2.686239   2.685786     2.1099     2.5539      8.014     1.1002     5.3592 1.0715e-01    -0.1057   102.6773     8.0335     8.3288    32.8246    32.8290    26.3796    26.3835    8.31920 0.0000e+00
       2373     69.844    -0.6967    -0.7065   2.686230   2.685769     2.1099     2.5539      8.014     1.0897     5.3592 1.0715e-01    -0.1036   102.6230     8.0301     8.3257    32.8261    32.8306    26.3809    26.3849    8.31947 0.0000e+00
