Datasets/AZMP/TEL210/tel210_2020_026.cnv
* Sea-Bird SBE 9 Data File:
* FileName = C:\CTDDATA\tel210_2020_026.hex
* Software Version Seasave V 7.26.7.110
* Temperature SN = 1697
* Conductivity SN = 4216
* Number of Bytes Per Scan = 30
* Number of Voltage Words = 4
* Number of Scans Averaged by the Deck Unit = 1
* NMEA baud rate = 4800
** VESSEL/TRIP/SEQ STN:  tel210_2020_026
** LATITUDE XX XX.XX: 47 00.00 N
** LONGITUDE XX XX.XX: 045 12.80 W
** SOUNDING DEPTH (M): 0169
** PROBE TYPE: S1146
** CTD NUMBER: 025
** COMMENTS (14 CHAR): FC-24
** BOTTLES:  10
** LEVELS: 5,10,20,30,40,50,75,100,150,BTM
** STICKERS: 435912 - 435921
** VNET: Y
** DO2: Y
# nquan = 22
# nvalues = 3978                        
# units = specified
# name 0 = scan: Scan Count
# name 1 = prDM: Pressure, Digiquartz [db]
# name 2 = t090C: Temperature [ITS-90, deg C]
# name 3 = t190C: Temperature, 2 [ITS-90, deg C]
# name 4 = c0S/m: Conductivity [S/m]
# name 5 = c1S/m: Conductivity, 2 [S/m]
# name 6 = sbeox0V: Oxygen raw, SBE 43 [V]
# name 7 = sbeox1V: Oxygen raw, SBE 43, 2 [V]
# name 8 = ph: pH
# name 9 = flECO-AFL: Fluorescence, WET Labs ECO-AFL/FL [mg/m^3]
# name 10 = wetCDOM: Fluorescence, WET Labs CDOM [mg/m^3]
# name 11 = par/sat/log: PAR/Logarithmic, Satlantic [umol photons/m^2/sec]
# name 12 = CStarAt0: Beam Attenuation, WET Labs C-Star [1/m]
# name 13 = CStarTr0: Beam Transmission, WET Labs C-Star [%]
# name 14 = sbeox0ML/L: Oxygen, SBE 43 [ml/l], WS = 2
# name 15 = sbeox1ML/L: Oxygen, SBE 43, 2 [ml/l], WS = 2
# name 16 = sal00: Salinity, Practical [PSU]
# name 17 = sal11: Salinity, Practical, 2 [PSU]
# name 18 = sigma-t00: Density [sigma-t, kg/m^3 ]
# name 19 = sigma-t11: Density, 2 [sigma-t, kg/m^3 ]
# name 20 = oxsatML/L: Oxygen Saturation, Weiss [ml/l]
# name 21 = flag: flag
# span 0 =         36,      51747       
# span 1 =      1.820,    164.852       
# span 2 =     3.6922,    11.5427       
# span 3 =     3.6866,    11.5431       
# span 4 =   3.187157,   3.752406       
# span 5 =   3.186530,   3.752199       
# span 6 =     1.8882,     2.4304       
# span 7 =     2.2797,     2.9694       
# span 8 =      7.936,      8.218       
# span 9 =    -0.6121,     6.9275       
# span 10 =    -2.8130,   482.1870      
# span 11 = 1.0580e-01, 3.0827e-01      
# span 12 =    -0.1057,     0.2365      
# span 13 =    94.2581,   102.6773      
# span 14 =     6.0815,     7.8335      
# span 15 =     6.3075,     8.2179      
# span 16 =    32.9761,    34.6226      
# span 17 =    32.9741,    34.6196      
# span 18 =    25.1055,    27.5114      
# span 19 =    25.1047,    27.5095      
# span 20 =    6.18787,    7.34563      
# span 21 = 0.0000e+00, 0.0000e+00      
# interval = scans: 3                   
# start_time = Jul 18 2020 01:09:00 [System UTC, header]
# bad_flag = -9.990e-29
*END*
[from data line 3293]
      31633     45.088     4.9292     4.9190   3.265642   3.264713     2.2147     2.6923      8.137     2.9186   481.2790 1.0715e-01     0.0598    98.5174     7.2223     7.5462    34.1228    34.1225    26.9879    26.9888    7.14229 0.0000e+00
      31636     45.048     4.9389     4.9157   3.266117   3.264565     2.2155     2.6931      8.140     2.9186   481.2790 1.0715e-01     0.0598    98.5174     7.2235     7.5494    34.1184    34.1242    26.9833    26.9905    7.14083 0.0000e+00
      31639     45.010     4.9417     4.9151   3.266188   3.264539     2.2155     2.6931      8.138     2.9186    88.6994 1.0715e-01     0.0594    98.5265     7.2258     7.5481    34.1163    34.1245    26.9813    26.9908    7.14043 0.0000e+00
      31642     44.974     4.9447     4.9175   3.266412   3.264718     2.2163     2.6931      8.140     3.1017     3.3062 1.0715e-01     0.0594    98.5265     7.2293     7.5483    34.1159    34.1241    26.9806    26.9902    7.13994 0.0000e+00
      31645     44.938     4.9454     4.9235   3.266434   3.265040     2.2163     2.6951      8.138     3.1221     7.5700 1.0715e-01     0.0594    98.5265     7.2277     7.5559    34.1154    34.1217    26.9802    26.9876    7.13984 0.0000e+00
      31648     44.906     4.9465     4.9240   3.266579   3.265023     2.2167     2.6955      8.138     3.1322     7.3726 1.0715e-01     0.0598    98.5174     7.2287     7.5597    34.1160    34.1211    26.9805    26.9871    7.13962 0.0000e+00
      31651     44.872     4.9473     4.9256   3.266549   3.265110     2.2180     2.6955      8.138     3.1424     7.3726 1.0715e-01     0.0623    98.4541     7.2344     7.5623    34.1148    34.1204    26.9795    26.9864    7.13953 0.0000e+00
      31654     44.839     4.9475     4.9263   3.266632   3.265152     2.2180     2.6968      8.140     3.1322     7.3726 1.0703e-01     0.0627    98.4451     7.2356     7.5678    34.1156    34.1202    26.9801    26.9862    7.13946 0.0000e+00
      31657     44.803     4.9479     4.9291   3.266708   3.265262     2.2180     2.6968      8.141     3.1424     7.3726 1.0715e-01     0.0627    98.4451     7.2368     7.5684    34.1161    34.1187    26.9805    26.9846    7.13938 0.0000e+00
      31660     44.764     4.9490     4.9299   3.266752   3.265344     2.2188     2.6968      8.141     3.1424     7.3726 1.0715e-01     0.0627    98.4451     7.2388     7.5703    34.1155    34.1188    26.9798    26.9846    7.13922 0.0000e+00
      31663     44.721     4.9490     4.9314   3.266753   3.265447     2.2196     2.6972      8.141     3.1424     8.2411 1.0715e-01     0.0627    98.4451     7.2423     7.5729    34.1156    34.1185    26.9799    26.9841    7.13921 0.0000e+00
      31666     44.675     4.9498     4.9321   3.266822   3.265548     2.2196     2.6980      8.141     3.1831    14.0051 1.0715e-01     0.0627    98.4451     7.2426     7.5751    34.1155    34.1190    26.9797    26.9845    7.13907 0.0000e+00
      31669     44.623     4.9496     4.9364   3.266838   3.265835     2.2204     2.6984      8.141     3.5087    14.0051 1.0715e-01     0.0627    98.4451     7.2470     7.5754    34.1159    34.1179    26.9801    26.9831    7.13908 0.0000e+00
      31672     44.566     4.9506     4.9387   3.266875   3.265889     2.2204     2.7000      8.141     3.5087    14.0051 1.0715e-01     0.0627    98.4451     7.2454     7.5841    34.1154    34.1162    26.9795    26.9815    7.13894 0.0000e+00
      31675     44.507     4.9513     4.9403   3.266927   3.266081     2.2216     2.7004      8.141     3.4985    14.0051 1.0715e-01     0.0627    98.4451     7.2515     7.5883    34.1153    34.1169    26.9794    26.9819    7.13883 0.0000e+00
      31678     44.449     4.9517     4.9451   3.266924   3.266336     2.2216     2.7004      8.141     3.5087    14.0051 1.0715e-01     0.0627    98.4451     7.2518     7.5922    34.1149    34.1149    26.9790    26.9798    7.13877 0.0000e+00
      31681     44.385     4.9526     4.9466   3.267013   3.266402     2.2224     2.7016      8.141     3.4985    14.0051 1.0703e-01     0.0627    98.4451     7.2543     7.6009    34.1151    34.1141    26.9790    26.9790    7.13861 0.0000e+00
      31684     44.313     4.9532     4.9478   3.267050   3.266467     2.2220     2.7029      8.141     3.5087    14.0051 1.0715e-01     0.0627    98.4451     7.2525     7.6076    34.1149    34.1137    26.9788    26.9785    7.13851 0.0000e+00
      31687     44.240     4.9537     4.9494   3.267063   3.266591     2.2228     2.7029      8.141     3.4884    14.0051 1.0703e-01     0.0627    98.4451     7.2576     7.6086    34.1146    34.1135    26.9786    26.9782    7.13845 0.0000e+00
      31690     44.167     4.9541     4.9502   3.267099   3.266670     2.2241     2.7033      8.141     3.5087    14.3209 1.0703e-01     0.0634    98.4270     7.2643     7.6112    34.1146    34.1136    26.9785    26.9782    7.13837 0.0000e+00
      31693     44.092     4.9553     4.9519   3.267175   3.266788     2.2241     2.7045      8.141     3.4477    14.8341 1.0715e-01     0.0649    98.3908     7.2637     7.6168    34.1143    34.1133    26.9782    26.9777    7.13818 0.0000e+00
      31696     44.013     4.9567     4.9542   3.267286   3.266928     2.2245     2.7057      8.141     3.3764    14.8341 1.0715e-01     0.0642    98.4089     7.2662     7.6213    34.1142    34.1127    26.9779    26.9769    7.13795 0.0000e+00
      31699     43.931     4.9579     4.9556   3.267365   3.267028     2.2253     2.7069      8.141     3.3866    14.8341 1.0715e-01     0.0645    98.3998     7.2702     7.6290    34.1139    34.1124    26.9775    26.9766    7.13775 0.0000e+00
      31702     43.844     4.9592     4.9591   3.267503   3.267300     2.2253     2.7086      8.141     3.3764    14.8341 1.0715e-01     0.0642    98.4089     7.2730     7.6356    34.1143    34.1120    26.9777    26.9758    7.13751 0.0000e+00
      31705     43.753     4.9686     4.9621   3.268287   3.267545     2.2253     2.7090      8.141     3.3663    14.8341 1.0715e-01     0.0642    98.4089     7.2744     7.6357    34.1137    34.1118    26.9761    26.9754    7.13591 0.0000e+00
      31708     43.664     4.9788     4.9695   3.268840   3.268129     2.2273     2.7094      8.143     3.3866    14.8341 1.0715e-01     0.0642    98.4089     7.2826     7.6352    34.1097    34.1110    26.9718    26.9739    7.13434 0.0000e+00
      31711     43.572     4.9837     4.9812   3.269141   3.268900     2.2277     2.7102      8.141     3.3764    14.8341 1.0715e-01     0.0771    98.0924     7.2846     7.6357    34.1082    34.1080    26.9701    26.9702    7.13357 0.0000e+00
      31714     43.481     4.9866     4.9868   3.269254   3.269178     2.2277     2.7114      8.146     3.3866    14.8341 1.0715e-01     0.0830    97.9477     7.2851     7.6374    34.1066    34.1055    26.9685    26.9676    7.13315 0.0000e+00
      31717     43.386     4.9913     4.9893   3.269616   3.269359     2.2281     2.7126      8.146     3.3866    14.9920 1.0703e-01     0.0826    97.9567     7.2885     7.6396    34.1060    34.1051    26.9675    26.9670    7.13236 0.0000e+00
      31720     43.295     4.9904     4.9935   3.269504   3.269652     2.2290     2.7135      8.146     3.4477    15.0710 1.0703e-01     0.0826    97.9567     7.2941     7.6403    34.1056    34.1042    26.9673    26.9658    7.13253 0.0000e+00
      31723     43.204     4.9951     4.9976   3.269956   3.269930     2.2302     2.7151      8.146     3.4782    15.0710 1.0715e-01     0.0830    97.9477     7.3006     7.6428    34.1061    34.1033    26.9671    26.9645    7.13170 0.0000e+00
      31726     43.110     5.0012     5.0015   3.270273   3.270152     2.2310     2.7155      8.146     3.4782    15.0710 1.0715e-01     0.0826    97.9567     7.3022     7.6443    34.1036    34.1019    26.9644    26.9630    7.13077 0.0000e+00
      31729     43.019     5.0021     5.0019   3.270221   3.270134     2.2314     2.7155      8.146     3.4884    15.0710 1.0715e-01     0.0837    97.9296     7.3032     7.6464    34.1021    34.1014    26.9632    26.9626    7.13069 0.0000e+00
      31732     42.926     5.0010     5.0035   3.269993   3.270248     2.2326     2.7163      8.146     3.4782    15.0710 1.0715e-01     0.0922    97.7216     7.3072     7.6485    34.1006    34.1010    26.9621    26.9621    7.13094 0.0000e+00
      31735     42.836     4.9966     5.0058   3.269773   3.270373     2.2326     2.7179      8.146     3.4680    15.0710 1.0703e-01     0.0937    97.6855     7.3108     7.6546    34.1027    34.1002    26.9642    26.9612    7.13160 0.0000e+00
      31738     42.752     5.0021     5.0057   3.270178   3.270290     2.2334     2.7183      8.149     3.4782    15.0710 1.0715e-01     0.0933    97.6945     7.3156     7.6566    34.1017    34.0994    26.9628    26.9606    7.13070 0.0000e+00
      31741     42.673     5.0063     5.0051   3.270365   3.270280     2.2342     2.7200      8.151     3.4782    14.9920 1.0715e-01     0.0937    97.6855     7.3190     7.6631    34.0997    34.0999    26.9608    26.9611    7.13008 0.0000e+00
      31744     42.595     5.0001     5.0060   3.270295   3.270308     2.2351     2.7200      8.151     3.4884    11.5574 1.0715e-01     0.0930    97.7036     7.3249     7.6641    34.1053    34.0994    26.9659    26.9605    7.13089 0.0000e+00
      31747     42.516     4.9938     5.0034   3.269666   3.270161     2.2359     2.7208      8.151     3.8241    11.2415 1.0703e-01     0.0930    97.7036     7.3321     7.6689    34.1045    34.1004    26.9660    26.9617    7.13201 0.0000e+00
      31750     42.440     5.0018     5.0066   3.270243   3.270290     2.2359     2.7228      8.151     3.8445    11.2415 1.0690e-01     0.0996    97.5408     7.3332     7.6787    34.1030    34.0986    26.9639    26.9599    7.13070 0.0000e+00
      31753     42.368     5.0132     5.0031   3.270823   3.270109     2.2367     2.7236      8.151     3.8343    11.2021 1.0715e-01     0.1227    96.9801     7.3389     7.6834    34.0981    34.1002    26.9587    26.9615    7.12896 0.0000e+00
      31756     42.296     5.0107     5.0100   3.270356   3.270609     2.2375     2.7240      8.151     3.8547    11.1626 1.0715e-01     0.1231    96.9711     7.3488     7.6849    34.0953    34.0989    26.9568    26.9597    7.12953 0.0000e+00
      31759     42.231     4.9960     5.0098   3.269671   3.270389     2.2391     2.7261      8.151     3.8547    11.1626 1.0690e-01     0.1227    96.9801     7.3645     7.6943    34.1025    34.0966    26.9642    26.9579    7.13173 0.0000e+00
      31762     42.164     4.9951     5.0006   3.269794   3.269816     2.2399     2.7265      8.152     3.8445    11.2021 1.0703e-01     0.1223    96.9891     7.3716     7.7009    34.1048    34.0995    26.9661    26.9612    7.13177 0.0000e+00
      31765     42.101     5.0042     4.9951   3.270442   3.269628     2.2408     2.7277      8.151     3.8343    11.1626 1.0703e-01     0.1223    96.9891     7.3767     7.7096    34.1030    34.1030    26.9636    26.9646    7.13028 0.0000e+00
      31768     42.043     5.0118     4.9938   3.270399   3.269441     2.2420     2.7285      8.152     3.8445     9.5834 1.0715e-01     0.1223    96.9891     7.3857     7.7158    34.0948    34.1021    26.9562    26.9641    7.12936 0.0000e+00
      31771     41.992     5.0158     4.9877   3.271088   3.269205     2.2432     2.7297      8.152     3.9666     2.6746 1.0715e-01     0.1268    96.8806     7.3954     7.7256    34.0987    34.1056    26.9588    26.9676    7.12849 0.0000e+00
      31774     41.939     5.0268     4.9866   3.271517   3.269037     2.2436     2.7314      8.155     4.4245     2.7535 1.0703e-01     0.1316    96.7631     7.3977     7.7368    34.0924    34.1049    26.9526    26.9671    7.12689 0.0000e+00
      31777     41.885     5.0350     4.9807   3.272198   3.268717     2.2456     2.7314      8.155     4.4042     2.7535 1.0703e-01     0.1316    96.7631     7.4071     7.7451    34.0919    34.1073    26.9513    26.9697    7.12550 0.0000e+00
      31780     41.832     5.0443     4.9803   3.272614   3.268755     2.2473     2.7338      8.155     4.4448     2.7535 1.0703e-01     0.1316    96.7631     7.4157     7.7600    34.0872    34.1081    26.9465    26.9704    7.12412 0.0000e+00
      31783     41.780     5.0521     4.9830   3.273247   3.268944     2.2485     2.7354      8.155     4.4143     2.7535 1.0715e-01     0.1309    96.7812     7.4227     7.7720    34.0865    34.1075    26.9451    26.9696    7.12281 0.0000e+00
      31786     41.731     5.0542     4.9866   3.273372   3.269228     2.2489     2.7371      8.155     4.4143     2.7535 1.0703e-01     0.1312    96.7721     7.4295     7.7868    34.0859    34.1072    26.9443    26.9689    7.12248 0.0000e+00
      31789     41.682     5.0614     5.0076   3.273986   3.270532     2.2501     2.7379      8.155     4.4143     2.7535 1.0703e-01     0.1312    96.7721     7.4379     7.7954    34.0857    34.1008    26.9433    26.9614    7.12126 0.0000e+00
      31792     41.632     5.0512     5.0136   3.272261   3.270294     2.2522     2.7395      8.157     4.4143     2.7535 1.0690e-01     0.1421    96.5098     7.4511     7.8101    34.0762    34.0919    26.9370    26.9537    7.12345 0.0000e+00
      31795     41.578     5.0631     5.0062   3.274359   3.270501     2.2530     2.7428      8.155     4.4143     3.7405 1.0690e-01     0.1455    96.4285     7.4536     7.8306    34.0883    34.1020    26.9452    26.9625    7.12084 0.0000e+00
      31798     41.523     5.0546     5.0325   3.273562   3.272435     2.2538     2.7440      8.158     4.6789     4.9249 1.0690e-01     0.1451    96.4375     7.4614     7.8374    34.0878    34.0974    26.9458    26.9559    7.12233 0.0000e+00
      31801     41.469     5.0671     5.0502   3.275067   3.273380     2.2562     2.7464      8.160     4.9434     4.8854 1.0715e-01     0.1451    96.4375     7.4713     7.8514    34.0924    34.0902    26.9480    26.9482    7.11996 0.0000e+00
      31804     41.413     5.0884     5.0777   3.276147   3.275376     2.2579     2.7485      8.160     4.9231     4.8854 1.0678e-01     0.1451    96.4375     7.4795     7.8599    34.0832    34.0852    26.9382    26.9410    7.11674 0.0000e+00
      31807     41.357     5.0900     5.0983   3.276252   3.276650     2.2591     2.7505      8.160     4.9332     4.8854 1.0703e-01     0.1451    96.4375     7.4886     7.8699    34.0827    34.0788    26.9377    26.9336    7.11649 0.0000e+00
      31810     41.297     5.1086     5.1080   3.277723   3.277330     2.2615     2.7542      8.160     4.9231     4.8854 1.0703e-01     0.1462    96.4104     7.4976     7.8876    34.0807    34.0768    26.9339    26.9309    7.11338 0.0000e+00
      31813     41.232     5.1239     5.1173   3.278955   3.278075     2.2627     2.7566      8.160     4.9231     4.8854 1.0690e-01     0.1609    96.0577     7.5017     7.8980    34.0794    34.0759    26.9311    26.9291    7.11083 0.0000e+00
      31816     41.161     5.1424     5.1235   3.279883   3.278568     2.2635     2.7591      8.159     4.9231     4.8854 1.0703e-01     0.1620    96.0306     7.5057     7.9047    34.0711    34.0753    26.9224    26.9279    7.10804 0.0000e+00
      31819     41.088     5.1458     5.1375   3.280307   3.279676     2.2648     2.7611      8.161     4.9129     4.8854 1.0690e-01     0.1613    96.0487     7.5165     7.9083    34.0725    34.0738    26.9231    26.9251    7.10739 0.0000e+00
      31822     41.013     5.1546     5.1438   3.280810   3.279965     2.2676     2.7635      8.164     4.9332   354.1170 1.0703e-01     0.1616    96.0396     7.5306     7.9169    34.0695    34.0707    26.9197    26.9219    7.10603 0.0000e+00
      31825     40.932     5.1399     5.1477   3.279438   3.280458     2.2689     2.7676      8.164     5.3809   482.0686 1.0690e-01     0.1616    96.0396     7.5435     7.9299    34.0687    34.0725    26.9208    26.9229    7.10859 0.0000e+00
