Datasets/AZMP/TEL210/tel210_2020_110.cnv
* Sea-Bird SBE 9 Data File:
* FileName = C:\CTDDATA\tel210_2020_110.hex
* Software Version Seasave V 7.26.7.110
* Temperature SN = 1697
* Conductivity SN = 4216
* Number of Bytes Per Scan = 30
* Number of Voltage Words = 4
* Number of Scans Averaged by the Deck Unit = 1
* NMEA baud rate = 4800
** VESSEL/TRIP/SEQ STN:  tel210_2020_110
** LATITUDE XX XX.XX: 55 15.00 N
** LONGITUDE XX XX.XX: 058 26.20 W
** SOUNDING DEPTH (M): 0225
** PROBE TYPE: S1146
** CTD NUMBER: 076
** COMMENTS (14 CHAR): MB-02
** BOTTLES:  10
** LEVELS: 5,10,20,30,40,50,75,100,150,BTM
** STICKERS: 436330 - 436339
** VNET: Y
** DO2: N
# nquan = 22
# nvalues = 4206                        
# units = specified
# name 0 = scan: Scan Count
# name 1 = prDM: Pressure, Digiquartz [db]
# name 2 = t090C: Temperature [ITS-90, deg C]
# name 3 = t190C: Temperature, 2 [ITS-90, deg C]
# name 4 = c0S/m: Conductivity [S/m]
# name 5 = c1S/m: Conductivity, 2 [S/m]
# name 6 = sbeox0V: Oxygen raw, SBE 43 [V]
# name 7 = sbeox1V: Oxygen raw, SBE 43, 2 [V]
# name 8 = ph: pH
# name 9 = flECO-AFL: Fluorescence, WET Labs ECO-AFL/FL [mg/m^3]
# name 10 = wetCDOM: Fluorescence, WET Labs CDOM [mg/m^3]
# name 11 = par/sat/log: PAR/Logarithmic, Satlantic [umol photons/m^2/sec]
# name 12 = CStarAt0: Beam Attenuation, WET Labs C-Star [1/m]
# name 13 = CStarTr0: Beam Transmission, WET Labs C-Star [%]
# name 14 = sbeox0ML/L: Oxygen, SBE 43 [ml/l], WS = 2
# name 15 = sbeox1ML/L: Oxygen, SBE 43, 2 [ml/l], WS = 2
# name 16 = sal00: Salinity, Practical [PSU]
# name 17 = sal11: Salinity, Practical, 2 [PSU]
# name 18 = sigma-t00: Density [sigma-t, kg/m^3 ]
# name 19 = sigma-t11: Density, 2 [sigma-t, kg/m^3 ]
# name 20 = oxsatML/L: Oxygen Saturation, Weiss [ml/l]
# name 21 = flag: flag
# span 0 =         89,      37422       
# span 1 =      1.411,    191.713       
# span 2 =    -1.2806,     7.0239       
# span 3 =    -1.2857,     7.0183       
# span 4 =   2.588797,   3.134426       
# span 5 =   2.587806,   3.133823       
# span 6 =     1.9431,     2.5789       
# span 7 =     2.3444,     3.1520       
# span 8 =      7.976,      8.280       
# span 9 =     0.6664,     3.5870       
# span 10 =    -2.8130,   482.1870      
# span 11 = 1.0715e-01, 1.1716e+02      
# span 12 =    -0.1352,     0.1167      
# span 13 =    97.1248,   103.4369      
# span 14 =     7.0218,     9.4997      
# span 15 =     7.0598,    10.1119      
# span 16 =    30.6651,    33.0045      
# span 17 =    30.6661,    33.0065      
# span 18 =    24.0028,    26.5298      
# span 19 =    24.0044,    26.5316      
# span 20 =    6.95033,    8.47733      
# span 21 = 0.0000e+00, 0.0000e+00      
# interval = scans: 3                   
# start_time = Jul 27 2020 20:21:06 [System UTC, header]
# bad_flag = -9.990e-29
*END*
[from data line 66]
        620      8.219     2.5826     2.5904   2.825732   2.827227     2.3329     2.7770      8.266     1.4071     5.5960 3.9244e+01     0.0959    97.6312     8.8306     8.8776    31.2664    31.2770    24.9389    24.9468    7.71545 0.0000e+00
        623      8.291     2.5484     2.5648   2.822808   2.825571     2.3374     2.7814      8.268     1.4706     5.5960 3.9153e+01     0.0959    97.6312     8.8580     8.9078    31.2641    31.2818    24.9397    24.9526    7.72228 0.0000e+00
        626      8.356     2.4923     2.5373   2.819538   2.822969     2.3427     2.7839      8.271     1.5341     5.3591 3.9108e+01     0.0959    97.6312     8.8951     8.9314    31.2790    31.2769    24.9559    24.9508    7.73255 0.0000e+00
        629      8.425     2.4527     2.4867   2.816369   2.819620     2.3468     2.7884      8.272     1.5447     3.7800 3.9108e+01     0.0959    97.6312     8.9183     8.9685    31.2791    31.2855    24.9590    24.9615    7.74036 0.0000e+00
        632      8.488     2.4109     2.4420   2.813644   2.816489     2.3500     2.7945      8.272     1.5341     3.7405 3.9108e+01     0.0959    97.6312     8.9292     9.0052    31.2867    31.2910    24.9681    24.9692    7.74822 0.0000e+00
        635      8.547     2.3858     2.3994   2.812026   2.813352     2.3557     2.7981      8.274     1.5447     3.7405 3.8973e+01     0.0963    97.6222     8.9449     9.0280    31.2915    31.2944    24.9738    24.9752    7.75294 0.0000e+00
        638      8.610     2.3531     2.3694   2.809461   2.812112     2.3590     2.8038      8.275     1.5341     3.7010 3.8748e+01     0.0981    97.5769     8.9485     9.0536    31.2921    31.3086    24.9767    24.9887    7.75938 0.0000e+00
        641      8.674     2.3142     2.4717   2.806974   2.825389     2.3622     2.8083      8.277     1.5447     3.7405 3.8525e+01     0.0977    97.5860     8.9501     9.0360    31.2998    31.3707    24.9857    25.0307    7.76669 0.0000e+00
        644      8.744     2.2742     2.6504   2.803912   2.831320     2.3651     2.8128      8.277     1.5553     3.7010 3.8303e+01     0.0981    97.5769     8.9493     9.0118    31.3014    31.2679    24.9900    24.9349    7.77455 0.0000e+00
        647      8.817     2.1812     2.5758   2.796297   2.815886     2.3687     2.8177      8.278     1.5341     3.7405 3.7906e+01     0.0981    97.5769     8.9681     9.0640    31.2992    31.1526    24.9949    24.8485    7.79321 0.0000e+00
        650      8.895     1.9798     2.2535   2.781019   2.796879     2.3724     2.8221      8.279     1.2907     3.7010 3.7341e+01     0.0981    97.5769     9.0170     9.1693    31.3091    31.2352    25.0169    24.9385    7.83310 0.0000e+00
        653      8.977     1.7110     2.1325   2.761479   2.794088     2.3745     2.8270      8.280     1.2272   178.2379 3.6615e+01     0.0981    97.5769     9.0799     9.2135    31.3325    31.3199    25.0538    25.0150    7.88636 0.0000e+00
        656      9.061     1.4495     1.8861   2.745854   2.767681     2.3773     2.8303      8.280     1.2167   482.1870 3.5820e+01     0.0981    97.5769     9.1399     9.2986    31.3975    31.2361    25.1226    24.9649    7.93650 0.0000e+00
        659      9.153     1.2624     1.5509   2.734839   2.747932     2.3801     2.8352      8.280     1.2378   481.1606 3.5000e+01     0.0981    97.5769     9.1796     9.4085    31.4462    31.3221    25.1732    25.0558    7.97261 0.0000e+00
        662      9.248     1.1474     1.2607   2.729178   2.733157     2.3834     2.8401      8.278     1.2272   481.0816 3.4319e+01     0.0981    97.5769     9.2046     9.5043    31.4903    31.4266    25.2154    25.1576    7.99419 0.0000e+00
        665      9.351     1.0797     1.1219   2.725261   2.727302     2.3846     2.8441      8.276     1.2378   481.1211 3.3846e+01     0.0981    97.5769     9.2049     9.5560    31.5088    31.4922    25.2343    25.2184    8.00734 0.0000e+00
        668      9.459     1.0183     1.0416   2.720987   2.722633     2.3871     2.8498      8.273     1.2378   481.1211 3.3457e+01     0.0981    97.5769     9.2072     9.5963    31.5164    31.5139    25.2439    25.2405    8.01980 0.0000e+00
        671      9.573     0.9513     0.9729   2.716365   2.717895     2.3883     2.8559      8.272     1.2378   481.1211 3.3187e+01     0.0981    97.5769     9.2070     9.6345    31.5254    31.5230    25.2548    25.2518    8.03343 0.0000e+00
        674      9.692     0.8880     0.9063   2.712159   2.713608     2.3907     2.8592      8.272     1.2378   481.1211 3.3072e+01     0.0981    97.5769     9.2123     9.6581    31.5357    31.5357    25.2667    25.2656    8.04621 0.0000e+00
        677      9.810     0.8347     0.8505   2.708767   2.709846     2.3923     2.8633      8.270     1.2272   481.1211 3.2920e+01     0.0837    97.9296     9.2123     9.6814    31.5465    31.5442    25.2782    25.2756    8.05691 0.0000e+00
        680      9.934     0.7809     0.7980   2.704898   2.706166     2.3932     2.8673      8.267     1.2167   481.1211 3.2692e+01     0.0667    98.3456     9.2056     9.7014    31.5514    31.5503    25.2851    25.2833    8.06803 0.0000e+00
        683     10.065     0.7222     0.7404   2.700794   2.701979     2.3948     2.8726      8.265     1.2378   481.1211 3.2429e+01     0.0671    98.3366     9.2068     9.7255    31.5585    31.5552    25.2939    25.2903    8.08013 0.0000e+00
        686     10.201     0.6607     0.6821   2.696732   2.697972     2.3960     2.8763      8.264     1.2272   481.1211 3.2056e+01     0.0671    98.3366     9.2082     9.7432    31.5688    31.5630    25.3055    25.2997    8.09266 0.0000e+00
        689     10.335     0.6007     0.6218   2.692761   2.694106     2.3960     2.8803      8.261     1.2378   481.1211 3.1542e+01     0.0671    98.3366     9.2064     9.7609    31.5788    31.5746    25.3167    25.3122    8.10493 0.0000e+00
        692     10.472     0.5380     0.5618   2.688377   2.689837     2.3964     2.8840      8.258     1.2272   481.1211 3.1071e+01     0.0671    98.3366     9.2067     9.7774    31.5863    31.5809    25.3259    25.3203    8.11797 0.0000e+00
        695     10.612     0.4778     0.4985   2.685050   2.685983     2.3981     2.8877      8.257     1.2272   481.1211 3.0501e+01     0.0671    98.3366     9.2141     9.7998    31.6049    31.5957    25.3439    25.3354    8.12988 0.0000e+00
        698     10.749     0.4536     0.4578   2.684588   2.684510     2.3981     2.8901      8.254     1.2378   481.1211 2.9942e+01     0.0462    98.8520     9.2035     9.8112    31.6237    31.6183    25.3602    25.3556    8.13404 0.0000e+00
        701     10.887     0.4325     0.4372   2.682669   2.683261     2.3985     2.8942      8.252     1.3013   481.1211 2.9461e+01     0.0392    99.0238     9.1990     9.8225    31.6203    31.6232    25.3586    25.3606    8.13877 0.0000e+00
        704     11.023     0.3964     0.4046   2.679915   2.680507     2.3985     2.8974      8.249     1.4177   472.6331 2.8922e+01     0.0396    99.0148     9.1989     9.8351    31.6216    31.6208    25.3613    25.3603    8.14649 0.0000e+00
        707     11.153     0.3565     0.3644   2.677497   2.677932     2.3989     2.9011      8.248     1.4177    51.6286 2.8425e+01     0.0396    99.0148     9.2030     9.8514    31.6312    31.6287    25.3710    25.3686    8.15459 0.0000e+00
        710     11.283     0.3370     0.3393   2.676467   2.676737     2.3993     2.9040      8.245     1.4177     0.1874 2.7839e+01     0.0400    99.0058     9.2059     9.8614    31.6377    31.6389    25.3772    25.3780    8.15844 0.0000e+00
        713     11.407     0.3304     0.3287   2.676216   2.676258     2.3993     2.9072      8.243     1.4177     3.0299 2.7266e+01     0.0400    99.0058     9.2027     9.8704    31.6412    31.6435    25.3803    25.3822    8.15968 0.0000e+00
        716     11.527     0.3300     0.3259   2.676420   2.676313     2.3993     2.9105      8.241     1.4071     2.9115 2.6704e+01     0.0381    99.0510     9.1970     9.8753    31.6442    31.6470    25.3827    25.3851    8.15959 0.0000e+00
        719     11.645     0.3335     0.3260   2.676971   2.676424     2.3997     2.9137      8.240     1.4177     2.9509 2.6154e+01     0.0192    99.5212     9.1941     9.8789    31.6477    31.6483    25.3854    25.3862    8.15864 0.0000e+00
        722     11.758     0.3444     0.3290   2.678100   2.677242     2.3993     2.9166      8.238     1.4071     2.9509 2.5734e+01     0.0188    99.5303     9.1880     9.8780    31.6511    31.6558    25.3876    25.3921    8.15610 0.0000e+00
        725     11.869     0.3460     0.3361   2.678130   2.677763     2.3997     2.9194      8.238     1.4177     2.8720 2.5321e+01     0.0188    99.5303     9.1881     9.8727    31.6498    31.6552    25.3865    25.3913    8.15582 0.0000e+00
        728     11.977     0.3446     0.3369   2.678268   2.677804     2.3997     2.9231      8.238     1.2907     2.8720 2.5059e+01     0.0188    99.5303     9.1873     9.8721    31.6529    31.6549    25.3890    25.3910    8.15594 0.0000e+00
        731     12.079     0.3443     0.3372   2.678392   2.678031     2.4005     2.9247      8.238     1.2272     3.0299 2.4828e+01     0.0188    99.5303     9.1887     9.8628    31.6548    31.6574    25.3905    25.3931    8.15590 0.0000e+00
        734     12.179     0.3358     0.3355   2.677745   2.677976     2.4005     2.9280      8.238     1.2378     3.1089 2.4628e+01     0.0188    99.5303     9.1902     9.8603    31.6551    31.6584    25.3913    25.3939    8.15774 0.0000e+00
        737     12.273     0.3133     0.3193   2.676069   2.676692     2.4001     2.9308      8.238     1.2272     3.1089 2.4514e+01     0.0141    99.6478     9.1973     9.8560    31.6564    31.6583    25.3933    25.3946    8.16253 0.0000e+00
        740     12.362     0.2946     0.2950   2.675101   2.675270     2.4005     2.9324      8.238     1.2272     3.1089 2.4317e+01     0.0025    99.9372     9.2040     9.8480    31.6630    31.6648    25.3995    25.4010    8.16622 0.0000e+00
        743     12.447     0.2825     0.2799   2.674738   2.674784     2.4005     2.9345      8.243     1.2378     3.1878 2.4148e+01     0.0021    99.9462     9.2061     9.8420    31.6708    31.6740    25.4064    25.4091    8.16841 0.0000e+00
        746     12.529     0.2756     0.2709   2.674647   2.674553     2.4009     2.9365      8.241     1.2272     3.1089 2.3981e+01     0.0025    99.9372     9.2077     9.8303    31.6766    31.6802    25.4114    25.4145    8.16959 0.0000e+00
        749     12.609     0.2729     0.2667   2.674806   2.674784     2.4001     2.9377      8.241     1.2272     3.1089 2.3816e+01     0.0025    99.9372     9.2038     9.8114    31.6814    31.6875    25.4154    25.4206    8.16990 0.0000e+00
        752     12.686     0.2738     0.2789   2.675168   2.676070     2.4013     2.9398      8.243     1.2378     3.1089 2.3678e+01     0.0025    99.9372     9.2108     9.7949    31.6852    31.6916    25.4184    25.4234    8.16950 0.0000e+00
        755     12.757     0.2739     0.2763   2.675291   2.675418     2.4001     2.9410      8.241     1.7669     3.1089 2.3488e+01     0.0025    99.9372     9.2039     9.7812    31.6866    31.6858    25.4196    25.4188    8.16939 0.0000e+00
        758     12.823     0.2733     0.2701   2.675288   2.675676     2.4013     2.9422      8.243     1.8198     0.9770 2.3298e+01    -0.0047   100.1180     9.2088     9.7670    31.6871    31.6955    25.4200    25.4269    8.16949 0.0000e+00
        761     12.893     0.2722     0.2751   2.675292   2.675873     2.4021     2.9422      8.240     1.8198    -1.5891 2.3244e+01    -0.0120   100.2989     9.2111     9.7512    31.6883    31.6928    25.4210    25.4246    8.16967 0.0000e+00
        764     12.956     0.2684     0.2686   2.675081   2.675236     2.4009     2.9434      8.241     1.8092    -1.4313 2.3111e+01    -0.0116   100.2899     9.2030     9.7443    31.6894    31.6913    25.4221    25.4236    8.17043 0.0000e+00
        767     13.022     0.2638     0.2750   2.674846   2.676122     2.4009     2.9451      8.241     1.8304    -1.4707 2.3057e+01    -0.0116   100.2899     9.2019     9.7361    31.6911    31.6962    25.4236    25.4272    8.17133 0.0000e+00
        770     13.084     0.2589     0.2969   2.674580   2.677908     2.4013     2.9442      8.238     1.8092    -1.3918 2.2924e+01    -0.0116   100.2899     9.2042     9.7151    31.6927    31.6969    25.4252    25.4267    8.17232 0.0000e+00
        773     13.143     0.2492     0.3031   2.673855   2.677445     2.4021     2.9442      8.240     1.8198    -1.4313 2.2792e+01    -0.0116   100.2899     9.2088     9.7047    31.6931    31.6843    25.4260    25.4164    8.17439 0.0000e+00
        776     13.209     0.2449     0.2871   2.674161   2.676209     2.4021     2.9459      8.240     1.8198    -1.4707 2.2687e+01    -0.0116   100.2899     9.2084     9.7076    31.7016    31.6846    25.4330    25.4174    8.17486 0.0000e+00
        779     13.275     0.2823     0.2883   2.677425   2.677777     2.4013     2.9451      8.243     1.8833    -1.3918 2.2556e+01    -0.0004   100.0095     9.1908     9.6928    31.7055    31.7038    25.4344    25.4327    8.16653 0.0000e+00
        782     13.340     0.2633     0.2937   2.673938   2.676810     2.4013     2.9467      8.241     2.1796    -1.3918 2.2478e+01     0.0014    99.9643     9.1933     9.6911    31.6796    31.6857    25.4144    25.4179    8.17209 0.0000e+00
        785     13.410     0.2214     0.2748   2.671909   2.675946     2.4009     2.9471      8.240     2.1796   356.3673 2.2452e+01     0.0014    99.9643     9.2017     9.6903    31.6963    31.6939    25.4299    25.4254    8.18026 0.0000e+00
        788     13.479     0.2304     0.2571   2.674290   2.674869     2.4009     2.9471      8.241     2.1796   481.9896 2.2348e+01     0.0014    99.9643     9.1970     9.6843    31.7180    31.6981    25.4469    25.4296    8.17708 0.0000e+00
        791     13.553     0.2291     0.2623   2.672609   2.676128     2.4013     2.9475      8.241     2.1690   480.8447 2.2220e+01     0.0014    99.9643     9.1949     9.6717    31.6974    31.7091    25.4304    25.4382    8.17852 0.0000e+00
        794     13.630     0.1902     0.2593   2.670946   2.674737     2.4013     2.9475      8.239     2.1584   481.0421 2.2015e+01     0.0014    99.9643     9.2000     9.6630    31.7159    31.6940    25.4471    25.4262    8.18596 0.0000e+00
        797     13.712     0.1718     0.2290   2.670391   2.674553     2.4013     2.9483      8.239     2.1796   481.0026 2.1762e+01     0.0018    99.9553     9.2000     9.6545    31.7276    31.7228    25.4574    25.4509    8.18931 0.0000e+00
        800     13.797     0.1579     0.2400   2.669846   2.674990     2.4017     2.9479      8.239     2.1796   481.0421 2.1487e+01     0.0025    99.9372     9.2009     9.6313    31.7349    31.7171    25.4639    25.4458    8.19194 0.0000e+00
        803     13.887     0.1488     0.1995   2.669818   2.672177     2.4005     2.9463      8.239     2.1690   481.0421 2.1142e+01     0.0021    99.9462     9.1925     9.6217    31.7438    31.7222    25.4715    25.4518    8.19342 0.0000e+00
        806     13.984     0.1367     0.1592   2.669460   2.670237     2.4009     2.9475      8.239     2.2642   481.0421 2.0707e+01     0.0018    99.9553     9.1875     9.6163    31.7517    31.7385    25.4784    25.4667    8.19563 0.0000e+00
        809     14.087     0.1205     0.1270   2.668516   2.668799     2.4005     2.9467      8.239     2.3489   446.4585 2.0304e+01     0.0025    99.9372     9.1812     9.6016    31.7560    31.7530    25.4826    25.4799    8.19891 0.0000e+00
        812     14.197     0.0900     0.0955   2.666675   2.666901     2.4005     2.9455      8.237     2.3595    27.8227 1.9886e+01     0.0025    99.9372     9.1789     9.5895    31.7635    31.7608    25.4900    25.4876    8.20517 0.0000e+00
