Datasets/AZMP/TEL210/tel210_2020_082.cnv
* Sea-Bird SBE 9 Data File:
* FileName = C:\CTDDATA\tel210_2020_082.hex
* Software Version Seasave V 7.26.7.110
* Temperature SN = 1697
* Conductivity SN = 4216
* Number of Bytes Per Scan = 30
* Number of Voltage Words = 4
* Number of Scans Averaged by the Deck Unit = 1
* NMEA baud rate = 4800
** VESSEL/TRIP/SEQ STN:  tel210_2020_082
** LATITUDE XX XX.XX: 53 20.00 N
** LONGITUDE XX XX.XX: 055 30.00 W
** SOUNDING DEPTH (M): 0138
** PROBE TYPE: S1146
** CTD NUMBER: 052
** COMMENTS (14 CHAR): SI-02
** BOTTLES:  9
** LEVELS: 5,10,20,30,40,50,75,100,BTM
** STICKERS: 436121 - 436129
** VNET: Y
** DO2: N
# nquan = 22
# nvalues = 3583                        
# units = specified
# name 0 = scan: Scan Count
# name 1 = prDM: Pressure, Digiquartz [db]
# name 2 = t090C: Temperature [ITS-90, deg C]
# name 3 = t190C: Temperature, 2 [ITS-90, deg C]
# name 4 = c0S/m: Conductivity [S/m]
# name 5 = c1S/m: Conductivity, 2 [S/m]
# name 6 = sbeox0V: Oxygen raw, SBE 43 [V]
# name 7 = sbeox1V: Oxygen raw, SBE 43, 2 [V]
# name 8 = ph: pH
# name 9 = flECO-AFL: Fluorescence, WET Labs ECO-AFL/FL [mg/m^3]
# name 10 = wetCDOM: Fluorescence, WET Labs CDOM [mg/m^3]
# name 11 = par/sat/log: PAR/Logarithmic, Satlantic [umol photons/m^2/sec]
# name 12 = CStarAt0: Beam Attenuation, WET Labs C-Star [1/m]
# name 13 = CStarTr0: Beam Transmission, WET Labs C-Star [%]
# name 14 = sbeox0ML/L: Oxygen, SBE 43 [ml/l], WS = 2
# name 15 = sbeox1ML/L: Oxygen, SBE 43, 2 [ml/l], WS = 2
# name 16 = sal00: Salinity, Practical [PSU]
# name 17 = sal11: Salinity, Practical, 2 [PSU]
# name 18 = sigma-t00: Density [sigma-t, kg/m^3 ]
# name 19 = sigma-t11: Density, 2 [sigma-t, kg/m^3 ]
# name 20 = oxsatML/L: Oxygen Saturation, Weiss [ml/l]
# name 21 = flag: flag
# span 0 =         59,      34034       
# span 1 =      0.855,    141.257       
# span 2 =    -0.8796,    11.7264       
# span 3 =    -0.8883,    11.8011       
# span 4 =   2.658273,   3.284841       
# span 5 =   2.656234,   3.284575       
# span 6 =     1.9902,     2.5462       
# span 7 =     2.4078,     3.1276       
# span 8 =      7.927,      8.238       
# span 9 =     0.7193,     1.9045       
# span 10 =    -2.8130,   482.1870      
# span 11 = 1.0715e-01, 5.4877e+01      
# span 12 =    -0.1408,     0.2319      
# span 13 =    94.3666,   103.5816      
# span 14 =     6.9508,     9.4902      
# span 15 =     6.7962,     9.9570      
# span 16 =    27.4721,    33.1332      
# span 17 =    27.4322,    33.1280      
# span 18 =    20.8652,    26.6256      
# span 19 =    20.8096,    26.6214      
# span 20 =    6.37731,    8.35887      
# span 21 = 0.0000e+00, 0.0000e+00      
# interval = scans: 3                   
# start_time = Jul 24 2020 21:58:04 [System UTC, header]
# bad_flag = -9.990e-29
*END*
[from data line 2371]
      14365     76.167    -0.7220    -0.7269   2.679067   2.678770     2.0768     2.5233      7.961     0.8357     2.3982 1.0715e-01    -0.1247   103.1656     8.0510     8.4282    32.7535    32.7548    26.3230    26.3243    8.32933 0.0000e+00
      14368     76.117    -0.7225    -0.7264   2.679053   2.678770     2.0784     2.5250      7.963     0.8463     2.3982 1.0727e-01    -0.1247   103.1656     8.0545     8.4287    32.7539    32.7543    26.3234    26.3239    8.32942 0.0000e+00
      14371     76.066    -0.7225    -0.7277   2.679057   2.678729     2.0788     2.5266      7.963     0.8463     2.3982 1.0715e-01    -0.1247   103.1656     8.0524     8.4295    32.7539    32.7552    26.3234    26.3246    8.32940 0.0000e+00
      14374     76.011    -0.7223    -0.7281   2.679091   2.678733     2.0796     2.5274      7.964     0.8357     2.3982 1.0715e-01    -0.1247   103.1656     8.0527     8.4284    32.7542    32.7557    26.3236    26.3250    8.32935 0.0000e+00
      14377     75.957    -0.7215    -0.7278   2.679143   2.678738     2.0808     2.5290      7.966     0.8463     2.3982 1.0740e-01    -0.1247   103.1656     8.0525     8.4270    32.7541    32.7555    26.3235    26.3249    8.32918 0.0000e+00
      14380     75.900    -0.7211    -0.7274   2.679132   2.678744     2.0817     2.5302      7.966     0.8569     2.3982 1.0740e-01    -0.1247   103.1656     8.0481     8.4281    32.7535    32.7552    26.3231    26.3246    8.32912 0.0000e+00
      14383     75.840    -0.7210    -0.7275   2.679111   2.678711     2.0821     2.5306      7.966     0.8463     2.3982 1.0740e-01    -0.1250   103.1746     8.0441     8.4256    32.7531    32.7549    26.3227    26.3243    8.32911 0.0000e+00
      14386     75.780    -0.7212    -0.7282   2.679105   2.678672     2.0837     2.5323      7.966     0.8463     2.3193 1.0740e-01    -0.1250   103.1746     8.0497     8.4266    32.7534    32.7551    26.3229    26.3246    8.32915 0.0000e+00
      14389     75.717    -0.7210    -0.7297   2.679086   2.678646     2.0837     2.5331      7.966     0.8463     2.0429 1.0740e-01    -0.1257   103.1927     8.0477     8.4241    32.7529    32.7564    26.3225    26.3257    8.32912 0.0000e+00
      14392     75.653    -0.7212    -0.7309   2.679075   2.678632     2.0845     2.5339      7.969     0.8569     2.0429 1.0752e-01    -0.1257   103.1927     8.0494     8.4220    32.7530    32.7576    26.3226    26.3267    8.32917 0.0000e+00
      14395     75.587    -0.7214    -0.7314   2.679054   2.678574     2.0853     2.5347      7.971     0.8675     2.0429 1.0715e-01    -0.1257   103.1927     8.0514     8.4208    32.7529    32.7574    26.3226    26.3265    8.32921 0.0000e+00
      14398     75.519    -0.7218    -0.7349   2.679044   2.678416     2.0857     2.5360      7.971     0.8569     2.0429 1.0715e-01    -0.1254   103.1837     8.0483     8.4240    32.7533    32.7591    26.3229    26.3281    8.32929 0.0000e+00
      14401     75.451    -0.7220    -0.7351   2.679046   2.678514     2.0861     2.5364      7.971     0.8463     2.0429 1.0715e-01    -0.1250   103.1746     8.0470     8.4218    32.7536    32.7607    26.3231    26.3293    8.32931 0.0000e+00
      14404     75.387    -0.7222    -0.7298   2.679075   2.678670     2.0861     2.5384      7.971     0.8463     2.0429 1.0715e-01    -0.1243   103.1566     8.0452     8.4264    32.7542    32.7571    26.3237    26.3262    8.32932 0.0000e+00
      14407     75.319    -0.7222    -0.7286   2.679026   2.678700     2.0882     2.5388      7.973     0.8463     2.0429 1.0715e-01    -0.1243   103.1566     8.0544     8.4241    32.7536    32.7562    26.3232    26.3254    8.32936 0.0000e+00
      14410     75.252    -0.7217    -0.7282   2.679077   2.678684     2.0894     2.5396      7.976     0.8675     2.0429 1.0715e-01    -0.1236   103.1385     8.0603     8.4223    32.7538    32.7556    26.3233    26.3249    8.32924 0.0000e+00
      14413     75.188    -0.7217    -0.7284   2.679012   2.678655     2.0902     2.5400      7.976     0.8463     1.2928 1.0715e-01    -0.1240   103.1475     8.0625     8.4168    32.7529    32.7554    26.3226    26.3248    8.32927 0.0000e+00
      14416     75.127    -0.7225    -0.7300   2.678951   2.678578     2.0902     2.5412      7.976     0.8569     0.4243 1.0715e-01    -0.1247   103.1656     8.0567     8.4167    32.7530    32.7562    26.3227    26.3255    8.32946 0.0000e+00
      14419     75.067    -0.7231    -0.7315   2.678997   2.678535     2.0902     2.5416      7.976     0.8569     0.5032 1.0727e-01    -0.1236   103.1385     8.0510     8.4130    32.7544    32.7573    26.3238    26.3265    8.32952 0.0000e+00
      14422     75.011    -0.7229    -0.7322   2.679007   2.678531     2.0906     2.5433      7.976     0.8569     0.5032 1.0715e-01    -0.1236   103.1385     8.0485     8.4140    32.7544    32.7580    26.3238    26.3270    8.32948 0.0000e+00
      14425     74.959    -0.7231    -0.7315   2.678913   2.678531     2.0918     2.5433      7.976     0.8463     0.5032 1.0715e-01    -0.1243   103.1566     8.0486     8.4050    32.7533    32.7573    26.3229    26.3265    8.32957 0.0000e+00
      14428     74.912    -0.7235    -0.7313   2.678899   2.678537     2.0922     2.5437      7.976     0.8569     0.5032 1.0715e-01    -0.1247   103.1656     8.0446     8.3998    32.7536    32.7572    26.3232    26.3263    8.32966 0.0000e+00
      14431     74.870    -0.7236    -0.7311   2.678940   2.678557     2.0935     2.5449      7.976     0.8569     0.5032 1.0715e-01    -0.1243   103.1566     8.0457     8.4012    32.7542    32.7573    26.3237    26.3264    8.32963 0.0000e+00
      14434     74.832    -0.7236    -0.7295   2.678929   2.678612     2.0939     2.5445      7.976     0.8463     0.5032 1.0715e-01    -0.1247   103.1656     8.0439     8.3936    32.7541    32.7563    26.3236    26.3256    8.32964 0.0000e+00
      14437     74.799    -0.7244    -0.7296   2.678837   2.678586     2.0931     2.5445      7.976     0.8463     0.4637 1.0715e-01    -0.1247   103.1656     8.0377     8.3899    32.7537    32.7561    26.3233    26.3254    8.32984 0.0000e+00
      14642     74.765    -0.7315    -0.7323   2.678767   2.678481     2.1012     2.5510      7.980     0.8886     0.3453 1.0715e-01    -0.1194   103.0299     8.0383     8.3963    32.7605    32.7575    26.3291    26.3267    8.33105 0.0000e+00
      14729     74.729    -0.7254    -0.7287   2.678935   2.678588     2.1081     2.5571      7.982     0.8569     1.2138 1.0715e-01    -0.1212   103.0752     8.0645     8.4012    32.7562    32.7551    26.3253    26.3246    8.32992 0.0000e+00
      14896     74.686    -0.7170    -0.7212   2.679130   2.678910     2.1187     2.5693      7.987     0.8251     2.7535 1.0727e-01    -0.1236   103.1385     8.0999     8.4133    32.7497    32.7514    26.3198    26.3213    8.32840 0.0000e+00
      14899     74.648    -0.7173    -0.7194   2.679107   2.678998     2.1183     2.5689      7.987     0.8569     2.7535 1.0740e-01    -0.1236   103.1385     8.0967     8.4103    32.7498    32.7506    26.3199    26.3206    8.32847 0.0000e+00
      14902     74.610    -0.7177    -0.7177   2.679113   2.679008     2.1183     2.5693      7.987     0.8463     2.7535 1.0715e-01    -0.1233   103.1294     8.0950     8.4096    32.7503    32.7489    26.3203    26.3191    8.32853 0.0000e+00
      14905     74.574    -0.7172    -0.7176   2.679143   2.678985     2.1179     2.5685      7.987     0.8569     2.7535 1.0727e-01    -0.1233   103.1294     8.0897     8.4043    32.7502    32.7486    26.3202    26.3189    8.32843 0.0000e+00
      14908     74.541    -0.7170    -0.7181   2.679175   2.678972     2.1183     2.5689      7.987     0.8463     2.7535 1.0727e-01    -0.1229   103.1204     8.0921     8.4064    32.7504    32.7489    26.3204    26.3192    8.32836 0.0000e+00
      14911     74.515    -0.7168    -0.7188   2.679174   2.678918     2.1187     2.5693      7.988     0.8675     1.5297 1.0715e-01    -0.1226   103.1113     8.0940     8.4098    32.7502    32.7489    26.3202    26.3192    8.32833 0.0000e+00
      15285     74.478    -0.7124    -0.7159   2.679296   2.679042     2.1212     2.5698      7.988     0.8463     0.9770 1.0715e-01    -0.1222   103.1023     8.1079     8.4210    32.7471    32.7476    26.3175    26.3180    8.32752 0.0000e+00
      16025     74.456    -0.7040    -0.7082   2.679622   2.679352     2.1269     2.5734      7.995     0.8675     0.5032 1.0715e-01    -0.1205   103.0571     8.1377     8.4498    32.7424    32.7434    26.3134    26.3144    8.32590 0.0000e+00
      16222     74.432    -0.7002    -0.7049   2.679814   2.679514     2.1277     2.5763      7.992     0.8675     0.7796 1.0715e-01    -0.1212   103.0752     8.1426     8.4541    32.7409    32.7420    26.3121    26.3131    8.32514 0.0000e+00
      16613     74.399    -0.6919    -0.6972   2.680222   2.679856     2.1322     2.5779      7.990     0.8886     0.3453 1.0740e-01    -0.1219   103.0932     8.1627     8.4445    32.7374    32.7383    26.3089    26.3098    8.32346 0.0000e+00
      16616     74.365    -0.6913    -0.6974   2.680226   2.679843     2.1322     2.5779      7.990     0.8780     0.3453 1.0715e-01    -0.1222   103.1023     8.1630     8.4436    32.7368    32.7383    26.3084    26.3098    8.32336 0.0000e+00
      16619     74.329    -0.6912    -0.6965   2.680211   2.679888     2.1322     2.5779      7.993     0.8886     0.3848 1.0715e-01    -0.1215   103.0842     8.1607     8.4442    32.7365    32.7380    26.3082    26.3095    8.32335 0.0000e+00
      16622     74.294    -0.6915    -0.6971   2.680174   2.679846     2.1330     2.5788      7.992     0.8780     0.3453 1.0727e-01    -0.1219   103.0932     8.1636     8.4518    32.7364    32.7381    26.3081    26.3097    8.32343 0.0000e+00
      16625     74.261    -0.6916    -0.6973   2.680150   2.679868     2.1326     2.5779      7.993     0.8463     0.3453 1.0740e-01    -0.1215   103.0842     8.1633     8.4505    32.7362    32.7386    26.3079    26.3101    8.32347 0.0000e+00
      16628     74.228    -0.6914    -0.6970   2.680206   2.679880     2.1322     2.5779      7.990     0.8569     0.3848 1.0727e-01    -0.1205   103.0571     8.1619     8.4535    32.7368    32.7384    26.3084    26.3100    8.32340 0.0000e+00
      16631     74.197    -0.6912    -0.6967   2.680223   2.679871     2.1334     2.5779      7.992     0.8569     0.3453 1.0715e-01    -0.1205   103.0571     8.1671     8.4574    32.7368    32.7381    26.3084    26.3096    8.32335 0.0000e+00
      16634     74.166    -0.6905    -0.6972   2.680243   2.679836     2.1330     2.5779      7.993     0.8463     0.2664 1.0727e-01    -0.1205   103.0571     8.1627     8.4582    32.7363    32.7381    26.3079    26.3097    8.32321 0.0000e+00
      16637     74.137    -0.6902    -0.6974   2.680288   2.679851     2.1330     2.5775      7.990     0.8463     0.5822 1.0715e-01    -0.1205   103.0571     8.1600     8.4561    32.7366    32.7385    26.3082    26.3100    8.32312 0.0000e+00
      16640     74.109    -0.6900    -0.6965   2.680292   2.679897     2.1326     2.5775      7.992     0.8569     0.9770 1.0715e-01    -0.1205   103.0571     8.1575     8.4553    32.7365    32.7382    26.3081    26.3097    8.32309 0.0000e+00
      16643     74.081    -0.6893    -0.6937   2.680311   2.680001     2.1322     2.5783      7.993     0.8569     0.9770 1.0727e-01    -0.1205   103.0571     8.1546     8.4584    32.7360    32.7366    26.3077    26.3083    8.32296 0.0000e+00
      16646     74.052    -0.6889    -0.6938   2.680327   2.679991     2.1326     2.5783      7.990     0.8569     0.9770 1.0727e-01    -0.1198   103.0390     8.1559     8.4620    32.7358    32.7366    26.3075    26.3083    8.32288 0.0000e+00
      16650     74.022    -0.6886    -0.6939   2.680331   2.679984     2.1326     2.5779      7.992     0.8463     0.9770 1.0715e-01    -0.1190   103.0209     8.1577     8.4626    32.7355    32.7366    26.3072    26.3083    8.32283 0.0000e+00
      16654     73.989    -0.6886    -0.6952   2.680322   2.679921     2.1330     2.5783      7.995     0.8463     0.9770 1.0727e-01    -0.1190   103.0209     8.1597     8.4641    32.7354    32.7372    26.3072    26.3088    8.32284 0.0000e+00
      16657     73.965    -0.6887    -0.6959   2.680287   2.679900     2.1322     2.5779      7.993     0.8463     0.9770 1.0715e-01    -0.1190   103.0209     8.1603     8.4659    32.7351    32.7377    26.3069    26.3093    8.32288 0.0000e+00
      16661     73.935    -0.6890    -0.6968   2.680269   2.679869     2.1330     2.5779      7.992     0.8463     1.0560 1.0727e-01    -0.1190   103.0209     8.1686     8.4720    32.7352    32.7383    26.3070    26.3098    8.32294 0.0000e+00
      16682     73.808    -0.6891    -0.6969   2.680282   2.679864     2.1334     2.5800      7.995     0.8357     2.8720 1.0727e-01    -0.1226   103.1113     8.1675     8.4852    32.7356    32.7383    26.3073    26.3099    8.32295 0.0000e+00
      16686     73.776    -0.6891    -0.6968   2.680259   2.679869     2.1330     2.5796      7.995     0.8463     2.8720 1.0752e-01    -0.1226   103.1113     8.1630     8.4847    32.7353    32.7383    26.3071    26.3098    8.32297 0.0000e+00
      16689     73.753    -0.6891    -0.6967   2.680255   2.679867     2.1330     2.5792      7.993     0.8569     2.7536 1.0752e-01    -0.1219   103.0932     8.1625     8.4842    32.7353    32.7382    26.3071    26.3097    8.32297 0.0000e+00
      16692     73.729    -0.6896    -0.6968   2.680240   2.679871     2.1342     2.5792      7.992     0.8463     2.2798 1.0752e-01    -0.1222   103.1023     8.1685     8.4828    32.7356    32.7384    26.3074    26.3099    8.32306 0.0000e+00
      16695     73.700    -0.6897    -0.6964   2.680232   2.679853     2.1338     2.5796      7.993     0.8569     2.2798 1.0752e-01    -0.1219   103.0932     8.1648     8.4863    32.7356    32.7378    26.3074    26.3093    8.32307 0.0000e+00
      16698     73.669    -0.6900    -0.6965   2.680211   2.679867     2.1334     2.5796      7.995     0.8569     2.2798 1.0740e-01    -0.1222   103.1023     8.1618     8.4868    32.7357    32.7381    26.3074    26.3096    8.32314 0.0000e+00
      16701     73.634    -0.6901    -0.6963   2.680204   2.679840     2.1334     2.5804      7.995     0.8569     2.2798 1.0715e-01    -0.1222   103.1023     8.1606     8.4882    32.7357    32.7375    26.3074    26.3092    8.32316 0.0000e+00
      16704     73.597    -0.6903    -0.6970   2.680190   2.679832     2.1330     2.5796      7.993     0.8780     2.2798 1.0740e-01    -0.1219   103.0932     8.1578     8.4835    32.7357    32.7382    26.3075    26.3097    8.32320 0.0000e+00
      16707     73.558    -0.6907    -0.6973   2.680184   2.679827     2.1334     2.5804      7.993     0.8675     2.2798 1.0715e-01    -0.1215   103.0842     8.1629     8.4908    32.7361    32.7384    26.3078    26.3099    8.32327 0.0000e+00
      16710     73.518    -0.6908    -0.6977   2.680173   2.679818     2.1334     2.5812      7.992     0.8886     2.2798 1.0715e-01    -0.1215   103.0842     8.1639     8.4987    32.7361    32.7388    26.3078    26.3102    8.32330 0.0000e+00
      16713     73.476    -0.6915    -0.6979   2.680138   2.679807     2.1338     2.5812      7.993     0.8780     2.2798 1.0715e-01    -0.1212   103.0752     8.1638     8.5005    32.7364    32.7389    26.3080    26.3103    8.32343 0.0000e+00
      16716     73.429    -0.6915    -0.6976   2.680138   2.679838     2.1338     2.5804      7.992     0.8780     1.2139 1.0715e-01    -0.1215   103.0842     8.1631     8.4981    32.7364    32.7390    26.3081    26.3104    8.32343 0.0000e+00
      16719     73.380    -0.6916    -0.6971   2.680140   2.679845     2.1338     2.5816      7.992     0.8886     0.1874 1.0727e-01    -0.1215   103.0842     8.1669     8.5018    32.7366    32.7386    26.3083    26.3101    8.32345 0.0000e+00
