Datasets/AZMP/TEL210/tel210_2020_087.cnv
* Sea-Bird SBE 9 Data File:
* FileName = C:\CTDDATA\tel210_2020_087.hex
* Software Version Seasave V 7.26.7.110
* Temperature SN = 1697
* Conductivity SN = 4216
* Number of Bytes Per Scan = 30
* Number of Voltage Words = 4
* Number of Scans Averaged by the Deck Unit = 1
* NMEA baud rate = 4800
** VESSEL/TRIP/SEQ STN:  tel210_2020_087
** LATITUDE XX XX.XX: 53 45.40 N
** LONGITUDE XX XX.XX: 054 46.60 W
** SOUNDING DEPTH (M): 0164
** PROBE TYPE: S1146
** CTD NUMBER: 057
** COMMENTS (14 CHAR): SI-06
** BOTTLES:  9
** LEVELS: 5,10,20,30,40,50,75,100,BTM
** STICKERS: 436151 - 436159
** VNET: Y
** DO2: N
# nquan = 22
# nvalues = 3854                        
# units = specified
# name 0 = scan: Scan Count
# name 1 = prDM: Pressure, Digiquartz [db]
# name 2 = t090C: Temperature [ITS-90, deg C]
# name 3 = t190C: Temperature, 2 [ITS-90, deg C]
# name 4 = c0S/m: Conductivity [S/m]
# name 5 = c1S/m: Conductivity, 2 [S/m]
# name 6 = sbeox0V: Oxygen raw, SBE 43 [V]
# name 7 = sbeox1V: Oxygen raw, SBE 43, 2 [V]
# name 8 = ph: pH
# name 9 = flECO-AFL: Fluorescence, WET Labs ECO-AFL/FL [mg/m^3]
# name 10 = wetCDOM: Fluorescence, WET Labs CDOM [mg/m^3]
# name 11 = par/sat/log: PAR/Logarithmic, Satlantic [umol photons/m^2/sec]
# name 12 = CStarAt0: Beam Attenuation, WET Labs C-Star [1/m]
# name 13 = CStarTr0: Beam Transmission, WET Labs C-Star [%]
# name 14 = sbeox0ML/L: Oxygen, SBE 43 [ml/l], WS = 2
# name 15 = sbeox1ML/L: Oxygen, SBE 43, 2 [ml/l], WS = 2
# name 16 = sal00: Salinity, Practical [PSU]
# name 17 = sal11: Salinity, Practical, 2 [PSU]
# name 18 = sigma-t00: Density [sigma-t, kg/m^3 ]
# name 19 = sigma-t11: Density, 2 [sigma-t, kg/m^3 ]
# name 20 = oxsatML/L: Oxygen Saturation, Weiss [ml/l]
# name 21 = flag: flag
# span 0 =         11,      29819       
# span 1 =      2.162,    165.288       
# span 2 =    -0.3985,    10.2397       
# span 3 =    -0.4042,    10.2353       
# span 4 =   2.742066,   3.537744       
# span 5 =   2.741500,   3.537243       
# span 6 =     1.8836,     2.5951       
# span 7 =     2.2625,     3.1646       
# span 8 =      7.930,      8.290       
# span 9 =     0.6664,     7.0156       
# span 10 =    -2.8130,   482.1870      
# span 11 = 1.0617e-01, 5.4252e-01      
# span 12 =    -0.1415,     1.0204      
# span 13 =    77.4831,   103.5997      
# span 14 =     6.3671,     9.6275      
# span 15 =     6.6091,    10.1435      
# span 16 =    31.9062,    34.2525      
# span 17 =    31.8272,    34.2603      
# span 18 =    24.5872,    27.3649      
# span 19 =    24.5858,    27.3839      
# span 20 =    6.40484,    8.22673      
# span 21 = 0.0000e+00, 0.0000e+00      
# interval = scans: 3                   
# start_time = Jul 25 2020 06:03:45 [System UTC, header]
# bad_flag = -9.990e-29
*END*
[from data line 527]
       2051     56.377    -0.3568    -0.3639   2.746005   2.745432     2.0748     2.5017      8.028     0.7934    -0.9180 1.0715e-01    -0.1289   103.2741     7.6414     7.9273    33.2645    33.2646    26.7217    26.7221    8.21898 0.0000e+00
       2054     56.472    -0.3564    -0.3632   2.746074   2.745515     2.0744     2.5005      8.029     0.8040    -0.9180 1.0715e-01    -0.1289   103.2741     7.6425     7.9231    33.2649    33.2649    26.7221    26.7223    8.21887 0.0000e+00
       2057     56.567    -0.3560    -0.3612   2.746162   2.745746     2.0740     2.5001      8.028     0.7934    -0.9180 1.0715e-01    -0.1289   103.2741     7.6426     7.9200    33.2656    33.2658    26.7226    26.7229    8.21874 0.0000e+00
       2060     56.661    -0.3527    -0.3586   2.746545   2.746022     2.0732     2.4989      8.028     0.7934    -0.5232 1.0715e-01    -0.1289   103.2741     7.6405     7.9161    33.2671    33.2665    26.7235    26.7234    8.21792 0.0000e+00
       2063     56.750    -0.3496    -0.3556   2.746915   2.746254     2.0732     2.4977      8.028     0.8040    -0.4443 1.0715e-01    -0.1289   103.2741     7.6404     7.9106    33.2686    33.2663    26.7246    26.7231    8.21716 0.0000e+00
       2066     56.842    -0.3457    -0.3539   2.747240   2.746452     2.0720     2.4973      8.028     0.8145    -0.4443 1.0715e-01    -0.1289   103.2741     7.6352     7.9053    33.2685    33.2670    26.7245    26.7235    8.21630 0.0000e+00
       2069     56.934    -0.3438    -0.3506   2.747385   2.746783     2.0720     2.4977      8.028     0.7934    -0.4443 1.0715e-01    -0.1289   103.2741     7.6357     7.9060    33.2684    33.2677    26.7243    26.7240    8.21590 0.0000e+00
       2072     57.026    -0.3435    -0.3492   2.747369   2.746855     2.0711     2.4969      8.028     0.7934    -0.4443 1.0715e-01    -0.1292   103.2831     7.6296     7.9061    33.2678    33.2671    26.7237    26.7235    8.21586 0.0000e+00
       2075     57.117    -0.3440    -0.3491   2.747348   2.746883     2.0699     2.4960      8.028     0.7934    -0.4443 1.0715e-01    -0.1289   103.2741     7.6211     7.9040    33.2680    33.2674    26.7239    26.7237    8.21595 0.0000e+00
       2078     57.206    -0.3449    -0.3501   2.747289   2.746802     2.0699     2.4944      8.028     0.7934    -0.4443 1.0715e-01    -0.1289   103.2741     7.6192     7.8969    33.2681    33.2673    26.7240    26.7236    8.21614 0.0000e+00
       2081     57.295    -0.3485    -0.3537   2.747154   2.746667     2.0695     2.4940      8.028     0.8040    -0.4443 1.0715e-01    -0.1292   103.2831     7.6172     7.8952    33.2702    33.2694    26.7259    26.7255    8.21682 0.0000e+00
       2084     57.386    -0.3506    -0.3562   2.747124   2.746657     2.0687     2.4944      8.028     0.8145    -0.0100 1.0715e-01    -0.1289   103.2741     7.6134     7.8956    33.2720    33.2719    26.7275    26.7277    8.21718 0.0000e+00
       2087     57.480    -0.3520    -0.3570   2.747094   2.746634     2.0683     2.4924      8.028     0.7934     2.3193 1.0715e-01    -0.1289   103.2741     7.6119     7.8866    33.2731    33.2725    26.7284    26.7281    8.21743 0.0000e+00
       2090     57.576    -0.3529    -0.3580   2.747136   2.746618     2.0679     2.4911      8.028     0.8040     2.2798 1.0727e-01    -0.1296   103.2922     7.6125     7.8801    33.2747    33.2733    26.7297    26.7288    8.21755 0.0000e+00
       2093     57.672    -0.3539    -0.3595   2.747081   2.746534     2.0663     2.4916      8.026     0.8040     2.2798 1.0715e-01    -0.1289   103.2741     7.6040     7.8829    33.2749    33.2738    26.7300    26.7293    8.21775 0.0000e+00
       2096     57.771    -0.3557    -0.3613   2.746967   2.746518     2.0663     2.4916      8.028     0.8040     2.2798 1.0715e-01    -0.1292   103.2831     7.6042     7.8853    33.2753    33.2755    26.7304    26.7307    8.21813 0.0000e+00
       2099     57.870    -0.3562    -0.3610   2.747038   2.746545     2.0646     2.4903      8.025     0.8040     2.2798 1.0715e-01    -0.1292   103.2831     7.5968     7.8825    33.2767    33.2754    26.7315    26.7307    8.21815 0.0000e+00
       2102     57.969    -0.3537    -0.3624   2.747251   2.746317     2.0650     2.4887      8.023     0.8040     2.2798 1.0715e-01    -0.1292   103.2831     7.5995     7.8777    33.2768    33.2738    26.7315    26.7294    8.21760 0.0000e+00
       2105     58.074    -0.3547    -0.3666   2.747098   2.746090     2.0642     2.4883      8.023     0.7934     2.2798 1.0715e-01    -0.1296   103.2922     7.5966     7.8748    33.2758    33.2754    26.7307    26.7309    8.21787 0.0000e+00
       2108     58.178    -0.3618    -0.3636   2.746501   2.746519     2.0638     2.4871      8.023     0.8357     2.2798 1.0715e-01    -0.1282   103.2560     7.5990     7.8686    33.2755    33.2777    26.7308    26.7327    8.21945 0.0000e+00
       2111     58.284    -0.3645    -0.3651   2.746406   2.746109     2.0634     2.4871      8.023     0.9097     3.1089 1.0715e-01    -0.1285   103.2651     7.5984     7.8699    33.2771    33.2738    26.7322    26.7295    8.21995 0.0000e+00
       2114     58.394    -0.3659    -0.3700   2.746284   2.745882     2.0630     2.4867      8.023     0.9097     4.3722 1.0715e-01    -0.1285   103.2651     7.5990     7.8668    33.2770    33.2761    26.7322    26.7316    8.22028 0.0000e+00
       2117     58.502    -0.3672    -0.3721   2.746216   2.745746     2.0614     2.4859      8.023     0.9097     4.2932 1.0715e-01    -0.1285   103.2651     7.5936     7.8612    33.2774    33.2766    26.7326    26.7321    8.22053 0.0000e+00
       2120     58.611    -0.3670    -0.3728   2.746266   2.745746     2.0610     2.4850      8.023     0.9097     4.2932 1.0715e-01    -0.1278   103.2470     7.5903     7.8578    33.2778    33.2773    26.7329    26.7327    8.22047 0.0000e+00
       2123     58.722    -0.3670    -0.3734   2.746206   2.745672     2.0614     2.4846      8.021     0.8886     4.2932 1.0715e-01    -0.1289   103.2741     7.5912     7.8574    33.2769    33.2768    26.7322    26.7323    8.22052 0.0000e+00
       2126     58.836    -0.3690    -0.3739   2.746115   2.745670     2.0606     2.4838      8.021     0.8992     4.2932 1.0715e-01    -0.1271   103.2289     7.5848     7.8539    33.2778    33.2773    26.7330    26.7328    8.22090 0.0000e+00
       2129     58.947    -0.3688    -0.3739   2.746098   2.745641     2.0597     2.4822      8.020     0.8992     4.2932 1.0715e-01    -0.1103   102.7949     7.5813     7.8471    33.2774    33.2769    26.7326    26.7324    8.22090 0.0000e+00
       2132     59.058    -0.3696    -0.3746   2.746077   2.745615     2.0593     2.4818      8.018     0.8992     4.2932 1.0715e-01    -0.1096   102.7768     7.5817     7.8445    33.2778    33.2771    26.7330    26.7327    8.22104 0.0000e+00
       2135     59.169    -0.3686    -0.3754   2.746183   2.745565     2.0585     2.4810      8.018     0.8357     4.2932 1.0715e-01    -0.1099   102.7858     7.5774     7.8403    33.2781    33.2773    26.7332    26.7328    8.22081 0.0000e+00
       2138     59.280    -0.3681    -0.3758   2.746173   2.745540     2.0585     2.4802      8.018     0.8357     2.9115 1.0715e-01    -0.1099   102.7858     7.5807     7.8366    33.2773    33.2774    26.7325    26.7329    8.22073 0.0000e+00
       2141     59.388    -0.3698    -0.3758   2.746072   2.745554     2.0569     2.4794      8.018     0.8357     2.3982 1.0715e-01    -0.1099   102.7858     7.5744     7.8325    33.2778    33.2775    26.7330    26.7330    8.22108 0.0000e+00
       2144     59.493    -0.3703    -0.3758   2.746100   2.745616     2.0569     2.4785      8.018     0.8463     2.3982 1.0715e-01    -0.1099   102.7858     7.5727     7.8300    33.2787    33.2782    26.7337    26.7336    8.22115 0.0000e+00
       2147     59.599    -0.3705    -0.3758   2.746122   2.745616     2.0561     2.4777      8.018     0.8251     2.3982 1.0715e-01    -0.1148   102.9124     7.5670     7.8260    33.2791    33.2782    26.7341    26.7336    8.22116 0.0000e+00
       2150     59.701    -0.3717    -0.3763   2.746070   2.745620     2.0553     2.4773      8.018     0.8251     2.3982 1.0715e-01    -0.1306   103.3193     7.5657     7.8263    33.2797    33.2787    26.7346    26.7340    8.22141 0.0000e+00
       2153     59.800    -0.3737    -0.3778   2.745926   2.745535     2.0557     2.4769      8.018     0.8251     2.3982 1.0715e-01    -0.1299   103.3012     7.5713     7.8275    33.2799    33.2791    26.7348    26.7344    8.22182 0.0000e+00
       2156     59.898    -0.3747    -0.3799   2.745870   2.745394     2.0549     2.4757      8.018     0.8145     2.3982 1.0715e-01    -0.1299   103.3012     7.5692     7.8260    33.2802    33.2796    26.7352    26.7349    8.22204 0.0000e+00
       2159     59.990    -0.3784    -0.3827   2.745633   2.745268     2.0540     2.4753      8.018     0.8251     2.3982 1.0715e-01    -0.1299   103.3012     7.5683     7.8271    33.2811    33.2808    26.7360    26.7360    8.22281 0.0000e+00
       2162     60.081    -0.3792    -0.3843   2.745631   2.745154     2.0540     2.4737      8.016     0.7934     2.2798 1.0715e-01    -0.1299   103.3012     7.5689     7.8231    33.2819    33.2810    26.7367    26.7362    8.22294 0.0000e+00
       2165     60.167    -0.3804    -0.3859   2.745527   2.745108     2.0528     2.4728      8.018     0.7934    -0.1284 1.0715e-01    -0.1299   103.3012     7.5648     7.8198    33.2817    33.2821    26.7366    26.7372    8.22321 0.0000e+00
       2168     60.249    -0.3829    -0.3857   2.745363   2.745092     2.0528     2.4728      8.016     0.8040    -0.2469 1.0715e-01    -0.1296   103.2922     7.5644     7.8220    33.2822    33.2817    26.7371    26.7368    8.22373 0.0000e+00
       2171     60.330    -0.3855    -0.3871   2.745230   2.744915     2.0516     2.4712      8.015     0.7934    -0.2074 1.0715e-01    -0.1299   103.3012     7.5569     7.8171    33.2832    33.2807    26.7381    26.7361    8.22425 0.0000e+00
       2174     60.405    -0.3880    -0.3910   2.745078   2.744747     2.0516     2.4712      8.015     0.8040    -0.2469 1.0715e-01    -0.1296   103.2922     7.5565     7.8181    33.2839    33.2827    26.7387    26.7379    8.22476 0.0000e+00
       2177     60.477    -0.3900    -0.3940   2.744995   2.744619     2.0516     2.4712      8.013     0.8040    -0.2469 1.0715e-01    -0.1299   103.3012     7.5552     7.8232    33.2849    33.2843    26.7396    26.7393    8.22514 0.0000e+00
       2180     60.550    -0.3914    -0.3968   2.744936   2.744422     2.0508     2.4704      8.013     0.8040    -0.2074 1.0715e-01    -0.1299   103.3012     7.5538     7.8229    33.2857    33.2847    26.7403    26.7397    8.22542 0.0000e+00
       2183     60.621    -0.3934    -0.3994   2.744831   2.744328     2.0508     2.4700      8.013     0.8040    -0.2074 1.0715e-01    -0.1299   103.3012     7.5602     7.8248    33.2864    33.2862    26.7410    26.7411    8.22582 0.0000e+00
       2186     60.687    -0.3949    -0.4004   2.744755   2.744287     2.0488     2.4684      8.013     0.7828    -0.2074 1.0715e-01    -0.1296   103.2922     7.5529     7.8197    33.2869    33.2868    26.7414    26.7416    8.22610 0.0000e+00
       2189     60.753    -0.3956    -0.4011   2.744818   2.744291     2.0492     2.4679      8.011     0.7828    -0.2074 1.0715e-01    -0.1306   103.3193     7.5547     7.8165    33.2885    33.2875    26.7428    26.7422    8.22618 0.0000e+00
       2192     60.818    -0.3967    -0.4020   2.744780   2.744313     2.0484     2.4679      8.011     0.7616    -0.2074 1.0715e-01    -0.1313   103.3374     7.5489     7.8184    33.2892    33.2887    26.7434    26.7432    8.22638 0.0000e+00
       2195     60.883    -0.3976    -0.4028   2.744710   2.744267     2.0475     2.4667      8.011     0.7828    -0.2074 1.0715e-01    -0.1310   103.3284     7.5455     7.8140    33.2892    33.2890    26.7434    26.7435    8.22659 0.0000e+00
       2198     60.948    -0.3985    -0.4034   2.744703   2.744228     2.0475     2.4663      8.013     0.7722    -0.2074 1.0727e-01    -0.1310   103.3284     7.5436     7.8117    33.2900    33.2891    26.7441    26.7436    8.22673 0.0000e+00
       2201     61.012    -0.3982    -0.4041   2.744906   2.744233     2.0467     2.4663      8.011     0.7722    -0.2074 1.0715e-01    -0.1310   103.3284     7.5415     7.8130    33.2924    33.2898    26.7461    26.7442    8.22653 0.0000e+00
       2204     61.080    -0.3964    -0.4042   2.745192   2.744345     2.0471     2.4651      8.008     0.7616    -0.2074 1.0715e-01    -0.1310   103.3284     7.5444     7.8091    33.2942    33.2914    26.7474    26.7455    8.22603 0.0000e+00
       2207     61.145    -0.3964    -0.4029   2.745198   2.744647     2.0479     2.4651      8.008     0.7722    -0.2074 1.0715e-01    -0.1306   103.3193     7.5496     7.8075    33.2943    33.2940    26.7475    26.7475    8.22604 0.0000e+00
       2210     61.211    -0.3960    -0.4023   2.745248   2.744664     2.0455     2.4635      8.008     0.7616    -0.2074 1.0715e-01    -0.1317   103.3465     7.5376     7.8014    33.2945    33.2935    26.7476    26.7471    8.22594 0.0000e+00
       2213     61.278    -0.3951    -0.4022   2.745412   2.744739     2.0447     2.4631      8.008     0.7510    -0.2074 1.0715e-01    -0.1320   103.3555     7.5320     7.7983    33.2956    33.2944    26.7485    26.7478    8.22566 0.0000e+00
       2216     61.350    -0.3943    -0.4004   2.745532   2.744969     2.0447     2.4635      8.008     0.7828    -0.4048 1.0715e-01    -0.1320   103.3555     7.5328     7.8005    33.2963    33.2955    26.7490    26.7486    8.22545 0.0000e+00
       2219     61.424    -0.3938    -0.3998   2.745579   2.744988     2.0443     2.4623      8.008     0.7616    -0.6022 1.0715e-01    -0.1320   103.3555     7.5282     7.7908    33.2963    33.2950    26.7490    26.7482    8.22534 0.0000e+00
       2222     61.496    -0.3933    -0.3993   2.745620   2.745102     2.0435     2.4623      8.008     0.7616    -0.5627 1.0715e-01    -0.1320   103.3555     7.5224     7.7865    33.2963    33.2960    26.7489    26.7490    8.22523 0.0000e+00
       2225     61.575    -0.3928    -0.3986   2.745717   2.745169     2.0439     2.4614      8.008     0.7616    -0.6022 1.0715e-01    -0.1320   103.3555     7.5228     7.7848    33.2969    33.2960    26.7494    26.7490    8.22507 0.0000e+00
       2228     61.656    -0.3921    -0.3977   2.745859   2.745331     2.0427     2.4598      8.008     0.7722    -0.5627 1.0715e-01    -0.1313   103.3374     7.5156     7.7782    33.2980    33.2972    26.7503    26.7498    8.22487 0.0000e+00
       2231     61.739    -0.3913    -0.3967   2.745936   2.745455     2.0423     2.4594      8.008     0.7616    -0.5627 1.0715e-01    -0.1317   103.3465     7.5221     7.7752    33.2982    33.2977    26.7504    26.7502    8.22469 0.0000e+00
       2234     61.822    -0.3904    -0.3957   2.746026   2.745521     2.0414     2.4590      8.008     0.7722    -0.5627 1.0715e-01    -0.1313   103.3374     7.5242     7.7729    33.2983    33.2974    26.7505    26.7500    8.22447 0.0000e+00
       2237     61.910    -0.3894    -0.3953   2.746240   2.745699     2.0414     2.4590      8.008     0.7722    -0.5627 1.0715e-01    -0.1313   103.3374     7.5241     7.7700    33.3000    33.2992    26.7518    26.7514    8.22415 0.0000e+00
       2240     62.003    -0.3874    -0.3936   2.746637   2.746059     2.0410     2.4578      8.008     0.7828    -0.5627 1.0715e-01    -0.1313   103.3374     7.5214     7.7657    33.3031    33.3021    26.7542    26.7537    8.22355 0.0000e+00
       2243     62.094    -0.3857    -0.3915   2.746927   2.746371     2.0402     2.4553      8.006     0.7722     0.1085 1.0715e-01    -0.1317   103.3465     7.5198     7.7563    33.3051    33.3040    26.7557    26.7551    8.22306 0.0000e+00
