Datasets/AZMP/TEL210/tel210_2020_004.cnv
* Sea-Bird SBE 9 Data File:
* FileName = C:\CTDDATA\tel210_2020_004.hex
* Software Version Seasave V 7.26.7.110
* Temperature SN = 1697
* Conductivity SN = 4216
* Number of Bytes Per Scan = 30
* Number of Voltage Words = 4
* Number of Scans Averaged by the Deck Unit = 1
* NMEA baud rate = 4800
** VESSEL/TRIP/SEQ STN:  tel210_2020_004
** LATITUDE XX XX.XX: 47 00.00 N
** LONGITUDE XX XX.XX: 052 42.30 W
** SOUNDING DEPTH (M): 0185
** PROBE TYPE: S1146
** CTD NUMBER: 003
** COMMENTS (14 CHAR): FC-02
** BOTTLES:  10
** LEVELS: 5,10,20,30,40,50,75,100,150,BTM
** STICKERS: 435752 - 435761
** VNET: Y
** DO2: N
# nquan = 22
# nvalues = 5039                        
# units = specified
# name 0 = scan: Scan Count
# name 1 = prDM: Pressure, Digiquartz [db]
# name 2 = t090C: Temperature [ITS-90, deg C]
# name 3 = t190C: Temperature, 2 [ITS-90, deg C]
# name 4 = c0S/m: Conductivity [S/m]
# name 5 = c1S/m: Conductivity, 2 [S/m]
# name 6 = sbeox0V: Oxygen raw, SBE 43 [V]
# name 7 = sbeox1V: Oxygen raw, SBE 43, 2 [V]
# name 8 = ph: pH
# name 9 = flECO-AFL: Fluorescence, WET Labs ECO-AFL/FL [mg/m^3]
# name 10 = wetCDOM: Fluorescence, WET Labs CDOM [mg/m^3]
# name 11 = par/sat/log: PAR/Logarithmic, Satlantic [umol photons/m^2/sec]
# name 12 = CStarAt0: Beam Attenuation, WET Labs C-Star [1/m]
# name 13 = CStarTr0: Beam Transmission, WET Labs C-Star [%]
# name 14 = sbeox0ML/L: Oxygen, SBE 43 [ml/l], WS = 2
# name 15 = sbeox1ML/L: Oxygen, SBE 43, 2 [ml/l], WS = 2
# name 16 = sal00: Salinity, Practical [PSU]
# name 17 = sal11: Salinity, Practical, 2 [PSU]
# name 18 = sigma-t00: Density [sigma-t, kg/m^3 ]
# name 19 = sigma-t11: Density, 2 [sigma-t, kg/m^3 ]
# name 20 = oxsatML/L: Oxygen Saturation, Weiss [ml/l]
# name 21 = flag: flag
# span 0 =        173,      42263       
# span 1 =      1.726,    182.478       
# span 2 =    -1.6113,    11.6579       
# span 3 =    -1.6166,    11.6526       
# span 4 =   2.601025,   3.625474       
# span 5 =   2.600575,   3.624858       
# span 6 =     1.8162,     2.3974       
# span 7 =     2.1992,     2.9462       
# span 8 =      7.766,      8.144       
# span 9 =    -0.6019,     1.0973       
# span 10 =    -2.8130,   482.1870      
# span 11 = 1.0703e-01, 1.0752e-01      
# span 12 =    -0.1686,     0.0272      
# span 13 =    99.3222,   104.3050      
# span 14 =     6.3554,     8.6602      
# span 15 =     6.1925,     9.1478      
# span 16 =    31.6418,    33.0391      
# span 17 =    31.6313,    33.0402      
# span 18 =    24.0585,    26.5487      
# span 19 =    24.0543,    26.5500      
# span 20 =    6.22452,    8.53744      
# span 21 = 0.0000e+00, 0.0000e+00      
# interval = scans: 3                   
# start_time = Jul 15 2020 05:25:37 [System UTC, header]
# bad_flag = -9.990e-29
*END*
[from data line 1449]
       5469    130.488    -0.7267    -0.7321   2.691426   2.690982     1.9690     2.3927      7.825    -0.5409     2.5956 1.0740e-01    -0.1603   104.0880     7.2932     7.6406    32.8925    32.8923    26.4357    26.4358    8.32244 0.0000e+00
       5472    130.592    -0.7046    -0.7086   2.693377   2.693038     1.9690     2.3907      7.825    -0.5511     0.1479 1.0740e-01    -0.1603   104.0880     7.2898     7.6274    32.8946    32.8943    26.4366    26.4366    8.31735 0.0000e+00
       5475    130.698    -0.6916    -0.6958   2.694174   2.693855     1.9694     2.3903      7.825    -0.5511     0.2664 1.0740e-01    -0.1603   104.0880     7.2848     7.6223    32.8911    32.8914    26.4333    26.4337    8.31463 0.0000e+00
       5478    130.802    -0.6852    -0.6897   2.694639   2.694326     1.9678     2.3894      7.825    -0.5613     0.2664 1.0727e-01    -0.1603   104.0880     7.2741     7.6187    32.8903    32.8909    26.4324    26.4331    8.31323 0.0000e+00
       5481    130.907    -0.6829    -0.6876   2.694780   2.694450     1.9682     2.3882      7.825    -0.5409     0.2664 1.0740e-01    -0.1592   104.0609     7.2750     7.6146    32.8896    32.8903    26.4317    26.4325    8.31275 0.0000e+00
       5484    131.012    -0.6833    -0.6880   2.694804   2.694432     1.9670     2.3882      7.822    -0.5613     0.2664 1.0752e-01    -0.1578   104.0247     7.2707     7.6162    32.8903    32.8905    26.4323    26.4327    8.31280 0.0000e+00
       5487    131.118    -0.6846    -0.6895   2.694704   2.694343     1.9658     2.3870      7.822    -0.5511     0.2664 1.0740e-01    -0.1575   104.0156     7.2661     7.6138    32.8903    32.8908    26.4324    26.4330    8.31309 0.0000e+00
       5490    131.224    -0.6885    -0.6935   2.694287   2.693940     1.9637     2.3858      7.820    -0.5511     0.2664 1.0752e-01    -0.1582   104.0337     7.2576     7.6103    32.8889    32.8897    26.4314    26.4322    8.31405 0.0000e+00
       5493    131.324    -0.7003    -0.7048   2.693210   2.692905     1.9645     2.3858      7.820    -0.5511     0.3059 1.0740e-01    -0.1582   104.0337     7.2653     7.6144    32.8872    32.8880    26.4305    26.4313    8.31681 0.0000e+00
       5496    131.422    -0.7138    -0.7186   2.692162   2.691830     1.9633     2.3837      7.820    -0.5409     0.9375 1.0752e-01    -0.1582   104.0337     7.2610     7.6100    32.8877    32.8884    26.4314    26.4321    8.31980 0.0000e+00
       5499    131.520    -0.7205    -0.7271   2.691989   2.691504     1.9621     2.3833      7.820    -0.5409     0.9770 1.0740e-01    -0.1578   104.0247     7.2600     7.6110    32.8926    32.8933    26.4356    26.4364    8.32102 0.0000e+00
       5502    131.613    -0.7203    -0.7263   2.692133   2.691778     1.9629     2.3821      7.820    -0.5409     0.9770 1.0752e-01    -0.1575   104.0156     7.2690     7.6068    32.8943    32.8960    26.4370    26.4385    8.32089 0.0000e+00
       5505    131.703    -0.7206    -0.7253   2.692095   2.691806     1.9617     2.3809      7.820    -0.5511     0.9770 1.0727e-01    -0.1582   104.0337     7.2633     7.6017    32.8940    32.8953    26.4368    26.4379    8.32097 0.0000e+00
       5508    131.794    -0.7222    -0.7274   2.691987   2.691643     1.9613     2.3809      7.820    -0.5308     0.9770 1.0752e-01    -0.1582   104.0337     7.2660     7.6035    32.8942    32.8953    26.4370    26.4380    8.32131 0.0000e+00
       5511    131.885    -0.7220    -0.7275   2.692018   2.691644     1.9609     2.3805      7.820    -0.5511     0.9770 1.0752e-01    -0.1582   104.0337     7.2675     7.6055    32.8944    32.8954    26.4371    26.4381    8.32126 0.0000e+00
       5514    131.974    -0.7204    -0.7271   2.692210   2.691749     1.9596     2.3788      7.817    -0.5511     0.9770 1.0740e-01    -0.1582   104.0337     7.2634     7.6007    32.8952    32.8963    26.4377    26.4388    8.32085 0.0000e+00
       5517    132.071    -0.7176    -0.7240   2.692427   2.692032     1.9596     2.3784      7.820    -0.5613     0.9770 1.0752e-01    -0.1582   104.0337     7.2628     7.6030    32.8951    32.8966    26.4374    26.4390    8.32024 0.0000e+00
       5520    132.169    -0.7165    -0.7221   2.692541   2.692157     1.9588     2.3772      7.818    -0.5409     2.0824 1.0727e-01    -0.1582   104.0337     7.2602     7.6013    32.8953    32.8962    26.4376    26.4386    8.31997 0.0000e+00
       5523    132.261    -0.7161    -0.7215   2.692575   2.692182     1.9588     2.3772      7.815    -0.5511     5.2407 1.0740e-01    -0.1571   104.0066     7.2555     7.6011    32.8953    32.8959    26.4376    26.4383    8.31989 0.0000e+00
       5526    132.350    -0.7159    -0.7216   2.692578   2.692187     1.9576     2.3760      7.815    -0.5409     5.1223 1.0752e-01    -0.1575   104.0156     7.2501     7.5971    32.8950    32.8960    26.4374    26.4384    8.31985 0.0000e+00
       5529    132.435    -0.7148    -0.7213   2.692667   2.692227     1.9568     2.3748      7.815    -0.5613     5.1223 1.0727e-01    -0.1571   104.0066     7.2479     7.5953    32.8949    32.8961    26.4373    26.4385    8.31961 0.0000e+00
       5532    132.514    -0.7131    -0.7214   2.692789   2.692194     1.9560     2.3748      7.817    -0.5511     5.1223 1.0740e-01    -0.1575   104.0156     7.2449     7.5991    32.8947    32.8958    26.4371    26.4382    8.31925 0.0000e+00
       5535    132.594    -0.7123    -0.7211   2.692881   2.692288     1.9560     2.3736      7.815    -0.5409     5.1223 1.0727e-01    -0.1575   104.0156     7.2481     7.5983    32.8951    32.8967    26.4373    26.4389    8.31904 0.0000e+00
       5538    132.672    -0.7103    -0.7178   2.693107   2.692627     1.9560     2.3736      7.815    -0.5409     5.1223 1.0752e-01    -0.1578   104.0247     7.2485     7.6006    32.8959    32.8975    26.4379    26.4395    8.31855 0.0000e+00
       5541    132.748    -0.7054    -0.7123   2.693462   2.693058     1.9552     2.3732      7.815    -0.5613     5.1223 1.0752e-01    -0.1571   104.0066     7.2451     7.5978    32.8953    32.8973    26.4372    26.4391    8.31748 0.0000e+00
       5544    132.823    -0.7029    -0.7079   2.693679   2.693382     1.9539     2.3715      7.815    -0.5816     5.1223 1.0740e-01    -0.1550   103.9523     7.2407     7.5913    32.8955    32.8968    26.4372    26.4385    8.31692 0.0000e+00
       5547    132.894    -0.7006    -0.7045   2.693932   2.693628     1.9531     2.3711      7.815    -0.5918     5.4776 1.0740e-01    -0.1550   103.9523     7.2365     7.5904    32.8963    32.8964    26.4379    26.4380    8.31635 0.0000e+00
       5550    132.966    -0.6987    -0.7042   2.694103   2.693682     1.9539     2.3703      7.815    -0.5613     5.8329 1.0740e-01    -0.1550   103.9523     7.2434     7.5887    32.8965    32.8967    26.4379    26.4383    8.31591 0.0000e+00
       5553    133.038    -0.6969    -0.7038   2.694232   2.693754     1.9527     2.3711      7.815    -0.5714     5.8329 1.0752e-01    -0.1550   103.9523     7.2340     7.5924    32.8962    32.8972    26.4376    26.4387    8.31552 0.0000e+00
       5556    133.113    -0.6963    -0.7027   2.694269   2.693808     1.9527     2.3703      7.815    -0.5816     5.8329 1.0740e-01    -0.1550   103.9523     7.2318     7.5872    32.8960    32.8967    26.4374    26.4383    8.31539 0.0000e+00
       5559    133.190    -0.6956    -0.7021   2.694358   2.693903     1.9519     2.3691      7.815    -0.5816     5.8329 1.0740e-01    -0.1550   103.9523     7.2264     7.5794    32.8963    32.8973    26.4377    26.4387    8.31521 0.0000e+00
       5562    133.268    -0.6924    -0.6993   2.694641   2.694239     1.9515     2.3687      7.815    -0.5714     5.8329 1.0740e-01    -0.1547   103.9433     7.2259     7.5766    32.8967    32.8988    26.4379    26.4398    8.31449 0.0000e+00
       5565    133.349    -0.6911    -0.6959   2.694784   2.694453     1.9511     2.3674      7.813    -0.5918     5.8329 1.0715e-01    -0.1550   103.9523     7.2249     7.5700    32.8972    32.8979    26.4382    26.4390    8.31417 0.0000e+00
       5568    133.428    -0.6893    -0.6952   2.694921   2.694547     1.9503     2.3674      7.815    -0.5613     5.8329 1.0752e-01    -0.1550   103.9523     7.2191     7.5682    32.8970    32.8984    26.4380    26.4393    8.31377 0.0000e+00
       5571    133.511    -0.6884    -0.6942   2.695023   2.694638     1.9499     2.3666      7.815    -0.5511     5.8329 1.0740e-01    -0.1550   103.9523     7.2144     7.5623    32.8974    32.8985    26.4382    26.4393    8.31355 0.0000e+00
       5574    133.595    -0.6882    -0.6940   2.695088   2.694691     1.9491     2.3662      7.813    -0.5409     4.1748 1.0752e-01    -0.1550   103.9523     7.2081     7.5574    32.8980    32.8989    26.4387    26.4396    8.31347 0.0000e+00
       5577    133.679    -0.6851    -0.6914   2.695428   2.694999     1.9483     2.3654      7.815    -0.5613     3.8195 1.0740e-01    -0.1550   103.9523     7.2059     7.5526    32.8990    32.9002    26.4395    26.4406    8.31271 0.0000e+00
       5580    133.759    -0.6780    -0.6874   2.696112   2.695442     1.9483     2.3642      7.812    -0.5409     3.8195 1.0752e-01    -0.1550   103.9523     7.2042     7.5480    32.9005    32.9017    26.4404    26.4417    8.31103 0.0000e+00
       5583    133.842    -0.6688    -0.6794   2.696939   2.696104     1.9478     2.3634      7.813    -0.5409     3.8195 1.0752e-01    -0.1543   103.9342     7.2006     7.5426    32.9015    32.9018    26.4409    26.4415    8.30891 0.0000e+00
       5586    133.925    -0.6616    -0.6729   2.697497   2.696806     1.9474     2.3634      7.812    -0.5511     3.8195 1.0727e-01    -0.1550   103.9523     7.1904     7.5380    32.9012    32.9042    26.4403    26.4432    8.30732 0.0000e+00
       5589    134.013    -0.6591    -0.6664   2.697727   2.697305     1.9462     2.3617      7.812    -0.5409     3.8195 1.0752e-01    -0.1550   103.9523     7.1801     7.5277    32.9015    32.9037    26.4405    26.4426    8.30674 0.0000e+00
       5592    134.103    -0.6574    -0.6634   2.698003   2.697594     1.9458     2.3617      7.810    -0.5409     3.8195 1.0752e-01    -0.1550   103.9523     7.1752     7.5225    32.9033    32.9044    26.4418    26.4429    8.30625 0.0000e+00
       5595    134.194    -0.6513    -0.6581   2.698575   2.698134     1.9454     2.3613      7.810    -0.5816     3.8195 1.0727e-01    -0.1550   103.9523     7.1677     7.5145    32.9043    32.9058    26.4424    26.4439    8.30483 0.0000e+00
       5598    134.286    -0.6463    -0.6527   2.699058   2.698641     1.9450     2.3601      7.810    -0.5918     3.9379 1.0752e-01    -0.1550   103.9523     7.1641     7.5024    32.9053    32.9066    26.4430    26.4444    8.30365 0.0000e+00
       5601    134.379    -0.6426    -0.6485   2.699374   2.699036     1.9450     2.3597      7.810    -0.5816     4.7275 1.0752e-01    -0.1547   103.9433     7.1594     7.4962    32.9054    32.9073    26.4430    26.4447    8.30281 0.0000e+00
       5604    134.470    -0.6400    -0.6460   2.699591   2.699226     1.9442     2.3589      7.810    -0.5714     4.6485 1.0752e-01    -0.1543   103.9342     7.1497     7.4870    32.9055    32.9070    26.4430    26.4445    8.30223 0.0000e+00
       5607    134.559    -0.6377    -0.6436   2.699850   2.699454     1.9425     2.3577      7.807    -0.5918     4.6485 1.0752e-01    -0.1550   103.9523     7.1379     7.4770    32.9064    32.9075    26.4436    26.4447    8.30166 0.0000e+00
       5610    134.650    -0.6379    -0.6430   2.699790   2.699464     1.9413     2.3564      7.808    -0.5816     4.6485 1.0752e-01    -0.1550   103.9523     7.1301     7.4672    32.9057    32.9069    26.4431    26.4442    8.30174 0.0000e+00
       5613    134.740    -0.6449    -0.6490   2.699212   2.698874     1.9409     2.3560      7.805    -0.5918     4.6485 1.0752e-01    -0.1550   103.9523     7.1298     7.4644    32.9055    32.9055    26.4432    26.4433    8.30332 0.0000e+00
       5616    134.828    -0.6499    -0.6547   2.698929   2.698598     1.9401     2.3544      7.805    -0.5714     4.6880 1.0727e-01    -0.1550   103.9523     7.1236     7.4542    32.9071    32.9079    26.4446    26.4455    8.30435 0.0000e+00
       5619    134.919    -0.6514    -0.6562   2.698850   2.698550     1.9397     2.3524      7.805    -0.5714     4.6485 1.0740e-01    -0.1550   103.9523     7.1186     7.4453    32.9077    32.9089    26.4451    26.4463    8.30466 0.0000e+00
       5622    135.008    -0.6519    -0.6571   2.698819   2.698533     1.9393     2.3520      7.805    -0.5714     4.6485 1.0740e-01    -0.1547   103.9433     7.1151     7.4434    32.9077    32.9096    26.4452    26.4469    8.30476 0.0000e+00
       5625    135.098    -0.6527    -0.6580   2.698806   2.698457     1.9381     2.3507      7.805    -0.5613     2.5956 1.0740e-01    -0.1543   103.9342     7.1132     7.4412    32.9084    32.9094    26.4458    26.4468    8.30491 0.0000e+00
       5628    135.184    -0.6473    -0.6544   2.699442   2.698963     1.9377     2.3499      7.805    -0.5816    -0.8785 1.0740e-01    -0.1547   103.9433     7.1151     7.4402    32.9109    32.9122    26.4476    26.4490    8.30355 0.0000e+00
       5631    135.272    -0.6408    -0.6468   2.699903   2.699565     1.9360     2.3491      7.805    -0.5714    -0.6811 1.0740e-01    -0.1540   103.9252     7.1086     7.4379    32.9100    32.9120    26.4467    26.4485    8.30214 0.0000e+00
       5634    135.358    -0.6377    -0.6426   2.700053   2.699838     1.9364     2.3479      7.805    -0.5816    -0.6811 1.0752e-01    -0.1547   103.9433     7.1105     7.4326    32.9086    32.9111    26.4454    26.4476    8.30153 0.0000e+00
       5637    135.444    -0.6358    -0.6414   2.700298   2.699923     1.9356     2.3471      7.803    -0.5714    -0.6811 1.0752e-01    -0.1543   103.9342     7.1058     7.4303    32.9098    32.9109    26.4463    26.4474    8.30104 0.0000e+00
       5640    135.531    -0.6344    -0.6400   2.700446   2.700079     1.9344     2.3459      7.803    -0.5714    -0.6811 1.0752e-01    -0.1540   103.9252     7.0995     7.4297    32.9102    32.9113    26.4466    26.4477    8.30070 0.0000e+00
       5643    135.621    -0.6343    -0.6402   2.700461   2.700061     1.9332     2.3451      7.803    -0.5918    -0.6811 1.0752e-01    -0.1537   103.9162     7.0951     7.4346    32.9103    32.9113    26.4466    26.4477    8.30068 0.0000e+00
       5646    135.710    -0.6362    -0.6416   2.700286   2.699919     1.9328     2.3442      7.802    -0.5511    -0.6811 1.0740e-01    -0.1530   103.8981     7.1023     7.4366    32.9099    32.9109    26.4464    26.4474    8.30112 0.0000e+00
       5649    135.799    -0.6405    -0.6448   2.699923   2.699634     1.9332     2.3442      7.802    -0.5511    -0.6811 1.0752e-01    -0.1530   103.8981     7.1143     7.4444    32.9097    32.9105    26.4464    26.4472    8.30210 0.0000e+00
       5652    135.892    -0.6451    -0.6495   2.699537   2.699275     1.9319     2.3426      7.800    -0.5409     0.2269 1.0752e-01    -0.1530   103.8981     7.1158     7.4455    32.9095    32.9107    26.4464    26.4476    8.30315 0.0000e+00
       5655    135.984    -0.6512    -0.6555   2.698995   2.698693     1.9307     2.3414      7.800    -0.5511     0.7401 1.0740e-01    -0.1530   103.8981     7.1181     7.4507    32.9087    32.9093    26.4460    26.4467    8.30455 0.0000e+00
       5658    136.076    -0.6646    -0.6672   2.697862   2.697634     1.9311     2.3397      7.800    -0.5511     0.7401 1.0752e-01    -0.1530   103.8981     7.1286     7.4543    32.9081    32.9078    26.4460    26.4459    8.30760 0.0000e+00
       5661    136.171    -0.6792    -0.6815   2.696694   2.696519     1.9299     2.3393      7.801    -0.5511     0.7401 1.0752e-01    -0.1530   103.8981     7.1363     7.4674    32.9081    32.9083    26.4466    26.4469    8.31085 0.0000e+00
