Datasets/AZMP/TEL210/tel210_2020_138.cnv
* Sea-Bird SBE 9 Data File:
* FileName = C:\CTDDATA\tel210_2020_138.hex
* Software Version Seasave V 7.26.7.110
* Temperature SN = 1697
* Conductivity SN = 4216
* Number of Bytes Per Scan = 30
* Number of Voltage Words = 4
* Number of Scans Averaged by the Deck Unit = 1
* NMEA baud rate = 4800
** VESSEL/TRIP/SEQ STN:  tel210_2020_138
** LATITUDE XX XX.XX: 47 34.80 N
** LONGITUDE XX XX.XX: 052 21.00 W
** SOUNDING DEPTH (M): 0167
** PROBE TYPE: S1146
** CTD NUMBER: 079
** COMMENTS (14 CHAR): S27-02
** BOTTLES:  0
** LEVELS:
** STICKERS:
** VNET: N
** DO2: N
# nquan = 22
# nvalues = 3534                        
# units = specified
# name 0 = scan: Scan Count
# name 1 = prDM: Pressure, Digiquartz [db]
# name 2 = t090C: Temperature [ITS-90, deg C]
# name 3 = t190C: Temperature, 2 [ITS-90, deg C]
# name 4 = c0S/m: Conductivity [S/m]
# name 5 = c1S/m: Conductivity, 2 [S/m]
# name 6 = sbeox0V: Oxygen raw, SBE 43 [V]
# name 7 = sbeox1V: Oxygen raw, SBE 43, 2 [V]
# name 8 = ph: pH
# name 9 = flECO-AFL: Fluorescence, WET Labs ECO-AFL/FL [mg/m^3]
# name 10 = wetCDOM: Fluorescence, WET Labs CDOM [mg/m^3]
# name 11 = par/sat/log: PAR/Logarithmic, Satlantic [umol photons/m^2/sec]
# name 12 = CStarAt0: Beam Attenuation, WET Labs C-Star [1/m]
# name 13 = CStarTr0: Beam Transmission, WET Labs C-Star [%]
# name 14 = sbeox0ML/L: Oxygen, SBE 43 [ml/l], WS = 2
# name 15 = sbeox1ML/L: Oxygen, SBE 43, 2 [ml/l], WS = 2
# name 16 = sal00: Salinity, Practical [PSU]
# name 17 = sal11: Salinity, Practical, 2 [PSU]
# name 18 = sigma-t00: Density [sigma-t, kg/m^3 ]
# name 19 = sigma-t11: Density, 2 [sigma-t, kg/m^3 ]
# name 20 = oxsatML/L: Oxygen Saturation, Weiss [ml/l]
# name 21 = flag: flag
# span 0 =         28,      11531       
# span 1 =      0.505,    164.837       
# span 2 =    -1.6429,    13.3761       
# span 3 =    -1.6486,    13.3733       
# span 4 =   2.600803,   3.752453       
# span 5 =   2.600331,   3.751948       
# span 6 =     1.7714,     2.4650       
# span 7 =     2.1112,     2.9840       
# span 8 =      7.776,      8.192       
# span 9 =     0.6664,     4.0844       
# span 10 =    -2.8130,   482.1870      
# span 11 = 1.0715e-01, 6.6135e+02      
# span 12 =    -0.1477,     0.3403      
# span 13 =    91.8436,   103.7624      
# span 14 =     6.1916,     8.7721      
# span 15 =     6.0576,     9.2166      
# span 16 =    31.3071,    33.1995      
# span 17 =    31.3156,    33.2000      
# span 18 =    23.5420,    26.6769      
# span 19 =    23.5422,    26.6777      
# span 20 =    6.01106,    8.54548      
# span 21 = 0.0000e+00, 0.0000e+00      
# interval = scans: 3                   
# start_time = Jul 30 2020 18:04:12 [System UTC, header]
# bad_flag = -9.990e-29
*END*
[from data line 1976]
       6360    144.505    -1.2072    -1.2255   2.653368   2.651594     1.9735     2.3773      7.901     0.7299     0.6217 1.0752e-01    -0.1443   103.6720     7.6127     7.8994    32.8935    32.8894    26.4528    26.4499    8.43167 0.0000e+00
       6363    144.349    -1.2115    -1.2246   2.652668   2.652442     1.9744     2.3777      7.902     0.7405     0.3453 1.0740e-01    -0.1439   103.6630     7.6149     7.8986    32.8888    32.9001    26.4491    26.4586    8.43294 0.0000e+00
       6366    144.195    -1.2162    -1.2205   2.652652   2.652151     1.9744     2.3785      7.904     0.7405     0.2269 1.0752e-01    -0.1439   103.6630     7.6154     7.9030    32.8938    32.8917    26.4533    26.4517    8.43373 0.0000e+00
       6369    144.044    -1.2142    -1.2270   2.652550   2.651152     1.9740     2.3785      7.904     0.7405     0.2664 1.0740e-01    -0.1439   103.6630     7.6142     7.9081    32.8903    32.8852    26.4504    26.4466    8.43346 0.0000e+00
       6372    143.893    -1.2217    -1.2331   2.651505   2.650888     1.9744     2.3785      7.902     0.7405     0.2664 1.0740e-01    -0.1439   103.6630     7.6172     7.9131    32.8844    32.8885    26.4458    26.4494    8.43554 0.0000e+00
       6375    143.743    -1.2300    -1.2340   2.650773   2.650831     1.9740     2.3798      7.904     0.7405     0.2269 1.0740e-01    -0.1436   103.6539     7.6163     7.9198    32.8836    32.8888    26.4454    26.4497    8.43749 0.0000e+00
       6378    143.596    -1.2357    -1.2369   2.650099   2.650277     1.9764     2.3806      7.903     0.7405     0.2269 1.0752e-01    -0.1436   103.6539     7.6292     7.9222    32.8807    32.8845    26.4433    26.4463    8.43898 0.0000e+00
       6381    143.460    -1.2396    -1.2402   2.649889   2.650155     1.9760     2.3810      7.904     0.7616     0.2664 1.0752e-01    -0.1439   103.6630     7.6294     7.9227    32.8823    32.8865    26.4446    26.4481    8.43979 0.0000e+00
       6384    143.323    -1.2419    -1.2388   2.649651   2.650355     1.9756     2.3810      7.904     0.7722     0.2664 1.0727e-01    -0.1436   103.6539     7.6267     7.9236    32.8816    32.8878    26.4442    26.4491    8.44036 0.0000e+00
       6387    143.192    -1.2434    -1.2399   2.649414   2.649736     1.9760     2.3810      7.904     0.7722     0.3059 1.0752e-01    -0.1439   103.6630     7.6253     7.9221    32.8800    32.8806    26.4429    26.4433    8.44078 0.0000e+00
       6390    143.065    -1.2450    -1.2462   2.649226   2.649023     1.9768     2.3826      7.904     0.7934     0.8980 1.0727e-01    -0.1439   103.6630     7.6297     7.9290    32.8793    32.8779    26.4423    26.4413    8.44119 0.0000e+00
       6393    142.947    -1.2449    -1.2491   2.649230   2.649037     1.9776     2.3834      7.904     0.7616     0.9770 1.0740e-01    -0.1439   103.6630     7.6307     7.9315    32.8794    32.8812    26.4425    26.4441    8.44118 0.0000e+00
       6396    142.829    -1.2428    -1.2479   2.649898   2.649187     1.9772     2.3834      7.904     0.7722     0.9770 1.0752e-01    -0.1439   103.6630     7.6234     7.9274    32.8862    32.8821    26.4479    26.4447    8.44028 0.0000e+00
       6399    142.717    -1.2327    -1.2470   2.650576   2.649373     1.9776     2.3834      7.904     0.7828     0.9770 1.0740e-01    -0.1439   103.6630     7.6194     7.9212    32.8844    32.8837    26.4461    26.4460    8.43806 0.0000e+00
       6402    142.607    -1.2352    -1.2452   2.649963   2.649389     1.9772     2.3834      7.904     0.7722     0.9770 1.0727e-01    -0.1439   103.6630     7.6133     7.9174    32.8789    32.8820    26.4418    26.4446    8.43896 0.0000e+00
       6405    142.505    -1.2365    -1.2458   2.650096   2.649338     1.9784     2.3843      7.904     0.7616     0.9770 1.0752e-01    -0.1436   103.6539     7.6217     7.9213    32.8822    32.8820    26.4445    26.4446    8.43907 0.0000e+00
       6408    142.405    -1.2332    -1.2420   2.650760   2.650237     1.9780     2.3851      7.904     0.7828     0.9770 1.0740e-01    -0.1429   103.6358     7.6198     7.9219    32.8877    32.8903    26.4488    26.4512    8.43799 0.0000e+00
       6411    142.312    -1.2298    -1.2275   2.650764   2.651752     1.9776     2.3847      7.904     0.7616     0.9770 1.0752e-01    -0.1425   103.6268     7.6168     7.9126    32.8841    32.8950    26.4458    26.4546    8.43742 0.0000e+00
       6414    142.222    -1.2238    -1.2166   2.652546   2.652583     1.9784     2.3855      7.904     0.7722     0.9770 1.0752e-01    -0.1425   103.6268     7.6192     7.9084    32.9018    32.8945    26.4600    26.4538    8.43499 0.0000e+00
       6417    142.134    -1.2095    -1.2143   2.653197   2.652625     1.9780     2.3855      7.904     0.7616     0.9770 1.0752e-01    -0.1425   103.6268     7.6173     7.9075    32.8952    32.8926    26.4542    26.4522    8.43211 0.0000e+00
       6420    142.052    -1.2058    -1.2170   2.653760   2.652442     1.9784     2.3859      7.904     0.7828     0.9770 1.0752e-01    -0.1425   103.6268     7.6202     7.9114    32.8988    32.8931    26.4570    26.4527    8.43104 0.0000e+00
       6423    141.975    -1.2034    -1.2175   2.653753   2.652446     1.9793     2.3855      7.904     0.7722     0.9770 1.0740e-01    -0.1425   103.6268     7.6242     7.9096    32.8961    32.8938    26.4548    26.4533    8.43065 0.0000e+00
       6426    141.901    -1.2015    -1.2199   2.653000   2.652302     1.9789     2.3863      7.904     0.7722     0.9770 1.0752e-01    -0.1425   103.6268     7.6194     7.9120    32.8837    32.8944    26.4447    26.4539    8.43091 0.0000e+00
       6429    141.829    -1.2078    -1.2180   2.652609   2.652669     1.9793     2.3871      7.904     0.7722     0.9770 1.0752e-01    -0.1432   103.6449     7.6207     7.9113    32.8855    32.8974    26.4462    26.4562    8.43228 0.0000e+00
       6432    141.764    -1.2165    -1.2137   2.651800   2.652940     1.9805     2.3871      7.904     0.7722     0.9770 1.0740e-01    -0.1436   103.6539     7.6302     7.9085    32.8839    32.8965    26.4453    26.4554    8.43435 0.0000e+00
       6435    141.701    -1.2241    -1.2143   2.651034   2.652616     1.9805     2.3871      7.904     0.7193     0.9770 1.0740e-01    -0.1436   103.6539     7.6288     7.9079    32.8819    32.8927    26.4439    26.4523    8.43624 0.0000e+00
       6438    141.640    -1.2340    -1.2231   2.650032   2.651385     1.9805     2.3871      7.904     0.7087     0.9770 1.0740e-01    -0.1436   103.6539     7.6290     7.9090    32.8791    32.8856    26.4419    26.4469    8.43867 0.0000e+00
       6441    141.582    -1.2377    -1.2331   2.649972   2.650424     1.9813     2.3879      7.904     0.7087     0.1874 1.0740e-01    -0.1436   103.6539     7.6314     7.9150    32.8823    32.8835    26.4446    26.4455    8.43933 0.0000e+00
       6444    141.529    -1.2370    -1.2375   2.649846   2.650114     1.9805     2.3883      7.904     0.6981    -0.4838 1.0752e-01    -0.1439   103.6630     7.6214     7.9143    32.8799    32.8842    26.4426    26.4461    8.43932 0.0000e+00
       6447    141.478    -1.2417    -1.2382   2.648893   2.650141     1.9805     2.3883      7.904     0.6981    -0.4443 1.0740e-01    -0.1436   103.6539     7.6215     7.9098    32.8720    32.8853    26.4364    26.4471    8.44085 0.0000e+00
       6450    141.429    -1.2509    -1.2370   2.648151   2.650109     1.9805     2.3887      7.904     0.7087    -0.4443 1.0752e-01    -0.1446   103.6811     7.6240     7.9092    32.8721    32.8836    26.4367    26.4456    8.44298 0.0000e+00
       6453    141.381    -1.2519    -1.2467   2.648553   2.648803     1.9805     2.3883      7.904     0.7193    -0.4443 1.0752e-01    -0.1446   103.6811     7.6240     7.9106    32.8788    32.8764    26.4421    26.4401    8.44282 0.0000e+00
       6456    141.339    -1.2493    -1.2560   2.648715   2.647803     1.9813     2.3883      7.904     0.6981    -0.4443 1.0740e-01    -0.1446   103.6811     7.6260     7.9144    32.8781    32.8730    26.4416    26.4376    8.44226 0.0000e+00
       6459    141.299    -1.2475    -1.2605   2.648679   2.647413     1.9809     2.3891      7.904     0.7193    -0.4443 1.0752e-01    -0.1446   103.6811     7.6269     7.9167    32.8756    32.8726    26.4395    26.4374    8.44198 0.0000e+00
       6462    141.258    -1.2553    -1.2623   2.647259   2.647568     1.9817     2.3891      7.904     0.7405    -0.4443 1.0740e-01    -0.1446   103.6811     7.6356     7.9168    32.8649    32.8768    26.4309    26.4408    8.44441 0.0000e+00
       6465    141.218    -1.2690    -1.2572   2.646254   2.647641     1.9809     2.3895      7.904     0.7405    -0.4443 1.0752e-01    -0.1446   103.6811     7.6363     7.9168    32.8662    32.8721    26.4324    26.4370    8.44750 0.0000e+00
       6468    141.178    -1.2722    -1.2590   2.646227   2.647172     1.9817     2.3883      7.905     0.7299    -0.0100 1.0740e-01    -0.1449   103.6901     7.6452     7.9137    32.8693    32.8677    26.4351    26.4334    8.44804 0.0000e+00
       6471    141.138    -1.2719    -1.2611   2.645972   2.647437     1.9817     2.3891      7.904     0.7299     0.1479 1.0740e-01    -0.1456   103.7082     7.6436     7.9177    32.8656    32.8737    26.4321    26.4383    8.44821 0.0000e+00
       6474    141.102    -1.2718    -1.2566   2.646414   2.648377     1.9829     2.3899      7.904     0.7299     0.1479 1.0752e-01    -0.1456   103.7082     7.6460     7.9197    32.8715    32.8816    26.4369    26.4446    8.44783 0.0000e+00
       6477    141.065    -1.2681    -1.2516   2.646367   2.648753     1.9825     2.3904      7.904     0.7299     0.1479 1.0752e-01    -0.1456   103.7082     7.6406     7.9215    32.8669    32.8813    26.4330    26.4442    8.44726 0.0000e+00
       6480    141.027    -1.2729    -1.2491   2.645983   2.648529     1.9825     2.3899      7.905     0.7299     0.1084 1.0727e-01    -0.1456   103.7082     7.6405     7.9218    32.8669    32.8755    26.4331    26.4394    8.44836 0.0000e+00
       6483    140.991    -1.2745    -1.2519   2.646390   2.648111     1.9829     2.3899      7.905     0.7299     0.1479 1.0740e-01    -0.1453   103.6992     7.6395     7.9234    32.8742    32.8729    26.4391    26.4374    8.44830 0.0000e+00
       6486    140.956    -1.2722    -1.2552   2.646274   2.647742     1.9829     2.3908      7.904     0.7299     0.1479 1.0740e-01    -0.1453   103.6992     7.6389     7.9316    32.8701    32.8715    26.4357    26.4363    8.44800 0.0000e+00
       6489    140.921    -1.2737    -1.2582   2.646205   2.647427     1.9829     2.3908      7.905     0.7299     0.1479 1.0740e-01    -0.1446   103.6811     7.6419     7.9358    32.8709    32.8705    26.4364    26.4356    8.44831 0.0000e+00
       6492    140.886    -1.2729    -1.2609   2.646216   2.647038     1.9833     2.3908      7.905     0.7299    -0.0100 1.0740e-01    -0.1449   103.6901     7.6404     7.9348    32.8701    32.8682    26.4357    26.4338    8.44816 0.0000e+00
       6495    140.852    -1.2750    -1.2637   2.645796   2.646759     1.9825     2.3908      7.905     0.7299    -0.8390 1.0740e-01    -0.1446   103.6811     7.6367     7.9320    32.8667    32.8675    26.4330    26.4333    8.44885 0.0000e+00
       6498    140.816    -1.2736    -1.2669   2.645775   2.646625     1.9829     2.3908      7.905     0.7405    -0.7996 1.0740e-01    -0.1446   103.6811     7.6377     7.9339    32.8650    32.8692    26.4316    26.4348    8.44863 0.0000e+00
       6501    140.781    -1.2765    -1.2637   2.645756   2.647344     1.9833     2.3920      7.905     0.7405    -0.7996 1.0740e-01    -0.1446   103.6811     7.6435     7.9375    32.8678    32.8755    26.4340    26.4399    8.44912 0.0000e+00
       6504    140.743    -1.2765    -1.2590   2.645710   2.647559     1.9833     2.3924      7.905     0.7405    -0.7996 1.0727e-01    -0.1449   103.6901     7.6475     7.9411    32.8672    32.8733    26.4335    26.4379    8.44915 0.0000e+00
       6507    140.703    -1.2774    -1.2571   2.645758   2.647781     1.9829     2.3920      7.905     0.7405    -0.7996 1.0740e-01    -0.1449   103.6901     7.6483     7.9387    32.8689    32.8743    26.4349    26.4387    8.44927 0.0000e+00
       6510    140.664    -1.2768    -1.2551   2.645421   2.647527     1.9842     2.3932      7.905     0.7299    -0.8391 1.0740e-01    -0.1446   103.6811     7.6568     7.9413    32.8637    32.8686    26.4307    26.4340    8.44944 0.0000e+00
       6513    140.621    -1.2756    -1.2579   2.645559   2.647338     1.9846     2.3932      7.905     0.7510    -0.7996 1.0740e-01    -0.1453   103.6992     7.6581     7.9394    32.8643    32.8692    26.4311    26.4346    8.44913 0.0000e+00
       6516    140.575    -1.2713    -1.2602   2.645782   2.646934     1.9842     2.3916      7.904     0.7616    -0.7996 1.0740e-01    -0.1449   103.6901     7.6559     7.9327    32.8626    32.8662    26.4297    26.4322    8.44824 0.0000e+00
       6519    140.527    -1.2695    -1.2660   2.645845   2.646093     1.9842     2.3932      7.904     0.7828    -0.1679 1.0752e-01    -0.1446   103.6811     7.6577     7.9381    32.8615    32.8612    26.4287    26.4282    8.44787 0.0000e+00
       6522    140.472    -1.2711    -1.2718   2.645845   2.645546     1.9842     2.3936      7.904     0.7616     0.8586 1.0752e-01    -0.1446   103.6811     7.6568     7.9370    32.8634    32.8601    26.4302    26.4275    8.44815 0.0000e+00
       6525    140.411    -1.2703    -1.2765   2.645763   2.645118     1.9850     2.3932      7.904     0.7722     0.8586 1.0752e-01    -0.1449   103.6901     7.6596     7.9353    32.8613    32.8594    26.4286    26.4272    8.44807 0.0000e+00
       6528    140.344    -1.2716    -1.2791   2.645553   2.644897     1.9858     2.3944      7.904     0.7616     0.8586 1.0727e-01    -0.1449   103.6901     7.6640     7.9412    32.8600    32.8593    26.4275    26.4271    8.44846 0.0000e+00
       6531    140.279    -1.2724    -1.2806   2.645458   2.644698     1.9854     2.3944      7.905     0.7722     0.8586 1.0715e-01    -0.1456   103.7082     7.6626     7.9414    32.8596    32.8582    26.4272    26.4263    8.44866 0.0000e+00
       6534    140.207    -1.2732    -1.2821   2.645257   2.644419     1.9850     2.3932      7.905     0.7828     0.8586 1.0752e-01    -0.1456   103.7082     7.6585     7.9369    32.8578    32.8561    26.4257    26.4246    8.44895 0.0000e+00
       6537    140.125    -1.2745    -1.2837   2.645066   2.644200     1.9850     2.3936      7.905     0.7722     0.8586 1.0752e-01    -0.1456   103.7082     7.6582     7.9421    32.8567    32.8549    26.4249    26.4237    8.44932 0.0000e+00
       6540    140.039    -1.2775    -1.2857   2.644511   2.643883     1.9858     2.3944      7.905     0.7510     0.8191 1.0752e-01    -0.1456   103.7082     7.6660     7.9449    32.8524    32.8529    26.4215    26.4221    8.45026 0.0000e+00
       6543    139.946    -1.2815    -1.2899   2.644143   2.643360     1.9862     2.3936      7.905     0.7299     0.8586 1.0715e-01    -0.1456   103.7082     7.6686     7.9396    32.8518    32.8503    26.4212    26.4202    8.45122 0.0000e+00
       6546    139.848    -1.2856    -1.2911   2.643409   2.643550     1.9858     2.3944      7.905     0.7405     1.1744 1.0740e-01    -0.1456   103.7082     7.6659     7.9426    32.8463    32.8543    26.4168    26.4234    8.45248 0.0000e+00
       6549    139.746    -1.2909    -1.2875   2.643009   2.644380     1.9866     2.3957      7.905     0.7405     1.3323 1.0752e-01    -0.1456   103.7082     7.6698     7.9476    32.8467    32.8618    26.4173    26.4294    8.45368 0.0000e+00
       6552    139.637    -1.2926    -1.2820   2.642962   2.645048     1.9862     2.3944      7.905     0.7299     1.2928 1.0752e-01    -0.1456   103.7082     7.6699     7.9449    32.8480    32.8649    26.4184    26.4318    8.45400 0.0000e+00
