Datasets/AZMP/TEL210/tel210_2020_029.cnv
* Sea-Bird SBE 9 Data File:
* FileName = C:\CTDDATA\tel210_2020_029.hex
* Software Version Seasave V 7.26.7.110
* Temperature SN = 1697
* Conductivity SN = 4216
* Number of Bytes Per Scan = 30
* Number of Voltage Words = 4
* Number of Scans Averaged by the Deck Unit = 1
* NMEA baud rate = 4800
** VESSEL/TRIP/SEQ STN:  tel210_2020_029
** LATITUDE XX XX.XX: 47 00.00 N
** LONGITUDE XX XX.XX: 044 34.70 W
** SOUNDING DEPTH (M): 0133
** PROBE TYPE: S1146
** CTD NUMBER: 028
** COMMENTS (14 CHAR): FC-27
** BOTTLES:  0
** LEVELS:
** STICKERS:
** VNET: N
** DO2: N
# nquan = 22
# nvalues = 2777                        
# units = specified
# name 0 = scan: Scan Count
# name 1 = prDM: Pressure, Digiquartz [db]
# name 2 = t090C: Temperature [ITS-90, deg C]
# name 3 = t190C: Temperature, 2 [ITS-90, deg C]
# name 4 = c0S/m: Conductivity [S/m]
# name 5 = c1S/m: Conductivity, 2 [S/m]
# name 6 = sbeox0V: Oxygen raw, SBE 43 [V]
# name 7 = sbeox1V: Oxygen raw, SBE 43, 2 [V]
# name 8 = ph: pH
# name 9 = flECO-AFL: Fluorescence, WET Labs ECO-AFL/FL [mg/m^3]
# name 10 = wetCDOM: Fluorescence, WET Labs CDOM [mg/m^3]
# name 11 = par/sat/log: PAR/Logarithmic, Satlantic [umol photons/m^2/sec]
# name 12 = CStarAt0: Beam Attenuation, WET Labs C-Star [1/m]
# name 13 = CStarTr0: Beam Transmission, WET Labs C-Star [%]
# name 14 = sbeox0ML/L: Oxygen, SBE 43 [ml/l], WS = 2
# name 15 = sbeox1ML/L: Oxygen, SBE 43, 2 [ml/l], WS = 2
# name 16 = sal00: Salinity, Practical [PSU]
# name 17 = sal11: Salinity, Practical, 2 [PSU]
# name 18 = sigma-t00: Density [sigma-t, kg/m^3 ]
# name 19 = sigma-t11: Density, 2 [sigma-t, kg/m^3 ]
# name 20 = oxsatML/L: Oxygen Saturation, Weiss [ml/l]
# name 21 = flag: flag
# span 0 =          9,      10780       
# span 1 =      2.350,    134.541       
# span 2 =     3.7337,    11.4737       
# span 3 =     3.7288,    11.4802       
# span 4 =   3.189036,   3.744655       
# span 5 =   3.188448,   3.744974       
# span 6 =     1.9271,     2.4251       
# span 7 =     2.3272,     2.9645       
# span 8 =      7.934,      8.217       
# span 9 =    -0.6019,     5.8083       
# span 10 =    -2.8130,   482.1870      
# span 11 = 1.0678e-01, 3.2478e-01      
# span 12 =    -0.1141,     0.1245      
# span 13 =    96.9349,   102.8943      
# span 14 =     6.2401,     7.8785      
# span 15 =     6.3694,     8.3329      
# span 16 =    32.9723,    34.4393      
# span 17 =    32.9750,    34.4382      
# span 18 =    25.1176,    27.3672      
# span 19 =    25.1133,    27.3665      
# span 20 =    6.19761,    7.33889      
# span 21 = 0.0000e+00, 0.0000e+00      
# interval = scans: 3                   
# start_time = Jul 18 2020 06:05:06 [System UTC, header]
# bad_flag = -9.990e-29
*END*
[from data line 1054]
       3839    102.520     3.7344     3.7292   3.189439   3.188867     1.9437     2.3466      7.946    -0.5918     6.4251 1.0715e-01    -0.0866   102.1889     6.2769     6.5618    34.4386    34.4373    27.3667    27.3661    7.33871 0.0000e+00
       3842    102.580     3.7343     3.7292   3.189451   3.188818     1.9429     2.3466      7.946    -0.5816     6.4251 1.0715e-01    -0.0866   102.1889     6.2725     6.5625    34.4389    34.4366    27.3668    27.3656    7.33871 0.0000e+00
       3845    102.626     3.7348     3.7293   3.189463   3.188832     1.9437     2.3466      7.947    -0.5816     6.4251 1.0727e-01    -0.0866   102.1889     6.2757     6.5636    34.4384    34.4367    27.3664    27.3656    7.33864 0.0000e+00
       3848    102.662     3.7353     3.7293   3.189542   3.188871     1.9437     2.3458      7.946    -0.6019     6.4251 1.0715e-01    -0.0866   102.1889     6.2777     6.5612    34.4388    34.4371    27.3667    27.3660    7.33854 0.0000e+00
       3872    102.687     3.7368     3.7310   3.189648   3.188982     1.9429     2.3454      7.945    -0.5714     5.6355 1.0727e-01    -0.0870   102.1980     6.2750     6.5581    34.4385    34.4367    27.3663    27.3654    7.33829 0.0000e+00
       3917    102.744     3.7389     3.7321   3.189780   3.189039     1.9413     2.3446      7.945    -0.5816     4.0564 1.0715e-01    -0.0880   102.2251     6.2682     6.5514    34.4378    34.4361    27.3655    27.3649    7.33793 0.0000e+00
       3920    102.828     3.7380     3.7312   3.189705   3.189022     1.9413     2.3442      7.945    -0.5511     4.0564 1.0715e-01    -0.0880   102.2251     6.2670     6.5509    34.4379    34.4368    27.3656    27.3655    7.33810 0.0000e+00
       3923    102.931     3.7365     3.7306   3.189581   3.188994     1.9413     2.3442      7.945    -0.5511     4.0564 1.0715e-01    -0.0877   102.2161     6.2665     6.5513    34.4379    34.4371    27.3659    27.3658    7.33837 0.0000e+00
       3926    103.043     3.7353     3.7306   3.189520   3.188991     1.9409     2.3442      7.946    -0.5511     4.0564 1.0715e-01    -0.0880   102.2251     6.2649     6.5521    34.4384    34.4370    27.3664    27.3657    7.33856 0.0000e+00
       3929    103.162     3.7350     3.7307   3.189535   3.189010     1.9401     2.3442      7.946    -0.5613     3.1484 1.0715e-01    -0.0884   102.2342     6.2624     6.5540    34.4388    34.4370    27.3668    27.3657    7.33859 0.0000e+00
       3932    103.291     3.7355     3.7306   3.189570   3.189051     1.9392     2.3442      7.945    -0.5511     2.1219 1.0715e-01    -0.0877   102.2161     6.2595     6.5564    34.4386    34.4376    27.3666    27.3662    7.33851 0.0000e+00
       3935    103.434     3.7356     3.7306   3.189591   3.189007     1.9405     2.3442      7.945    -0.5511     2.1614 1.0727e-01    -0.0877   102.2161     6.2657     6.5571    34.4386    34.4369    27.3665    27.3657    7.33848 0.0000e+00
       3938    103.582     3.7351     3.7301   3.189526   3.188941     1.9405     2.3442      7.946    -0.5511     2.1614 1.0715e-01    -0.0880   102.2251     6.2655     6.5552    34.4384    34.4366    27.3664    27.3655    7.33860 0.0000e+00
       3941    103.734     3.7346     3.7296   3.189521   3.188957     1.9405     2.3442      7.946    -0.5409     2.1614 1.0715e-01    -0.0880   102.2251     6.2666     6.5526    34.4388    34.4373    27.3667    27.3660    7.33867 0.0000e+00
       3944    103.892     3.7345     3.7294   3.189536   3.188940     1.9401     2.3442      7.946    -0.5511     2.1614 1.0715e-01    -0.0884   102.2342     6.2654     6.5501    34.4390    34.4372    27.3669    27.3660    7.33868 0.0000e+00
       3947    104.057     3.7345     3.7295   3.189532   3.188929     1.9397     2.3438      7.946    -0.5308     2.1614 1.0715e-01    -0.0877   102.2161     6.2654     6.5471    34.4388    34.4369    27.3668    27.3657    7.33868 0.0000e+00
       3950    104.227     3.7344     3.7294   3.189536   3.188954     1.9397     2.3438      7.946    -0.5511     2.1614 1.0715e-01    -0.0877   102.2161     6.2689     6.5464    34.4388    34.4371    27.3668    27.3660    7.33869 0.0000e+00
       3953    104.396     3.7347     3.7295   3.189563   3.188962     1.9401     2.3442      7.946    -0.5511     2.1614 1.0727e-01    -0.0880   102.2251     6.2727     6.5483    34.4387    34.4370    27.3667    27.3659    7.33864 0.0000e+00
       3956    104.566     3.7346     3.7295   3.189581   3.188939     1.9401     2.3442      7.946    -0.5511    -0.0495 1.0727e-01    -0.0866   102.1889     6.2687     6.5491    34.4390    34.4367    27.3669    27.3656    7.33865 0.0000e+00
       3959    104.736     3.7346     3.7298   3.189588   3.188998     1.9397     2.3430      7.946    -0.5511    -0.6022 1.0715e-01    -0.0866   102.1889     6.2646     6.5459    34.4389    34.4369    27.3669    27.3657    7.33865 0.0000e+00
       3962    104.902     3.7348     3.7296   3.189590   3.189021     1.9401     2.3426      7.946    -0.5409    -0.5627 1.0727e-01    -0.0866   102.1889     6.2684     6.5453    34.4387    34.4373    27.3667    27.3661    7.33863 0.0000e+00
       3965    105.062     3.7345     3.7294   3.189600   3.188993     1.9397     2.3422      7.946    -0.5613    -0.5627 1.0715e-01    -0.0866   102.1889     6.2692     6.5480    34.4390    34.4372    27.3670    27.3660    7.33867 0.0000e+00
       3968    105.222     3.7345     3.7293   3.189587   3.189002     1.9392     2.3422      7.946    -0.5511    -0.5627 1.0740e-01    -0.0866   102.1889     6.2681     6.5505    34.4388    34.4373    27.3668    27.3661    7.33868 0.0000e+00
       3971    105.379     3.7344     3.7295   3.189572   3.189024     1.9397     2.3422      7.946    -0.5613    -0.5627 1.0715e-01    -0.0866   102.1889     6.2696     6.5520    34.4387    34.4373    27.3667    27.3660    7.33871 0.0000e+00
       3974    105.525     3.7343     3.7294   3.189601   3.188991     1.9401     2.3430      7.946    -0.5409    -0.5627 1.0715e-01    -0.0866   102.1889     6.2678     6.5565    34.4390    34.4369    27.3669    27.3658    7.33870 0.0000e+00
       3977    105.664     3.7345     3.7294   3.189610   3.188996     1.9392     2.3430      7.946    -0.5511    -0.5627 1.0715e-01    -0.0866   102.1889     6.2647     6.5583    34.4389    34.4368    27.3668    27.3657    7.33868 0.0000e+00
       3980    105.790     3.7342     3.7293   3.189600   3.189036     1.9388     2.3430      7.946    -0.5511    -0.2863 1.0715e-01    -0.0866   102.1889     6.2644     6.5586    34.4389    34.4374    27.3669    27.3662    7.33872 0.0000e+00
       3983    105.910     3.7344     3.7294   3.189605   3.189031     1.9392     2.3430      7.946    -0.5511     2.3193 1.0715e-01    -0.0866   102.1889     6.2666     6.5586    34.4388    34.4372    27.3668    27.3660    7.33871 0.0000e+00
       3986    106.021     3.7345     3.7294   3.189604   3.189015     1.9401     2.3430      7.946    -0.5409     2.3982 1.0727e-01    -0.0870   102.1980     6.2709     6.5574    34.4386    34.4369    27.3666    27.3657    7.33869 0.0000e+00
       3989    106.114     3.7343     3.7294   3.189600   3.189053     1.9392     2.3442      7.946    -0.5409     2.3982 1.0715e-01    -0.0870   102.1980     6.2682     6.5607    34.4387    34.4374    27.3667    27.3661    7.33872 0.0000e+00
       3992    106.191     3.7346     3.7293   3.189632   3.189047     1.9397     2.3430      7.946    -0.5308     2.3982 1.0715e-01    -0.0866   102.1889     6.2696     6.5544    34.4387    34.4373    27.3667    27.3661    7.33867 0.0000e+00
       3995    106.257     3.7347     3.7297   3.189624   3.189033     1.9384     2.3430      7.946    -0.5409     2.3982 1.0715e-01    -0.0863   102.1799     6.2632     6.5525    34.4385    34.4367    27.3664    27.3656    7.33866 0.0000e+00
       3998    106.312     3.7346     3.7296   3.189643   3.189064     1.9388     2.3434      7.946    -0.5613     2.3982 1.0727e-01    -0.0856   102.1618     6.2673     6.5513    34.4388    34.4372    27.3667    27.3660    7.33867 0.0000e+00
       4001    106.354     3.7345     3.7296   3.189657   3.189070     1.9392     2.3422      7.946    -0.5918     2.3982 1.0727e-01    -0.0856   102.1618     6.2705     6.5487    34.4390    34.4371    27.3669    27.3659    7.33867 0.0000e+00
       4004    106.388     3.7359     3.7295   3.189727   3.189011     1.9392     2.3418      7.945    -0.5816     2.3982 1.0715e-01    -0.0852   102.1528     6.2703     6.5487    34.4384    34.4365    27.3663    27.3654    7.33845 0.0000e+00
       4007    106.414     3.7365     3.7299   3.189801   3.189101     1.9388     2.3418      7.945    -0.5714     2.3193 1.0715e-01    -0.0852   102.1528     6.2672     6.5459    34.4386    34.4372    27.3664    27.3659    7.33833 0.0000e+00
       4050    106.472     3.7354     3.7305   3.189724   3.189084     1.9392     2.3405      7.945    -0.5816     2.3982 1.0715e-01    -0.0884   102.2342     6.2699     6.5358    34.4388    34.4364    27.3667    27.3652    7.33852 0.0000e+00
       4053    106.499     3.7359     3.7302   3.189734   3.189115     1.9392     2.3405      7.944    -0.5714     2.3982 1.0715e-01    -0.0880   102.2251     6.2700     6.5396    34.4384    34.4370    27.3663    27.3657    7.33844 0.0000e+00
       4056    106.536     3.7353     3.7300   3.189703   3.189122     1.9388     2.3405      7.946    -0.5714     2.3982 1.0727e-01    -0.0877   102.2161     6.2676     6.5387    34.4386    34.4373    27.3666    27.3660    7.33854 0.0000e+00
       4059    106.579     3.7355     3.7300   3.189703   3.189074     1.9380     2.3405      7.945    -0.5816     1.9245 1.0715e-01    -0.0887   102.2432     6.2623     6.5386    34.4384    34.4367    27.3663    27.3655    7.33851 0.0000e+00
       4062    106.633     3.7351     3.7301   3.189690   3.189110     1.9388     2.3405      7.946    -0.5816     0.0690 1.0715e-01    -0.0880   102.2251     6.2643     6.5397    34.4386    34.4369    27.3666    27.3657    7.33858 0.0000e+00
       4065    106.700     3.7353     3.7302   3.189689   3.189125     1.9388     2.3397      7.946    -0.6019     0.1479 1.0715e-01    -0.0877   102.2161     6.2618     6.5395    34.4384    34.4371    27.3664    27.3658    7.33856 0.0000e+00
       4068    106.783     3.7353     3.7300   3.189710   3.189113     1.9392     2.3393      7.946    -0.6019     0.1479 1.0727e-01    -0.0884   102.2342     6.2629     6.5366    34.4386    34.4370    27.3665    27.3658    7.33854 0.0000e+00
       4071    106.879     3.7352     3.7300   3.189689   3.189113     1.9384     2.3397      7.946    -0.5918     0.1084 1.0727e-01    -0.0880   102.2251     6.2571     6.5385    34.4384    34.4370    27.3664    27.3658    7.33858 0.0000e+00
       4074    106.985     3.7347     3.7299   3.189684   3.189141     1.9380     2.3405      7.946    -0.5714     0.1479 1.0715e-01    -0.0880   102.2251     6.2524     6.5430    34.4387    34.4373    27.3667    27.3661    7.33864 0.0000e+00
       4077    107.100     3.7348     3.7298   3.189673   3.189136     1.9380     2.3397      7.946    -0.5816     0.1479 1.0715e-01    -0.0863   102.1799     6.2545     6.5405    34.4385    34.4373    27.3665    27.3661    7.33863 0.0000e+00
       4080    107.227     3.7350     3.7300   3.189674   3.189127     1.9384     2.3401      7.946    -0.5816     0.1479 1.0715e-01    -0.0856   102.1618     6.2560     6.5417    34.4382    34.4370    27.3663    27.3658    7.33862 0.0000e+00
       4083    107.361     3.7346     3.7299   3.189706   3.189158     1.9376     2.3393      7.946    -0.5918     0.1479 1.0715e-01    -0.0859   102.1708     6.2527     6.5400    34.4390    34.4374    27.3669    27.3661    7.33865 0.0000e+00
       4086    107.502     3.7348     3.7300   3.189710   3.189108     1.9376     2.3401      7.946    -0.5816    -0.3258 1.0715e-01    -0.0856   102.1618     6.2530     6.5458    34.4387    34.4366    27.3666    27.3655    7.33863 0.0000e+00
       4089    107.652     3.7350     3.7299   3.189722   3.189142     1.9368     2.3397      7.946    -0.5816    -0.8785 1.0727e-01    -0.0856   102.1618     6.2520     6.5481    34.4386    34.4370    27.3665    27.3658    7.33860 0.0000e+00
       4092    107.808     3.7347     3.7300   3.189721   3.189200     1.9380     2.3385      7.946    -0.5816    -0.7996 1.0715e-01    -0.0859   102.1708     6.2600     6.5436    34.4388    34.4375    27.3667    27.3662    7.33864 0.0000e+00
       4095    107.968     3.7350     3.7298   3.189747   3.189165     1.9368     2.3397      7.946    -0.5816    -0.7996 1.0715e-01    -0.0859   102.1708     6.2572     6.5469    34.4387    34.4373    27.3667    27.3660    7.33859 0.0000e+00
       4098    108.134     3.7348     3.7299   3.189754   3.189151     1.9372     2.3393      7.946    -0.5714    -0.8391 1.0740e-01    -0.0870   102.1980     6.2578     6.5464    34.4389    34.4369    27.3668    27.3657    7.33862 0.0000e+00
       4101    108.301     3.7352     3.7300   3.189766   3.189211     1.9376     2.3393      7.946    -0.5816    -0.7996 1.0715e-01    -0.0877   102.2161     6.2598     6.5476    34.4386    34.4374    27.3665    27.3661    7.33857 0.0000e+00
       4104    108.468     3.7350     3.7301   3.189776   3.189209     1.9368     2.3389      7.946    -0.5511    -0.7996 1.0715e-01    -0.0870   102.1980     6.2573     6.5467    34.4387    34.4371    27.3667    27.3659    7.33859 0.0000e+00
       4107    108.638     3.7350     3.7300   3.189805   3.189180     1.9372     2.3393      7.946    -0.5511    -0.7996 1.0715e-01    -0.0873   102.2070     6.2611     6.5503    34.4390    34.4368    27.3668    27.3656    7.33858 0.0000e+00
       4110    108.811     3.7350     3.7300   3.189800   3.189214     1.9376     2.3405      7.946    -0.5511    -0.7996 1.0727e-01    -0.0877   102.2161     6.2650     6.5546    34.4388    34.4372    27.3667    27.3659    7.33858 0.0000e+00
       4113    108.978     3.7348     3.7299   3.189788   3.189216     1.9376     2.3405      7.946    -0.5511     1.9640 1.0727e-01    -0.0873   102.2070     6.2671     6.5581    34.4388    34.4372    27.3667    27.3659    7.33862 0.0000e+00
       4116    109.137     3.7348     3.7301   3.189790   3.189206     1.9376     2.3393      7.946    -0.5613     2.7930 1.0727e-01    -0.0873   102.2070     6.2687     6.5529    34.4387    34.4368    27.3667    27.3656    7.33862 0.0000e+00
       4119    109.286     3.7346     3.7298   3.189798   3.189250     1.9364     2.3397      7.944    -0.5613     2.7535 1.0715e-01    -0.0880   102.2251     6.2646     6.5523    34.4390    34.4375    27.3669    27.3662    7.33865 0.0000e+00
       4122    109.427     3.7346     3.7297   3.189763   3.189187     1.9364     2.3393      7.946    -0.5409     2.7535 1.0727e-01    -0.0880   102.2251     6.2638     6.5501    34.4385    34.4368    27.3665    27.3657    7.33868 0.0000e+00
       4125    109.557     3.7345     3.7296   3.189773   3.189189     1.9368     2.3393      7.946    -0.5511     2.7535 1.0715e-01    -0.0877   102.2161     6.2647     6.5491    34.4386    34.4369    27.3666    27.3657    7.33868 0.0000e+00
       4128    109.672     3.7347     3.7297   3.189783   3.189231     1.9364     2.3401      7.946    -0.5613     2.7535 1.0727e-01    -0.0880   102.2251     6.2628     6.5509    34.4385    34.4372    27.3665    27.3659    7.33866 0.0000e+00
       4131    109.772     3.7350     3.7297   3.189800   3.189234     1.9372     2.3397      7.944    -0.5816     2.7535 1.0727e-01    -0.0880   102.2251     6.2666     6.5481    34.4384    34.4372    27.3664    27.3660    7.33861 0.0000e+00
       4134    109.857     3.7347     3.7295   3.189797   3.189181     1.9380     2.3401      7.943    -0.5714     2.7535 1.0727e-01    -0.0880   102.2251     6.2715     6.5492    34.4385    34.4368    27.3666    27.3656    7.33865 0.0000e+00
