Datasets/AZMP/TEL210/tel210_2020_139.cnv
* Sea-Bird SBE 9 Data File:
* FileName = C:\CTDDATA\tel210_2020_139.hex
* Software Version Seasave V 7.26.7.110
* Temperature SN = 1697
* Conductivity SN = 4216
* Number of Bytes Per Scan = 30
* Number of Voltage Words = 4
* Number of Scans Averaged by the Deck Unit = 1
* NMEA baud rate = 4800
** VESSEL/TRIP/SEQ STN:  tel210_2020_139
** LATITUDE XX XX.XX: 47 37.80 N
** LONGITUDE XX XX.XX: 052 07.20 W
** SOUNDING DEPTH (M): 0170
** PROBE TYPE: S1146
** CTD NUMBER: 080
** COMMENTS (14 CHAR): S27-03
** BOTTLES:  10
** LEVELS: 5,10,20,30,40,50,75,100,150,btm
** STICKERS: 436358 - 436367
** VNET: Y
** DO2: N
# nquan = 22
# nvalues = 4363                        
# units = specified
# name 0 = scan: Scan Count
# name 1 = prDM: Pressure, Digiquartz [db]
# name 2 = t090C: Temperature [ITS-90, deg C]
# name 3 = t190C: Temperature, 2 [ITS-90, deg C]
# name 4 = c0S/m: Conductivity [S/m]
# name 5 = c1S/m: Conductivity, 2 [S/m]
# name 6 = sbeox0V: Oxygen raw, SBE 43 [V]
# name 7 = sbeox1V: Oxygen raw, SBE 43, 2 [V]
# name 8 = ph: pH
# name 9 = flECO-AFL: Fluorescence, WET Labs ECO-AFL/FL [mg/m^3]
# name 10 = wetCDOM: Fluorescence, WET Labs CDOM [mg/m^3]
# name 11 = par/sat/log: PAR/Logarithmic, Satlantic [umol photons/m^2/sec]
# name 12 = CStarAt0: Beam Attenuation, WET Labs C-Star [1/m]
# name 13 = CStarTr0: Beam Transmission, WET Labs C-Star [%]
# name 14 = sbeox0ML/L: Oxygen, SBE 43 [ml/l], WS = 2
# name 15 = sbeox1ML/L: Oxygen, SBE 43, 2 [ml/l], WS = 2
# name 16 = sal00: Salinity, Practical [PSU]
# name 17 = sal11: Salinity, Practical, 2 [PSU]
# name 18 = sigma-t00: Density [sigma-t, kg/m^3 ]
# name 19 = sigma-t11: Density, 2 [sigma-t, kg/m^3 ]
# name 20 = oxsatML/L: Oxygen Saturation, Weiss [ml/l]
# name 21 = flag: flag
# span 0 =         45,      41469       
# span 1 =      0.581,    169.117       
# span 2 =    -1.5336,    13.3548       
# span 3 =    -1.5393,    13.3516       
# span 4 =   2.607382,   3.755960       
# span 5 =   2.606858,   3.755368       
# span 6 =     1.8134,     2.4902       
# span 7 =     2.1732,     3.0190       
# span 8 =      7.816,      8.232       
# span 9 =     0.6346,     7.2802       
# span 10 =    -2.8130,   482.1870      
# span 11 = 1.0715e-01, 2.1203e+02      
# span 12 =    -0.1481,     0.5257      
# span 13 =    87.6837,   103.7715      
# span 14 =     6.0677,     9.0689      
# span 15 =     6.0770,     9.4497      
# span 16 =    31.3812,    33.3015      
# span 17 =    31.3364,    33.3025      
# span 18 =    23.5934,    26.7518      
# span 19 =    23.5921,    26.7531      
# span 20 =    6.01186,    8.51943      
# span 21 = 0.0000e+00, 0.0000e+00      
# interval = scans: 3                   
# start_time = Jul 30 2020 20:17:03 [System UTC, header]
# bad_flag = -9.990e-29
*END*
[from data line 3359]
      21760     55.634    -0.7707    -0.8100   2.655534   2.652658     2.1189     2.5562      7.985     1.1108     1.6876 4.1880e-01    -0.1208   103.0661     8.1815     8.4776    32.5015    32.5051    26.1208    26.1252    8.35474 0.0000e+00
      21763     55.593    -0.7607    -0.8086   2.656679   2.652788     2.1197     2.5566      7.985     1.1108     2.1219 4.1927e-01    -0.1215   103.0842     8.1808     8.4859    32.5062    32.5054    26.1243    26.1253    8.35222 0.0000e+00
      21766     55.550    -0.7451    -0.8056   2.657967   2.653074     2.1201     2.5566      7.988     1.1214     2.6351 4.2073e-01    -0.1028   102.6049     8.1773     8.4889    32.5067    32.5060    26.1241    26.1257    8.34866 0.0000e+00
      21769     55.507    -0.7321    -0.8006   2.658405   2.653305     2.1213     2.5582      7.990     1.1108     2.6351 4.2514e-01    -0.0123   100.3080     8.1801     8.4970    32.4986    32.5038    26.1172    26.1238    8.34618 0.0000e+00
      21772     55.459    -0.7307    -0.7995   2.657778   2.653271     2.1205     2.5594      7.990     1.1002     2.6351 4.2465e-01    -0.0127   100.3170     8.1751     8.5068    32.4888    32.5022    26.1091    26.1224    8.34645 0.0000e+00
      21775     55.407    -0.7291    -0.8010   2.659203   2.653187     2.1213     2.5598      7.990     1.1002     2.6351 4.3058e-01    -0.0127   100.3170     8.1774     8.5104    32.5062    32.5027    26.1232    26.1229    8.34508 0.0000e+00
      21778     55.354    -0.7149    -0.8027   2.660583   2.652626     2.1222     2.5602      7.990     1.0791     2.6351 4.2809e-01    -0.0127   100.3170     8.1780     8.5148    32.5095    32.4970    26.1253    26.1183    8.34168 0.0000e+00
      21781     55.298    -0.6972    -0.8103   2.661661   2.652557     2.1234     2.5610      7.990     1.0897     2.6351 4.3106e-01    -0.0127   100.3170     8.1812     8.5216    32.5050    32.5042    26.1210    26.1245    8.33796 0.0000e+00
      21784     55.238    -0.6884    -0.8009   2.662142   2.653712     2.1226     2.5623      7.990     1.0685     2.6351 4.3007e-01    -0.0127   100.3170     8.1764     8.5278    32.5021    32.5098    26.1183    26.1286    8.33615 0.0000e+00
      21787     55.177    -0.6888    -0.7818   2.662140   2.655622     2.1234     2.5635      7.992     1.0685     2.6351 4.3861e-01    -0.0569   101.4384     8.1810     8.5283    32.5025    32.5149    26.1187    26.1321    8.33621 0.0000e+00
      21790     55.111    -0.6713    -0.7446   2.664536   2.658428     2.1238     2.5635      7.993     1.0791     2.6351 4.3914e-01    -0.1226   103.1113     8.1776     8.5181    32.5158    32.5126    26.1289    26.1289    8.33150 0.0000e+00
      21793     55.043    -0.6421    -0.7240   2.666615   2.660234     2.1246     2.5651      7.995     1.0791     2.6351 4.4473e-01    -0.1194   103.0299     8.1732     8.5151    32.5125    32.5148    26.1250    26.1300    8.32514 0.0000e+00
      21796     54.973    -0.6179    -0.7065   2.668283   2.661851     2.1246     2.5663      7.995     1.0897     2.6351 4.4680e-01    -0.1198   103.0390     8.1697     8.5138    32.5088    32.5177    26.1212    26.1316    8.31990 0.0000e+00
      21799     54.903    -0.6093    -0.6842   2.668200   2.663211     2.1250     2.5659      7.995     1.0897     2.6351 4.4217e-01    -0.1198   103.0390     8.1676     8.5103    32.4985    32.5121    26.1126    26.1263    8.31856 0.0000e+00
      21802     54.828    -0.6017    -0.6736   2.669400   2.664140     2.1254     2.5671      7.995     1.1002     2.6351 4.4990e-01    -0.1198   103.0390     8.1659     8.5130    32.5064    32.5131    26.1186    26.1268    8.31639 0.0000e+00
      21805     54.755    -0.5774    -0.6497   2.672040   2.666468     2.1266     2.5688      7.996     1.1002     2.6351 4.5307e-01    -0.1198   103.0390     8.1671     8.5128    32.5158    32.5187    26.1253    26.1304    8.31042 0.0000e+00
      21808     54.684    -0.5548    -0.6309   2.672912   2.667084     2.1271     2.5692      7.996     1.1214     2.6351 4.5462e-01    -0.1201   103.0480     8.1662     8.5100    32.5032    32.5069    26.1143    26.1201    8.30607 0.0000e+00
      21811     54.609    -0.5449    -0.6237   2.674136   2.667585     2.1279     2.5696      7.999     1.1108     2.6351 4.5619e-01    -0.1212   103.0752     8.1665     8.5114    32.5090    32.5059    26.1185    26.1190    8.30351 0.0000e+00
      21814     54.531    -0.5343    -0.6187   2.674380   2.667986     2.1275     2.5708      7.999     1.1214     2.5561 4.5464e-01    -0.1208   103.0661     8.1643     8.5140    32.5009    32.5060    26.1116    26.1189    8.30161 0.0000e+00
      21817     54.455    -0.5417    -0.6087   2.673234   2.670038     2.1279     2.5704      7.999     1.1002     1.6876 4.5990e-01    -0.1208   103.0661     8.1682     8.5068    32.4936    32.5228    26.1060    26.1321    8.30369 0.0000e+00
      21820     54.375    -0.5361    -0.5804   2.675340   2.673044     2.1291     2.5720      7.999     1.1108     1.6876 4.7012e-01    -0.1208   103.0661     8.1714     8.5052    32.5158    32.5327    26.1237    26.1391    8.30117 0.0000e+00
      21823     54.297    -0.5145    -0.5441   2.676645   2.675289     2.1291     2.5741      8.001     1.1108     1.6876 4.7011e-01    -0.1205   103.0571     8.1669     8.5004    32.5101    32.5238    26.1183    26.1305    8.29666 0.0000e+00
      21826     54.221    -0.5061    -0.5276   2.676804   2.675538     2.1295     2.5741      8.001     1.1002     1.6876 4.7780e-01    -0.1208   103.0661     8.1651     8.4909    32.5033    32.5094    26.1124    26.1182    8.29518 0.0000e+00
      21829     54.147    -0.5114    -0.5201   2.675886   2.676568     2.1303     2.5753      8.004     1.0367     1.6876 4.7669e-01    -0.1201   103.0480     8.1690     8.4885    32.4967    32.5152    26.1073    26.1226    8.29673 0.0000e+00
      21832     54.071    -0.5208    -0.5081   2.675336   2.676968     2.1307     2.5765      8.004     0.9732     1.6876 4.7339e-01    -0.1205   103.0571     8.1736     8.4861    32.4995    32.5077    26.1100    26.1161    8.29867 0.0000e+00
      21835     53.997    -0.5208    -0.5033   2.675793   2.677061     2.1315     2.5765      8.004     0.9838     1.6876 4.7175e-01    -0.1205   103.0571     8.1762     8.4801    32.5056    32.5038    26.1149    26.1127    8.29832 0.0000e+00
      21838     53.927    -0.5144    -0.4993   2.676205   2.677138     2.1319     2.5773      8.006     0.9838     1.6876 4.7505e-01    -0.1205   103.0571     8.1751     8.4779    32.5044    32.5006    26.1136    26.1100    8.29697 0.0000e+00
      21841     53.858    -0.5101    -0.5011   2.676452   2.676766     2.1319     2.5781      8.004     0.9944     1.5297 4.8334e-01    -0.1205   103.0571     8.1707     8.4765    32.5030    32.4976    26.1124    26.1077    8.29608 0.0000e+00
      21844     53.790    -0.5075    -0.5038   2.676442   2.676640     2.1332     2.5781      8.004     0.9838     1.3323 4.8558e-01    -0.1205   103.0571     8.1750     8.4676    32.5002    32.4989    26.1100    26.1088    8.29566 0.0000e+00
      21847     53.723    -0.5109    -0.5053   2.676069   2.676453     2.1336     2.5781      8.004     0.9732     1.3323 4.8502e-01    -0.1205   103.0571     8.1786     8.4634    32.4989    32.4980    26.1091    26.1081    8.29650 0.0000e+00
      21850     53.657    -0.5105    -0.5061   2.676270   2.676193     2.1336     2.5790      8.004     0.9838     1.3323 4.9522e-01    -0.1205   103.0571     8.1792     8.4650    32.5012    32.4955    26.1109    26.1061    8.29627 0.0000e+00
      21853     53.596    -0.5067    -0.5080   2.676347   2.675949     2.1340     2.5794      8.006     0.9732     1.3323 4.9179e-01    -0.1208   103.0661     8.1782     8.4647    32.4982    32.4943    26.1084    26.1053    8.29560 0.0000e+00
      21856     53.537    -0.5094    -0.5092   2.675816   2.675967     2.1344     2.5794      8.006     1.0156     1.3323 4.8671e-01    -0.1208   103.0661     8.1800     8.4645    32.4940    32.4958    26.1050    26.1065    8.29643 0.0000e+00
      21859     53.476    -0.5158    -0.5095   2.675301   2.676027     2.1344     2.5802      8.007     1.0367     1.3323 4.9353e-01    -0.1208   103.0661     8.1832     8.4696    32.4940    32.4970    26.1053    26.1075    8.29787 0.0000e+00
      21862     53.417    -0.5210    -0.5107   2.674835   2.675700     2.1348     2.5814      8.007     1.0473     1.2928 4.9464e-01    -0.1212   103.0752     8.1874     8.4741    32.4933    32.4939    26.1050    26.1051    8.29906 0.0000e+00
      21865     53.361    -0.5295    -0.5124   2.673931   2.675717     2.1356     2.5810      8.009     1.0367     1.3323 4.8954e-01    -0.1205   103.0571     8.1894     8.4739    32.4905    32.4960    26.1030    26.1068    8.30114 0.0000e+00
      21868     53.306    -0.5356    -0.5116   2.673759   2.675861     2.1360     2.5814      8.009     1.0473     1.3323 4.9638e-01    -0.1205   103.0571     8.1896     8.4749    32.4947    32.4971    26.1066    26.1077    8.30225 0.0000e+00
      21871     53.252    -0.5424    -0.5106   2.673090   2.675830     2.1372     2.5818      8.009     1.0367     1.4507 5.0100e-01    -0.1205   103.0571     8.1984     8.4742    32.4930    32.4957    26.1056    26.1065    8.30386 0.0000e+00
      21874     53.196    -0.5471    -0.5180   2.672924   2.674789     2.1376     2.5826      8.009     1.0473     1.4507 5.0273e-01    -0.1205   103.0571     8.2037     8.4810    32.4959    32.4897    26.1081    26.1019    8.30475 0.0000e+00
      21877     53.142    -0.5476    -0.5261   2.673009   2.674270     2.1372     2.5830      8.009     1.0367     1.4507 5.0800e-01    -0.1205   103.0571     8.2022     8.4832    32.4977    32.4914    26.1095    26.1037    8.30477 0.0000e+00
      21880     53.091    -0.5449    -0.5345   2.673245   2.673674     2.1380     2.5838      8.009     1.0473     1.4507 5.1152e-01    -0.1205   103.0571     8.2057     8.4857    32.4980    32.4925    26.1097    26.1049    8.30416 0.0000e+00
      21883     53.034    -0.5422    -0.5444   2.673379   2.673123     2.1393     2.5842      8.009     1.0685     1.4507 5.0567e-01    -0.1205   103.0571     8.2090     8.4865    32.4969    32.4958    26.1087    26.1079    8.30361 0.0000e+00
      21886     52.977    -0.5397    -0.5535   2.673353   2.671802     2.1384     2.5842      8.009     1.0897     1.4507 5.1330e-01    -0.1205   103.0571     8.1969     8.4873    32.4939    32.4879    26.1061    26.1018    8.30322 0.0000e+00
      21889     52.922    -0.5388    -0.5747   2.673500   2.670449     2.1380     2.5851      8.009     1.0579     1.4507 5.1868e-01    -0.1219   103.0932     8.1904     8.4963    32.4949    32.4926    26.1070    26.1065    8.30296 0.0000e+00
      21892     52.866    -0.5368    -0.5967   2.673322   2.668767     2.1393     2.5842      8.009     1.0791     1.4507 5.1747e-01    -0.1226   103.1113     8.1947     8.4964    32.4904    32.4938    26.1032    26.1082    8.30276 0.0000e+00
      21895     52.811    -0.5404    -0.6185   2.672680   2.667069     2.1397     2.5855      8.009     1.0791     2.0429 5.2349e-01    -0.1226   103.1113     8.1970     8.5048    32.4858    32.4945    26.0996    26.1096    8.30384 0.0000e+00
      21898     52.753    -0.5532    -0.6308   2.671546   2.667028     2.1409     2.5867      8.009     1.0791     2.1614 5.2227e-01    -0.1226   103.1113     8.2056     8.5095    32.4843    32.5071    26.0989    26.1203    8.30678 0.0000e+00
      21901     52.690    -0.5681    -0.6274   2.669922   2.667315     2.1409     2.5855      8.009     1.0685     2.1614 5.2289e-01    -0.1226   103.1113     8.2077     8.5045    32.4786    32.5074    26.0949    26.1204    8.31044 0.0000e+00
      21904     52.630    -0.5836    -0.6207   2.669656   2.667365     2.1413     2.5859      8.009     1.0685     2.1614 5.2777e-01    -0.1226   103.1113     8.2112     8.5024    32.4917    32.5009    26.1060    26.1149    8.31317 0.0000e+00
      21907     52.567    -0.5779    -0.6221   2.670567   2.666851     2.1405     2.5867      8.009     1.0579     2.1614 5.4257e-01    -0.1219   103.0932     8.2063     8.5067    32.4978    32.4956    26.1108    26.1106    8.31154 0.0000e+00
      21910     52.505    -0.5701    -0.6302   2.671355   2.666347     2.1405     2.5867      8.009     1.0473     2.1614 5.3883e-01    -0.1226   103.1113     8.2056     8.5079    32.5001    32.4975    26.1124    26.1125    8.30968 0.0000e+00
      21913     52.443    -0.5533    -0.6350   2.672491   2.665959     2.1417     2.5875      8.009     1.0367     2.1614 5.5144e-01    -0.1222   103.1023     8.2054     8.5128    32.4973    32.4975    26.1094    26.1127    8.30607 0.0000e+00
      21916     52.381    -0.5426    -0.6351   2.672749   2.666257     2.1421     2.5875      8.009     1.0579     2.1614 5.4826e-01    -0.1222   103.1023     8.2005     8.5140    32.4893    32.5016    26.1026    26.1160    8.30414 0.0000e+00
      21919     52.319    -0.5429    -0.6244   2.672442   2.666957     2.1425     2.5879      8.009     1.0367     2.2798 5.5335e-01    -0.1226   103.1113     8.1997     8.5105    32.4855    32.4996    26.0995    26.1140    8.30441 0.0000e+00
      21922     52.263    -0.5444    -0.6168   2.672533   2.668464     2.1421     2.5883      8.009     1.0473     2.9115 5.6174e-01    -0.1226   103.1113     8.1937     8.5095    32.4884    32.5116    26.1019    26.1234    8.30459 0.0000e+00
      21925     52.206    -0.5426    -0.5843   2.672414   2.670822     2.1425     2.5891      8.009     1.0473     2.8720 5.6436e-01    -0.1222   103.1023     8.1928     8.5046    32.4849    32.5084    26.0990    26.1196    8.30438 0.0000e+00
      21928     52.153    -0.5446    -0.5630   2.671529   2.671800     2.1433     2.5883      8.009     1.0367     2.8720 5.6762e-01    -0.1219   103.0932     8.1961     8.4940    32.4753    32.4986    26.0913    26.1109    8.30538 0.0000e+00
      21931     52.100    -0.5556    -0.5519   2.671673   2.672229     2.1433     2.5891      8.009     1.0262     2.8720 5.7887e-01    -0.1219   103.0932     8.1987     8.4918    32.4890    32.4924    26.1029    26.1055    8.30706 0.0000e+00
      21934     52.050    -0.5459    -0.5474   2.672390   2.672361     2.1437     2.5891      8.009     1.1108     2.8720 5.8562e-01    -0.1215   103.0842     8.1952     8.4905    32.4882    32.4894    26.1018    26.1029    8.30492 0.0000e+00
      21937     52.005    -0.5545    -0.5468   2.671377   2.672261     2.1442     2.5904      8.011     1.1320     2.8720 5.8900e-01    -0.1215   103.0842     8.1957     8.4951    32.4839    32.4874    26.0987    26.1012    8.30711 0.0000e+00
      21940     51.961    -0.5603    -0.5478   2.671367   2.672247     2.1437     2.5904      8.009     1.1426     2.8720 5.8968e-01    -0.1215   103.0842     8.1958     8.4981    32.4900    32.4883    26.1038    26.1020    8.30805 0.0000e+00
      21943     51.924    -0.5587    -0.5478   2.671505   2.672175     2.1437     2.5904      8.011     1.1532     2.8720 5.9931e-01    -0.1215   103.0842     8.1969     8.4982    32.4901    32.4874    26.1038    26.1012    8.30768 0.0000e+00
      21946     51.893    -0.5508    -0.5504   2.672042   2.671915     2.1433     2.5900      8.009     1.1320     2.6351 5.9173e-01    -0.1215   103.0842     8.1916     8.4955    32.4889    32.4868    26.1026    26.1008    8.30598 0.0000e+00
      21949     51.863    -0.5501    -0.5532   2.672139   2.671834     2.1433     2.5908      8.009     1.1426     2.3587 6.0278e-01    -0.1215   103.0842     8.1910     8.4994    32.4895    32.4887    26.1030    26.1024    8.30580 0.0000e+00
