Datasets/AZMP/TEL210/tel210_2020_108.cnv
* Sea-Bird SBE 9 Data File:
* FileName = C:\CTDDATA\tel210_2020_108.hex
* Software Version Seasave V 7.26.7.110
* Temperature SN = 1697
* Conductivity SN = 4216
* Number of Bytes Per Scan = 30
* Number of Voltage Words = 4
* Number of Scans Averaged by the Deck Unit = 1
* NMEA baud rate = 4800
** VESSEL/TRIP/SEQ STN:  tel210_2020_108
** LATITUDE XX XX.XX: 55 22.30 N
** LONGITUDE XX XX.XX: 58 08.70 W
** SOUNDING DEPTH (M): 0182
** PROBE TYPE: S1146
** CTD NUMBER: 074
** COMMENTS (14 CHAR): MB-04
** BOTTLES:  10
** LEVELS: 5,10,20,30,40,50,75,100,150,BTM
** STICKERS: 436309 - 436318
** VNET: Y
** DO2: Y
# nquan = 22
# nvalues = 3958                        
# units = specified
# name 0 = scan: Scan Count
# name 1 = prDM: Pressure, Digiquartz [db]
# name 2 = t090C: Temperature [ITS-90, deg C]
# name 3 = t190C: Temperature, 2 [ITS-90, deg C]
# name 4 = c0S/m: Conductivity [S/m]
# name 5 = c1S/m: Conductivity, 2 [S/m]
# name 6 = sbeox0V: Oxygen raw, SBE 43 [V]
# name 7 = sbeox1V: Oxygen raw, SBE 43, 2 [V]
# name 8 = ph: pH
# name 9 = flECO-AFL: Fluorescence, WET Labs ECO-AFL/FL [mg/m^3]
# name 10 = wetCDOM: Fluorescence, WET Labs CDOM [mg/m^3]
# name 11 = par/sat/log: PAR/Logarithmic, Satlantic [umol photons/m^2/sec]
# name 12 = CStarAt0: Beam Attenuation, WET Labs C-Star [1/m]
# name 13 = CStarTr0: Beam Transmission, WET Labs C-Star [%]
# name 14 = sbeox0ML/L: Oxygen, SBE 43 [ml/l], WS = 2
# name 15 = sbeox1ML/L: Oxygen, SBE 43, 2 [ml/l], WS = 2
# name 16 = sal00: Salinity, Practical [PSU]
# name 17 = sal11: Salinity, Practical, 2 [PSU]
# name 18 = sigma-t00: Density [sigma-t, kg/m^3 ]
# name 19 = sigma-t11: Density, 2 [sigma-t, kg/m^3 ]
# name 20 = oxsatML/L: Oxygen Saturation, Weiss [ml/l]
# name 21 = flag: flag
# span 0 =          2,      37333       
# span 1 =      2.126,    183.481       
# span 2 =    -1.2619,     7.7294       
# span 3 =    -1.2669,     7.7281       
# span 4 =   2.601299,   3.252215       
# span 5 =   2.600962,   3.252528       
# span 6 =     1.9338,     2.4747       
# span 7 =     2.3346,     3.0532       
# span 8 =      7.984,      8.273       
# span 9 =     0.6770,     2.3172       
# span 10 =    -2.8130,   482.1870      
# span 11 = 1.0715e-01, 2.9373e+02      
# span 12 =    -0.1324,     0.1703      
# span 13 =    95.8316,   103.3645      
# span 14 =     6.7906,     8.9952      
# span 15 =     6.9814,     9.5828      
# span 16 =    31.0307,    33.1445      
# span 17 =    31.1760,    33.1436      
# span 18 =    24.4041,    26.6390      
# span 19 =    24.3763,    26.6386      
# span 20 =    6.80928,    8.47507      
# span 21 = 0.0000e+00, 0.0000e+00      
# interval = scans: 3                   
# start_time = Jul 27 2020 16:24:31 [System UTC, header]
# bad_flag = -9.990e-29
*END*
[from data line 922]
       2906     97.099    -0.9789    -0.9842   2.664541   2.664174     2.0020     2.4138      8.003     0.7616     5.1223 1.0727e-01    -0.1176   102.9847     7.5385     7.8257    32.8242    32.8250    26.3893    26.3902    8.38343 0.0000e+00
       2909     97.183    -0.9790    -0.9842   2.664568   2.664173     2.0020     2.4134      8.001     0.7934     5.1223 1.0727e-01    -0.1173   102.9757     7.5428     7.8270    32.8246    32.8249    26.3896    26.3901    8.38342 0.0000e+00
       2912     97.265    -0.9790    -0.9840   2.664581   2.664221     2.0020     2.4126      8.001     0.7828     5.1223 1.0715e-01    -0.1173   102.9757     7.5467     7.8247    32.8248    32.8254    26.3898    26.3904    8.38342 0.0000e+00
       2915     97.350    -0.9788    -0.9839   2.664621   2.664249     2.0011     2.4126      8.003     0.7934     5.0038 1.0715e-01    -0.1173   102.9757     7.5464     7.8265    32.8250    32.8256    26.3899    26.3906    8.38335 0.0000e+00
       2918     97.436    -0.9787    -0.9837   2.664673   2.664293     2.0011     2.4134      8.001     0.7934     5.0038 1.0727e-01    -0.1166   102.9576     7.5453     7.8314    32.8256    32.8258    26.3904    26.3908    8.38330 0.0000e+00
       2921     97.518    -0.9784    -0.9834   2.664688   2.664321     2.0007     2.4126      8.001     0.7934     5.0038 1.0715e-01    -0.1152   102.9214     7.5401     7.8272    32.8253    32.8258    26.3902    26.3908    8.38324 0.0000e+00
       2924     97.603    -0.9778    -0.9831   2.664735   2.664368     1.9999     2.4118      8.001     0.8040     5.0038 1.0715e-01    -0.1152   102.9214     7.5372     7.8250    32.8254    32.8261    26.3902    26.3910    8.38312 0.0000e+00
       2927     97.686    -0.9779    -0.9831   2.664793   2.664413     1.9999     2.4114      8.003     0.7828     5.0038 1.0715e-01    -0.1155   102.9305     7.5399     7.8229    32.8262    32.8267    26.3909    26.3914    8.38309 0.0000e+00
       2930     97.769    -0.9776    -0.9831   2.664814   2.664430     1.9999     2.4106      8.001     0.7934     5.0038 1.0715e-01    -0.1152   102.9214     7.5422     7.8190    32.8261    32.8269    26.3908    26.3916    8.38302 0.0000e+00
       2933     97.855    -0.9774    -0.9831   2.664825   2.664437     1.9999     2.4114      8.001     0.7828     5.0038 1.0727e-01    -0.1152   102.9214     7.5413     7.8222    32.8259    32.8269    26.3907    26.3916    8.38298 0.0000e+00
       2936     97.943    -0.9775    -0.9830   2.664837   2.664469     1.9999     2.4102      8.003     0.7934     5.0038 1.0727e-01    -0.1152   102.9214     7.5427     7.8164    32.8262    32.8272    26.3909    26.3919    8.38299 0.0000e+00
       2939     98.030    -0.9776    -0.9830   2.664865   2.664465     1.9999     2.4102      8.001     0.7828     2.8325 1.0715e-01    -0.1155   102.9305     7.5427     7.8159    32.8266    32.8270    26.3912    26.3917    8.38298 0.0000e+00
       2942     98.118    -0.9773    -0.9827   2.664873   2.664498     1.9987     2.4093      8.001     0.7934    -0.2468 1.0740e-01    -0.1162   102.9486     7.5332     7.8142    32.8263    32.8271    26.3910    26.3918    8.38294 0.0000e+00
       2945     98.208    -0.9772    -0.9827   2.664898   2.664514     1.9983     2.4089      8.001     0.7934    -0.0889 1.0715e-01    -0.1159   102.9395     7.5336     7.8147    32.8266    32.8273    26.3912    26.3920    8.38291 0.0000e+00
       2948     98.299    -0.9771    -0.9827   2.664909   2.664510     1.9983     2.4085      8.001     0.7828    -0.0889 1.0715e-01    -0.1162   102.9486     7.5337     7.8158    32.8266    32.8272    26.3911    26.3919    8.38289 0.0000e+00
       2951     98.389    -0.9772    -0.9827   2.664894   2.664508     1.9979     2.4085      8.001     0.7934    -0.0889 1.0715e-01    -0.1162   102.9486     7.5311     7.8188    32.8264    32.8271    26.3910    26.3918    8.38292 0.0000e+00
       2954     98.481    -0.9770    -0.9827   2.664908   2.664510     1.9971     2.4081      8.001     0.7934    -0.0889 1.0715e-01    -0.1162   102.9486     7.5277     7.8173    32.8262    32.8271    26.3909    26.3918    8.38287 0.0000e+00
       2957     98.576    -0.9770    -0.9824   2.664944   2.664539     1.9975     2.4077      8.003     0.7934    -0.1284 1.0727e-01    -0.1159   102.9395     7.5315     7.8153    32.8267    32.8271    26.3913    26.3917    8.38285 0.0000e+00
       2960     98.670    -0.9767    -0.9824   2.664969   2.664578     1.9971     2.4077      8.001     0.7616    -0.0889 1.0715e-01    -0.1152   102.9214     7.5297     7.8175    32.8266    32.8276    26.3912    26.3922    8.38279 0.0000e+00
       2963     98.767    -0.9767    -0.9820   2.664986   2.664623     1.9963     2.4073      8.001     0.7299    -0.0889 1.0715e-01    -0.1148   102.9124     7.5277     7.8174    32.8269    32.8277    26.3914    26.3923    8.38278 0.0000e+00
       2966     98.863    -0.9765    -0.9820   2.665025   2.664648     1.9963     2.4073      8.001     0.7193   337.4568 1.0727e-01    -0.1155   102.9305     7.5348     7.8202    32.8271    32.8280    26.3916    26.3925    8.38272 0.0000e+00
       2969     98.961    -0.9764    -0.9819   2.665048   2.664647     1.9967     2.4065      8.001     0.7299   482.0291 1.0715e-01    -0.1155   102.9305     7.5405     7.8145    32.8272    32.8278    26.3916    26.3924    8.38268 0.0000e+00
       2972     99.057    -0.9762    -0.9816   2.665066   2.664663     1.9963     2.4073      8.001     0.7299   481.0026 1.0727e-01    -0.1152   102.9214     7.5406     7.8161    32.8272    32.8276    26.3916    26.3921    8.38264 0.0000e+00
       2975     99.156    -0.9763    -0.9817   2.665105   2.664690     1.9959     2.4061      8.001     0.7299   481.3579 1.0727e-01    -0.1155   102.9305     7.5406     7.8098    32.8278    32.8280    26.3921    26.3925    8.38263 0.0000e+00
       2978     99.257    -0.9762    -0.9815   2.665119   2.664707     1.9963     2.4057      8.001     0.7299   481.3184 1.0727e-01    -0.1152   102.9214     7.5433     7.8066    32.8278    32.8279    26.3922    26.3924    8.38261 0.0000e+00
       2981     99.360    -0.9756    -0.9815   2.665162   2.664749     1.9954     2.4053      8.001     0.7299   481.3579 1.0715e-01    -0.1155   102.9305     7.5379     7.8060    32.8277    32.8284    26.3920    26.3928    8.38248 0.0000e+00
       2984     99.459    -0.9755    -0.9811   2.665198   2.664797     1.9946     2.4053      8.001     0.7299   481.3579 1.0715e-01    -0.1159   102.9395     7.5358     7.8086    32.8280    32.8286    26.3922    26.3929    8.38243 0.0000e+00
       2987     99.562    -0.9755    -0.9807   2.665237   2.664831     1.9950     2.4053      8.001     0.7405   481.3579 1.0715e-01    -0.1159   102.9395     7.5397     7.8096    32.8285    32.8286    26.3926    26.3930    8.38241 0.0000e+00
       2990     99.662    -0.9751    -0.9804   2.665256   2.664863     1.9963     2.4049      8.001     0.7616   456.2887 1.0727e-01    -0.1162   102.9486     7.5444     7.8100    32.8282    32.8286    26.3924    26.3930    8.38233 0.0000e+00
       2993     99.768    -0.9748    -0.9803   2.665300   2.664893     1.9950     2.4037      8.001     0.7510    33.7051 1.0715e-01    -0.1159   102.9395     7.5361     7.8072    32.8285    32.8289    26.3926    26.3932    8.38226 0.0000e+00
       2996     99.876    -0.9746    -0.9801   2.665332   2.664951     1.9950     2.4037      8.001     0.7616    -2.5761 1.0715e-01    -0.1159   102.9395     7.5347     7.8113    32.8286    32.8294    26.3927    26.3936    8.38220 0.0000e+00
       2999     99.982    -0.9745    -0.9800   2.665369   2.664957     1.9950     2.4037      8.001     0.7722    -1.1154 1.0715e-01    -0.1155   102.9305     7.5354     7.8163    32.8289    32.8293    26.3930    26.3935    8.38216 0.0000e+00
       3002    100.088    -0.9743    -0.9797   2.665359   2.664978     1.9938     2.4028      8.001     0.7405    -1.1549 1.0715e-01    -0.1166   102.9576     7.5275     7.8126    32.8284    32.8292    26.3926    26.3934    8.38213 0.0000e+00
       3005    100.201    -0.9743    -0.9796   2.665377   2.664990     1.9942     2.4041      8.001     0.7616    -1.1549 1.0715e-01    -0.1162   102.9486     7.5302     7.8172    32.8286    32.8292    26.3927    26.3934    8.38212 0.0000e+00
       3008    100.310    -0.9744    -0.9795   2.665386   2.664997     1.9942     2.4037      8.001     0.7510    -1.1549 1.0727e-01    -0.1162   102.9486     7.5286     7.8154    32.8288    32.8291    26.3929    26.3933    8.38213 0.0000e+00
       3011    100.421    -0.9742    -0.9795   2.665395   2.665013     1.9946     2.4028      8.001     0.7510    -1.1944 1.0715e-01    -0.1162   102.9486     7.5255     7.8133    32.8287    32.8293    26.3928    26.3934    8.38210 0.0000e+00
       3014    100.529    -0.9743    -0.9795   2.665411   2.665021     1.9938     2.4032      8.001     0.7510    -1.1549 1.0715e-01    -0.1166   102.9576     7.5200     7.8166    32.8289    32.8292    26.3929    26.3934    8.38210 0.0000e+00
       3017    100.639    -0.9741    -0.9794   2.665441   2.665045     1.9930     2.4032      8.001     0.7510    -1.3523 1.0715e-01    -0.1162   102.9486     7.5198     7.8179    32.8290    32.8294    26.3930    26.3935    8.38205 0.0000e+00
       3020    100.751    -0.9740    -0.9794   2.665469   2.665068     1.9930     2.4032      8.001     0.7616    -1.8260 1.0715e-01    -0.1110   102.8129     7.5198     7.8179    32.8293    32.8297    26.3933    26.3938    8.38203 0.0000e+00
       3023    100.863    -0.9737    -0.9792   2.665489   2.665090     1.9930     2.4028      8.001     0.7616    -1.7866 1.0727e-01    -0.1089   102.7587     7.5194     7.8149    32.8291    32.8297    26.3932    26.3938    8.38197 0.0000e+00
       3026    100.974    -0.9737    -0.9791   2.665514   2.665128     1.9926     2.4016      8.001     0.7722    -1.7866 1.0715e-01    -0.1089   102.7587     7.5158     7.8090    32.8293    32.8300    26.3933    26.3940    8.38194 0.0000e+00
       3029    101.086    -0.9734    -0.9788   2.665567   2.665172     1.9926     2.4016      8.001     0.7510    -1.7471 1.0715e-01    -0.1089   102.7587     7.5113     7.8075    32.8297    32.8302    26.3936    26.3942    8.38185 0.0000e+00
       3032    101.196    -0.9733    -0.9785   2.665580   2.665192     1.9926     2.4016      8.001     0.7405    -1.7866 1.0715e-01    -0.1092   102.7677     7.5129     7.8099    32.8297    32.8301    26.3936    26.3941    8.38184 0.0000e+00
       3035    101.310    -0.9730    -0.9785   2.665614   2.665202     1.9918     2.4016      8.001     0.7405    -1.7866 1.0715e-01    -0.1089   102.7587     7.5101     7.8089    32.8298    32.8302    26.3936    26.3942    8.38176 0.0000e+00
       3038    101.422    -0.9728    -0.9781   2.665673   2.665274     1.9914     2.4012      8.001     0.7510    -1.7866 1.0715e-01    -0.1089   102.7587     7.5101     7.8087    32.8302    32.8307    26.3940    26.3945    8.38168 0.0000e+00
       3041    101.535    -0.9728    -0.9781   2.665687   2.665288     1.9922     2.4016      8.001     0.7722    -1.7866 1.0727e-01    -0.1138   102.8853     7.5145     7.8143    32.8304    32.8308    26.3941    26.3946    8.38168 0.0000e+00
       3044    101.647    -0.9726    -0.9781   2.665707   2.665308     1.9914     2.4016      8.001     0.7616    -1.5102 1.0727e-01    -0.1145   102.9033     7.5113     7.8165    32.8304    32.8310    26.3941    26.3948    8.38163 0.0000e+00
       3047    101.760    -0.9724    -0.9775   2.665740   2.665368     1.9910     2.4004      8.001     0.7510    -1.3128 1.0727e-01    -0.1141   102.8943     7.5100     7.8109    32.8306    32.8311    26.3942    26.3948    8.38158 0.0000e+00
       3050    101.876    -0.9720    -0.9774   2.665803   2.665406     1.9902     2.4012      8.001     0.7616    -1.2733 1.0715e-01    -0.1141   102.8943     7.5069     7.8169    32.8309    32.8314    26.3946    26.3951    8.38147 0.0000e+00
       3053    101.993    -0.9720    -0.9772   2.665813   2.665430     1.9902     2.4008      8.001     0.7616    -1.2733 1.0715e-01    -0.1141   102.8943     7.5065     7.8164    32.8309    32.8315    26.3945    26.3951    8.38146 0.0000e+00
       3056    102.109    -0.9717    -0.9771   2.665839   2.665461     1.9906     2.4004      8.001     0.7405    -1.2733 1.0727e-01    -0.1148   102.9124     7.5102     7.8140    32.8309    32.8317    26.3945    26.3953    8.38141 0.0000e+00
       3059    102.226    -0.9716    -0.9769   2.665873   2.665513     1.9902     2.4000      8.001     0.7510    -1.3128 1.0715e-01    -0.1141   102.8943     7.5109     7.8135    32.8312    32.8321    26.3948    26.3956    8.38137 0.0000e+00
       3062    102.346    -0.9716    -0.9767   2.665910   2.665515     1.9898     2.4012      8.001     0.7405    -1.3128 1.0727e-01    -0.1148   102.9124     7.5107     7.8202    32.8317    32.8319    26.3951    26.3954    8.38134 0.0000e+00
       3065    102.465    -0.9714    -0.9766   2.665958   2.665567     1.9902     2.4008      8.001     0.7722    -1.3128 1.0727e-01    -0.1141   102.8943     7.5130     7.8183    32.8320    32.8323    26.3954    26.3958    8.38128 0.0000e+00
       3068    102.590    -0.9714    -0.9763   2.665954   2.665595     1.9898     2.3992      8.001     0.7616    -1.2733 1.0715e-01    -0.1145   102.9033     7.5118     7.8128    32.8318    32.8324    26.3952    26.3958    8.38127 0.0000e+00
       3071    102.710    -0.9710    -0.9762   2.665987   2.665624     1.9893     2.3996      8.001     0.7510    -0.0495 1.0715e-01    -0.1141   102.8943     7.5117     7.8155    32.8317    32.8326    26.3952    26.3960    8.38118 0.0000e+00
       3074    102.835    -0.9707    -0.9762   2.666010   2.665634     1.9893     2.4004      8.001     0.7510     0.2269 1.0715e-01    -0.1141   102.8943     7.5124     7.8184    32.8317    32.8326    26.3951    26.3960    8.38113 0.0000e+00
       3077    102.960    -0.9712    -0.9760   2.666038   2.665650     1.9889     2.4004      8.001     0.7510     0.2664 1.0715e-01    -0.1141   102.8943     7.5062     7.8185    32.8325    32.8326    26.3958    26.3960    8.38119 0.0000e+00
       3080    103.086    -0.9707    -0.9761   2.666039   2.665652     1.9889     2.3992      8.001     0.7616     0.2664 1.0715e-01    -0.1141   102.8943     7.5097     7.8145    32.8319    32.8326    26.3953    26.3961    8.38111 0.0000e+00
       3083    103.212    -0.9710    -0.9761   2.666049   2.665644     1.9893     2.4004      8.001     0.7616     0.2664 1.0715e-01    -0.1145   102.9033     7.5141     7.8175    32.8323    32.8324    26.3956    26.3959    8.38116 0.0000e+00
       3086    103.339    -0.9707    -0.9761   2.666068   2.665659     1.9889     2.4000      8.001     0.7616     0.2664 1.0715e-01    -0.1141   102.8943     7.5126     7.8157    32.8322    32.8326    26.3955    26.3960    8.38110 0.0000e+00
       3089    103.466    -0.9706    -0.9760   2.666064   2.665658     1.9881     2.3992      8.001     0.7510     0.2664 1.0727e-01    -0.1141   102.8943     7.5085     7.8199    32.8320    32.8323    26.3953    26.3958    8.38109 0.0000e+00
       3092    103.591    -0.9706    -0.9761   2.666100   2.665653     1.9877     2.3996      8.001     0.7405     0.2269 1.0727e-01    -0.1141   102.8943     7.5086     7.8243    32.8323    32.8323    26.3956    26.3958    8.38106 0.0000e+00
       3095    103.714    -0.9706    -0.9759   2.666089   2.665689     1.9889     2.3992      8.001     0.7299    -0.0100 1.0715e-01    -0.1145   102.9033     7.5138     7.8216    32.8322    32.8325    26.3955    26.3960    8.38108 0.0000e+00
       3098    103.835    -0.9706    -0.9760   2.666091   2.665722     1.9877     2.3992      8.001     0.7299    -1.5497 1.0715e-01    -0.1141   102.8943     7.5091     7.8222    32.8321    32.8330    26.3955    26.3964    8.38109 0.0000e+00
