Datasets/AZMP/TEL210/tel210_2020_014.cnv
* Sea-Bird SBE 9 Data File:
* FileName = C:\CTDDATA\tel210_2020_014.hex
* Software Version Seasave V 7.26.7.110
* Temperature SN = 1697
* Conductivity SN = 4216
* Number of Bytes Per Scan = 30
* Number of Voltage Words = 4
* Number of Scans Averaged by the Deck Unit = 1
* NMEA baud rate = 4800
** VESSEL/TRIP/SEQ STN:  tel210_2020_014
** LATITUDE XX XX.XX: 47 00.00 N
** LONGITUDE XX XX.XX: 048 07.00 W
** SOUNDING DEPTH (M): 0133
** PROBE TYPE: S1146
** CTD NUMBER: 013
** COMMENTS (14 CHAR): FC-12
** BOTTLES:  9
** LEVELS: 5,10,20,30,40,50,75,100,BTM
** STICKERS: 435819 - 435827
** VNET: Y
** DO2: N
# nquan = 22
# nvalues = 2808                        
# units = specified
# name 0 = scan: Scan Count
# name 1 = prDM: Pressure, Digiquartz [db]
# name 2 = t090C: Temperature [ITS-90, deg C]
# name 3 = t190C: Temperature, 2 [ITS-90, deg C]
# name 4 = c0S/m: Conductivity [S/m]
# name 5 = c1S/m: Conductivity, 2 [S/m]
# name 6 = sbeox0V: Oxygen raw, SBE 43 [V]
# name 7 = sbeox1V: Oxygen raw, SBE 43, 2 [V]
# name 8 = ph: pH
# name 9 = flECO-AFL: Fluorescence, WET Labs ECO-AFL/FL [mg/m^3]
# name 10 = wetCDOM: Fluorescence, WET Labs CDOM [mg/m^3]
# name 11 = par/sat/log: PAR/Logarithmic, Satlantic [umol photons/m^2/sec]
# name 12 = CStarAt0: Beam Attenuation, WET Labs C-Star [1/m]
# name 13 = CStarTr0: Beam Transmission, WET Labs C-Star [%]
# name 14 = sbeox0ML/L: Oxygen, SBE 43 [ml/l], WS = 2
# name 15 = sbeox1ML/L: Oxygen, SBE 43, 2 [ml/l], WS = 2
# name 16 = sal00: Salinity, Practical [PSU]
# name 17 = sal11: Salinity, Practical, 2 [PSU]
# name 18 = sigma-t00: Density [sigma-t, kg/m^3 ]
# name 19 = sigma-t11: Density, 2 [sigma-t, kg/m^3 ]
# name 20 = oxsatML/L: Oxygen Saturation, Weiss [ml/l]
# name 21 = flag: flag
# span 0 =         91,      36292       
# span 1 =      0.438,    131.592       
# span 2 =    -1.2978,    10.2160       
# span 3 =    -1.3072,    10.2122       
# span 4 =   2.028056,   3.539134       
# span 5 =   2.625052,   3.538674       
# span 6 =     1.7699,     2.4424       
# span 7 =     2.1398,     2.9631       
# span 8 =      7.747,      8.158       
# span 9 =    -0.5714,     1.2601       
# span 10 =    -2.8130,   482.1870      
# span 11 = 1.0715e-01, 5.0342e+02      
# span 12 =    -0.1425,    -0.0007      
# span 13 =   100.0186,   103.6268      
# span 14 =     6.3100,     8.8285      
# span 15 =     6.2175,     9.3759      
# span 16 =    17.4141,    33.2656      
# span 17 =    23.9965,    33.2688      
# span 18 =    13.2415,    26.7194      
# span 19 =    18.3563,    26.7223      
# span 20 =    6.40678,    8.46570      
# span 21 = 0.0000e+00, 0.0000e+00      
# interval = scans: 3                   
# start_time = Jul 16 2020 13:23:07 [System UTC, header]
# bad_flag = -9.990e-29
*END*
[from data line 1844]
      13304     77.830    -0.8019    -0.7862   2.682239   2.683359     1.9456     2.3779      7.879    -0.5409     0.0295 1.5700e+00    -0.1387   103.5273     7.3934     7.7877    32.8821    32.8801    26.4301    26.4278    8.33997 0.0000e+00
      13307     77.694    -0.7748    -0.7617   2.684474   2.685390     1.9465     2.3788      7.879    -0.5511     0.0295 1.5773e+00    -0.1394   103.5454     7.3849     7.7769    32.8828    32.8809    26.4296    26.4276    8.33381 0.0000e+00
      13310     77.563    -0.7566    -0.7405   2.685726   2.686760     1.9477     2.3800      7.877    -0.5409     0.0295 1.6049e+00    -0.1394   103.5454     7.3777     7.7712    32.8799    32.8763    26.4267    26.4231    8.32988 0.0000e+00
      13313     77.439    -0.7258    -0.7434   2.688502   2.686632     1.9485     2.3808      7.878    -0.5511     0.0295 1.6086e+00    -0.1394   103.5454     7.3658     7.7695    32.8839    32.8778    26.4287    26.4245    8.32273 0.0000e+00
      13316     77.323    -0.7025    -0.7250   2.690134   2.688571     1.9497     2.3812      7.876    -0.5613    -0.4442 1.6254e+00    -0.1390   103.5364     7.3606     7.7605    32.8805    32.8840    26.4251    26.4288    8.31767 0.0000e+00
      13319     77.213    -0.6931    -0.6990   2.690700   2.690777     1.9509     2.3816      7.878    -0.5511    -1.3918 1.6405e+00    -0.1394   103.5454     7.3592     7.7508    32.8780    32.8854    26.4227    26.4289    8.31571 0.0000e+00
      13322     77.114    -0.6713    -0.6801   2.692832   2.691896     1.9505     2.3820      7.878    -0.5409    -1.2733 1.6481e+00    -0.1394   103.5454     7.3474     7.7404    32.8829    32.8800    26.4259    26.4239    8.31052 0.0000e+00
      13325     77.024    -0.6704    -0.6923   2.692106   2.690813     1.9513     2.3836      7.878    -0.5511    -1.2733 1.6692e+00    -0.1404   103.5725     7.3532     7.7415    32.8723    32.8787    26.4173    26.4232    8.31094 0.0000e+00
      13328     76.946    -0.6831    -0.7117   2.691866   2.688967     1.9517     2.3836      7.878    -0.5511    -1.2733 1.6693e+00    -0.1415   103.5997     7.3561     7.7380    32.8829    32.8750    26.4263    26.4210    8.31318 0.0000e+00
      13331     76.879    -0.6519    -0.7279   2.694066   2.687230     1.9517     2.3836      7.876    -0.5206    -1.2733 1.6809e+00    -0.1411   103.5906     7.3464     7.7381    32.8786    32.8694    26.4216    26.4170    8.30642 0.0000e+00
      13334     76.824    -0.6474    -0.7550   2.694236   2.685708     1.9522     2.3849      7.878    -0.5104    -1.2733 1.6906e+00    -0.1415   103.5997     7.3453     7.7486    32.8760    32.8784    26.4194    26.4254    8.30556 0.0000e+00
      13337     76.781    -0.6476    -0.7873   2.693949   2.684051     1.9534     2.3849      7.878    -0.5308    -1.2733 1.6984e+00    -0.1411   103.5906     7.3493     7.7552    32.8724    32.8913    26.4165    26.4370    8.30581 0.0000e+00
      13340     76.747    -0.6511    -0.7448   2.693659   2.686621     1.9538     2.3857      7.878    -0.5206    -1.3128 1.6906e+00    -0.1415   103.5997     7.3529     7.7500    32.8723    32.8796    26.4165    26.4260    8.30660 0.0000e+00
      13343     76.719    -0.6476    -0.7438   2.693896   2.686776     1.9538     2.3861      7.878    -0.5206    -0.2468 1.7004e+00    -0.1411   103.5906     7.3551     7.7514    32.8718    32.8806    26.4160    26.4267    8.30586 0.0000e+00
      13380     76.697    -0.6550    -0.7168   2.693071   2.688788     1.9611     2.3930      7.881    -0.5104     0.6217 1.7143e+00    -0.1415   103.5997     7.3923     7.7837    32.8687    32.8784    26.4137    26.4239    8.30768 0.0000e+00
      13451     76.668    -0.6638    -0.6699   2.692128   2.691736     1.9742     2.4081      7.888    -0.4900     1.1744 1.7482e+00    -0.1415   103.5997     7.4470     7.8604    32.8657    32.8670    26.4116    26.4130    8.30984 0.0000e+00
      13454     76.634    -0.6629    -0.6695   2.692140   2.691777     1.9758     2.4073      7.888    -0.5002     1.2139 1.7543e+00    -0.1415   103.5997     7.4535     7.8572    32.8648    32.8671    26.4109    26.4131    8.30968 0.0000e+00
      13457     76.603    -0.6622    -0.6679   2.692231   2.691885     1.9758     2.4089      7.888    -0.4900     1.2139 1.7604e+00    -0.1415   103.5997     7.4502     7.8613    32.8653    32.8668    26.4113    26.4127    8.30949 0.0000e+00
      13460     76.571    -0.6594    -0.6654   2.692420   2.691997     1.9766     2.4105      7.891    -0.4900     1.2139 1.7645e+00    -0.1415   103.5997     7.4499     7.8644    32.8648    32.8656    26.4108    26.4117    8.30890 0.0000e+00
      13463     76.543    -0.6577    -0.6661   2.692464   2.691872     1.9778     2.4109      7.890    -0.4595     1.2139 1.7706e+00    -0.1415   103.5997     7.4563     7.8612    32.8635    32.8647    26.4097    26.4110    8.30858 0.0000e+00
      13466     76.516    -0.6573    -0.6655   2.692577   2.691906     1.9774     2.4126      7.888    -0.4493     1.2139 1.7767e+00    -0.1404   103.5725     7.4526     7.8653    32.8647    32.8646    26.4106    26.4108    8.30843 0.0000e+00
      13545     76.470    -0.6439    -0.6517   2.693736   2.693216     1.9872     2.4231      7.893    -0.5104     2.3193 1.7706e+00    -0.1404   103.5725     7.4753     7.8638    32.8658    32.8672    26.4110    26.4124    8.30537 0.0000e+00
      13584     76.417    -0.6339    -0.6345   2.694583   2.694586     1.9921     2.4288      7.893    -0.5206     2.8720 1.7726e+00    -0.1404   103.5725     7.4874     7.8670    32.8662    32.8669    26.4109    26.4116    8.30309 0.0000e+00
      13587     76.366    -0.6286    -0.6297   2.694777   2.694805     1.9921     2.4280      7.893    -0.5206     2.8720 1.7871e+00    -0.1404   103.5725     7.4809     7.8569    32.8632    32.8647    26.4083    26.4095    8.30209 0.0000e+00
      13590     76.315    -0.6271    -0.6256   2.694781   2.695124     1.9917     2.4276      7.893    -0.5206     2.8720 1.7995e+00    -0.1415   103.5997     7.4747     7.8512    32.8616    32.8646    26.4070    26.4093    8.30185 0.0000e+00
      13593     76.266    -0.6250    -0.6231   2.694942   2.695290     1.9917     2.4288      7.893    -0.5002     2.8720 1.7974e+00    -0.1408   103.5816     7.4712     7.8549    32.8615    32.8641    26.4068    26.4088    8.30137 0.0000e+00
      13596     76.221    -0.6244    -0.6222   2.694957   2.695369     1.9921     2.4288      7.893    -0.5104     2.8720 1.8037e+00    -0.1415   103.5997     7.4688     7.8547    32.8610    32.8642    26.4064    26.4088    8.30126 0.0000e+00
      13599     76.184    -0.6262    -0.6212   2.694599   2.695485     1.9917     2.4297      7.893    -0.5104     2.8720 1.8120e+00    -0.1408   103.5816     7.4619     7.8550    32.8582    32.8647    26.4042    26.4093    8.30183 0.0000e+00
      13602     76.153    -0.6245    -0.6195   2.694925   2.695615     1.9921     2.4301      7.893    -0.5104     2.8720 1.8162e+00    -0.1408   103.5816     7.4602     7.8505    32.8607    32.8646    26.4062    26.4091    8.30130 0.0000e+00
      13651     76.124    -0.6163    -0.6133   2.695590   2.696060     1.9941     2.4313      7.893    -0.5002     2.3588 1.8375e+00    -0.1408   103.5816     7.4611     7.8437    32.8608    32.8638    26.4059    26.4082    8.29946 0.0000e+00
      13746     76.063    -0.6154    -0.6010   2.695946   2.697022     1.9953     2.4337      7.893    -0.5206     3.1089 1.8803e+00    -0.1404   103.5725     7.4557     7.8339    32.8646    32.8635    26.4090    26.4075    8.29904 0.0000e+00
      13749     76.000    -0.6042    -0.5999   2.696950   2.697127     1.9953     2.4333      7.893    -0.5104     3.1089 1.8825e+00    -0.1390   103.5364     7.4488     7.8294    32.8660    32.8637    26.4097    26.4076    8.29647 0.0000e+00
      13752     75.950    -0.5953    -0.5951   2.697458   2.697520     1.9949     2.4337      7.893    -0.5206     3.1089 1.9000e+00    -0.1394   103.5454     7.4465     7.8282    32.8633    32.8638    26.4070    26.4075    8.29463 0.0000e+00
      13755     75.914    -0.5914    -0.5977   2.697961   2.697249     1.9957     2.4325      7.893    -0.5308     3.1089 1.9132e+00    -0.1390   103.5364     7.4514     7.8236    32.8657    32.8630    26.4089    26.4069    8.29361 0.0000e+00
      14340     75.888    -0.5708    -0.5808   2.699448   2.698639     2.0022     2.4382      7.892    -0.5104     3.1089 2.0047e+00    -0.1390   103.5364     7.4788     7.8574    32.8633    32.8634    26.4061    26.4066    8.28915 0.0000e+00
      14634     75.846    -0.5526    -0.5602   2.700752   2.700141     2.0051     2.4411      7.892    -0.4900     3.1089 2.0673e+00    -0.1397   103.5544     7.4825     7.8642    32.8610    32.8611    26.4036    26.4040    8.28521 0.0000e+00
      14637     75.802    -0.5480    -0.5527   2.700886   2.700471     2.0055     2.4419      7.892    -0.4595     3.1089 2.0841e+00    -0.1390   103.5364     7.4748     7.8610    32.8579    32.8574    26.4009    26.4007    8.28437 0.0000e+00
      14640     75.762    -0.5445    -0.5489   2.701719   2.700759     2.0055     2.4419      7.892    -0.4595     3.1089 2.0793e+00    -0.1383   103.5183     7.4660     7.8569    32.8653    32.8572    26.4067    26.4003    8.28317 0.0000e+00
      14643     75.728    -0.5202    -0.5407   2.703295   2.701232     2.0051     2.4403      7.892    -0.4595     3.1089 2.0986e+00    -0.1383   103.5183     7.4548     7.8422    32.8601    32.8546    26.4015    26.3980    8.27804 0.0000e+00
      14646     75.699    -0.5127    -0.5524   2.703642   2.700405     2.0051     2.4399      7.892    -0.4595     3.1089 2.0986e+00    -0.1383   103.5183     7.4531     7.8388    32.8565    32.8563    26.3984    26.3998    8.27657 0.0000e+00
      14649     75.672    -0.5067    -0.5599   2.704155   2.699799     2.0051     2.4407      7.892    -0.4493     3.1089 2.1010e+00    -0.1383   103.5183     7.4490     7.8398    32.8570    32.8563    26.3985    26.4001    8.27522 0.0000e+00
      14765     75.641    -0.5094    -0.5241   2.703905   2.702968     2.0039     2.4419      7.892    -0.4697     4.9249 2.1157e+00    -0.1376   103.5002     7.4440     7.8273    32.8566    32.8599    26.3983    26.4016    8.27584 0.0000e+00
      14824     75.591    -0.5003    -0.5038   2.704693   2.704670     2.0043     2.4427      7.892    -0.4900     5.4776 2.1378e+00    -0.1373   103.4911     7.4415     7.8146    32.8573    32.8608    26.3985    26.4014    8.27377 0.0000e+00
      14827     75.550    -0.4971    -0.5010   2.704054   2.704939     2.0039     2.4423      7.892    -0.4900     5.4776 2.1452e+00    -0.1373   103.4911     7.4333     7.8034    32.8452    32.8613    26.3886    26.4018    8.27373 0.0000e+00
      14830     75.512    -0.4703    -0.4969   2.707501   2.705312     2.0031     2.4411      7.892    -0.4900     5.4776 2.1502e+00    -0.1373   103.4911     7.4164     7.7908    32.8624    32.8620    26.4014    26.4021    8.26681 0.0000e+00
      14833     75.480    -0.4345    -0.4927   2.709398   2.705672     2.0039     2.4411      7.892    -0.4798     5.4381 2.1452e+00    -0.1373   103.4911     7.4092     7.7852    32.8490    32.8622    26.3891    26.4021    8.25962 0.0000e+00
      14882     75.456    -0.4290    -0.4639   2.710229   2.707970     2.0031     2.4403      7.890    -0.4798     3.4642 2.1452e+00    -0.1376   103.5002     7.4201     7.7907    32.8541    32.8618    26.3930    26.4006    8.25811 0.0000e+00
      14976     75.384    -0.4260    -0.4048   2.711212   2.712974     2.0047     2.4399      7.890    -0.4493     0.1479 2.1552e+00    -0.1383   103.5183     7.4618     7.8158    32.8641    32.8646    26.4009    26.4005    8.25688 0.0000e+00
      14979     75.291    -0.4100    -0.3931   2.712932   2.713933     2.0051     2.4403      7.889    -0.4595     0.1479 2.1827e+00    -0.1383   103.5183     7.4503     7.8064    32.8697    32.8647    26.4048    26.4001    8.25300 0.0000e+00
      14982     75.201    -0.3782    -0.3898   2.715236   2.714110     2.0051     2.4390      7.889    -0.4595     0.1479 2.1904e+00    -0.1366   103.4730     7.4310     7.7893    32.8661    32.8636    26.4006    26.3990    8.24617 0.0000e+00
      14985     75.115    -0.3873    -0.3733   2.714114   2.715560     2.0047     2.4386      7.887    -0.4595     0.1479 2.2056e+00    -0.1362   103.4640     7.4204     7.7738    32.8610    32.8652    26.3969    26.3996    8.24847 0.0000e+00
      14988     75.038    -0.3661    -0.3767   2.716957   2.715025     2.0039     2.4386      7.887    -0.4595     0.1479 2.2235e+00    -0.1362   103.4640     7.4000     7.7655    32.8760    32.8618    26.4081    26.3970    8.24293 0.0000e+00
      14991     74.969    -0.3341    -0.3746   2.718793   2.715463     2.0043     2.4382      7.887    -0.4697    -0.2863 2.2364e+00    -0.1366   103.4730     7.3827     7.7523    32.8659    32.8654    26.3986    26.3998    8.23642 0.0000e+00
      14994     74.906    -0.3467    -0.3728   2.717673   2.715403     2.0039     2.4378      7.885    -0.4493    -0.7206 2.2468e+00    -0.1362   103.4640     7.3746     7.7385    32.8647    32.8626    26.3981    26.3976    8.23928 0.0000e+00
      14997     74.854    -0.3695    -0.3730   2.714813   2.715588     2.0035     2.4374      7.884    -0.4697    -0.6811 2.2650e+00    -0.1362   103.4640     7.3721     7.7257    32.8513    32.8653    26.3882    26.3997    8.24509 0.0000e+00
      15000     74.812    -0.3854    -0.3816   2.715053   2.714867     2.0027     2.4370      7.882    -0.4595    -0.6811 2.2650e+00    -0.1359   103.4550     7.3631     7.7183    32.8716    32.8650    26.4053    26.3999    8.24744 0.0000e+00
      15003     74.780    -0.2983    -0.3862   2.723225   2.714535     2.0027     2.4358      7.882    -0.4493    -0.6811 2.2808e+00    -0.1331   103.3826     7.3341     7.7091    32.8863    32.8656    26.4136    26.4006    8.22738 0.0000e+00
      15095     74.736    -0.2489    -0.2819   2.726178   2.723175     1.9978     2.4305      7.882    -0.4392     0.3059 2.2914e+00    -0.1352   103.4369     7.3337     7.6943    32.8723    32.8679    26.4000    26.3979    8.21729 0.0000e+00
      15142     74.650    -0.2336    -0.2344   2.727121   2.726983     1.9957     2.4273      7.882    -0.4290     0.8586 2.3153e+00    -0.1355   103.4459     7.3330     7.6809    32.8683    32.8673    26.3961    26.3954    8.21413 0.0000e+00
      15145     74.573    -0.2246    -0.2299   2.727587   2.727450     1.9945     2.4268      7.882    -0.4188     0.8586 2.3341e+00    -0.1345   103.4188     7.3199     7.6750    32.8648    32.8686    26.3929    26.3963    8.21235 0.0000e+00
      15148     74.502    -0.2360    -0.2322   2.726400   2.727089     1.9953     2.4273      7.879    -0.4392     0.3848 2.3341e+00    -0.1341   103.4098     7.3225     7.6733    32.8614    32.8665    26.3907    26.3946    8.21506 0.0000e+00
      15151     74.439    -0.2495    -0.2450   2.725636   2.726182     1.9953     2.4260      7.879    -0.4290    -0.0889 2.3477e+00    -0.1341   103.4098     7.3216     7.6682    32.8659    32.8683    26.3948    26.3966    8.21777 0.0000e+00
      15154     74.389    -0.2486    -0.2497   2.725340   2.725963     1.9941     2.4256      7.877    -0.4392    -0.0889 2.3640e+00    -0.1341   103.4098     7.3112     7.6651    32.8609    32.8704    26.3909    26.3985    8.21784 0.0000e+00
      15157     74.344    -0.2277    -0.2462   2.726555   2.726112     1.9941     2.4260      7.877    -0.4290    -0.1284 2.3722e+00    -0.1341   103.4098     7.3040     7.6627    32.8546    32.8686    26.3848    26.3970    8.21362 0.0000e+00
      15160     74.309    -0.1933    -0.2497   2.730181   2.725966     1.9937     2.4248      7.877    -0.4392    -0.0889 2.3805e+00    -0.1345   103.4188     7.2927     7.6540    32.8656    32.8705    26.3922    26.3986    8.20544 0.0000e+00
