Datasets/AZMP/TEL210/tel210_2020_003.cnv
* Sea-Bird SBE 9 Data File:
* FileName = C:\CTDDATA\tel210_2020_003.hex
* Software Version Seasave V 7.26.7.110
* Temperature SN = 1697
* Conductivity SN = 4216
* Number of Bytes Per Scan = 30
* Number of Voltage Words = 4
* Number of Scans Averaged by the Deck Unit = 1
* NMEA baud rate = 4800
** VESSEL/TRIP/SEQ STN:  tel210_2020_003
** LATITUDE XX XX.XX: 47 00.00 N
** LONGITUDE XX XX.XX: 052 49.90 W
** SOUNDING DEPTH (M): 0107
** PROBE TYPE: S1146
** CTD NUMBER: 002
** COMMENTS (14 CHAR): FC-01
** BOTTLES:  8
** LEVELS: 5,10,20,30,40,50,75,BTM
** STICKERS: 435744 - 435751
** VNET: Y
** DO2: N
# nquan = 22
# nvalues = 2768                        
# units = specified
# name 0 = scan: Scan Count
# name 1 = prDM: Pressure, Digiquartz [db]
# name 2 = t090C: Temperature [ITS-90, deg C]
# name 3 = t190C: Temperature, 2 [ITS-90, deg C]
# name 4 = c0S/m: Conductivity [S/m]
# name 5 = c1S/m: Conductivity, 2 [S/m]
# name 6 = sbeox0V: Oxygen raw, SBE 43 [V]
# name 7 = sbeox1V: Oxygen raw, SBE 43, 2 [V]
# name 8 = ph: pH
# name 9 = flECO-AFL: Fluorescence, WET Labs ECO-AFL/FL [mg/m^3]
# name 10 = wetCDOM: Fluorescence, WET Labs CDOM [mg/m^3]
# name 11 = par/sat/log: PAR/Logarithmic, Satlantic [umol photons/m^2/sec]
# name 12 = CStarAt0: Beam Attenuation, WET Labs C-Star [1/m]
# name 13 = CStarTr0: Beam Transmission, WET Labs C-Star [%]
# name 14 = sbeox0ML/L: Oxygen, SBE 43 [ml/l], WS = 2
# name 15 = sbeox1ML/L: Oxygen, SBE 43, 2 [ml/l], WS = 2
# name 16 = sal00: Salinity, Practical [PSU]
# name 17 = sal11: Salinity, Practical, 2 [PSU]
# name 18 = sigma-t00: Density [sigma-t, kg/m^3 ]
# name 19 = sigma-t11: Density, 2 [sigma-t, kg/m^3 ]
# name 20 = oxsatML/L: Oxygen Saturation, Weiss [ml/l]
# name 21 = flag: flag
# span 0 =         51,      31578       
# span 1 =      2.037,    107.631       
# span 2 =    -1.5694,     6.6183       
# span 3 =    -1.5594,     6.6081       
# span 4 =   2.601415,   3.213992       
# span 5 =   2.602634,   3.212811       
# span 6 =     1.9800,     2.4093       
# span 7 =     2.4128,     2.9699       
# span 8 =      7.832,      8.063       
# span 9 =    -0.5918,     1.0057       
# span 10 =    -2.8130,   482.1870      
# span 11 = 1.0715e-01, 1.0752e-01      
# span 12 =    -0.1575,    -0.0036      
# span 13 =   100.0909,   104.0156      
# span 14 =     7.4176,     8.8063      
# span 15 =     7.3489,     9.3592      
# span 16 =    31.8786,    32.6988      
# span 17 =    31.8668,    32.6996      
# span 18 =    25.0263,    26.2995      
# span 19 =    25.0199,    26.3003      
# span 20 =    6.96048,    8.53127      
# span 21 = 0.0000e+00, 0.0000e+00      
# interval = scans: 3                   
# start_time = Jul 15 2020 03:35:42 [System UTC, header]
# bad_flag = -9.990e-29
*END*
[from data line 198]
        964     15.630     2.0389     2.0304   2.858698   2.858274     2.3171     2.7790      8.020     0.5681   481.3579 1.0715e-01    -0.0546   101.3751     8.2687     8.6252    32.2108    32.2143    25.7348    25.7381    7.77386 0.0000e+00
        967     15.732     2.0332     2.0255   2.858204   2.857943     2.3175     2.7794      8.019     0.5783   481.3579 1.0715e-01    -0.0546   101.3751     8.2695     8.6310    32.2104    32.2151    25.7348    25.7391    7.77502 0.0000e+00
        970     15.831     2.0296     2.0238   2.858033   2.857837     2.3166     2.7810      8.019     0.5783   481.3579 1.0715e-01    -0.0546   101.3751     8.2684     8.6473    32.2119    32.2154    25.7363    25.7395    7.77567 0.0000e+00
        973     15.932     2.0279     2.0193   2.857972   2.857407     2.3158     2.7818      8.019     0.5681   481.3579 1.0715e-01    -0.0578   101.4564     8.2635     8.6609    32.2129    32.2146    25.7372    25.7392    7.77596 0.0000e+00
        976     16.032     2.0270     2.0122   2.857882   2.856956     2.3158     2.7831      8.019     0.5885   481.3579 1.0715e-01    -0.0582   101.4655     8.2617     8.6725    32.2126    32.2162    25.7370    25.7409    7.77615 0.0000e+00
        979     16.131     2.0228     2.0110   2.857596   2.856945     2.3154     2.7847      8.019     0.5987   481.3579 1.0715e-01    -0.0578   101.4564     8.2605     8.6799    32.2132    32.2172    25.7378    25.7418    7.77695 0.0000e+00
        982     16.234     2.0168     2.0089   2.857209   2.856799     2.3146     2.7843      8.019     0.5885   422.0604 1.0715e-01    -0.0585   101.4745     8.2580     8.6782    32.2145    32.2174    25.7392    25.7421    7.77809 0.0000e+00
        985     16.337     2.0117     2.0033   2.856798   2.856335     2.3146     2.7851      8.019     0.5987    16.0185 1.0715e-01    -0.0585   101.4745     8.2551     8.6794    32.2145    32.2173    25.7396    25.7425    7.77910 0.0000e+00
        988     16.441     2.0030     1.9959   2.856204   2.855844     2.3134     2.7867      8.017     0.5885     8.0832 1.0715e-01    -0.0589   101.4836     8.2448     8.6846    32.2160    32.2186    25.7414    25.7441    7.78077 0.0000e+00
        991     16.550     1.9974     1.9896   2.855843   2.855330     2.3138     2.7908      8.019     0.6089     8.8728 1.0715e-01    -0.0578   101.4564     8.2484     8.6964    32.2170    32.2187    25.7427    25.7445    7.78182 0.0000e+00
        994     16.661     1.9899     1.9754   2.855210   2.854287     2.3138     2.7937      8.019     0.5987     8.8333 1.0715e-01    -0.0589   101.4836     8.2537     8.7035    32.2167    32.2201    25.7430    25.7467    7.78334 0.0000e+00
        997     16.774     1.9781     1.9677   2.854339   2.853882     2.3122     2.7937      8.019     0.5885     8.7938 1.0715e-01    -0.0589   101.4836     8.2502     8.6987    32.2179    32.2227    25.7448    25.7494    7.78564 0.0000e+00
       1000     16.887     1.9718     1.9644   2.853977   2.853671     2.3126     2.7937      8.017     0.5783     8.7938 1.0715e-01    -0.0589   101.4836     8.2547     8.6930    32.2198    32.2234    25.7467    25.7502    7.78681 0.0000e+00
       1003     17.001     1.9690     1.9616   2.853798   2.853383     2.3122     2.7937      8.016     0.5987     8.8333 1.0715e-01    -0.0589   101.4836     8.2552     8.6869    32.2203    32.2227    25.7473    25.7498    7.78733 0.0000e+00
       1006     17.118     1.9664     1.9613   2.853665   2.853482     2.3118     2.7949      8.016     0.5987     8.7938 1.0715e-01    -0.0589   101.4836     8.2547     8.6835    32.2212    32.2241    25.7483    25.7509    7.78781 0.0000e+00
       1009     17.233     1.9670     1.9629   2.853793   2.853681     2.3097     2.7949      8.014     0.5987   178.9485 1.0715e-01    -0.0589   101.4836     8.2446     8.6732    32.2222    32.2250    25.7490    25.7515    7.78764 0.0000e+00
       1012     17.349     1.9656     1.9618   2.853694   2.853574     2.3097     2.7961      8.014     0.5885   482.1870 1.0715e-01    -0.0578   101.4564     8.2489     8.6660    32.2223    32.2247    25.7492    25.7514    7.78791 0.0000e+00
       1015     17.466     1.9651     1.9598   2.853744   2.853485     2.3105     2.7961      8.014     0.5885   481.1606 1.0715e-01    -0.0571   101.4383     8.2546     8.6595    32.2233    32.2255    25.7500    25.7521    7.78795 0.0000e+00
       1018     17.583     1.9648     1.9596   2.853708   2.853592     2.3101     2.7965      8.014     0.5885   481.3184 1.0715e-01    -0.0575   101.4474     8.2566     8.6627    32.2231    32.2270    25.7499    25.7534    7.78802 0.0000e+00
       1021     17.701     1.9654     1.9589   2.853770   2.853420     2.3093     2.7973      8.014     0.5885   481.3184 1.0715e-01    -0.0575   101.4474     8.2568     8.6681    32.2232    32.2254    25.7499    25.7522    7.78790 0.0000e+00
       1024     17.819     1.9640     1.9563   2.853588   2.853343     2.3097     2.7985      8.014     0.5783   481.3579 1.0715e-01    -0.0571   101.4383     8.2623     8.6748    32.2223    32.2271    25.7493    25.7537    7.78822 0.0000e+00
       1027     17.937     1.9602     1.9588   2.853346   2.853497     2.3093     2.7985      8.014     0.6089   481.3579 1.0715e-01    -0.0571   101.4383     8.2634     8.6725    32.2231    32.2265    25.7503    25.7530    7.78895 0.0000e+00
       1030     18.052     1.9570     1.9541   2.853183   2.853090     2.3081     2.7994      8.014     0.6292   481.3579 1.0715e-01    -0.0568   101.4293     8.2608     8.6759    32.2243    32.2261    25.7514    25.7530    7.78952 0.0000e+00
       1033     18.168     1.9558     1.9514   2.853185   2.852989     2.3077     2.7998      8.014     0.6496   481.3579 1.0715e-01    -0.0617   101.5559     8.2604     8.6766    32.2254    32.2275    25.7524    25.7544    7.78970 0.0000e+00
       1036     18.283     1.9552     1.9502   2.853200   2.852902     2.3089     2.8002      8.014     0.6496   481.3579 1.0715e-01    -0.0639   101.6102     8.2612     8.6755    32.2262    32.2275    25.7531    25.7545    7.78978 0.0000e+00
       1039     18.393     1.9551     1.9496   2.853204   2.852934     2.3081     2.8018      8.014     0.6496   481.3579 1.0715e-01    -0.0635   101.6011     8.2566     8.6785    32.2263    32.2285    25.7531    25.7553    7.78979 0.0000e+00
       1042     18.504     1.9549     1.9504   2.853278   2.853042     2.3081     2.8022      8.014     0.6699   481.3579 1.0715e-01    -0.0632   101.5921     8.2561     8.6773    32.2274    32.2291    25.7540    25.7557    7.78979 0.0000e+00
       1045     18.614     1.9549     1.9493   2.853165   2.852841     2.3077     2.8018      8.014     0.6597   481.3579 1.0715e-01    -0.0632   101.5921     8.2538     8.6734    32.2259    32.2275    25.7528    25.7545    7.78986 0.0000e+00
       1048     18.720     1.9475     1.9438   2.852648   2.852383     2.3077     2.8026      8.014     0.6597   481.3579 1.0715e-01    -0.0632   101.5921     8.2550     8.6717    32.2269    32.2274    25.7542    25.7548    7.79128 0.0000e+00
       1051     18.824     1.9416     1.9333   2.852285   2.851565     2.3065     2.8026      8.014     0.6597   481.3579 1.0715e-01    -0.0635   101.6011     8.2518     8.6703    32.2283    32.2279    25.7557    25.7559    7.79239 0.0000e+00
       1054     18.927     1.9363     1.9245   2.851772   2.851180     2.3065     2.8034      8.014     0.6699   481.3579 1.0715e-01    -0.0639   101.6102     8.2530     8.6709    32.2273    32.2320    25.7553    25.7599    7.79351 0.0000e+00
       1057     19.028     1.9288     1.9221   2.851302   2.851024     2.3065     2.8034      8.014     0.7310   481.3579 1.0715e-01    -0.0642   101.6192     8.2532     8.6675    32.2291    32.2324    25.7573    25.7604    7.79493 0.0000e+00
       1060     19.125     1.9256     1.9158   2.851162   2.850521     2.3052     2.8034      8.014     0.7310   475.3966 1.0715e-01    -0.0642   101.6192     8.2464     8.6621    32.2305    32.2325    25.7586    25.7609    7.79549 0.0000e+00
       1063     19.221     1.9266     1.9164   2.851442   2.850736     2.3061     2.8038      8.014     0.7412    59.5244 1.0715e-01    -0.0639   101.6102     8.2511     8.6601    32.2329    32.2345    25.7605    25.7625    7.79516 0.0000e+00
       1066     19.314     1.9301     1.9226   2.851472   2.851352     2.3048     2.8051      8.014     0.7615     5.7934 1.0715e-01    -0.0642   101.6192     8.2442     8.6618    32.2297    32.2358    25.7576    25.7631    7.79463 0.0000e+00
       1069     19.409     1.9318     1.9382   2.851986   2.852639     2.3048     2.8043      8.014     0.7513     8.7149 1.0715e-01    -0.0642   101.6192     8.2460     8.6545    32.2343    32.2359    25.7612    25.7620    7.79405 0.0000e+00
       1072     19.500     1.9468     1.9467   2.853097   2.853106     2.3044     2.8034      8.014     0.7412     8.6359 1.0715e-01    -0.0635   101.6011     8.2438     8.6488    32.2329    32.2330    25.7590    25.7592    7.79112 0.0000e+00
       1075     19.589     1.9490     1.9497   2.853142   2.853312     2.3048     2.8047      8.014     0.7412     8.5570 1.0715e-01    -0.0632   101.5921     8.2446     8.6498    32.2311    32.2325    25.7574    25.7585    7.79076 0.0000e+00
       1078     19.677     1.9512     1.9497   2.853397   2.853274     2.3044     2.8047      8.014     0.7615     8.5570 1.0715e-01    -0.0632   101.5921     8.2381     8.6476    32.2320    32.2319    25.7580    25.7580    7.79029 0.0000e+00
       1081     19.765     1.9530     1.9491   2.853493   2.853303     2.3040     2.8043      8.014     0.7412     8.5570 1.0715e-01    -0.0632   101.5921     8.2347     8.6444    32.2313    32.2328    25.7573    25.7588    7.78996 0.0000e+00
       1084     19.853     1.9530     1.9489   2.853502   2.853317     2.3032     2.8038      8.014     0.7818     8.5570 1.0715e-01    -0.0632   101.5921     8.2296     8.6417    32.2314    32.2332    25.7573    25.7591    7.78995 0.0000e+00
       1087     19.942     1.9531     1.9486   2.853568   2.853342     2.3032     2.8047      8.014     0.7818    92.4894 1.0715e-01    -0.0632   101.5921     8.2286     8.6424    32.2321    32.2338    25.7579    25.7596    7.78990 0.0000e+00
       1090     20.032     1.9534     1.9484   2.853581   2.853370     2.3028     2.8047      8.014     0.7717   476.5415 1.0715e-01    -0.0632   101.5921     8.2269     8.6436    32.2318    32.2343    25.7577    25.7600    7.78985 0.0000e+00
       1093     20.124     1.9529     1.9489   2.853618   2.853454     2.3032     2.8059      8.014     0.7818   481.3974 1.0715e-01    -0.0628   101.5831     8.2270     8.6511    32.2327    32.2348    25.7584    25.7604    7.78989 0.0000e+00
       1096     20.216     1.9529     1.9490   2.853637   2.853450     2.3028     2.8051      8.014     0.7818   481.2790 1.0715e-01    -0.0632   101.5921     8.2244     8.6464    32.2329    32.2346    25.7586    25.7602    7.78989 0.0000e+00
       1099     20.309     1.9531     1.9487   2.853698   2.853473     2.3012     2.8047      8.014     0.7818   481.3184 1.0715e-01    -0.0632   101.5921     8.2148     8.6422    32.2334    32.2351    25.7590    25.7606    7.78982 0.0000e+00
       1102     20.402     1.9534     1.9483   2.853714   2.853439     2.3004     2.8047      8.014     0.7818   481.3184 1.0715e-01    -0.0632   101.5921     8.2116     8.6416    32.2333    32.2350    25.7589    25.7607    7.78977 0.0000e+00
       1105     20.497     1.9528     1.9266   2.853769   2.851530     2.3008     2.8047      8.014     0.7818   481.3579 1.0715e-01    -0.0632   101.5921     8.2133     8.6464    32.2346    32.2333    25.7599    25.7608    7.78983 0.0000e+00
       1108     20.596     1.9493     1.9044   2.853275   2.850050     2.3004     2.8051      8.014     0.7818   481.3184 1.0715e-01    -0.0632   101.5921     8.2127     8.6495    32.2319    32.2375    25.7580    25.7657    7.79067 0.0000e+00
       1111     20.699     1.9230     1.8989   2.851116   2.849805     2.3004     2.8047      8.014     0.7920   481.3579 1.0715e-01    -0.0632   101.5921     8.2178     8.6470    32.2318    32.2400    25.7598    25.7681    7.79595 0.0000e+00
       1114     20.804     1.9080     1.8979   2.850219   2.849740     2.3004     2.8059      8.014     0.7920   481.3579 1.0715e-01    -0.0628   101.5831     8.2203     8.6507    32.2358    32.2402    25.7641    25.7683    7.79874 0.0000e+00
       1117     20.912     1.9036     1.8950   2.850037   2.849473     2.2995     2.8055      8.014     0.7818   481.3184 1.0715e-01    -0.0632   101.5921     8.2186     8.6480    32.2380    32.2396    25.7662    25.7681    7.79951 0.0000e+00
       1120     21.019     1.9002     1.8905   2.849725   2.849109     2.2987     2.8047      8.014     0.7920   481.3184 1.0715e-01    -0.0628   101.5831     8.2184     8.6453    32.2374    32.2397    25.7660    25.7685    7.80021 0.0000e+00
       1123     21.131     1.8921     1.8849   2.849037   2.848683     2.2983     2.8047      8.014     0.7615   481.3579 1.0715e-01    -0.0632   101.5921     8.2200     8.6442    32.2371    32.2400    25.7663    25.7691    7.80186 0.0000e+00
       1126     21.244     1.8807     1.8727   2.848235   2.847662     2.2987     2.8047      8.014     0.7818   481.3184 1.0715e-01    -0.0632   101.5921     8.2231     8.6427    32.2386    32.2397    25.7683    25.7697    7.80406 0.0000e+00
       1129     21.362     1.8771     1.8543   2.848052   2.846322     2.2975     2.8047      8.014     0.7717   481.3184 1.0715e-01    -0.0628   101.5831     8.2162     8.6392    32.2400    32.2416    25.7696    25.7726    7.80472 0.0000e+00
       1132     21.483     1.8700     1.8510   2.847392   2.846458     2.2979     2.8043      8.014     0.7717   481.3579 1.0715e-01    -0.0632   101.5921     8.2179     8.6296    32.2389    32.2467    25.7693    25.7768    7.80620 0.0000e+00
       1135     21.602     1.8656     1.8530   2.847432   2.846507     2.2967     2.8047      8.014     0.6699   481.3579 1.0715e-01    -0.0671   101.6916     8.2091     8.6212    32.2439    32.2451    25.7736    25.7755    7.80683 0.0000e+00
       1138     21.722     1.8763     1.8546   2.848482   2.846885     2.2967     2.8047      8.014     0.6597   481.3579 1.0715e-01    -0.0675   101.7006     8.2023     8.6124    32.2460    32.2482    25.7745    25.7778    7.80456 0.0000e+00
       1141     21.845     1.8801     1.8674   2.848674   2.847825     2.2963     2.8034      8.013     0.6597   481.3579 1.0715e-01    -0.0675   101.7006     8.1947     8.5961    32.2444    32.2468    25.7729    25.7758    7.80388 0.0000e+00
       1144     21.968     1.8776     1.8735   2.847777   2.847938     2.2963     2.8034      8.014     0.6496   481.3579 1.0715e-01    -0.0675   101.7006     8.1917     8.5839    32.2357    32.2419    25.7662    25.7715    7.80484 0.0000e+00
       1147     22.092     1.8464     1.8513   2.845392   2.845743     2.2955     2.8034      8.015     0.6597   481.3579 1.0715e-01    -0.0675   101.7006     8.1908     8.5783    32.2376    32.2371    25.7699    25.7691    7.81100 0.0000e+00
       1150     22.217     1.8323     1.8292   2.844786   2.844613     2.2955     2.8018      8.015     0.6394   481.3579 1.0715e-01    -0.0675   101.7006     8.1899     8.5671    32.2445    32.2454    25.7764    25.7773    7.81349 0.0000e+00
       1153     22.341     1.8268     1.8192   2.844431   2.843896     2.2943     2.8002      8.015     0.6394   481.3184 1.0715e-01    -0.0671   101.6916     8.1837     8.5542    32.2455    32.2467    25.7776    25.7790    7.81453 0.0000e+00
       1156     22.465     1.8210     1.8052   2.844018   2.842708     2.2939     2.7994      8.015     0.6597   481.3579 1.0715e-01    -0.0685   101.7277     8.1793     8.5484    32.2463    32.2460    25.7786    25.7796    7.81567 0.0000e+00
