Datasets/AZMP/TEL210/tel210_2020_025.cnv
* Sea-Bird SBE 9 Data File:
* FileName = C:\CTDDATA\tel210_2020_025.hex
* Software Version Seasave V 7.26.7.110
* Temperature SN = 1697
* Conductivity SN = 4216
* Number of Bytes Per Scan = 30
* Number of Voltage Words = 4
* Number of Scans Averaged by the Deck Unit = 1
* NMEA baud rate = 4800
** VESSEL/TRIP/SEQ STN:  tel210_2020_025
** LATITUDE XX XX.XX: 47 00.00 N
** LONGITUDE XX XX.XX: 045 30.00 W
** SOUNDING DEPTH (M): 0250
** PROBE TYPE: S1146
** CTD NUMBER: 024
** COMMENTS (14 CHAR): FC-23
** BOTTLES:  10
** LEVELS: 5,10,20,30,40,50,75,100,150,BTM
** STICKERS: 435902 - 435911
** VNET: Y
** DO2: N
# nquan = 22
# nvalues = 5334                        
# units = specified
# name 0 = scan: Scan Count
# name 1 = prDM: Pressure, Digiquartz [db]
# name 2 = t090C: Temperature [ITS-90, deg C]
# name 3 = t190C: Temperature, 2 [ITS-90, deg C]
# name 4 = c0S/m: Conductivity [S/m]
# name 5 = c1S/m: Conductivity, 2 [S/m]
# name 6 = sbeox0V: Oxygen raw, SBE 43 [V]
# name 7 = sbeox1V: Oxygen raw, SBE 43, 2 [V]
# name 8 = ph: pH
# name 9 = flECO-AFL: Fluorescence, WET Labs ECO-AFL/FL [mg/m^3]
# name 10 = wetCDOM: Fluorescence, WET Labs CDOM [mg/m^3]
# name 11 = par/sat/log: PAR/Logarithmic, Satlantic [umol photons/m^2/sec]
# name 12 = CStarAt0: Beam Attenuation, WET Labs C-Star [1/m]
# name 13 = CStarTr0: Beam Transmission, WET Labs C-Star [%]
# name 14 = sbeox0ML/L: Oxygen, SBE 43 [ml/l], WS = 2
# name 15 = sbeox1ML/L: Oxygen, SBE 43, 2 [ml/l], WS = 2
# name 16 = sal00: Salinity, Practical [PSU]
# name 17 = sal11: Salinity, Practical, 2 [PSU]
# name 18 = sigma-t00: Density [sigma-t, kg/m^3 ]
# name 19 = sigma-t11: Density, 2 [sigma-t, kg/m^3 ]
# name 20 = oxsatML/L: Oxygen Saturation, Weiss [ml/l]
# name 21 = flag: flag
# span 0 =         53,      49941       
# span 1 =      0.264,    252.835       
# span 2 =     3.7127,    11.1518       
# span 3 =     3.7076,    11.1451       
# span 4 =   3.188596,   3.752025       
# span 5 =   3.187761,   3.750930       
# span 6 =     1.6471,     2.4326       
# span 7 =     1.9694,     2.9692       
# span 8 =      7.882,      8.212       
# span 9 =    -0.6325,     5.3911       
# span 10 =    -2.8130,   482.1870      
# span 11 = 1.0678e-01, 2.1857e+00      
# span 12 =    -0.1240,     2.0540      
# span 13 =    59.8399,   103.1475      
# span 14 =     5.0081,     7.7160      
# span 15 =     5.2226,     8.0963      
# span 16 =    33.1474,    34.8257      
# span 17 =    33.3224,    34.8244      
# span 18 =    25.3060,    27.6279      
# span 19 =    25.4434,    27.6271      
# span 20 =    6.22680,    7.34089      
# span 21 = 0.0000e+00, 0.0000e+00      
# interval = scans: 3                   
# start_time = Jul 17 2020 22:42:13 [System UTC, header]
# bad_flag = -9.990e-29
*END*
[from data line 3622]
      17533    141.490     3.8097     3.8046   3.209396   3.208849     1.9431     2.3462      7.969    -0.5918     6.1882 1.0715e-01    -0.1173   102.9757     6.3294     6.6207    34.5764    34.5753    27.4687    27.4684    7.31836 0.0000e+00
      17536    141.350     3.8067     3.8037   3.208962   3.208818     1.9431     2.3470      7.969    -0.5714     6.1882 1.0715e-01    -0.1166   102.9576     6.3321     6.6245    34.5745    34.5759    27.4675    27.4690    7.31900 0.0000e+00
      17539    141.209     3.8044     3.8007   3.208715   3.208317     1.9431     2.3478      7.969    -0.5918     6.1882 1.0715e-01    -0.1169   102.9667     6.3328     6.6273    34.5741    34.5732    27.4674    27.4671    7.31944 0.0000e+00
      17542    141.069     3.8013     3.7971   3.208359   3.207862     1.9439     2.3478      7.969    -0.5816     6.1882 1.0715e-01    -0.1173   102.9757     6.3356     6.6293    34.5731    34.5717    27.4670    27.4663    7.32004 0.0000e+00
      17545    140.931     3.8002     3.7921   3.208282   3.207249     1.9439     2.3486      7.969    -0.5816     6.1882 1.0715e-01    -0.1166   102.9576     6.3354     6.6321    34.5734    34.5696    27.4673    27.4652    7.32022 0.0000e+00
      17548    140.797     3.8005     3.7884   3.208341   3.206930     1.9443     2.3490      7.969    -0.5816     6.1882 1.0715e-01    -0.1173   102.9757     6.3378     6.6320    34.5739    34.5699    27.4677    27.4657    7.32014 0.0000e+00
      17551    140.661     3.7979     3.7850   3.207872   3.206455     1.9443     2.3490      7.969    -0.5714     6.1882 1.0715e-01    -0.1166   102.9576     6.3388     6.6297    34.5711    34.5678    27.4658    27.4644    7.32075 0.0000e+00
      17554    140.526     3.7921     3.7853   3.207208   3.206634     1.9451     2.3498      7.969    -0.5816     4.8854 1.0715e-01    -0.1162   102.9486     6.3435     6.6286    34.5694    34.5697    27.4649    27.4659    7.32188 0.0000e+00
      17557    140.397     3.7917     3.7832   3.207334   3.206237     1.9459     2.3498      7.969    -0.5816    -0.0100 1.0715e-01    -0.1173   102.9757     6.3495     6.6287    34.5714    34.5673    27.4666    27.4642    7.32186 0.0000e+00
      17560    140.269     3.7907     3.7797   3.207140   3.205870     1.9455     2.3511      7.969    -0.5816     0.1479 1.0715e-01    -0.1173   102.9757     6.3482     6.6315    34.5702    34.5667    27.4657    27.4640    7.32209 0.0000e+00
      17563    140.146     3.7887     3.7810   3.207075   3.206085     1.9455     2.3511      7.969    -0.5714     0.0690 1.0715e-01    -0.1173   102.9757     6.3479     6.6312    34.5716    34.5680    27.4671    27.4649    7.32239 0.0000e+00
      17566    140.030     3.7918     3.7812   3.207498   3.206005     1.9459     2.3515      7.969    -0.5816     0.1479 1.0715e-01    -0.1173   102.9757     6.3481     6.6309    34.5735    34.5669    27.4683    27.4641    7.32174 0.0000e+00
      17569    139.920     3.7955     3.7828   3.207911   3.206281     1.9464     2.3511      7.969    -0.5816     0.1479 1.0715e-01    -0.1173   102.9757     6.3489     6.6267    34.5746    34.5685    27.4688    27.4652    7.32102 0.0000e+00
      17572    139.818     3.7944     3.7863   3.207717   3.206667     1.9459     2.3511      7.969    -0.5714     0.1479 1.0715e-01    -0.1173   102.9757     6.3448     6.6238    34.5735    34.5695    27.4680    27.4656    7.32128 0.0000e+00
      17575    139.723     3.7950     3.7891   3.207873   3.207211     1.9472     2.3511      7.969    -0.5816     0.1479 1.0715e-01    -0.1162   102.9486     6.3504     6.6230    34.5747    34.5730    27.4689    27.4681    7.32110 0.0000e+00
      17578    139.634     3.8019     3.7995   3.208575   3.208260     1.9476     2.3511      7.969    -0.5714     0.1479 1.0715e-01    -0.1162   102.9486     6.3489     6.6204    34.5759    34.5746    27.4691    27.4684    7.31980 0.0000e+00
      17581    139.554     3.8065     3.8044   3.208933   3.208767     1.9476     2.3523      7.969    -0.5714     0.5822 1.0715e-01    -0.1162   102.9486     6.3487     6.6227    34.5754    34.5755    27.4683    27.4686    7.31900 0.0000e+00
      17584    139.483     3.8046     3.8033   3.208684   3.208829     1.9480     2.3527      7.969    -0.5816     1.2139 1.0715e-01    -0.1162   102.9486     6.3514     6.6235    34.5744    34.5775    27.4676    27.4703    7.31938 0.0000e+00
      17587    139.418     3.8042     3.8052   3.208335   3.208896     1.9480     2.3531      7.969    -0.5816     1.2139 1.0715e-01    -0.1162   102.9486     6.3515     6.6270    34.5706    34.5763    27.4647    27.4691    7.31963 0.0000e+00
      17590    139.355     3.7895     3.7958   3.206660   3.207731     1.9484     2.3527      7.969    -0.5613     1.2139 1.0715e-01    -0.1162   102.9486     6.3557     6.6296    34.5663    34.5724    27.4627    27.4669    7.32251 0.0000e+00
      17593    139.301     3.7854     3.7900   3.206478   3.207097     1.9480     2.3527      7.969    -0.5918     1.2139 1.0715e-01    -0.1159   102.9395     6.3526     6.6309    34.5684    34.5710    27.4649    27.4665    7.32314 0.0000e+00
      17596    139.252     3.7841     3.7894   3.206150   3.207110     1.9484     2.3531      7.969    -0.5816     1.2139 1.0715e-01    -0.1162   102.9486     6.3523     6.6315    34.5660    34.5719    27.4630    27.4672    7.32350 0.0000e+00
      17599    139.215     3.7795     3.7876   3.205629   3.206816     1.9492     2.3539      7.969    -0.5714     1.2139 1.0715e-01    -0.1162   102.9486     6.3547     6.6347    34.5646    34.5703    27.4624    27.4661    7.32440 0.0000e+00
      17602    139.177     3.7770     3.7877   3.205407   3.206842     1.9492     2.3543      7.969    -0.5816     1.2139 1.0715e-01    -0.1162   102.9486     6.3564     6.6332    34.5646    34.5704    27.4627    27.4662    7.32485 0.0000e+00
      17605    139.145     3.7762     3.7846   3.205331   3.206401     1.9492     2.3531      7.969    -0.5816     1.2139 1.0715e-01    -0.1162   102.9486     6.3569     6.6271    34.5646    34.5685    27.4627    27.4649    7.32500 0.0000e+00
      17608    139.115     3.7756     3.7804   3.205207   3.205926     1.9500     2.3547      7.969    -0.5613     2.2008 1.0715e-01    -0.1162   102.9486     6.3592     6.6345    34.5637    34.5673    27.4621    27.4645    7.32514 0.0000e+00
      17611    139.089     3.7754     3.7799   3.205157   3.205804     1.9500     2.3551      7.969    -0.5714     2.5167 1.0715e-01    -0.1162   102.9486     6.3598     6.6384    34.5634    34.5664    27.4618    27.4638    7.32520 0.0000e+00
      17614    139.067     3.7748     3.7746   3.205102   3.205072     1.9504     2.3551      7.969    -0.5714     2.5167 1.0715e-01    -0.1162   102.9486     6.3634     6.6414    34.5634    34.5632    27.4619    27.4618    7.32531 0.0000e+00
      17617    139.042     3.7748     3.7711   3.205112   3.204684     1.9496     2.3543      7.969    -0.5816     2.5167 1.0715e-01    -0.1173   102.9757     6.3614     6.6390    34.5635    34.5623    27.4620    27.4614    7.32530 0.0000e+00
      17620    139.014     3.7746     3.7706   3.205060   3.204651     1.9504     2.3551      7.969    -0.5816     2.5167 1.0715e-01    -0.1173   102.9757     6.3622     6.6410    34.5631    34.5625    27.4617    27.4616    7.32535 0.0000e+00
      17623    138.986     3.7750     3.7711   3.205104   3.204707     1.9508     2.3560      7.969    -0.5714     2.5167 1.0715e-01    -0.1166   102.9576     6.3636     6.6438    34.5632    34.5626    27.4618    27.4617    7.32528 0.0000e+00
      17626    138.957     3.7751     3.7715   3.205097   3.204800     1.9513     2.3551      7.969    -0.5613     2.5167 1.0715e-01    -0.1162   102.9486     6.3656     6.6416    34.5630    34.5633    27.4615    27.4622    7.32527 0.0000e+00
      17629    138.924     3.7751     3.7745   3.205128   3.205250     1.9508     2.3547      7.969    -0.5918     2.5167 1.0715e-01    -0.1173   102.9757     6.3645     6.6401    34.5634    34.5655    27.4619    27.4636    7.32525 0.0000e+00
      17632    138.889     3.7752     3.7815   3.205126   3.206003     1.9508     2.3572      7.969    -0.5918     2.5562 1.0715e-01    -0.1166   102.9576     6.3630     6.6462    34.5633    34.5671    27.4618    27.4642    7.32523 0.0000e+00
      17635    138.847     3.7750     3.7809   3.205183   3.205778     1.9517     2.3568      7.969    -0.5918     2.9509 1.0715e-01    -0.1162   102.9486     6.3648     6.6457    34.5642    34.5651    27.4625    27.4627    7.32522 0.0000e+00
      17638    138.800     3.7754     3.7802   3.205133   3.205773     1.9529     2.3572      7.969    -0.5714     2.9904 1.0715e-01    -0.1169   102.9667     6.3699     6.6482    34.5633    34.5658    27.4618    27.4633    7.32521 0.0000e+00
      17641    138.750     3.7747     3.7793   3.205186   3.205639     1.9521     2.3572      7.969    -0.5816     2.9904 1.0715e-01    -0.1173   102.9757     6.3663     6.6487    34.5647    34.5652    27.4630    27.4629    7.32527 0.0000e+00
      17644    138.689     3.7759     3.7782   3.205264   3.205493     1.9521     2.3572      7.969    -0.5816     2.9904 1.0715e-01    -0.1166   102.9576     6.3640     6.6460    34.5644    34.5646    27.4626    27.4626    7.32507 0.0000e+00
      17647    138.618     3.7756     3.7767   3.205162   3.205315     1.9521     2.3572      7.969    -0.5816     2.9904 1.0715e-01    -0.1173   102.9757     6.3620     6.6443    34.5635    34.5642    27.4619    27.4623    7.32516 0.0000e+00
      17650    138.542     3.7758     3.7745   3.205201   3.205013     1.9529     2.3584      7.969    -0.5816     2.9904 1.0715e-01    -0.1166   102.9576     6.3637     6.6483    34.5637    34.5629    27.4621    27.4616    7.32510 0.0000e+00
      17653    138.458     3.7762     3.7727   3.205231   3.204758     1.9533     2.3580      7.969    -0.5918     2.9904 1.0715e-01    -0.1173   102.9757     6.3636     6.6437    34.5638    34.5619    27.4621    27.4609    7.32504 0.0000e+00
      17656    138.364     3.7766     3.7710   3.205199   3.204569     1.9525     2.3584      7.969    -0.5918     2.9904 1.0715e-01    -0.1162   102.9486     6.3562     6.6410    34.5630    34.5614    27.4614    27.4608    7.32500 0.0000e+00
      17659    138.264     3.7754     3.7704   3.205057   3.204483     1.9525     2.3584      7.969    -0.5816     2.3982 1.0715e-01    -0.1166   102.9576     6.3527     6.6394    34.5626    34.5611    27.4612    27.4605    7.32524 0.0000e+00
      17662    138.162     3.7749     3.7700   3.204938   3.204430     1.9533     2.3588      7.969    -0.5918     1.1349 1.0715e-01    -0.1166   102.9576     6.3543     6.6402    34.5618    34.5609    27.4606    27.4604    7.32536 0.0000e+00
      17665    138.044     3.7739     3.7700   3.204736   3.204417     1.9533     2.3588      7.969    -0.5918     1.2139 1.0715e-01    -0.1162   102.9486     6.3558     6.6387    34.5605    34.5608    27.4597    27.4604    7.32561 0.0000e+00
      17668    137.920     3.7729     3.7716   3.204633   3.204669     1.9533     2.3584      7.969    -0.5714     1.2139 1.0715e-01    -0.1162   102.9486     6.3548     6.6328    34.5604    34.5622    27.4597    27.4613    7.32579 0.0000e+00
      17671    137.789     3.7728     3.7735   3.204631   3.204881     1.9533     2.3584      7.969    -0.5816     1.2139 1.0715e-01    -0.1162   102.9486     6.3520     6.6292    34.5605    34.5627    27.4599    27.4615    7.32581 0.0000e+00
      17674    137.657     3.7737     3.7724   3.204799   3.204579     1.9533     2.3596      7.967    -0.5918     1.2139 1.0715e-01    -0.1162   102.9486     6.3495     6.6323    34.5616    34.5604    27.4606    27.4598    7.32558 0.0000e+00
      17677    137.514     3.7751     3.7719   3.204916   3.204553     1.9533     2.3584      7.966    -0.5816     1.2139 1.0715e-01    -0.1159   102.9395     6.3494     6.6270    34.5616    34.5607    27.4605    27.4600    7.32533 0.0000e+00
      17680    137.368     3.7749     3.7707   3.204833   3.204247     1.9529     2.3584      7.964    -0.5714     1.2139 1.0715e-01    -0.1162   102.9486     6.3482     6.6267    34.5609    34.5584    27.4599    27.4583    7.32540 0.0000e+00
      17683    137.216     3.7741     3.7687   3.204665   3.203970     1.9529     2.3584      7.966    -0.5918     1.2139 1.0715e-01    -0.1162   102.9486     6.3461     6.6261    34.5599    34.5573    27.4592    27.4577    7.32561 0.0000e+00
      17686    137.060     3.7731     3.7668   3.204470   3.203594     1.9529     2.3596      7.964    -0.5714     1.4902 1.0715e-01    -0.1162   102.9486     6.3452     6.6299    34.5588    34.5549    27.4584    27.4559    7.32585 0.0000e+00
      17689    136.899     3.7731     3.7648   3.204450   3.203396     1.9537     2.3584      7.964    -0.5816     1.6876 1.0727e-01    -0.1162   102.9486     6.3488     6.6257    34.5585    34.5547    27.4582    27.4560    7.32585 0.0000e+00
      17692    136.736     3.7725     3.7636   3.204321   3.203149     1.9537     2.3576      7.964    -0.5918     1.6876 1.0727e-01    -0.1162   102.9486     6.3498     6.6228    34.5577    34.5532    27.4576    27.4549    7.32600 0.0000e+00
      17695    136.568     3.7734     3.7626   3.204487   3.203017     1.9529     2.3584      7.966    -0.5816     1.6876 1.0715e-01    -0.1155   102.9305     6.3458     6.6244    34.5588    34.5528    27.4584    27.4547    7.32577 0.0000e+00
      17698    136.400     3.7712     3.7638   3.204087   3.203223     1.9529     2.3588      7.964    -0.5918     1.6876 1.0715e-01    -0.1162   102.9486     6.3469     6.6258    34.5565    34.5540    27.4568    27.4555    7.32630 0.0000e+00
      17701    136.231     3.7714     3.7643   3.204136   3.203124     1.9533     2.3588      7.964    -0.5816     1.6876 1.0715e-01    -0.1162   102.9486     6.3507     6.6264    34.5569    34.5524    27.4571    27.4542    7.32624 0.0000e+00
      17704    136.060     3.7689     3.7606   3.203565   3.202512     1.9533     2.3584      7.965    -0.5816     1.6876 1.0715e-01    -0.1159   102.9395     6.3526     6.6234    34.5529    34.5490    27.4541    27.4519    7.32689 0.0000e+00
      17707    135.887     3.7660     3.7601   3.203171   3.202480     1.9533     2.3584      7.965    -0.5714     1.6876 1.0715e-01    -0.1155   102.9305     6.3517     6.6239    34.5514    34.5493    27.4532    27.4522    7.32749 0.0000e+00
      17710    135.720     3.7656     3.7588   3.203115   3.202263     1.9533     2.3580      7.965    -0.5816     1.6481 1.0715e-01    -0.1162   102.9486     6.3496     6.6241    34.5512    34.5482    27.4531    27.4514    7.32756 0.0000e+00
      17713    135.559     3.7634     3.7573   3.202729   3.201977     1.9537     2.3584      7.965    -0.5918     0.3058 1.0715e-01    -0.1162   102.9486     6.3509     6.6274    34.5489    34.5465    27.4515    27.4502    7.32807 0.0000e+00
      17716    135.400     3.7624     3.7559   3.202623   3.201768     1.9529     2.3584      7.965    -0.5816     0.0690 1.0715e-01    -0.1162   102.9486     6.3497     6.6269    34.5488    34.5455    27.4516    27.4496    7.32826 0.0000e+00
      17719    135.250     3.7623     3.7556   3.202581   3.201788     1.9533     2.3580      7.965    -0.5918     0.1479 1.0715e-01    -0.1169   102.9667     6.3520     6.6250    34.5485    34.5461    27.4513    27.4501    7.32829 0.0000e+00
      17722    135.102     3.7601     3.7563   3.202119   3.201866     1.9537     2.3584      7.965    -0.5918     0.1479 1.0715e-01    -0.1173   102.9757     6.3535     6.6258    34.5455    34.5464    27.4491    27.4503    7.32885 0.0000e+00
      17725    134.962     3.7587     3.7553   3.202000   3.201639     1.9541     2.3576      7.965    -0.5816     0.1084 1.0715e-01    -0.1169   102.9667     6.3558     6.6252    34.5455    34.5448    27.4493    27.4491    7.32909 0.0000e+00
