Datasets/AZMP/TEL210/tel210_2020_013.cnv
* Sea-Bird SBE 9 Data File:
* FileName = C:\CTDDATA\tel210_2020_013.hex
* Software Version Seasave V 7.26.7.110
* Temperature SN = 1697
* Conductivity SN = 4216
* Number of Bytes Per Scan = 30
* Number of Voltage Words = 4
* Number of Scans Averaged by the Deck Unit = 1
* NMEA baud rate = 4800
** VESSEL/TRIP/SEQ STN:  tel210_2020_013
** LATITUDE XX XX.XX: 47 00.00 N
** LONGITUDE XX XX.XX: 048 37.00 W
** SOUNDING DEPTH (M): 0102
** PROBE TYPE: S1146
** CTD NUMBER: 012
** COMMENTS (14 CHAR): FC-11
** BOTTLES:  0
** LEVELS:
** STICKERS:
** VNET: N
** DO2: N
# nquan = 22
# nvalues = 1706                        
# units = specified
# name 0 = scan: Scan Count
# name 1 = prDM: Pressure, Digiquartz [db]
# name 2 = t090C: Temperature [ITS-90, deg C]
# name 3 = t190C: Temperature, 2 [ITS-90, deg C]
# name 4 = c0S/m: Conductivity [S/m]
# name 5 = c1S/m: Conductivity, 2 [S/m]
# name 6 = sbeox0V: Oxygen raw, SBE 43 [V]
# name 7 = sbeox1V: Oxygen raw, SBE 43, 2 [V]
# name 8 = ph: pH
# name 9 = flECO-AFL: Fluorescence, WET Labs ECO-AFL/FL [mg/m^3]
# name 10 = wetCDOM: Fluorescence, WET Labs CDOM [mg/m^3]
# name 11 = par/sat/log: PAR/Logarithmic, Satlantic [umol photons/m^2/sec]
# name 12 = CStarAt0: Beam Attenuation, WET Labs C-Star [1/m]
# name 13 = CStarTr0: Beam Transmission, WET Labs C-Star [%]
# name 14 = sbeox0ML/L: Oxygen, SBE 43 [ml/l], WS = 2
# name 15 = sbeox1ML/L: Oxygen, SBE 43, 2 [ml/l], WS = 2
# name 16 = sal00: Salinity, Practical [PSU]
# name 17 = sal11: Salinity, Practical, 2 [PSU]
# name 18 = sigma-t00: Density [sigma-t, kg/m^3 ]
# name 19 = sigma-t11: Density, 2 [sigma-t, kg/m^3 ]
# name 20 = oxsatML/L: Oxygen Saturation, Weiss [ml/l]
# name 21 = flag: flag
# span 0 =         31,       8441       
# span 1 =      1.605,     98.509       
# span 2 =    -0.3967,    10.2900       
# span 3 =    -0.4016,    10.2859       
# span 4 =   2.723487,   3.573581       
# span 5 =   2.723051,   3.572998       
# span 6 =     1.7943,     2.3953       
# span 7 =     2.1696,     2.9139       
# span 8 =      7.752,      8.142       
# span 9 =    -0.5308,     2.0435       
# span 10 =    -2.8130,   482.1870      
# span 11 = 1.0715e-01, 1.5579e+02      
# span 12 =    -0.1194,     0.0116      
# span 13 =    99.7111,   103.0299      
# span 14 =     6.3309,     8.1805      
# span 15 =     6.2612,     8.7218      
# span 16 =    32.2311,    32.9855      
# span 17 =    32.2350,    32.9843      
# span 18 =    24.8163,    26.4979      
# span 19 =    24.8221,    26.4971      
# span 20 =    6.38500,    8.24351      
# span 21 = 0.0000e+00, 0.0000e+00      
# interval = scans: 3                   
# start_time = Jul 16 2020 09:47:56 [System UTC, header]
# bad_flag = -9.990e-29
*END*
[from data line 1252]
       6516     57.892     1.3070     1.3029   2.840978   2.841108     2.0757     2.5507      7.992     0.3545   388.9375 1.3954e+00    -0.0856   102.1618     7.8303     8.3367    32.7198    32.7257    26.1929    26.1979    7.89502 0.0000e+00
       6519     57.731     1.3144     1.3223   2.841477   2.841921     2.0794     2.5544      7.992     0.3545     2.6746 1.4198e+00    -0.0856   102.1618     7.8440     8.3482    32.7185    32.7159    26.1914    26.1888    7.89357 0.0000e+00
       6522     57.577     1.2976     1.3342   2.840111   2.843874     2.0826     2.5584      7.995     0.3647     3.0694 1.4463e+00    -0.0856   102.1618     7.8608     8.3593    32.7188    32.7283    26.1927    26.1979    7.89699 0.0000e+00
       6525     57.431     1.2905     1.3956   2.839734   2.847422     2.0851     2.5637      7.997     0.3647     3.8985 1.4580e+00    -0.0856   102.1618     7.8740     8.3632    32.7215    32.7092    26.1953    26.1786    7.89830 0.0000e+00
       6528     57.295     1.3048     1.3545   2.841347   2.844090     2.0891     2.5678      7.997     0.3647     3.8590 1.4870e+00    -0.0856   102.1618     7.8877     8.3875    32.7271    32.7100    26.1990    26.1819    7.89507 0.0000e+00
       6531     57.169     1.3473     1.3482   2.844370   2.844304     2.0924     2.5723      8.000     0.3545     3.8590 1.5148e+00    -0.0856   102.1618     7.8901     8.4036    32.7211    32.7193    26.1914    26.1899    7.88668 0.0000e+00
       6534     57.060     1.3575     1.3609   2.843833   2.845003     2.0957     2.5772      8.002     0.4868     3.8984 1.5413e+00    -0.0753   101.8995     7.8980     8.4163    32.7037    32.7150    26.1767    26.1856    7.88552 0.0000e+00
       6537     56.961     1.3649     1.3605   2.845477   2.845021     2.0985     2.5812      8.004     0.5783     3.8590 1.5719e+00    -0.0642   101.6192     7.9021     8.4261    32.7168    32.7157    26.1868    26.1862    7.88329 0.0000e+00
       6540     56.876     1.4151     1.3793   2.849409   2.846651     2.1010     2.5857      8.007     0.5885     3.8195 1.5828e+00    -0.0649   101.6373     7.8981     8.4338    32.7144    32.7168    26.1815    26.1858    7.87318 0.0000e+00
       6543     56.806     1.4504     1.3903   2.852144   2.847334     2.1038     2.5898      8.008     0.5783     4.3722 1.5938e+00    -0.0649   101.6373     7.8970     8.4410    32.7122    32.7139    26.1774    26.1828    7.86609 0.0000e+00
       6546     56.749     1.5195     1.4212   2.858357   2.849886     2.1067     2.5935      8.008     0.5681     5.0433 1.6142e+00    -0.0646   101.6282     7.8876     8.4365    32.7187    32.7140    26.1780    26.1809    7.85168 0.0000e+00
       6549     56.702     1.5874     1.4605   2.861869   2.852077     2.1095     2.5971      8.011     0.5681     5.0038 1.6311e+00    -0.0649   101.6373     7.8802     8.4302    32.6924    32.7008    26.1523    26.1676    7.83929 0.0000e+00
       6552     56.664     1.4824     1.4928   2.852954   2.855940     2.1132     2.6016      8.011     0.5783     5.0038 1.6330e+00    -0.0649   101.6373     7.9168     8.4300    32.6891    32.7161    26.1568    26.1777    7.86079 0.0000e+00
       6604     56.613     1.6631     1.7009   2.868760   2.870854     2.1592     2.6602      8.031     0.9243   322.4548 1.6292e+00    -0.0593   101.4926     8.0185     8.4996    32.7005    32.6875    26.1534    26.1405    7.82365 0.0000e+00
       6632     56.504     1.8207     1.8264   2.880272   2.880343     2.1828     2.6900      8.039     1.0667   481.2395 1.6405e+00    -0.0589   101.4836     8.0541     8.5236    32.6816    32.6765    26.1274    26.1230    7.79283 0.0000e+00
       6635     56.378     1.8411     1.8582   2.880568   2.881574     2.1832     2.6916      8.039     1.0871   481.2395 1.6634e+00    -0.0575   101.4474     8.0442     8.5154    32.6642    32.6591    26.1121    26.1068    7.78964 0.0000e+00
       6638     56.243     1.8364     1.8369   2.879773   2.879582     2.1869     2.6948      8.039     1.1481   481.2395 1.6789e+00    -0.0568   101.4293     8.0552     8.5255    32.6593    32.6563    26.1084    26.1060    7.79086 0.0000e+00
       6641     56.092     1.8306     1.8310   2.879760   2.879623     2.1889     2.6965      8.039     1.2804   481.2395 1.6925e+00    -0.0568   101.4293     8.0625     8.5244    32.6651    32.6630    26.1135    26.1118    7.79170 0.0000e+00
       6644     55.927     1.8505     1.8291   2.881726   2.879509     2.1909     2.6993      8.039     1.2702   481.2395 1.7241e+00    -0.0571   101.4383     8.0622     8.5279    32.6693    32.6636    26.1155    26.1124    7.78750 0.0000e+00
       6647     55.753     1.8795     1.8621   2.884431   2.884073     2.1922     2.7005      8.039     1.2702   481.2395 1.7482e+00    -0.0568   101.4293     8.0636     8.5155    32.6731    32.6867    26.1165    26.1285    7.78148 0.0000e+00
       6650     55.567     1.9127     1.9358   2.886042   2.888388     2.1942     2.7034      8.038     1.2702   481.2395 1.7788e+00    -0.0568   101.4293     8.0649     8.5035    32.6591    32.6645    26.1028    26.1055    7.77559 0.0000e+00
       6653     55.371     1.9289     1.9583   2.887136   2.888483     2.1958     2.7050      8.038     1.2804   481.2395 1.8078e+00    -0.0568   101.4293     8.0649     8.4999    32.6561    32.6426    26.0993    26.0863    7.77250 0.0000e+00
       6656     55.167     1.9245     1.9538   2.886659   2.889342     2.1987     2.7071      8.043     1.2804   481.2000 1.8438e+00    -0.0482   101.2123     8.0800     8.5042    32.6549    32.6581    26.0986    26.0990    7.77346 0.0000e+00
       6659     54.957     1.9471     1.9890   2.888682   2.891405     2.1999     2.7095      8.041     1.2702   481.2395 1.8869e+00    -0.0457   101.1490     8.0778     8.5004    32.6569    32.6476    26.0985    26.0881    7.76884 0.0000e+00
       6662     54.741     1.9675     1.9824   2.890545   2.891146     2.2019     2.7111      8.043     1.2804   481.2395 1.9333e+00    -0.0457   101.1490     8.0759     8.5018    32.6591    32.6513    26.0988    26.0915    7.76465 0.0000e+00
       6665     54.518     2.0265     2.0156   2.895303   2.893959     2.2040     2.7123      8.043     1.3618   481.2395 1.9602e+00    -0.0461   101.1580     8.0664     8.4937    32.6577    32.6522    26.0935    26.0898    7.75299 0.0000e+00
       6668     54.293     2.0465     2.0363   2.895844   2.894897     2.2060     2.7148      8.043     1.4636   481.2000 1.9922e+00    -0.0457   101.1490     8.0690     8.4941    32.6440    32.6427    26.0810    26.0806    7.74973 0.0000e+00
       6671     54.067     2.0453     2.0249   2.895552   2.893833     2.2089     2.7164      8.043     1.4534   481.2000 2.0366e+00    -0.0461   101.1580     8.0755     8.4990    32.6417    32.6413    26.0792    26.0804    7.75009 0.0000e+00
       6674     53.839     2.0493     2.0127   2.895420   2.893252     2.2097     2.7184      8.044     1.4534   242.1150 2.0817e+00    -0.0446   101.1218     8.0696     8.5030    32.6360    32.6467    26.0744    26.0857    7.74958 0.0000e+00
       6677     53.611     2.0450     2.0240   2.895421   2.893762     2.2113     2.7205      8.046     1.4432    -2.8130 2.1280e+00    -0.0353   100.8867     8.0721     8.5025    32.6406    32.6416    26.0784    26.0807    7.75020 0.0000e+00
       6680     53.387     2.0698     2.0145   2.897023   2.892709     2.2137     2.7221      8.047     1.4534    -2.1024 2.1752e+00    -0.0353   100.8867     8.0746     8.5049    32.6351    32.6383    26.0721    26.0788    7.74557 0.0000e+00
       6683     53.169     2.0700     2.0085   2.896454   2.892744     2.2158     2.7233      8.047     1.4432    -1.5102 2.2158e+00    -0.0353   100.8867     8.0823     8.5075    32.6279    32.6451    26.0663    26.0846    7.74589 0.0000e+00
       6686     52.958     2.0698     2.0280   2.895872   2.893934     2.2158     2.7250      8.047     1.4534    -1.5102 2.2390e+00    -0.0353   100.8867     8.0780     8.5061    32.6210    32.6399    26.0609    26.0790    7.74630 0.0000e+00
       6689     52.755     2.0668     2.0241   2.895369   2.893331     2.2178     2.7266      8.047     1.4534    -1.5102 2.2914e+00    -0.0353   100.8867     8.0843     8.5101    32.6179    32.6366    26.0586    26.0767    7.74705 0.0000e+00
       6692     52.562     2.0691     2.0256   2.895647   2.893357     2.2194     2.7282      8.050     1.8502    -1.5102 2.3207e+00    -0.0353   100.8867     8.0849     8.5152    32.6191    32.6354    26.0594    26.0756    7.74654 0.0000e+00
       6695     52.382     2.0833     2.0282   2.896657   2.893513     2.2203     2.7299      8.052     1.9112    -1.5102 2.3558e+00    -0.0360   100.9048     8.0832     8.5200    32.6172    32.6348    26.0568    26.0750    7.74382 0.0000e+00
       6698     52.216     2.0866     2.0517   2.896432   2.894608     2.2211     2.7303      8.052     1.9112    -1.5102 2.3832e+00    -0.0382   100.9591     8.0843     8.5160    32.6111    32.6243    26.0517    26.0648    7.74348 0.0000e+00
       6701     52.064     2.0944     2.0758   2.897936   2.895830     2.2243     2.7319      8.052     1.9011    -1.1154 2.4193e+00    -0.0385   100.9681     8.0915     8.5174    32.6218    32.6148    26.0597    26.0554    7.74138 0.0000e+00
       6704     51.929     2.1508     2.0774   2.902998   2.895864     2.2268     2.7335      8.054     1.8909    -1.0364 2.4588e+00    -0.0385   100.9681     8.0857     8.5247    32.6268    32.6137    26.0594    26.0544    7.72996 0.0000e+00
       6707     51.806     2.1700     2.0663   2.903551   2.895570     2.2276     2.7355      8.057     1.9011    -1.0364 2.4817e+00    -0.0382   100.9591     8.0835     8.5346    32.6140    32.6215    26.0477    26.0615    7.72683 0.0000e+00
       6710     51.700     2.2000     2.0780   2.906225   2.897380     2.2292     2.7368      8.057     1.9011    -1.0364 2.5134e+00    -0.0385   100.9681     8.0781     8.5349    32.6164    32.6320    26.0474    26.0690    7.72078 0.0000e+00
       6713     51.607     2.2242     2.0924   2.907618   2.897103     2.2300     2.7388      8.056     1.9112    -1.0364 2.5544e+00    -0.0378   100.9500     8.0673     8.5394    32.6088    32.6138    26.0395    26.0533    7.71640 0.0000e+00
       6716     51.527     2.2085     2.0654   2.906184   2.895626     2.2312     2.7413      8.056     1.8807    -1.0364 2.5662e+00    -0.0521   101.3117     8.0696     8.5528    32.6072    32.6233    26.0394    26.0630    7.71958 0.0000e+00
       6719     51.464     2.2562     2.1239   2.911845   2.901304     2.2329     2.7421      8.058     1.6772    -1.0364 2.5901e+00    -0.0653   101.6463     8.0561     8.5380    32.6284    32.6337    26.0526    26.0669    7.70909 0.0000e+00
       6722     51.413     2.3291     2.1830   2.916946   2.904672     2.2341     2.7441      8.059     1.6874    -1.0364 2.6051e+00    -0.0649   101.6373     8.0350     8.5297    32.6167    32.6147    26.0377    26.0473    7.69536 0.0000e+00
       6749     51.367     2.3889     2.2559   2.921107   2.910188     2.2406     2.7518      8.062     1.4839     1.0955 2.6203e+00    -0.0721   101.8181     8.0224     8.5092    32.6069    32.6082    26.0252    26.0365    7.68417 0.0000e+00
       6800     51.258     2.4097     2.3920   2.921905   2.920097     2.2532     2.7657      8.065     1.1075     5.3592 2.6476e+00    -0.0856   102.1618     8.0430     8.4765    32.5955    32.5912    26.0145    26.0125    7.68069 0.0000e+00
       6803     51.129     2.3895     2.3577   2.919093   2.917466     2.2528     2.7665      8.065     1.1278     5.3592 2.6753e+00    -0.0856   102.1618     8.0543     8.4932    32.5815    32.5940    26.0049    26.0174    7.68535 0.0000e+00
       6806     50.986     2.3501     2.3612   2.915416   2.918072     2.2536     2.7669      8.066     1.1075     7.8858 2.6846e+00    -0.0856   102.1618     8.0708     8.5001    32.5766    32.5979    26.0040    26.0202    7.69332 0.0000e+00
       6809     50.829     2.3194     2.3365   2.913522   2.914995     2.2544     2.7681      8.066     1.1075     8.2412 2.7284e+00    -0.0856   102.1618     8.0865     8.5149    32.5847    32.5854    26.0129    26.0121    7.69892 0.0000e+00
       6812     50.660     2.3296     2.3345   2.915262   2.915539     2.2557     2.7673      8.066     1.1075     8.2017 2.7601e+00    -0.0856   102.1618     8.0935     8.5163    32.5958    32.5942    26.0210    26.0193    7.69634 0.0000e+00
       6815     50.472     2.3539     2.3400   2.916830   2.914623     2.2565     2.7685      8.066     1.1075     8.2017 2.7890e+00    -0.0852   102.1528     8.0961     8.5212    32.5904    32.5774    26.0148    26.0054    7.69187 0.0000e+00
       6818     50.274     2.3681     2.3367   2.917596   2.913750     2.2585     2.7702      8.065     1.1176     8.2017 2.8280e+00    -0.0891   102.2522     8.1082     8.5291    32.5855    32.5701    26.0097    25.9999    7.68934 0.0000e+00
       6821     50.068     2.3723     2.3288   2.917664   2.913136     2.2589     2.7714      8.065     0.9039     8.2017 2.8742e+00    -0.0898   102.2703     8.1130     8.5389    32.5821    32.5707    26.0067    26.0010    7.68869 0.0000e+00
       6824     49.855     2.3637     2.3227   2.916524   2.912674     2.2602     2.7730      8.066     0.3443     8.2017 2.9176e+00    -0.0898   102.2703     8.1259     8.5478    32.5769    32.5714    26.0032    26.0020    7.69063 0.0000e+00
       6827     49.636     2.3429     2.3178   2.913825   2.912027     2.2610     2.7742      8.066     0.3647     8.2017 2.9516e+00    -0.0898   102.2703     8.1379     8.5541    32.5650    32.5686    25.9953    26.0001    7.69533 0.0000e+00
       6830     49.407     2.3210     2.3111   2.911496   2.910995     2.2614     2.7755      8.069     0.3647    86.2912 2.9928e+00    -0.0894   102.2613     8.1471     8.5612    32.5588    32.5627    25.9921    25.9959    7.69996 0.0000e+00
       6833     49.172     2.3118     2.3085   2.910947   2.910832     2.2626     2.7755      8.068     0.3647   474.4886 3.0452e+00    -0.0898   102.2703     8.1523     8.5597    32.5616    32.5635    25.9950    25.9968    7.70162 0.0000e+00
       6836     48.937     2.3088     2.3062   2.910242   2.910407     2.2638     2.7767      8.069     0.3647   481.2790 3.0735e+00    -0.0894   102.2613     8.1550     8.5638    32.5561    32.5608    25.9908    25.9948    7.70249 0.0000e+00
       6839     48.695     2.3020     2.3024   2.908987   2.910083     2.2650     2.7775      8.071     0.3545   481.0421 3.1272e+00    -0.0898   102.2703     8.1597     8.5646    32.5476    32.5607    25.9845    25.9950    7.70426 0.0000e+00
       6842     48.460     2.3038     2.3032   2.909967   2.910243     2.2667     2.7783      8.071     0.3647   481.1211 3.1894e+00    -0.0894   102.2613     8.1617     8.5659    32.5580    32.5621    25.9928    25.9960    7.70337 0.0000e+00
       6845     48.225     2.3135     2.3049   2.910652   2.910377     2.2671     2.7803      8.071     0.3545   481.1211 3.2564e+00    -0.0894   102.2613     8.1596     8.5723    32.5567    32.5621    25.9909    25.9959    7.70152 0.0000e+00
       6848     47.996     2.3217     2.3082   2.911127   2.910608     2.2683     2.7803      8.075     0.3341   481.1211 3.3326e+00    -0.0898   102.2703     8.1595     8.5712    32.5543    32.5617    25.9883    25.9953    7.70004 0.0000e+00
       6851     47.778     2.3321     2.3111   2.911462   2.910994     2.2695     2.7812      8.075     0.3036   481.1211 3.4027e+00    -0.0898   102.2703     8.1606     8.5771    32.5479    32.5636    25.9825    25.9967    7.69833 0.0000e+00
