Datasets/AZMP/TEL210/tel210_2020_109.cnv
* Sea-Bird SBE 9 Data File:
* FileName = C:\CTDDATA\tel210_2020_109.hex
* Software Version Seasave V 7.26.7.110
* Temperature SN = 1697
* Conductivity SN = 4216
* Number of Bytes Per Scan = 30
* Number of Voltage Words = 4
* Number of Scans Averaged by the Deck Unit = 1
* NMEA baud rate = 4800
** VESSEL/TRIP/SEQ STN:  tel210_2020_109
** LATITUDE XX XX.XX: 55 18.80 N
** LONGITUDE XX XX.XX: 58 17.20 W
** SOUNDING DEPTH (M): 0280
** PROBE TYPE: S1146
** CTD NUMBER: 075
** COMMENTS (14 CHAR): MB-03
** BOTTLES:  11
** LEVELS: 5,10,20,30,40,50,75,100,150,250,BTM
** STICKERS: 436319 - 436329
** VNET: Y
** DO2: N
# nquan = 22
# nvalues = 5515                        
# units = specified
# name 0 = scan: Scan Count
# name 1 = prDM: Pressure, Digiquartz [db]
# name 2 = t090C: Temperature [ITS-90, deg C]
# name 3 = t190C: Temperature, 2 [ITS-90, deg C]
# name 4 = c0S/m: Conductivity [S/m]
# name 5 = c1S/m: Conductivity, 2 [S/m]
# name 6 = sbeox0V: Oxygen raw, SBE 43 [V]
# name 7 = sbeox1V: Oxygen raw, SBE 43, 2 [V]
# name 8 = ph: pH
# name 9 = flECO-AFL: Fluorescence, WET Labs ECO-AFL/FL [mg/m^3]
# name 10 = wetCDOM: Fluorescence, WET Labs CDOM [mg/m^3]
# name 11 = par/sat/log: PAR/Logarithmic, Satlantic [umol photons/m^2/sec]
# name 12 = CStarAt0: Beam Attenuation, WET Labs C-Star [1/m]
# name 13 = CStarTr0: Beam Transmission, WET Labs C-Star [%]
# name 14 = sbeox0ML/L: Oxygen, SBE 43 [ml/l], WS = 2
# name 15 = sbeox1ML/L: Oxygen, SBE 43, 2 [ml/l], WS = 2
# name 16 = sal00: Salinity, Practical [PSU]
# name 17 = sal11: Salinity, Practical, 2 [PSU]
# name 18 = sigma-t00: Density [sigma-t, kg/m^3 ]
# name 19 = sigma-t11: Density, 2 [sigma-t, kg/m^3 ]
# name 20 = oxsatML/L: Oxygen Saturation, Weiss [ml/l]
# name 21 = flag: flag
# span 0 =         42,      46324       
# span 1 =      1.411,    267.468       
# span 2 =    -1.2427,     7.7440       
# span 3 =    -1.2469,     7.7417       
# span 4 =   2.605153,   3.225189       
# span 5 =   2.604673,   3.224837       
# span 6 =     1.9162,     2.4419       
# span 7 =     2.3216,     3.0176       
# span 8 =      7.989,      8.261       
# span 9 =     0.6664,     3.3224       
# span 10 =    -2.8130,   482.1870      
# span 11 = 1.0715e-01, 6.4775e+02      
# span 12 =    -0.1449,     0.2155      
# span 13 =    94.7555,   103.6901      
# span 14 =     7.0664,     8.9505      
# span 15 =     7.1443,     9.7323      
# span 16 =    31.0025,    33.4442      
# span 17 =    31.0008,    33.4449      
# span 18 =    24.1717,    26.8638      
# span 19 =    24.1710,    26.8646      
# span 20 =    6.82001,    8.46096      
# span 21 = 0.0000e+00, 0.0000e+00      
# interval = scans: 3                   
# start_time = Jul 27 2020 18:04:32 [System UTC, header]
# bad_flag = -9.990e-29
*END*
[from data line 4280]
      22686    110.008    -1.1308    -1.1342   2.642763   2.642715     1.9764     2.3991      8.011     0.7510     0.9770 1.0727e-01    -0.1341   103.4098     7.5294     7.8734    32.6862    32.6893    26.2824    26.2850    8.42614 0.0000e+00
      22689    109.928    -1.1323    -1.1331   2.642443   2.642744     1.9772     2.3991      8.011     0.7405     0.9770 1.0740e-01    -0.1338   103.4007     7.5315     7.8746    32.6835    32.6886    26.2802    26.2843    8.42664 0.0000e+00
      22692    109.849    -1.1334    -1.1343   2.642478   2.642334     1.9772     2.3991      8.011     0.7405     0.9770 1.0727e-01    -0.1341   103.4098     7.5358     7.8757    32.6853    32.6843    26.2817    26.2809    8.42680 0.0000e+00
      22695    109.774    -1.1330    -1.1372   2.642580   2.642023     1.9776     2.3983      8.011     0.7616     0.9770 1.0752e-01    -0.1338   103.4007     7.5381     7.8737    32.6863    32.6833    26.2825    26.2802    8.42665 0.0000e+00
      22698    109.702    -1.1326    -1.1395   2.642654   2.641781     1.9772     2.3983      8.011     0.7616     1.8455 1.0752e-01    -0.1334   103.3917     7.5336     7.8753    32.6870    32.6826    26.2830    26.2797    8.42653 0.0000e+00
      22701    109.631    -1.1320    -1.1403   2.642687   2.641893     1.9764     2.3987      8.011     0.7510     2.3982 1.0727e-01    -0.1341   103.4098     7.5215     7.8785    32.6868    32.6850    26.2828    26.2817    8.42639 0.0000e+00
      22704    109.565    -1.1335    -1.1388   2.642201   2.642203     1.9776     2.3991      8.011     0.7616     2.3982 1.0715e-01    -0.1341   103.4098     7.5226     7.8807    32.6818    32.6876    26.2789    26.2837    8.42702 0.0000e+00
      22707    109.499    -1.1353    -1.1383   2.642003   2.642168     1.9760     2.3983      8.011     0.7510     2.3982 1.0752e-01    -0.1341   103.4098     7.5148     7.8768    32.6811    32.6867    26.2783    26.2829    8.42747 0.0000e+00
      22710    109.433    -1.1364    -1.1367   2.641936   2.642448     1.9760     2.3995      8.011     0.7616     2.3982 1.0727e-01    -0.1341   103.4098     7.5155     7.8822    32.6815    32.6888    26.2787    26.2846    8.42771 0.0000e+00
      22713    109.369    -1.1360    -1.1348   2.641992   2.642682     1.9768     2.3991      8.011     0.7510     2.3982 1.0727e-01    -0.1341   103.4098     7.5183     7.8796    32.6817    32.6899    26.2789    26.2854    8.42759 0.0000e+00
      22716    109.301    -1.1359    -1.1336   2.641954   2.642541     1.9776     2.3991      8.009     0.7616     2.3982 1.0740e-01    -0.1341   103.4098     7.5236     7.8801    32.6812    32.6867    26.2784    26.2828    8.42760 0.0000e+00
      22719    109.232    -1.1365    -1.1348   2.641790   2.642199     1.9764     2.3987      8.011     0.7405     2.3982 1.0740e-01    -0.1355   103.4459     7.5200     7.8804    32.6797    32.6834    26.2772    26.2802    8.42784 0.0000e+00
      22722    109.165    -1.1362    -1.1372   2.642004   2.641900     1.9760     2.3983      8.011     0.7299     2.3982 1.0740e-01    -0.1373   103.4911     7.5210     7.8774    32.6823    32.6820    26.2794    26.2791    8.42762 0.0000e+00
      22725    109.095    -1.1337    -1.1388   2.642193   2.641732     1.9760     2.3991      8.011     0.7616     1.9640 1.0740e-01    -0.1369   103.4821     7.5218     7.8766    32.6822    32.6815    26.2792    26.2788    8.42705 0.0000e+00
      22728    109.027    -1.1342    -1.1353   2.642091   2.642782     1.9760     2.3987      8.011     0.7405     1.9245 1.0752e-01    -0.1369   103.4821     7.5277     7.8737    32.6814    32.6920    26.2785    26.2872    8.42721 0.0000e+00
      22731    108.954    -1.1331    -1.1311   2.642302   2.642922     1.9764     2.3991      8.011     0.7616     1.9245 1.0752e-01    -0.1373   103.4911     7.5317     7.8775    32.6831    32.6894    26.2799    26.2849    8.42686 0.0000e+00
      22734    108.877    -1.1322    -1.1317   2.642353   2.642452     1.9764     2.3987      8.011     0.7405     1.9245 1.0740e-01    -0.1373   103.4911     7.5258     7.8749    32.6829    32.6837    26.2797    26.2803    8.42667 0.0000e+00
      22737    108.797    -1.1319    -1.1330   2.642399   2.642543     1.9764     2.3987      8.009     0.7405     1.9245 1.0740e-01    -0.1369   103.4821     7.5242     7.8779    32.6832    32.6864    26.2800    26.2826    8.42658 0.0000e+00
      22740    108.716    -1.1323    -1.1329   2.642155   2.642334     1.9764     2.3987      8.011     0.7299     1.9245 1.0740e-01    -0.1366   103.4730     7.5248     7.8796    32.6803    32.6834    26.2776    26.2802    8.42682 0.0000e+00
      22743    108.635    -1.1330    -1.1340   2.642127   2.642319     1.9764     2.3991      8.009     0.7299     1.9245 1.0740e-01    -0.1373   103.4911     7.5290     7.8811    32.6808    32.6845    26.2780    26.2811    8.42696 0.0000e+00
      22746    108.552    -1.1331    -1.1340   2.642159   2.642011     1.9764     2.3983      8.011     0.7087     1.9245 1.0752e-01    -0.1373   103.4911     7.5295     7.8769    32.6815    32.6804    26.2786    26.2778    8.42696 0.0000e+00
      22749    108.466    -1.1316    -1.1360   2.642471   2.641948     1.9764     2.3983      8.008     0.7193     1.7666 1.0740e-01    -0.1369   103.4821     7.5254     7.8784    32.6841    32.6818    26.2806    26.2789    8.42645 0.0000e+00
      22752    108.373    -1.1290    -1.1353   2.642693   2.642281     1.9780     2.3987      8.011     0.7193     1.1744 1.0727e-01    -0.1366   103.4730     7.5318     7.8825    32.6843    32.6856    26.2808    26.2820    8.42584 0.0000e+00
      22755    108.276    -1.1277    -1.1334   2.643022   2.642646     1.9760     2.3999      8.008     0.7193     1.1744 1.0727e-01    -0.1373   103.4911     7.5199     7.8866    32.6875    32.6885    26.2833    26.2843    8.42536 0.0000e+00
      22758    108.183    -1.1262    -1.1306   2.643022   2.643123     1.9756     2.3987      8.008     0.7087     1.1744 1.0727e-01    -0.1366   103.4730     7.5193     7.8829    32.6858    32.6920    26.2819    26.2871    8.42511 0.0000e+00
      22761    108.085    -1.1269    -1.1283   2.642727   2.643171     1.9764     2.3991      8.008     0.7193     1.2139 1.0740e-01    -0.1369   103.4821     7.5238     7.8847    32.6827    32.6902    26.2793    26.2855    8.42546 0.0000e+00
      22764    107.986    -1.1301    -1.1275   2.641854   2.643274     1.9756     2.3991      8.008     0.7299     1.1744 1.0740e-01    -0.1373   103.4911     7.5211     7.8839    32.6743    32.6908    26.2727    26.2860    8.42668 0.0000e+00
      22767    107.882    -1.1352    -1.1270   2.641421   2.643269     1.9768     2.3983      8.008     0.7299     1.2139 1.0727e-01    -0.1369   103.4821     7.5303     7.8801    32.6741    32.6903    26.2726    26.2855    8.42786 0.0000e+00
      22770    107.776    -1.1340    -1.1262   2.642091   2.643561     1.9760     2.3991      8.008     0.7299     1.2139 1.0752e-01    -0.1369   103.4821     7.5278     7.8826    32.6820    32.6935    26.2790    26.2881    8.42714 0.0000e+00
      22773    107.664    -1.1304    -1.1248   2.642487   2.643540     1.9760     2.3995      8.006     0.7193     1.2139 1.0740e-01    -0.1373   103.4911     7.5268     7.8817    32.6835    32.6917    26.2801    26.2866    8.42621 0.0000e+00
      22776    107.550    -1.1315    -1.1271   2.641652   2.642586     1.9764     2.3995      8.008     0.7193     0.7006 1.0752e-01    -0.1369   103.4821     7.5342     7.8840    32.6734    32.6813    26.2720    26.2783    8.42705 0.0000e+00
      22779    107.437    -1.1383    -1.1324   2.640447   2.641835     1.9764     2.3991      8.008     0.7299     0.0690 1.0740e-01    -0.1362   103.4640     7.5407     7.8854    32.6645    32.6769    26.2649    26.2749    8.42913 0.0000e+00
      22782    107.322    -1.1410    -1.1382   2.640508   2.640558     1.9768     2.3995      8.008     0.7299     0.1479 1.0715e-01    -0.1362   103.4640     7.5444     7.8917    32.6683    32.6659    26.2681    26.2661    8.42953 0.0000e+00
      22785    107.203    -1.1409    -1.1441   2.640253   2.640037     1.9764     2.3999      8.006     0.7193     0.1479 1.0740e-01    -0.1362   103.4640     7.5400     7.8936    32.6648    32.6653    26.2653    26.2658    8.42972 0.0000e+00
      22788    107.085    -1.1443    -1.1452   2.639724   2.640108     1.9764     2.3991      8.006     0.7193     0.1479 1.0727e-01    -0.1362   103.4640     7.5375     7.8895    32.6614    32.6676    26.2626    26.2677    8.43069 0.0000e+00
      22791    106.964    -1.1458    -1.1471   2.639564   2.639593     1.9772     2.3991      8.006     0.7510     0.0690 1.0752e-01    -0.1362   103.4640     7.5396     7.8902    32.6609    32.6627    26.2623    26.2638    8.43106 0.0000e+00
      22794    106.842    -1.1453    -1.1487   2.639574   2.639340     1.9768     2.3991      8.008     0.7299     0.1084 1.0715e-01    -0.1362   103.4640     7.5407     7.8900    32.6605    32.6611    26.2619    26.2625    8.43096 0.0000e+00
      22797    106.725    -1.1447    -1.1489   2.639585   2.639316     1.9768     2.3999      8.006     0.7510     0.1479 1.0740e-01    -0.1362   103.4640     7.5396     7.8938    32.6601    32.6610    26.2616    26.2625    8.43085 0.0000e+00
      22800    106.605    -1.1437    -1.1484   2.639571   2.639288     1.9768     2.4003      8.006     0.7299     0.1084 1.0752e-01    -0.1355   103.4459     7.5374     7.8967    32.6589    32.6602    26.2607    26.2618    8.43070 0.0000e+00
      22803    106.484    -1.1435    -1.1483   2.639548   2.639223     1.9772     2.3999      8.006     0.7510     0.4638 1.0752e-01    -0.1352   103.4369     7.5396     7.8949    32.6584    32.6593    26.2602    26.2610    8.43067 0.0000e+00
      22806    106.364    -1.1442    -1.1487   2.639411   2.639110     1.9776     2.4003      8.008     0.7510     0.5427 1.0727e-01    -0.1352   103.4369     7.5435     7.8970    32.6574    32.6582    26.2594    26.2602    8.43089 0.0000e+00
      22809    106.242    -1.1459    -1.1501   2.639072   2.638834     1.9760     2.3991      8.006     0.7616     0.5427 1.0727e-01    -0.1352   103.4369     7.5363     7.8958    32.6547    32.6561    26.2573    26.2585    8.43144 0.0000e+00
      22812    106.123    -1.1492    -1.1537   2.638703   2.638185     1.9764     2.3999      8.006     0.7510     0.5822 1.0727e-01    -0.1345   103.4188     7.5365     7.9000    32.6534    32.6513    26.2563    26.2547    8.43228 0.0000e+00
      22815    106.003    -1.1515    -1.1579   2.638544   2.637869     1.9768     2.4003      8.006     0.7616     0.6217 1.0752e-01    -0.1345   103.4188     7.5428     7.9023    32.6537    32.6516    26.2567    26.2551    8.43278 0.0000e+00
      22818    105.883    -1.1531    -1.1603   2.638289   2.637649     1.9776     2.4003      8.006     0.7510     0.6217 1.0727e-01    -0.1348   103.4279     7.5508     7.9000    32.6522    32.6512    26.2554    26.2549    8.43325 0.0000e+00
      22821    105.768    -1.1552    -1.1615   2.638066   2.637775     1.9768     2.4003      8.006     0.7510     0.6217 1.0715e-01    -0.1352   103.4369     7.5456     7.8969    32.6515    32.6543    26.2549    26.2575    8.43377 0.0000e+00
      22824    105.654    -1.1569    -1.1609   2.637875   2.637635     1.9772     2.4003      8.008     0.7510     0.5822 1.0727e-01    -0.1355   103.4459     7.5482     7.8963    32.6507    32.6518    26.2544    26.2554    8.43420 0.0000e+00
      22827    105.543    -1.1580    -1.1627   2.637704   2.637365     1.9776     2.4003      8.008     0.7510     0.6217 1.0740e-01    -0.1352   103.4369     7.5518     7.8971    32.6497    32.6502    26.2536    26.2541    8.43451 0.0000e+00
      22830    105.432    -1.1592    -1.1641   2.637560   2.637234     1.9776     2.4007      8.008     0.7510     0.8191 1.0740e-01    -0.1355   103.4459     7.5534     7.8996    32.6491    32.6500    26.2531    26.2540    8.43483 0.0000e+00
      22833    105.322    -1.1611    -1.1652   2.637267   2.637062     1.9772     2.4012      8.006     0.7405     0.7796 1.0752e-01    -0.1355   103.4459     7.5546     7.8997    32.6472    32.6489    26.2516    26.2532    8.43537 0.0000e+00
      22836    105.214    -1.1628    -1.1675   2.637167   2.636606     1.9772     2.4003      8.008     0.7405     0.8191 1.0740e-01    -0.1352   103.4369     7.5521     7.8925    32.6478    32.6453    26.2522    26.2502    8.43573 0.0000e+00
      22839    105.113    -1.1640    -1.1708   2.636847   2.636186     1.9789     2.4012      8.006     0.7510     0.7796 1.0752e-01    -0.1352   103.4369     7.5579     7.8953    32.6448    32.6432    26.2498    26.2487    8.43618 0.0000e+00
      22842    105.015    -1.1675    -1.1731   2.636400   2.636038     1.9776     2.4003      8.008     0.7299     0.7796 1.0727e-01    -0.1359   103.4550     7.5526     7.8936    32.6426    32.6438    26.2481    26.2493    8.43712 0.0000e+00
      22845    104.915    -1.1686    -1.1743   2.636533   2.635953     1.9772     2.4003      8.006     0.7299     0.8586 1.0740e-01    -0.1359   103.4550     7.5531     7.8961    32.6457    32.6440    26.2506    26.2495    8.43719 0.0000e+00
      22848    104.817    -1.1678    -1.1741   2.636563   2.636230     1.9780     2.4003      8.006     0.7193     0.8191 1.0752e-01    -0.1362   103.4640     7.5531     7.8984    32.6453    32.6476    26.2503    26.2523    8.43703 0.0000e+00
      22851    104.725    -1.1677    -1.1726   2.636708   2.636368     1.9780     2.4012      8.006     0.7193     0.7796 1.0740e-01    -0.1362   103.4640     7.5491     7.9051    32.6472    32.6478    26.2518    26.2525    8.43689 0.0000e+00
      22854    104.634    -1.1678    -1.1724   2.636513   2.635946     1.9776     2.4003      8.008     0.7299     0.3848 1.0727e-01    -0.1362   103.4640     7.5447     7.9045    32.6446    32.6420    26.2498    26.2478    8.43706 0.0000e+00
      22857    104.545    -1.1700    -1.1758   2.636076   2.635392     1.9789     2.4003      8.006     0.7299    -0.7996 1.0740e-01    -0.1362   103.4640     7.5506     7.9084    32.6412    32.6382    26.2470    26.2448    8.43777 0.0000e+00
      22860    104.459    -1.1731    -1.1786   2.635746   2.635224     1.9780     2.4003      8.008     0.7193    -0.7206 1.0740e-01    -0.1355   103.4459     7.5455     7.9122    32.6402    32.6390    26.2463    26.2456    8.43855 0.0000e+00
      22863    104.373    -1.1733    -1.1793   2.635778   2.635346     1.9780     2.4003      8.006     0.7299    -0.7601 1.0740e-01    -0.1352   103.4369     7.5481     7.9159    32.6409    32.6415    26.2468    26.2475    8.43855 0.0000e+00
      22866    104.288    -1.1748    -1.1788   2.635471   2.635421     1.9785     2.4016      8.009     0.7299    -0.7601 1.0740e-01    -0.1352   103.4369     7.5553     7.9240    32.6383    32.6420    26.2448    26.2480    8.43904 0.0000e+00
      22869    104.206    -1.1754    -1.1788   2.635395   2.635192     1.9785     2.4016      8.008     0.7510    -0.7601 1.0740e-01    -0.1352   103.4369     7.5561     7.9228    32.6380    32.6389    26.2446    26.2454    8.43920 0.0000e+00
      22872    104.122    -1.1761    -1.1804   2.635394   2.635014     1.9776     2.4020      8.009     0.7510    -0.7601 1.0752e-01    -0.1352   103.4369     7.5504     7.9244    32.6388    32.6383    26.2453    26.2450    8.43932 0.0000e+00
      22875    104.039    -1.1763    -1.1811   2.635315   2.635011     1.9776     2.4024      8.008     0.7405    -0.6811 1.0727e-01    -0.1352   103.4369     7.5527     7.9280    32.6380    32.6390    26.2447    26.2456    8.43941 0.0000e+00
      22878    103.955    -1.1769    -1.1808   2.635251   2.635122     1.9776     2.4024      8.008     0.7510    -0.7601 1.0752e-01    -0.1352   103.4369     7.5525     7.9293    32.6379    32.6403    26.2446    26.2466    8.43956 0.0000e+00
