Datasets/AZMP/TEL210/tel210_2020_052.cnv
* Sea-Bird SBE 9 Data File:
* FileName = C:\CTDDATA\tel210_2020_052.hex
* Software Version Seasave V 7.26.7.110
* Temperature SN = 1697
* Conductivity SN = 4216
* Number of Bytes Per Scan = 30
* Number of Voltage Words = 4
* Number of Scans Averaged by the Deck Unit = 1
* NMEA baud rate = 4800
** VESSEL/TRIP/SEQ STN:  tel210_2020_052
** LATITUDE XX XX.XX: 49 11.40 N
** LONGITUDE XX XX.XX: 051 32.50 W
** SOUNDING DEPTH (M): 0312
** PROBE TYPE: S1146
** CTD NUMBER: 042
** COMMENTS (14 CHAR): BB-07
** BOTTLES:  11
** LEVELS: 5,10,20,30,40,50,75,100,150,250,BTM
** STICKERS: 436054 - 436064
** VNET: Y
** DO2: N
# nquan = 22
# nvalues = 7074                        
# units = specified
# name 0 = scan: Scan Count
# name 1 = prDM: Pressure, Digiquartz [db]
# name 2 = t090C: Temperature [ITS-90, deg C]
# name 3 = t190C: Temperature, 2 [ITS-90, deg C]
# name 4 = c0S/m: Conductivity [S/m]
# name 5 = c1S/m: Conductivity, 2 [S/m]
# name 6 = sbeox0V: Oxygen raw, SBE 43 [V]
# name 7 = sbeox1V: Oxygen raw, SBE 43, 2 [V]
# name 8 = ph: pH
# name 9 = flECO-AFL: Fluorescence, WET Labs ECO-AFL/FL [mg/m^3]
# name 10 = wetCDOM: Fluorescence, WET Labs CDOM [mg/m^3]
# name 11 = par/sat/log: PAR/Logarithmic, Satlantic [umol photons/m^2/sec]
# name 12 = CStarAt0: Beam Attenuation, WET Labs C-Star [1/m]
# name 13 = CStarTr0: Beam Transmission, WET Labs C-Star [%]
# name 14 = sbeox0ML/L: Oxygen, SBE 43 [ml/l], WS = 2
# name 15 = sbeox1ML/L: Oxygen, SBE 43, 2 [ml/l], WS = 2
# name 16 = sal00: Salinity, Practical [PSU]
# name 17 = sal11: Salinity, Practical, 2 [PSU]
# name 18 = sigma-t00: Density [sigma-t, kg/m^3 ]
# name 19 = sigma-t11: Density, 2 [sigma-t, kg/m^3 ]
# name 20 = oxsatML/L: Oxygen Saturation, Weiss [ml/l]
# name 21 = flag: flag
# span 0 =         44,      46395       
# span 1 =      0.584,    307.777       
# span 2 =    -1.1936,    11.1771       
# span 3 =    -1.2003,    11.1748       
# span 4 =   2.643172,   3.581827       
# span 5 =   2.643029,   3.581524       
# span 6 =     1.7960,     2.6086       
# span 7 =     2.1562,     3.2161       
# span 8 =      7.919,      8.322       
# span 9 =     0.6346,    24.8357       
# span 10 =    -2.8130,   482.1870      
# span 11 = 1.0667e-01, 3.9986e-01      
# span 12 =    -0.1477,     2.9774      
# span 13 =    47.5051,   103.7624      
# span 14 =     5.8724,     9.8186      
# span 15 =     6.1384,    10.6633      
# span 16 =    31.1448,    34.7040      
# span 17 =    31.6179,    34.7045      
# span 18 =    24.0649,    27.6281      
# span 19 =    24.1328,    27.6266      
# span 20 =    6.29001,    8.43330      
# span 21 = 0.0000e+00, 0.0000e+00      
# interval = scans: 3                   
# start_time = Jul 21 2020 05:11:43 [System UTC, header]
# bad_flag = -9.990e-29
*END*
[from data line 5466]
      25342    131.477    -0.1330    -0.1384   2.787270   2.787395     1.9480     2.3589      7.995     0.7299     0.5032 1.0715e-01    -0.1369   103.4821     7.1453     7.4854    33.5232    33.5309    26.9205    26.9269    8.15546 0.0000e+00
      25345    131.423    -0.1341    -0.1316   2.787836   2.787875     1.9480     2.3597      7.995     0.7510     0.5032 1.0727e-01    -0.1369   103.4821     7.1450     7.4851    33.5320    33.5298    26.9276    26.9257    8.15521 0.0000e+00
      25348    131.376    -0.1310    -0.1237   2.788847   2.788664     1.9476     2.3593      7.995     0.7510     0.5032 1.0727e-01    -0.1366   103.4730     7.1433     7.4822    33.5420    33.5316    26.9356    26.9268    8.15399 0.0000e+00
      25351    131.331    -0.1272    -0.1235   2.788092   2.788300     1.9472     2.3601      7.995     0.7616     0.5032 1.0715e-01    -0.1369   103.4821     7.1416     7.4817    33.5279    33.5266    26.9240    26.9228    8.15394 0.0000e+00
      25354    131.286    -0.1337    -0.1277   2.786337   2.788159     1.9484     2.3597      7.995     0.7510     0.4637 1.0715e-01    -0.1369   103.4821     7.1496     7.4771    33.5117    33.5293    26.9113    26.9252    8.15625 0.0000e+00
      25357    131.242    -0.1422    -0.1274   2.785049   2.788186     1.9472     2.3593      7.995     0.7405     0.1084 1.0715e-01    -0.1383   103.5183     7.1432     7.4712    33.5040    33.5294    26.9054    26.9253    8.15853 0.0000e+00
      25360    131.196    -0.1527    -0.1235   2.784128   2.788928     1.9476     2.3601      7.993     0.7510    -0.7996 1.0727e-01    -0.1432   103.6449     7.1451     7.4693    33.5034    33.5350    26.9054    26.9296    8.16086 0.0000e+00
      25363    131.152    -0.1606    -0.1236   2.783350   2.788667     1.9468     2.3601      7.995     0.7510    -0.7206 1.0727e-01    -0.1432   103.6449     7.1407     7.4675    33.5017    33.5317    26.9044    26.9269    8.16267 0.0000e+00
      25366    131.107    -0.1697    -0.1348   2.782298   2.787376     1.9476     2.3605      7.993     0.7510    -0.6811 1.0727e-01    -0.1436   103.6539     7.1484     7.4709    33.4978    33.5269    26.9017    26.9236    8.16488 0.0000e+00
      25369    131.062    -0.1782    -0.1424   2.781632   2.786665     1.9484     2.3605      7.993     0.7510    -0.7206 1.0715e-01    -0.1436   103.6539     7.1588     7.4726    33.4983    33.5258    26.9025    26.9231    8.16670 0.0000e+00
      25372    131.013    -0.1837    -0.1472   2.781635   2.786469     1.9484     2.3605      7.995     0.7405    -0.7206 1.0727e-01    -0.1432   103.6449     7.1614     7.4730    33.5044    33.5285    26.9077    26.9254    8.16756 0.0000e+00
      25375    130.962    -0.1865    -0.1455   2.781573   2.787070     1.9484     2.3593      7.993     0.7193    -0.7206 1.0715e-01    -0.1432   103.6449     7.1610     7.4678    33.5067    33.5347    26.9096    26.9303    8.16804 0.0000e+00
      25378    130.905    -0.1883    -0.1381   2.781545   2.787283     1.9484     2.3601      7.995     0.7299    -0.7206 1.0727e-01    -0.1432   103.6449     7.1635     7.4719    33.5083    33.5294    26.9111    26.9258    8.16834 0.0000e+00
      25381    130.844    -0.1887    -0.1449   2.781986   2.786713     1.9476     2.3601      7.993     0.7193    -0.6811 1.0715e-01    -0.1439   103.6630     7.1615     7.4739    33.5147    33.5293    26.9162    26.9260    8.16808 0.0000e+00
      25384    130.778    -0.1881    -0.1416   2.781959   2.786936     1.9476     2.3601      7.993     0.7193     0.6217 1.0715e-01    -0.1436   103.6539     7.1620     7.4711    33.5137    33.5287    26.9154    26.9254    8.16801 0.0000e+00
      25387    130.706    -0.1896    -0.1415   2.781375   2.787082     1.9480     2.3597      7.993     0.7193     1.4507 1.0715e-01    -0.1436   103.6539     7.1646     7.4719    33.5076    33.5306    26.9106    26.9269    8.16866 0.0000e+00
      25390    130.632    -0.1917    -0.1313   2.781130   2.787962     1.9488     2.3610      7.993     0.7405     1.4507 1.0727e-01    -0.1436   103.6539     7.1667     7.4783    33.5067    33.5310    26.9099    26.9268    8.16917 0.0000e+00
      25393    130.548    -0.1932    -0.1327   2.780781   2.787136     1.9492     2.3605      7.995     0.7299     1.4507 1.0727e-01    -0.1439   103.6630     7.1689     7.4788    33.5037    33.5217    26.9076    26.9192    8.16966 0.0000e+00
      25396    130.460    -0.1956    -0.1472   2.780316   2.785486     1.9484     2.3601      7.993     0.7299     1.4507 1.0727e-01    -0.1436   103.6539     7.1673     7.4829    33.5003    33.5158    26.9050    26.9152    8.17039 0.0000e+00
      25399    130.366    -0.1990    -0.1596   2.780043   2.784173     1.9484     2.3614      7.993     0.7405     1.4507 1.0727e-01    -0.1436   103.6539     7.1673     7.4906    33.5005    33.5120    26.9053    26.9127    8.17113 0.0000e+00
      25402    130.270    -0.2006    -0.1796   2.780082   2.782210     1.9496     2.3614      7.993     0.7510     1.4507 1.0727e-01    -0.1429   103.6358     7.1742     7.4941    33.5028    33.5081    26.9072    26.9104    8.17134 0.0000e+00
      25405    130.166    -0.2030    -0.1843   2.779594   2.781834     1.9488     2.3610      7.993     0.7616     1.4507 1.0715e-01    -0.1425   103.6268     7.1696     7.4923    33.4990    33.5083    26.9042    26.9109    8.17207 0.0000e+00
      25408    130.063    -0.2064    -0.1950   2.778875   2.780579     1.9496     2.3605      7.993     0.7510     1.4507 1.0727e-01    -0.1436   103.6539     7.1722     7.4938    33.4932    33.5034    26.8997    26.9074    8.17314 0.0000e+00
      25411    129.955    -0.2110    -0.2002   2.778575   2.780538     1.9492     2.3622      7.993     0.7616     2.9115 1.0727e-01    -0.1432   103.6449     7.1651     7.4990    33.4944    33.5086    26.9009    26.9119    8.17409 0.0000e+00
      25414    129.847    -0.2141    -0.2039   2.778693   2.779866     1.9492     2.3618      7.995     0.7510     3.1089 1.0727e-01    -0.1429   103.6358     7.1628     7.4966    33.4993    33.5038    26.9050    26.9082    8.17447 0.0000e+00
      25417    129.734    -0.2146    -0.2158   2.778816   2.778488     1.9496     2.3614      7.993     0.7405     3.1089 1.0727e-01    -0.1432   103.6449     7.1650     7.5003    33.5016    33.4986    26.9069    26.9045    8.17446 0.0000e+00
      25420    129.616    -0.2164    -0.2226   2.778126   2.778375     1.9492     2.3614      7.993     0.7510     3.1089 1.0715e-01    -0.1436   103.6539     7.1602     7.4984    33.4946    33.5047    26.9013    26.9098    8.17526 0.0000e+00
      25423    129.502    -0.2199    -0.2190   2.777695   2.779199     1.9492     2.3618      7.993     0.7087     3.1089 1.0715e-01    -0.1436   103.6539     7.1562     7.4948    33.4927    33.5117    26.8999    26.9153    8.17612 0.0000e+00
      25426    129.391    -0.2242    -0.2174   2.776835   2.778029     1.9492     2.3614      7.993     0.6770     3.1089 1.0715e-01    -0.1436   103.6539     7.1566     7.4922    33.4861    33.4945    26.8948    26.9012    8.17743 0.0000e+00
      25429    129.279    -0.2312    -0.2459   2.776205   2.774840     1.9496     2.3618      7.993     0.6875     3.1089 1.0715e-01    -0.1439   103.6630     7.1611     7.4990    33.4855    33.4835    26.8946    26.8937    8.17900 0.0000e+00
      25432    129.170    -0.2354    -0.2635   2.776231   2.773702     1.9492     2.3622      7.993     0.6875     3.1089 1.0740e-01    -0.1436   103.6539     7.1565     7.4994    33.4905    33.4877    26.8989    26.8979    8.17964 0.0000e+00
      25435    129.063    -0.2403    -0.2709   2.775072   2.773329     1.9488     2.3614      7.993     0.6875     3.2668 1.0727e-01    -0.1436   103.6539     7.1562     7.4958    33.4805    33.4909    26.8910    26.9008    8.18126 0.0000e+00
      25438    128.957    -0.2481    -0.2734   2.774403   2.772872     1.9492     2.3626      7.993     0.6981     4.0564 1.0727e-01    -0.1436   103.6539     7.1627     7.5015    33.4802    33.4877    26.8911    26.8984    8.18298 0.0000e+00
      25441    128.856    -0.2534    -0.2776   2.774473   2.772559     1.9496     2.3626      7.993     0.6875     4.0564 1.0727e-01    -0.1436   103.6539     7.1650     7.4979    33.4871    33.4882    26.8969    26.8990    8.18376 0.0000e+00
      25444    128.759    -0.2545    -0.2752   2.774745   2.772955     1.9480     2.3614      7.993     0.6875     4.0564 1.0715e-01    -0.1436   103.6539     7.1567     7.4903    33.4919    33.4908    26.9009    26.9010    8.18373 0.0000e+00
      25447    128.665    -0.2554    -0.2774   2.774497   2.772308     1.9488     2.3614      7.993     0.6664     4.0564 1.0715e-01    -0.1436   103.6539     7.1568     7.4904    33.4897    33.4848    26.8991    26.8962    8.18406 0.0000e+00
      25450    128.579    -0.2575    -0.2817   2.774287   2.771824     1.9496     2.3614      7.993     0.6770     4.0564 1.0727e-01    -0.1436   103.6539     7.1593     7.4920    33.4892    33.4831    26.8989    26.8950    8.18453 0.0000e+00
      25453    128.495    -0.2583    -0.2851   2.774560   2.771890     1.9492     2.3610      7.993     0.6770     4.0564 1.0727e-01    -0.1436   103.6539     7.1559     7.4902    33.4939    33.4877    26.9026    26.8989    8.18446 0.0000e+00
      25456    128.415    -0.2585    -0.2753   2.774387   2.772920     1.9480     2.3614      7.993     0.7087     4.0564 1.0740e-01    -0.1436   103.6539     7.1517     7.4910    33.4917    33.4908    26.9010    26.9009    8.18461 0.0000e+00
      25459    128.336    -0.2572    -0.2681   2.774856   2.773611     1.9496     2.3618      7.993     0.6981     4.0564 1.0727e-01    -0.1436   103.6539     7.1589     7.4891    33.4967    33.4921    26.9049    26.9016    8.18406 0.0000e+00
      25462    128.264    -0.2574    -0.2604   2.774811   2.774260     1.9492     2.3605      7.993     0.6875     4.2143 1.0715e-01    -0.1436   103.6539     7.1548     7.4834    33.4963    33.4923    26.9046    26.9015    8.18412 0.0000e+00
      25465    128.198    -0.2566    -0.2607   2.774437   2.774114     1.9488     2.3601      7.993     0.7087     4.4117 1.0715e-01    -0.1436   103.6539     7.1510     7.4837    33.4905    33.4907    26.8998    26.9002    8.18427 0.0000e+00
      25468    128.134    -0.2601    -0.2536   2.773170   2.774629     1.9484     2.3614      7.993     0.6875     4.4117 1.0727e-01    -0.1436   103.6539     7.1517     7.4895    33.4775    33.4898    26.8896    26.8992    8.18577 0.0000e+00
      25471    128.075    -0.2669    -0.2370   2.772484   2.776575     1.9476     2.3614      7.993     0.7087     4.4117 1.0715e-01    -0.1436   103.6539     7.1468     7.4846    33.4758    33.4974    26.8885    26.9045    8.18734 0.0000e+00
      25474    128.015    -0.2732    -0.2078   2.771680   2.779524     1.9480     2.3614      7.993     0.6981     4.4117 1.0715e-01    -0.1436   103.6539     7.1482     7.4785    33.4722    33.5047    26.8858    26.9091    8.18894 0.0000e+00
      25477    127.958    -0.2803    -0.2052   2.771443   2.779748     1.9484     2.3614      7.993     0.7616     4.4117 1.0715e-01    -0.1432   103.6449     7.1546     7.4768    33.4768    33.5048    26.8898    26.9090    8.19022 0.0000e+00
      25480    127.904    -0.2868    -0.2091   2.770337   2.779359     1.9484     2.3610      7.993     0.7510     4.4117 1.0740e-01    -0.1425   103.6268     7.1559     7.4745    33.4693    33.5039    26.8841    26.9085    8.19208 0.0000e+00
      25483    127.854    -0.2954    -0.2180   2.769523   2.778267     1.9488     2.3605      7.993     0.7510     4.4117 1.0727e-01    -0.1425   103.6268     7.1572     7.4751    33.4679    33.4992    26.8834    26.9051    8.19404 0.0000e+00
      25486    127.801    -0.3007    -0.2429   2.769656   2.775963     1.9472     2.3614      7.990     0.7405     4.4117 1.0727e-01    -0.1425   103.6268     7.1536     7.4845    33.4756    33.4960    26.8898    26.9036    8.19478 0.0000e+00
      25489    127.748    -0.3016    -0.2411   2.769981   2.776428     1.9476     2.3601      7.990     0.7405     4.3327 1.0715e-01    -0.1429   103.6358     7.1545     7.4734    33.4809    33.5002    26.8942    26.9070    8.19468 0.0000e+00
      25492    127.693    -0.3016    -0.2499   2.770385   2.775326     1.9484     2.3610      7.992     0.7510     4.2932 1.0715e-01    -0.1429   103.6358     7.1553     7.4754    33.4864    33.4952    26.8986    26.9033    8.19437 0.0000e+00
      25495    127.637    -0.2960    -0.2664   2.771174   2.773724     1.9476     2.3605      7.990     0.7616     4.2932 1.0715e-01    -0.1429   103.6358     7.1493     7.4750    33.4907    33.4921    26.9018    26.9015    8.19289 0.0000e+00
      25498    127.582    -0.2943    -0.2676   2.770471   2.773596     1.9472     2.3610      7.989     0.7405     4.2932 1.0715e-01    -0.1429   103.6358     7.1465     7.4755    33.4795    33.4917    26.8927    26.9013    8.19315 0.0000e+00
      25501    127.529    -0.2959    -0.2701   2.770276   2.773282     1.9480     2.3601      7.989     0.7510     4.2932 1.0715e-01    -0.1429   103.6358     7.1511     7.4731    33.4787    33.4903    26.8921    26.9003    8.19355 0.0000e+00
      25504    127.474    -0.2985    -0.2747   2.769924   2.772750     1.9476     2.3605      7.989     0.7299     4.2932 1.0727e-01    -0.1432   103.6449     7.1488     7.4772    33.4769    33.4884    26.8907    26.8990    8.19421 0.0000e+00
      25507    127.416    -0.3017    -0.2854   2.769372   2.772056     1.9472     2.3601      7.990     0.7299     4.2932 1.0727e-01    -0.1436   103.6539     7.1501     7.4755    33.4731    33.4909    26.8879    26.9015    8.19514 0.0000e+00
      25510    127.357    -0.3046    -0.2817   2.769003   2.772963     1.9472     2.3601      7.992     0.7299     4.2932 1.0727e-01    -0.1436   103.6539     7.1535     7.4736    33.4714    33.4990    26.8866    26.9078    8.19586 0.0000e+00
      25513    127.297    -0.3075    -0.2724   2.768963   2.773188     1.9460     2.3593      7.990     0.7299     4.2537 1.0727e-01    -0.1436   103.6539     7.1451     7.4697    33.4740    33.4918    26.8888    26.9016    8.19634 0.0000e+00
      25516    127.236    -0.3081    -0.2701   2.769001   2.773472     1.9464     2.3593      7.989     0.7087     3.6616 1.0715e-01    -0.1436   103.6539     7.1446     7.4694    33.4753    33.4931    26.8899    26.9025    8.19642 0.0000e+00
      25519    127.175    -0.3104    -0.2706   2.768417   2.773522     1.9468     2.3589      7.989     0.7299     3.5826 1.0727e-01    -0.1425   103.6268     7.1491     7.4671    33.4700    33.4944    26.8858    26.9036    8.19721 0.0000e+00
      25522    127.107    -0.3131    -0.2687   2.768542   2.773279     1.9472     2.3589      7.992     0.7193     3.5826 1.0727e-01    -0.1425   103.6268     7.1501     7.4664    33.4748    33.4891    26.8897    26.8992    8.19754 0.0000e+00
      25525    127.034    -0.3136    -0.2777   2.768624   2.772276     1.9468     2.3597      7.989     0.7193     3.5826 1.0715e-01    -0.1425   103.6268     7.1500     7.4715    33.4765    33.4856    26.8911    26.8969    8.19756 0.0000e+00
      25528    126.961    -0.3151    -0.2872   2.767992   2.771498     1.9460     2.3589      7.989     0.7299     3.5826 1.0715e-01    -0.1425   103.6268     7.1469     7.4702    33.4698    33.4858    26.8857    26.8974    8.19826 0.0000e+00
      25531    126.889    -0.3164    -0.2816   2.768386   2.772358     1.9468     2.3585      7.989     0.7299     3.5826 1.0727e-01    -0.1425   103.6268     7.1515     7.4678    33.4764    33.4911    26.8912    26.9014    8.19816 0.0000e+00
