Datasets/AZMP/TEL210/tel210_2020_110.cnv
* Sea-Bird SBE 9 Data File:
* FileName = C:\CTDDATA\tel210_2020_110.hex
* Software Version Seasave V 7.26.7.110
* Temperature SN = 1697
* Conductivity SN = 4216
* Number of Bytes Per Scan = 30
* Number of Voltage Words = 4
* Number of Scans Averaged by the Deck Unit = 1
* NMEA baud rate = 4800
** VESSEL/TRIP/SEQ STN:  tel210_2020_110
** LATITUDE XX XX.XX: 55 15.00 N
** LONGITUDE XX XX.XX: 058 26.20 W
** SOUNDING DEPTH (M): 0225
** PROBE TYPE: S1146
** CTD NUMBER: 076
** COMMENTS (14 CHAR): MB-02
** BOTTLES:  10
** LEVELS: 5,10,20,30,40,50,75,100,150,BTM
** STICKERS: 436330 - 436339
** VNET: Y
** DO2: N
# nquan = 22
# nvalues = 4206                        
# units = specified
# name 0 = scan: Scan Count
# name 1 = prDM: Pressure, Digiquartz [db]
# name 2 = t090C: Temperature [ITS-90, deg C]
# name 3 = t190C: Temperature, 2 [ITS-90, deg C]
# name 4 = c0S/m: Conductivity [S/m]
# name 5 = c1S/m: Conductivity, 2 [S/m]
# name 6 = sbeox0V: Oxygen raw, SBE 43 [V]
# name 7 = sbeox1V: Oxygen raw, SBE 43, 2 [V]
# name 8 = ph: pH
# name 9 = flECO-AFL: Fluorescence, WET Labs ECO-AFL/FL [mg/m^3]
# name 10 = wetCDOM: Fluorescence, WET Labs CDOM [mg/m^3]
# name 11 = par/sat/log: PAR/Logarithmic, Satlantic [umol photons/m^2/sec]
# name 12 = CStarAt0: Beam Attenuation, WET Labs C-Star [1/m]
# name 13 = CStarTr0: Beam Transmission, WET Labs C-Star [%]
# name 14 = sbeox0ML/L: Oxygen, SBE 43 [ml/l], WS = 2
# name 15 = sbeox1ML/L: Oxygen, SBE 43, 2 [ml/l], WS = 2
# name 16 = sal00: Salinity, Practical [PSU]
# name 17 = sal11: Salinity, Practical, 2 [PSU]
# name 18 = sigma-t00: Density [sigma-t, kg/m^3 ]
# name 19 = sigma-t11: Density, 2 [sigma-t, kg/m^3 ]
# name 20 = oxsatML/L: Oxygen Saturation, Weiss [ml/l]
# name 21 = flag: flag
# span 0 =         89,      37422       
# span 1 =      1.411,    191.713       
# span 2 =    -1.2806,     7.0239       
# span 3 =    -1.2857,     7.0183       
# span 4 =   2.588797,   3.134426       
# span 5 =   2.587806,   3.133823       
# span 6 =     1.9431,     2.5789       
# span 7 =     2.3444,     3.1520       
# span 8 =      7.976,      8.280       
# span 9 =     0.6664,     3.5870       
# span 10 =    -2.8130,   482.1870      
# span 11 = 1.0715e-01, 1.1716e+02      
# span 12 =    -0.1352,     0.1167      
# span 13 =    97.1248,   103.4369      
# span 14 =     7.0218,     9.4997      
# span 15 =     7.0598,    10.1119      
# span 16 =    30.6651,    33.0045      
# span 17 =    30.6661,    33.0065      
# span 18 =    24.0028,    26.5298      
# span 19 =    24.0044,    26.5316      
# span 20 =    6.95033,    8.47733      
# span 21 = 0.0000e+00, 0.0000e+00      
# interval = scans: 3                   
# start_time = Jul 27 2020 20:21:06 [System UTC, header]
# bad_flag = -9.990e-29
*END*
[from data line 1186]
       3980    124.199    -1.0320    -1.0360   2.644893   2.644685     2.0509     2.4774      8.020     0.7616    -0.5232 1.0727e-01    -0.1296   103.2922     7.8464     8.1320    32.5993    32.6007    26.2088    26.2101    8.40855 0.0000e+00
       3983    124.317    -1.0277    -1.0325   2.645354   2.645085     2.0496     2.4774      8.020     0.7616    -0.4443 1.0740e-01    -0.1296   103.2922     7.8371     8.1321    32.6008    32.6023    26.2098    26.2113    8.40747 0.0000e+00
       3986    124.434    -1.0221    -1.0270   2.645975   2.645752     2.0496     2.4762      8.020     0.7510    -0.4838 1.0740e-01    -0.1299   103.3012     7.8348     8.1291    32.6031    32.6053    26.2115    26.2135    8.40607 0.0000e+00
       3989    124.553    -1.0152    -1.0200   2.646576   2.646348     2.0492     2.4766      8.020     0.7405    -0.4443 1.0727e-01    -0.1292   103.2831     7.8319     8.1319    32.6036    32.6058    26.2118    26.2137    8.40445 0.0000e+00
       3992    124.669    -1.0114    -1.0161   2.646910   2.646636     2.0488     2.4762      8.020     0.7616    -0.4443 1.0715e-01    -0.1299   103.3012     7.8274     8.1301    32.6040    32.6054    26.2119    26.2132    8.40357 0.0000e+00
       3995    124.785    -1.0090    -1.0140   2.647187   2.646889     2.0492     2.4758      8.023     0.7616    -0.4443 1.0715e-01    -0.1306   103.3193     7.8277     8.1261    32.6051    32.6064    26.2128    26.2140    8.40296 0.0000e+00
       3998    124.898    -1.0068    -1.0122   2.647445   2.647104     2.0480     2.4749      8.023     0.7616    -0.4443 1.0715e-01    -0.1299   103.3012     7.8240     8.1252    32.6061    32.6073    26.2135    26.2146    8.40239 0.0000e+00
       4001    125.011    -1.0058    -1.0110   2.647580   2.647270     2.0484     2.4745      8.022     0.7616    -0.3653 1.0740e-01    -0.1303   103.3103     7.8232     8.1288    32.6068    32.6082    26.2140    26.2153    8.40212 0.0000e+00
       4004    125.124    -1.0053    -1.0103   2.647714   2.647401     2.0476     2.4737      8.022     0.7510     1.6481 1.0715e-01    -0.1303   103.3103     7.8176     8.1252    32.6079    32.6091    26.2150    26.2161    8.40193 0.0000e+00
       4007    125.234    -1.0049    -1.0098   2.647849   2.647527     2.0464     2.4749      8.022     0.7616     1.8060 1.0727e-01    -0.1303   103.3103     7.8159     8.1305    32.6093    32.6103    26.2160    26.2170    8.40176 0.0000e+00
       4010    125.343    -1.0043    -1.0096   2.647930   2.647644     2.0468     2.4741      8.023     0.7510     1.8060 1.0727e-01    -0.1285   103.2650     7.8182     8.1283    32.6097    32.6115    26.2163    26.2180    8.40161 0.0000e+00
       4013    125.453    -1.0045    -1.0093   2.648048   2.647708     2.0468     2.4733      8.023     0.7510     1.8060 1.0727e-01    -0.1219   103.0932     7.8192     8.1227    32.6114    32.6121    26.2177    26.2184    8.40155 0.0000e+00
       4016    125.558    -1.0046    -1.0095   2.648066   2.647755     2.0464     2.4725      8.022     0.7616     1.8060 1.0752e-01    -0.1226   103.1113     7.8162     8.1204    32.6117    32.6128    26.2180    26.2190    8.40156 0.0000e+00
       4019    125.663    -1.0047    -1.0098   2.648095   2.647780     2.0460     2.4721      8.023     0.7510     1.8060 1.0727e-01    -0.1222   103.1023     7.8153     8.1218    32.6121    32.6135    26.2183    26.2196    8.40155 0.0000e+00
       4022    125.767    -1.0058    -1.0109   2.648007   2.647693     2.0459     2.4725      8.022     0.7616     1.8060 1.0715e-01    -0.1226   103.1113     7.8168     8.1253    32.6121    32.6134    26.2183    26.2195    8.40181 0.0000e+00
       4025    125.870    -1.0092    -1.0137   2.647766   2.647449     2.0447     2.4725      8.025     0.7510     1.8060 1.0740e-01    -0.1226   103.1113     7.8155     8.1246    32.6125    32.6130    26.2188    26.2194    8.40257 0.0000e+00
       4028    125.971    -1.0149    -1.0189   2.647337   2.647088     2.0460     2.4713      8.025     0.7510     2.0034 1.0727e-01    -0.1222   103.1023     7.8253     8.1192    32.6127    32.6137    26.2192    26.2200    8.40385 0.0000e+00
       4031    126.071    -1.0188    -1.0226   2.647168   2.646944     2.0451     2.4713      8.022     0.7510     2.7930 1.0727e-01    -0.1264   103.2108     7.8229     8.1179    32.6147    32.6157    26.2208    26.2218    8.40464 0.0000e+00
       4034    126.172    -1.0199    -1.0243   2.647180   2.646893     2.0451     2.4709      8.022     0.7510     2.7535 1.0740e-01    -0.1320   103.3555     7.8218     8.1183    32.6159    32.6168    26.2219    26.2228    8.40480 0.0000e+00
       4037    126.273    -1.0201    -1.0245   2.647185   2.646950     2.0439     2.4700      8.023     0.7405     2.7535 1.0727e-01    -0.1317   103.3465     7.8145     8.1157    32.6161    32.6178    26.2221    26.2235    8.40484 0.0000e+00
       4040    126.372    -1.0195    -1.0240   2.647209   2.646977     2.0439     2.4700      8.022     0.7616     2.7535 1.0727e-01    -0.1320   103.3555     7.8110     8.1143    32.6158    32.6175    26.2218    26.2233    8.40473 0.0000e+00
       4043    126.472    -1.0228    -1.0256   2.646844   2.646670     2.0435     2.4704      8.022     0.7510     2.7535 1.0740e-01    -0.1313   103.3374     7.8079     8.1146    32.6143    32.6151    26.2207    26.2214    8.40557 0.0000e+00
       4046    126.571    -1.0269    -1.0304   2.646651   2.646383     2.0439     2.4696      8.022     0.7616     2.7535 1.0740e-01    -0.1313   103.3374     7.8126     8.1109    32.6162    32.6163    26.2223    26.2225    8.40641 0.0000e+00
       4049    126.669    -1.0281    -1.0328   2.646662   2.646359     2.0439     2.4688      8.022     0.7616     2.7535 1.0727e-01    -0.1313   103.3374     7.8104     8.1089    32.6175    32.6185    26.2235    26.2244    8.40660 0.0000e+00
       4052    126.769    -1.0276    -1.0329   2.646823   2.646473     2.0431     2.4684      8.020     0.7405     2.7535 1.0727e-01    -0.1303   103.3103     7.8039     8.1061    32.6190    32.6201    26.2247    26.2256    8.40638 0.0000e+00
       4055    126.867    -1.0268    -1.0335   2.646870   2.646376     2.0431     2.4680      8.020     0.7510     3.1878 1.0715e-01    -0.1299   103.3012     7.8044     8.1036    32.6188    32.6194    26.2244    26.2251    8.40622 0.0000e+00
       4058    126.966    -1.0285    -1.0353   2.646653   2.646278     2.0423     2.4676      8.020     0.7616     3.5826 1.0727e-01    -0.1299   103.3012     7.8029     8.1003    32.6176    32.6200    26.2236    26.2257    8.40668 0.0000e+00
       4061    127.070    -1.0315    -1.0382   2.646370   2.645928     2.0419     2.4676      8.020     0.7405     3.5826 1.0752e-01    -0.1299   103.3012     7.8038     8.0996    32.6171    32.6182    26.2231    26.2244    8.40741 0.0000e+00
       4064    127.174    -1.0392    -1.0455   2.645718   2.645346     2.0407     2.4668      8.020     0.7616     3.5826 1.0740e-01    -0.1299   103.3012     7.7970     8.0972    32.6164    32.6183    26.2229    26.2246    8.40919 0.0000e+00
       4067    127.276    -1.0459    -1.0512   2.645501   2.645176     2.0415     2.4664      8.020     0.7616     3.5826 1.0740e-01    -0.1299   103.3012     7.8015     8.0980    32.6208    32.6221    26.2266    26.2278    8.41049 0.0000e+00
       4070    127.378    -1.0470    -1.0526   2.645740   2.645421     2.0415     2.4664      8.020     0.7510     3.5826 1.0727e-01    -0.1303   103.3103     7.8001     8.0996    32.6251    32.6268    26.2302    26.2317    8.41048 0.0000e+00
       4073    127.481    -1.0461    -1.0511   2.645885   2.645604     2.0403     2.4656      8.020     0.7510     3.5826 1.0740e-01    -0.1306   103.3193     7.7967     8.0939    32.6260    32.6276    26.2309    26.2324    8.41021 0.0000e+00
       4076    127.585    -1.0476    -1.0521   2.645796   2.645529     2.0407     2.4648      8.019     0.7616     3.5826 1.0740e-01    -0.1310   103.3284     7.7992     8.0901    32.6264    32.6276    26.2313    26.2324    8.41055 0.0000e+00
       4079    127.686    -1.0485    -1.0529   2.645752   2.645482     2.0399     2.4648      8.017     0.7510     3.5826 1.0715e-01    -0.1310   103.3284     7.7968     8.0869    32.6267    32.6278    26.2316    26.2326    8.41074 0.0000e+00
       4082    127.790    -1.0497    -1.0538   2.645616   2.645368     2.0403     2.4639      8.016     0.7616     3.7800 1.0740e-01    -0.1310   103.3284     7.8024     8.0816    32.6261    32.6272    26.2311    26.2321    8.41104 0.0000e+00
       4085    127.891    -1.0525    -1.0566   2.645391   2.645134     2.0399     2.4635      8.018     0.7616     3.8195 1.0740e-01    -0.1310   103.3284     7.7993     8.0796    32.6261    32.6270    26.2312    26.2320    8.41169 0.0000e+00
       4088    127.991    -1.0553    -1.0602   2.645272   2.644967     2.0390     2.4639      8.016     0.7722     3.8195 1.0740e-01    -0.1310   103.3284     7.7904     8.0815    32.6274    32.6285    26.2323    26.2334    8.41224 0.0000e+00
       4091    128.090    -1.0560    -1.0616   2.645425   2.645041     2.0390     2.4631      8.016     0.7510     3.8195 1.0715e-01    -0.1299   103.3012     7.7877     8.0770    32.6302    32.6310    26.2346    26.2355    8.41225 0.0000e+00
       4094    128.189    -1.0521    -1.0587   2.645909   2.645520     2.0390     2.4623      8.016     0.7616     3.8195 1.0740e-01    -0.1289   103.2741     7.7876     8.0712    32.6325    32.6344    26.2363    26.2381    8.41122 0.0000e+00
       4097    128.289    -1.0483    -1.0544   2.646198   2.645875     2.0382     2.4615      8.016     0.7405     3.8195 1.0740e-01    -0.1289   103.2741     7.7855     8.0680    32.6321    32.6344    26.2359    26.2380    8.41036 0.0000e+00
       4100    128.386    -1.0461    -1.0518   2.646347   2.646028     2.0378     2.4615      8.016     0.7616     3.8195 1.0727e-01    -0.1289   103.2741     7.7820     8.0659    32.6318    32.6337    26.2356    26.2373    8.40989 0.0000e+00
       4103    128.477    -1.0455    -1.0507   2.646365   2.646074     2.0378     2.4599      8.016     0.7299     3.8195 1.0727e-01    -0.1289   103.2741     7.7800     8.0585    32.6313    32.6330    26.2351    26.2367    8.40977 0.0000e+00
       4106    128.571    -1.0464    -1.0514   2.646249   2.645959     2.0378     2.4603      8.016     0.7616     3.7405 1.0752e-01    -0.1289   103.2741     7.7755     8.0608    32.6307    32.6321    26.2347    26.2360    8.41003 0.0000e+00
       4109    128.662    -1.0493    -1.0537   2.645964   2.645707     2.0362     2.4595      8.016     0.7511     2.9115 1.0727e-01    -0.1289   103.2741     7.7708     8.0557    32.6299    32.6312    26.2341    26.2353    8.41073 0.0000e+00
       4112    128.753    -1.0535    -1.0572   2.645693   2.645409     2.0358     2.4591      8.016     0.7722     2.8720 1.0752e-01    -0.1303   103.3103     7.7711     8.0534    32.6307    32.6308    26.2349    26.2352    8.41165 0.0000e+00
       4115    128.843    -1.0561    -1.0605   2.645580   2.645297     2.0366     2.4582      8.016     0.7405     2.8720 1.0740e-01    -0.1317   103.3465     7.7734     8.0522    32.6320    32.6329    26.2361    26.2369    8.41217 0.0000e+00
       4118    128.931    -1.0573    -1.0617   2.645543   2.645269     2.0362     2.4578      8.016     0.7616     2.8720 1.0740e-01    -0.1320   103.3555     7.7713     8.0495    32.6326    32.6338    26.2367    26.2377    8.41239 0.0000e+00
       4121    129.018    -1.0579    -1.0628   2.645564   2.645253     2.0362     2.4578      8.016     0.7616     2.8720 1.0727e-01    -0.1320   103.3555     7.7737     8.0509    32.6335    32.6346    26.2374    26.2384    8.41248 0.0000e+00
       4124    129.104    -1.0567    -1.0624   2.645819   2.645457     2.0354     2.4566      8.016     0.7510     2.8720 1.0752e-01    -0.1320   103.3555     7.7700     8.0459    32.6357    32.6370    26.2391    26.2403    8.41209 0.0000e+00
       4127    129.190    -1.0536    -1.0593   2.646105   2.645807     2.0342     2.4566      8.016     0.7510     2.8720 1.0715e-01    -0.1320   103.3555     7.7636     8.0441    32.6361    32.6383    26.2393    26.2413    8.41135 0.0000e+00
       4130    129.278    -1.0534    -1.0584   2.646079   2.645796     2.0338     2.4562      8.016     0.7616     2.8720 1.0752e-01    -0.1320   103.3555     7.7629     8.0430    32.6355    32.6372    26.2388    26.2403    8.41134 0.0000e+00
       4133    129.364    -1.0564    -1.0606   2.645847   2.645592     2.0346     2.4546      8.016     0.7616     1.8850 1.0740e-01    -0.1310   103.3284     7.7693     8.0395    32.6356    32.6367    26.2390    26.2400    8.41202 0.0000e+00
       4136    129.451    -1.0596    -1.0644   2.645645   2.645329     2.0342     2.4546      8.016     0.7510    -0.0494 1.0740e-01    -0.1310   103.3284     7.7651     8.0435    32.6363    32.6372    26.2396    26.2405    8.41272 0.0000e+00
       4139    129.541    -1.0620    -1.0666   2.645573   2.645250     2.0325     2.4538      8.014     0.7616     0.0295 1.0740e-01    -0.1310   103.3284     7.7535     8.0430    32.6378    32.6384    26.2409    26.2416    8.41317 0.0000e+00
       4142    129.631    -1.0626    -1.0677   2.645527   2.645218     2.0333     2.4529      8.013     0.7616     0.0295 1.0752e-01    -0.1310   103.3284     7.7593     8.0410    32.6378    32.6392    26.2409    26.2423    8.41331 0.0000e+00
       4145    129.721    -1.0633    -1.0682   2.645489   2.645210     2.0329     2.4538      8.014     0.7616     0.0295 1.0740e-01    -0.1310   103.3284     7.7594     8.0481    32.6380    32.6396    26.2412    26.2426    8.41347 0.0000e+00
       4148    129.812    -1.0645    -1.0692   2.645435   2.645141     2.0329     2.4521      8.013     0.7510     0.0295 1.0727e-01    -0.1310   103.3284     7.7613     8.0452    32.6386    32.6396    26.2416    26.2426    8.41371 0.0000e+00
       4151    129.910    -1.0652    -1.0702   2.645421   2.645106     2.0321     2.4517      8.014     0.7511     0.0295 1.0740e-01    -0.1306   103.3193     7.7592     8.0429    32.6390    32.6402    26.2421    26.2431    8.41385 0.0000e+00
       4154    130.012    -1.0659    -1.0711   2.645388   2.645064     2.0317     2.4521      8.013     0.7722     0.0295 1.0740e-01    -0.1324   103.3645     7.7526     8.0496    32.6393    32.6405    26.2423    26.2434    8.41399 0.0000e+00
       4157    130.112    -1.0663    -1.0713   2.645354   2.645062     2.0317     2.4517      8.011     0.7616     0.0295 1.0752e-01    -0.1331   103.3826     7.7540     8.0500    32.6392    32.6407    26.2423    26.2436    8.41409 0.0000e+00
       4160    130.216    -1.0665    -1.0717   2.645358   2.645043     2.0309     2.4513      8.011     0.7616     1.1349 1.0752e-01    -0.1324   103.3645     7.7533     8.0456    32.6394    32.6407    26.2424    26.2437    8.41411 0.0000e+00
       4163    130.326    -1.0665    -1.0717   2.645373   2.645049     2.0301     2.4509      8.011     0.7616     1.9640 1.0740e-01    -0.1327   103.3736     7.7507     8.0462    32.6395    32.6408    26.2425    26.2437    8.41411 0.0000e+00
       4166    130.437    -1.0669    -1.0718   2.645375   2.645062     2.0305     2.4501      8.011     0.7616     1.9245 1.0752e-01    -0.1327   103.3736     7.7491     8.0417    32.6399    32.6410    26.2428    26.2439    8.41417 0.0000e+00
       4169    130.549    -1.0667    -1.0718   2.645386   2.645069     2.0301     2.4505      8.011     0.7510     1.9245 1.0740e-01    -0.1327   103.3736     7.7471     8.0466    32.6397    32.6410    26.2427    26.2438    8.41413 0.0000e+00
       4172    130.666    -1.0667    -1.0719   2.645396   2.645070     2.0297     2.4493      8.011     0.7510     1.9245 1.0727e-01    -0.1320   103.3555     7.7472     8.0442    32.6398    32.6410    26.2428    26.2439    8.41414 0.0000e+00
