Datasets/AZMP/TEL210/tel210_2020_012.cnv
* Sea-Bird SBE 9 Data File:
* FileName = C:\CTDDATA\tel210_2020_012.hex
* Software Version Seasave V 7.26.7.110
* Temperature SN = 1697
* Conductivity SN = 4216
* Number of Bytes Per Scan = 30
* Number of Voltage Words = 4
* Number of Scans Averaged by the Deck Unit = 1
* NMEA baud rate = 4800
** VESSEL/TRIP/SEQ STN:  tel210_2020_012
** LATITUDE XX XX.XX: 47 00.00 N
** LONGITUDE XX XX.XX: 049 07.00 W
** SOUNDING DEPTH (M): 0082
** PROBE TYPE: S1146
** CTD NUMBER: 011
** COMMENTS (14 CHAR): FC-10
** BOTTLES:  7
** LEVELS: 5,10,20,30,40,50,BTM
** STICKERS: 435812 - 435818
** VNET: Y
** DO2: N
# nquan = 22
# nvalues = 1579                        
# units = specified
# name 0 = scan: Scan Count
# name 1 = prDM: Pressure, Digiquartz [db]
# name 2 = t090C: Temperature [ITS-90, deg C]
# name 3 = t190C: Temperature, 2 [ITS-90, deg C]
# name 4 = c0S/m: Conductivity [S/m]
# name 5 = c1S/m: Conductivity, 2 [S/m]
# name 6 = sbeox0V: Oxygen raw, SBE 43 [V]
# name 7 = sbeox1V: Oxygen raw, SBE 43, 2 [V]
# name 8 = ph: pH
# name 9 = flECO-AFL: Fluorescence, WET Labs ECO-AFL/FL [mg/m^3]
# name 10 = wetCDOM: Fluorescence, WET Labs CDOM [mg/m^3]
# name 11 = par/sat/log: PAR/Logarithmic, Satlantic [umol photons/m^2/sec]
# name 12 = CStarAt0: Beam Attenuation, WET Labs C-Star [1/m]
# name 13 = CStarTr0: Beam Transmission, WET Labs C-Star [%]
# name 14 = sbeox0ML/L: Oxygen, SBE 43 [ml/l], WS = 2
# name 15 = sbeox1ML/L: Oxygen, SBE 43, 2 [ml/l], WS = 2
# name 16 = sal00: Salinity, Practical [PSU]
# name 17 = sal11: Salinity, Practical, 2 [PSU]
# name 18 = sigma-t00: Density [sigma-t, kg/m^3 ]
# name 19 = sigma-t11: Density, 2 [sigma-t, kg/m^3 ]
# name 20 = oxsatML/L: Oxygen Saturation, Weiss [ml/l]
# name 21 = flag: flag
# span 0 =         70,      22736       
# span 1 =      2.938,     78.682       
# span 2 =     1.1548,    10.7496       
# span 3 =     1.1434,    10.7453       
# span 4 =   2.841129,   3.634207       
# span 5 =   2.840541,   3.633564       
# span 6 =     1.7248,     2.3946       
# span 7 =     2.0747,     2.9359       
# span 8 =      7.747,      8.136       
# span 9 =    -0.4087,     1.3618       
# span 10 =    -2.8130,   482.1870      
# span 11 = 1.0617e-01, 2.2111e-01      
# span 12 =    -0.0831,     0.0232      
# span 13 =    99.4217,   102.0985      
# span 14 =     5.7736,     7.8247      
# span 15 =     6.0409,     8.3552      
# span 16 =    32.4058,    32.8813      
# span 17 =    32.4549,    32.8755      
# span 18 =    24.8899,    26.3323      
# span 19 =    24.8956,    26.3274      
# span 20 =    6.31334,    7.91829      
# span 21 = 0.0000e+00, 0.0000e+00      
# interval = scans: 3                   
# start_time = Jul 16 2020 06:32:04 [System UTC, header]
# bad_flag = -9.990e-29
*END*
[from data line 659]
       2535     68.855     1.7501     1.7447   2.888497   2.888014     1.7931     2.1561      7.837    -0.2866   255.3010 1.0740e-01    -0.0617   101.5559     5.9379     6.1986    32.8512    32.8508    26.2684    26.2684    7.79808 0.0000e+00
       2538     68.968     1.7465     1.7412   2.888157   2.887670     1.7923     2.1549      7.837    -0.2764   482.1870 1.0727e-01    -0.0607   101.5288     5.9347     6.1951    32.8506    32.8501    26.2682    26.2681    7.79883 0.0000e+00
       2541     69.084     1.7404     1.7355   2.887693   2.887212     1.7923     2.1545      7.837    -0.2764   481.0027 1.0715e-01    -0.0607   101.5288     5.9368     6.1940    32.8511    32.8502    26.2690    26.2686    7.80004 0.0000e+00
       2544     69.206     1.7373     1.7308   2.887539   2.886900     1.7923     2.1536      7.835    -0.2662   481.3579 1.0715e-01    -0.0610   101.5378     5.9370     6.1928    32.8524    32.8510    26.2702    26.2696    7.80060 0.0000e+00
       2547     69.328     1.7357     1.7297   2.887441   2.886843     1.7919     2.1528      7.837    -0.2866   481.3579 1.0740e-01    -0.0610   101.5378     5.9359     6.1915    32.8527    32.8514    26.2706    26.2700    7.80089 0.0000e+00
       2550     69.457     1.7342     1.7287   2.887285   2.886786     1.7898     2.1524      7.835    -0.2866   481.3579 1.0727e-01    -0.0610   101.5378     5.9259     6.1900    32.8522    32.8516    26.2703    26.2703    7.80123 0.0000e+00
       2553     69.589     1.7313     1.7259   2.887043   2.886541     1.7906     2.1528      7.834    -0.2866   481.3579 1.0715e-01    -0.0607   101.5288     5.9297     6.1924    32.8521    32.8514    26.2704    26.2702    7.80180 0.0000e+00
       2556     69.726     1.7273     1.7218   2.886674   2.886162     1.7902     2.1520      7.832    -0.3171   481.3579 1.0715e-01    -0.0610   101.5378     5.9301     6.1900    32.8515    32.8509    26.2703    26.2701    7.80264 0.0000e+00
       2559     69.861     1.7147     1.7080   2.885460   2.884952     1.7894     2.1500      7.832    -0.3069   481.3579 1.0740e-01    -0.0610   101.5378     5.9297     6.1859    32.8494    32.8500    26.2695    26.2704    7.80530 0.0000e+00
       2562     69.998     1.7036     1.6962   2.884734   2.884175     1.7886     2.1500      7.832    -0.3069    98.8850 1.0727e-01    -0.0610   101.5378     5.9266     6.1884    32.8518    32.8525    26.2721    26.2732    7.80740 0.0000e+00
       2565     70.134     1.6987     1.6916   2.884450   2.883855     1.7882     2.1488      7.832    -0.3171     2.9904 1.0715e-01    -0.0610   101.5378     5.9225     6.1854    32.8532    32.8532    26.2736    26.2741    7.80831 0.0000e+00
       2568     70.267     1.6922     1.6868   2.883843   2.883418     1.7874     2.1496      7.832    -0.3069     7.3331 1.0740e-01    -0.0610   101.5378     5.9213     6.1907    32.8523    32.8526    26.2733    26.2740    7.80967 0.0000e+00
       2571     70.399     1.6841     1.6780   2.883213   2.882717     1.7874     2.1484      7.830    -0.2967     7.1357 1.0740e-01    -0.0610   101.5378     5.9259     6.1861    32.8528    32.8529    26.2743    26.2748    7.81128 0.0000e+00
       2574     70.531     1.6778     1.6727   2.882819   2.882326     1.7858     2.1471      7.827    -0.3171     7.1357 1.0715e-01    -0.0610   101.5378     5.9205     6.1806    32.8543    32.8534    26.2760    26.2756    7.81247 0.0000e+00
       2577     70.662     1.6733     1.6676   2.882466   2.881955     1.7866     2.1471      7.827    -0.3069     7.1357 1.0715e-01    -0.0614   101.5469     5.9235     6.1811    32.8545    32.8540    26.2764    26.2764    7.81337 0.0000e+00
       2580     70.787     1.6687     1.6621   2.881968   2.881417     1.7853     2.1463      7.829    -0.2967     7.1357 1.0727e-01    -0.0621   101.5650     5.9216     6.1797    32.8529    32.8529    26.2755    26.2759    7.81437 0.0000e+00
       2583     70.906     1.6595     1.6529   2.881161   2.880650     1.7853     2.1459      7.827    -0.2764     7.1357 1.0727e-01    -0.0621   101.5650     5.9250     6.1787    32.8523    32.8528    26.2756    26.2764    7.81626 0.0000e+00
       2586     71.022     1.6511     1.6463   2.880668   2.880195     1.7845     2.1451      7.827    -0.2662    58.6559 1.0740e-01    -0.0614   101.5469     5.9242     6.1748    32.8548    32.8539    26.2782    26.2778    7.81782 0.0000e+00
       2589     71.130     1.6460     1.6413   2.880288   2.879838     1.7837     2.1451      7.827    -0.2764   463.1186 1.0715e-01    -0.0621   101.5650     5.9202     6.1757    32.8553    32.8545    26.2790    26.2787    7.81883 0.0000e+00
       2592     71.238     1.6425     1.6372   2.880003   2.879494     1.7837     2.1443      7.827    -0.2764   481.5948 1.0740e-01    -0.0614   101.5469     5.9209     6.1729    32.8553    32.8545    26.2792    26.2789    7.81953 0.0000e+00
       2595     71.341     1.6391     1.6336   2.879748   2.879197     1.7833     2.1427      7.823    -0.2764   481.2000 1.0715e-01    -0.0614   101.5469     5.9205     6.1687    32.8556    32.8544    26.2796    26.2791    7.82020 0.0000e+00
       2598     71.435     1.6344     1.6297   2.879405   2.878899     1.7829     2.1427      7.823    -0.2662   481.3579 1.0727e-01    -0.0610   101.5378     5.9205     6.1668    32.8561    32.8546    26.2804    26.2796    7.82112 0.0000e+00
       2601     71.529     1.6307     1.6252   2.879049   2.878528     1.7821     2.1414      7.823    -0.2866   481.3579 1.0715e-01    -0.0610   101.5378     5.9152     6.1605    32.8554    32.8546    26.2802    26.2798    7.82190 0.0000e+00
       2604     71.620     1.6248     1.6194   2.878523   2.878016     1.7821     2.1406      7.823    -0.2866   481.3579 1.0740e-01    -0.0610   101.5378     5.9166     6.1568    32.8549    32.8542    26.2801    26.2799    7.82312 0.0000e+00
       2607     71.706     1.6200     1.6145   2.878193   2.877667     1.7813     2.1402      7.823    -0.2967   481.3579 1.0727e-01    -0.0610   101.5378     5.9126     6.1577    32.8557    32.8549    26.2811    26.2808    7.82405 0.0000e+00
       2610     71.788     1.6161     1.6106   2.877938   2.877423     1.7809     2.1398      7.823    -0.3069   481.3579 1.0715e-01    -0.0610   101.5378     5.9101     6.1578    32.8566    32.8557    26.2820    26.2818    7.82480 0.0000e+00
       2613     71.871     1.6132     1.6075   2.877732   2.877148     1.7797     2.1394      7.821    -0.3069   318.7043 1.0740e-01    -0.0610   101.5378     5.9018     6.1571    32.8570    32.8556    26.2826    26.2819    7.82537 0.0000e+00
       2616     71.953     1.6108     1.6053   2.877561   2.877015     1.7801     2.1386      7.820    -0.3069    -2.4972 1.0740e-01    -0.0600   101.5107     5.9044     6.1569    32.8572    32.8561    26.2829    26.2824    7.82583 0.0000e+00
       2619     72.034     1.6087     1.6041   2.877446   2.876973     1.7797     2.1378      7.818    -0.3171     4.1353 1.0740e-01    -0.0582   101.4655     5.9031     6.1566    32.8579    32.8568    26.2836    26.2830    7.82622 0.0000e+00
       2622     72.113     1.6083     1.6023   2.877357   2.876819     1.7788     2.1361      7.818    -0.3069     4.2143 1.0740e-01    -0.0582   101.4655     5.8977     6.1508    32.8572    32.8566    26.2831    26.2831    7.82635 0.0000e+00
       2625     72.194     1.6067     1.6014   2.877291   2.876729     1.7780     2.1357      7.818    -0.3069     4.2537 1.0727e-01    -0.0582   101.4655     5.8929     6.1507    32.8580    32.8565    26.2838    26.2829    7.82662 0.0000e+00
       2628     72.277     1.6036     1.5977   2.876908   2.876369     1.7776     2.1353      7.818    -0.2866     4.1748 1.0727e-01    -0.0582   101.4655     5.8911     6.1500    32.8563    32.8557    26.2827    26.2827    7.82734 0.0000e+00
       2631     72.361     1.5997     1.5936   2.876667   2.876111     1.7768     2.1357      7.818    -0.3069     4.2143 1.0715e-01    -0.0578   101.4564     5.8884     6.1523    32.8573    32.8567    26.2838    26.2837    7.82807 0.0000e+00
       2634     72.448     1.5972     1.5918   2.876507   2.876001     1.7764     2.1345      7.818    -0.2560     4.1748 1.0727e-01    -0.0585   101.4745     5.8889     6.1499    32.8579    32.8571    26.2844    26.2841    7.82855 0.0000e+00
       2637     72.540     1.5959     1.5910   2.876437   2.875957     1.7760     2.1333      7.818    -0.2458     4.1748 1.0715e-01    -0.0614   101.5469     5.8854     6.1483    32.8583    32.8574    26.2849    26.2845    7.82879 0.0000e+00
       2640     72.636     1.5952     1.5904   2.876437   2.875898     1.7756     2.1337      7.818    -0.2255     7.1752 1.0727e-01    -0.0646   101.6282     5.8823     6.1525    32.8590    32.8572    26.2854    26.2844    7.82890 0.0000e+00
       2643     72.735     1.5932     1.5885   2.876116   2.875678     1.7752     2.1329      7.816    -0.2560     9.1491 1.0727e-01    -0.0646   101.6282     5.8813     6.1533    32.8570    32.8564    26.2840    26.2838    7.82941 0.0000e+00
       2646     72.838     1.5876     1.5856   2.875689   2.875547     1.7739     2.1317      7.818    -0.2560     9.0307 1.0727e-01    -0.0649   101.6373     5.8781     6.1505    32.8574    32.8577    26.2846    26.2851    7.83051 0.0000e+00
       2649     72.950     1.5863     1.5851   2.875744   2.875500     1.7735     2.1313      7.816    -0.2458     9.0307 1.0727e-01    -0.0642   101.6192     5.8789     6.1468    32.8594    32.8576    26.2863    26.2850    7.83067 0.0000e+00
       2652     73.066     1.5862     1.5837   2.875640   2.875415     1.7731     2.1308      7.816    -0.2458     9.0307 1.0727e-01    -0.0646   101.6282     5.8796     6.1444    32.8581    32.8579    26.2853    26.2853    7.83076 0.0000e+00
       2655     73.181     1.5830     1.5841   2.875447   2.875464     1.7731     2.1304      7.813    -0.2356     9.0307 1.0727e-01    -0.0642   101.6192     5.8823     6.1433    32.8590    32.8580    26.2863    26.2854    7.83137 0.0000e+00
       2658     73.301     1.5830     1.5798   2.875464   2.874869     1.7723     2.1304      7.813    -0.2662     9.0307 1.0740e-01    -0.0671   101.6916     5.8779     6.1458    32.8591    32.8550    26.2864    26.2833    7.83136 0.0000e+00
       2661     73.424     1.5789     1.5548   2.874876   2.872583     1.7715     2.1292      7.815    -0.3171     9.0307 1.0727e-01    -0.0675   101.7006     5.8734     6.1468    32.8559    32.8522    26.2840    26.2828    7.83236 0.0000e+00
       2664     73.550     1.5586     1.5357   2.873216   2.871454     1.7711     2.1292      7.813    -0.3069    13.2155 1.0752e-01    -0.0675   101.7006     5.8778     6.1486    32.8561    32.8577    26.2856    26.2885    7.83646 0.0000e+00
       2667     73.677     1.5453     1.5323   2.872148   2.871380     1.7703     2.1288      7.813    -0.2967   422.9684 1.0727e-01    -0.0675   101.7006     5.8777     6.1487    32.8564    32.8603    26.2868    26.2908    7.83913 0.0000e+00
       2670     73.807     1.5343     1.5299   2.871526   2.871113     1.7699     2.1276      7.813    -0.2967   481.3974 1.0752e-01    -0.0675   101.7006     5.8794     6.1446    32.8600    32.8595    26.2904    26.2902    7.84117 0.0000e+00
       2673     73.934     1.5317     1.5277   2.871325   2.871027     1.7707     2.1268      7.813    -0.2967   481.1211 1.0727e-01    -0.0675   101.7006     5.8835     6.1416    32.8601    32.8606    26.2907    26.2913    7.84169 0.0000e+00
       2676     74.058     1.5263     1.5253   2.870900   2.870802     1.7699     2.1268      7.810    -0.3069   481.3579 1.0740e-01    -0.0668   101.6825     5.8780     6.1402    32.8604    32.8602    26.2913    26.2912    7.84279 0.0000e+00
       2679     74.177     1.5261     1.5234   2.870978   2.870613     1.7687     2.1260      7.810    -0.2866   481.3579 1.0727e-01    -0.0653   101.6463     5.8708     6.1345    32.8615    32.8597    26.2922    26.2909    7.84277 0.0000e+00
       2682     74.295     1.5230     1.5193   2.870650   2.870269     1.7682     2.1256      7.809    -0.3171   481.3579 1.0727e-01    -0.0653   101.6463     5.8706     6.1326    32.8605    32.8595    26.2916    26.2911    7.84344 0.0000e+00
       2685     74.410     1.5163     1.5146   2.870120   2.869874     1.7674     2.1256      7.809    -0.2865   481.3579 1.0727e-01    -0.0653   101.6463     5.8700     6.1329    32.8608    32.8594    26.2922    26.2912    7.84479 0.0000e+00
       2688     74.520     1.5123     1.5061   2.869701   2.869125     1.7678     2.1239      7.809    -0.2764   481.3579 1.0740e-01    -0.0653   101.6463     5.8732     6.1280    32.8596    32.8588    26.2916    26.2913    7.84566 0.0000e+00
       2691     74.625     1.5083     1.4993   2.869489   2.868696     1.7666     2.1243      7.809    -0.2764   481.3579 1.0727e-01    -0.0653   101.6463     5.8708     6.1321    32.8610    32.8604    26.2930    26.2931    7.84639 0.0000e+00
       2694     74.720     1.5082     1.4993   2.869499   2.868735     1.7670     2.1231      7.809    -0.2764   481.3579 1.0715e-01    -0.0653   101.6463     5.8718     6.1290    32.8612    32.8609    26.2931    26.2935    7.84640 0.0000e+00
       2697     74.807     1.5034     1.4988   2.868921   2.868641     1.7658     2.1231      7.809    -0.2866   481.3579 1.0715e-01    -0.0653   101.6463     5.8671     6.1284    32.8589    32.8602    26.2916    26.2929    7.84751 0.0000e+00
       2700     74.882     1.5026     1.4977   2.868859   2.868595     1.7646     2.1215      7.809    -0.2764   481.3579 1.0740e-01    -0.0664   101.6735     5.8653     6.1234    32.8589    32.8607    26.2916    26.2934    7.84767 0.0000e+00
       2703     74.951     1.4989     1.4936   2.868436   2.868100     1.7646     2.1207      7.807    -0.2764   481.3579 1.0740e-01    -0.0664   101.6735     5.8705     6.1222    32.8575    32.8587    26.2907    26.2921    7.84851 0.0000e+00
       2706     75.010     1.4998     1.4869   2.868764   2.867678     1.7646     2.1207      7.807    -0.2764   481.3579 1.0740e-01    -0.0657   101.6554     5.8729     6.1240    32.8605    32.8603    26.2932    26.2939    7.84815 0.0000e+00
       2709     75.064     1.5015     1.4890   2.868759   2.867994     1.7646     2.1198      7.807    -0.2764   481.3579 1.0727e-01    -0.0660   101.6644     5.8745     6.1209    32.8587    32.8622    26.2916    26.2952    7.84791 0.0000e+00
       2712     75.108     1.4990     1.4943   2.868684   2.868332     1.7642     2.1198      7.806    -0.2662   481.3579 1.0715e-01    -0.0660   101.6644     5.8733     6.1202    32.8604    32.8609    26.2931    26.2938    7.84833 0.0000e+00
       2715     75.149     1.4925     1.4981   2.868366   2.868561     1.7642     2.1194      7.804    -0.2662   481.3579 1.0740e-01    -0.0660   101.6644     5.8748     6.1176    32.8631    32.8597    26.2958    26.2926    7.84950 0.0000e+00
       2718     75.186     1.4916     1.5027   2.868285   2.868858     1.7626     2.1186      7.804    -0.2866   274.0140 1.0727e-01    -0.0642   101.6192     5.8660     6.1160    32.8630    32.8587    26.2957    26.2914    7.84969 0.0000e+00
       2721     75.217     1.4904     1.5043   2.868219   2.868915     1.7626     2.1182      7.804    -0.2764    -1.5891 1.0727e-01    -0.0642   101.6192     5.8668     6.1140    32.8634    32.8577    26.2961    26.2905    7.84990 0.0000e+00
       2724     75.247     1.4889     1.4888   2.868114   2.867594     1.7621     2.1182      7.804    -0.2764     5.2012 1.0715e-01    -0.0642   101.6192     5.8622     6.1174    32.8636    32.8572    26.2964    26.2912    7.85020 0.0000e+00
       2727     75.274     1.4879     1.4842   2.867994   2.867405     1.7626     2.1170      7.804    -0.2662     5.0038 1.0727e-01    -0.0639   101.6102     5.8620     6.1107    32.8631    32.8596    26.2960    26.2935    7.85043 0.0000e+00
