Datasets/AZMP/TEL210/tel210_2020_049.cnv
* Sea-Bird SBE 9 Data File:
* FileName = C:\CTDDATA\tel210_2020_049.hex
* Software Version Seasave V 7.26.7.110
* Temperature SN = 1697
* Conductivity SN = 4216
* Number of Bytes Per Scan = 30
* Number of Voltage Words = 4
* Number of Scans Averaged by the Deck Unit = 1
* NMEA baud rate = 4800
** VESSEL/TRIP/SEQ STN:  tel210_2020_049
** LATITUDE XX XX.XX: 49 31.00 N
** LONGITUDE XX XX.XX: 050 32.00 W
** SOUNDING DEPTH (M): 0330
** PROBE TYPE: S1146
** CTD NUMBER: 039
** COMMENTS (14 CHAR): BB-10
** BOTTLES:  10
** LEVELS: 5,10,20,30,40,50,75,100,150,BTM
** STICKERS: 436023 - 436032
** VNET: Y
** DO2: Y
# nquan = 22
# nvalues = 7754                        
# units = specified
# name 0 = scan: Scan Count
# name 1 = prDM: Pressure, Digiquartz [db]
# name 2 = t090C: Temperature [ITS-90, deg C]
# name 3 = t190C: Temperature, 2 [ITS-90, deg C]
# name 4 = c0S/m: Conductivity [S/m]
# name 5 = c1S/m: Conductivity, 2 [S/m]
# name 6 = sbeox0V: Oxygen raw, SBE 43 [V]
# name 7 = sbeox1V: Oxygen raw, SBE 43, 2 [V]
# name 8 = ph: pH
# name 9 = flECO-AFL: Fluorescence, WET Labs ECO-AFL/FL [mg/m^3]
# name 10 = wetCDOM: Fluorescence, WET Labs CDOM [mg/m^3]
# name 11 = par/sat/log: PAR/Logarithmic, Satlantic [umol photons/m^2/sec]
# name 12 = CStarAt0: Beam Attenuation, WET Labs C-Star [1/m]
# name 13 = CStarTr0: Beam Transmission, WET Labs C-Star [%]
# name 14 = sbeox0ML/L: Oxygen, SBE 43 [ml/l], WS = 2
# name 15 = sbeox1ML/L: Oxygen, SBE 43, 2 [ml/l], WS = 2
# name 16 = sal00: Salinity, Practical [PSU]
# name 17 = sal11: Salinity, Practical, 2 [PSU]
# name 18 = sigma-t00: Density [sigma-t, kg/m^3 ]
# name 19 = sigma-t11: Density, 2 [sigma-t, kg/m^3 ]
# name 20 = oxsatML/L: Oxygen Saturation, Weiss [ml/l]
# name 21 = flag: flag
# span 0 =          2,      57012       
# span 1 =      1.386,    334.154       
# span 2 =     0.1005,     9.9663       
# span 3 =     0.0810,     9.9555       
# span 4 =   2.770053,   3.566927       
# span 5 =   2.769259,   3.565620       
# span 6 =     1.9041,     2.5352       
# span 7 =     2.2965,     3.1167       
# span 8 =      7.985,      8.274       
# span 9 =     0.6346,    16.4865       
# span 10 =    -2.8130,   482.1870      
# span 11 = 1.0715e-01, 7.6397e+02      
# span 12 =    -0.1355,     2.0095      
# span 13 =    60.5091,   103.4459      
# span 14 =     6.3543,    10.1851      
# span 15 =     6.6365,    10.7188      
# span 16 =    32.1592,    34.7310      
# span 17 =    32.5004,    34.7321      
# span 18 =    24.9605,    27.6360      
# span 19 =    25.0506,    27.6373      
# span 20 =    6.42161,    8.12381      
# span 21 = 0.0000e+00, 0.0000e+00      
# interval = scans: 3                   
# start_time = Jul 20 2020 21:03:17 [System UTC, header]
# bad_flag = -9.990e-29
*END*
[from data line 1186]
       4305    120.817     2.6451     2.6406   3.089506   3.089321     2.0102     2.4277      8.018     0.7405    -0.9180 1.0715e-01    -0.1134   102.8762     6.7795     7.0635    34.3750    34.3775    27.4177    27.4201    7.54440 0.0000e+00
       4308    120.932     2.6454     2.6414   3.089603   3.089386     2.0102     2.4277      8.018     0.7299    -0.9180 1.0715e-01    -0.1131   102.8672     6.7845     7.0658    34.3758    34.3774    27.4183    27.4199    7.54430 0.0000e+00
       4311    121.050     2.6456     2.6415   3.089596   3.089371     2.0110     2.4286      8.016     0.7299    -0.9180 1.0715e-01    -0.1131   102.8672     6.7891     7.0702    34.3754    34.3771    27.4180    27.4197    7.54428 0.0000e+00
       4314    121.173     2.6457     2.6414   3.089608   3.089390     2.0098     2.4286      8.016     0.7299    -0.9180 1.0715e-01    -0.1134   102.8762     6.7840     7.0720    34.3754    34.3773    27.4180    27.4199    7.54426 0.0000e+00
       4317    121.296     2.6460     2.6411   3.089662   3.089331     2.0102     2.4273      8.016     0.7405    -0.9180 1.0715e-01    -0.1141   102.8943     6.7892     7.0661    34.3757    34.3769    27.4182    27.4195    7.54420 0.0000e+00
       4320    121.422     2.6463     2.6413   3.089700   3.089497     2.0098     2.4286      8.018     0.7828    -0.9180 1.0715e-01    -0.1141   102.8943     6.7877     7.0714    34.3758    34.3787    27.4182    27.4210    7.54414 0.0000e+00
       4323    121.545     2.6477     2.6471   3.090301   3.090164     2.0085     2.4273      8.016     0.7616    -0.9180 1.0715e-01    -0.1145   102.9033     6.7808     7.0668    34.3817    34.3806    27.4228    27.4220    7.54358 0.0000e+00
       4326    121.672     2.6502     2.6498   3.090414   3.090294     2.0085     2.4273      8.016     0.7616    -0.6811 1.0715e-01    -0.1141   102.8943     6.7805     7.0667    34.3802    34.3792    27.4214    27.4207    7.54316 0.0000e+00
       4329    121.799     2.6523     2.6498   3.090572   3.090289     2.0102     2.4273      8.016     0.7722    -0.4443 1.0715e-01    -0.1141   102.8943     6.7897     7.0669    34.3799    34.3790    27.4209    27.4205    7.54278 0.0000e+00
       4332    121.924     2.6538     2.6500   3.090647   3.090371     2.0098     2.4273      8.016     0.7616    -0.4443 1.0715e-01    -0.1141   102.8943     6.7886     7.0654    34.3791    34.3798    27.4202    27.4211    7.54253 0.0000e+00
       4335    122.053     2.6546     2.6500   3.090737   3.090341     2.0094     2.4273      8.016     0.7616    -0.4443 1.0715e-01    -0.1134   102.8762     6.7866     7.0651    34.3793    34.3794    27.4203    27.4208    7.54238 0.0000e+00
       4338    122.183     2.6555     2.6490   3.090662   3.090248     2.0098     2.4269      8.016     0.7510    -0.4443 1.0715e-01    -0.1131   102.8672     6.7915     7.0650    34.3773    34.3792    27.4186    27.4207    7.54230 0.0000e+00
       4341    122.312     2.6554     2.6486   3.090756   3.090210     2.0098     2.4261      8.016     0.7722    -0.4443 1.0715e-01    -0.1131   102.8672     6.7913     7.0627    34.3786    34.3791    27.4196    27.4206    7.54226 0.0000e+00
       4344    122.440     2.6561     2.6489   3.090849   3.090270     2.0094     2.4269      8.016     0.7405    -0.4443 1.0715e-01    -0.1131   102.8672     6.7899     7.0663    34.3789    34.3794    27.4198    27.4209    7.54211 0.0000e+00
       4347    122.565     2.6567     2.6499   3.090868   3.090420     2.0094     2.4273      8.019     0.7299    -0.4443 1.0715e-01    -0.1131   102.8672     6.7880     7.0698    34.3783    34.3802    27.4193    27.4214    7.54202 0.0000e+00
       4350    122.690     2.6578     2.6530   3.091108   3.090782     2.0094     2.4261      8.016     0.7299    -0.4443 1.0715e-01    -0.1131   102.8672     6.7840     7.0648    34.3801    34.3812    27.4206    27.4220    7.54173 0.0000e+00
       4353    122.813     2.6591     2.6564   3.091356   3.091095     2.0094     2.4261      8.016     0.7299     2.2403 1.0715e-01    -0.1131   102.8672     6.7823     7.0650    34.3816    34.3814    27.4218    27.4218    7.54139 0.0000e+00
       4356    122.935     2.6610     2.6580   3.091472   3.091222     2.0089     2.4265      8.018     0.7405     2.6746 1.0715e-01    -0.1148   102.9124     6.7811     7.0677    34.3809    34.3812    27.4211    27.4215    7.54107 0.0000e+00
       4359    123.056     2.6621     2.6585   3.091516   3.091222     2.0089     2.4261      8.016     0.7405     2.6351 1.0715e-01    -0.1152   102.9214     6.7823     7.0683    34.3803    34.3805    27.4205    27.4209    7.54090 0.0000e+00
       4362    123.172     2.6626     2.6588   3.091550   3.091269     2.0094     2.4257      8.016     0.7405     2.6351 1.0715e-01    -0.1152   102.9214     6.7837     7.0691    34.3801    34.3807    27.4203    27.4210    7.54082 0.0000e+00
       4365    123.286     2.6633     2.6589   3.091594   3.091288     2.0089     2.4261      8.018     0.7299     2.6351 1.0715e-01    -0.1152   102.9214     6.7841     7.0705    34.3798    34.3807    27.4200    27.4211    7.54069 0.0000e+00
       4368    123.401     2.6638     2.6591   3.091638   3.091341     2.0085     2.4261      8.016     0.7299     2.6351 1.0715e-01    -0.1152   102.9214     6.7844     7.0701    34.3798    34.3811    27.4198    27.4214    7.54060 0.0000e+00
       4371    123.511     2.6643     2.6597   3.091693   3.091450     2.0085     2.4261      8.018     0.7510     2.6351 1.0715e-01    -0.1152   102.9214     6.7854     7.0717    34.3798    34.3817    27.4198    27.4218    7.54050 0.0000e+00
       4374    123.619     2.6643     2.6601   3.091659   3.091463     2.0089     2.4257      8.016     0.7722     2.6351 1.0715e-01    -0.1148   102.9124     6.7874     7.0717    34.3794    34.3814    27.4195    27.4215    7.54053 0.0000e+00
       4377    123.727     2.6645     2.6598   3.091629   3.091420     2.0085     2.4261      8.018     0.7510     2.7141 1.0715e-01    -0.1152   102.9214     6.7859     7.0719    34.3787    34.3812    27.4190    27.4214    7.54052 0.0000e+00
       4380    123.832     2.6641     2.6592   3.091611   3.091339     2.0089     2.4261      8.016     0.7616     3.1089 1.0715e-01    -0.1152   102.9214     6.7889     7.0719    34.3788    34.3808    27.4191    27.4211    7.54059 0.0000e+00
       4383    123.933     2.6640     2.6585   3.091597   3.091302     2.0089     2.4265      8.016     0.7616     3.1089 1.0715e-01    -0.1152   102.9214     6.7893     7.0732    34.3787    34.3810    27.4190    27.4213    7.54061 0.0000e+00
       4386    124.034     2.6636     2.6584   3.091589   3.091342     2.0085     2.4257      8.016     0.7616     3.1089 1.0715e-01    -0.1152   102.9214     6.7887     7.0693    34.3790    34.3816    27.4192    27.4218    7.54067 0.0000e+00
       4389    124.131     2.6635     2.6582   3.091570   3.091309     2.0094     2.4261      8.018     0.7616     3.1089 1.0715e-01    -0.1152   102.9214     6.7913     7.0701    34.3789    34.3813    27.4192    27.4215    7.54071 0.0000e+00
       4392    124.228     2.6629     2.6574   3.091488   3.091211     2.0089     2.4257      8.016     0.7616     3.1089 1.0715e-01    -0.1152   102.9214     6.7870     7.0688    34.3784    34.3809    27.4188    27.4214    7.54084 0.0000e+00
       4395    124.325     2.6627     2.6568   3.091498   3.091189     2.0089     2.4261      8.016     0.7510     3.1089 1.0715e-01    -0.1162   102.9486     6.7868     7.0699    34.3787    34.3812    27.4191    27.4216    7.54087 0.0000e+00
       4398    124.418     2.6624     2.6567   3.091515   3.091232     2.0085     2.4257      8.016     0.7616     3.1089 1.0715e-01    -0.1176   102.9847     6.7844     7.0679    34.3792    34.3818    27.4195    27.4221    7.54089 0.0000e+00
       4401    124.510     2.6623     2.6569   3.091538   3.091235     2.0085     2.4253      8.016     0.7510     3.1089 1.0715e-01    -0.1173   102.9757     6.7857     7.0655    34.3795    34.3816    27.4198    27.4219    7.54090 0.0000e+00
       4404    124.601     2.6623     2.6572   3.091597   3.091305     2.0085     2.4253      8.016     0.7722   202.3201 1.0715e-01    -0.1176   102.9847     6.7847     7.0675    34.3801    34.3821    27.4203    27.4223    7.54086 0.0000e+00
       4407    124.692     2.6628     2.6577   3.091621   3.091351     2.0089     2.4253      8.016     0.7722   482.1870 1.0715e-01    -0.1180   102.9938     6.7884     7.0680    34.3799    34.3820    27.4201    27.4222    7.54079 0.0000e+00
       4410    124.781     2.6629     2.6582   3.091683   3.091395     2.0085     2.4253      8.016     0.7722   481.1605 1.0715e-01    -0.1173   102.9757     6.7847     7.0689    34.3804    34.3820    27.4205    27.4222    7.54073 0.0000e+00
       4413    124.867     2.6632     2.6587   3.091740   3.091459     2.0081     2.4257      8.016     0.7616   481.3579 1.0715e-01    -0.1173   102.9757     6.7822     7.0700    34.3808    34.3823    27.4207    27.4223    7.54066 0.0000e+00
       4416    124.953     2.6635     2.6592   3.091803   3.091531     2.0077     2.4253      8.018     0.7722   481.3579 1.0715e-01    -0.1166   102.9576     6.7821     7.0699    34.3813    34.3825    27.4211    27.4224    7.54059 0.0000e+00
       4419    125.036     2.6640     2.6599   3.091822   3.091604     2.0089     2.4253      8.016     0.7616   481.2790 1.0715e-01    -0.1162   102.9486     6.7887     7.0702    34.3808    34.3826    27.4207    27.4225    7.54050 0.0000e+00
       4422    125.120     2.6649     2.6608   3.091968   3.091712     2.0085     2.4249      8.016     0.7616   481.3579 1.0715e-01    -0.1162   102.9486     6.7865     7.0692    34.3817    34.3829    27.4213    27.4226    7.54030 0.0000e+00
       4425    125.208     2.6653     2.6614   3.092000   3.091748     2.0085     2.4253      8.016     0.7828   481.3579 1.0715e-01    -0.1162   102.9486     6.7867     7.0720    34.3816    34.3827    27.4212    27.4224    7.54022 0.0000e+00
       4428    125.292     2.6662     2.6618   3.092128   3.091818     2.0085     2.4261      8.016     0.7722   481.3579 1.0715e-01    -0.1162   102.9486     6.7874     7.0761    34.3822    34.3831    27.4216    27.4227    7.54003 0.0000e+00
       4431    125.382     2.6670     2.6633   3.092329   3.092005     2.0085     2.4249      8.016     0.7616   146.2204 1.0715e-01    -0.1162   102.9486     6.7875     7.0709    34.3837    34.3837    27.4227    27.4230    7.53979 0.0000e+00
       4434    125.469     2.6684     2.6644   3.092360   3.092058     2.0081     2.4249      8.016     0.7722    -2.1419 1.0715e-01    -0.1162   102.9486     6.7863     7.0700    34.3826    34.3831    27.4217    27.4225    7.53959 0.0000e+00
       4437    125.563     2.6689     2.6650   3.092433   3.092177     2.0081     2.4253      8.016     0.7616     1.2139 1.0715e-01    -0.1180   102.9938     6.7851     7.0715    34.3829    34.3839    27.4219    27.4230    7.53948 0.0000e+00
       4440    125.657     2.6702     2.6673   3.092677   3.092434     2.0085     2.4253      8.016     0.7616     1.0954 1.0715e-01    -0.1183   103.0028     6.7850     7.0703    34.3844    34.3846    27.4230    27.4234    7.53914 0.0000e+00
       4443    125.753     2.6715     2.6689   3.092810   3.092566     2.0077     2.4249      8.016     0.7722     1.0954 1.0715e-01    -0.1183   103.0028     6.7788     7.0680    34.3846    34.3844    27.4231    27.4231    7.53888 0.0000e+00
       4446    125.850     2.6731     2.6704   3.092992   3.092759     2.0085     2.4249      8.016     0.7616     1.0954 1.0715e-01    -0.1183   103.0028     6.7817     7.0675    34.3851    34.3851    27.4233    27.4236    7.53857 0.0000e+00
       4449    125.947     2.6747     2.6729   3.093308   3.093087     2.0081     2.4261      8.016     0.7616     1.0954 1.0715e-01    -0.1183   103.0028     6.7791     7.0687    34.3872    34.3864    27.4249    27.4244    7.53816 0.0000e+00
       4452    126.049     2.6771     2.6763   3.093666   3.093458     2.0089     2.4253      8.016     0.7722     1.0954 1.0715e-01    -0.1180   102.9938     6.7826     7.0659    34.3889    34.3873    27.4261    27.4248    7.53760 0.0000e+00
       4455    126.153     2.6796     2.6790   3.093916   3.093712     2.0077     2.4249      8.016     0.7616     1.2533 1.0715e-01    -0.1180   102.9938     6.7770     7.0665    34.3893    34.3874    27.4261    27.4247    7.53711 0.0000e+00
       4458    126.258     2.6820     2.6810   3.094138   3.093913     2.0077     2.4253      8.019     0.7616     4.1353 1.0715e-01    -0.1194   103.0299     6.7750     7.0691    34.3893    34.3877    27.4259    27.4247    7.53665 0.0000e+00
       4461    126.369     2.6843     2.6824   3.094242   3.094033     2.0081     2.4249      8.019     0.7616     4.2932 1.0715e-01    -0.1194   103.0299     6.7765     7.0651    34.3881    34.3877    27.4248    27.4246    7.53628 0.0000e+00
       4464    126.482     2.6858     2.6831   3.094346   3.094096     2.0081     2.4245      8.018     0.7616     4.2932 1.0715e-01    -0.1190   103.0209     6.7773     7.0631    34.3878    34.3876    27.4244    27.4244    7.53602 0.0000e+00
       4467    126.597     2.6870     2.6840   3.094464   3.094204     2.0073     2.4249      8.019     0.7616     4.2932 1.0715e-01    -0.1194   103.0299     6.7760     7.0668    34.3878    34.3879    27.4243    27.4246    7.53578 0.0000e+00
       4470    126.715     2.6881     2.6848   3.094556   3.094326     2.0077     2.4249      8.018     0.7616     4.2932 1.0715e-01    -0.1194   103.0299     6.7773     7.0670    34.3877    34.3885    27.4241    27.4250    7.53558 0.0000e+00
       4473    126.838     2.6890     2.6864   3.094756   3.094526     2.0073     2.4241      8.021     0.7616     4.2932 1.0715e-01    -0.1194   103.0299     6.7768     7.0632    34.3892    34.3891    27.4252    27.4254    7.53534 0.0000e+00
       4476    126.965     2.6906     2.6885   3.095004   3.094768     2.0077     2.4249      8.021     0.7616     4.2932 1.0715e-01    -0.1176   102.9847     6.7796     7.0680    34.3904    34.3898    27.4261    27.4257    7.53497 0.0000e+00
       4479    127.093     2.6923     2.6897   3.095132   3.094899     2.0073     2.4257      8.021     0.7722     4.2932 1.0715e-01    -0.1173   102.9757     6.7789     7.0728    34.3901    34.3900    27.4256    27.4258    7.53465 0.0000e+00
       4482    127.220     2.6934     2.6903   3.095198   3.094953     2.0073     2.4257      8.021     0.7722     3.5431 1.0715e-01    -0.1173   102.9757     6.7791     7.0748    34.3897    34.3900    27.4252    27.4257    7.53447 0.0000e+00
       4485    127.351     2.6943     2.6906   3.095206   3.094962     2.0077     2.4237      8.021     0.7616     1.0559 1.0715e-01    -0.1173   102.9757     6.7809     7.0694    34.3888    34.3897    27.4244    27.4254    7.53435 0.0000e+00
       4488    127.485     2.6947     2.6905   3.095207   3.094958     2.0081     2.4249      8.021     0.7616     1.0954 1.0715e-01    -0.1173   102.9757     6.7840     7.0740    34.3882    34.3897    27.4239    27.4255    7.53429 0.0000e+00
       4491    127.618     2.6953     2.6903   3.095246   3.094990     2.0081     2.4261      8.021     0.7616     1.0954 1.0715e-01    -0.1173   102.9757     6.7862     7.0795    34.3880    34.3902    27.4238    27.4259    7.53420 0.0000e+00
       4494    127.752     2.6955     2.6913   3.095384   3.095122     2.0073     2.4249      8.021     0.7722     1.0954 1.0715e-01    -0.1173   102.9757     6.7812     7.0752    34.3894    34.3907    27.4248    27.4262    7.53408 0.0000e+00
       4497    127.886     2.6961     2.6923   3.095472   3.095246     2.0077     2.4245      8.021     0.7616     1.0954 1.0715e-01    -0.1180   102.9938     6.7850     7.0729    34.3897    34.3911    27.4250    27.4264    7.53395 0.0000e+00
