Datasets/AZMP/TEL210/tel210_2020_088.cnv
* Sea-Bird SBE 9 Data File:
* FileName = C:\CTDDATA\tel210_2020_088.hex
* Software Version Seasave V 7.26.7.110
* Temperature SN = 1697
* Conductivity SN = 4216
* Number of Bytes Per Scan = 30
* Number of Voltage Words = 4
* Number of Scans Averaged by the Deck Unit = 1
* NMEA baud rate = 4800
** VESSEL/TRIP/SEQ STN:  tel210_2020_088
** LATITUDE XX XX.XX: 53 55.00 N
** LONGITUDE XX XX.XX: 054 30.00 W
** SOUNDING DEPTH (M): 0169
** PROBE TYPE: S1146
** CTD NUMBER: 058
** COMMENTS (14 CHAR): SI-07
** BOTTLES:  0
** LEVELS:
** STICKERS:
** VNET: N
** DO2: N
# nquan = 22
# nvalues = 3925                        
# units = specified
# name 0 = scan: Scan Count
# name 1 = prDM: Pressure, Digiquartz [db]
# name 2 = t090C: Temperature [ITS-90, deg C]
# name 3 = t190C: Temperature, 2 [ITS-90, deg C]
# name 4 = c0S/m: Conductivity [S/m]
# name 5 = c1S/m: Conductivity, 2 [S/m]
# name 6 = sbeox0V: Oxygen raw, SBE 43 [V]
# name 7 = sbeox1V: Oxygen raw, SBE 43, 2 [V]
# name 8 = ph: pH
# name 9 = flECO-AFL: Fluorescence, WET Labs ECO-AFL/FL [mg/m^3]
# name 10 = wetCDOM: Fluorescence, WET Labs CDOM [mg/m^3]
# name 11 = par/sat/log: PAR/Logarithmic, Satlantic [umol photons/m^2/sec]
# name 12 = CStarAt0: Beam Attenuation, WET Labs C-Star [1/m]
# name 13 = CStarTr0: Beam Transmission, WET Labs C-Star [%]
# name 14 = sbeox0ML/L: Oxygen, SBE 43 [ml/l], WS = 2
# name 15 = sbeox1ML/L: Oxygen, SBE 43, 2 [ml/l], WS = 2
# name 16 = sal00: Salinity, Practical [PSU]
# name 17 = sal11: Salinity, Practical, 2 [PSU]
# name 18 = sigma-t00: Density [sigma-t, kg/m^3 ]
# name 19 = sigma-t11: Density, 2 [sigma-t, kg/m^3 ]
# name 20 = oxsatML/L: Oxygen Saturation, Weiss [ml/l]
# name 21 = flag: flag
# span 0 =         23,      13468       
# span 1 =      2.007,    168.051       
# span 2 =    -0.6544,     9.9796       
# span 3 =    -0.6518,     9.9762       
# span 4 =   2.705271,   3.539735       
# span 5 =   2.705693,   3.539438       
# span 6 =     1.8831,     2.6328       
# span 7 =     2.2632,     3.2242       
# span 8 =      7.925,      8.273       
# span 9 =     0.6558,     2.9838       
# span 10 =    -2.8130,   482.1870      
# span 11 = 1.0678e-01, 6.7697e+00      
# span 12 =    -0.1456,     0.1930      
# span 13 =    95.2890,   103.7082      
# span 14 =     6.5172,    10.2043      
# span 15 =     6.6530,    10.8380      
# span 16 =    32.0566,    34.0431      
# span 17 =    32.1442,    34.0459      
# span 18 =    24.8056,    27.2509      
# span 19 =    24.8117,    27.2532      
# span 20 =    6.43146,    8.29202      
# span 21 = 0.0000e+00, 0.0000e+00      
# interval = scans: 3                   
# start_time = Jul 25 2020 08:12:10 [System UTC, header]
# bad_flag = -9.990e-29
*END*
[from data line 856]
       3017     89.829    -0.2470    -0.2488   2.773301   2.773045     2.0060     2.4191      7.995     0.7616     2.5562 1.0715e-01    -0.1352   103.4369     7.3752     7.6733    33.4878    33.4864    26.8972    26.8962    8.18232 0.0000e+00
       3020     90.003    -0.2762    -0.2813   2.771142   2.770731     2.0064     2.4199      7.996     0.7722     1.2928 1.0715e-01    -0.1352   103.4369     7.3815     7.6832    33.4911    33.4912    26.9012    26.9016    8.18853 0.0000e+00
       3023     90.170    -0.2914    -0.2997   2.770420   2.769868     2.0060     2.4179      7.998     0.7722     1.3323 1.0715e-01    -0.1352   103.4369     7.3822     7.6792    33.4980    33.4999    26.9075    26.9094    8.19146 0.0000e+00
       3026     90.335    -0.2960    -0.3040   2.770443   2.769879     2.0052     2.4187      7.996     0.7616     1.3323 1.0715e-01    -0.1352   103.4369     7.3791     7.6828    33.5033    33.5047    26.9120    26.9134    8.19218 0.0000e+00
       3029     90.495    -0.2952    -0.3026   2.770661   2.770152     2.0052     2.4179      7.995     0.7616     1.3323 1.0715e-01    -0.1352   103.4369     7.3782     7.6767    33.5053    33.5066    26.9136    26.9150    8.19191 0.0000e+00
       3032     90.652    -0.2941    -0.3011   2.770817   2.770350     2.0048     2.4183      7.995     0.7722     1.3323 1.0715e-01    -0.1352   103.4369     7.3766     7.6767    33.5060    33.5075    26.9141    26.9156    8.19162 0.0000e+00
       3035     90.804    -0.2925    -0.2988   2.771128   2.770639     2.0044     2.4175      7.996     0.7616     1.3323 1.0715e-01    -0.1352   103.4369     7.3798     7.6741    33.5084    33.5087    26.9159    26.9165    8.19114 0.0000e+00
       3038     90.948    -0.2897    -0.2961   2.771461   2.770997     2.0044     2.4183      7.993     0.7510     1.3323 1.0715e-01    -0.1352   103.4369     7.3833     7.6732    33.5096    33.5104    26.9168    26.9178    8.19045 0.0000e+00
       3041     91.083    -0.2869    -0.2938   2.771846   2.771268     2.0052     2.4183      7.996     0.7828     1.3323 1.0715e-01    -0.1348   103.4279     7.3871     7.6687    33.5116    33.5114    26.9183    26.9184    8.18973 0.0000e+00
       3044     91.209    -0.2847    -0.2894   2.772246   2.771975     2.0048     2.4187      7.993     0.7510   241.0095 1.0715e-01    -0.1341   103.4098     7.3845     7.6694    33.5144    33.5159    26.9204    26.9219    8.18908 0.0000e+00
       3047     91.327    -0.2804    -0.2846   2.772779   2.772463     2.0044     2.4175      7.993     0.7616   482.1870 1.0715e-01    -0.1341   103.4098     7.3869     7.6648    33.5167    33.5171    26.9221    26.9226    8.18801 0.0000e+00
       3050     91.441    -0.2756    -0.2807   2.773351   2.772970     2.0040     2.4175      7.993     0.7616   481.0816 1.0715e-01    -0.1341   103.4098     7.3881     7.6627    33.5189    33.5195    26.9237    26.9244    8.18683 0.0000e+00
       3053     91.548    -0.2714    -0.2759   2.773777   2.773431     2.0040     2.4171      7.993     0.7616   481.3579 1.0715e-01    -0.1345   103.4188     7.3878     7.6581    33.5199    33.5203    26.9243    26.9248    8.18586 0.0000e+00
       3056     91.647    -0.2668    -0.2722   2.774278   2.773866     2.0040     2.4175      7.993     0.7616   481.3579 1.0715e-01    -0.1341   103.4098     7.3835     7.6566    33.5215    33.5219    26.9254    26.9260    8.18477 0.0000e+00
       3059     91.734    -0.2637    -0.2691   2.774566   2.774151     2.0048     2.4167      7.993     0.7510   481.3579 1.0715e-01    -0.1345   103.4188     7.3850     7.6506    33.5219    33.5223    26.9255    26.9261    8.18407 0.0000e+00
       3062     91.813    -0.2610    -0.2671   2.774783   2.774356     2.0040     2.4159      7.993     0.7616   481.3579 1.0715e-01    -0.1352   103.4369     7.3799     7.6448    33.5218    33.5227    26.9253    26.9264    8.18349 0.0000e+00
       3065     91.882    -0.2589    -0.2655   2.774989   2.774537     2.0032     2.4159      7.993     0.7616   481.3579 1.0715e-01    -0.1362   103.4640     7.3750     7.6456    33.5221    33.5233    26.9255    26.9268    8.18300 0.0000e+00
       3068     91.945    -0.2563    -0.2630   2.775065   2.774734     2.0036     2.4159      7.993     0.7510   481.3579 1.0715e-01    -0.1362   103.4640     7.3762     7.6471    33.5203    33.5232    26.9238    26.9266    8.18253 0.0000e+00
       3071     92.002    -0.2539    -0.2604   2.775248   2.774954     2.0040     2.4163      7.993     0.7616   102.4776 1.0715e-01    -0.1362   103.4640     7.3767     7.6519    33.5201    33.5233    26.9236    26.9265    8.18203 0.0000e+00
       3074     92.052    -0.2525    -0.2588   2.775259   2.775082     2.0044     2.4163      7.993     0.7616    -2.8130 1.0715e-01    -0.1362   103.4640     7.3789     7.6538    33.5186    33.5232    26.9224    26.9264    8.18180 0.0000e+00
       3077     92.096    -0.2520    -0.2582   2.775239   2.775086     2.0032     2.4150      7.993     0.7722    -0.9575 1.0715e-01    -0.1362   103.4640     7.3739     7.6507    33.5178    33.5225    26.9217    26.9258    8.18174 0.0000e+00
       3080     92.135    -0.2519    -0.2594   2.775339   2.775006     2.0024     2.4150      7.993     0.7722    -0.9180 1.0715e-01    -0.1362   103.4640     7.3689     7.6506    33.5189    33.5228    26.9226    26.9260    8.18165 0.0000e+00
       3083     92.170    -0.2523    -0.2598   2.775168   2.774855     2.0032     2.4150      7.993     0.7616    -0.9180 1.0715e-01    -0.1373   103.4911     7.3732     7.6526    33.5171    33.5212    26.9211    26.9248    8.18184 0.0000e+00
       3086     92.202    -0.2521    -0.2624   2.775219   2.774277     2.0032     2.4150      7.993     0.7722    -0.9180 1.0715e-01    -0.1383   103.5183     7.3758     7.6536    33.5175    33.5163    26.9214    26.9210    8.18177 0.0000e+00
       3089     92.232    -0.2530    -0.2661   2.775422   2.774102     2.0032     2.4146      7.993     0.7616    -0.9180 1.0715e-01    -0.1373   103.4911     7.3737     7.6501    33.5212    33.5180    26.9245    26.9225    8.18176 0.0000e+00
       3092     92.257    -0.2547    -0.2668   2.775467   2.773699     2.0015     2.4150      7.993     0.7405    -0.9180 1.0715e-01    -0.1380   103.5092     7.3632     7.6530    33.5236    33.5135    26.9265    26.9189    8.18199 0.0000e+00
       3095     92.284    -0.2514    -0.2750   2.775756   2.771866     2.0028     2.4150      7.993     0.7299    -0.3258 1.0715e-01    -0.1380   103.5092     7.3700     7.6555    33.5238    33.4980    26.9265    26.9068    8.18126 0.0000e+00
       3099     92.318    -0.2503    -0.2764   2.775866   2.771984     2.0036     2.4146      7.993     0.7405     4.6485 1.0715e-01    -0.1373   103.4911     7.3739     7.6557    33.5241    33.5012    26.9267    26.9093    8.18100 0.0000e+00
       3103     92.348    -0.2500    -0.2826   2.775851   2.770480     2.0024     2.4138      7.993     0.7405     4.8854 1.0727e-01    -0.1373   103.4911     7.3657     7.6544    33.5235    33.4879    26.9262    26.8989    8.18097 0.0000e+00
       3106     92.376    -0.2498    -0.2880   2.775840   2.771526     2.0020     2.4138      7.993     0.7299     4.8854 1.0715e-01    -0.1373   103.4911     7.3592     7.6552    33.5232    33.5077    26.9260    26.9152    8.18096 0.0000e+00
       3109     92.406    -0.2516    -0.2741   2.775768   2.773733     2.0024     2.4138      7.993     0.7405     4.8854 1.0715e-01    -0.1373   103.4911     7.3615     7.6503    33.5241    33.5219    26.9268    26.9260    8.18129 0.0000e+00
       3112     92.440    -0.2509    -0.2666   2.775914   2.774398     2.0015     2.4134      7.993     0.7299     4.8854 1.0715e-01    -0.1373   103.4911     7.3607     7.6476    33.5254    33.5225    26.9278    26.9261    8.18108 0.0000e+00
       3115     92.477    -0.2501    -0.2608   2.776036   2.775124     2.0015     2.4138      7.993     0.7405     4.8854 1.0715e-01    -0.1373   103.4911     7.3623     7.6470    33.5260    33.5257    26.9282    26.9285    8.18085 0.0000e+00
       3118     92.517    -0.2494    -0.2571   2.776079   2.775487     2.0020     2.4134      7.993     0.7510     4.8854 1.0715e-01    -0.1373   103.4911     7.3617     7.6452    33.5258    33.5264    26.9280    26.9289    8.18071 0.0000e+00
       3121     92.565    -0.2491    -0.2557   2.776104   2.775616     2.0011     2.4134      7.991     0.7510     4.8854 1.0715e-01    -0.1373   103.4911     7.3590     7.6472    33.5258    33.5265    26.9280    26.9289    8.18065 0.0000e+00
       3124     92.617    -0.2494    -0.2553   2.776198   2.775691     2.0007     2.4126      7.993     0.7722     4.5696 1.0727e-01    -0.1401   103.5635     7.3560     7.6471    33.5273    33.5271    26.9292    26.9293    8.18063 0.0000e+00
       3127     92.675    -0.2486    -0.2546   2.776305   2.775832     2.0003     2.4134      7.993     0.7616     4.5301 1.0715e-01    -0.1404   103.5725     7.3564     7.6505    33.5278    33.5282    26.9296    26.9302    8.18042 0.0000e+00
       3130     92.737    -0.2482    -0.2540   2.776353   2.775938     2.0007     2.4130      7.991     0.7722     4.5301 1.0727e-01    -0.1404   103.5725     7.3617     7.6483    33.5280    33.5289    26.9298    26.9308    8.18033 0.0000e+00
       3133     92.805    -0.2477    -0.2536   2.776426   2.775989     2.0011     2.4126      7.993     0.7828     4.5301 1.0715e-01    -0.1404   103.5725     7.3645     7.6423    33.5284    33.5291    26.9301    26.9309    8.18021 0.0000e+00
       3136     92.883    -0.2460    -0.2532   2.776703   2.776078     2.0015     2.4130      7.993     0.7722     4.5301 1.0727e-01    -0.1404   103.5725     7.3695     7.6426    33.5302    33.5297    26.9314    26.9314    8.17973 0.0000e+00
       3139     92.964    -0.2426    -0.2510   2.777091   2.776448     2.0007     2.4122      7.991     0.7616     4.5301 1.0715e-01    -0.1404   103.5725     7.3647     7.6384    33.5315    33.5322    26.9323    26.9333    8.17890 0.0000e+00
       3142     93.051    -0.2401    -0.2476   2.777390   2.776896     2.0011     2.4126      7.991     0.7616     4.5301 1.0715e-01    -0.1401   103.5635     7.3698     7.6400    33.5327    33.5344    26.9332    26.9349    8.17830 0.0000e+00
       3145     93.142    -0.2382    -0.2448   2.777539   2.777103     2.0003     2.4126      7.993     0.7299     4.5301 1.0715e-01    -0.1387   103.5273     7.3674     7.6409    33.5326    33.5340    26.9329    26.9345    8.17789 0.0000e+00
       3148     93.240    -0.2373    -0.2433   2.777668   2.777269     1.9995     2.4126      7.990     0.7405     4.2932 1.0715e-01    -0.1387   103.5273     7.3611     7.6416    33.5332    33.5345    26.9334    26.9348    8.17765 0.0000e+00
       3151     93.345    -0.2350    -0.2414   2.778040   2.777537     2.0003     2.4122      7.993     0.7299     3.5826 1.0715e-01    -0.1394   103.5454     7.3631     7.6374    33.5356    33.5359    26.9353    26.9358    8.17702 0.0000e+00
       3154     93.457    -0.2311    -0.2382   2.778507   2.777985     2.0007     2.4114      7.993     0.7299     3.5826 1.0715e-01    -0.1394   103.5454     7.3605     7.6341    33.5374    33.5383    26.9365    26.9376    8.17606 0.0000e+00
       3157     93.574    -0.2273    -0.2344   2.778919   2.778443     1.9999     2.4105      7.991     0.7299     3.5826 1.0715e-01    -0.1387   103.5273     7.3516     7.6313    33.5386    33.5402    26.9374    26.9390    8.17516 0.0000e+00
       3160     93.694    -0.2245    -0.2310   2.779337   2.778853     2.0007     2.4114      7.993     0.7299     3.5826 1.0715e-01    -0.1390   103.5364     7.3585     7.6353    33.5411    33.5417    26.9392    26.9400    8.17442 0.0000e+00
       3163     93.819    -0.2221    -0.2282   2.779667   2.779209     2.0003     2.4114      7.991     0.7299     3.5826 1.0715e-01    -0.1397   103.5544     7.3590     7.6352    33.5427    33.5434    26.9405    26.9413    8.17380 0.0000e+00
       3166     93.946    -0.2203    -0.2260   2.779896   2.779496     2.0003     2.4114      7.993     0.7299     3.5826 1.0715e-01    -0.1415   103.5997     7.3588     7.6332    33.5437    33.5447    26.9412    26.9423    8.17335 0.0000e+00
       3169     94.078    -0.2188    -0.2243   2.780118   2.779753     1.9995     2.4118      7.993     0.7299     3.5826 1.0727e-01    -0.1415   103.5997     7.3561     7.6348    33.5450    33.5461    26.9421    26.9433    8.17296 0.0000e+00
       3172     94.212    -0.2167    -0.2222   2.780367   2.779987     1.9999     2.4114      7.993     0.7405     3.5826 1.0715e-01    -0.1415   103.5997     7.3545     7.6342    33.5459    33.5469    26.9427    26.9438    8.17244 0.0000e+00
       3175     94.351    -0.2156    -0.2209   2.780494   2.780143     1.9995     2.4105      7.993     0.7405     3.1878 1.0715e-01    -0.1415   103.5997     7.3519     7.6323    33.5463    33.5474    26.9430    26.9442    8.17219 0.0000e+00
       3178     94.491    -0.2146    -0.2198   2.780579   2.780239     1.9995     2.4105      7.991     0.7299     2.8720 1.0715e-01    -0.1415   103.5997     7.3541     7.6346    33.5462    33.5474    26.9429    26.9441    8.17197 0.0000e+00
       3181     94.632    -0.2135    -0.2191   2.780736   2.780351     1.9987     2.4114      7.990     0.7405     2.8720 1.0715e-01    -0.1411   103.5906     7.3513     7.6349    33.5469    33.5481    26.9435    26.9446    8.17168 0.0000e+00
       3184     94.777    -0.2094    -0.2162   2.781293   2.780728     1.9999     2.4110      7.993     0.7299     2.8720 1.0715e-01    -0.1408   103.5816     7.3552     7.6318    33.5498    33.5498    26.9455    26.9459    8.17063 0.0000e+00
       3187     94.923    -0.2054    -0.2116   2.781671   2.781205     1.9999     2.4101      7.990     0.7299     2.8720 1.0715e-01    -0.1404   103.5725     7.3553     7.6276    33.5503    33.5510    26.9458    26.9466    8.16972 0.0000e+00
       3190     95.072    -0.2030    -0.2086   2.781939   2.781509     1.9991     2.4101      7.990     0.7299     2.8720 1.0715e-01    -0.1404   103.5725     7.3545     7.6280    33.5512    33.5516    26.9464    26.9470    8.16916 0.0000e+00
       3193     95.221    -0.1985    -0.2042   2.782588   2.782141     1.9995     2.4101      7.991     0.7405     2.8720 1.0715e-01    -0.1408   103.5816     7.3553     7.6293    33.5548    33.5551    26.9491    26.9496    8.16798 0.0000e+00
       3196     95.369    -0.1931    -0.1987   2.783309   2.782861     1.9987     2.4101      7.990     0.7299     2.8720 1.0715e-01    -0.1404   103.5725     7.3478     7.6294    33.5584    33.5586    26.9517    26.9521    8.16661 0.0000e+00
       3199     95.519    -0.1870    -0.1924   2.783949   2.783547     1.9995     2.4102      7.991     0.7299     2.8720 1.0715e-01    -0.1404   103.5725     7.3474     7.6297    33.5600    33.5606    26.9528    26.9536    8.16517 0.0000e+00
       3202     95.670    -0.1830    -0.1882   2.784285   2.783928     1.9995     2.4102      7.991     0.7299     2.0824 1.0715e-01    -0.1404   103.5725     7.3459     7.6297    33.5600    33.5610    26.9526    26.9536    8.16431 0.0000e+00
       3205     95.823    -0.1802    -0.1864   2.784634   2.784151     1.9991     2.4098      7.990     0.7299     1.9245 1.0715e-01    -0.1415   103.5997     7.3423     7.6275    33.5615    33.5618    26.9537    26.9542    8.16362 0.0000e+00
       3208     95.972    -0.1755    -0.1822   2.785089   2.784645     1.9983     2.4102      7.993     0.7299     1.9245 1.0715e-01    -0.1415   103.5997     7.3367     7.6298    33.5622    33.5637    26.9540    26.9555    8.16254 0.0000e+00
       3211     96.119    -0.1720    -0.1776   2.785497   2.785039     1.9995     2.4098      7.991     0.7405     1.9245 1.0715e-01    -0.1415   103.5997     7.3435     7.6262    33.5637    33.5638    26.9551    26.9554    8.16170 0.0000e+00
