Datasets/AZMP/TEL210/tel210_2020_057.cnv
* Sea-Bird SBE 9 Data File:
* FileName = C:\CTDDATA\tel210_2020_057.hex
* Software Version Seasave V 7.26.7.110
* Temperature SN = 1697
* Conductivity SN = 4216
* Number of Bytes Per Scan = 30
* Number of Voltage Words = 4
* Number of Scans Averaged by the Deck Unit = 1
** VESSEL/TRIP/SEQ STN:  tel210_2020_057
** LATITUDE XX XX.XX: 48 48.00 N
** LONGITUDE XX XX.XX: 052 45.00 W
** SOUNDING DEPTH (M): 0178
** PROBE TYPE: S1146
** CTD NUMBER: 047
** COMMENTS (14 CHAR): BB-02
** BOTTLES:  0
** LEVELS:
** STICKERS:
** VNET: N
** DO2: N
# nquan = 22
# nvalues = 3647                        
# units = specified
# name 0 = scan: Scan Count
# name 1 = prDM: Pressure, Digiquartz [db]
# name 2 = t090C: Temperature [ITS-90, deg C]
# name 3 = t190C: Temperature, 2 [ITS-90, deg C]
# name 4 = c0S/m: Conductivity [S/m]
# name 5 = c1S/m: Conductivity, 2 [S/m]
# name 6 = sbeox0V: Oxygen raw, SBE 43 [V]
# name 7 = sbeox1V: Oxygen raw, SBE 43, 2 [V]
# name 8 = ph: pH
# name 9 = flECO-AFL: Fluorescence, WET Labs ECO-AFL/FL [mg/m^3]
# name 10 = wetCDOM: Fluorescence, WET Labs CDOM [mg/m^3]
# name 11 = par/sat/log: PAR/Logarithmic, Satlantic [umol photons/m^2/sec]
# name 12 = CStarAt0: Beam Attenuation, WET Labs C-Star [1/m]
# name 13 = CStarTr0: Beam Transmission, WET Labs C-Star [%]
# name 14 = sbeox0ML/L: Oxygen, SBE 43 [ml/l], WS = 2
# name 15 = sbeox1ML/L: Oxygen, SBE 43, 2 [ml/l], WS = 2
# name 16 = sal00: Salinity, Practical [PSU]
# name 17 = sal11: Salinity, Practical, 2 [PSU]
# name 18 = sigma-t00: Density [sigma-t, kg/m^3 ]
# name 19 = sigma-t11: Density, 2 [sigma-t, kg/m^3 ]
# name 20 = oxsatML/L: Oxygen Saturation, Weiss [ml/l]
# name 21 = flag: flag
# span 0 =          2,      12830       
# span 1 =      0.120,    169.535       
# span 2 =    -1.4185,    11.6135       
# span 3 =    -1.4237,    11.6113       
# span 4 =   2.504036,   3.619250       
# span 5 =   2.620697,   3.621407       
# span 6 =     1.9365,     2.5823       
# span 7 =     2.3374,     3.1392       
# span 8 =      7.957,      8.297       
# span 9 =     0.5394,     3.5976       
# span 10 =    -2.8130,   482.1870      
# span 11 = 1.0715e-01, 1.8570e+03      
# span 12 =    -0.1446,     0.1594      
# span 13 =    96.0938,   103.6811      
# span 14 =     5.8165,     9.4470      
# span 15 =     5.7560,     9.9717      
# span 16 =    21.0775,    33.0969      
# span 17 =    24.1088,    33.0838      
# span 18 =    15.8678,    26.6062      
# span 19 =    18.2159,    26.5954      
# span 20 =    6.23170,    8.48871      
# span 21 = 0.0000e+00, 0.0000e+00      
# interval = scans: 3                   
# start_time = Jul 21 2020 18:17:09 [System UTC, header]
# bad_flag = -9.990e-29
*END*
[from data line 3227]
      11163     42.445    -0.4746    -0.4977   2.676850   2.675103     2.1439     2.6059      8.065     1.2907     2.7141 1.5927e+01    -0.0951   102.4060     8.1838     8.5367    32.4770    32.4785    26.0900    26.0921    8.28962 0.0000e+00
      11166     42.302    -0.4760    -0.5066   2.676135   2.674319     2.1447     2.6075      8.067     1.3013     2.5167 1.6300e+01    -0.0962   102.4331     8.1883     8.5432    32.4690    32.4777    26.0836    26.0918    8.29039 0.0000e+00
      11169     42.154    -0.4814    -0.5145   2.675431   2.673565     2.1455     2.6071      8.067     1.2907     2.5167 1.6661e+01    -0.0958   102.4241     8.1931     8.5413    32.4655    32.4761    26.0810    26.0909    8.29180 0.0000e+00
      11172     42.008    -0.4904    -0.5250   2.674087   2.672302     2.1464     2.6067      8.067     1.2907     2.5167 1.7051e+01    -0.0962   102.4331     8.2037     8.5407    32.4573    32.4706    26.0747    26.0868    8.29427 0.0000e+00
      11175     41.858    -0.5020    -0.5380   2.672754   2.671148     2.1464     2.6084      8.067     1.2907     2.5167 1.7329e+01    -0.0962   102.4331     8.2052     8.5475    32.4521    32.4692    26.0709    26.0861    8.29717 0.0000e+00
      11178     41.707    -0.5154    -0.5436   2.671466   2.670844     2.1455     2.6084      8.067     1.2802     2.5167 1.7592e+01    -0.0962   102.4331     8.1996     8.5484    32.4492    32.4712    26.0691    26.0880    8.30032 0.0000e+00
      11181     41.553    -0.5270    -0.5440   2.670849   2.670789     2.1455     2.6084      8.067     1.2590     2.5167 1.7920e+01    -0.0962   102.4331     8.2006     8.5467    32.4535    32.4709    26.0730    26.0878    8.30267 0.0000e+00
      11184     41.399    -0.5330    -0.5398   2.670908   2.670623     2.1459     2.6080      8.067     1.2590     2.5167 1.8255e+01    -0.0993   102.5145     8.2009     8.5433    32.4608    32.4644    26.0792    26.0823    8.30359 0.0000e+00
      11187     41.247    -0.5350    -0.5372   2.671053   2.670943     2.1472     2.6088      8.067     1.2378    13.9656 1.8639e+01    -0.1004   102.5416     8.2033     8.5468    32.4650    32.4659    26.0826    26.0834    8.30380 0.0000e+00
      11190     41.096    -0.5346    -0.5387   2.671140   2.670904     2.1468     2.6084      8.067     1.2484   433.6673 1.8921e+01    -0.1004   102.5416     8.1992     8.5453    32.4659    32.4671    26.0833    26.0845    8.30368 0.0000e+00
      11193     40.957    -0.5338    -0.5381   2.671112   2.670910     2.1472     2.6080      8.067     1.2590   481.7133 1.9230e+01    -0.1004   102.5416     8.2017     8.5467    32.4647    32.4667    26.0823    26.0841    8.30355 0.0000e+00
      11196     40.827    -0.5330    -0.5366   2.671102   2.670975     2.1480     2.6092      8.067     1.2590   480.8447 1.9476e+01    -0.1004   102.5416     8.2071     8.5518    32.4638    32.4659    26.0815    26.0835    8.30343 0.0000e+00
      11199     40.702    -0.5321    -0.5359   2.671147   2.671187     2.1476     2.6088      8.067     1.2484   481.0026 1.9634e+01    -0.1004   102.5416     8.2083     8.5488    32.4635    32.4681    26.0813    26.0852    8.30325 0.0000e+00
      11202     40.584    -0.5307    -0.5253   2.671291   2.672185     2.1468     2.6092      8.067     1.2590   481.0026 1.9703e+01    -0.0951   102.4060     8.2071     8.5502    32.4640    32.4701    26.0816    26.0864    8.30291 0.0000e+00
      11205     40.471    -0.5286    -0.5151   2.671574   2.672572     2.1480     2.6092      8.067     1.2378   481.0026 1.9840e+01    -0.0411   101.0314     8.2100     8.5505    32.4656    32.4645    26.0828    26.0814    8.30234 0.0000e+00
      11208     40.363    -0.5237    -0.5158   2.672183   2.672323     2.1484     2.6104      8.067     1.2907   481.0026 1.9954e+01    -0.0382   100.9591     8.2082     8.5561    32.4686    32.4620    26.0851    26.0794    8.30109 0.0000e+00
      11211     40.264    -0.5200    -0.5150   2.672263   2.672409     2.1480     2.6108      8.067     1.3330   481.0026 2.0070e+01    -0.0385   100.9681     8.2047     8.5569    32.4657    32.4623    26.0826    26.0797    8.30041 0.0000e+00
      11214     40.173    -0.5181    -0.5136   2.672211   2.672407     2.1492     2.6108      8.067     1.3224   381.2786 2.0186e+01    -0.0385   100.9681     8.2102     8.5569    32.4631    32.4608    26.0804    26.0784    8.30015 0.0000e+00
      11217     40.092    -0.5180    -0.5160   2.672165   2.672266     2.1492     2.6112      8.067     1.3119    -0.4048 2.0257e+01    -0.0385   100.9681     8.2108     8.5595    32.4624    32.4616    26.0798    26.0791    8.30016 0.0000e+00
      11220     40.018    -0.5172    -0.5187   2.672348   2.672094     2.1492     2.6116      8.067     1.3119    -2.0629 2.0233e+01    -0.0385   100.9681     8.2132     8.5618    32.4640    32.4622    26.0812    26.0798    8.29989 0.0000e+00
      11223     39.954    -0.5152    -0.5233   2.672442   2.671911     2.1496     2.6108      8.067     1.3224    -0.8785 2.0163e+01    -0.0535   101.3479     8.2180     8.5639    32.4631    32.4647    26.0803    26.0819    8.29948 0.0000e+00
      11226     39.899    -0.5131    -0.5260   2.672634   2.671972     2.1504     2.6120      8.067     1.3119    -0.9180 2.0093e+01    -0.0919   102.3246     8.2234     8.5734    32.4635    32.4684    26.0806    26.0851    8.29901 0.0000e+00
      11229     39.849    -0.5085    -0.5230   2.673126   2.672118     2.1496     2.6120      8.067     1.3119    -0.9180 2.0070e+01    -0.0909   102.2975     8.2183     8.5750    32.4652    32.4672    26.0818    26.0839    8.29788 0.0000e+00
      11232     39.805    -0.4987    -0.5217   2.674135   2.672188     2.1504     2.6120      8.067     1.3119    -0.9180 2.0047e+01    -0.0909   102.2975     8.2221     8.5779    32.4682    32.4668    26.0838    26.0836    8.29552 0.0000e+00
      11235     39.768    -0.4905    -0.5221   2.674363   2.672371     2.1500     2.6120      8.067     1.4389    -0.9180 2.0093e+01    -0.0909   102.2975     8.2206     8.5852    32.4625    32.4697    26.0788    26.0859    8.29401 0.0000e+00
      11238     39.738    -0.4836    -0.5140   2.674909   2.672815     2.1508     2.6124      8.067     1.4812    -0.9180 2.0116e+01    -0.0909   102.2975     8.2244     8.5899    32.4624    32.4669    26.0785    26.0834    8.29248 0.0000e+00
      11241     39.714    -0.4761    -0.5094   2.675549   2.672822     2.1512     2.6136      8.070     1.4706     0.4637 2.0257e+01    -0.0909   102.2975     8.2270     8.5972    32.4629    32.4621    26.0787    26.0793    8.29077 0.0000e+00
      11248     39.667    -0.4636    -0.4957   2.676144   2.673758     2.1520     2.6149      8.070     1.4706     1.9640 2.0880e+01    -0.0841   102.1256     8.2337     8.6068    32.4575    32.4600    26.0738    26.0771    8.28829 0.0000e+00
      11255     39.621    -0.4562    -0.4721   2.676543   2.675322     2.1533     2.6169      8.072     1.4812     1.9245 2.1587e+01    -0.0813   102.0533     8.2419     8.6167    32.4549    32.4556    26.0714    26.0726    8.28678 0.0000e+00
      11258     39.598    -0.4527    -0.4701   2.677141   2.675442     2.1537     2.6181      8.072     1.4812     1.9245 2.1712e+01    -0.0813   102.0533     8.2458     8.6243    32.4592    32.4551    26.0747    26.0721    8.28575 0.0000e+00
      11261     39.572    -0.4475    -0.4684   2.677681   2.675526     2.1541     2.6177      8.072     1.4812     1.9245 2.1838e+01    -0.0813   102.0533     8.2467     8.6236    32.4609    32.4544    26.0759    26.0715    8.28451 0.0000e+00
      11264     39.540    -0.4421    -0.4650   2.678078   2.675845     2.1541     2.6181      8.075     1.4706     1.9245 2.1939e+01    -0.0817   102.0623     8.2448     8.6275    32.4604    32.4550    26.0753    26.0718    8.28334 0.0000e+00
      11267     39.502    -0.4370    -0.4616   2.678364   2.675884     2.1553     2.6185      8.076     1.4812     2.7930 2.2092e+01    -0.0824   102.0804     8.2526     8.6321    32.4587    32.4520    26.0737    26.0692    8.28228 0.0000e+00
      11270     39.457    -0.4323    -0.4695   2.678637   2.675403     2.1553     2.6198      8.076     1.4706     4.0169 2.2323e+01    -0.0824   102.0804     8.2568     8.6432    32.4574    32.4541    26.0725    26.0713    8.28132 0.0000e+00
      11273     39.410    -0.4288    -0.4710   2.678836   2.675368     2.1549     2.6202      8.076     1.4812     3.9379 2.2582e+01    -0.0824   102.0804     8.2602     8.6514    32.4563    32.4552    26.0715    26.0722    8.28060 0.0000e+00
      11276     39.357    -0.4243    -0.4728   2.679378   2.675249     2.1565     2.6206      8.076     1.4918     3.9379 2.2898e+01    -0.0824   102.0804     8.2737     8.6609    32.4588    32.4555    26.0732    26.0725    8.27945 0.0000e+00
      11279     39.293    -0.4161    -0.4705   2.680011   2.675545     2.1565     2.6222      8.076     1.4706     3.9379 2.2977e+01    -0.0824   102.0804     8.2729     8.6716    32.4585    32.4571    26.0727    26.0737    8.27765 0.0000e+00
      11282     39.222    -0.4096    -0.4596   2.680063   2.677097     2.1577     2.6230      8.076     1.4706     3.9379 2.2819e+01    -0.0824   102.0804     8.2811     8.6761    32.4522    32.4661    26.0673    26.0806    8.27655 0.0000e+00
      11285     39.143    -0.4070    -0.4296   2.680498   2.679519     2.1577     2.6242      8.076     1.5024     3.9379 2.2634e+01    -0.0760   101.9176     8.2848     8.6770    32.4553    32.4665    26.0698    26.0797    8.27580 0.0000e+00
      11288     39.058    -0.3981    -0.3987   2.681822   2.681306     2.1581     2.6255      8.078     1.6611     3.9379 2.2504e+01    -0.0745   101.8815     8.2886     8.6729    32.4635    32.4572    26.0760    26.0710    8.27335 0.0000e+00
      11291     38.965    -0.3871    -0.3906   2.682767   2.681760     2.1598     2.6263      8.079     1.6823     3.9379 2.2504e+01    -0.0749   101.8905     8.2944     8.6701    32.4644    32.4547    26.0763    26.0686    8.27086 0.0000e+00
      11294     38.862    -0.3738    -0.3776   2.683917   2.683446     2.1606     2.6275      8.081     1.6717     1.6482 2.2608e+01    -0.0749   101.8905     8.2954     8.6692    32.4655    32.4633    26.0767    26.0750    8.26785 0.0000e+00
      11297     38.751    -0.3614    -0.3552   2.684628   2.684802     2.1618     2.6283      8.081     1.6717     0.7006 2.2766e+01    -0.0749   101.8905     8.2979     8.6632    32.4618    32.4575    26.0732    26.0694    8.26531 0.0000e+00
      11300     38.635    -0.3523    -0.3442   2.685004   2.685188     2.1618     2.6303      8.081     1.6611     0.7401 2.3004e+01    -0.0749   101.8905     8.2918     8.6644    32.4572    32.4510    26.0691    26.0637    8.26355 0.0000e+00
      11303     38.508    -0.3458    -0.3524   2.685242   2.683977     2.1614     2.6303      8.081     1.6823     0.7401 2.3271e+01    -0.0745   101.8815     8.2871     8.6591    32.4535    32.4437    26.0658    26.0581    8.26231 0.0000e+00
      11306     38.376    -0.3426    -0.3830   2.685215   2.681623     2.1630     2.6312      8.081     1.6611     0.7401 2.3733e+01    -0.0749   101.8905     8.2931     8.6691    32.4497    32.4451    26.0626    26.0605    8.26181 0.0000e+00
      11309     38.240    -0.3426    -0.3881   2.684924   2.682517     2.1639     2.6316      8.084     1.6505     0.7401 2.4148e+01    -0.0749   101.8905     8.2979     8.6718    32.4460    32.4625    26.0596    26.0748    8.26203 0.0000e+00
      11312     38.096    -0.3449    -0.3734   2.684644   2.683234     2.1647     2.6312      8.084     1.6823     0.7006 2.4373e+01    -0.0745   101.8815     8.3014     8.6688    32.4447    32.4564    26.0587    26.0693    8.26260 0.0000e+00
      11315     37.950    -0.3483    -0.3696   2.684443   2.683323     2.1643     2.6324      8.081     1.6929     0.7401 2.4486e+01    -0.0749   101.8905     8.3009     8.6730    32.4458    32.4537    26.0596    26.0669    8.26330 0.0000e+00
      11318     37.799    -0.3466    -0.3557   2.685862   2.685259     2.1651     2.6340      8.083     1.7034     0.7006 2.4486e+01    -0.0745   101.8815     8.3049     8.6777    32.4629    32.4647    26.0735    26.0753    8.26195 0.0000e+00
      11321     37.651    -0.3291    -0.3220   2.688095   2.688032     2.1659     2.6340      8.083     1.7034     0.1874 2.4571e+01    -0.0749   101.8905     8.3062     8.6728    32.4740    32.4657    26.0817    26.0747    8.25744 0.0000e+00
      11324     37.503    -0.3059    -0.2848   2.690718   2.690830     2.1659     2.6344      8.083     1.7034     0.1874 2.4656e+01    -0.0717   101.8091     8.3061     8.6708    32.4843    32.4632    26.0890    26.0711    8.25174 0.0000e+00
      11327     37.356    -0.2778    -0.2451   2.692789   2.693790     2.1671     2.6352      8.086     1.6929     0.1874 2.5175e+01    -0.0646   101.6282     8.3081     8.6707    32.4818    32.4602    26.0859    26.0670    8.24565 0.0000e+00
      11330     37.207    -0.2524    -0.2179   2.694223   2.695853     2.1679     2.6377      8.082     1.6929     0.2269 2.5704e+01    -0.0653   101.6463     8.3067     8.6765    32.4738    32.4587    26.0783    26.0646    8.24049 0.0000e+00
      11333     37.063    -0.2299    -0.2134   2.695834   2.695053     2.1687     2.6393      8.082     1.6929     0.2269 2.6306e+01    -0.0653   101.6463     8.3061     8.6886    32.4713    32.4434    26.0753    26.0521    8.23568 0.0000e+00
      11336     36.925    -0.2106    -0.2068   2.696687   2.696926     2.1700     2.6393      8.082     1.7034     0.2269 2.7046e+01    -0.0653   101.6463     8.3116     8.6899    32.4621    32.4613    26.0670    26.0662    8.23192 0.0000e+00
      11339     36.795    -0.1953    -0.1474   2.698708   2.702280     2.1708     2.6405      8.083     1.8198     0.2269 2.7807e+01    -0.0653   101.6463     8.3137     8.6787    32.4727    32.4689    26.0749    26.0698    8.22797 0.0000e+00
      11342     36.670    -0.1679    -0.1221   2.701750   2.702352     2.1708     2.6417      8.085     1.8939     0.2269 2.8623e+01    -0.0653   101.6463     8.3073     8.6797    32.4838    32.4430    26.0828    26.0478    8.22131 0.0000e+00
      11345     36.555    -0.1394    -0.1224   2.703403   2.702352     2.1720     2.6434      8.085     1.8833     0.0295 2.9394e+01    -0.0585   101.4745     8.3097     8.6864    32.4754    32.4433    26.0747    26.0481    8.21552 0.0000e+00
      11348     36.449    -0.1169    -0.1210   2.704147   2.702538     2.1732     2.6442      8.085     1.8833    -0.5232 2.9394e+01    -0.0536   101.3479     8.3115     8.6903    32.4613    32.4445    26.0623    26.0489    8.21136 0.0000e+00
      11351     36.352    -0.1144    -0.1214   2.701902   2.702169     2.1740     2.6450      8.087     1.8939    -0.4838 2.8722e+01    -0.0543   101.3660     8.3147     8.6931    32.4290    32.4400    26.0361    26.0453    8.21262 0.0000e+00
      11354     36.265    -0.1391    -0.1417   2.699084   2.700099     2.1744     2.6454      8.090     1.8939    -0.4838 2.8359e+01    -0.0539   101.3570     8.3242     8.7015    32.4181    32.4343    26.0284    26.0417    8.21867 0.0000e+00
      11357     36.186    -0.1473    -0.1835   2.700385   2.696607     2.1748     2.6474      8.092     1.8727    -0.4838 2.8326e+01    -0.0539   101.3570     8.3308     8.7246    32.4440    32.4326    26.0497    26.0421    8.21901 0.0000e+00
      11360     36.115    -0.1373    -0.1945   2.700981   2.695415     2.1757     2.6487      8.092     1.8833    -0.4838 2.8622e+01    -0.0539   101.3570     8.3347     8.7366    32.4413    32.4286    26.0471    26.0393    8.21696 0.0000e+00
      11363     36.056    -0.1296    -0.1956   2.701712   2.695519     2.1769     2.6495      8.095     1.8939    -0.4838 2.9123e+01    -0.0536   101.3479     8.3427     8.7415    32.4429    32.4311    26.0480    26.0414    8.21519 0.0000e+00
