Datasets/AZMP/TEL210/tel210_2020_032.cnv
* Sea-Bird SBE 9 Data File:
* FileName = C:\CTDDATA\tel210_2020_032.hex
* Software Version Seasave V 7.26.7.110
* Temperature SN = 1697
* Conductivity SN = 4216
* Number of Bytes Per Scan = 30
* Number of Voltage Words = 4
* Number of Scans Averaged by the Deck Unit = 1
* NMEA baud rate = 4800
** VESSEL/TRIP/SEQ STN:  tel210_2020_032
** LATITUDE XX XX.XX: 47 00.00 N
** LONGITUDE XX XX.XX: 044 05.00 W
** SOUNDING DEPTH (M): 0329
** PROBE TYPE: S1146
** CTD NUMBER: 031
** COMMENTS (14 CHAR): FC-30
** BOTTLES:  0
** LEVELS:
** STICKERS:
** VNET: N
** DO2: N
# nquan = 22
# nvalues = 6362                        
# units = specified
# name 0 = scan: Scan Count
# name 1 = prDM: Pressure, Digiquartz [db]
# name 2 = t090C: Temperature [ITS-90, deg C]
# name 3 = t190C: Temperature, 2 [ITS-90, deg C]
# name 4 = c0S/m: Conductivity [S/m]
# name 5 = c1S/m: Conductivity, 2 [S/m]
# name 6 = sbeox0V: Oxygen raw, SBE 43 [V]
# name 7 = sbeox1V: Oxygen raw, SBE 43, 2 [V]
# name 8 = ph: pH
# name 9 = flECO-AFL: Fluorescence, WET Labs ECO-AFL/FL [mg/m^3]
# name 10 = wetCDOM: Fluorescence, WET Labs CDOM [mg/m^3]
# name 11 = par/sat/log: PAR/Logarithmic, Satlantic [umol photons/m^2/sec]
# name 12 = CStarAt0: Beam Attenuation, WET Labs C-Star [1/m]
# name 13 = CStarTr0: Beam Transmission, WET Labs C-Star [%]
# name 14 = sbeox0ML/L: Oxygen, SBE 43 [ml/l], WS = 2
# name 15 = sbeox1ML/L: Oxygen, SBE 43, 2 [ml/l], WS = 2
# name 16 = sal00: Salinity, Practical [PSU]
# name 17 = sal11: Salinity, Practical, 2 [PSU]
# name 18 = sigma-t00: Density [sigma-t, kg/m^3 ]
# name 19 = sigma-t11: Density, 2 [sigma-t, kg/m^3 ]
# name 20 = oxsatML/L: Oxygen Saturation, Weiss [ml/l]
# name 21 = flag: flag
# span 0 =         81,      28503       
# span 1 =      2.104,    327.988       
# span 2 =     3.4633,    11.9454       
# span 3 =     3.4579,    11.9406       
# span 4 =   3.148050,   3.775387       
# span 5 =   3.147544,   3.774675       
# span 6 =     1.7924,     2.4135       
# span 7 =     2.1513,     2.9397       
# span 8 =      7.943,      8.231       
# span 9 =    -0.6427,     6.7241       
# span 10 =    -2.8130,   482.1870      
# span 11 = 1.0703e-01, 4.5242e+01      
# span 12 =    -0.1278,     0.2704      
# span 13 =    93.4623,   103.2470      
# span 14 =     5.6847,     7.8974      
# span 15 =     5.9218,     8.3342      
# span 16 =    32.8525,    34.8728      
# span 17 =    32.8216,    34.8711      
# span 18 =    24.9369,    27.6844      
# span 19 =    24.9341,    27.6846      
# span 20 =    6.13991,    7.39501      
# span 21 = 0.0000e+00, 0.0000e+00      
# interval = scans: 3                   
# start_time = Jul 18 2020 10:33:25 [System UTC, header]
# bad_flag = -9.990e-29
*END*
[from data line 593]
       2003     62.001     3.6498     3.6459   3.156822   3.156290     2.1416     2.5921      8.089     0.0594    -0.4837 1.0715e-01    -0.0880   102.2251     7.0206     7.3009    34.1591    34.1568    27.1524    27.1510    7.36778 0.0000e+00
       2006     62.117     3.6469     3.6425   3.156691   3.156076     2.1408     2.5905      8.084     0.0696     3.3063 1.0715e-01    -0.0877   102.2161     7.0179     7.2978    34.1604    34.1577    27.1538    27.1521    7.36823 0.0000e+00
       2009     62.231     3.6436     3.6400   3.156372   3.155857     2.1395     2.5885      8.084     0.0696     3.1089 1.0715e-01    -0.0877   102.2161     7.0155     7.2920    34.1601    34.1577    27.1538    27.1523    7.36886 0.0000e+00
       2012     62.343     3.6340     3.6339   3.155464   3.155173     2.1395     2.5881      8.083     0.0696     3.1089 1.0715e-01    -0.0894   102.2613     7.0180     7.2929    34.1591    34.1558    27.1540    27.1514    7.37065 0.0000e+00
       2015     62.458     3.6243     3.6233   3.154627   3.154215     2.1391     2.5868      8.080     0.0696     3.1089 1.0715e-01    -0.0898   102.2703     7.0177     7.2927    34.1593    34.1554    27.1551    27.1521    7.37243 0.0000e+00
       2018     62.566     3.6149     3.6143   3.153983   3.153569     2.1371     2.5860      8.080     0.0594     3.1089 1.0715e-01    -0.0898   102.2703     7.0126     7.2954    34.1614    34.1570    27.1577    27.1542    7.37404 0.0000e+00
       2021     62.672     3.6093     3.6080   3.153591   3.153154     2.1347     2.5844      8.080     0.0899     3.1089 1.0715e-01    -0.0898   102.2703     7.0049     7.2946    34.1625    34.1587    27.1591    27.1562    7.37501 0.0000e+00
       2024     62.775     3.6064     3.6032   3.153450   3.152863     2.1351     2.5836      8.080     0.1510     2.7931 1.0715e-01    -0.0898   102.2703     7.0071     7.2973    34.1637    34.1601    27.1604    27.1578    7.37547 0.0000e+00
       2027     62.873     3.6045     3.6005   3.153535   3.152881     2.1343     2.5820      8.080     0.1408     0.1874 1.0715e-01    -0.0898   102.2703     7.0044     7.2950    34.1667    34.1631    27.1630    27.1604    7.37568 0.0000e+00
       2030     62.972     3.6053     3.6001   3.153750   3.153088     2.1330     2.5807      8.080     0.1510     0.1479 1.0715e-01    -0.0898   102.2703     7.0007     7.2942    34.1684    34.1659    27.1642    27.1627    7.37545 0.0000e+00
       2033     63.065     3.6074     3.6017   3.154027   3.153417     2.1318     2.5799      8.080     0.1713     0.1479 1.0715e-01    -0.0919   102.3246     6.9975     7.2922    34.1695    34.1682    27.1649    27.1643    7.37502 0.0000e+00
       2036     63.157     3.6098     3.6041   3.154405   3.153816     2.1318     2.5787      8.080     0.1408     0.1479 1.0715e-01    -0.0919   102.3246     6.9988     7.2902    34.1714    34.1703    27.1662    27.1659    7.37448 0.0000e+00
       2039     63.244     3.6131     3.6068   3.154881   3.154275     2.1306     2.5775      8.080     0.1510     0.1479 1.0715e-01    -0.0919   102.3246     6.9955     7.2870    34.1736    34.1730    27.1676    27.1677    7.37377 0.0000e+00
       2042     63.328     3.6174     3.6114   3.155389   3.154810     2.1306     2.5767      8.080     0.1510     0.1479 1.0715e-01    -0.0919   102.3246     6.9975     7.2839    34.1752    34.1746    27.1684    27.1685    7.37290 0.0000e+00
       2045     63.409     3.6209     3.6149   3.155870   3.155207     2.1290     2.5763      8.080     0.1612     0.1479 1.0715e-01    -0.0919   102.3246     6.9902     7.2825    34.1772    34.1756    27.1697    27.1690    7.37217 0.0000e+00
       2048     63.487     3.6231     3.6178   3.156123   3.155554     2.1286     2.5750      8.075     0.1917     0.1479 1.0715e-01    -0.0919   102.3246     6.9848     7.2795    34.1779    34.1767    27.1701    27.1695    7.37173 0.0000e+00
       2051     63.561     3.6241     3.6196   3.156226   3.155690     2.1269     2.5742      8.077     0.2018     0.4638 1.0715e-01    -0.0919   102.3246     6.9788     7.2777    34.1780    34.1764    27.1700    27.1692    7.37153 0.0000e+00
       2054     63.629     3.6248     3.6203   3.156302   3.155766     2.1269     2.5734      8.075     0.2120     1.2139 1.0715e-01    -0.0923   102.3336     6.9765     7.2740    34.1782    34.1765    27.1701    27.1692    7.37141 0.0000e+00
       2057     63.694     3.6265     3.6211   3.156497   3.155877     2.1265     2.5722      8.075     0.2120     1.2139 1.0715e-01    -0.0926   102.3427     6.9709     7.2675    34.1787    34.1770    27.1703    27.1695    7.37106 0.0000e+00
       2060     63.760     3.6279     3.6221   3.156668   3.156026     2.1253     2.5718      8.075     0.2018     1.2139 1.0715e-01    -0.0930   102.3517     6.9618     7.2628    34.1793    34.1776    27.1707    27.1700    7.37079 0.0000e+00
       2063     63.819     3.6294     3.6239   3.156866   3.156227     2.1237     2.5701      8.075     0.2120     1.2139 1.0715e-01    -0.0926   102.3427     6.9531     7.2527    34.1800    34.1782    27.1711    27.1702    7.37047 0.0000e+00
       2066     63.880     3.6300     3.6249   3.156934   3.156342     2.1233     2.5685      8.073     0.2120     1.2139 1.0715e-01    -0.0930   102.3517     6.9487     7.2447    34.1801    34.1784    27.1711    27.1703    7.37035 0.0000e+00
       2069     63.940     3.6328     3.6251   3.157260   3.156386     2.1224     2.5677      8.072     0.2222     1.2139 1.0715e-01    -0.0930   102.3517     6.9443     7.2388    34.1812    34.1787    27.1717    27.1705    7.36981 0.0000e+00
       2072     63.997     3.6368     3.6280   3.157674   3.156811     2.1212     2.5681      8.072     0.2222     1.2139 1.0715e-01    -0.0926   102.3427     6.9367     7.2345    34.1818    34.1808    27.1718    27.1718    7.36903 0.0000e+00
       2075     64.057     3.6384     3.6315   3.157881   3.157168     2.1208     2.5657      8.070     0.1917     1.2139 1.0715e-01    -0.0930   102.3517     6.9330     7.2206    34.1826    34.1813    27.1723    27.1719    7.36870 0.0000e+00
       2078     64.121     3.6394     3.6335   3.158003   3.157387     2.1192     2.5649      8.070     0.1815     1.0165 1.0715e-01    -0.0930   102.3517     6.9232     7.2145    34.1830    34.1818    27.1725    27.1721    7.36850 0.0000e+00
       2081     64.184     3.6402     3.6344   3.158082   3.157476     2.1180     2.5632      8.070     0.1713     0.8586 1.0715e-01    -0.0930   102.3517     6.9166     7.2037    34.1831    34.1819    27.1725    27.1721    7.36836 0.0000e+00
       2084     64.247     3.6431     3.6351   3.158451   3.157568     2.1172     2.5616      8.070     0.1815     0.8586 1.0715e-01    -0.0930   102.3517     6.9137     7.1948    34.1844    34.1822    27.1733    27.1723    7.36776 0.0000e+00
       2087     64.318     3.6496     3.6391   3.159190   3.158145     2.1163     2.5604      8.070     0.1815     0.8586 1.0715e-01    -0.0930   102.3517     6.9077     7.1868    34.1864    34.1849    27.1742    27.1741    7.36647 0.0000e+00
       2090     64.390     3.6553     3.6469   3.159870   3.159011     2.1151     2.5600      8.070     0.1815     0.8586 1.0715e-01    -0.0930   102.3517     6.8979     7.1796    34.1885    34.1871    27.1753    27.1750    7.36533 0.0000e+00
       2093     64.466     3.6611     3.6541   3.160574   3.159848     2.1147     2.5579      8.070     0.1713     0.8586 1.0715e-01    -0.0951   102.4060     6.8966     7.1662    34.1909    34.1895    27.1767    27.1763    7.36416 0.0000e+00
       2096     64.544     3.6657     3.6593   3.161069   3.160423     2.1135     2.5555      8.065     0.1815     0.8586 1.0715e-01    -0.0955   102.4150     6.8890     7.1561    34.1919    34.1909    27.1770    27.1768    7.36327 0.0000e+00
       2099     64.626     3.6690     3.6630   3.161503   3.160845     2.1123     2.5543      8.065     0.1408     0.8586 1.0715e-01    -0.0962   102.4331     6.8842     7.1532    34.1935    34.1920    27.1780    27.1773    7.36258 0.0000e+00
       2102     64.715     3.6737     3.6679   3.162090   3.161429     2.1107     2.5539      8.065     0.0899     0.8981 1.0715e-01    -0.0958   102.4241     6.8768     7.1511    34.1956    34.1938    27.1792    27.1783    7.36162 0.0000e+00
       2105     64.810     3.6789     3.6733   3.162784   3.162110     2.1102     2.5510      8.065     0.1001     4.7670 1.0715e-01    -0.0955   102.4150     6.8715     7.1404    34.1984    34.1963    27.1809    27.1797    7.36054 0.0000e+00
       2108     64.912     3.6830     3.6779   3.163265   3.162651     2.1094     2.5502      8.063     0.0899     5.2802 1.0715e-01    -0.0955   102.4150     6.8666     7.1364    34.1999    34.1978    27.1816    27.1805    7.35973 0.0000e+00
       2111     65.018     3.6844     3.6795   3.163498   3.162857     2.1078     2.5486      8.060     0.0899     5.2407 1.0715e-01    -0.0955   102.4150     6.8577     7.1310    34.2012    34.1985    27.1825    27.1809    7.35941 0.0000e+00
       2114     65.130     3.6863     3.6810   3.163956   3.163297     2.1066     2.5465      8.060     0.0797     5.2407 1.0715e-01    -0.0951   102.4060     6.8490     7.1237    34.2046    34.2022    27.1850    27.1837    7.35889 0.0000e+00
       2117     65.246     3.6880     3.6838   3.164079   3.163570     2.1066     2.5457      8.060     0.1001     5.2407 1.0715e-01    -0.0947   102.3969     6.8489     7.1216    34.2041    34.2024    27.1845    27.1836    7.35860 0.0000e+00
       2120     65.366     3.6828     3.6799   3.163463   3.162944     2.1041     2.5449      8.060     0.1103     5.2407 1.0715e-01    -0.0951   102.4060     6.8407     7.1190    34.2022    34.1990    27.1835    27.1813    7.35965 0.0000e+00
       2123     65.488     3.6743     3.6705   3.162668   3.162092     2.1045     2.5437      8.059     0.0899     5.2407 1.0715e-01    -0.0947   102.3969     6.8448     7.1156    34.2015    34.1985    27.1838    27.1818    7.36123 0.0000e+00
       2126     65.615     3.6654     3.6618   3.161944   3.161404     2.1025     2.5421      8.056     0.0085     5.2407 1.0715e-01    -0.0951   102.4060     6.8390     7.1133    34.2021    34.1994    27.1851    27.1833    7.36281 0.0000e+00
       2129     65.746     3.6581     3.6545   3.161327   3.160773     2.1013     2.5400      8.056    -0.0627     3.9774 1.0715e-01    -0.0951   102.4060     6.8353     7.1099    34.2024    34.1995    27.1861    27.1842    7.36415 0.0000e+00
       2132     65.878     3.6540     3.6493   3.161172   3.160526     2.1009     2.5392      8.051    -0.0729    -1.7076 1.0715e-01    -0.0962   102.4331     6.8362     7.1086    34.2047    34.2019    27.1883    27.1866    7.36478 0.0000e+00
       2135     66.016     3.6524     3.6475   3.161127   3.160519     2.0984     2.5376      8.051    -0.0525    -1.6286 1.0715e-01    -0.0993   102.5145     6.8298     7.1052    34.2058    34.2036    27.1893    27.1882    7.36501 0.0000e+00
       2138     66.154     3.6497     3.6452   3.160985   3.160354     2.0980     2.5355      8.051    -0.0525    -1.6286 1.0715e-01    -0.0983   102.4874     6.8303     7.0997    34.2068    34.2040    27.1904    27.1886    7.36545 0.0000e+00
       2141     66.289     3.6456     3.6413   3.160754   3.160158     2.0976     2.5339      8.051    -0.0627    -1.6286 1.0715e-01    -0.0986   102.4964     6.8321     7.0950    34.2083    34.2057    27.1921    27.1904    7.36613 0.0000e+00
       2144     66.421     3.6409     3.6365   3.160453   3.159868     2.0964     2.5327      8.049    -0.0627    -1.6681 1.0715e-01    -0.0993   102.5145     6.8308     7.0931    34.2095    34.2072    27.1935    27.1920    7.36692 0.0000e+00
       2147     66.558     3.6380     3.6332   3.160313   3.159700     2.0952     2.5315      8.048    -0.0525    -1.6286 1.0715e-01    -0.0986   102.4964     6.8277     7.0916    34.2109    34.2085    27.1948    27.1934    7.36739 0.0000e+00
       2150     66.693     3.6359     3.6315   3.160151   3.159570     2.0944     2.5311      8.046    -0.0627    -1.6286 1.0715e-01    -0.0986   102.4964     6.8261     7.0940    34.2111    34.2087    27.1952    27.1937    7.36777 0.0000e+00
       2153     66.822     3.6327     3.6287   3.159926   3.159329     2.0936     2.5294      8.048    -0.0525    -1.6286 1.0727e-01    -0.0997   102.5235     6.8232     7.0923    34.2116    34.2087    27.1960    27.1940    7.36833 0.0000e+00
       2156     66.945     3.6301     3.6255   3.159711   3.159096     2.0927     2.5282      8.046    -0.0729   218.8618 1.0740e-01    -0.1008   102.5506     6.8218     7.0906    34.2117    34.2092    27.1962    27.1947    7.36879 0.0000e+00
       2159     67.067     3.6283     3.6234   3.159637   3.159027     2.0927     2.5274      8.046    -0.0525   482.1870 1.0740e-01    -0.1008   102.5506     6.8259     7.0912    34.2127    34.2105    27.1973    27.1960    7.36908 0.0000e+00
       2162     67.184     3.6288     3.6237   3.159835   3.159224     2.0911     2.5258      8.046    -0.0729   481.1606 1.0727e-01    -0.1008   102.5506     6.8172     7.0871    34.2145    34.2124    27.1986    27.1975    7.36890 0.0000e+00
       2165     67.293     3.6290     3.6242   3.159882   3.159299     2.0903     2.5249      8.045    -0.0627   481.3184 1.0740e-01    -0.1008   102.5506     6.8142     7.0852    34.2148    34.2128    27.1988    27.1977    7.36885 0.0000e+00
       2168     67.401     3.6289     3.6243   3.159874   3.159296     2.0891     2.5229      8.046    -0.0525   481.3579 1.0727e-01    -0.1004   102.5416     6.8093     7.0794    34.2147    34.2126    27.1988    27.1975    7.36887 0.0000e+00
       2171     67.501     3.6251     3.6217   3.159518   3.158954     2.0883     2.5217      8.045    -0.0627   481.3579 1.0715e-01    -0.1004   102.5416     6.8060     7.0767    34.2143    34.2112    27.1988    27.1967    7.36957 0.0000e+00
       2174     67.596     3.6178     3.6165   3.158845   3.158466     2.0866     2.5217      8.046    -0.0627   481.3579 1.0715e-01    -0.1015   102.5687     6.7988     7.0804    34.2139    34.2107    27.1993    27.1968    7.37094 0.0000e+00
       2177     67.688     3.6102     3.6088   3.158275   3.157775     2.0862     2.5201      8.042    -0.0627   481.3579 1.0715e-01    -0.1015   102.5687     6.7980     7.0793    34.2150    34.2105    27.2008    27.1974    7.37226 0.0000e+00
       2180     67.776     3.6065     3.6030   3.158055   3.157485     2.0858     2.5188      8.043     0.0086   481.3579 1.0715e-01    -0.1015   102.5687     6.7970     7.0771    34.2162    34.2130    27.2022    27.2000    7.37288 0.0000e+00
       2183     67.862     3.6059     3.6013   3.158067   3.157459     2.0854     2.5176      8.042    -0.0016   481.3579 1.0715e-01    -0.1015   102.5687     6.7965     7.0738    34.2169    34.2145    27.2028    27.2013    7.37296 0.0000e+00
       2186     67.947     3.6040     3.6001   3.158057   3.157435     2.0838     2.5164      8.042    -0.0016   481.3579 1.0715e-01    -0.1015   102.5687     6.7926     7.0720    34.2188    34.2154    27.2045    27.2022    7.37322 0.0000e+00
       2189     68.028     3.6028     3.5980   3.157980   3.157363     2.0834     2.5160      8.042     0.0187   481.3579 1.0715e-01    -0.1015   102.5687     6.7932     7.0718    34.2190    34.2167    27.2048    27.2034    7.37342 0.0000e+00
       2192     68.106     3.6018     3.5970   3.157898   3.157296     2.0817     2.5148      8.042    -0.0118   481.3579 1.0715e-01    -0.1018   102.5778     6.7897     7.0696    34.2190    34.2169    27.2049    27.2036    7.37360 0.0000e+00
       2195     68.183     3.5978     3.5949   3.157580   3.157087     2.0809     2.5140      8.042     0.0086   481.3579 1.0715e-01    -0.1032   102.6140     6.7898     7.0682    34.2194    34.2165    27.2056    27.2036    7.37431 0.0000e+00
