Datasets/AZMP/TEL210/tel210_2020_033.cnv
* Sea-Bird SBE 9 Data File:
* FileName = C:\CTDDATA\tel210_2020_033.hex
* Software Version Seasave V 7.26.7.110
* Temperature SN = 1697
* Conductivity SN = 4216
* Number of Bytes Per Scan = 30
* Number of Voltage Words = 4
* Number of Scans Averaged by the Deck Unit = 1
* NMEA baud rate = 4800
** VESSEL/TRIP/SEQ STN:  tel210_2020_033
** LATITUDE XX XX.XX: 47 00.00 N
** LONGITUDE XX XX.XX: 043 50.00 W
** SOUNDING DEPTH (M): 0554
** PROBE TYPE: S1146
** CTD NUMBER: 032
** COMMENTS (14 CHAR): FC-31
** BOTTLES:  10
** LEVELS: 5,10,20,30,40,50,75,100,150,BTM
** STICKERS: 435941 - 435950
** VNET: Y
** DO2: N
# nquan = 22
# nvalues = 10527                       
# units = specified
# name 0 = scan: Scan Count
# name 1 = prDM: Pressure, Digiquartz [db]
# name 2 = t090C: Temperature [ITS-90, deg C]
# name 3 = t190C: Temperature, 2 [ITS-90, deg C]
# name 4 = c0S/m: Conductivity [S/m]
# name 5 = c1S/m: Conductivity, 2 [S/m]
# name 6 = sbeox0V: Oxygen raw, SBE 43 [V]
# name 7 = sbeox1V: Oxygen raw, SBE 43, 2 [V]
# name 8 = ph: pH
# name 9 = flECO-AFL: Fluorescence, WET Labs ECO-AFL/FL [mg/m^3]
# name 10 = wetCDOM: Fluorescence, WET Labs CDOM [mg/m^3]
# name 11 = par/sat/log: PAR/Logarithmic, Satlantic [umol photons/m^2/sec]
# name 12 = CStarAt0: Beam Attenuation, WET Labs C-Star [1/m]
# name 13 = CStarTr0: Beam Transmission, WET Labs C-Star [%]
# name 14 = sbeox0ML/L: Oxygen, SBE 43 [ml/l], WS = 2
# name 15 = sbeox1ML/L: Oxygen, SBE 43, 2 [ml/l], WS = 2
# name 16 = sal00: Salinity, Practical [PSU]
# name 17 = sal11: Salinity, Practical, 2 [PSU]
# name 18 = sigma-t00: Density [sigma-t, kg/m^3 ]
# name 19 = sigma-t11: Density, 2 [sigma-t, kg/m^3 ]
# name 20 = oxsatML/L: Oxygen Saturation, Weiss [ml/l]
# name 21 = flag: flag
# span 0 =         14,      61550       
# span 1 =      1.919,    553.228       
# span 2 =     3.3587,    11.9414       
# span 3 =     3.3542,    11.9373       
# span 4 =   3.144052,   3.767334       
# span 5 =   3.142536,   3.766661       
# span 6 =     1.8517,     2.3947       
# span 7 =     2.2275,     2.9328       
# span 8 =      7.967,      8.237       
# span 9 =    -0.6529,     6.0830       
# span 10 =    -2.8130,   482.1870      
# span 11 = 1.0715e-01, 4.3019e+02      
# span 12 =    -0.1289,     0.2864      
# span 13 =    93.0915,   103.2741      
# span 14 =     6.1081,     7.9117      
# span 15 =     6.3430,     8.2542      
# span 16 =    32.7618,    34.8802      
# span 17 =    32.7616,    34.8788      
# span 18 =    24.8704,    27.7175      
# span 19 =    24.8710,    27.7168      
# span 20 =    6.14331,    7.40502      
# span 21 = 0.0000e+00, 0.0000e+00      
# interval = scans: 3                   
# start_time = Jul 18 2020 12:12:23 [System UTC, header]
# bad_flag = -9.990e-29
*END*
[from data line 4346]
      14264    488.361     3.7165     3.7120   3.241880   3.241361     1.8658     2.2469      7.974    -0.5918     9.4255 1.0715e-01    -0.0845   102.1347     6.2499     6.5127    34.8764    34.8750    27.7171    27.7164    7.32061 0.0000e+00
      14267    488.459     3.7166     3.7120   3.241885   3.241378     1.8662     2.2460      7.974    -0.5918     9.4650 1.0715e-01    -0.0845   102.1347     6.2517     6.5073    34.8763    34.8751    27.7170    27.7165    7.32060 0.0000e+00
      14270    488.557     3.7166     3.7119   3.241894   3.241384     1.8653     2.2460      7.974    -0.5918     9.4255 1.0715e-01    -0.0845   102.1347     6.2495     6.5058    34.8764    34.8752    27.7171    27.7166    7.32060 0.0000e+00
      14273    488.650     3.7170     3.7121   3.241909   3.241380     1.8662     2.2460      7.974    -0.5918     9.3860 1.0715e-01    -0.0845   102.1347     6.2567     6.5049    34.8761    34.8750    27.7168    27.7164    7.32054 0.0000e+00
      14276    488.743     3.7167     3.7120   3.241895   3.241398     1.8653     2.2460      7.974    -0.6019    97.0295 1.0715e-01    -0.0845   102.1347     6.2531     6.5085    34.8762    34.8752    27.7169    27.7166    7.32060 0.0000e+00
      14279    488.837     3.7167     3.7121   3.241907   3.241402     1.8658     2.2460      7.974    -0.5918   477.7259 1.0715e-01    -0.0845   102.1347     6.2521     6.5092    34.8763    34.8751    27.7170    27.7165    7.32059 0.0000e+00
      14282    488.930     3.7166     3.7120   3.241911   3.241412     1.8658     2.2460      7.974    -0.6019   481.3580 1.0715e-01    -0.0845   102.1347     6.2490     6.5066    34.8764    34.8754    27.7170    27.7167    7.32060 0.0000e+00
      14285    489.026     3.7166     3.7120   3.241919   3.241417     1.8662     2.2456      7.974    -0.6019   481.2395 1.0715e-01    -0.0849   102.1437     6.2483     6.5016    34.8764    34.8754    27.7170    27.7167    7.32060 0.0000e+00
      14288    489.121     3.7166     3.7121   3.241916   3.241419     1.8662     2.2456      7.974    -0.5918   481.2790 1.0715e-01    -0.0845   102.1347     6.2471     6.5028    34.8763    34.8752    27.7170    27.7166    7.32060 0.0000e+00
      14291    489.214     3.7169     3.7121   3.241914   3.241416     1.8653     2.2448      7.974    -0.5918   481.2790 1.0715e-01    -0.0834   102.1075     6.2428     6.5019    34.8760    34.8751    27.7167    27.7165    7.32057 0.0000e+00
      14294    489.311     3.7167     3.7120   3.241925   3.241411     1.8662     2.2448      7.974    -0.6019   481.3579 1.0715e-01    -0.0834   102.1075     6.2476     6.5031    34.8762    34.8750    27.7169    27.7165    7.32059 0.0000e+00
      14297    489.410     3.7167     3.7122   3.241933   3.241437     1.8662     2.2456      7.974    -0.5918   481.2790 1.0715e-01    -0.0834   102.1075     6.2471     6.5084    34.8763    34.8752    27.7169    27.7165    7.32058 0.0000e+00
      14300    489.510     3.7166     3.7121   3.241950   3.241429     1.8658     2.2460      7.974    -0.5918   481.3184 1.0715e-01    -0.0834   102.1075     6.2449     6.5115    34.8765    34.8750    27.7171    27.7164    7.32059 0.0000e+00
      14303    489.612     3.7168     3.7120   3.241943   3.241437     1.8658     2.2448      7.974    -0.5816   266.9473 1.0715e-01    -0.0831   102.0985     6.2441     6.5099    34.8762    34.8752    27.7169    27.7166    7.32057 0.0000e+00
      14306    489.714     3.7165     3.7121   3.241942   3.241441     1.8653     2.2444      7.974    -0.5918     0.8191 1.0715e-01    -0.0834   102.1075     6.2419     6.5118    34.8764    34.8751    27.7171    27.7165    7.32061 0.0000e+00
      14309    489.821     3.7168     3.7122   3.241980   3.241427     1.8658     2.2440      7.974    -0.5714    10.0572 1.0715e-01    -0.0831   102.0985     6.2414     6.5127    34.8765    34.8747    27.7171    27.7162    7.32055 0.0000e+00
      14312    489.930     3.7167     3.7121   3.241963   3.241465     1.8654     2.2448      7.974    -0.5918     9.6624 1.0715e-01    -0.0824   102.0804     6.2425     6.5196    34.8763    34.8753    27.7170    27.7166    7.32058 0.0000e+00
      14315    490.041     3.7168     3.7122   3.241983   3.241465     1.8658     2.2456      7.974    -0.5816     9.6624 1.0715e-01    -0.0824   102.0804     6.2446     6.5233    34.8765    34.8752    27.7171    27.7165    7.32056 0.0000e+00
      14318    490.153     3.7170     3.7122   3.241976   3.241474     1.8658     2.2448      7.974    -0.5816     9.7018 1.0715e-01    -0.0824   102.0804     6.2425     6.5184    34.8761    34.8752    27.7168    27.7165    7.32054 0.0000e+00
      14321    490.266     3.7168     3.7122   3.241991   3.241465     1.8658     2.2460      7.974    -0.5816     9.6624 1.0715e-01    -0.0824   102.0804     6.2437     6.5234    34.8764    34.8751    27.7170    27.7164    7.32057 0.0000e+00
      14324    490.381     3.7169     3.7121   3.241995   3.241478     1.8658     2.2448      7.974    -0.5816     9.6624 1.0715e-01    -0.0820   102.0714     6.2469     6.5211    34.8763    34.8752    27.7170    27.7166    7.32056 0.0000e+00
      14327    490.493     3.7167     3.7123   3.241975   3.241487     1.8654     2.2460      7.974    -0.5714     9.6229 1.0715e-01    -0.0820   102.0714     6.2447     6.5261    34.8762    34.8751    27.7169    27.7165    7.32059 0.0000e+00
      14330    490.608     3.7166     3.7122   3.241990   3.241495     1.8654     2.2456      7.974    -0.5918   353.8406 1.0715e-01    -0.0820   102.0714     6.2450     6.5250    34.8764    34.8752    27.7171    27.7165    7.32059 0.0000e+00
      14333    490.718     3.7168     3.7122   3.242003   3.241499     1.8654     2.2456      7.974    -0.5918   482.0686 1.0715e-01    -0.0813   102.0533     6.2435     6.5231    34.8763    34.8752    27.7170    27.7166    7.32057 0.0000e+00
      14336    490.825     3.7170     3.7122   3.242023   3.241515     1.8658     2.2469      7.974    -0.6019   480.9631 1.0715e-01    -0.0813   102.0533     6.2460     6.5252    34.8763    34.8753    27.7169    27.7167    7.32053 0.0000e+00
      14339    490.928     3.7171     3.7123   3.242017   3.241513     1.8654     2.2448      7.974    -0.5816   481.2790 1.0715e-01    -0.0813   102.0533     6.2429     6.5161    34.8760    34.8751    27.7167    27.7165    7.32053 0.0000e+00
      14342    491.028     3.7170     3.7122   3.242013   3.241485     1.8650     2.2452      7.974    -0.5816   481.2395 1.0715e-01    -0.0813   102.0533     6.2412     6.5183    34.8760    34.8748    27.7167    27.7162    7.32054 0.0000e+00
      14345    491.125     3.7168     3.7121   3.242005   3.241498     1.8658     2.2460      7.974    -0.5816   481.3184 1.0715e-01    -0.0813   102.0533     6.2464     6.5210    34.8761    34.8750    27.7168    27.7164    7.32058 0.0000e+00
      14348    491.214     3.7168     3.7120   3.242005   3.241496     1.8658     2.2452      7.974    -0.5918   481.2790 1.0715e-01    -0.0813   102.0533     6.2474     6.5184    34.8760    34.8750    27.7168    27.7165    7.32058 0.0000e+00
      14351    491.299     3.7167     3.7121   3.242013   3.241506     1.8654     2.2456      7.974    -0.5918   481.3184 1.0715e-01    -0.0817   102.0623     6.2448     6.5177    34.8762    34.8751    27.7170    27.7165    7.32059 0.0000e+00
      14354    491.380     3.7168     3.7119   3.242041   3.241516     1.8658     2.2460      7.974    -0.5918   451.4328 1.0715e-01    -0.0824   102.0804     6.2476     6.5207    34.8764    34.8754    27.7171    27.7167    7.32057 0.0000e+00
      14357    491.459     3.7168     3.7121   3.242031   3.241528     1.8650     2.2460      7.974    -0.5816    32.6787 1.0715e-01    -0.0824   102.0804     6.2421     6.5202    34.8762    34.8752    27.7169    27.7166    7.32056 0.0000e+00
      14360    491.538     3.7168     3.7121   3.242039   3.241539     1.8658     2.2452      7.974    -0.5714     8.8728 1.0715e-01    -0.0824   102.0804     6.2452     6.5177    34.8763    34.8753    27.7170    27.7166    7.32057 0.0000e+00
      14363    491.615     3.7167     3.7121   3.242035   3.241528     1.8650     2.2460      7.974    -0.5714    10.3335 1.0715e-01    -0.0824   102.0804     6.2422     6.5206    34.8763    34.8752    27.7170    27.7165    7.32059 0.0000e+00
      14366    491.689     3.7166     3.7122   3.242038   3.241535     1.8650     2.2460      7.974    -0.5714    10.2151 1.0715e-01    -0.0824   102.0804     6.2431     6.5176    34.8765    34.8751    27.7171    27.7165    7.32060 0.0000e+00
      14369    491.758     3.7168     3.7122   3.242047   3.241528     1.8662     2.2460      7.974    -0.5816    10.2940 1.0715e-01    -0.0824   102.0804     6.2495     6.5165    34.8763    34.8750    27.7169    27.7164    7.32057 0.0000e+00
      14372    491.829     3.7168     3.7121   3.242043   3.241528     1.8650     2.2456      7.974    -0.5714    10.2940 1.0715e-01    -0.0824   102.0804     6.2449     6.5137    34.8761    34.8750    27.7168    27.7164    7.32057 0.0000e+00
      14375    491.891     3.7169     3.7121   3.242038   3.241518     1.8654     2.2456      7.976    -0.5816    10.2940 1.0715e-01    -0.0834   102.1075     6.2466     6.5134    34.8760    34.8749    27.7167    27.7163    7.32057 0.0000e+00
      14378    491.951     3.7167     3.7121   3.242052   3.241545     1.8658     2.2460      7.974    -0.5714    10.2546 1.0715e-01    -0.0834   102.1075     6.2459     6.5149    34.8764    34.8752    27.7170    27.7165    7.32059 0.0000e+00
      14381    492.012     3.7167     3.7121   3.242063   3.241541     1.8646     2.2456      7.974    -0.5816   133.7450 1.0715e-01    -0.0834   102.1075     6.2418     6.5126    34.8764    34.8751    27.7171    27.7164    7.32058 0.0000e+00
      14384    492.070     3.7168     3.7121   3.242073   3.241556     1.8650     2.2456      7.974    -0.5918   482.1870 1.0715e-01    -0.0834   102.1075     6.2457     6.5123    34.8764    34.8752    27.7170    27.7166    7.32056 0.0000e+00
      14387    492.130     3.7168     3.7121   3.242063   3.241539     1.8654     2.2448      7.974    -0.5918   480.8053 1.0715e-01    -0.0834   102.1075     6.2485     6.5102    34.8763    34.8750    27.7169    27.7164    7.32057 0.0000e+00
      14390    492.190     3.7166     3.7121   3.242057   3.241550     1.8662     2.2457      7.974    -0.5816   481.2395 1.0715e-01    -0.0831   102.0985     6.2511     6.5158    34.8763    34.8751    27.7170    27.7165    7.32060 0.0000e+00
      14393    492.255     3.7168     3.7120   3.242065   3.241562     1.8658     2.2448      7.974    -0.5816   481.3184 1.0715e-01    -0.0834   102.1075     6.2483     6.5130    34.8763    34.8753    27.7169    27.7167    7.32058 0.0000e+00
      14396    492.325     3.7170     3.7120   3.242085   3.241561     1.8650     2.2448      7.974    -0.5714   481.3579 1.0715e-01    -0.0834   102.1075     6.2460     6.5143    34.8763    34.8753    27.7169    27.7166    7.32054 0.0000e+00
      14399    492.402     3.7168     3.7121   3.242069   3.241565     1.8650     2.2465      7.974    -0.5918   481.2790 1.0715e-01    -0.0834   102.1075     6.2438     6.5204    34.8762    34.8752    27.7169    27.7165    7.32057 0.0000e+00
      14402    492.481     3.7170     3.7121   3.242071   3.241548     1.8641     2.2448      7.974    -0.5918   481.3579 1.0715e-01    -0.0834   102.1075     6.2370     6.5140    34.8760    34.8750    27.7167    27.7164    7.32055 0.0000e+00
      14405    492.565     3.7163     3.7120   3.242084   3.241561     1.8662     2.2448      7.974    -0.6019   481.3184 1.0715e-01    -0.0834   102.1075     6.2452     6.5145    34.8768    34.8752    27.7174    27.7165    7.32063 0.0000e+00
      14408    492.655     3.7166     3.7120   3.242082   3.241577     1.8662     2.2452      7.974    -0.5816   481.2790 1.0715e-01    -0.0834   102.1075     6.2421     6.5144    34.8764    34.8753    27.7171    27.7167    7.32059 0.0000e+00
      14411    492.750     3.7166     3.7120   3.242089   3.241580     1.8650     2.2461      7.974    -0.5714   481.3579 1.0715e-01    -0.0831   102.0985     6.2370     6.5174    34.8764    34.8753    27.7171    27.7167    7.32059 0.0000e+00
      14414    492.847     3.7166     3.7121   3.242090   3.241559     1.8654     2.2457      7.974    -0.5918   481.3579 1.0715e-01    -0.0834   102.1075     6.2397     6.5145    34.8764    34.8748    27.7171    27.7163    7.32059 0.0000e+00
      14417    492.949     3.7166     3.7121   3.242104   3.241576     1.8650     2.2452      7.974    -0.5918   481.3184 1.0715e-01    -0.0834   102.1075     6.2391     6.5130    34.8765    34.8750    27.7171    27.7164    7.32059 0.0000e+00
      14420    493.052     3.7166     3.7121   3.242103   3.241582     1.8650     2.2452      7.974    -0.5816   481.3184 1.0715e-01    -0.0834   102.1075     6.2402     6.5116    34.8765    34.8750    27.7172    27.7164    7.32060 0.0000e+00
      14423    493.162     3.7166     3.7120   3.242105   3.241591     1.8650     2.2452      7.974    -0.5816   481.2395 1.0715e-01    -0.0834   102.1075     6.2416     6.5112    34.8764    34.8752    27.7170    27.7166    7.32059 0.0000e+00
      14426    493.272     3.7166     3.7121   3.242103   3.241580     1.8637     2.2448      7.974    -0.5816   481.2790 1.0715e-01    -0.0834   102.1075     6.2342     6.5092    34.8764    34.8749    27.7170    27.7163    7.32061 0.0000e+00
      14429    493.388     3.7166     3.7120   3.242106   3.241621     1.8646     2.2448      7.974    -0.5918   481.2790 1.0715e-01    -0.0834   102.1075     6.2361     6.5083    34.8763    34.8754    27.7170    27.7167    7.32061 0.0000e+00
      14432    493.507     3.7165     3.7120   3.242099   3.241587     1.8650     2.2444      7.974    -0.5714   481.3579 1.0715e-01    -0.0827   102.0894     6.2412     6.5062    34.8763    34.8749    27.7170    27.7163    7.32063 0.0000e+00
      14435    493.627     3.7165     3.7120   3.242124   3.241595     1.8650     2.2448      7.974    -0.5918    92.8052 1.0715e-01    -0.0834   102.1075     6.2466     6.5090    34.8765    34.8749    27.7171    27.7164    7.32061 0.0000e+00
      14438    493.752     3.7166     3.7119   3.242124   3.241600     1.8650     2.2448      7.974    -0.6019     3.8590 1.0715e-01    -0.0834   102.1075     6.2484     6.5093    34.8764    34.8751    27.7170    27.7165    7.32061 0.0000e+00
      14441    493.881     3.7166     3.7118   3.242117   3.241629     1.8641     2.2448      7.974    -0.5816     8.2806 1.0715e-01    -0.0834   102.1075     6.2448     6.5076    34.8762    34.8755    27.7169    27.7168    7.32062 0.0000e+00
      14444    494.008     3.7164     3.7120   3.242120   3.241600     1.8650     2.2448      7.974    -0.5816     8.0832 1.0715e-01    -0.0834   102.1075     6.2487     6.5074    34.8764    34.8749    27.7171    27.7163    7.32064 0.0000e+00
      14447    494.137     3.7165     3.7119   3.242115   3.241610     1.8654     2.2444      7.974    -0.5714     8.0832 1.0715e-01    -0.0834   102.1075     6.2507     6.5062    34.8761    34.8750    27.7168    27.7164    7.32063 0.0000e+00
      14450    494.270     3.7164     3.7119   3.242142   3.241627     1.8646     2.2440      7.974    -0.5816     8.1227 1.0715e-01    -0.0834   102.1075     6.2440     6.5044    34.8765    34.8752    27.7172    27.7165    7.32063 0.0000e+00
      14453    494.405     3.7162     3.7118   3.242141   3.241616     1.8646     2.2448      7.974    -0.5918     8.0832 1.0715e-01    -0.0834   102.1075     6.2415     6.5081    34.8766    34.8750    27.7172    27.7164    7.32066 0.0000e+00
      14456    494.537     3.7167     3.7119   3.242125   3.241632     1.8650     2.2448      7.974    -0.6019     8.0832 1.0715e-01    -0.0838   102.1166     6.2419     6.5102    34.8758    34.8750    27.7166    27.7164    7.32061 0.0000e+00
