Datasets/AZMP/TEL210/tel210_2020_007.cnv
* Sea-Bird SBE 9 Data File:
* FileName = C:\CTDDATA\tel210_2020_007.hex
* Software Version Seasave V 7.26.7.110
* Temperature SN = 1697
* Conductivity SN = 4216
* Number of Bytes Per Scan = 30
* Number of Voltage Words = 4
* Number of Scans Averaged by the Deck Unit = 1
* NMEA baud rate = 4800
** VESSEL/TRIP/SEQ STN:  tel210_2020_007
** LATITUDE XX XX.XX: 47 00.00 N
** LONGITUDE XX XX.XX: 052 02.00 W
** SOUNDING DEPTH (M): 0138
** PROBE TYPE: S1146
** CTD NUMBER: 006
** COMMENTS (14 CHAR): FC-05
** BOTTLES:  9
** LEVELS: 5,10,20,30,40,50,75,100,BTM
** STICKERS: 435780 - 435788
** VNET: Y
** DO2: N
# nquan = 22
# nvalues = 3198                        
# units = specified
# name 0 = scan: Scan Count
# name 1 = prDM: Pressure, Digiquartz [db]
# name 2 = t090C: Temperature [ITS-90, deg C]
# name 3 = t190C: Temperature, 2 [ITS-90, deg C]
# name 4 = c0S/m: Conductivity [S/m]
# name 5 = c1S/m: Conductivity, 2 [S/m]
# name 6 = sbeox0V: Oxygen raw, SBE 43 [V]
# name 7 = sbeox1V: Oxygen raw, SBE 43, 2 [V]
# name 8 = ph: pH
# name 9 = flECO-AFL: Fluorescence, WET Labs ECO-AFL/FL [mg/m^3]
# name 10 = wetCDOM: Fluorescence, WET Labs CDOM [mg/m^3]
# name 11 = par/sat/log: PAR/Logarithmic, Satlantic [umol photons/m^2/sec]
# name 12 = CStarAt0: Beam Attenuation, WET Labs C-Star [1/m]
# name 13 = CStarTr0: Beam Transmission, WET Labs C-Star [%]
# name 14 = sbeox0ML/L: Oxygen, SBE 43 [ml/l], WS = 2
# name 15 = sbeox1ML/L: Oxygen, SBE 43, 2 [ml/l], WS = 2
# name 16 = sal00: Salinity, Practical [PSU]
# name 17 = sal11: Salinity, Practical, 2 [PSU]
# name 18 = sigma-t00: Density [sigma-t, kg/m^3 ]
# name 19 = sigma-t11: Density, 2 [sigma-t, kg/m^3 ]
# name 20 = oxsatML/L: Oxygen Saturation, Weiss [ml/l]
# name 21 = flag: flag
# span 0 =         54,      30683       
# span 1 =      1.578,    136.540       
# span 2 =    -1.6309,    11.6932       
# span 3 =    -1.6361,    11.6863       
# span 4 =   2.598620,   3.658555       
# span 5 =   2.598148,   3.658619       
# span 6 =     1.9341,     2.4607       
# span 7 =     2.3505,     3.0103       
# span 8 =      7.845,      8.168       
# span 9 =    -0.6019,     1.2194       
# span 10 =    -2.8130,   482.1870      
# span 11 = 1.0715e-01, 1.2881e+02      
# span 12 =    -0.1596,     0.0671      
# span 13 =    98.3366,   104.0699      
# span 14 =     6.1451,     8.8182      
# span 15 =     6.2497,     9.4169      
# span 16 =    31.7853,    32.9167      
# span 17 =    31.6801,    32.9172      
# span 18 =    24.2322,    26.4670      
# span 19 =    24.2316,    26.4676      
# span 20 =    6.21061,    8.54445      
# span 21 = 0.0000e+00, 0.0000e+00      
# interval = scans: 3                   
# start_time = Jul 15 2020 12:17:25 [System UTC, header]
# bad_flag = -9.990e-29
*END*
[from data line 1910]
      10556    100.760    -1.6082    -1.6136   2.606654   2.606288     2.0136     2.4532      7.888    -0.5511     0.6217 1.0740e-01    -0.1582   104.0337     7.8332     8.2088    32.7198    32.7206    26.3226    26.3235    8.53503 0.0000e+00
      10559    100.671    -1.6083    -1.6138   2.606620   2.606266     2.0140     2.4545      7.886    -0.5511     0.6217 1.0752e-01    -0.1582   104.0337     7.8338     8.2170    32.7194    32.7206    26.3223    26.3234    8.53506 0.0000e+00
      10562    100.585    -1.6081    -1.6137   2.606593   2.606278     2.0144     2.4545      7.886    -0.5511     0.6217 1.0752e-01    -0.1582   104.0337     7.8334     8.2191    32.7189    32.7206    26.3219    26.3235    8.53506 0.0000e+00
      10565    100.502    -1.6083    -1.6137   2.606580   2.606268     2.0144     2.4545      7.886    -0.5714     0.5822 1.0752e-01    -0.1582   104.0337     7.8305     8.2170    32.7190    32.7206    26.3220    26.3234    8.53509 0.0000e+00
      10568    100.429    -1.6081    -1.6137   2.606582   2.606268     2.0144     2.4541      7.886    -0.5816     0.5427 1.0752e-01    -0.1578   104.0247     7.8308     8.2169    32.7189    32.7206    26.3219    26.3234    8.53506 0.0000e+00
      10571    100.360    -1.6077    -1.6132   2.606601   2.606260     2.0148     2.4532      7.886    -0.5816     0.5427 1.0752e-01    -0.1582   104.0337     7.8324     8.2124    32.7187    32.7201    26.3217    26.3230    8.53496 0.0000e+00
      10574    100.297    -1.6074    -1.6131   2.606608   2.606262     2.0148     2.4536      7.886    -0.5816     0.6217 1.0740e-01    -0.1582   104.0337     7.8310     8.2114    32.7185    32.7200    26.3216    26.3229    8.53491 0.0000e+00
      10577    100.243    -1.6072    -1.6133   2.606590   2.606240     2.0152     2.4536      7.886    -0.5816     1.0165 1.0752e-01    -0.1582   104.0337     7.8344     8.2091    32.7180    32.7199    26.3212    26.3229    8.53488 0.0000e+00
      10580    100.196    -1.6075    -1.6132   2.606593   2.606263     2.0144     2.4545      7.886    -0.5816     1.0954 1.0752e-01    -0.1582   104.0337     7.8282     8.2104    32.7185    32.7202    26.3216    26.3231    8.53494 0.0000e+00
      10583    100.157    -1.6072    -1.6134   2.606583   2.606251     2.0148     2.4545      7.886    -0.5714     1.0954 1.0752e-01    -0.1582   104.0337     7.8251     8.2117    32.7181    32.7203    26.3212    26.3232    8.53490 0.0000e+00
      11470    100.133    -1.6029    -1.6076   2.606878   2.606601     2.0144     2.4545      7.886    -0.5714     1.2138 1.0752e-01    -0.1585   104.0428     7.8240     8.2138    32.7174    32.7187    26.3206    26.3217    8.53392 0.0000e+00
      12120    100.104    -1.5996    -1.6062   2.607075   2.606665     2.0140     2.4545      7.889    -0.5714     2.2008 1.0752e-01    -0.1592   104.0609     7.8271     8.2197    32.7165    32.7181    26.3197    26.3212    8.53320 0.0000e+00
      12123    100.073    -1.6000    -1.6068   2.607056   2.606624     2.0149     2.4549      7.889    -0.5714     2.8720 1.0752e-01    -0.1585   104.0428     7.8325     8.2210    32.7167    32.7182    26.3200    26.3213    8.53329 0.0000e+00
      12187    100.039    -1.6001    -1.6061   2.607047   2.606658     2.0140     2.4545      7.889    -0.5714     0.3453 1.0752e-01    -0.1578   104.0247     7.8303     8.2228    32.7167    32.7179    26.3199    26.3210    8.53330 0.0000e+00
      12221     99.973    -1.6002    -1.6056   2.607012   2.606678     2.0145     2.4565      7.888    -0.5714    -0.8785 1.0752e-01    -0.1575   104.0156     7.8321     8.2371    32.7164    32.7176    26.3197    26.3208    8.53335 0.0000e+00
      12224     99.896    -1.6009    -1.6061   2.606952   2.606626     2.0149     2.4553      7.886    -0.5816    -0.1679 1.0752e-01    -0.1571   104.0066     7.8316     8.2308    32.7164    32.7175    26.3197    26.3208    8.53352 0.0000e+00
      12227     99.812    -1.6016    -1.6060   2.606938   2.606608     2.0136     2.4557      7.888    -0.5714     0.8586 1.0752e-01    -0.1585   104.0428     7.8259     8.2291    32.7170    32.7172    26.3201    26.3205    8.53363 0.0000e+00
      12230     99.727    -1.6007    -1.6058   2.607001   2.606652     2.0153     2.4565      7.888    -0.5714     0.8586 1.0752e-01    -0.1589   104.0518     7.8359     8.2269    32.7170    32.7177    26.3201    26.3209    8.53344 0.0000e+00
      12233     99.638    -1.5992    -1.6050   2.607083   2.606709     2.0149     2.4557      7.888    -0.5714     0.8586 1.0752e-01    -0.1589   104.0518     7.8332     8.2245    32.7164    32.7177    26.3197    26.3209    8.53310 0.0000e+00
      12236     99.545    -1.5984    -1.6044   2.607120   2.606740     2.0149     2.4557      7.891    -0.5714     0.8586 1.0752e-01    -0.1585   104.0428     7.8328     8.2276    32.7161    32.7175    26.3194    26.3207    8.53294 0.0000e+00
      12239     99.450    -1.5981    -1.6041   2.607127   2.606756     2.0153     2.4557      7.888    -0.5816     0.7401 1.0752e-01    -0.1589   104.0518     7.8357     8.2290    32.7160    32.7174    26.3193    26.3206    8.53288 0.0000e+00
      12242     99.351    -1.5977    -1.6038   2.607184   2.606774     2.0149     2.4569      7.886    -0.5918     0.7796 1.0752e-01    -0.1592   104.0609     7.8304     8.2300    32.7164    32.7174    26.3196    26.3207    8.53276 0.0000e+00
      12245     99.253    -1.5965    -1.6021   2.607275   2.606953     2.0149     2.4569      7.886    -0.5816     0.8191 1.0752e-01    -0.1585   104.0428     7.8258     8.2281    32.7163    32.7180    26.3196    26.3211    8.53248 0.0000e+00
      12248     99.158    -1.5950    -1.5983   2.607367   2.607164     2.0149     2.4549      7.889    -0.5714     0.8586 1.0752e-01    -0.1582   104.0337     7.8230     8.2194    32.7161    32.7168    26.3193    26.3200    8.53215 0.0000e+00
      12251     99.063    -1.5932    -1.5969   2.607456   2.607167     2.0149     2.4549      7.891    -0.5816     1.7271 1.0752e-01    -0.1582   104.0337     7.8203     8.2141    32.7154    32.7154    26.3187    26.3189    8.53177 0.0000e+00
      12254     98.968    -1.5928    -1.5968   2.607477   2.607167     2.0149     2.4553      7.888    -0.5714     2.1614 1.0752e-01    -0.1582   104.0337     7.8160     8.2164    32.7152    32.7154    26.3186    26.3188    8.53168 0.0000e+00
      12257     98.873    -1.5927    -1.5972   2.607480   2.607165     2.0145     2.4569      7.889    -0.5816     2.1614 1.0752e-01    -0.1582   104.0337     7.8144     8.2228    32.7152    32.7159    26.3186    26.3192    8.53165 0.0000e+00
      12260     98.783    -1.5934    -1.5974   2.607434   2.607131     2.0149     2.4569      7.889    -0.5918     2.1614 1.0752e-01    -0.1582   104.0337     7.8178     8.2211    32.7155    32.7157    26.3188    26.3190    8.53181 0.0000e+00
      12263     98.697    -1.5930    -1.5976   2.607432   2.607116     2.0145     2.4561      7.886    -0.5714     2.1614 1.0752e-01    -0.1582   104.0337     7.8184     8.2174    32.7150    32.7157    26.3184    26.3191    8.53174 0.0000e+00
      12266     98.616    -1.5933    -1.5977   2.607414   2.607101     2.0149     2.4557      7.886    -0.5511     2.1614 1.0752e-01    -0.1578   104.0247     7.8189     8.2190    32.7151    32.7156    26.3185    26.3190    8.53179 0.0000e+00
      12269     98.540    -1.5934    -1.5977   2.607385   2.607045     2.0145     2.4569      7.888    -0.5511     2.1614 1.0752e-01    -0.1585   104.0428     7.8177     8.2297    32.7149    32.7150    26.3183    26.3185    8.53184 0.0000e+00
      12272     98.468    -1.5932    -1.5983   2.607373   2.606961     2.0145     2.4553      7.888    -0.5409     2.1614 1.0752e-01    -0.1582   104.0337     7.8181     8.2246    32.7145    32.7145    26.3180    26.3181    8.53181 0.0000e+00
      12275     98.400    -1.5931    -1.5983   2.607376   2.606995     2.0145     2.4553      7.889    -0.5511     2.2403 1.0752e-01    -0.1582   104.0337     7.8186     8.2201    32.7145    32.7151    26.3180    26.3185    8.53178 0.0000e+00
      12278     98.340    -1.5931    -1.5983   2.607357   2.606989     2.0141     2.4561      7.891    -0.5409     3.6221 1.0740e-01    -0.1582   104.0337     7.8184     8.2186    32.7143    32.7150    26.3178    26.3185    8.53180 0.0000e+00
      12281     98.282    -1.5932    -1.5991   2.607317   2.606883     2.0145     2.4557      7.891    -0.5511     3.7010 1.0752e-01    -0.1582   104.0337     7.8187     8.2172    32.7139    32.7144    26.3175    26.3181    8.53185 0.0000e+00
      12284     98.232    -1.5935    -1.6000   2.607247   2.606783     2.0153     2.4557      7.886    -0.5409     3.7010 1.0752e-01    -0.1582   104.0337     7.8256     8.2189    32.7133    32.7140    26.3170    26.3178    8.53196 0.0000e+00
      12287     98.186    -1.5946    -1.6003   2.607120   2.606772     2.0145     2.4565      7.886    -0.5511     3.7010 1.0752e-01    -0.1582   104.0337     7.8238     8.2234    32.7128    32.7142    26.3166    26.3179    8.53225 0.0000e+00
      12290     98.145    -1.5956    -1.6009   2.607032   2.606725     2.0141     2.4569      7.888    -0.5613     3.7010 1.0752e-01    -0.1582   104.0337     7.8204     8.2261    32.7127    32.7143    26.3166    26.3180    8.53249 0.0000e+00
      12293     98.111    -1.5963    -1.6008   2.606983   2.606723     2.0149     2.4569      7.888    -0.5816     3.7010 1.0752e-01    -0.1585   104.0428     7.8273     8.2286    32.7128    32.7141    26.3167    26.3179    8.53264 0.0000e+00
      12296     98.081    -1.5963    -1.6011   2.606980   2.606709     2.0145     2.4557      7.889    -0.5816     3.7010 1.0752e-01    -0.1582   104.0337     7.8222     8.2274    32.7128    32.7143    26.3167    26.3180    8.53264 0.0000e+00
      12299     98.056    -1.5963    -1.6014   2.607000   2.606713     2.0145     2.4561      7.888    -0.5714     3.7010 1.0752e-01    -0.1582   104.0337     7.8217     8.2276    32.7130    32.7147    26.3169    26.3184    8.53262 0.0000e+00
      12333     97.892    -1.5949    -1.5995   2.607189   2.606869     2.0145     2.4557      7.888    -0.5714     0.7796 1.0752e-01    -0.1592   104.0609     7.8209     8.2168    32.7142    32.7149    26.3178    26.3184    8.53223 0.0000e+00
      12336     97.867    -1.5947    -1.5994   2.607183   2.606871     2.0149     2.4573      7.886    -0.5918     0.8191 1.0752e-01    -0.1592   104.0609     7.8267     8.2205    32.7139    32.7148    26.3176    26.3185    8.53220 0.0000e+00
      12339     97.835    -1.5945    -1.5997   2.607172   2.606860     2.0153     2.4569      7.886    -0.5918     0.8191 1.0740e-01    -0.1589   104.0518     7.8309     8.2208    32.7137    32.7150    26.3173    26.3186    8.53218 0.0000e+00
      12342     97.797    -1.5949    -1.6002   2.607153   2.606837     2.0145     2.4569      7.888    -0.5714     0.8586 1.0752e-01    -0.1592   104.0609     7.8299     8.2217    32.7138    32.7153    26.3175    26.3188    8.53225 0.0000e+00
      12345     97.753    -1.5949    -1.6004   2.607125   2.606848     2.0153     2.4557      7.889    -0.5511     0.8586 1.0752e-01    -0.1589   104.0518     7.8324     8.2167    32.7134    32.7157    26.3171    26.3191    8.53227 0.0000e+00
      12348     97.699    -1.5953    -1.6002   2.607092   2.606831     2.0145     2.4561      7.889    -0.5409     0.8191 1.0740e-01    -0.1582   104.0337     7.8256     8.2216    32.7135    32.7153    26.3172    26.3188    8.53237 0.0000e+00
      12351     97.635    -1.5961    -1.6002   2.607025   2.606808     2.0149     2.4570      7.891    -0.5511     0.8586 1.0752e-01    -0.1585   104.0428     7.8279     8.2275    32.7134    32.7150    26.3172    26.3186    8.53255 0.0000e+00
      12354     97.562    -1.5969    -1.6016   2.606959   2.606629     2.0137     2.4557      7.888    -0.5511     0.7401 1.0752e-01    -0.1589   104.0518     7.8193     8.2195    32.7135    32.7141    26.3173    26.3179    8.53275 0.0000e+00
      12357     97.484    -1.5998    -1.6032   2.606596   2.606470     2.0141     2.4561      7.889    -0.5511     0.0690 1.0752e-01    -0.1582   104.0337     7.8201     8.2186    32.7117    32.7137    26.3159    26.3176    8.53353 0.0000e+00
      12360     97.392    -1.6011    -1.6050   2.606532   2.606227     2.0157     2.4566      7.886    -0.5511     0.1084 1.0752e-01    -0.1589   104.0518     7.8287     8.2175    32.7123    32.7124    26.3164    26.3165    8.53380 0.0000e+00
      12363     97.290    -1.6017    -1.6088   2.606478   2.605898     2.0153     2.4570      7.891    -0.5308     0.0690 1.0752e-01    -0.1582   104.0337     7.8301     8.2212    32.7123    32.7120    26.3164    26.3164    8.53394 0.0000e+00
      12366     97.181    -1.6022    -1.6102   2.606392   2.605700     2.0153     2.4557      7.888    -0.5511     0.1084 1.0752e-01    -0.1585   104.0428     7.8299     8.2177    32.7118    32.7109    26.3160    26.3155    8.53410 0.0000e+00
      12369     97.062    -1.6055    -1.6135   2.605970   2.605416     2.0145     2.4561      7.891    -0.5511     0.0295 1.0752e-01    -0.1571   104.0066     7.8260     8.2222    32.7096    32.7107    26.3143    26.3154    8.53499 0.0000e+00
      12372     96.937    -1.6085    -1.6152   2.605671   2.605173     2.0145     2.4566      7.888    -0.5511     0.0690 1.0752e-01    -0.1578   104.0247     7.8251     8.2221    32.7088    32.7094    26.3138    26.3143    8.53574 0.0000e+00
      12375     96.804    -1.6110    -1.6190   2.605548   2.604892     2.0145     2.4566      7.888    -0.5511     0.1084 1.0752e-01    -0.1582   104.0337     7.8283     8.2243    32.7100    32.7097    26.3148    26.3147    8.53626 0.0000e+00
      12378     96.664    -1.6111    -1.6195   2.605523   2.604887     2.0145     2.4566      7.886    -0.5511     0.1084 1.0752e-01    -0.1578   104.0247     7.8304     8.2244    32.7098    32.7103    26.3146    26.3152    8.53629 0.0000e+00
      12381     96.523    -1.6112    -1.6186   2.605484   2.604997     2.0153     2.4561      7.886    -0.5511     0.0295 1.0740e-01    -0.1582   104.0337     7.8321     8.2205    32.7095    32.7109    26.3143    26.3157    8.53634 0.0000e+00
      12384     96.379    -1.6108    -1.6167   2.605573   2.605266     2.0149     2.4557      7.886    -0.5409    -0.1284 1.0752e-01    -0.1575   104.0156     7.8275     8.2154    32.7104    32.7126    26.3150    26.3170    8.53619 0.0000e+00
      12387     96.234    -1.6103    -1.6140   2.605604   2.605461     2.0153     2.4557      7.888    -0.5511    -0.1679 1.0752e-01    -0.1578   104.0247     7.8312     8.2151    32.7103    32.7124    26.3150    26.3168    8.53606 0.0000e+00
      12390     96.091    -1.6117    -1.6154   2.605233   2.605143     2.0145     2.4566      7.886    -0.5511    -0.1284 1.0752e-01    -0.1592   104.0609     7.8276     8.2197    32.7068    32.7096    26.3122    26.3146    8.53660 0.0000e+00
      12393     95.945    -1.6156    -1.6181   2.604884   2.604770     2.0145     2.4561      7.888    -0.5511    -0.0889 1.0752e-01    -0.1592   104.0609     7.8324     8.2172    32.7064    32.7076    26.3120    26.3130    8.53756 0.0000e+00
      12396     95.801    -1.6170    -1.6214   2.604768   2.604472     2.0145     2.4561      7.888    -0.5816    -0.1284 1.0752e-01    -0.1592   104.0609     7.8318     8.2190    32.7064    32.7072    26.3120    26.3127    8.53788 0.0000e+00
      12399     95.655    -1.6182    -1.6234   2.604625   2.604276     2.0161     2.4566      7.888    -0.5714    -0.0889 1.0752e-01    -0.1592   104.0609     7.8380     8.2216    32.7058    32.7067    26.3115    26.3124    8.53819 0.0000e+00
      12402     95.510    -1.6188    -1.6238   2.604509   2.604225     2.0153     2.4561      7.888    -0.5816    -0.1284 1.0752e-01    -0.1592   104.0609     7.8316     8.2195    32.7050    32.7066    26.3109    26.3123    8.53839 0.0000e+00
