Datasets/AZMP/TEL210/tel210_2020_074.cnv
* Sea-Bird SBE 9 Data File:
* FileName = C:\CTDDATA\tel210_2020_074.hex
* Software Version Seasave V 7.26.7.110
* Temperature SN = 1697
* Conductivity SN = 4216
* Number of Bytes Per Scan = 30
* Number of Voltage Words = 4
* Number of Scans Averaged by the Deck Unit = 1
* NMEA baud rate = 4800
** VESSEL/TRIP/SEQ STN:  tel210_2020_074
** LATITUDE XX XX.XX: 52 37.38 N
** LONGITUDE XX XX.XX: 052 12.96 W
** SOUNDING DEPTH (M): 0291
** PROBE TYPE: S1146
** CTD NUMBER: 049
** COMMENTS (14 CHAR): C0-01
** BOTTLES:  0
** LEVELS:
** STICKERS:
** VNET: N
** DO2: N
# nquan = 22
# nvalues = 6186                        
# units = specified
# name 0 = scan: Scan Count
# name 1 = prDM: Pressure, Digiquartz [db]
# name 2 = t090C: Temperature [ITS-90, deg C]
# name 3 = t190C: Temperature, 2 [ITS-90, deg C]
# name 4 = c0S/m: Conductivity [S/m]
# name 5 = c1S/m: Conductivity, 2 [S/m]
# name 6 = sbeox0V: Oxygen raw, SBE 43 [V]
# name 7 = sbeox1V: Oxygen raw, SBE 43, 2 [V]
# name 8 = ph: pH
# name 9 = flECO-AFL: Fluorescence, WET Labs ECO-AFL/FL [mg/m^3]
# name 10 = wetCDOM: Fluorescence, WET Labs CDOM [mg/m^3]
# name 11 = par/sat/log: PAR/Logarithmic, Satlantic [umol photons/m^2/sec]
# name 12 = CStarAt0: Beam Attenuation, WET Labs C-Star [1/m]
# name 13 = CStarTr0: Beam Transmission, WET Labs C-Star [%]
# name 14 = sbeox0ML/L: Oxygen, SBE 43 [ml/l], WS = 2
# name 15 = sbeox1ML/L: Oxygen, SBE 43, 2 [ml/l], WS = 2
# name 16 = sal00: Salinity, Practical [PSU]
# name 17 = sal11: Salinity, Practical, 2 [PSU]
# name 18 = sigma-t00: Density [sigma-t, kg/m^3 ]
# name 19 = sigma-t11: Density, 2 [sigma-t, kg/m^3 ]
# name 20 = oxsatML/L: Oxygen Saturation, Weiss [ml/l]
# name 21 = flag: flag
# span 0 =         33,      19615       
# span 1 =      2.064,    287.580       
# span 2 =    -0.5947,     9.8242       
# span 3 =    -0.6074,     9.8197       
# span 4 =   2.718051,   3.498626       
# span 5 =   2.716711,   3.498233       
# span 6 =     1.9730,     2.5358       
# span 7 =     2.3840,     3.0806       
# span 8 =      7.883,      8.166       
# span 9 =     0.6558,     2.3595       
# span 10 =    -2.6946,   481.7133      
# span 11 = 1.0678e-01, 1.0752e-01      
# span 12 =    -0.1394,     0.1126      
# span 13 =    97.2243,   103.5454      
# span 14 =     6.6046,     9.7234      
# span 15 =     6.7386,    10.4946      
# span 16 =    31.9794,    34.6211      
# span 17 =    31.9953,    34.6228      
# span 18 =    24.6232,    27.5439      
# span 19 =    24.6364,    27.5456      
# span 20 =    6.46500,    8.27669      
# span 21 = 0.0000e+00, 0.0000e+00      
# interval = scans: 3                   
# start_time = Jul 24 2020 04:15:48 [System UTC, header]
# bad_flag = -9.990e-29
*END*
[from data line 6124]
      19316      4.757     9.1871     8.9442   3.465551   3.451012     2.3291     2.7957      8.049     0.9627     0.3848 1.0715e-01    -0.0238   100.5973     6.9054     7.0492    32.2277    32.2973    24.9188    25.0110    6.54789 0.0000e+00
      19319      4.714     9.1843     9.0301   3.466238   3.457926     2.3287     2.7932      8.049     0.9732     0.3059 1.0715e-01    -0.0238   100.5973     6.9051     7.0325    32.2374    32.2911    24.9268    24.9928    6.54790 0.0000e+00
      19322      4.673     9.1914     8.9956   3.466684   3.448733     2.3283     2.7912      8.049     0.9627     0.3453 1.0715e-01    -0.0235   100.5883     6.9054     7.0376    32.2356    32.2270    24.9243    24.9480    6.54693 0.0000e+00
      19325      4.637     9.1929     8.9630   3.466407   3.448086     2.3291     2.7884      8.049     0.9415     0.4243 1.0715e-01    -0.0231   100.5793     6.9089     7.0358    32.2314    32.2499    24.9207    24.9710    6.54688 0.0000e+00
      19328      4.599     9.1937     8.9595   3.466069   3.448805     2.3279     2.7863      8.049     0.9415     0.7006 1.0715e-01    -0.0224   100.5612     6.9061     7.0317    32.2271    32.2606    24.9173    24.9799    6.54694 0.0000e+00
      19331      4.562     9.1917     8.9681   3.465685   3.447213     2.3275     2.7839      8.049     0.9627     0.7401 1.0715e-01    -0.0224   100.5612     6.9075     7.0290    32.2250    32.2362    24.9159    24.9595    6.54733 0.0000e+00
      19334      4.530     9.1895     8.8668   3.465316   3.433135     2.3270     2.7827      8.049     0.9627     0.7401 1.0715e-01    -0.0224   100.5612     6.9073     7.0514    32.2232    32.1818    24.9149    24.9325    6.54772 0.0000e+00
      19337      4.497     9.1874     8.7291   3.465225   3.423966     2.3279     2.7806      8.049     0.9309     0.7401 1.0715e-01    -0.0224   100.5612     6.9129     7.0773    32.2242    32.2114    24.9160    24.9766    6.54799 0.0000e+00
      19340      4.466     9.1845     8.7077   3.465346   3.426575     2.3266     2.7794      8.049     0.8780     0.6612 1.0715e-01    -0.0220   100.5521     6.9101     7.0885    32.2281    32.2582    24.9195    25.0165    6.54826 0.0000e+00
      19343      4.430     9.1812     8.7238   3.465338   3.428938     2.3270     2.7798      8.049     0.8886     0.7006 1.0715e-01    -0.0220   100.5521     6.9138     7.0970    32.2310    32.2682    24.9223    25.0219    6.54862 0.0000e+00
      19346      4.397     9.1788     8.7115   3.466966   3.422423     2.3279     2.7786      8.049     0.8886     0.7401 1.0715e-01    -0.0217   100.5431     6.9175     7.1050    32.2500    32.2113    24.9375    24.9793    6.54818 0.0000e+00
      19349      4.364     9.2084     8.6373   3.469188   3.424533     2.3266     2.7786      8.049     0.8886     0.7401 1.0715e-01    -0.0217   100.5431     6.9089     7.1170    32.2462    32.3011    24.9299    25.0608    6.54398 0.0000e+00
      19352      4.329     9.2239     8.7275   3.469516   3.434513     2.3270     2.7786      8.049     0.8992     0.9375 1.0715e-01    -0.0213   100.5340     6.9100     7.1030    32.2355    32.3231    24.9191    25.0644    6.54215 0.0000e+00
      19355      4.295     9.2278     8.8638   3.469388   3.444196     2.3270     2.7790      8.049     0.8886     1.0954 1.0715e-01    -0.0213   100.5340     6.9092     7.0811    32.2308    32.2998    24.9148    25.0253    6.54179 0.0000e+00
      19358      4.262     9.2322     8.9510   3.468618   3.453049     2.3266     2.7790      8.049     0.8675     1.0954 1.0715e-01    -0.0213   100.5340     6.9068     7.0620    32.2189    32.3125    24.9048    25.0219    6.54164 0.0000e+00
      19361      4.226     9.2308     9.0639   3.469542   3.460097     2.3275     2.7778      8.049     0.8886     1.0954 1.0715e-01    -0.0213   100.5340     6.9098     7.0354    32.2297    32.2830    24.9135    24.9813    6.54140 0.0000e+00
      19364      4.187     9.2572     9.1242   3.471473   3.460779     2.3275     2.7782      8.049     0.9415     1.0954 1.0715e-01    -0.0213   100.5340     6.9051     7.0207    32.2257    32.2356    24.9062    24.9348    6.53768 0.0000e+00
      19367      4.148     9.2620     9.0930   3.470244   3.457798     2.3266     2.7761      8.049     0.9627     1.0559 1.0715e-01    -0.0231   100.5792     6.8993     7.0108    32.2087    32.2330    24.8922    24.9376    6.53769 0.0000e+00
      19370      4.105     9.2541     9.0970   3.470406   3.460055     2.3266     2.7737      8.049     0.9521     1.0954 1.0715e-01    -0.0245   100.6154     6.9002     6.9933    32.2176    32.2527    24.9003    24.9524    6.53848 0.0000e+00
      19373      4.067     9.2617     9.1526   3.471007   3.458899     2.3266     2.7721      8.049     0.9521     1.0954 1.0715e-01    -0.0245   100.6154     6.8975     6.9718    32.2169    32.1905    24.8987    24.8951    6.53740 0.0000e+00
      19376      4.029     9.3011     9.0917   3.474959   3.452403     2.3262     2.7713      8.049     0.9521     1.0954 1.0715e-01    -0.0242   100.6064     6.8882     6.9689    32.2221    32.1783    24.8965    24.8951    6.53141 0.0000e+00
      19379      3.995     9.3341     8.9901   3.475747   3.444923     2.3262     2.7688      8.049     0.9627     1.5297 1.0715e-01    -0.0242   100.6064     6.8826     6.9683    32.2005    32.1928    24.8744    24.9221    6.52749 0.0000e+00
      19382      3.960     9.3460     8.9153   3.476386   3.443209     2.3262     2.7672      8.049     0.9627     1.6876 1.0715e-01    -0.0245   100.6154     6.8782     6.9672    32.1964    32.2428    24.8693    24.9728    6.52593 0.0000e+00
      19385      3.924     9.3589     8.9242   3.477526   3.450597     2.3266     2.7656      8.048     0.9521     1.6876 1.0715e-01    -0.0238   100.5973     6.8764     6.9551    32.1965    32.3115    24.8673    25.0252    6.52404 0.0000e+00
      19388      3.888     9.3723     9.0236   3.478175   3.461039     2.3254     2.7639      8.048     0.9415     1.6876 1.0715e-01    -0.0235   100.5883     6.8691     6.9323    32.1911    32.3296    24.8610    25.0240    6.52231 0.0000e+00
      19391      3.853     9.3789     9.1031   3.477954   3.463906     2.3254     2.7627      8.048     0.9309     1.6481 1.0715e-01    -0.0235   100.5883     6.8681     6.9181    32.1829    32.2871    24.8535    24.9784    6.52168 0.0000e+00
      19394      3.813     9.3799     9.1594   3.478232   3.465107     2.3258     2.7599      8.048     0.9203     1.6876 1.0715e-01    -0.0235   100.5883     6.8686     6.9042    32.1849    32.2486    24.8549    24.9395    6.52146 0.0000e+00
      19397      3.769     9.3889     9.1945   3.478877   3.464451     2.3242     2.7570      8.048     0.9203     1.6481 1.0715e-01    -0.0235   100.5883     6.8600     6.8943    32.1835    32.2101    24.8524    24.9039    6.52021 0.0000e+00
      19400      3.725     9.3914     9.2662   3.478333   3.471994     2.3254     2.7546      8.048     0.9203     1.6876 1.0715e-01    -0.0238   100.5973     6.8636     6.8813    32.1757    32.2232    24.8459    24.9028    6.52017 0.0000e+00
      19403      3.678     9.3908     9.3053   3.477998   3.474564     2.3246     2.7533      8.048     0.9097     1.7666 1.0715e-01    -0.0235   100.5883     6.8603     6.8781    32.1728    32.2144    24.8437    24.8898    6.52038 0.0000e+00
      19406      3.624     9.3940     9.2978   3.478889   3.475557     2.3234     2.7517      8.048     0.9203     2.3587 1.0715e-01    -0.0235   100.5883     6.8550     6.8790    32.1790    32.2314    24.8481    24.9043    6.51965 0.0000e+00
      19409      3.565     9.4220     9.3572   3.481132   3.479925     2.3246     2.7509      8.048     0.9203     2.3982 1.0715e-01    -0.0245   100.6154     6.8557     6.8733    32.1769    32.2228    24.8420    24.8882    6.51566 0.0000e+00
      19412      3.502     9.4606     9.4309   3.482586   3.481654     2.3230     2.7489      8.048     0.9203     2.3982 1.0715e-01    -0.0245   100.6154     6.8470     6.8639    32.1571    32.1743    24.8204    24.8385    6.51085 0.0000e+00
      19415      3.438     9.4803     9.4505   3.482701   3.481212     2.3238     2.7468      8.048     0.9203     2.3982 1.0715e-01    -0.0245   100.6154     6.8480     6.8597    32.1406    32.1522    24.8044    24.8182    6.50868 0.0000e+00
      19418      3.373     9.4804     9.4459   3.481698   3.480954     2.3230     2.7468      8.048     0.9521     2.3982 1.0715e-01    -0.0245   100.6154     6.8464     6.8644    32.1303    32.1537    24.7963    24.8201    6.50909 0.0000e+00
      19421      3.304     9.4751     9.4564   3.482021   3.481660     2.3226     2.7468      8.048     0.9521     2.3982 1.0715e-01    -0.0245   100.6154     6.8461     6.8652    32.1385    32.1515    24.8035    24.8167    6.50953 0.0000e+00
      19424      3.237     9.4885     9.4624   3.483306   3.482646     2.3226     2.7468      8.048     0.9627     2.3982 1.0715e-01    -0.0245   100.6154     6.8460     6.8637    32.1396    32.1563    24.8022    24.8194    6.50753 0.0000e+00
      19427      3.175     9.5011     9.4892   3.483610   3.483868     2.3226     2.7452      8.048     0.9415     2.3982 1.0715e-01    -0.0224   100.5612     6.8463     6.8540    32.1315    32.1448    24.7939    24.8062    6.50605 0.0000e+00
      19430      3.119     9.5101     9.5032   3.484174   3.484106     2.3222     2.7436      8.048     0.9627     2.0034 1.0715e-01    -0.0202   100.5069     6.8439     6.8460    32.1292    32.1347    24.7907    24.7961    6.50483 0.0000e+00
      19433      3.068     9.5190     9.5079   3.484297   3.483420     2.3226     2.7428      8.048     0.9627     1.2534 1.0715e-01    -0.0202   100.5069     6.8429     6.8412    32.1225    32.1235    24.7840    24.7865    6.50381 0.0000e+00
      19436      3.023     9.5182     9.4853   3.484133   3.482196     2.3230     2.7411      8.048     0.9415     1.3323 1.0715e-01    -0.0198   100.4979     6.8433     6.8374    32.1216    32.1313    24.7834    24.7963    6.50397 0.0000e+00
      19439      2.982     9.5207     9.4740   3.484284   3.480639     2.3218     2.7391      8.048     0.9732     1.3323 1.0715e-01    -0.0202   100.5069     6.8355     6.8309    32.1209    32.1254    24.7825    24.7935    6.50364 0.0000e+00
      19442      2.938     9.5238     9.4282   3.484390   3.476269     2.3218     2.7375      8.048     0.9309     1.3323 1.0715e-01    -0.0202   100.5069     6.8340     6.8311    32.1192    32.1217    24.7807    24.7979    6.50326 0.0000e+00
      19445      2.889     9.5266     9.3717   3.484501   3.472400     2.3218     2.7367      8.048     0.9203     1.2928 1.0715e-01    -0.0202   100.5069     6.8301     6.8363    32.1179    32.1328    24.7792    24.8155    6.50291 0.0000e+00
      19448      2.842     9.5301     9.3303   3.484746   3.471830     2.3226     2.7346      8.050     0.9203     1.3323 1.0715e-01    -0.0184   100.4617     6.8291     6.8355    32.1173    32.1641    24.7782    24.8465    6.50243 0.0000e+00
      19451      2.793     9.5308     9.3518   3.484513   3.474652     2.3218     2.7338      8.050     0.9203     1.2928 1.0715e-01    -0.0181   100.4527     6.8254     6.8318    32.1143    32.1738    24.7757    24.8507    6.50245 0.0000e+00
      19454      2.742     9.5266     9.3669   3.484133   3.474093     2.3214     2.7322      8.053     0.9097     1.3323 1.0715e-01    -0.0181   100.4527     6.8235     6.8267    32.1142    32.1545    24.7763    24.8332    6.50306 0.0000e+00
      19457      2.689     9.5223     9.3699   3.483890   3.474986     2.3205     2.7310      8.053     0.9097     0.3848 1.0715e-01    -0.0181   100.4527     6.8216     6.8231    32.1155    32.1610    24.7780    24.8378    6.50363 0.0000e+00
      19460      2.640     9.5198     9.4088   3.483894   3.479560     2.3193     2.7297      8.053     0.9203    -0.1679 1.0715e-01    -0.0181   100.4527     6.8205     6.8150    32.1179    32.1731    24.7802    24.8411    6.50389 0.0000e+00
      19463      2.592     9.5194     9.4583   3.483991   3.482445     2.3193     2.7297      8.053     0.9097    -0.0889 1.0715e-01    -0.0181   100.4527     6.8240     6.8089    32.1193    32.1582    24.7814    24.8216    6.50390 0.0000e+00
      19466      2.545     9.5192     9.4991   3.483961   3.484763     2.3193     2.7285      8.053     0.9309    -0.1284 1.0715e-01    -0.0181   100.4527     6.8270     6.8014    32.1192    32.1454    24.7814    24.8050    6.50393 0.0000e+00
      19469      2.501     9.5193     9.5366   3.484129   3.485840     2.3177     2.7273      8.053     0.9415    -0.0889 1.0715e-01    -0.0198   100.4979     6.8248     6.7953    32.1208    32.1228    24.7826    24.7814    6.50385 0.0000e+00
      19472      2.458     9.5212     9.5537   3.484332   3.486017     2.3181     2.7253      8.053     0.9627    -0.1284 1.0715e-01    -0.0191   100.4798     6.8322     6.7898    32.1212    32.1093    24.7826    24.7682    6.50355 0.0000e+00
      19475      2.420     9.5244     9.5583   3.484519   3.486165     2.3189     2.7253      8.053     0.9415    -0.1284 1.0715e-01    -0.0198   100.4979     6.8404     6.7928    32.1202    32.1067    24.7814    24.7654    6.50313 0.0000e+00
      19478      2.381     9.5303     9.5598   3.484751   3.486202     2.3189     2.7224      8.053     0.9415    -0.1284 1.0715e-01    -0.0198   100.4979     6.8463     6.7883    32.1173    32.1058    24.7781    24.7644    6.50239 0.0000e+00
      19481      2.346     9.5344     9.5589   3.484733   3.485997     2.3193     2.7224      8.053     0.9627    -0.1284 1.0715e-01    -0.0195   100.4888     6.8533     6.7930    32.1135    32.1045    24.7745    24.7636    6.50195 0.0000e+00
      19484      2.307     9.5331     9.5534   3.484635   3.485685     2.3201     2.7208      8.053     0.9415    -0.2469 1.0715e-01    -0.0202   100.5069     6.8609     6.7948    32.1137    32.1063    24.7749    24.7658    6.50214 0.0000e+00
      19487      2.270     9.5323     9.5473   3.484456   3.485502     2.3197     2.7192      8.053     0.9415    -0.2469 1.0715e-01    -0.0180   100.4527     6.8624     6.7969    32.1126    32.1098    24.7741    24.7696    6.50230 0.0000e+00
      19490      2.238     9.5276     9.5447   3.483941   3.485541     2.3201     2.7204      8.053     0.9521    -0.2469 1.0715e-01    -0.0116   100.2899     6.8665     6.8077    32.1115    32.1126    24.7741    24.7722    6.50302 0.0000e+00
      19530      2.185     9.4668     9.5351   3.479020   3.483714     2.3205     2.7188      8.055     0.9627     0.3058 1.0715e-01    -0.0120   100.2989     6.8682     6.8081    32.1156    32.1026    24.7869    24.7659    6.51170 0.0000e+00
      19608      2.113     9.3401     9.4899   3.469922   3.476469 -9.990e-29 -9.990e-29      8.058     0.9838     1.2928 1.0715e-01    -0.0123   100.3080 -9.990e-29 -9.990e-29    32.1361    32.0689    24.8230    24.7468    6.52931 0.0000e+00
      19615      2.064     9.3258     9.3839   3.467698   3.470282 -9.990e-29 -9.990e-29      8.058     0.9944     2.2008 1.0715e-01    -0.0105   100.2627 -9.990e-29 -9.990e-29    32.1260    32.1004    24.8175    24.7882    6.53181 0.0000e+00
