Datasets/AZMP/TEL210/tel210_2020_017.cnv
* Sea-Bird SBE 9 Data File:
* FileName = C:\CTDDATA\tel210_2020_017.hex
* Software Version Seasave V 7.26.7.110
* Temperature SN = 1697
* Conductivity SN = 4216
* Number of Bytes Per Scan = 30
* Number of Voltage Words = 4
* Number of Scans Averaged by the Deck Unit = 1
* NMEA baud rate = 4800
** VESSEL/TRIP/SEQ STN:  tel210_2020_017
** LATITUDE XX XX.XX: 47 00.00 N
** LONGITUDE XX XX.XX: 047 15.00 W
** SOUNDING DEPTH (M): 0547
** PROBE TYPE: S1146
** CTD NUMBER: 016
** COMMENTS (14 CHAR): FC-15
** BOTTLES:  11
** LEVELS: 5,10,20,30,40,50,75,100,150,250,btm
** STICKERS: 435848 - 435858
** VNET: y
** DO2: n
# nquan = 22
# nvalues = 11006                       
# units = specified
# name 0 = scan: Scan Count
# name 1 = prDM: Pressure, Digiquartz [db]
# name 2 = t090C: Temperature [ITS-90, deg C]
# name 3 = t190C: Temperature, 2 [ITS-90, deg C]
# name 4 = c0S/m: Conductivity [S/m]
# name 5 = c1S/m: Conductivity, 2 [S/m]
# name 6 = sbeox0V: Oxygen raw, SBE 43 [V]
# name 7 = sbeox1V: Oxygen raw, SBE 43, 2 [V]
# name 8 = ph: pH
# name 9 = flECO-AFL: Fluorescence, WET Labs ECO-AFL/FL [mg/m^3]
# name 10 = wetCDOM: Fluorescence, WET Labs CDOM [mg/m^3]
# name 11 = par/sat/log: PAR/Logarithmic, Satlantic [umol photons/m^2/sec]
# name 12 = CStarAt0: Beam Attenuation, WET Labs C-Star [1/m]
# name 13 = CStarTr0: Beam Transmission, WET Labs C-Star [%]
# name 14 = sbeox0ML/L: Oxygen, SBE 43 [ml/l], WS = 2
# name 15 = sbeox1ML/L: Oxygen, SBE 43, 2 [ml/l], WS = 2
# name 16 = sal00: Salinity, Practical [PSU]
# name 17 = sal11: Salinity, Practical, 2 [PSU]
# name 18 = sigma-t00: Density [sigma-t, kg/m^3 ]
# name 19 = sigma-t11: Density, 2 [sigma-t, kg/m^3 ]
# name 20 = oxsatML/L: Oxygen Saturation, Weiss [ml/l]
# name 21 = flag: flag
# span 0 =         74,      73481       
# span 1 =      0.423,    544.525       
# span 2 =    -1.1197,    10.8825       
# span 3 =    -1.1270,    10.6318       
# span 4 =   0.949744,   3.569208       
# span 5 =   1.713632,   3.568606       
# span 6 =     1.8838,     2.5406       
# span 7 =     2.3176,     3.1274       
# span 8 =      7.914,      8.222       
# span 9 =    -0.6529,     2.8575       
# span 10 =    -2.8130,   482.1870      
# span 11 = 1.0531e-01, 1.0854e+00      
# span 12 =    -0.1561,     2.7115      
# span 13 =    50.7696,   103.9795      
# span 14 =     5.7924,     9.0639      
# span 15 =     5.7803,     9.6405      
# span 16 =     7.4999,    34.7843      
# span 17 =    14.3088,    34.7832      
# span 18 =     5.4577,    27.6810      
# span 19 =    10.7700,    27.6804      
# span 20 =    6.35084,    8.40332      
# span 21 = 0.0000e+00, 0.0000e+00      
# interval = scans: 3                   
# start_time = Jul 17 2020 01:12:16 [System UTC, header]
# bad_flag = -9.990e-29
*END*
[from data line 8033]
      28453    267.291     3.1636     3.1592   3.161247   3.160306     1.9405     2.3468      7.954    -0.6121     6.0698 1.0715e-01    -0.1169   102.9667     6.4702     6.7593    34.6154    34.6086    27.5629    27.5579    7.43482 0.0000e+00
      28456    267.145     3.1365     3.1147   3.158016   3.156014     1.9401     2.3468      7.955    -0.6223     6.0698 1.0715e-01    -0.1169   102.9667     6.4705     6.7656    34.6052    34.6042    27.5573    27.5586    7.44036 0.0000e+00
      28459    266.997     3.1077     3.0963   3.155603   3.154951     1.9393     2.3456      7.955    -0.6019     6.0698 1.0727e-01    -0.1173   102.9757     6.4666     6.7645    34.6068    34.6111    27.5613    27.5657    7.44565 0.0000e+00
      28462    266.847     3.0944     3.0943   3.154515   3.154743     1.9393     2.3444      7.954    -0.6121     6.0698 1.0715e-01    -0.1173   102.9757     6.4677     6.7617    34.6079    34.6108    27.5634    27.5657    7.44807 0.0000e+00
      28465    266.710     3.0895     3.0885   3.154188   3.154009     1.9389     2.3444      7.957    -0.6121     6.0698 1.0715e-01    -0.1173   102.9757     6.4631     6.7630    34.6092    34.6082    27.5649    27.5641    7.44891 0.0000e+00
      28468    266.581     3.0873     3.0872   3.153962   3.154144     1.9377     2.3440      7.953    -0.6121     6.0698 1.0715e-01    -0.1176   102.9847     6.4544     6.7595    34.6089    34.6112    27.5648    27.5667    7.44933 0.0000e+00
      28471    266.461     3.0869     3.0935   3.153982   3.154767     1.9385     2.3444      7.953    -0.5816     3.3457 1.0715e-01    -0.1173   102.9757     6.4559     6.7572    34.6096    34.6121    27.5655    27.5668    7.44938 0.0000e+00
      28474    266.350     3.0857     3.0972   3.153829   3.154854     1.9373     2.3432      7.953    -0.5816    -1.7865 1.0715e-01    -0.1173   102.9757     6.4515     6.7516    34.6091    34.6093    27.5652    27.5642    7.44962 0.0000e+00
      28477    266.246     3.0855     3.0875   3.153802   3.153808     1.9373     2.3423      7.953    -0.5714    -1.5102 1.0715e-01    -0.1155   102.9305     6.4526     6.7517    34.6090    34.6071    27.5651    27.5633    7.44966 0.0000e+00
      28480    266.149     3.0857     3.0860   3.153828   3.153905     1.9364     2.3415      7.956    -0.5918    -1.5891 1.0715e-01    -0.1131   102.8672     6.4496     6.7511    34.6092    34.6098    27.5653    27.5657    7.44962 0.0000e+00
      28483    266.061     3.0855     3.0871   3.153802   3.153809     1.9360     2.3419      7.953    -0.5816    -1.5891 1.0715e-01    -0.1131   102.8672     6.4488     6.7549    34.6091    34.6075    27.5652    27.5637    7.44965 0.0000e+00
      28486    265.983     3.0867     3.0843   3.153907   3.153545     1.9356     2.3415      7.954    -0.5918    -1.5497 1.0715e-01    -0.1131   102.8672     6.4464     6.7555    34.6092    34.6073    27.5651    27.5639    7.44943 0.0000e+00
      28489    265.908     3.0882     3.0821   3.154079   3.153459     1.9348     2.3399      7.953    -0.5816    -1.5102 1.0715e-01    -0.1131   102.8672     6.4432     6.7504    34.6097    34.6087    27.5654    27.5651    7.44913 0.0000e+00
      28492    265.840     3.0926     3.0839   3.154616   3.153638     1.9348     2.3395      7.952    -0.5816    -1.5891 1.0715e-01    -0.1131   102.8672     6.4429     6.7510    34.6116    34.6091    27.5664    27.5653    7.44821 0.0000e+00
      28495    265.777     3.0966     3.0869   3.154974   3.154203     1.9348     2.3395      7.952    -0.5918    -1.5891 1.0715e-01    -0.1127   102.8581     6.4424     6.7525    34.6117    34.6127    27.5662    27.5679    7.44746 0.0000e+00
      28498    265.724     3.1046     3.1032   3.155770   3.155918     1.9348     2.3395      7.952    -0.6121     6.1882 1.0715e-01    -0.1113   102.8219     6.4434     6.7527    34.6129    34.6161    27.5664    27.5691    7.44592 0.0000e+00
      28501    265.677     3.0982     3.1182   3.155139   3.157157     1.9336     2.3395      7.952    -0.6223    10.9257 1.0715e-01    -0.1113   102.8219     6.4388     6.7529    34.6120    34.6152    27.5664    27.5670    7.44715 0.0000e+00
      28504    265.638     3.0894     3.1209   3.154730   3.157318     1.9336     2.3387      7.953    -0.6223    10.6888 1.0715e-01    -0.1113   102.8219     6.4420     6.7500    34.6165    34.6142    27.5707    27.5660    7.44857 0.0000e+00
      28507    265.606     3.0946     3.1191   3.155561   3.157181     1.9336     2.3383      7.951    -0.6019    10.6888 1.0715e-01    -0.1110   102.8129     6.4420     6.7501    34.6211    34.6145    27.5739    27.5663    7.44737 0.0000e+00
      28510    265.579     3.1043     3.1124   3.155987   3.156430     1.9324     2.3383      7.948    -0.6223    10.7678 1.0715e-01    -0.1110   102.8129     6.4353     6.7554    34.6159    34.6126    27.5688    27.5655    7.44582 0.0000e+00
      28513    265.552     3.1094     3.1070   3.155612   3.155899     1.9320     2.3374      7.948    -0.6121    10.7283 1.0715e-01    -0.1110   102.8129     6.4347     6.7575    34.6058    34.6120    27.5603    27.5655    7.44537 0.0000e+00
      28516    265.527     3.1010     3.1120   3.154616   3.156500     1.9320     2.3383      7.948    -0.6121    10.6888 1.0715e-01    -0.1110   102.8129     6.4381     6.7597    34.6028    34.6139    27.5587    27.5665    7.44709 0.0000e+00
      28519    265.504     3.0912     3.1091   3.154068   3.156210     1.9320     2.3370      7.948    -0.6121    10.7678 1.0715e-01    -0.1110   102.8129     6.4393     6.7554    34.6066    34.6135    27.5626    27.5665    7.44872 0.0000e+00
      28522    265.478     3.0855     3.1156   3.153717   3.157064     1.9315     2.3370      7.948    -0.6019    16.0185 1.0715e-01    -0.1110   102.8129     6.4410     6.7541    34.6084    34.6170    27.5647    27.5686    7.44970 0.0000e+00
      28525    265.450     3.0847     3.1206   3.153660   3.157457     1.9307     2.3370      7.948    -0.5816   425.9294 1.0715e-01    -0.1110   102.8129     6.4399     6.7529    34.6087    34.6163    27.5649    27.5677    7.44984 0.0000e+00
      28528    265.419     3.0845     3.1161   3.153671   3.156872     1.9307     2.3362      7.948    -0.5816   481.2395 1.0715e-01    -0.1110   102.8129     6.4418     6.7529    34.6090    34.6141    27.5652    27.5663    7.44985 0.0000e+00
      28531    265.382     3.0849     3.1098   3.153702   3.156294     1.9307     2.3362      7.948    -0.5918   481.0421 1.0715e-01    -0.1110   102.8129     6.4437     6.7558    34.6090    34.6139    27.5652    27.5667    7.44978 0.0000e+00
      28534    265.338     3.0867     3.1086   3.153964   3.156091     1.9299     2.3370      7.948    -0.5918   481.2790 1.0715e-01    -0.1110   102.8129     6.4407     6.7591    34.6103    34.6126    27.5660    27.5658    7.44938 0.0000e+00
      28537    265.285     3.0932     3.1030   3.154320   3.155533     1.9311     2.3370      7.946    -0.5918   481.2395 1.0727e-01    -0.1106   102.8039     6.4459     6.7607    34.6077    34.6119    27.5633    27.5658    7.44830 0.0000e+00
      28540    265.225     3.0906     3.1029   3.153979   3.155369     1.9299     2.3358      7.948    -0.5816   481.3184 1.0715e-01    -0.1099   102.7858     6.4423     6.7555    34.6063    34.6101    27.5625    27.5643    7.44885 0.0000e+00
      28543    265.156     3.0875     3.0937   3.153776   3.154480     1.9295     2.3358      7.945    -0.5816   481.2395 1.0715e-01    -0.1103   102.7948     6.4428     6.7573    34.6072    34.6091    27.5634    27.5644    7.44938 0.0000e+00
      28546    265.080     3.0856     3.0991   3.153686   3.155207     1.9295     2.3350      7.943    -0.5918   481.2395 1.0715e-01    -0.1099   102.7858     6.4442     6.7540    34.6082    34.6122    27.5645    27.5664    7.44969 0.0000e+00
      28549    264.994     3.0850     3.1001   3.153684   3.155157     1.9291     2.3350      7.945    -0.5816   397.4255 1.0715e-01    -0.1103   102.7948     6.4413     6.7543    34.6089    34.6106    27.5651    27.5650    7.44977 0.0000e+00
      28552    264.900     3.0851     3.1009   3.153693   3.155185     1.9295     2.3354      7.943    -0.5714    10.7678 1.0715e-01    -0.1099   102.7858     6.4426     6.7558    34.6089    34.6101    27.5650    27.5645    7.44974 0.0000e+00
      28555    264.798     3.0857     3.0955   3.153746   3.154607     1.9287     2.3354      7.945    -0.5918    14.5578 1.0715e-01    -0.1099   102.7858     6.4393     6.7562    34.6089    34.6089    27.5650    27.5641    7.44963 0.0000e+00
      28558    264.685     3.0861     3.0901   3.153763   3.154029     1.9283     2.3346      7.943    -0.5816    14.3604 1.0715e-01    -0.1089   102.7587     6.4359     6.7538    34.6088    34.6077    27.5649    27.5636    7.44957 0.0000e+00
      28561    264.562     3.0881     3.0865   3.154114   3.153776     1.9287     2.3346      7.943    -0.5816    14.3604 1.0715e-01    -0.1074   102.7225     6.4406     6.7564    34.6110    34.6086    27.5664    27.5647    7.44908 0.0000e+00
      28564    264.430     3.0945     3.0891   3.154824   3.154179     1.9283     2.3338      7.943    -0.5918    14.3604 1.0715e-01    -0.1078   102.7315     6.4411     6.7531    34.6129    34.6108    27.5674    27.5661    7.44780 0.0000e+00
      28567    264.285     3.1001     3.0969   3.155384   3.155012     1.9287     2.3342      7.943    -0.5918    14.3604 1.0715e-01    -0.1074   102.7225     6.4414     6.7515    34.6137    34.6127    27.5675    27.5670    7.44671 0.0000e+00
      28570    264.135     3.1056     3.1034   3.156053   3.155547     1.9275     2.3346      7.943    -0.5816    14.3604 1.0715e-01    -0.1071   102.7134     6.4350     6.7510    34.6160    34.6123    27.5689    27.5661    7.44557 0.0000e+00
      28573    263.984     3.1076     3.1026   3.155895   3.155458     1.9275     2.3338      7.943    -0.5816    14.3604 1.0715e-01    -0.1071   102.7134     6.4344     6.7451    34.6121    34.6122    27.5655    27.5660    7.44539 0.0000e+00
      28576    263.831     3.1072     3.1047   3.155870   3.155745     1.9275     2.3342      7.941    -0.5714   219.3356 1.0727e-01    -0.1074   102.7225     6.4343     6.7452    34.6123    34.6135    27.5657    27.5669    7.44546 0.0000e+00
      28579    263.672     3.1079     3.1056   3.155785   3.155651     1.9271     2.3334      7.943    -0.5918   482.1870 1.0715e-01    -0.1067   102.7044     6.4329     6.7439    34.6106    34.6114    27.5643    27.5652    7.44541 0.0000e+00
      28582    263.514     3.0946     3.0937   3.154226   3.154108     1.9271     2.3334      7.943    -0.5816   481.0816 1.0715e-01    -0.1067   102.7044     6.4343     6.7467    34.6060    34.6055    27.5618    27.5615    7.44812 0.0000e+00
      28585    263.358     3.0870     3.0840   3.153691   3.153448     1.9283     2.3334      7.943    -0.5714   481.2790 1.0715e-01    -0.1071   102.7134     6.4393     6.7459    34.6077    34.6080    27.5639    27.5644    7.44945 0.0000e+00
      28588    263.204     3.0851     3.0816   3.153570   3.153234     1.9271     2.3322      7.943    -0.5816   481.2395 1.0715e-01    -0.1067   102.7044     6.4333     6.7388    34.6083    34.6080    27.5646    27.5647    7.44977 0.0000e+00
      28591    263.050     3.0843     3.0804   3.153462   3.153090     1.9266     2.3322      7.943    -0.5918   481.3184 1.0715e-01    -0.1067   102.7044     6.4329     6.7356    34.6080    34.6076    27.5644    27.5645    7.44995 0.0000e+00
      28594    262.901     3.0839     3.0797   3.153438   3.153012     1.9266     2.3322      7.943    -0.5918   481.2395 1.0715e-01    -0.1067   102.7044     6.4346     6.7347    34.6082    34.6075    27.5646    27.5644    7.45001 0.0000e+00
      28597    262.762     3.0839     3.0796   3.153404   3.152993     1.9262     2.3313      7.943    -0.5816   481.2395 1.0715e-01    -0.1067   102.7044     6.4338     6.7334    34.6078    34.6074    27.5643    27.5644    7.45002 0.0000e+00
      28600    262.631     3.0839     3.0797   3.153421   3.152970     1.9262     2.3322      7.943    -0.5918   481.2395 1.0715e-01    -0.1078   102.7315     6.4334     6.7365    34.6082    34.6072    27.5645    27.5641    7.45001 0.0000e+00
      28603    262.501     3.0838     3.0798   3.153406   3.152994     1.9262     2.3322      7.943    -0.6223   139.0747 1.0715e-01    -0.1078   102.7315     6.4334     6.7391    34.6081    34.6074    27.5645    27.5644    7.45003 0.0000e+00
      28606    262.379     3.0842     3.0798   3.153415   3.152970     1.9258     2.3313      7.943    -0.6223     0.1084 1.0715e-01    -0.1082   102.7406     6.4293     6.7386    34.6079    34.6071    27.5643    27.5641    7.44997 0.0000e+00
      28609    262.265     3.0841     3.0798   3.153420   3.152968     1.9250     2.3301      7.943    -0.6223     4.8064 1.0715e-01    -0.1082   102.7406     6.4259     6.7337    34.6081    34.6072    27.5645    27.5642    7.44997 0.0000e+00
      28612    262.155     3.0844     3.0800   3.153412   3.152992     1.9250     2.3301      7.943    -0.6121     4.5301 1.0715e-01    -0.1078   102.7315     6.4260     6.7344    34.6077    34.6073    27.5642    27.5642    7.44993 0.0000e+00
      28615    262.049     3.0846     3.0801   3.153440   3.152984     1.9262     2.3297      7.943    -0.6223     4.5301 1.0715e-01    -0.1078   102.7315     6.4326     6.7345    34.6080    34.6072    27.5643    27.5641    7.44989 0.0000e+00
      28618    261.948     3.0851     3.0804   3.153494   3.153012     1.9254     2.3297      7.943    -0.6121     4.5301 1.0715e-01    -0.1074   102.7225     6.4284     6.7365    34.6081    34.6072    27.5644    27.5642    7.44979 0.0000e+00
      28621    261.853     3.0855     3.0807   3.153507   3.153011     1.9258     2.3305      7.943    -0.6223     4.5301 1.0715e-01    -0.1057   102.6773     6.4298     6.7398    34.6079    34.6070    27.5642    27.5639    7.44972 0.0000e+00
      28624    261.766     3.0855     3.0818   3.153528   3.153147     1.9250     2.3297      7.943    -0.6121     4.5301 1.0715e-01    -0.1057   102.6773     6.4277     6.7363    34.6081    34.6075    27.5644    27.5643    7.44970 0.0000e+00
      28627    261.680     3.0857     3.0826   3.153524   3.153180     1.9250     2.3305      7.943    -0.5918     4.3327 1.0715e-01    -0.1057   102.6773     6.4324     6.7423    34.6080    34.6071    27.5643    27.5638    7.44968 0.0000e+00
      28630    261.600     3.0876     3.0835   3.153724   3.153302     1.9246     2.3297      7.943    -0.5918     1.0165 1.0715e-01    -0.1057   102.6773     6.4331     6.7439    34.6085    34.6077    27.5645    27.5642    7.44931 0.0000e+00
      28633    261.522     3.0911     3.0855   3.154027   3.153474     1.9238     2.3285      7.943    -0.5816     0.8191 1.0715e-01    -0.1057   102.6773     6.4296     6.7400    34.6084    34.6077    27.5641    27.5640    7.44866 0.0000e+00
      28636    261.445     3.0915     3.0869   3.154055   3.153593     1.9238     2.3293      7.943    -0.5918     0.8586 1.0715e-01    -0.1060   102.6863     6.4311     6.7430    34.6084    34.6076    27.5641    27.5639    7.44859 0.0000e+00
      28639    261.375     3.0952     3.0875   3.154452   3.153613     1.9242     2.3297      7.943    -0.5714     0.8586 1.0715e-01    -0.1060   102.6863     6.4339     6.7444    34.6093    34.6073    27.5644    27.5635    7.44785 0.0000e+00
      28642    261.301     3.0964     3.0875   3.154539   3.153589     1.9238     2.3293      7.943    -0.5714     0.8586 1.0715e-01    -0.1067   102.7044     6.4334     6.7421    34.6091    34.6070    27.5641    27.5633    7.44763 0.0000e+00
      28645    261.229     3.0969     3.0874   3.154535   3.153616     1.9238     2.3285      7.943    -0.5918     0.8586 1.0715e-01    -0.1067   102.7044     6.4380     6.7390    34.6086    34.6075    27.5637    27.5637    7.44757 0.0000e+00
