Datasets/AZMP/TEL210/tel210_2020_106.cnv
* Sea-Bird SBE 9 Data File:
* FileName = C:\CTDDATA\tel210_2020_106.hex
* Software Version Seasave V 7.26.7.110
* Temperature SN = 1697
* Conductivity SN = 4216
* Number of Bytes Per Scan = 30
* Number of Voltage Words = 4
* Number of Scans Averaged by the Deck Unit = 1
* NMEA baud rate = 4800
** VESSEL/TRIP/SEQ STN:  tel210_2020_106
** LATITUDE XX XX.XX: 55 34.60 N
** LONGITUDE XX XX.XX: 057 40.50 W
** SOUNDING DEPTH (M): 0154
** PROBE TYPE: S1146
** CTD NUMBER: 072
** COMMENTS (14 CHAR): MB-06
** BOTTLES:  9
** LEVELS: 5,10,20,30,40,50,75,100,BTM
** STICKERS: 436291 - 436299
** VNET: Y
** DO2: N
# nquan = 22
# nvalues = 3858                        
# units = specified
# name 0 = scan: Scan Count
# name 1 = prDM: Pressure, Digiquartz [db]
# name 2 = t090C: Temperature [ITS-90, deg C]
# name 3 = t190C: Temperature, 2 [ITS-90, deg C]
# name 4 = c0S/m: Conductivity [S/m]
# name 5 = c1S/m: Conductivity, 2 [S/m]
# name 6 = sbeox0V: Oxygen raw, SBE 43 [V]
# name 7 = sbeox1V: Oxygen raw, SBE 43, 2 [V]
# name 8 = ph: pH
# name 9 = flECO-AFL: Fluorescence, WET Labs ECO-AFL/FL [mg/m^3]
# name 10 = wetCDOM: Fluorescence, WET Labs CDOM [mg/m^3]
# name 11 = par/sat/log: PAR/Logarithmic, Satlantic [umol photons/m^2/sec]
# name 12 = CStarAt0: Beam Attenuation, WET Labs C-Star [1/m]
# name 13 = CStarTr0: Beam Transmission, WET Labs C-Star [%]
# name 14 = sbeox0ML/L: Oxygen, SBE 43 [ml/l], WS = 2
# name 15 = sbeox1ML/L: Oxygen, SBE 43, 2 [ml/l], WS = 2
# name 16 = sal00: Salinity, Practical [PSU]
# name 17 = sal11: Salinity, Practical, 2 [PSU]
# name 18 = sigma-t00: Density [sigma-t, kg/m^3 ]
# name 19 = sigma-t11: Density, 2 [sigma-t, kg/m^3 ]
# name 20 = oxsatML/L: Oxygen Saturation, Weiss [ml/l]
# name 21 = flag: flag
# span 0 =          2,      33606       
# span 1 =      1.114,    152.892       
# span 2 =    -1.2720,     6.8510       
# span 3 =    -1.2772,     6.8473       
# span 4 =   2.602137,   3.167282       
# span 5 =   2.601865,   3.166549       
# span 6 =     1.9688,     2.4277       
# span 7 =     2.3737,     2.9569       
# span 8 =      7.995,      8.260       
# span 9 =     0.6664,     1.2696       
# span 10 =    -2.8130,   482.1870      
# span 11 = 1.0715e-01, 2.9074e+02      
# span 12 =    -0.1320,     0.0819      
# span 13 =    97.9748,   103.3555      
# span 14 =     7.3710,     8.8660      
# span 15 =     7.3562,     9.3905      
# span 16 =    31.1747,    33.0832      
# span 17 =    31.1722,    33.0838      
# span 18 =    24.4261,    26.5874      
# span 19 =    24.4247,    26.5881      
# span 20 =    6.95548,    8.47614      
# span 21 = 0.0000e+00, 0.0000e+00      
# interval = scans: 3                   
# start_time = Jul 27 2020 12:44:28 [System UTC, header]
# bad_flag = -9.990e-29
*END*
[from data line 527]
       1955     49.116    -1.2483    -1.2532   2.606488   2.606061     2.0854     2.5136      8.046     0.7405   481.0026 5.9820e+00    -0.1187   103.0118     8.0148     8.2883    32.3561    32.3556    26.0181    26.0179    8.47246 0.0000e+00
       1958     49.209    -1.2484    -1.2535   2.606526   2.606072     2.0854     2.5140      8.046     0.7510   481.0026 5.9475e+00    -0.1194   103.0299     8.0173     8.2916    32.3567    32.3560    26.0186    26.0182    8.47245 0.0000e+00
       1961     49.302    -1.2486    -1.2540   2.606528   2.606105     2.0842     2.5124      8.046     0.7616   481.0026 5.9269e+00    -0.1190   103.0209     8.0107     8.2855    32.3569    32.3569    26.0187    26.0190    8.47248 0.0000e+00
       1964     49.402    -1.2495    -1.2548   2.606528   2.606105     2.0842     2.5132      8.046     0.7405   481.0026 5.8927e+00    -0.1194   103.0299     8.0084     8.2890    32.3578    32.3577    26.0195    26.0197    8.47264 0.0000e+00
       1967     49.502    -1.2507    -1.2558   2.606500   2.606066     2.0838     2.5128      8.046     0.7616   481.0026 5.8452e+00    -0.1194   103.0299     8.0035     8.2861    32.3587    32.3582    26.0203    26.0201    8.47287 0.0000e+00
       1970     49.607    -1.2518    -1.2565   2.606511   2.606041     2.0830     2.5128      8.046     0.7616   481.0026 5.8183e+00    -0.1194   103.0299     7.9953     8.2846    32.3599    32.3586    26.0213    26.0204    8.47305 0.0000e+00
       1973     49.711    -1.2528    -1.2576   2.606470   2.606029     2.0834     2.5116      8.046     0.7616   481.0026 5.7847e+00    -0.1190   103.0209     7.9976     8.2803    32.3604    32.3596    26.0218    26.0212    8.47326 0.0000e+00
       1976     49.816    -1.2540    -1.2587   2.606441   2.605988     2.0834     2.5116      8.046     0.7405   481.0026 5.7381e+00    -0.1190   103.0209     7.9986     8.2788    32.3612    32.3602    26.0224    26.0217    8.47348 0.0000e+00
       1979     49.925    -1.2559    -1.2607   2.606426   2.605977     2.0834     2.5116      8.046     0.7299   481.0026 5.7116e+00    -0.1194   103.0299     7.9999     8.2756    32.3630    32.3620    26.0239    26.0233    8.47381 0.0000e+00
       1982     50.033    -1.2575    -1.2624   2.606419   2.605971     2.0830     2.5116      8.046     0.7299   312.9009 5.6721e+00    -0.1194   103.0299     7.9956     8.2757    32.3646    32.3638    26.0253    26.0248    8.47410 0.0000e+00
       1985     50.143    -1.2596    -1.2642   2.606340   2.605900     2.0818     2.5103      8.046     0.7299    -2.8130 5.6329e+00    -0.1194   103.0299     7.9886     8.2716    32.3658    32.3647    26.0263    26.0255    8.47452 0.0000e+00
       1988     50.255    -1.2612    -1.2664   2.606302   2.605844     2.0818     2.5103      8.044     0.7299     0.5427 5.6004e+00    -0.1194   103.0299     7.9878     8.2695    32.3669    32.3663    26.0272    26.0269    8.47482 0.0000e+00
       1991     50.370    -1.2632    -1.2684   2.606347   2.605869     2.0814     2.5091      8.046     0.7299     1.1349 5.5553e+00    -0.1194   103.0299     7.9848     8.2664    32.3695    32.3687    26.0294    26.0289    8.47512 0.0000e+00
       1994     50.481    -1.2644    -1.2698   2.606396   2.605935     2.0809     2.5091      8.044     0.7299     1.0954 5.5297e+00    -0.1190   103.0209     7.9816     8.2687    32.3715    32.3710    26.0311    26.0308    8.47530 0.0000e+00
       1997     50.593    -1.2647    -1.2700   2.606525   2.606081     2.0809     2.5087      8.044     0.7299     1.0954 5.4914e+00    -0.1187   103.0118     7.9810     8.2683    32.3735    32.3731    26.0327    26.0325    8.47525 0.0000e+00
       2000     50.706    -1.2627    -1.2681   2.606727   2.606279     2.0805     2.5079      8.041     0.7299     1.0954 5.4598e+00    -0.1183   103.0028     7.9777     8.2630    32.3740    32.3738    26.0330    26.0330    8.47474 0.0000e+00
       2003     50.817    -1.2618    -1.2670   2.606839   2.606400     2.0805     2.5079      8.041     0.7616     1.0954 5.4221e+00    -0.1187   103.0118     7.9821     8.2635    32.3745    32.3741    26.0334    26.0333    8.47451 0.0000e+00
       2006     50.929    -1.2612    -1.2663   2.606974   2.606479     2.0785     2.5079      8.041     0.7510     1.0954 5.3970e+00    -0.1187   103.0118     7.9773     8.2662    32.3756    32.3744    26.0343    26.0334    8.47430 0.0000e+00
       2009     51.041    -1.2614    -1.2665   2.606994   2.606532     2.0789     2.5079      8.041     0.7722     0.3058 5.3597e+00    -0.1187   103.0118     7.9826     8.2673    32.3760    32.3753    26.0346    26.0342    8.47432 0.0000e+00
       2012     51.148    -1.2618    -1.2666   2.606988   2.606543     2.0793     2.5067      8.041     0.7722    -0.1284 5.3289e+00    -0.1187   103.0118     7.9876     8.2620    32.3763    32.3755    26.0349    26.0344    8.47440 0.0000e+00
       2015     51.257    -1.2618    -1.2669   2.606999   2.606550     2.0785     2.5071      8.041     0.7722    -0.0889 5.2920e+00    -0.1183   103.0028     7.9834     8.2669    32.3765    32.3759    26.0350    26.0347    8.47441 0.0000e+00
       2018     51.363    -1.2620    -1.2671   2.607010   2.606572     2.0785     2.5067      8.041     0.7510    -0.0889 5.2615e+00    -0.1183   103.0028     7.9826     8.2666    32.3767    32.3762    26.0352    26.0350    8.47442 0.0000e+00
       2021     51.468    -1.2623    -1.2671   2.607020   2.606584     2.0781     2.5058      8.041     0.7616    -0.0889 5.2312e+00    -0.1183   103.0028     7.9815     8.2653    32.3771    32.3763    26.0355    26.0351    8.47447 0.0000e+00
       2024     51.572    -1.2623    -1.2672   2.607014   2.606584     2.0777     2.5054      8.041     0.7616    -0.0889 5.1890e+00    -0.1183   103.0028     7.9797     8.2616    32.3770    32.3764    26.0354    26.0351    8.47448 0.0000e+00
       2027     51.672    -1.2622    -1.2674   2.607039   2.606601     2.0781     2.5054      8.041     0.7616    -0.0889 5.1651e+00    -0.1183   103.0028     7.9811     8.2604    32.3772    32.3768    26.0356    26.0354    8.47445 0.0000e+00
       2030     51.768    -1.2625    -1.2670   2.607051   2.606645     2.0781     2.5050      8.041     0.7616    -0.0889 5.1531e+00    -0.1183   103.0028     7.9818     8.2598    32.3776    32.3770    26.0359    26.0355    8.47449 0.0000e+00
       2033     51.866    -1.2628    -1.2671   2.607047   2.606627     2.0773     2.5042      8.041     0.7616    -0.0889 5.1116e+00    -0.1183   103.0028     7.9734     8.2596    32.3778    32.3767    26.0361    26.0354    8.47455 0.0000e+00
       2036     51.962    -1.2628    -1.2671   2.607080   2.606655     2.0773     2.5038      8.041     0.7616     0.6217 5.0939e+00    -0.1190   103.0209     7.9736     8.2587    32.3782    32.3770    26.0365    26.0356    8.47453 0.0000e+00
       2039     52.055    -1.2624    -1.2673   2.607134   2.606682     2.0761     2.5050      8.041     0.7510     0.7401 5.0645e+00    -0.1198   103.0390     7.9713     8.2636    32.3784    32.3776    26.0366    26.0361    8.47442 0.0000e+00
       2042     52.149    -1.2620    -1.2672   2.607140   2.606698     2.0761     2.5042      8.041     0.7405     0.7401 5.0353e+00    -0.1194   103.0299     7.9730     8.2609    32.3780    32.3776    26.0362    26.0361    8.47435 0.0000e+00
       2045     52.240    -1.2627    -1.2676   2.607109   2.606669     2.0761     2.5038      8.041     0.7616     0.7401 5.0063e+00    -0.1194   103.0299     7.9751     8.2629    32.3783    32.3776    26.0365    26.0361    8.47449 0.0000e+00
       2048     52.330    -1.2629    -1.2680   2.607138   2.606683     2.0748     2.5026      8.041     0.7510     0.7401 4.9947e+00    -0.1194   103.0299     7.9674     8.2587    32.3788    32.3781    26.0370    26.0366    8.47451 0.0000e+00
       2051     52.418    -1.2631    -1.2684   2.607148   2.606700     2.0748     2.5030      8.041     0.7616     0.7401 4.9603e+00    -0.1194   103.0299     7.9671     8.2630    32.3792    32.3787    26.0373    26.0370    8.47455 0.0000e+00
       2054     52.506    -1.2636    -1.2691   2.607134   2.606696     2.0753     2.5030      8.041     0.7616     0.7401 4.9431e+00    -0.1194   103.0299     7.9685     8.2636    32.3795    32.3794    26.0375    26.0376    8.47464 0.0000e+00
       2057     52.593    -1.2649    -1.2699   2.607100   2.606660     2.0744     2.5030      8.041     0.7616     0.7401 4.9088e+00    -0.1176   102.9847     7.9665     8.2633    32.3803    32.3798    26.0382    26.0379    8.47488 0.0000e+00
       2060     52.684    -1.2650    -1.2700   2.607137   2.606740     2.0748     2.5018      8.041     0.7616     0.5822 4.8693e+00    -0.1176   102.9847     7.9710     8.2578    32.3810    32.3809    26.0387    26.0389    8.47488 0.0000e+00
       2063     52.771    -1.2647    -1.2685   2.607193   2.606919     2.0757     2.5018      8.041     0.7510     0.0295 4.8469e+00    -0.1180   102.9938     7.9816     8.2588    32.3813    32.3816    26.0391    26.0394    8.47479 0.0000e+00
       2066     52.859    -1.2627    -1.2670   2.607488   2.607128     2.0744     2.5010      8.041     0.7510     0.0295 4.8245e+00    -0.1180   102.9938     7.9766     8.2573    32.3832    32.3828    26.0404    26.0403    8.47422 0.0000e+00
       2069     52.948    -1.2608    -1.2663   2.607637   2.607010     2.0744     2.5018      8.041     0.7510     0.0295 4.7912e+00    -0.1176   102.9847     7.9762     8.2594    32.3831    32.3804    26.0403    26.0383    8.47379 0.0000e+00
       2072     53.033    -1.2602    -1.2654   2.607695   2.607300     2.0736     2.5018      8.039     0.7722     0.0295 4.7746e+00    -0.1176   102.9847     7.9718     8.2586    32.3831    32.3834    26.0404    26.0407    8.47364 0.0000e+00
       2075     53.120    -1.2602    -1.2647   2.607689   2.607329     2.0728     2.5014      8.041     0.7510     0.0295 4.7580e+00    -0.1180   102.9938     7.9648     8.2565    32.3829    32.3829    26.0402    26.0403    8.47364 0.0000e+00
       2078     53.204    -1.2597    -1.2648   2.607800   2.607354     2.0724     2.5006      8.041     0.7722     0.0295 4.7361e+00    -0.1212   103.0752     7.9599     8.2543    32.3840    32.3833    26.0410    26.0407    8.47348 0.0000e+00
       2081     53.289    -1.2584    -1.2641   2.607952   2.607431     2.0732     2.5006      8.039     0.7510     0.0295 4.6925e+00    -0.1212   103.0752     7.9607     8.2553    32.3845    32.3836    26.0414    26.0409    8.47313 0.0000e+00
       2084     53.373    -1.2583    -1.2640   2.607940   2.607401     2.0724     2.5006      8.041     0.7616     0.0295 4.6654e+00    -0.1212   103.0752     7.9535     8.2548    32.3842    32.3830    26.0412    26.0404    8.47314 0.0000e+00
       2087     53.456    -1.2584    -1.2641   2.607919   2.607448     2.0740     2.5006      8.041     0.7510    -0.7996 4.6331e+00    -0.1212   103.0752     7.9645     8.2553    32.3840    32.3837    26.0410    26.0409    8.47317 0.0000e+00
       2090     53.538    -1.2584    -1.2636   2.607955   2.607481     2.0728     2.4993      8.041     0.7616    -1.7471 4.6011e+00    -0.1215   103.0842     7.9621     8.2492    32.3844    32.3836    26.0413    26.0408    8.47314 0.0000e+00
       2093     53.620    -1.2574    -1.2628   2.608117   2.607639     2.0720     2.4989      8.041     0.7616    -1.7076 4.5746e+00    -0.1208   103.0661     7.9600     8.2491    32.3855    32.3849    26.0422    26.0419    8.47284 0.0000e+00
       2096     53.700    -1.2560    -1.2615   2.608294   2.607820     2.0720     2.4993      8.041     0.7510    -1.7076 4.5482e+00    -0.1212   103.0752     7.9586     8.2529    32.3864    32.3859    26.0429    26.0426    8.47248 0.0000e+00
       2099     53.781    -1.2544    -1.2597   2.608554   2.608075     2.0716     2.4993      8.041     0.7510    -1.7471 4.5168e+00    -0.1215   103.0842     7.9547     8.2565    32.3881    32.3874    26.0442    26.0438    8.47200 0.0000e+00
       2102     53.858    -1.2515    -1.2568   2.608836   2.608374     2.0708     2.4993      8.041     0.7616    -1.7076 4.4959e+00    -0.1215   103.0842     7.9472     8.2549    32.3887    32.3882    26.0447    26.0444    8.47128 0.0000e+00
       2105     53.938    -1.2502    -1.2557   2.608930   2.608491     2.0708     2.4985      8.039     0.7616    -1.7471 4.4804e+00    -0.1215   103.0842     7.9459     8.2501    32.3886    32.3885    26.0445    26.0447    8.47100 0.0000e+00
       2108     54.016    -1.2499    -1.2548   2.608983   2.608550     2.0704     2.4985      8.041     0.7722    -1.7076 4.4546e+00    -0.1215   103.0842     7.9434     8.2529    32.3889    32.3883    26.0448    26.0444    8.47091 0.0000e+00
       2111     54.092    -1.2497    -1.2545   2.609009   2.608595     2.0712     2.4985      8.041     0.7510    -1.6681 4.4289e+00    -0.1215   103.0842     7.9491     8.2573    32.3891    32.3886    26.0449    26.0446    8.47087 0.0000e+00
       2114     54.169    -1.2494    -1.2543   2.609057   2.608628     2.0704     2.4985      8.041     0.7616   364.5395 4.4186e+00    -0.1215   103.0842     7.9510     8.2610    32.3893    32.3888    26.0451    26.0448    8.47077 0.0000e+00
       2117     54.243    -1.2492    -1.2543   2.609107   2.608644     2.0704     2.4985      8.039     0.7616   481.9896 4.4034e+00    -0.1088   102.7587     7.9532     8.2564    32.3897    32.3890    26.0454    26.0450    8.47069 0.0000e+00
       2120     54.320    -1.2491    -1.2539   2.609117   2.608665     2.0692     2.4985      8.041     0.7616   480.7658 4.3881e+00    -0.1025   102.5959     7.9499     8.2547    32.3897    32.3888    26.0454    26.0448    8.47068 0.0000e+00
       2123     54.396    -1.2494    -1.2541   2.609108   2.608674     2.0696     2.4981      8.041     0.7616   481.0421 4.3679e+00    -0.1025   102.5959     7.9559     8.2511    32.3899    32.3890    26.0455    26.0450    8.47074 0.0000e+00
       2126     54.471    -1.2494    -1.2544   2.609119   2.608675     2.0696     2.4969      8.038     0.7299   481.0026 4.3427e+00    -0.1025   102.5959     7.9559     8.2468    32.3900    32.3894    26.0457    26.0453    8.47074 0.0000e+00
       2129     54.545    -1.2493    -1.2545   2.609155   2.608681     2.0696     2.4973      8.041     0.7510   481.0026 4.3327e+00    -0.1025   102.5959     7.9547     8.2506    32.3903    32.3895    26.0459    26.0453    8.47069 0.0000e+00
       2132     54.619    -1.2492    -1.2545   2.609197   2.608688     2.0687     2.4981      8.039     0.7616   481.0026 4.3027e+00    -0.1025   102.5959     7.9505     8.2531    32.3908    32.3895    26.0462    26.0454    8.47064 0.0000e+00
       2135     54.698    -1.2484    -1.2542   2.609252   2.608741     2.0692     2.4981      8.041     0.7616   481.0026 4.2878e+00    -0.1029   102.6049     7.9549     8.2522    32.3907    32.3899    26.0461    26.0457    8.47047 0.0000e+00
       2138     54.777    -1.2476    -1.2534   2.609390   2.608906     2.0687     2.4973      8.041     0.7510   481.0421 4.2631e+00    -0.1191   103.0209     7.9512     8.2461    32.3916    32.3912    26.0469    26.0468    8.47023 0.0000e+00
       2141     54.857    -1.2463    -1.2520   2.609576   2.609077     2.0687     2.4961      8.041     0.7616   481.0421 4.2385e+00    -0.1208   103.0661     7.9500     8.2383    32.3927    32.3920    26.0477    26.0474    8.46986 0.0000e+00
       2144     54.937    -1.2458    -1.2512   2.609636   2.609175     2.0692     2.4965      8.041     0.7616   481.0421 4.2287e+00    -0.1205   103.0571     7.9556     8.2388    32.3929    32.3924    26.0478    26.0477    8.46973 0.0000e+00
       2147     55.019    -1.2456    -1.2507   2.609691   2.609247     2.0683     2.4957      8.036     0.7510   481.0026 4.2043e+00    -0.1205   103.0571     7.9509     8.2359    32.3934    32.3928    26.0483    26.0480    8.46967 0.0000e+00
