Datasets/AZMP/TEL210/tel210_2020_051.cnv
* Sea-Bird SBE 9 Data File:
* FileName = C:\CTDDATA\tel210_2020_051.hex
* Software Version Seasave V 7.26.7.110
* Temperature SN = 1697
* Conductivity SN = 4216
* Number of Bytes Per Scan = 30
* Number of Voltage Words = 4
* Number of Scans Averaged by the Deck Unit = 1
* NMEA baud rate = 4800
** VESSEL/TRIP/SEQ STN:  tel210_2020_051
** LATITUDE XX XX.XX: 49 16.80 N
** LONGITUDE XX XX.XX: 051 16.80 W
** SOUNDING DEPTH (M): 0320
** PROBE TYPE: S1146
** CTD NUMBER: 041
** COMMENTS (14 CHAR): BB-08
** BOTTLES:  10
** LEVELS: 5,10,20,30,40,50,75,100,150,BTM
** STICKERS: 436044 - 436053
** VNET: Y
** DO2: N
# nquan = 22
# nvalues = 7137                        
# units = specified
# name 0 = scan: Scan Count
# name 1 = prDM: Pressure, Digiquartz [db]
# name 2 = t090C: Temperature [ITS-90, deg C]
# name 3 = t190C: Temperature, 2 [ITS-90, deg C]
# name 4 = c0S/m: Conductivity [S/m]
# name 5 = c1S/m: Conductivity, 2 [S/m]
# name 6 = sbeox0V: Oxygen raw, SBE 43 [V]
# name 7 = sbeox1V: Oxygen raw, SBE 43, 2 [V]
# name 8 = ph: pH
# name 9 = flECO-AFL: Fluorescence, WET Labs ECO-AFL/FL [mg/m^3]
# name 10 = wetCDOM: Fluorescence, WET Labs CDOM [mg/m^3]
# name 11 = par/sat/log: PAR/Logarithmic, Satlantic [umol photons/m^2/sec]
# name 12 = CStarAt0: Beam Attenuation, WET Labs C-Star [1/m]
# name 13 = CStarTr0: Beam Transmission, WET Labs C-Star [%]
# name 14 = sbeox0ML/L: Oxygen, SBE 43 [ml/l], WS = 2
# name 15 = sbeox1ML/L: Oxygen, SBE 43, 2 [ml/l], WS = 2
# name 16 = sal00: Salinity, Practical [PSU]
# name 17 = sal11: Salinity, Practical, 2 [PSU]
# name 18 = sigma-t00: Density [sigma-t, kg/m^3 ]
# name 19 = sigma-t11: Density, 2 [sigma-t, kg/m^3 ]
# name 20 = oxsatML/L: Oxygen Saturation, Weiss [ml/l]
# name 21 = flag: flag
# span 0 =         69,      45795       
# span 1 =      1.587,    320.555       
# span 2 =    -0.8317,    10.6843       
# span 3 =    -0.8536,    10.6792       
# span 4 =   2.700272,   3.599132       
# span 5 =   2.698825,   3.598416       
# span 6 =     1.8672,     2.6273       
# span 7 =     2.2428,     3.2556       
# span 8 =      7.948,      8.348       
# span 9 =     0.6452,     1.4600       
# span 10 =    -2.8130,   482.1870      
# span 11 = 1.0580e-01, 5.4398e-01      
# span 12 =    -0.1443,     0.1085      
# span 13 =    97.3237,   103.6720      
# span 14 =     6.1073,     9.7987      
# span 15 =     6.3474,    10.7466      
# span 16 =    31.3817,    34.7283      
# span 17 =    32.2224,    34.7309      
# span 18 =    24.5504,    27.6371      
# span 19 =    24.6824,    27.6394      
# span 20 =    6.33391,    8.32911      
# span 21 = 0.0000e+00, 0.0000e+00      
# interval = scans: 3                   
# start_time = Jul 21 2020 02:41:00 [System UTC, header]
# bad_flag = -9.990e-29
*END*
[from data line 4544]
      16789    218.012     3.2946     3.2769   3.168875   3.167616     1.9735     2.3844      8.028     0.7616     4.0564 1.0715e-01    -0.1278   103.2470     6.5753     6.8614    34.5949    34.5985    27.5342    27.5388    7.41156 0.0000e+00
      16792    217.864     3.2908     3.2725   3.168182   3.167310     1.9735     2.3844      8.028     0.7299     4.0564 1.0715e-01    -0.1278   103.2470     6.5769     6.8596    34.5906    34.5997    27.5311    27.5401    7.41247 0.0000e+00
      16795    217.717     3.2855     3.2708   3.167618   3.167147     1.9727     2.3835      8.028     0.7299     4.0564 1.0727e-01    -0.1278   103.2470     6.5770     6.8549    34.5896    34.5995    27.5308    27.5401    7.41351 0.0000e+00
      16798    217.577     3.2810     3.2696   3.167391   3.167070     1.9727     2.3844      8.028     0.7405     4.0564 1.0715e-01    -0.1275   103.2380     6.5795     6.8563    34.5917    34.6000    27.5329    27.5406    7.41423 0.0000e+00
      16801    217.435     3.2775     3.2700   3.167253   3.167085     1.9723     2.3844      8.028     0.7405     4.0959 1.0715e-01    -0.1268   103.2199     6.5781     6.8559    34.5939    34.5999    27.5350    27.5405    7.41477 0.0000e+00
      16804    217.301     3.2755     3.2691   3.167215   3.166962     1.9731     2.3835      8.028     0.7299     4.1748 1.0715e-01    -0.1268   103.2199     6.5836     6.8536    34.5956    34.5993    27.5365    27.5401    7.41505 0.0000e+00
      16807    217.172     3.2744     3.2686   3.167235   3.166927     1.9731     2.3831      8.027     0.7299     4.1748 1.0715e-01    -0.1268   103.2199     6.5843     6.8537    34.5971    34.5996    27.5378    27.5404    7.41519 0.0000e+00
      16810    217.045     3.2736     3.2684   3.167160   3.166892     1.9727     2.3827      8.028     0.7299     4.1748 1.0715e-01    -0.1268   103.2199     6.5816     6.8524    34.5971    34.5994    27.5379    27.5403    7.41533 0.0000e+00
      16813    216.923     3.2730     3.2687   3.167172   3.166941     1.9723     2.3827      8.028     0.7405     4.1748 1.0727e-01    -0.1268   103.2199     6.5810     6.8509    34.5979    34.5998    27.5386    27.5405    7.41540 0.0000e+00
      16816    216.807     3.2727     3.2691   3.167172   3.166950     1.9731     2.3819      8.027     0.7299     4.1748 1.0715e-01    -0.1268   103.2199     6.5838     6.8474    34.5983    34.5995    27.5390    27.5403    7.41544 0.0000e+00
      16819    216.692     3.2728     3.2690   3.167222   3.166942     1.9727     2.3819      8.027     0.7299     4.1748 1.0715e-01    -0.1268   103.2199     6.5805     6.8470    34.5989    34.5996    27.5394    27.5404    7.41539 0.0000e+00
      16822    216.588     3.2729     3.2687   3.167220   3.166920     1.9731     2.3819      8.028     0.7299     4.1748 1.0727e-01    -0.1257   103.1927     6.5814     6.8475    34.5988    34.5996    27.5393    27.5404    7.41538 0.0000e+00
      16825    216.489     3.2730     3.2678   3.167190   3.166780     1.9727     2.3823      8.028     0.7299     4.1748 1.0752e-01    -0.1257   103.1927     6.5745     6.8514    34.5984    34.5990    27.5390    27.5400    7.41537 0.0000e+00
      16828    216.397     3.2730     3.2669   3.167147   3.166697     1.9727     2.3815      8.028     0.7299     4.2143 1.0752e-01    -0.1257   103.1927     6.5712     6.8497    34.5979    34.5990    27.5387    27.5401    7.41540 0.0000e+00
      16831    216.310     3.2726     3.2668   3.166994   3.166706     1.9723     2.3819      8.028     0.7405     4.2932 1.0752e-01    -0.1257   103.1927     6.5688     6.8544    34.5966    34.5993    27.5376    27.5404    7.41555 0.0000e+00
      16834    216.226     3.2719     3.2664   3.166848   3.166624     1.9727     2.3811      8.028     0.7299     4.2932 1.0715e-01    -0.1257   103.1927     6.5689     6.8518    34.5956    34.5988    27.5369    27.5399    7.41573 0.0000e+00
      16837    216.144     3.2707     3.2657   3.166748   3.166609     1.9723     2.3807      8.028     0.7299     4.2932 1.0727e-01    -0.1257   103.1927     6.5628     6.8506    34.5957    34.5993    27.5371    27.5405    7.41594 0.0000e+00
      16840    216.072     3.2700     3.2662   3.166689   3.166656     1.9715     2.3807      8.027     0.7299     4.2932 1.0727e-01    -0.1257   103.1927     6.5570     6.8496    34.5958    34.5994    27.5372    27.5405    7.41607 0.0000e+00
      16843    216.001     3.2690     3.2666   3.166433   3.166714     1.9719     2.3807      8.028     0.7299     4.2932 1.0715e-01    -0.1250   103.1746     6.5594     6.8474    34.5938    34.5998    27.5358    27.5407    7.41635 0.0000e+00
      16846    215.933     3.2668     3.2667   3.166070   3.166752     1.9719     2.3807      8.029     0.7299     4.2932 1.0727e-01    -0.1250   103.1746     6.5604     6.8448    34.5918    34.6001    27.5343    27.5410    7.41686 0.0000e+00
      16849    215.871     3.2641     3.2672   3.165677   3.166814     1.9702     2.3803      8.027     0.7405     4.2932 1.0715e-01    -0.1247   103.1656     6.5543     6.8427    34.5900    34.6004    27.5331    27.5412    7.41745 0.0000e+00
      16852    215.810     3.2608     3.2672   3.165372   3.166839     1.9715     2.3803      8.026     0.7299     4.2932 1.0727e-01    -0.1247   103.1656     6.5599     6.8441    34.5898    34.6007    27.5334    27.5414    7.41807 0.0000e+00
      16855    215.753     3.2575     3.2677   3.165154   3.166931     1.9711     2.3807      8.029     0.7299     4.2143 1.0715e-01    -0.1250   103.1746     6.5579     6.8449    34.5908    34.6014    27.5344    27.5419    7.41863 0.0000e+00
      16858    215.697     3.2535     3.2681   3.164151   3.166919     1.9702     2.3799      8.027     0.7299     4.1748 1.0715e-01    -0.1257   103.1927     6.5566     6.8431    34.5829    34.6008    27.5285    27.5414    7.41976 0.0000e+00
      16861    215.644     3.2475     3.2672   3.163668   3.166796     1.9702     2.3795      8.027     0.7299     4.1748 1.0715e-01    -0.1247   103.1656     6.5569     6.8395    34.5835    34.6002    27.5295    27.5411    7.42084 0.0000e+00
      16864    215.593     3.2427     3.2664   3.163492   3.166611     1.9702     2.3791      8.029     0.7405     4.1748 1.0715e-01    -0.1247   103.1656     6.5536     6.8338    34.5864    34.5989    27.5323    27.5400    7.42157 0.0000e+00
      16867    215.546     3.2375     3.2649   3.162866   3.166447     1.9706     2.3791      8.027     0.7405     4.1748 1.0715e-01    -0.1247   103.1656     6.5528     6.8320    34.5845    34.5986    27.5313    27.5400    7.42265 0.0000e+00
      16870    215.501     3.2338     3.2648   3.162602   3.166523     1.9706     2.3779      8.026     0.7299     4.1748 1.0727e-01    -0.1247   103.1656     6.5538     6.8265    34.5853    34.5997    27.5323    27.5408    7.42329 0.0000e+00
      16873    215.456     3.2311     3.2654   3.162532   3.166554     1.9698     2.3787      8.024     0.7299     4.1748 1.0715e-01    -0.1247   103.1656     6.5467     6.8275    34.5873    34.5994    27.5341    27.5406    7.42368 0.0000e+00
      16876    215.412     3.2297     3.2654   3.162678   3.166546     1.9694     2.3787      8.024     0.7299     4.1748 1.0715e-01    -0.1247   103.1656     6.5404     6.8235    34.5906    34.5994    27.5369    27.5405    7.42379 0.0000e+00
      16879    215.369     3.2262     3.2630   3.160708   3.166294     1.9694     2.3783      8.024     0.7299     4.1748 1.0715e-01    -0.1247   103.1656     6.5398     6.8214    34.5705    34.5989    27.5211    27.5403    7.42542 0.0000e+00
      16882    215.325     3.2139     3.2625   3.159137   3.166303     1.9698     2.3783      8.024     0.7299     4.2932 1.0715e-01    -0.1240   103.1475     6.5403     6.8214    34.5645    34.5995    27.5176    27.5409    7.42799 0.0000e+00
      16885    215.281     3.2028     3.2626   3.158589   3.166199     1.9678     2.3766      8.024     0.7299     4.2932 1.0715e-01    -0.1236   103.1385     6.5288     6.8141    34.5698    34.5981    27.5229    27.5398    7.42980 0.0000e+00
      16888    215.236     3.1957     3.2613   3.158393   3.166004     1.9670     2.3762      8.021     0.7299     4.2932 1.0715e-01    -0.1236   103.1385     6.5227     6.8106    34.5750    34.5973    27.5277    27.5392    7.43085 0.0000e+00
      16891    215.189     3.1914     3.2524   3.158137   3.164678     1.9678     2.3762      8.019     0.7299     4.2932 1.0715e-01    -0.1236   103.1385     6.5252     6.8080    34.5766    34.5907    27.5293    27.5348    7.43158 0.0000e+00
      16894    215.139     3.1867     3.2345   3.157415   3.162349     1.9674     2.3766      8.019     0.7299     4.2932 1.0715e-01    -0.1236   103.1385     6.5249     6.8110    34.5728    34.5817    27.5268    27.5293    7.43263 0.0000e+00
      16897    215.088     3.1824     3.2082   3.157229   3.160492     1.9662     2.3750      8.019     0.6981     4.2932 1.0727e-01    -0.1236   103.1385     6.5195     6.8042    34.5752    34.5873    27.5291    27.5363    7.43332 0.0000e+00
      16900    215.036     3.1795     3.2045   3.157041   3.159977     1.9666     2.3746      8.019     0.6875     4.2932 1.0715e-01    -0.1236   103.1385     6.5211     6.8021    34.5760    34.5849    27.5300    27.5347    7.43381 0.0000e+00
      16903    214.980     3.1779     3.1908   3.157068   3.158319     1.9653     2.3746      8.016     0.7087     4.2932 1.0715e-01    -0.1208   103.0661     6.5131     6.8026    34.5782    34.5795    27.5318    27.5317    7.43401 0.0000e+00
      16906    214.922     3.1774     3.1798   3.157019   3.157454     1.9653     2.3742      8.017     0.7087     4.3722 1.0715e-01    -0.1208   103.0661     6.5149     6.8007    34.5781    34.5808    27.5318    27.5338    7.43410 0.0000e+00
      16909    214.861     3.1767     3.1759   3.157014   3.157125     1.9645     2.3738      8.017     0.6981     4.6485 1.0715e-01    -0.1208   103.0661     6.5125     6.7970    34.5788    34.5811    27.5325    27.5343    7.43420 0.0000e+00
      16912    214.798     3.1767     3.1744   3.157016   3.157003     1.9645     2.3725      8.014     0.6875     4.6485 1.0715e-01    -0.1208   103.0661     6.5112     6.7877    34.5789    34.5812    27.5326    27.5346    7.43420 0.0000e+00
      16915    214.731     3.1768     3.1736   3.157006   3.156873     1.9641     2.3717      8.014     0.7087     4.6485 1.0715e-01    -0.1208   103.0661     6.5077     6.7807    34.5787    34.5805    27.5324    27.5342    7.43418 0.0000e+00
      16918    214.660     3.1765     3.1725   3.156940   3.156707     1.9637     2.3717      8.014     0.7087     4.6485 1.0715e-01    -0.1208   103.0661     6.5067     6.7789    34.5783    34.5797    27.5321    27.5336    7.43427 0.0000e+00
      16921    214.584     3.1762     3.1707   3.156944   3.156475     1.9629     2.3701      8.014     0.6981     4.6485 1.0727e-01    -0.1212   103.0752     6.5035     6.7728    34.5786    34.5789    27.5324    27.5331    7.43430 0.0000e+00
      16924    214.507     3.1751     3.1661   3.156396   3.155935     1.9625     2.3705      8.014     0.6981     4.6880 1.0715e-01    -0.1226   103.1113     6.5008     6.7730    34.5733    34.5772    27.5282    27.5322    7.43478 0.0000e+00
      16927    214.424     3.1714     3.1590   3.155410   3.155067     1.9617     2.3689      8.014     0.7087     4.6485 1.0715e-01    -0.1226   103.1113     6.4969     6.7666    34.5653    34.5743    27.5222    27.5306    7.43586 0.0000e+00
      16930    214.340     3.1653     3.1523   3.154916   3.154499     1.9617     2.3681      8.015     0.6981     4.6485 1.0715e-01    -0.1222   103.1023     6.4951     6.7640    34.5658    34.5747    27.5232    27.5315    7.43696 0.0000e+00
      16933    214.247     3.1609     3.1492   3.154870   3.154284     1.9609     2.3669      8.015     0.7087     4.6485 1.0727e-01    -0.1226   103.1113     6.4899     6.7610    34.5700    34.5754    27.5270    27.5323    7.43757 0.0000e+00
      16936    214.155     3.1580     3.1497   3.154733   3.154455     1.9609     2.3669      8.013     0.7087     4.6485 1.0740e-01    -0.1226   103.1113     6.4866     6.7614    34.5715    34.5770    27.5284    27.5335    7.43803 0.0000e+00
      16939    214.062     3.1562     3.1552   3.154634   3.155112     1.9605     2.3652      8.013     0.7087     4.6485 1.0715e-01    -0.1222   103.1023     6.4830     6.7548    34.5723    34.5792    27.5292    27.5348    7.43833 0.0000e+00
      16942    213.968     3.1549     3.1568   3.154701   3.155027     1.9596     2.3656      8.010     0.7087     4.6485 1.0715e-01    -0.1222   103.1023     6.4801     6.7580    34.5745    34.5765    27.5311    27.5325    7.43845 0.0000e+00
      16945    213.870     3.1546     3.1570   3.154725   3.155165     1.9592     2.3648      8.010     0.6875     4.6880 1.0715e-01    -0.1236   103.1385     6.4777     6.7574    34.5752    34.5780    27.5316    27.5337    7.43848 0.0000e+00
      16948    213.771     3.1547     3.1604   3.154610   3.155582     1.9584     2.3640      8.010     0.7193     4.6485 1.0715e-01    -0.1233   103.1294     6.4744     6.7552    34.5737    34.5795    27.5305    27.5345    7.43854 0.0000e+00
      16951    213.674     3.1537     3.1656   3.154433   3.156023     1.9576     2.3628      8.010     0.7405     4.6485 1.0715e-01    -0.1229   103.1204     6.4708     6.7514    34.5727    34.5793    27.5298    27.5340    7.43877 0.0000e+00
      16954    213.571     3.1528     3.1654   3.154389   3.155939     1.9572     2.3624      8.010     0.7299     4.6485 1.0715e-01    -0.1229   103.1204     6.4712     6.7507    34.5732    34.5786    27.5302    27.5334    7.43891 0.0000e+00
      16957    213.467     3.1522     3.1656   3.154249   3.156017     1.9560     2.3615      8.010     0.7299     4.6485 1.0715e-01    -0.1233   103.1294     6.4689     6.7487    34.5722    34.5794    27.5295    27.5340    7.43908 0.0000e+00
      16960    213.363     3.1512     3.1653   3.154121   3.155966     1.9556     2.3611      8.010     0.7299     4.6485 1.0715e-01    -0.1229   103.1204     6.4698     6.7485    34.5717    34.5791    27.5293    27.5337    7.43928 0.0000e+00
      16963    213.256     3.1501     3.1625   3.154058   3.155336     1.9556     2.3607      8.010     0.7299     4.6485 1.0715e-01    -0.1233   103.1294     6.4717     6.7519    34.5722    34.5745    27.5298    27.5304    7.43947 0.0000e+00
      16966    213.145     3.1495     3.1557   3.154087   3.154628     1.9552     2.3603      8.010     0.7405     4.6485 1.0715e-01    -0.1236   103.1385     6.4742     6.7533    34.5733    34.5732    27.5306    27.5300    7.43953 0.0000e+00
      16969    213.036     3.1491     3.1470   3.153914   3.153708     1.9543     2.3599      8.010     0.7299     4.6485 1.0740e-01    -0.1236   103.1385     6.4755     6.7570    34.5717    34.5714    27.5294    27.5294    7.43967 0.0000e+00
      16972    212.927     3.1463     3.1324   3.152970   3.151933     1.9543     2.3587      8.010     0.7299     4.6485 1.0752e-01    -0.1236   103.1385     6.4800     6.7594    34.5633    34.5655    27.5229    27.5260    7.44062 0.0000e+00
      16975    212.818     3.1419     3.1274   3.152597   3.152220     1.9539     2.3575      8.010     0.7299     4.6485 1.0727e-01    -0.1236   103.1385     6.4821     6.7602    34.5635    34.5744    27.5235    27.5336    7.44143 0.0000e+00
      16978    212.707     3.1380     3.1360   3.152361   3.152814     1.9539     2.3575      8.010     0.7299     4.6485 1.0752e-01    -0.1236   103.1385     6.4863     6.7621    34.5649    34.5725    27.5250    27.5313    7.44209 0.0000e+00
      16981    212.594     3.1340     3.1258   3.151489   3.150971     1.9539     2.3571      8.010     0.7299     4.6485 1.0727e-01    -0.1233   103.1294     6.4895     6.7658    34.5586    34.5611    27.5203    27.5231    7.44313 0.0000e+00
