Datasets/AZMP/TEL210/tel210_2020_016.cnv
* Sea-Bird SBE 9 Data File:
* FileName = C:\CTDDATA\tel210_2020_016.hex
* Software Version Seasave V 7.26.7.110
* Temperature SN = 1697
* Conductivity SN = 4216
* Number of Bytes Per Scan = 30
* Number of Voltage Words = 4
* Number of Scans Averaged by the Deck Unit = 1
* NMEA baud rate = 4800
** VESSEL/TRIP/SEQ STN:  tel210_2020_016
** LATITUDE XX XX.XX: 47 00.00 N
** LONGITUDE XX XX.XX: 047 30.00 W
** SOUNDING DEPTH (M): 0215
** PROBE TYPE: S1146
** CTD NUMBER: 015
** COMMENTS (14 CHAR): FC-14
** BOTTLES:  10
** LEVELS: 5,10,20,30,40,50,75,100,150,BTM
** STICKERS: 435838 - 435847
** VNET: Y
** DO2: Y
# nquan = 22
# nvalues = 4496                        
# units = specified
# name 0 = scan: Scan Count
# name 1 = prDM: Pressure, Digiquartz [db]
# name 2 = t090C: Temperature [ITS-90, deg C]
# name 3 = t190C: Temperature, 2 [ITS-90, deg C]
# name 4 = c0S/m: Conductivity [S/m]
# name 5 = c1S/m: Conductivity, 2 [S/m]
# name 6 = sbeox0V: Oxygen raw, SBE 43 [V]
# name 7 = sbeox1V: Oxygen raw, SBE 43, 2 [V]
# name 8 = ph: pH
# name 9 = flECO-AFL: Fluorescence, WET Labs ECO-AFL/FL [mg/m^3]
# name 10 = wetCDOM: Fluorescence, WET Labs CDOM [mg/m^3]
# name 11 = par/sat/log: PAR/Logarithmic, Satlantic [umol photons/m^2/sec]
# name 12 = CStarAt0: Beam Attenuation, WET Labs C-Star [1/m]
# name 13 = CStarTr0: Beam Transmission, WET Labs C-Star [%]
# name 14 = sbeox0ML/L: Oxygen, SBE 43 [ml/l], WS = 2
# name 15 = sbeox1ML/L: Oxygen, SBE 43, 2 [ml/l], WS = 2
# name 16 = sal00: Salinity, Practical [PSU]
# name 17 = sal11: Salinity, Practical, 2 [PSU]
# name 18 = sigma-t00: Density [sigma-t, kg/m^3 ]
# name 19 = sigma-t11: Density, 2 [sigma-t, kg/m^3 ]
# name 20 = oxsatML/L: Oxygen Saturation, Weiss [ml/l]
# name 21 = flag: flag
# span 0 =        128,      36830       
# span 1 =      0.423,    212.470       
# span 2 =    -1.6633,    10.2342       
# span 3 =    -1.6687,    10.2310       
# span 4 =   0.692760,   3.519273       
# span 5 =   0.862554,   3.519017       
# span 6 =     1.8582,     2.3889       
# span 7 =     2.2440,     2.9133       
# span 8 =      7.803,      8.176       
# span 9 =    -0.6325,     6.9072       
# span 10 =    -2.8130,   482.1870      
# span 11 = 1.0678e-01, 9.3402e+01      
# span 12 =    -0.1519,     0.4055      
# span 13 =    90.3605,   103.8710      
# span 14 =     6.2115,     8.7986      
# span 15 =     6.2604,     9.3556      
# span 16 =     5.4390,    34.1079      
# span 17 =     6.8829,    34.1083      
# span 18 =     3.9295,    27.2690      
# span 19 =     5.0527,    27.2697      
# span 20 =    6.41373,    8.55056      
# span 21 = 0.0000e+00, 0.0000e+00      
# interval = scans: 3                   
# start_time = Jul 16 2020 19:00:51 [System UTC, header]
# bad_flag = -9.990e-29
*END*
[from data line 3951]
      25735     43.065    -1.3989    -1.4046   2.611825   2.611442     2.0922     2.5624      7.988     5.7879   481.9501 1.4430e+00     0.0722    98.2099     8.3924     8.8601    32.5966    32.5976    26.2173    26.2183    8.49334 0.0000e+00
      25738     42.958    -1.3960    -1.4026   2.612072   2.611537     2.0942     2.5649      7.991     5.7879   480.7263 1.4716e+00     0.0726    98.2009     8.4040     8.8705    32.5969    32.5968    26.2175    26.2176    8.49265 0.0000e+00
      25741     42.845    -1.3919    -1.3979   2.612428   2.611915     2.0950     2.5673      7.993     5.7879   481.0421 1.5096e+00     0.0726    98.2009     8.4079     8.8816    32.5974    32.5969    26.2178    26.2176    8.49167 0.0000e+00
      25744     42.727    -1.3882    -1.3929   2.612529   2.612229     2.0974     2.5706      7.993     5.6455   481.1211 1.5610e+00     0.0726    98.2009     8.4220     8.8995    32.5948    32.5958    26.2156    26.2165    8.49097 0.0000e+00
      25747     42.598    -1.3871    -1.3917   2.612689   2.612219     2.0991     2.5714      7.993     5.6150   481.1211 1.5993e+00     0.0726    98.2009     8.4344     8.9057    32.5959    32.5944    26.2164    26.2154    8.49065 0.0000e+00
      25750     42.466    -1.3840    -1.3968   2.612826   2.611821     2.1007     2.5734      7.997     5.6048   481.0816 1.6236e+00     0.0726    98.2009     8.4443     8.9204    32.5945    32.5946    26.2152    26.2157    8.49001 0.0000e+00
      25753     42.331    -1.3870    -1.3994   2.612646   2.611849     2.1019     2.5762      7.997     5.6252   481.1211 1.6635e+00     0.0726    98.2009     8.4547     8.9358    32.5954    32.5980    26.2160    26.2185    8.49066 0.0000e+00
      25756     42.193    -1.3865    -1.3933   2.612672   2.612261     2.1040     2.5783      7.997     5.6048   481.1211 1.6984e+00     0.0748    98.1467     8.4695     8.9463    32.5952    32.5970    26.2159    26.2175    8.49053 0.0000e+00
      25759     42.055    -1.3820    -1.3874   2.613188   2.612718     2.1052     2.5816      7.999     5.6150   238.1275 1.7382e+00     0.0781    98.0653     8.4770     8.9627    32.5975    32.5970    26.2176    26.2173    8.48936 0.0000e+00
      25762     41.910    -1.3704    -1.3787   2.613880   2.613279     2.1076     2.5832      8.000     5.6150    -0.4837 1.7624e+00     0.0777    98.0743     8.4871     8.9709    32.5943    32.5952    26.2148    26.2157    8.48684 0.0000e+00
      25765     41.769    -1.3694    -1.3718   2.614009   2.613745     2.1097     2.5868      8.002     5.6150     6.7409 1.7871e+00     0.0777    98.0743     8.4957     8.9894    32.5952    32.5942    26.2154    26.2147    8.48657 0.0000e+00
      25768     41.627    -1.3516    -1.3665   2.615474   2.614193     2.1117     2.5885      8.002     5.5946     6.4251 1.8246e+00     0.0781    98.0653     8.4947     8.9980    32.5959    32.5946    26.2155    26.2148    8.48239 0.0000e+00
      25771     41.486    -1.3374    -1.3594   2.616355   2.614749     2.1133     2.5905      8.004     5.5336     6.4251 1.8609e+00     0.0781    98.0653     8.4929     9.0040    32.5925    32.5946    26.2124    26.2147    8.47929 0.0000e+00
      25774     41.349    -1.3276    -1.3565   2.617084   2.614753     2.1141     2.5933      8.004     5.5132     6.4251 1.8956e+00     0.0781    98.0653     8.4875     9.0093    32.5919    32.5915    26.2116    26.2121    8.47707 0.0000e+00
      25777     41.214    -1.3204    -1.3599   2.617416   2.614513     2.1166     2.5954      8.005     5.5336     6.4251 1.9355e+00     0.0866    97.8573     8.4920     9.0109    32.5887    32.5920    26.2088    26.2126    8.47558 0.0000e+00
      25780     41.085    -1.3156    -1.3488   2.617649   2.615766     2.1194     2.5987      8.007     5.5132     6.4251 1.9602e+00     0.0896    97.7849     8.4980     9.0128    32.5867    32.5971    26.2070    26.2164    8.47458 0.0000e+00
      25783     40.966    -1.3312    -1.3457   2.616664   2.615423     2.1202     2.6011      8.007     5.5336     6.4251 1.9853e+00     0.0899    97.7759     8.4962     9.0136    32.5903    32.5891    26.2104    26.2099    8.47798 0.0000e+00
      25786     40.850    -1.3303    -1.3655   2.616585   2.614146     2.1219     2.6043      8.007     5.5336     6.6225 2.0131e+00     0.0896    97.7849     8.4933     9.0207    32.5883    32.5934    26.2088    26.2138    8.47789 0.0000e+00
      25789     40.743    -1.3332    -1.3667   2.616123   2.614091     2.1227     2.6068      8.007     5.5234     6.6620 2.0412e+00     0.0892    97.7940     8.4876     9.0174    32.5853    32.5939    26.2064    26.2143    8.47875 0.0000e+00
      25792     40.645    -1.3307    -1.3652   2.616577   2.613877     2.1239     2.6084      8.007     5.5234     6.6620 2.0963e+00     0.0896    97.7849     8.4810     9.0104    32.5888    32.5894    26.2092    26.2106    8.47797 0.0000e+00
      25795     40.554    -1.3463    -1.3707   2.615486   2.613590     2.1247     2.6092      8.007     5.7167     6.6620 2.1230e+00     0.0885    97.8120     8.4811     8.9974    32.5909    32.5915    26.2113    26.2125    8.48145 0.0000e+00
      25798     40.475    -1.3548    -1.3689   2.615038   2.613836     2.1264     2.6113      8.007     5.9915     6.6620 2.1452e+00     0.0499    98.7616     8.4797     8.9881    32.5941    32.5930    26.2141    26.2137    8.48324 0.0000e+00
      25801     40.406    -1.3492    -1.3609   2.615995   2.614514     2.1284     2.6129      8.007     5.9813     6.6620 2.1652e+00     0.0462    98.8520     8.4736     8.9738    32.6012    32.5936    26.2197    26.2139    8.48153 0.0000e+00
      25804     40.348    -1.3041    -1.3383   2.618838   2.616219     2.1292     2.6153      8.007     5.9711     6.6620 2.1827e+00     0.0462    98.8520     8.4553     8.9586    32.5909    32.5923    26.2101    26.2122    8.47167 0.0000e+00
      25807     40.298    -1.2453    -1.3130   2.623839   2.618635     2.1308     2.6162      8.007     5.9813     6.6620 2.1954e+00     0.0469    98.8339     8.4372     8.9375    32.5952    32.5979    26.2120    26.2160    8.45782 0.0000e+00
      25810     40.259    -1.1962    -1.2712   2.627411   2.621463     2.1316     2.6174      8.005     5.9813     6.6620 2.1979e+00     0.0466    98.8430     8.4137     8.9163    32.5905    32.5910    26.2067    26.2093    8.44676 0.0000e+00
      25813     40.227    -1.1720    -1.2602   2.628759   2.621631     2.1316     2.6186      8.003     5.9813     6.7804 2.2005e+00     0.0469    98.8339     8.3964     8.9080    32.5825    32.5813    26.1995    26.2011    8.44164 0.0000e+00
      25989     40.181    -1.2021    -1.1106   2.626226   2.633151     2.1650     2.6499      8.006     3.8648     7.2542 2.2209e+00     0.0199    99.5031     8.4404     8.8091    32.5807    32.5756    26.1990    26.1921    8.44868 0.0000e+00
      25992     40.093    -1.2018    -1.1111   2.626302   2.632800     2.1642     2.6483      8.006     3.8750     7.2147 2.2442e+00     0.0199    99.5031     8.4235     8.7964    32.5815    32.5714    26.1996    26.1887    8.44856 0.0000e+00
      25995     40.010    -1.1901    -1.1355   2.627306   2.631559     2.1642     2.6479      8.006     3.8648     7.4516 2.2676e+00     0.0199    99.5031     8.4062     8.7929    32.5825    32.5811    26.2001    26.1973    8.44581 0.0000e+00
      25998     39.937    -1.1653    -1.1339   2.629215   2.631599     2.1642     2.6483      8.006     3.8648     7.6095 2.2834e+00     0.0105    99.7382     8.3833     8.7870    32.5816    32.5799    26.1986    26.1963    8.44015 0.0000e+00
      26001     39.869    -1.1448    -1.1323   2.630275   2.631426     2.1642     2.6467      8.006     3.8648     7.6095 2.3046e+00    -0.0177   100.4436     8.3667     8.7713    32.5738    32.5759    26.1917    26.1930    8.43589 0.0000e+00
      26004     39.814    -1.1289    -1.1445   2.631771   2.630472     2.1642     2.6487      8.003     3.8038     7.6095 2.3126e+00    -0.0170   100.4255     8.3553     8.7772    32.5769    32.5762    26.1937    26.1936    8.43206 0.0000e+00
      26007     39.766    -1.0999    -1.1537   2.634267   2.629796     2.1642     2.6479      8.001     3.6105     7.6095 2.3314e+00    -0.0170   100.4255     8.3411     8.7716    32.5794    32.5770    26.1948    26.1945    8.42525 0.0000e+00
      26508     39.734    -1.1064    -1.1853   2.633554   2.627491     2.1719     2.6564      8.004     4.0073     9.2281 2.4196e+00    -0.0090   100.2266     8.3743     8.8160    32.5768    32.5800    26.1929    26.1979    8.42690 0.0000e+00
      27507     39.706    -1.1428    -1.2341   2.630989   2.623867     2.1886     2.6731      8.011     4.7094    12.4654 2.6021e+00     0.0069    99.8287     8.4669     8.9038    32.5815    32.5837    26.1978    26.2023    8.43499 0.0000e+00
      27510     39.675    -1.1548    -1.2214   2.629706   2.624751     2.1886     2.6723      8.006     4.7195    12.4654 2.6051e+00     0.0069    99.8287     8.4583     8.8918    32.5770    32.5819    26.1945    26.2005    8.43799 0.0000e+00
      27527     39.575    -1.0948    -1.1542   2.634576   2.630095     2.1853     2.6686      8.001     6.1644    12.9786 2.6111e+00    -0.0270   100.6787     8.4009     8.8453    32.5782    32.5817    26.1937    26.1983    8.42417 0.0000e+00
      27537     39.513    -1.0578    -1.1196   2.637468   2.632608     2.1837     2.6683      7.996     6.9072    13.1760 2.6112e+00    -0.0450   101.1309     8.3727     8.8260    32.5774    32.5785    26.1918    26.1946    8.41572 0.0000e+00
      27540     39.487    -1.0515    -1.1092   2.638200   2.633001     2.1825     2.6678      7.996     6.9072    12.9786 2.6203e+00    -0.0450   101.1309     8.3688     8.8215    32.5805    32.5725    26.1942    26.1894    8.41410 0.0000e+00
      27543     39.458    -1.0386    -1.0820   2.638801   2.635053     2.1821     2.6658      7.996     6.9072    12.9391 2.6385e+00    -0.0446   101.1219     8.3653     8.8042    32.5746    32.5709    26.1890    26.1873    8.41147 0.0000e+00
      27546     39.418    -1.0401    -1.0762   2.638208   2.634735     2.1805     2.6654      7.996     6.8868    12.9391 2.6385e+00    -0.0450   101.1309     8.3562     8.7989    32.5683    32.5603    26.1839    26.1786    8.41220 0.0000e+00
      27549     39.374    -1.0343    -1.0855   2.639168   2.634956     2.1809     2.6654      7.994     6.4188    12.9391 2.6476e+00    -0.0446   101.1219     8.3558     8.7940    32.5750    32.5734    26.1892    26.1895    8.41047 0.0000e+00
      27552     39.326    -1.0230    -1.0800   2.640195   2.634904     2.1797     2.6646      7.994     5.3097    12.9391 2.6507e+00    -0.0446   101.1219     8.3481     8.7868    32.5767    32.5667    26.1903    26.1839    8.40780 0.0000e+00
      27555     39.272    -1.0198    -1.0936   2.639923   2.632900     2.1793     2.6634      7.994     5.3504    12.9391 2.6753e+00    -0.0303   100.7601     8.3470     8.7842    32.5695    32.5543    26.1843    26.1743    8.40746 0.0000e+00
      27558     39.212    -1.0188    -1.1186   2.640340   2.631013     2.1789     2.6638      7.994     5.3402    12.9391 2.6908e+00    -0.0245   100.6154     8.3481     8.7931    32.5743    32.5558    26.1881    26.1763    8.40698 0.0000e+00
      27561     39.148    -1.0146    -1.1545   2.640318   2.630283     2.1776     2.6626      7.996     5.3504    12.9391 2.6939e+00    -0.0252   100.6335     8.3504     8.7965    32.5694    32.5849    26.1840    26.2009    8.40629 0.0000e+00
      27564     39.073    -1.0197    -1.1004   2.639934   2.635286     2.1785     2.6626      7.996     5.3606    12.9786 2.7064e+00    -0.0245   100.6154     8.3693     8.7882    32.5697    32.5943    26.1844    26.2069    8.40743 0.0000e+00
      27567     38.990    -1.0138    -1.0465   2.640018   2.638422     2.1776     2.6613      7.996     5.3504    13.3734 2.7379e+00    -0.0249   100.6245     8.3806     8.7770    32.5646    32.5783    26.1801    26.1923    8.40639 0.0000e+00
      27570     38.904    -1.0163    -1.0276   2.639800   2.639601     2.1756     2.6601      7.996     5.3504    13.4129 2.7665e+00    -0.0245   100.6154     8.3885     8.7723    32.5643    32.5739    26.1800    26.1881    8.40697 0.0000e+00
      27573     38.810    -1.0233    -1.0200   2.639434   2.639891     2.1764     2.6585      7.998     5.3402    13.4129 2.7793e+00    -0.0234   100.5883     8.4095     8.7734    32.5670    32.5697    26.1824    26.1844    8.40841 0.0000e+00
      27576     38.706    -1.0238    -1.0181   2.639251   2.639783     2.1756     2.6581      8.001     4.0785    13.4129 2.8149e+00    -0.0043   100.1090     8.4242     8.7832    32.5652    32.5662    26.1809    26.1815    8.40865 0.0000e+00
      27579     38.597    -1.0155    -1.0180   2.639739   2.639669     2.1748     2.6577      8.001     3.1119    13.4129 2.8280e+00    -0.0029   100.0728     8.4339     8.7954    32.5629    32.5646    26.1788    26.1803    8.40688 0.0000e+00
      27582     38.485    -1.0061    -1.0167   2.640294   2.639508     2.1760     2.6577      8.001     3.1832    13.4129 2.8642e+00    -0.0029   100.0728     8.4533     8.8105    32.5602    32.5610    26.1763    26.1773    8.40488 0.0000e+00
      27585     38.369    -0.9925    -1.0097   2.641333   2.639889     2.1764     2.6577      8.001     3.1730    13.4129 2.9008e+00    -0.0033   100.0819     8.4669     8.8274    32.5596    32.5587    26.1754    26.1752    8.40181 0.0000e+00
      27588     38.250    -0.9766    -1.0011   2.642097   2.640247     2.1772     2.6585      8.001     3.1628    13.4129 2.9278e+00    -0.0029   100.0728     8.4831     8.8500    32.5529    32.5543    26.1694    26.1714    8.39857 0.0000e+00
      27591     38.127    -0.9763    -1.0009   2.642088   2.640241     2.1785     2.6581      8.001     3.1628    12.6233 2.9448e+00    -0.0033   100.0819     8.5050     8.8704    32.5525    32.5541    26.1691    26.1712    8.39852 0.0000e+00
      27594     38.001    -0.9701    -1.0001   2.642597   2.640601     2.1785     2.6581      8.001     3.1628    10.6493 2.9859e+00    -0.0227   100.5702     8.5092     8.8910    32.5528    32.5582    26.1691    26.1745    8.39710 0.0000e+00
      27597     37.874    -0.9609    -0.9629   2.643576   2.644165     2.1793     2.6589      8.001     3.1730    10.6888 3.0381e+00    -0.0845   102.1347     8.5111     8.8999    32.5561    32.5662    26.1715    26.1798    8.39479 0.0000e+00
      27600     37.746    -0.9094    -0.9272   2.648605   2.645655     2.1793     2.6593      8.001     3.1628    10.6888 3.0699e+00    -0.0827   102.0894     8.4970     8.9063    32.5685    32.5479    26.1798    26.1638    8.38236 0.0000e+00
      27603     37.624    -0.8160    -0.9344   2.655966   2.645508     2.1801     2.6601      8.000     1.9520    10.6888 3.0984e+00    -0.0827   102.0894     8.4680     8.9190    32.5670    32.5537    26.1755    26.1687    8.36125 0.0000e+00
      27606     37.502    -0.8241    -0.9280   2.653162   2.646121     2.1805     2.6613      8.000     1.7485    10.6888 3.1272e+00    -0.0824   102.0804     8.4587     8.9303    32.5380    32.5552    26.1522    26.1697    8.36475 0.0000e+00
      27609     37.385    -0.8821    -0.9181   2.649681   2.646818     2.1813     2.6622      8.000     1.7485    10.6888 3.1600e+00    -0.0827   102.0894     8.4627     8.9338    32.5537    32.5539    26.1669    26.1684    8.37699 0.0000e+00
      27612     37.270    -0.7785    -0.9227   2.658393   2.646614     2.1825     2.6638      8.000     1.7688    10.6888 3.2078e+00    -0.0824   102.0804     8.4255     8.9380    32.5594    32.5562    26.1680    26.1703    8.35318 0.0000e+00
      27615     37.163    -0.6961    -0.9525   2.663161   2.643512     2.1825     2.6646      8.002     1.7586    10.6888 3.2489e+00    -0.0902   102.2794     8.3933     8.9413    32.5348    32.5466    26.1451    26.1635    8.33601 0.0000e+00
