Datasets/AZMP/TEL210/tel210_2020_111.cnv
* Sea-Bird SBE 9 Data File:
* FileName = C:\CTDDATA\tel210_2020_111.hex
* Software Version Seasave V 7.26.7.110
* Temperature SN = 1697
* Conductivity SN = 4216
* Number of Bytes Per Scan = 30
* Number of Voltage Words = 4
* Number of Scans Averaged by the Deck Unit = 1
* NMEA baud rate = 4800
** VESSEL/TRIP/SEQ STN:  tel210_2020_111
** LATITUDE XX XX.XX: 55 13.00 N
** LONGITUDE XX XX.XX: 058 30.80 W
** SOUNDING DEPTH (M): 0094
** PROBE TYPE: S1146
** CTD NUMBER: 077
** COMMENTS (14 CHAR): MB-01
** BOTTLES:  8
** LEVELS: 5,10,20,30,40,50,75,BTM
** STICKERS: 436340 - 436347
** VNET: Y
** DO2: N
# nquan = 22
# nvalues = 2624                        
# units = specified
# name 0 = scan: Scan Count
# name 1 = prDM: Pressure, Digiquartz [db]
# name 2 = t090C: Temperature [ITS-90, deg C]
# name 3 = t190C: Temperature, 2 [ITS-90, deg C]
# name 4 = c0S/m: Conductivity [S/m]
# name 5 = c1S/m: Conductivity, 2 [S/m]
# name 6 = sbeox0V: Oxygen raw, SBE 43 [V]
# name 7 = sbeox1V: Oxygen raw, SBE 43, 2 [V]
# name 8 = ph: pH
# name 9 = flECO-AFL: Fluorescence, WET Labs ECO-AFL/FL [mg/m^3]
# name 10 = wetCDOM: Fluorescence, WET Labs CDOM [mg/m^3]
# name 11 = par/sat/log: PAR/Logarithmic, Satlantic [umol photons/m^2/sec]
# name 12 = CStarAt0: Beam Attenuation, WET Labs C-Star [1/m]
# name 13 = CStarTr0: Beam Transmission, WET Labs C-Star [%]
# name 14 = sbeox0ML/L: Oxygen, SBE 43 [ml/l], WS = 2
# name 15 = sbeox1ML/L: Oxygen, SBE 43, 2 [ml/l], WS = 2
# name 16 = sal00: Salinity, Practical [PSU]
# name 17 = sal11: Salinity, Practical, 2 [PSU]
# name 18 = sigma-t00: Density [sigma-t, kg/m^3 ]
# name 19 = sigma-t11: Density, 2 [sigma-t, kg/m^3 ]
# name 20 = oxsatML/L: Oxygen Saturation, Weiss [ml/l]
# name 21 = flag: flag
# span 0 =         44,      32422       
# span 1 =      1.550,     90.976       
# span 2 =    -1.1297,     7.4352       
# span 3 =    -1.1345,     7.4310       
# span 4 =   2.454673,   3.153870       
# span 5 =   2.596593,   3.153469       
# span 6 =     2.0977,     2.5200       
# span 7 =     2.5474,     3.1200       
# span 8 =      8.040,      8.286       
# span 9 =     0.7299,     1.6611       
# span 10 =    -2.8130,   482.1870      
# span 11 = 1.0678e-01, 8.1072e+01      
# span 12 =    -0.1110,     0.4417      
# span 13 =    89.5466,   102.8129      
# span 14 =     7.2663,     9.3963      
# span 15 =     7.3713,    10.2339      
# span 16 =    30.0936,    32.1529      
# span 17 =    30.4920,    32.1537      
# span 18 =    23.8140,    25.8498      
# span 19 =    23.8140,    25.8506      
# span 20 =    6.89067,    8.55755      
# span 21 = 0.0000e+00, 0.0000e+00      
# interval = scans: 3                   
# start_time = Jul 27 2020 21:44:14 [System UTC, header]
# bad_flag = -9.990e-29
*END*
[from data line 527]
       2012     52.134    -1.0967    -1.1019   2.597872   2.597419     2.1868     2.6569      8.111     0.8992     1.6876 3.8715e-01    -0.0962   102.4331     8.5000     8.8444    32.0739    32.0734    25.7850    25.7847    8.45389 0.0000e+00
       2015     52.225    -1.0969    -1.1022   2.597847   2.597404     2.1860     2.6565      8.113     0.8886     1.6876 3.8401e-01    -0.0944   102.3879     8.4938     8.8397    32.0738    32.0734    25.7849    25.7848    8.45395 0.0000e+00
       2018     52.317    -1.0975    -1.1028   2.597852   2.597387     2.1856     2.6556      8.110     1.0050     1.6876 3.7740e-01    -0.0940   102.3788     8.4904     8.8352    32.0744    32.0738    25.7854    25.7851    8.45405 0.0000e+00
       2021     52.412    -1.0983    -1.1033   2.597841   2.597377     2.1852     2.6565      8.108     0.9838    -0.2469 3.7181e-01    -0.0944   102.3879     8.4892     8.8363    32.0751    32.0741    25.7860    25.7853    8.45419 0.0000e+00
       2024     52.509    -1.0988    -1.1037   2.597808   2.597380     2.1852     2.6548      8.108     0.9838    -0.7206 3.7138e-01    -0.0940   102.3788     8.4909     8.8302    32.0751    32.0746    25.7861    25.7857    8.45431 0.0000e+00
       2027     52.608    -1.0994    -1.1049   2.597797   2.597339     2.1843     2.6544      8.108     0.9944    -0.6811 3.6586e-01    -0.0940   102.3788     8.4882     8.8306    32.0756    32.0752    25.7864    25.7863    8.45442 0.0000e+00
       2030     52.710    -1.1024    -1.1076   2.597724   2.597277     2.1847     2.6544      8.108     0.9838    -0.6811 3.5790e-01    -0.0944   102.3879     8.4907     8.8318    32.0777    32.0772    25.7882    25.7880    8.45499 0.0000e+00
       2033     52.813    -1.1050    -1.1102   2.597699   2.597244     2.1847     2.6544      8.108     0.9944    -0.6811 3.6457e-01    -0.0951   102.4060     8.4883     8.8293    32.0801    32.0794    25.7902    25.7899    8.45545 0.0000e+00
       2036     52.922    -1.1070    -1.1119   2.597660   2.597220     2.1835     2.6528      8.108     0.9944    -0.6811 3.5374e-01    -0.0962   102.4331     8.4856     8.8205    32.0816    32.0808    25.7916    25.7911    8.45582 0.0000e+00
       2039     53.030    -1.1081    -1.1132   2.597659   2.597204     2.1831     2.6520      8.108     0.9944    -0.6811 3.4609e-01    -0.0962   102.4331     8.4856     8.8165    32.0827    32.0820    25.7925    25.7920    8.45601 0.0000e+00
       2042     53.143    -1.1089    -1.1137   2.597641   2.597212     2.1831     2.6516      8.108     0.9203    -0.7206 3.5296e-01    -0.0962   102.4331     8.4863     8.8151    32.0833    32.0826    25.7929    25.7925    8.45616 0.0000e+00
       2045     53.257    -1.1091    -1.1137   2.597665   2.597212     2.1831     2.6508      8.108     0.8251    -0.6022 3.3199e-01    -0.0958   102.4241     8.4860     8.8140    32.0837    32.0825    25.7933    25.7925    8.45618 0.0000e+00
       2048     53.375    -1.1089    -1.1139   2.597652   2.597224     2.1827     2.6516      8.105     0.8251    -0.0100 3.3388e-01    -0.0962   102.4331     8.4827     8.8190    32.0833    32.0829    25.7930    25.7928    8.45617 0.0000e+00
       2051     53.496    -1.1088    -1.1139   2.597676   2.597213     2.1823     2.6512      8.106     0.8357     0.0295 3.1299e-01    -0.0962   102.4331     8.4787     8.8165    32.0834    32.0826    25.7931    25.7926    8.45613 0.0000e+00
       2054     53.620    -1.1097    -1.1144   2.597646   2.597193     2.1819     2.6504      8.103     0.8251     0.0295 3.1188e-01    -0.0983   102.4874     8.4746     8.8154    32.0839    32.0828    25.7935    25.7927    8.45631 0.0000e+00
       2057     53.746    -1.1102    -1.1151   2.597649   2.597196     2.1823     2.6491      8.103     0.8251     0.0295 3.1150e-01    -0.0993   102.5145     8.4795     8.8121    32.0843    32.0835    25.7939    25.7933    8.45639 0.0000e+00
       2060     53.872    -1.1106    -1.1157   2.597668   2.597193     2.1819     2.6487      8.103     0.8357     0.0295 3.0936e-01    -0.0990   102.5055     8.4750     8.8132    32.0850    32.0840    25.7944    25.7938    8.45646 0.0000e+00
       2063     54.002    -1.1108    -1.1160   2.597636   2.597198     2.1811     2.6483      8.103     0.8251     0.0295 2.9536e-01    -0.0993   102.5145     8.4685     8.8130    32.0847    32.0843    25.7941    25.7940    8.45651 0.0000e+00
       2066     54.132    -1.1111    -1.1157   2.597649   2.597213     2.1811     2.6487      8.103     0.8357     0.0295 2.7946e-01    -0.0990   102.5055     8.4668     8.8130    32.0851    32.0842    25.7945    25.7939    8.45655 0.0000e+00
       2069     54.260    -1.1119    -1.1160   2.597648   2.597203     2.1803     2.6479      8.103     0.8463     0.0295 2.8601e-01    -0.0990   102.5055     8.4615     8.8057    32.0859    32.0843    25.7952    25.7940    8.45670 0.0000e+00
       2072     54.391    -1.1133    -1.1169   2.597630   2.597194     2.1803     2.6471      8.103     0.8569    -0.1284 2.8007e-01    -0.0983   102.4874     8.4609     8.8018    32.0871    32.0850    25.7962    25.7946    8.45696 0.0000e+00
       2075     54.521    -1.1139    -1.1184   2.597617   2.597177     2.1791     2.6467      8.103     0.8675    -0.3653 2.7495e-01    -0.0951   102.4060     8.4497     8.8038    32.0875    32.0862    25.7965    25.7956    8.45707 0.0000e+00
       2078     54.648    -1.1138    -1.1189   2.597636   2.597191     2.1799     2.6471      8.103     0.8675    -0.3258 2.7655e-01    -0.0951   102.4060     8.4519     8.8082    32.0876    32.0869    25.7966    25.7962    8.45705 0.0000e+00
       2081     54.776    -1.1142    -1.1191   2.597643   2.597197     2.1791     2.6451      8.103     0.8780    -0.3258 2.6713e-01    -0.0951   102.4060     8.4451     8.7998    32.0880    32.0872    25.7969    25.7964    8.45711 0.0000e+00
       2084     54.902    -1.1146    -1.1197   2.597628   2.597186     2.1782     2.6459      8.103     0.8675    -0.3258 2.6928e-01    -0.0951   102.4060     8.4422     8.8023    32.0881    32.0876    25.7971    25.7967    8.45719 0.0000e+00
       2087     55.022    -1.1160    -1.1197   2.597623   2.597186     2.1782     2.6455      8.103     0.8780    -0.3653 2.6896e-01    -0.0951   102.4060     8.4454     8.8014    32.0895    32.0876    25.7982    25.7967    8.45744 0.0000e+00
       2090     55.143    -1.1166    -1.1198   2.597622   2.597189     2.1782     2.6438      8.100     0.8569    -0.3258 2.6012e-01    -0.0951   102.4060     8.4486     8.7954    32.0901    32.0876    25.7987    25.7967    8.45755 0.0000e+00
       2093     55.260    -1.1169    -1.1198   2.597607   2.597181     2.1774     2.6434      8.099     0.8675    -0.3258 2.5980e-01    -0.0951   102.4060     8.4463     8.7940    32.0901    32.0874    25.7987    25.7966    8.45760 0.0000e+00
       2096     55.376    -1.1168    -1.1201   2.597602   2.597183     2.1770     2.6438      8.100     0.8886    -0.3653 2.5771e-01    -0.0955   102.4150     8.4424     8.7952    32.0899    32.0877    25.7985    25.7969    8.45761 0.0000e+00
       2099     55.490    -1.1174    -1.1214   2.597607   2.597166     2.1754     2.6434      8.100     0.8886     0.4638 2.5155e-01    -0.0955   102.4150     8.4347     8.7965    32.0905    32.0888    25.7990    25.7978    8.45770 0.0000e+00
       2102     55.595    -1.1180    -1.1226   2.597610   2.597147     2.1762     2.6426      8.099     0.8886     0.9770 2.5009e-01    -0.0958   102.4241     8.4370     8.7949    32.0911    32.0898    25.7995    25.7986    8.45780 0.0000e+00
       2105     55.699    -1.1177    -1.1230   2.597595   2.597168     2.1754     2.6418      8.099     0.8886     0.9770 2.4520e-01    -0.0958   102.4241     8.4333     8.7938    32.0905    32.0904    25.7991    25.7991    8.45776 0.0000e+00
       2108     55.801    -1.1180    -1.1232   2.597601   2.597178     2.1754     2.6422      8.100     0.8886     0.9770 2.4720e-01    -0.0951   102.4060     8.4346     8.7939    32.0908    32.0907    25.7993    25.7994    8.45781 0.0000e+00
       2111     55.901    -1.1182    -1.1232   2.597601   2.597184     2.1758     2.6422      8.099     0.8992     0.9770 2.4577e-01    -0.0955   102.4150     8.4369     8.7959    32.0911    32.0907    25.7995    25.7994    8.45786 0.0000e+00
       2114     56.001    -1.1183    -1.1233   2.597605   2.597203     2.1754     2.6410      8.099     0.8780     0.9770 2.3739e-01    -0.0962   102.4331     8.4383     8.7906    32.0911    32.0910    25.7996    25.7996    8.45787 0.0000e+00
       2117     56.096    -1.1183    -1.1233   2.597611   2.597182     2.1742     2.6398      8.099     0.8992     0.9770 2.3933e-01    -0.0969   102.4512     8.4350     8.7823    32.0912    32.0907    25.7996    25.7994    8.45787 0.0000e+00
       2120     56.189    -1.1184    -1.1236   2.597589   2.597181     2.1734     2.6402      8.099     0.8886     0.9770 2.3228e-01    -0.0972   102.4602     8.4364     8.7843    32.0909    32.0910    25.7994    25.7996    8.45791 0.0000e+00
       2123     56.279    -1.1186    -1.1234   2.597594   2.597209     2.1738     2.6406      8.099     0.8251     0.9770 2.3230e-01    -0.0972   102.4602     8.4376     8.7856    32.0912    32.0910    25.7996    25.7996    8.45794 0.0000e+00
       2126     56.368    -1.1188    -1.1232   2.597621   2.597216     2.1725     2.6394      8.099     0.8357     0.7401 2.3303e-01    -0.0969   102.4512     8.4259     8.7804    32.0917    32.0908    25.8000    25.7995    8.45795 0.0000e+00
       2129     56.457    -1.1185    -1.1228   2.597580   2.597232     2.1725     2.6389      8.099     0.8251     0.7401 2.3605e-01    -0.0972   102.4602     8.4257     8.7749    32.0908    32.0906    25.7993    25.7993    8.45794 0.0000e+00
       2132     56.539    -1.1187    -1.1230   2.597603   2.597215     2.1725     2.6385      8.099     0.8251     0.7401 2.3089e-01    -0.0969   102.4512     8.4256     8.7718    32.0912    32.0905    25.7997    25.7992    8.45796 0.0000e+00
       2135     56.622    -1.1188    -1.1227   2.597583   2.597256     2.1725     2.6377      8.099     0.8251     0.7401 2.2745e-01    -0.0986   102.4964     8.4256     8.7686    32.0910    32.0907    25.7995    25.7994    8.45799 0.0000e+00
       2138     56.704    -1.1187    -1.1225   2.597604   2.597278     2.1717     2.6373      8.099     0.8357     0.7006 2.2174e-01    -0.0993   102.5145     8.4265     8.7703    32.0911    32.0907    25.7996    25.7994    8.45797 0.0000e+00
       2141     56.784    -1.1189    -1.1225   2.597591   2.597268     2.1721     2.6369      8.099     0.8357     0.7006 2.1971e-01    -0.0993   102.5145     8.4325     8.7694    32.0911    32.0906    25.7995    25.7993    8.45800 0.0000e+00
       2144     56.865    -1.1186    -1.1228   2.597588   2.597228     2.1721     2.6369      8.099     0.8357     0.7401 2.1542e-01    -0.0990   102.5055     8.4333     8.7691    32.0907    32.0903    25.7993    25.7991    8.45797 0.0000e+00
       2147     56.942    -1.1190    -1.1227   2.597619   2.597216     2.1705     2.6361      8.099     0.8569     0.7006 2.1175e-01    -0.0993   102.5145     8.4249     8.7702    32.0915    32.0900    25.7999    25.7988    8.45800 0.0000e+00
       2150     57.020    -1.1188    -1.1227   2.597595   2.597291     2.1697     2.6353      8.099     0.8569     0.5822 2.1393e-01    -0.0993   102.5145     8.4217     8.7697    32.0909    32.0910    25.7994    25.7996    8.45799 0.0000e+00
       2153     57.099    -1.1184    -1.1226   2.597653   2.597281     2.1701     2.6345      8.099     0.8569     0.1479 2.1542e-01    -0.0990   102.5055     8.4197     8.7684    32.0913    32.0907    25.7997    25.7993    8.45789 0.0000e+00
       2156     57.178    -1.1178    -1.1225   2.597681   2.597275     2.1701     2.6349      8.099     0.8675     0.1479 2.0856e-01    -0.1004   102.5416     8.4227     8.7719    32.0909    32.0904    25.7994    25.7992    8.45777 0.0000e+00
       2159     57.260    -1.1181    -1.1226   2.597688   2.597267     2.1693     2.6337      8.099     0.8569     0.1479 2.0735e-01    -0.1000   102.5326     8.4197     8.7688    32.0913    32.0904    25.7997    25.7991    8.45782 0.0000e+00
       2162     57.342    -1.1178    -1.1227   2.597705   2.597254     2.1697     2.6349      8.099     0.8675     0.1084 2.1050e-01    -0.1000   102.5326     8.4269     8.7735    32.0912    32.0903    25.7996    25.7990    8.45775 0.0000e+00
       2165     57.427    -1.1181    -1.1228   2.597677   2.597267     2.1693     2.6337      8.099     0.8569     0.1479 2.0783e-01    -0.1004   102.5416     8.4240     8.7698    32.0910    32.0905    25.7995    25.7992    8.45782 0.0000e+00
       2168     57.513    -1.1181    -1.1229   2.597676   2.597275     2.1689     2.6337      8.099     0.8569     0.1479 2.0261e-01    -0.1004   102.5416     8.4244     8.7759    32.0910    32.0906    25.7995    25.7993    8.45784 0.0000e+00
       2171     57.601    -1.1183    -1.1230   2.597688   2.597254     2.1685     2.6337      8.099     0.8569     0.1479 1.9663e-01    -0.1004   102.5416     8.4257     8.7775    32.0912    32.0904    25.7997    25.7991    8.45785 0.0000e+00
       2174     57.697    -1.1182    -1.1231   2.597686   2.597244     2.1681     2.6324      8.099     0.8251     0.1479 2.0262e-01    -0.1004   102.5416     8.4189     8.7747    32.0911    32.0904    25.7996    25.7991    8.45785 0.0000e+00
       2177     57.790    -1.1182    -1.1232   2.597682   2.597249     2.1676     2.6324      8.097     0.8251     0.1479 1.9845e-01    -0.1015   102.5687     8.4152     8.7747    32.0910    32.0905    25.7995    25.7992    8.45785 0.0000e+00
       2180     57.888    -1.1184    -1.1232   2.597644   2.597268     2.1685     2.6320      8.099     0.8463     0.2664 1.9799e-01    -0.1011   102.5597     8.4186     8.7727    32.0907    32.0907    25.7992    25.7993    8.45793 0.0000e+00
       2183     57.992    -1.1188    -1.1231   2.597651   2.597281     2.1672     2.6316      8.099     0.8251     0.2664 1.9415e-01    -0.1015   102.5687     8.4115     8.7716    32.0911    32.0906    25.7996    25.7993    8.45799 0.0000e+00
       2186     58.098    -1.1182    -1.1224   2.597727   2.597326     2.1685     2.6312      8.096     0.8251     0.2664 1.9259e-01    -0.1015   102.5687     8.4198     8.7688    32.0915    32.0905    25.7998    25.7991    8.45784 0.0000e+00
       2189     58.209    -1.1175    -1.1221   2.597769   2.597336     2.1660     2.6316      8.099     0.8357     0.2664 1.8949e-01    -0.1015   102.5687     8.4090     8.7742    32.0912    32.0902    25.7996    25.7990    8.45769 0.0000e+00
       2192     58.325    -1.1172    -1.1220   2.597770   2.597357     2.1672     2.6320      8.099     0.8251     0.2269 1.8947e-01    -0.1015   102.5687     8.4186     8.7779    32.0908    32.0904    25.7992    25.7991    8.45763 0.0000e+00
       2195     58.447    -1.1172    -1.1219   2.597774   2.597368     2.1660     2.6304      8.097     0.8357     0.2664 1.8580e-01    -0.1022   102.5868     8.4137     8.7726    32.0908    32.0903    25.7993    25.7990    8.45763 0.0000e+00
       2198     58.571    -1.1171    -1.1217   2.597794   2.597372     2.1652     2.6308      8.097     0.8357     0.2664 1.8665e-01    -0.1025   102.5959     8.4096     8.7784    32.0909    32.0901    25.7993    25.7989    8.45761 0.0000e+00
       2201     58.697    -1.1165    -1.1215   2.597817   2.597381     2.1660     2.6304      8.097     0.8357     0.2664 1.8238e-01    -0.1022   102.5868     8.4113     8.7793    32.0905    32.0899    25.7990    25.7987    8.45750 0.0000e+00
       2204     58.826    -1.1163    -1.1214   2.597805   2.597375     2.1652     2.6300      8.096     0.8145     0.0690 1.8282e-01    -0.1025   102.5959     8.4099     8.7786    32.0900    32.0897    25.7986    25.7985    8.45748 0.0000e+00
