Datasets/AZMP/TEL210/tel210_2020_008.cnv
* Sea-Bird SBE 9 Data File:
* FileName = C:\CTDDATA\tel210_2020_008.hex
* Software Version Seasave V 7.26.7.110
* Temperature SN = 1697
* Conductivity SN = 4216
* Number of Bytes Per Scan = 30
* Number of Voltage Words = 4
* Number of Scans Averaged by the Deck Unit = 1
* NMEA baud rate = 4800
** VESSEL/TRIP/SEQ STN:  tel210_2020_008
** LATITUDE XX XX.XX: 47 00.00 N
** LONGITUDE XX XX.XX: 051 29.10 W
** SOUNDING DEPTH (M): 0100
** PROBE TYPE: S1146
** CTD NUMBER: 007
** COMMENTS (14 CHAR): FC-06
** BOTTLES:  8
** LEVELS: 5,10,20,30,40,50,75,BTM
** STICKERS: 435789 - 435796
** VNET: Y
** DO2: Y
# nquan = 22
# nvalues = 2149                        
# units = specified
# name 0 = scan: Scan Count
# name 1 = prDM: Pressure, Digiquartz [db]
# name 2 = t090C: Temperature [ITS-90, deg C]
# name 3 = t190C: Temperature, 2 [ITS-90, deg C]
# name 4 = c0S/m: Conductivity [S/m]
# name 5 = c1S/m: Conductivity, 2 [S/m]
# name 6 = sbeox0V: Oxygen raw, SBE 43 [V]
# name 7 = sbeox1V: Oxygen raw, SBE 43, 2 [V]
# name 8 = ph: pH
# name 9 = flECO-AFL: Fluorescence, WET Labs ECO-AFL/FL [mg/m^3]
# name 10 = wetCDOM: Fluorescence, WET Labs CDOM [mg/m^3]
# name 11 = par/sat/log: PAR/Logarithmic, Satlantic [umol photons/m^2/sec]
# name 12 = CStarAt0: Beam Attenuation, WET Labs C-Star [1/m]
# name 13 = CStarTr0: Beam Transmission, WET Labs C-Star [%]
# name 14 = sbeox0ML/L: Oxygen, SBE 43 [ml/l], WS = 2
# name 15 = sbeox1ML/L: Oxygen, SBE 43, 2 [ml/l], WS = 2
# name 16 = sal00: Salinity, Practical [PSU]
# name 17 = sal11: Salinity, Practical, 2 [PSU]
# name 18 = sigma-t00: Density [sigma-t, kg/m^3 ]
# name 19 = sigma-t11: Density, 2 [sigma-t, kg/m^3 ]
# name 20 = oxsatML/L: Oxygen Saturation, Weiss [ml/l]
# name 21 = flag: flag
# span 0 =          2,      27813       
# span 1 =      0.462,     98.586       
# span 2 =     0.2961,    11.7429       
# span 3 =     0.2907,    11.7388       
# span 4 =   2.773661,   3.685897       
# span 5 =   2.773215,   3.685311       
# span 6 =     1.8925,     2.3751       
# span 7 =     2.2991,     2.9796       
# span 8 =      7.783,      8.114       
# span 9 =    -0.5308,     0.6902       
# span 10 =    -2.8130,   482.1870      
# span 11 = 1.0715e-01, 2.1926e+02      
# span 12 =    -0.1120,     2.2314      
# span 13 =    57.2445,   102.8400      
# span 14 =     6.3066,     8.1003      
# span 15 =     6.2273,     8.7684      
# span 16 =    32.0009,    32.9277      
# span 17 =    32.0735,    32.9112      
# span 18 =    24.4388,    26.3967      
# span 19 =    24.4277,    26.3964      
# span 20 =    6.19327,    8.09738      
# span 21 = 0.0000e+00, 0.0000e+00      
# interval = scans: 3                   
# start_time = Jul 15 2020 16:05:42 [System UTC, header]
# bad_flag = -9.990e-29
*END*
[from data line 396]
       1556     36.595     4.0667     4.0469   3.050554   3.049643     2.3077     2.8348      8.107     0.4155   481.1211 7.5994e+00    -0.0493   101.2394     7.7824     8.1936    32.4847    32.4936    25.7791    25.7881    7.37378 0.0000e+00
       1559     36.648     4.0419     4.0178   3.048215   3.047439     2.3073     2.8332      8.107     0.4257   481.1211 7.5818e+00    -0.0489   101.2304     7.7824     8.1863    32.4817    32.4965    25.7792    25.7933    7.37844 0.0000e+00
       1562     36.698     4.0204     4.0013   3.046318   3.045212     2.3065     2.8328      8.107     0.4257   481.1211 7.5556e+00    -0.0582   101.4655     7.7784     8.1824    32.4807    32.4866    25.7804    25.7871    7.38241 0.0000e+00
       1565     36.747     3.9991     3.9806   3.044457   3.043035     2.3065     2.8324      8.107     0.4257   481.1211 7.5381e+00    -0.0610   101.5378     7.7794     8.1791    32.4797    32.4814    25.7818    25.7849    7.38633 0.0000e+00
       1568     36.796     3.9717     3.9553   3.042284   3.041416     2.3065     2.8311      8.107     0.4155   481.1211 7.5207e+00    -0.0610   101.5378     7.7823     8.1731    32.4813    32.4874    25.7857    25.7922    7.39125 0.0000e+00
       1571     36.845     3.9496     3.9334   3.040621   3.039674     2.3053     2.8299      8.107     0.4155   481.1211 7.5034e+00    -0.0610   101.5378     7.7804     8.1690    32.4836    32.4884    25.7897    25.7952    7.39518 0.0000e+00
       1574     36.894     3.9325     3.9178   3.039195   3.038035     2.3053     2.8291      8.107     0.4155   481.1211 7.5034e+00    -0.0610   101.5378     7.7839     8.1672    32.4837    32.4846    25.7915    25.7935    7.39831 0.0000e+00
       1577     36.939     3.9178     3.8990   3.037466   3.035663     2.3053     2.8275      8.107     0.4155   481.1211 7.4947e+00    -0.0607   101.5288     7.7911     8.1660    32.4779    32.4752    25.7882    25.7879    7.40129 0.0000e+00
       1580     36.988     3.8849     3.8583   3.034505   3.032018     2.3040     2.8258      8.107     0.4257   481.1211 7.4688e+00    -0.0614   101.5469     7.7967     8.1729    32.4755    32.4724    25.7895    25.7897    7.40743 0.0000e+00
       1583     37.039     3.8515     3.8246   3.031976   3.029521     2.3036     2.8246      8.108     0.4257   481.1211 7.4515e+00    -0.0668   101.6825     7.8079     8.1850    32.4787    32.4763    25.7953    25.7960    7.41341 0.0000e+00
       1586     37.094     3.8238     3.7978   3.029305   3.027251     2.3024     2.8234      8.108     0.4257   153.8793 7.4257e+00    -0.0668   101.6825     7.8175     8.1982    32.4745    32.4761    25.7947    25.7984    7.41869 0.0000e+00
       1589     37.149     3.7938     3.7747   3.026884   3.025358     2.3036     2.8226      8.108     0.4155    -2.7340 7.4000e+00    -0.0671   101.6916     7.8368     8.2170    32.4757    32.4766    25.7984    25.8010    7.42416 0.0000e+00
       1592     37.204     3.7700     3.7585   3.024798   3.023974     2.3016     2.8209      8.108     0.4155    -0.1284 7.3573e+00    -0.0675   101.7006     7.8445     8.2319    32.4746    32.4762    25.7998    25.8023    7.42859 0.0000e+00
       1595     37.265     3.7452     3.7376   3.022649   3.022174     2.3020     2.8201      8.108     0.4257    -0.0889 7.3149e+00    -0.0671   101.6916     7.8586     8.2523    32.4738    32.4757    25.8015    25.8038    7.43321 0.0000e+00
       1598     37.327     3.7248     3.7152   3.020874   3.019996     2.3016     2.8201      8.108     0.4257    -0.0889 7.2812e+00    -0.0668   101.6825     7.8656     8.2761    32.4729    32.4721    25.8028    25.8031    7.43701 0.0000e+00
       1601     37.396     3.6959     3.6785   3.018144   3.016630     2.3028     2.8205      8.108     0.4155    -0.0889 7.2476e+00    -0.0689   101.7368     7.8808     8.3008    32.4692    32.4686    25.8026    25.8038    7.44253 0.0000e+00
       1604     37.464     3.6610     3.6378   3.014651   3.012874     2.3028     2.8205      8.108     0.3443    -0.0889 7.2142e+00    -0.0760   101.9176     7.8920     8.3219    32.4624    32.4645    25.8005    25.8042    7.44932 0.0000e+00
       1607     37.535     3.6129     3.5941   3.010271   3.008274     2.3036     2.8226      8.109     0.3036    -0.0889 7.1808e+00    -0.0760   101.9176     7.9037     8.3466    32.4582    32.4532    25.8016    25.7994    7.45846 0.0000e+00
       1610     37.612     3.5639     3.5423   3.006178   3.004173     2.3040     2.8234      8.109     0.3036    16.0975 7.0983e+00    -0.0760   101.9176     7.9114     8.3636    32.4582    32.4559    25.8062    25.8063    7.46755 0.0000e+00
       1613     37.693     3.5195     3.4928   3.002431   3.000004     2.3049     2.8246      8.109     0.3138   438.3258 7.0248e+00    -0.0760   101.9176     7.9180     8.3790    32.4578    32.4555    25.8099    25.8105    7.47584 0.0000e+00
       1616     37.775     3.4760     3.4528   2.998694   2.996568     2.3053     2.8250      8.109     0.3036   481.7133 6.9682e+00    -0.0760   101.9176     7.9248     8.3876    32.4566    32.4543    25.8129    25.8133    7.48402 0.0000e+00
       1619     37.868     3.4439     3.4240   2.995569   2.994176     2.3032     2.8262      8.109     0.3036   480.9632 6.9040e+00    -0.0760   101.9176     7.9137     8.3924    32.4513    32.4545    25.8117    25.8161    7.49029 0.0000e+00
       1622     37.965     3.4043     3.3826   2.991632   2.990257     2.3032     2.8262      8.109     0.3138   481.1211 6.8326e+00    -0.0788   101.9900     7.9111     8.3922    32.4436    32.4489    25.8092    25.8153    7.49806 0.0000e+00
       1625     38.063     3.3500     3.3243   2.986486   2.985124     2.3028     2.8246      8.110     0.3036   481.1211 6.7619e+00    -0.0809   102.0443     7.9117     8.3883    32.4363    32.4456    25.8082    25.8179    7.50863 0.0000e+00
       1628     38.165     3.2957     3.2826   2.982281   2.981554     2.3028     2.8254      8.110     0.3036   481.1211 6.6996e+00    -0.0813   102.0533     7.9147     8.3879    32.4401    32.4445    25.8161    25.8208    7.51864 0.0000e+00
       1631     38.270     3.2465     3.2364   2.977879   2.977235     2.3004     2.8234      8.110     0.2426   481.1211 6.6456e+00    -0.0813   102.0533     7.9082     8.3808    32.4364    32.4388    25.8176    25.8204    7.52809 0.0000e+00
       1634     38.378     3.1900     3.1737   2.972574   2.971263     2.3008     2.8230      8.110     0.1917   481.1211 6.5616e+00    -0.0813   102.0533     7.9185     8.3887    32.4292    32.4298    25.8168    25.8187    7.53913 0.0000e+00
       1637     38.488     3.1306     3.1084   2.967267   2.966035     2.3004     2.8230      8.110     0.2018   376.1068 6.4937e+00    -0.0813   102.0533     7.9311     8.3993    32.4247    32.4321    25.8184    25.8263    7.55059 0.0000e+00
       1640     38.597     3.0881     3.0758   2.964317   2.963863     2.3004     2.8230      8.114     0.2018    -0.5232 6.4340e+00    -0.0809   102.0443     7.9438     8.4041    32.4317    32.4387    25.8277    25.8343    7.55830 0.0000e+00
       1643     38.709     3.0653     3.0606   2.962923   2.962585     2.2992     2.8226      8.114     0.2222     1.0954 6.3821e+00    -0.0845   102.1347     7.9475     8.4073    32.4379    32.4384    25.8346    25.8354    7.56234 0.0000e+00
       1646     38.819     3.0580     3.0535   2.962609   2.962108     2.2983     2.8218      8.114     0.2018     2.1614 6.3306e+00    -0.0856   102.1618     7.9442     8.4100    32.4413    32.4398    25.8379    25.8371    7.56354 0.0000e+00
       1649     38.933     3.0579     3.0527   2.962582   2.962240     2.2979     2.8209      8.114     0.2120     2.1614 6.2796e+00    -0.0856   102.1618     7.9447     8.4109    32.4410    32.4421    25.8377    25.8390    7.56358 0.0000e+00
       1652     39.045     3.1192     3.1339   2.973698   2.974891     2.2979     2.8205      8.114     0.2222     2.0429 6.2434e+00    -0.0856   102.1618     7.9298     8.3885    32.5136    32.5132    25.8903    25.8887    7.54830 0.0000e+00
       1655     39.155     3.3184     3.3270   2.995080   2.994485     2.2971     2.8214      8.113     0.1815     2.0824 6.1788e+00    -0.0856   102.1618     7.8823     8.3465    32.5706    32.5548    25.9181    25.9048    7.50784 0.0000e+00
       1658     39.266     3.4086     3.3970   3.000788   2.999219     2.2971     2.8209      8.111     0.1205     2.0429 6.1360e+00    -0.0852   102.1528     7.8637     8.3283    32.5484    32.5412    25.8922    25.8876    7.49203 0.0000e+00
       1661     39.373     3.4340     3.4249   3.002182   3.001250     2.2971     2.8205      8.109     0.1205     2.0429 6.1007e+00    -0.0863   102.1799     7.8604     8.3193    32.5395    32.5375    25.8829    25.8821    7.48772 0.0000e+00
       1664     39.481     3.4408     3.4358   3.002458   3.001752     2.2971     2.8205      8.109     0.1205     1.0954 6.0585e+00    -0.0937   102.3698     7.8626     8.3162    32.5360    32.5326    25.8794    25.8772    7.48663 0.0000e+00
       1667     39.586     3.4205     3.3893   2.998938   2.995559     2.2959     2.8205      8.109     0.1205     0.1084 6.0236e+00    -0.0940   102.3788     7.8654     8.3289    32.5141    32.5049    25.8639    25.8593    7.49152 0.0000e+00
       1670     39.686     3.2864     3.2502   2.984810   2.982225     2.2947     2.8197      8.110     0.1205     0.1479 5.9612e+00    -0.0940   102.3788     7.8918     8.3608    32.4790    32.4843    25.8479    25.8554    7.51844 0.0000e+00
       1673     39.786     3.1714     3.1496   2.976173   2.974984     2.2955     2.8205      8.110     0.1103     0.1479 5.9406e+00    -0.0944   102.3879     7.9193     8.3880    32.4905    32.4981    25.8673    25.8753    7.53956 0.0000e+00
       1676     39.885     3.1153     3.1025   2.973179   2.972531     2.2943     2.8189      8.111     0.1205     0.1479 5.8791e+00    -0.0940   102.3788     7.9231     8.3911    32.5108    32.5159    25.8884    25.8936    7.54915 0.0000e+00
       1679     39.984     3.1006     3.0904   2.973030   2.972409     2.2947     2.8181      8.111     0.1205     0.1479 5.8385e+00    -0.0940   102.3788     7.9275     8.3898    32.5238    32.5266    25.9001    25.9032    7.55129 0.0000e+00
       1682     40.083     3.0918     3.0840   2.972592   2.971893     2.2939     2.8181      8.111     0.0594     0.1479 5.8048e+00    -0.0944   102.3879     7.9243     8.3957    32.5273    32.5267    25.9036    25.9039    7.55278 0.0000e+00
       1685     40.179     3.0728     3.0660   2.970922   2.970360     2.2939     2.8173      8.111     0.0086     0.1479 5.7780e+00    -0.0962   102.4331     7.9312     8.4005    32.5262    32.5263    25.9044    25.9050    7.55644 0.0000e+00
       1688     40.273     3.0520     3.0437   2.969199   2.968528     2.2939     2.8173      8.111     0.0086     0.1479 5.7248e+00    -0.0962   102.4331     7.9382     8.4093    32.5264    32.5266    25.9063    25.9072    7.56040 0.0000e+00
       1691     40.365     3.0334     3.0222   2.967635   2.966762     2.2931     2.8173      8.111    -0.0016     1.2533 5.6918e+00    -0.0962   102.4331     7.9415     8.4167    32.5262    32.5269    25.9078    25.9093    7.56394 0.0000e+00
       1694     40.456     3.0203     3.0112   2.966621   2.966014     2.2927     2.8181      8.111    -0.0016     1.4902 5.6590e+00    -0.0962   102.4331     7.9413     8.4251    32.5270    32.5288    25.9096    25.9118    7.56639 0.0000e+00
       1697     40.551     3.0124     3.0050   2.966121   2.965567     2.2918     2.8181      8.111     0.0086     1.4507 5.6199e+00    -0.0962   102.4331     7.9410     8.4306    32.5289    32.5296    25.9118    25.9129    7.56780 0.0000e+00
       1700     40.643     3.0083     3.0025   2.965819   2.965342     2.2914     2.8169      8.109    -0.0016     1.4507 5.5875e+00    -0.0962   102.4331     7.9446     8.4325    32.5294    32.5294    25.9124    25.9130    7.56856 0.0000e+00
       1703     40.735     3.0040     2.9997   2.965505   2.965040     2.2914     2.8173      8.108     0.0086     1.4507 5.5425e+00    -0.0944   102.3879     7.9484     8.4378    32.5298    32.5285    25.9132    25.9125    7.56936 0.0000e+00
       1706     40.827     3.0003     2.9934   2.965110   2.964484     2.2914     2.8181      8.108     0.0086     1.4507 5.5169e+00    -0.0937   102.3698     7.9509     8.4434    32.5287    32.5281    25.9126    25.9127    7.57010 0.0000e+00
       1709     40.915     2.9930     2.9870   2.964431   2.963974     2.2910     2.8181      8.109     0.0492     1.4507 5.4851e+00    -0.0940   102.3788     7.9522     8.4443    32.5278    32.5283    25.9126    25.9135    7.57154 0.0000e+00
       1712     40.998     2.9857     2.9834   2.963823   2.963577     2.2910     2.8177      8.108     0.0696     1.4507 5.4409e+00    -0.0937   102.3698     7.9572     8.4418    32.5278    32.5271    25.9132    25.9128    7.57294 0.0000e+00
       1715     41.080     2.9826     2.9783   2.963040   2.963227     2.2902     2.8169      8.108     0.0594     1.6876 5.4221e+00    -0.0940   102.3788     7.9593     8.4389    32.5214    32.5279    25.9083    25.9139    7.57386 0.0000e+00
       1718     41.152     2.9775     2.9737   2.963190   2.962804     2.2902     2.8173      8.108     0.0492     3.7011 5.3970e+00    -0.0940   102.3788     7.9626     8.4406    32.5283    32.5275    25.9143    25.9139    7.57448 0.0000e+00
       1721     41.219     2.9697     2.9620   2.962424   2.961771     2.2906     2.8177      8.106     0.0492     3.7800 5.3721e+00    -0.0937   102.3698     7.9672     8.4466    32.5269    32.5267    25.9138    25.9143    7.57604 0.0000e+00
       1724     41.284     2.9609     2.9563   2.961796   2.961355     2.2910     2.8181      8.109     0.0696     3.7800 5.3412e+00    -0.1022   102.5868     7.9701     8.4495    32.5281    32.5274    25.9155    25.9153    7.57766 0.0000e+00
       1727     41.341     2.9582     2.9538   2.961588   2.961122     2.2906     2.8181      8.106     0.0594     3.7405 5.3289e+00    -0.1036   102.6230     7.9692     8.4475    32.5282    32.5271    25.9159    25.9153    7.57816 0.0000e+00
       1730     41.391     2.9572     2.9462   2.961240   2.960456     2.2894     2.8173      8.106     0.0696     3.7010 5.3104e+00    -0.1036   102.6230     7.9626     8.4442    32.5251    32.5267    25.9134    25.9156    7.57852 0.0000e+00
       1733     41.434     2.9496     2.9434   2.960687   2.960274     2.2894     2.8169      8.106     0.0391     3.7800 5.2920e+00    -0.1036   102.6230     7.9653     8.4441    32.5260    32.5272    25.9148    25.9163    7.57992 0.0000e+00
       1736     41.473     2.9449     2.9332   2.960372   2.959466     2.2898     2.8173      8.106    -0.0016     3.7010 5.2859e+00    -0.1036   102.6230     7.9660     8.4486    32.5269    32.5277    25.9160    25.9176    7.58078 0.0000e+00
       1739     41.510     2.9425     2.9276   2.960400   2.959057     2.2898     2.8173      8.106    -0.0016     3.7405 5.2737e+00    -0.1036   102.6230     7.9633     8.4458    32.5296    32.5284    25.9183    25.9186    7.58108 0.0000e+00
       1742     41.541     2.9374     2.9265   2.959810   2.959104     2.2890     2.8169      8.108     0.0187     2.3587 5.2615e+00    -0.1032   102.6140     7.9576     8.4382    32.5277    32.5301    25.9172    25.9200    7.58217 0.0000e+00
       1745     41.568     2.9301     2.9211   2.959265   2.958864     2.2894     2.8181      8.106     0.0086    -0.5627 5.2676e+00    -0.1057   102.6773     7.9555     8.4388    32.5284    32.5326    25.9184    25.9225    7.58352 0.0000e+00
