Datasets/AZMP/TEL210/tel210_2020_048.cnv
* Sea-Bird SBE 9 Data File:
* FileName = C:\CTDDATA\tel210_2020_048.hex
* Software Version Seasave V 7.26.7.110
* Temperature SN = 1697
* Conductivity SN = 4216
* Number of Bytes Per Scan = 30
* Number of Voltage Words = 4
* Number of Scans Averaged by the Deck Unit = 1
* NMEA baud rate = 4800
** VESSEL/TRIP/SEQ STN:  tel210_2020_048
** LATITUDE XX XX.XX: 49 41.00 N
** LONGITUDE XX XX.XX: 050 01.00 W
** SOUNDING DEPTH (M): 0602
** PROBE TYPE: S1146
** CTD NUMBER: 038
** COMMENTS (14 CHAR): BB-11
** BOTTLES:  12
** LEVELS: 5,10,20,30,40,50,75,100,150,250,500,BTM
** STICKERS: 436011 - 436022
** VNET: Y
** DO2: N
# nquan = 22
# nvalues = 13889                       
# units = specified
# name 0 = scan: Scan Count
# name 1 = prDM: Pressure, Digiquartz [db]
# name 2 = t090C: Temperature [ITS-90, deg C]
# name 3 = t190C: Temperature, 2 [ITS-90, deg C]
# name 4 = c0S/m: Conductivity [S/m]
# name 5 = c1S/m: Conductivity, 2 [S/m]
# name 6 = sbeox0V: Oxygen raw, SBE 43 [V]
# name 7 = sbeox1V: Oxygen raw, SBE 43, 2 [V]
# name 8 = ph: pH
# name 9 = flECO-AFL: Fluorescence, WET Labs ECO-AFL/FL [mg/m^3]
# name 10 = wetCDOM: Fluorescence, WET Labs CDOM [mg/m^3]
# name 11 = par/sat/log: PAR/Logarithmic, Satlantic [umol photons/m^2/sec]
# name 12 = CStarAt0: Beam Attenuation, WET Labs C-Star [1/m]
# name 13 = CStarTr0: Beam Transmission, WET Labs C-Star [%]
# name 14 = sbeox0ML/L: Oxygen, SBE 43 [ml/l], WS = 2
# name 15 = sbeox1ML/L: Oxygen, SBE 43, 2 [ml/l], WS = 2
# name 16 = sal00: Salinity, Practical [PSU]
# name 17 = sal11: Salinity, Practical, 2 [PSU]
# name 18 = sigma-t00: Density [sigma-t, kg/m^3 ]
# name 19 = sigma-t11: Density, 2 [sigma-t, kg/m^3 ]
# name 20 = oxsatML/L: Oxygen Saturation, Weiss [ml/l]
# name 21 = flag: flag
# span 0 =        120,      86495       
# span 1 =      0.290,    611.380       
# span 2 =     3.0301,     9.4759       
# span 3 =     3.0230,     9.3923       
# span 4 =   3.126119,   3.519891       
# span 5 =   3.125517,   3.510734       
# span 6 =     1.9328,     2.6439       
# span 7 =     2.3285,     3.2398       
# span 8 =      8.009,      8.326       
# span 9 =     0.6029,    13.8198       
# span 10 =    -2.8130,   482.1870      
# span 11 = 1.0715e-01, 2.2763e+03      
# span 12 =    -0.1226,     0.4607      
# span 13 =    89.1216,   103.1113      
# span 14 =     6.5350,     8.9121      
# span 15 =     6.8156,     9.3190      
# span 16 =    32.3306,    34.8427      
# span 17 =    32.4593,    34.8436      
# span 18 =    24.9812,    27.7261      
# span 19 =    25.0965,    27.7272      
# span 20 =    6.49432,    7.46795      
# span 21 = 0.0000e+00, 0.0000e+00      
# interval = scans: 3                   
# start_time = Jul 20 2020 17:02:43 [System UTC, header]
# bad_flag = -9.990e-29
*END*
[from data line 7968]
      31515    450.938     3.3837     3.3822   3.204797   3.204669     1.9668     2.3733      8.028     0.7193     0.5032 1.0715e-01    -0.1141   102.8943     6.7388     7.0246    34.8067    34.8068    27.6945    27.6947    7.38470 0.0000e+00
      31518    450.891     3.3844     3.3837   3.204904   3.204702     1.9668     2.3733      8.026     0.7299     0.5032 1.0715e-01    -0.1134   102.8762     6.7385     7.0226    34.8073    34.8056    27.6949    27.6936    7.38454 0.0000e+00
      31521    450.849     3.3849     3.3826   3.204926   3.204642     1.9668     2.3725      8.026     0.7299     0.5032 1.0715e-01    -0.1134   102.8762     6.7387     7.0202    34.8070    34.8061    27.6947    27.6941    7.38446 0.0000e+00
      31524    450.809     3.3857     3.3821   3.204970   3.204636     1.9672     2.3733      8.028     0.7299     0.5032 1.0715e-01    -0.1138   102.8853     6.7383     7.0227    34.8068    34.8066    27.6944    27.6946    7.38434 0.0000e+00
      31527    450.768     3.3866     3.3821   3.204986   3.204636     1.9668     2.3721      8.028     0.7299     0.5032 1.0715e-01    -0.1141   102.8943     6.7350     7.0186    34.8060    34.8066    27.6936    27.6946    7.38420 0.0000e+00
      31530    450.732     3.3873     3.3822   3.205027   3.204635     1.9664     2.3733      8.026     0.7299    -0.4048 1.0715e-01    -0.1141   102.8943     6.7325     7.0238    34.8057    34.8065    27.6934    27.6945    7.38408 0.0000e+00
      31533    450.697     3.3878     3.3828   3.205067   3.204622     1.9668     2.3737      8.028     0.7299    -1.3523 1.0715e-01    -0.1141   102.8943     6.7317     7.0260    34.8058    34.8057    27.6934    27.6938    7.38400 0.0000e+00
      31536    450.664     3.3882     3.3826   3.205044   3.204610     1.9668     2.3737      8.026     0.7299    -1.3128 1.0727e-01    -0.1141   102.8943     6.7317     7.0234    34.8050    34.8058    27.6927    27.6939    7.38396 0.0000e+00
      31539    450.627     3.3883     3.3822   3.205051   3.204607     1.9668     2.3729      8.028     0.7299    -1.2733 1.0715e-01    -0.1138   102.8853     6.7321     7.0207    34.8050    34.8061    27.6927    27.6942    7.38394 0.0000e+00
      31542    450.592     3.3884     3.3819   3.205012   3.204597     1.9672     2.3729      8.028     0.6981    -1.3523 1.0727e-01    -0.1138   102.8853     6.7346     7.0223    34.8044    34.8064    27.6922    27.6944    7.38394 0.0000e+00
      31545    450.555     3.3883     3.3818   3.204990   3.204575     1.9672     2.3733      8.028     0.6875    -1.3523 1.0715e-01    -0.1138   102.8853     6.7338     7.0248    34.8043    34.8063    27.6922    27.6943    7.38397 0.0000e+00
      31548    450.516     3.3882     3.3817   3.205007   3.204521     1.9664     2.3729      8.028     0.6770    -1.3128 1.0715e-01    -0.1141   102.8943     6.7283     7.0219    34.8047    34.8058    27.6925    27.6940    7.38398 0.0000e+00
      31551    450.477     3.3883     3.3814   3.205036   3.204535     1.9664     2.3733      8.028     0.6875    -1.2733 1.0715e-01    -0.1134   102.8762     6.7302     7.0225    34.8049    34.8063    27.6926    27.6944    7.38394 0.0000e+00
      31554    450.437     3.3881     3.3810   3.205019   3.204532     1.9660     2.3741      8.028     0.7087    -1.3523 1.0715e-01    -0.1134   102.8762     6.7294     7.0243    34.8049    34.8067    27.6927    27.6948    7.38397 0.0000e+00
      31557    450.393     3.3883     3.3810   3.205006   3.204500     1.9668     2.3733      8.026     0.6876     0.1479 1.0715e-01    -0.1141   102.8943     6.7349     7.0213    34.8046    34.8063    27.6924    27.6944    7.38395 0.0000e+00
      31560    450.342     3.3878     3.3808   3.204981   3.204489     1.9676     2.3729      8.026     0.6770     0.6217 1.0727e-01    -0.1141   102.8943     6.7375     7.0209    34.8048    34.8065    27.6926    27.6946    7.38403 0.0000e+00
      31563    450.286     3.3878     3.3804   3.204935   3.204494     1.9668     2.3733      8.028     0.6981     0.6217 1.0715e-01    -0.1141   102.8943     6.7317     7.0226    34.8044    34.8069    27.6923    27.6950    7.38406 0.0000e+00
      31566    450.227     3.3871     3.3807   3.204895   3.204544     1.9668     2.3741      8.028     0.6981     0.6217 1.0715e-01    -0.1162   102.9486     6.7308     7.0236    34.8047    34.8072    27.6926    27.6952    7.38418 0.0000e+00
      31569    450.162     3.3868     3.3819   3.204851   3.204596     1.9668     2.3733      8.026     0.6875     0.6217 1.0715e-01    -0.1159   102.9395     6.7316     7.0203    34.8045    34.8067    27.6925    27.6947    7.38424 0.0000e+00
      31572    450.092     3.3863     3.3841   3.204835   3.204758     1.9660     2.3733      8.028     0.6981     0.5822 1.0715e-01    -0.1162   102.9486     6.7283     7.0192    34.8048    34.8063    27.6928    27.6942    7.38431 0.0000e+00
      31575    450.019     3.3859     3.3852   3.204832   3.204795     1.9672     2.3733      8.028     0.6981     0.6217 1.0715e-01    -0.1162   102.9486     6.7305     7.0179    34.8053    34.8056    27.6932    27.6934    7.38437 0.0000e+00
      31578    449.939     3.3857     3.3855   3.204811   3.204818     1.9672     2.3737      8.028     0.6875     0.6217 1.0715e-01    -0.1162   102.9486     6.7286     7.0204    34.8053    34.8056    27.6932    27.6935    7.38440 0.0000e+00
      31581    449.856     3.3858     3.3856   3.204893   3.204814     1.9676     2.3733      8.028     0.7087     0.4243 1.0715e-01    -0.1159   102.9395     6.7309     7.0196    34.8062    34.8054    27.6939    27.6933    7.38433 0.0000e+00
      31584    449.769     3.3863     3.3850   3.204965   3.204757     1.9664     2.3733      8.028     0.6981    -1.2733 1.0715e-01    -0.1152   102.9214     6.7279     7.0197    34.8065    34.8055    27.6941    27.6934    7.38422 0.0000e+00
      31587    449.674     3.3871     3.3850   3.205021   3.204754     1.9660     2.3733      8.028     0.6875    -1.3128 1.0715e-01    -0.1152   102.9214     6.7275     7.0191    34.8065    34.8055    27.6940    27.6935    7.38409 0.0000e+00
      31590    449.575     3.3879     3.3849   3.205033   3.204730     1.9664     2.3733      8.028     0.6770    -1.2733 1.0715e-01    -0.1148   102.9124     6.7276     7.0195    34.8058    34.8054    27.6934    27.6934    7.38397 0.0000e+00
      31593    449.472     3.3883     3.3850   3.205006   3.204751     1.9668     2.3733      8.028     0.7299    -1.3523 1.0715e-01    -0.1145   102.9033     6.7302     7.0211    34.8051    34.8055    27.6928    27.6935    7.38393 0.0000e+00
      31596    449.360     3.3885     3.3854   3.205006   3.204754     1.9660     2.3737      8.028     0.7616    -1.3523 1.0715e-01    -0.1148   102.9124     6.7242     7.0216    34.8049    34.8052    27.6926    27.6931    7.38390 0.0000e+00
      31599    449.248     3.3883     3.3856   3.204976   3.204769     1.9660     2.3733      8.028     0.7510    -1.3523 1.0727e-01    -0.1145   102.9033     6.7242     7.0201    34.8049    34.8053    27.6926    27.6932    7.38394 0.0000e+00
      31602    449.132     3.3885     3.3852   3.204935   3.204767     1.9668     2.3737      8.028     0.7616    -1.3918 1.0715e-01    -0.1145   102.9033     6.7299     7.0240    34.8042    34.8057    27.6921    27.6935    7.38394 0.0000e+00
      31605    449.009     3.3883     3.3851   3.204980   3.204760     1.9676     2.3733      8.028     0.7405    -1.2733 1.0715e-01    -0.1141   102.8943     6.7358     7.0243    34.8050    34.8059    27.6927    27.6937    7.38393 0.0000e+00
      31608    448.884     3.3889     3.3850   3.205084   3.204732     1.9672     2.3741      8.028     0.7405    -1.1549 1.0715e-01    -0.1141   102.8943     6.7352     7.0275    34.8057    34.8057    27.6932    27.6936    7.38379 0.0000e+00
      31611    448.756     3.3900     3.3849   3.205131   3.204723     1.9660     2.3733      8.028     0.7510    -0.6811 1.0715e-01    -0.1141   102.8943     6.7268     7.0226    34.8052    34.8057    27.6927    27.6937    7.38362 0.0000e+00
      31614    448.628     3.3908     3.3843   3.205141   3.204666     1.9664     2.3741      8.028     0.7616    -0.7206 1.0715e-01    -0.1141   102.8943     6.7261     7.0237    34.8045    34.8057    27.6921    27.6937    7.38351 0.0000e+00
      31617    448.497     3.3911     3.3849   3.205174   3.204754     1.9664     2.3733      8.028     0.7405    -0.7206 1.0715e-01    -0.1141   102.8943     6.7249     7.0196    34.8046    34.8062    27.6922    27.6940    7.38344 0.0000e+00
      31620    448.360     3.3917     3.3866   3.205166   3.204849     1.9664     2.3733      8.028     0.7510    -0.7206 1.0715e-01    -0.1141   102.8943     6.7242     7.0192    34.8040    34.8057    27.6916    27.6934    7.38337 0.0000e+00
      31623    448.226     3.3919     3.3877   3.205166   3.204909     1.9668     2.3741      8.028     0.7405    -0.7206 1.0715e-01    -0.1141   102.8943     6.7260     7.0214    34.8039    34.8053    27.6915    27.6930    7.38334 0.0000e+00
      31626    448.094     3.3920     3.3878   3.205169   3.204879     1.9668     2.3745      8.026     0.7405    -0.6811 1.0715e-01    -0.1141   102.8943     6.7264     7.0213    34.8039    34.8048    27.6914    27.6926    7.38332 0.0000e+00
      31629    447.959     3.3920     3.3880   3.205142   3.204870     1.9668     2.3745      8.028     0.7616    -0.7206 1.0715e-01    -0.1141   102.8943     6.7287     7.0209    34.8036    34.8046    27.6912    27.6925    7.38333 0.0000e+00
      31632    447.827     3.3923     3.3882   3.205146   3.204879     1.9660     2.3737      8.028     0.7616    -0.6811 1.0715e-01    -0.1141   102.8943     6.7284     7.0188    34.8034    34.8046    27.6911    27.6924    7.38328 0.0000e+00
      31635    447.697     3.3924     3.3881   3.205153   3.204876     1.9660     2.3733      8.026     0.7616     1.7666 1.0715e-01    -0.1141   102.8943     6.7280     7.0189    34.8035    34.8047    27.6911    27.6925    7.38326 0.0000e+00
      31638    447.568     3.3924     3.3883   3.205137   3.204897     1.9664     2.3733      8.028     0.7510     3.3852 1.0715e-01    -0.1141   102.8943     6.7289     7.0173    34.8034    34.8049    27.6910    27.6926    7.38327 0.0000e+00
      31641    447.444     3.3926     3.3885   3.205135   3.204866     1.9660     2.3737      8.028     0.7616     3.3457 1.0715e-01    -0.1141   102.8943     6.7265     7.0177    34.8032    34.8043    27.6908    27.6921    7.38324 0.0000e+00
      31644    447.322     3.3927     3.3883   3.205127   3.204877     1.9664     2.3741      8.028     0.7510     3.3457 1.0715e-01    -0.1141   102.8943     6.7263     7.0166    34.8030    34.8047    27.6907    27.6924    7.38322 0.0000e+00
      31647    447.202     3.3925     3.3884   3.205140   3.204845     1.9672     2.3737      8.026     0.7087     3.3457 1.0715e-01    -0.1141   102.8943     6.7285     7.0131    34.8034    34.8043    27.6910    27.6921    7.38324 0.0000e+00
      31650    447.087     3.3927     3.3884   3.205126   3.204847     1.9672     2.3733      8.026     0.6875     3.3457 1.0715e-01    -0.1141   102.8943     6.7282     7.0142    34.8032    34.8043    27.6908    27.6922    7.38322 0.0000e+00
      31653    446.973     3.3926     3.3886   3.205118   3.204849     1.9668     2.3741      8.028     0.6981     3.3457 1.0715e-01    -0.1141   102.8943     6.7266     7.0204    34.8032    34.8042    27.6908    27.6920    7.38323 0.0000e+00
      31656    446.862     3.3925     3.3885   3.205121   3.204832     1.9664     2.3745      8.028     0.7087     3.3457 1.0715e-01    -0.1141   102.8943     6.7240     7.0240    34.8034    34.8042    27.6911    27.6920    7.38325 0.0000e+00
      31659    446.760     3.3927     3.3884   3.205131   3.204850     1.9664     2.3745      8.028     0.6981     3.3457 1.0715e-01    -0.1141   102.8943     6.7195     7.0221    34.8033    34.8046    27.6909    27.6924    7.38320 0.0000e+00
      31662    446.661     3.3928     3.3888   3.205127   3.204853     1.9668     2.3733      8.028     0.6981     4.2933 1.0715e-01    -0.1141   102.8943     6.7175     7.0163    34.8033    34.8042    27.6909    27.6920    7.38320 0.0000e+00
      31665    446.569     3.3929     3.3889   3.205125   3.204841     1.9660     2.3733      8.028     0.6770     4.4117 1.0715e-01    -0.1148   102.9124     6.7123     7.0139    34.8032    34.8041    27.6908    27.6919    7.38318 0.0000e+00
      31668    446.481     3.3928     3.3888   3.205113   3.204822     1.9660     2.3733      8.028     0.6770     4.4117 1.0715e-01    -0.1152   102.9214     6.7101     7.0140    34.8032    34.8040    27.6909    27.6919    7.38321 0.0000e+00
      31671    446.395     3.3928     3.3887   3.205120   3.204819     1.9660     2.3737      8.028     0.7087     4.4117 1.0715e-01    -0.1152   102.9214     6.7121     7.0170    34.8033    34.8041    27.6909    27.6920    7.38319 0.0000e+00
      31674    446.313     3.3931     3.3888   3.205121   3.204819     1.9660     2.3745      8.028     0.7193     4.4117 1.0715e-01    -0.1152   102.9214     6.7136     7.0182    34.8030    34.8041    27.6907    27.6919    7.38315 0.0000e+00
      31677    446.235     3.3929     3.3888   3.205096   3.204806     1.9664     2.3745      8.028     0.7405     4.4117 1.0715e-01    -0.1152   102.9214     6.7169     7.0171    34.8030    34.8039    27.6907    27.6918    7.38318 0.0000e+00
      31680    446.161     3.3930     3.3889   3.205102   3.204816     1.9656     2.3737      8.028     0.7299     4.4117 1.0715e-01    -0.1152   102.9214     6.7170     7.0150    34.8030    34.8039    27.6907    27.6918    7.38317 0.0000e+00
      31683    446.092     3.3929     3.3888   3.205089   3.204822     1.9652     2.3737      8.028     0.7299     4.4117 1.0715e-01    -0.1148   102.9124     6.7154     7.0180    34.8030    34.8042    27.6907    27.6920    7.38319 0.0000e+00
      31686    446.028     3.3928     3.3887   3.205101   3.204813     1.9656     2.3733      8.028     0.7299     4.3722 1.0715e-01    -0.1131   102.8672     6.7175     7.0185    34.8033    34.8042    27.6909    27.6920    7.38319 0.0000e+00
      31689    445.963     3.3930     3.3887   3.205101   3.204812     1.9656     2.3737      8.028     0.7299     4.1748 1.0727e-01    -0.1131   102.8672     6.7175     7.0179    34.8031    34.8042    27.6907    27.6920    7.38316 0.0000e+00
      31692    445.901     3.3932     3.3889   3.205091   3.204807     1.9656     2.3741      8.028     0.7299     4.1748 1.0715e-01    -0.1131   102.8672     6.7188     7.0192    34.8028    34.8040    27.6905    27.6919    7.38314 0.0000e+00
      31695    445.841     3.3930     3.3889   3.205093   3.204819     1.9664     2.3741      8.028     0.7299     4.1748 1.0715e-01    -0.1131   102.8672     6.7239     7.0169    34.8031    34.8041    27.6907    27.6920    7.38317 0.0000e+00
      31698    445.780     3.3930     3.3889   3.205092   3.204806     1.9652     2.3733      8.028     0.7405     4.1748 1.0715e-01    -0.1131   102.8672     6.7203     7.0147    34.8031    34.8041    27.6907    27.6919    7.38316 0.0000e+00
      31701    445.724     3.3931     3.3887   3.205072   3.204792     1.9660     2.3741      8.028     0.7510     4.1748 1.0727e-01    -0.1131   102.8672     6.7261     7.0186    34.8028    34.8041    27.6905    27.6919    7.38316 0.0000e+00
      31704    445.667     3.3930     3.3887   3.205080   3.204813     1.9664     2.3737      8.028     0.7616     4.1748 1.0715e-01    -0.1131   102.8672     6.7271     7.0170    34.8030    34.8044    27.6907    27.6922    7.38317 0.0000e+00
