Datasets/AZMP/TEL210/tel210_2020_144.cnv
* Sea-Bird SBE 9 Data File:
* FileName = C:\CTDDATA\tel210_2020_144.hex
* Software Version Seasave V 7.26.7.110
* Temperature SN = 1697
* Conductivity SN = 4216
* Number of Bytes Per Scan = 30
* Number of Voltage Words = 4
* Number of Scans Averaged by the Deck Unit = 1
* NMEA baud rate = 4800
** VESSEL/TRIP/SEQ STN:  tel210_2020_144
** LATITUDE XX XX.XX: 47 32.80 N
** LONGITUDE XX XX.XX: 052 35.20 W
** SOUNDING DEPTH (M): 0176
** PROBE TYPE: S1146
** CTD NUMBER: 084
** COMMENTS (14 CHAR): S27-01
** BOTTLES:  10
** LEVELS: 5,10,20,30,40,50,75,100,150,BTM
** STICKERS: 436378 - 436387
** VNET: Y
** DO2: N
# nquan = 22
# nvalues = 4102                        
# units = specified
# name 0 = scan: Scan Count
# name 1 = prDM: Pressure, Digiquartz [db]
# name 2 = t090C: Temperature [ITS-90, deg C]
# name 3 = t190C: Temperature, 2 [ITS-90, deg C]
# name 4 = c0S/m: Conductivity [S/m]
# name 5 = c1S/m: Conductivity, 2 [S/m]
# name 6 = sbeox0V: Oxygen raw, SBE 43 [V]
# name 7 = sbeox1V: Oxygen raw, SBE 43, 2 [V]
# name 8 = ph: pH
# name 9 = flECO-AFL: Fluorescence, WET Labs ECO-AFL/FL [mg/m^3]
# name 10 = wetCDOM: Fluorescence, WET Labs CDOM [mg/m^3]
# name 11 = par/sat/log: PAR/Logarithmic, Satlantic [umol photons/m^2/sec]
# name 12 = CStarAt0: Beam Attenuation, WET Labs C-Star [1/m]
# name 13 = CStarTr0: Beam Transmission, WET Labs C-Star [%]
# name 14 = sbeox0ML/L: Oxygen, SBE 43 [ml/l], WS = 2
# name 15 = sbeox1ML/L: Oxygen, SBE 43, 2 [ml/l], WS = 2
# name 16 = sal00: Salinity, Practical [PSU]
# name 17 = sal11: Salinity, Practical, 2 [PSU]
# name 18 = sigma-t00: Density [sigma-t, kg/m^3 ]
# name 19 = sigma-t11: Density, 2 [sigma-t, kg/m^3 ]
# name 20 = oxsatML/L: Oxygen Saturation, Weiss [ml/l]
# name 21 = flag: flag
# span 0 =          5,      32173       
# span 1 =      1.394,    170.940       
# span 2 =    -1.4095,    13.2692       
# span 3 =    -1.4154,    13.2631       
# span 4 =   2.616737,   3.746632       
# span 5 =   2.616362,   3.746080       
# span 6 =     1.8872,     2.4006       
# span 7 =     2.2669,     2.9025       
# span 8 =      7.831,      8.153       
# span 9 =     0.6770,     2.8357       
# span 10 =    -2.8130,   482.1870      
# span 11 = 1.0545e-01, 4.9122e-01      
# span 12 =    -0.1352,     0.2147      
# span 13 =    94.7736,   103.4369      
# span 14 =     6.2306,     8.7039      
# span 15 =     6.1699,     9.1918      
# span 16 =    31.4451,    32.9430      
# span 17 =    31.3255,    32.9443      
# span 18 =    23.5953,    26.4873      
# span 19 =    23.5892,    26.4882      
# span 20 =    6.02325,    8.49223      
# span 21 = 0.0000e+00, 0.0000e+00      
# interval = scans: 3                   
# start_time = Jul 31 2020 07:13:40 [System UTC, header]
# bad_flag = -9.990e-29
*END*
[from data line 659]
       2529     62.109    -0.9884    -0.9963   2.642078   2.641431     2.0972     2.5344      7.972     0.9944    -0.2074 1.0715e-01    -0.1099   102.7858     7.9493     8.2506    32.5510    32.5509    26.1683    26.1684    8.40136 0.0000e+00
       2532     62.185    -0.9924    -0.9990   2.641817   2.641233     2.0956     2.5331      7.972     0.9944    -0.4443 1.0715e-01    -0.1099   102.7858     7.9421     8.2460    32.5518    32.5511    26.1690    26.1686    8.40225 0.0000e+00
       2535     62.249    -0.9965    -1.0019   2.641615   2.640976     2.0952     2.5315      7.969     1.0050    -1.1944 1.0715e-01    -0.1099   102.7858     7.9445     8.2407    32.5534    32.5506    26.1705    26.1684    8.40308 0.0000e+00
       2538     62.310    -0.9987    -1.0054   2.641516   2.640815     2.0952     2.5311      7.969     1.0050    -1.1549 1.0715e-01    -0.1099   102.7858     7.9477     8.2415    32.5545    32.5523    26.1714    26.1698    8.40352 0.0000e+00
       2541     62.368    -0.9994    -1.0071   2.641628   2.640787     2.0940     2.5311      7.967     1.0050    -1.1549 1.0715e-01    -0.1099   102.7858     7.9444     8.2486    32.5567    32.5537    26.1733    26.1710    8.40356 0.0000e+00
       2544     62.420    -0.9977    -1.0081   2.641866   2.640750     2.0932     2.5295      7.967     1.0050    -1.1549 1.0715e-01    -0.1096   102.7768     7.9436     8.2442    32.5580    32.5542    26.1743    26.1715    8.40308 0.0000e+00
       2547     62.467    -0.9986    -1.0077   2.642044   2.640895     2.0919     2.5295      7.967     1.0050    -1.1549 1.0715e-01    -0.1099   102.7858     7.9366     8.2451    32.5614    32.5557    26.1770    26.1727    8.40309 0.0000e+00
       2550     62.513    -0.9899    -1.0074   2.642616   2.641294     2.0924     2.5286      7.967     1.0156    -1.1549 1.0715e-01    -0.1099   102.7858     7.9329     8.2395    32.5597    32.5608    26.1754    26.1768    8.40120 0.0000e+00
       2553     62.554    -0.9881    -1.0069   2.642381   2.640956     2.0907     2.5274      7.967     1.0050    -1.1549 1.0715e-01    -0.1099   102.7858     7.9228     8.2360    32.5545    32.5556    26.1711    26.1726    8.40110 0.0000e+00
       2556     62.593    -0.9937    -1.0085   2.642293   2.640766     2.0911     2.5270      7.965     1.0050    -1.1549 1.0715e-01    -0.1099   102.7858     7.9280     8.2360    32.5594    32.5548    26.1753    26.1720    8.40210 0.0000e+00
       2559     62.631    -0.9977    -1.0034   2.642231   2.641860     2.0903     2.5262      7.965     1.0156     1.8060 1.0715e-01    -0.1099   102.7858     7.9230     8.2288    32.5628    32.5641    26.1782    26.1793    8.40280 0.0000e+00
       2562     62.670    -1.0026    -0.9674   2.641736   2.644549     2.0899     2.5270      7.964     0.9944     4.7670 1.0715e-01    -0.1099   102.7858     7.9240     8.2237    32.5615    32.5614    26.1772    26.1761    8.40401 0.0000e+00
       2565     62.709    -1.0069    -0.9731   2.641489   2.642662     2.0903     2.5258      7.965     1.0050     4.6485 1.0715e-01    -0.1103   102.7948     7.9306     8.2240    32.5628    32.5420    26.1784    26.1605    8.40492 0.0000e+00
       2568     62.747    -1.0078    -0.9966   2.641288   2.641581     2.0891     2.5250      7.964     0.9944     4.6880 1.0715e-01    -0.1110   102.8129     7.9282     8.2251    32.5609    32.5528    26.1769    26.1700    8.40522 0.0000e+00
       2571     62.788    -1.0082    -1.0057   2.641244   2.641183     2.0879     2.5238      7.962     0.9944     4.6880 1.0715e-01    -0.1110   102.8129     7.9212     8.2203    32.5608    32.5573    26.1769    26.1739    8.40533 0.0000e+00
       2574     62.831    -1.0079    -1.0111   2.641160   2.641003     2.0870     2.5221      7.964     1.0050     4.6485 1.0715e-01    -0.1110   102.8129     7.9190     8.2143    32.5594    32.5607    26.1757    26.1769    8.40535 0.0000e+00
       2577     62.876    -1.0074    -1.0130   2.641063   2.640776     2.0866     2.5225      7.962     1.0050     4.7275 1.0715e-01    -0.1110   102.8129     7.9217     8.2162    32.5574    32.5595    26.1740    26.1760    8.40533 0.0000e+00
       2580     62.924    -1.0074    -1.0126   2.640997   2.640676     2.0862     2.5209      7.962     0.9733     4.6485 1.0715e-01    -0.1110   102.8129     7.9199     8.2088    32.5566    32.5577    26.1734    26.1745    8.40540 0.0000e+00
       2583     62.976    -1.0076    -1.0123   2.640963   2.640528     2.0854     2.5205      7.962     0.9309     4.6485 1.0715e-01    -0.1106   102.8039     7.9192     8.2072    32.5562    32.5554    26.1731    26.1726    8.40546 0.0000e+00
       2586     63.034    -1.0075    -1.0123   2.640972   2.640462     2.0854     2.5213      7.962     0.9309     5.2407 1.0715e-01    -0.1092   102.7677     7.9207     8.2107    32.5562    32.5544    26.1731    26.1718    8.40543 0.0000e+00
       2589     63.098    -1.0074    -1.0129   2.640981   2.640404     2.0854     2.5201      7.962     0.9309     5.3592 1.0715e-01    -0.1089   102.7587     7.9214     8.2081    32.5562    32.5543    26.1731    26.1717    8.40542 0.0000e+00
       2592     63.165    -1.0068    -1.0128   2.641011   2.640409     2.0842     2.5185      7.962     0.9415     5.3592 1.0715e-01    -0.1089   102.7587     7.9190     8.2030    32.5559    32.5542    26.1728    26.1716    8.40529 0.0000e+00
       2595     63.237    -1.0062    -1.0123   2.641067   2.640471     2.0838     2.5177      7.962     0.9203     5.3592 1.0715e-01    -0.1089   102.7587     7.9186     8.2013    32.5559    32.5545    26.1728    26.1719    8.40514 0.0000e+00
       2598     63.317    -1.0054    -1.0120   2.641159   2.640483     2.0842     2.5177      7.962     0.9203     5.3592 1.0715e-01    -0.1089   102.7587     7.9203     8.2050    32.5563    32.5542    26.1731    26.1716    8.40495 0.0000e+00
       2601     63.402    -1.0049    -1.0118   2.641102   2.640462     2.0838     2.5168      7.962     0.9203     5.3592 1.0715e-01    -0.1089   102.7587     7.9173     8.2046    32.5549    32.5537    26.1719    26.1712    8.40491 0.0000e+00
       2604     63.492    -1.0074    -1.0122   2.640938   2.640413     2.0830     2.5160      7.962     0.9203     5.3592 1.0715e-01    -0.1092   102.7677     7.9143     8.2022    32.5553    32.5535    26.1724    26.1710    8.40546 0.0000e+00
       2607     63.587    -1.0085    -1.0131   2.640891   2.640343     2.0826     2.5164      7.962     0.9097     5.3592 1.0715e-01    -0.1120   102.8400     7.9121     8.2018    32.5559    32.5534    26.1729    26.1710    8.40569 0.0000e+00
       2610     63.691    -1.0107    -1.0147   2.640567   2.640237     2.0818     2.5144      7.962     0.9097     5.3197 1.0715e-01    -0.1124   102.8491     7.9098     8.1974    32.5538    32.5536    26.1713    26.1712    8.40631 0.0000e+00
       2613     63.797    -1.0197    -1.0191   2.639783   2.639715     2.0809     2.5136      7.960     0.9203     4.8065 1.0715e-01    -0.1120   102.8400     7.9094     8.2010    32.5528    32.5513    26.1707    26.1695    8.40842 0.0000e+00
       2616     63.910    -1.0317    -1.0288   2.639084   2.639040     2.0805     2.5132      7.962     0.9203     4.7670 1.0715e-01    -0.1120   102.8400     7.9101     8.2047    32.5562    32.5526    26.1739    26.1708    8.41096 0.0000e+00
       2619     64.031    -1.0386    -1.0372   2.638775   2.638571     2.0801     2.5132      7.960     0.9097     4.7670 1.0715e-01    -0.1120   102.8400     7.9065     8.2076    32.5595    32.5552    26.1768    26.1733    8.41236 0.0000e+00
       2622     64.154    -1.0418    -1.0434   2.638511   2.638267     2.0797     2.5136      7.960     0.8886     4.7670 1.0715e-01    -0.1124   102.8491     7.9033     8.2113    32.5593    32.5577    26.1767    26.1755    8.41310 0.0000e+00
       2625     64.281    -1.0473    -1.0471   2.638235   2.638023     2.0797     2.5128      7.957     0.8886     4.7670 1.0715e-01    -0.1120   102.8400     7.9071     8.2108    32.5614    32.5583    26.1786    26.1761    8.41423 0.0000e+00
       2628     64.414    -1.0474    -1.0506   2.638328   2.637861     2.0793     2.5111      7.957     0.8992     4.7670 1.0715e-01    -0.1120   102.8400     7.9074     8.2090    32.5628    32.5599    26.1797    26.1774    8.41419 0.0000e+00
       2631     64.549    -1.0473    -1.0523   2.638282   2.637738     2.0789     2.5111      7.957     0.8886     4.7670 1.0715e-01    -0.1120   102.8400     7.9100     8.2109    32.5620    32.5600    26.1790    26.1776    8.41420 0.0000e+00
       2634     64.690    -1.0491    -1.0535   2.638135   2.637692     2.0789     2.5107      7.957     0.8992     4.7670 1.0715e-01    -0.1120   102.8400     7.9127     8.2139    32.5617    32.5606    26.1789    26.1781    8.41462 0.0000e+00
       2637     64.832    -1.0511    -1.0546   2.637996   2.637569     2.0781     2.5103      7.957     0.8992     3.5431 1.0715e-01    -0.1120   102.8400     7.9082     8.2111    32.5620    32.5600    26.1792    26.1776    8.41508 0.0000e+00
       2640     64.975    -1.0530    -1.0574   2.637874   2.637387     2.0773     2.5099      7.957     0.8992     0.9770 1.0715e-01    -0.1120   102.8400     7.9041     8.2106    32.5623    32.5604    26.1795    26.1781    8.41548 0.0000e+00
       2643     65.119    -1.0541    -1.0595   2.637838   2.637276     2.0761     2.5091      7.957     0.8992     1.0954 1.0715e-01    -0.1120   102.8400     7.8998     8.2054    32.5630    32.5612    26.1800    26.1788    8.41571 0.0000e+00
       2646     65.266    -1.0545    -1.0613   2.637850   2.637116     2.0765     2.5083      7.957     0.8886     1.0954 1.0715e-01    -0.1138   102.8852     7.9012     8.2039    32.5634    32.5609    26.1805    26.1786    8.41577 0.0000e+00
       2649     65.412    -1.0553    -1.0628   2.637743   2.637047     2.0757     2.5087      7.957     0.8992     1.0954 1.0715e-01    -0.1152   102.9214     7.8977     8.2140    32.5627    32.5615    26.1800    26.1791    8.41599 0.0000e+00
       2652     65.560    -1.0557    -1.0629   2.637809   2.637115     2.0761     2.5083      7.957     0.9097     1.0559 1.0715e-01    -0.1148   102.9124     7.9020     8.2179    32.5640    32.5624    26.1810    26.1798    8.41601 0.0000e+00
       2655     65.707    -1.0562    -1.0624   2.637637   2.637088     2.0757     2.5075      7.957     0.9097     1.0954 1.0715e-01    -0.1152   102.9214     7.9015     8.2133    32.5622    32.5613    26.1795    26.1790    8.41624 0.0000e+00
       2658     65.850    -1.0600    -1.0647   2.637339   2.636871     2.0748     2.5071      7.955     0.8992     1.0954 1.0715e-01    -0.1148   102.9124     7.9024     8.2132    32.5621    32.5609    26.1795    26.1787    8.41710 0.0000e+00
       2661     65.994    -1.0627    -1.0680   2.637153   2.636603     2.0744     2.5067      7.957     0.9309     1.0954 1.0715e-01    -0.1152   102.9214     7.9061     8.2107    32.5624    32.5607    26.1799    26.1787    8.41770 0.0000e+00
       2664     66.133    -1.0656    -1.0711   2.637037   2.636443     2.0740     2.5063      7.954     0.9309     0.3058 1.0715e-01    -0.1148   102.9124     7.9053     8.2122    32.5639    32.5618    26.1812    26.1797    8.41828 0.0000e+00
       2667     66.268    -1.0671    -1.0727   2.636920   2.636352     2.0744     2.5054      7.952     0.9415    -0.0889 1.0715e-01    -0.1127   102.8581     7.9110     8.2126    32.5639    32.5622    26.1812    26.1800    8.41862 0.0000e+00
       2670     66.400    -1.0688    -1.0740   2.636834   2.636308     2.0728     2.5054      7.955     0.9309    -0.0889 1.0715e-01    -0.1131   102.8672     7.9041     8.2156    32.5644    32.5629    26.1817    26.1806    8.41898 0.0000e+00
       2673     66.528    -1.0697    -1.0738   2.636790   2.636360     2.0736     2.5067      7.954     0.9415    -0.0889 1.0715e-01    -0.1131   102.8672     7.9078     8.2200    32.5647    32.5633    26.1820    26.1810    8.41917 0.0000e+00
       2676     66.649    -1.0695    -1.0734   2.636808   2.636342     2.0728     2.5058      7.952     0.9309    -0.0889 1.0715e-01    -0.1127   102.8581     7.9038     8.2191    32.5647    32.5626    26.1820    26.1804    8.41913 0.0000e+00
       2679     66.767    -1.0708    -1.0739   2.636652   2.636269     2.0724     2.5042      7.952     0.9415    -0.0889 1.0715e-01    -0.1131   102.8672     7.9066     8.2137    32.5639    32.5621    26.1813    26.1800    8.41947 0.0000e+00
       2682     66.882    -1.0722    -1.0751   2.636685   2.636232     2.0728     2.5038      7.952     0.9203    -0.0889 1.0715e-01    -0.1131   102.8672     7.9130     8.2163    32.5659    32.5629    26.1830    26.1807    8.41969 0.0000e+00
       2685     66.992    -1.0711    -1.0756   2.636729   2.636230     2.0720     2.5030      7.952     0.9203    -0.0889 1.0715e-01    -0.1124   102.8491     7.9102     8.2130    32.5652    32.5633    26.1824    26.1810    8.41947 0.0000e+00
       2688     67.098    -1.0709    -1.0763   2.636776   2.636157     2.0712     2.5042      7.952     0.8992    -0.0889 1.0715e-01    -0.1120   102.8400     7.9064     8.2180    32.5656    32.5630    26.1827    26.1808    8.41940 0.0000e+00
       2691     67.198    -1.0709    -1.0770   2.636742   2.636091     2.0724     2.5042      7.952     0.9097     1.7271 1.0715e-01    -0.1120   102.8400     7.9121     8.2168    32.5650    32.5628    26.1823    26.1807    8.41944 0.0000e+00
       2694     67.293    -1.0712    -1.0776   2.636736   2.636064     2.0712     2.5034      7.952     0.8992     1.9245 1.0715e-01    -0.1120   102.8400     7.9068     8.2131    32.5652    32.5630    26.1824    26.1809    8.41949 0.0000e+00
       2697     67.383    -1.0716    -1.0782   2.636683   2.636042     2.0704     2.5026      7.952     0.8886     1.9245 1.0715e-01    -0.1120   102.8400     7.9041     8.2119    32.5648    32.5633    26.1821    26.1811    8.41960 0.0000e+00
       2700     67.470    -1.0712    -1.0786   2.636758   2.636021     2.0708     2.5026      7.952     0.9097     1.9245 1.0715e-01    -0.1120   102.8400     7.9073     8.2166    32.5655    32.5634    26.1826    26.1812    8.41949 0.0000e+00
       2703     67.550    -1.0711    -1.0787   2.636719   2.636023     2.0708     2.5026      7.952     0.8992     1.9245 1.0715e-01    -0.1120   102.8400     7.9056     8.2189    32.5647    32.5635    26.1820    26.1813    8.41950 0.0000e+00
       2706     67.626    -1.0714    -1.0788   2.636689   2.636028     2.0704     2.5030      7.952     0.9097     1.9245 1.0715e-01    -0.1124   102.8491     7.9007     8.2194    32.5646    32.5636    26.1820    26.1814    8.41958 0.0000e+00
       2709     67.703    -1.0720    -1.0787   2.636691   2.636020     2.0704     2.5010      7.952     0.8992     1.9245 1.0715e-01    -0.1134   102.8762     7.9033     8.2077    32.5652    32.5633    26.1824    26.1811    8.41967 0.0000e+00
       2712     67.773    -1.0721    -1.0789   2.636669   2.636022     2.0695     2.5018      7.952     0.9732     1.9245 1.0715e-01    -0.1131   102.8672     7.8985     8.2086    32.5650    32.5635    26.1823    26.1813    8.41972 0.0000e+00
       2715     67.841    -1.0728    -1.0778   2.636640   2.636111     2.0691     2.5006      7.952     0.9838     1.2928 1.0715e-01    -0.1131   102.8672     7.8965     8.2053    32.5653    32.5636    26.1826    26.1813    8.41986 0.0000e+00
       2718     67.905    -1.0728    -1.0779   2.636699   2.636105     2.0695     2.5018      7.952     0.9732    -1.6286 1.0715e-01    -0.1131   102.8672     7.9022     8.2134    32.5661    32.5636    26.1832    26.1813    8.41981 0.0000e+00
       2721     67.966    -1.0732    -1.0778   2.636670   2.636110     2.0695     2.5006      7.952     0.9627    -1.5102 1.0715e-01    -0.1131   102.8672     7.9036     8.2112    32.5661    32.5634    26.1832    26.1812    8.41990 0.0000e+00
