Datasets/AZMP/TEL210/tel210_2020_033.cnv
* Sea-Bird SBE 9 Data File:
* FileName = C:\CTDDATA\tel210_2020_033.hex
* Software Version Seasave V 7.26.7.110
* Temperature SN = 1697
* Conductivity SN = 4216
* Number of Bytes Per Scan = 30
* Number of Voltage Words = 4
* Number of Scans Averaged by the Deck Unit = 1
* NMEA baud rate = 4800
** VESSEL/TRIP/SEQ STN:  tel210_2020_033
** LATITUDE XX XX.XX: 47 00.00 N
** LONGITUDE XX XX.XX: 043 50.00 W
** SOUNDING DEPTH (M): 0554
** PROBE TYPE: S1146
** CTD NUMBER: 032
** COMMENTS (14 CHAR): FC-31
** BOTTLES:  10
** LEVELS: 5,10,20,30,40,50,75,100,150,BTM
** STICKERS: 435941 - 435950
** VNET: Y
** DO2: N
# nquan = 22
# nvalues = 10527                       
# units = specified
# name 0 = scan: Scan Count
# name 1 = prDM: Pressure, Digiquartz [db]
# name 2 = t090C: Temperature [ITS-90, deg C]
# name 3 = t190C: Temperature, 2 [ITS-90, deg C]
# name 4 = c0S/m: Conductivity [S/m]
# name 5 = c1S/m: Conductivity, 2 [S/m]
# name 6 = sbeox0V: Oxygen raw, SBE 43 [V]
# name 7 = sbeox1V: Oxygen raw, SBE 43, 2 [V]
# name 8 = ph: pH
# name 9 = flECO-AFL: Fluorescence, WET Labs ECO-AFL/FL [mg/m^3]
# name 10 = wetCDOM: Fluorescence, WET Labs CDOM [mg/m^3]
# name 11 = par/sat/log: PAR/Logarithmic, Satlantic [umol photons/m^2/sec]
# name 12 = CStarAt0: Beam Attenuation, WET Labs C-Star [1/m]
# name 13 = CStarTr0: Beam Transmission, WET Labs C-Star [%]
# name 14 = sbeox0ML/L: Oxygen, SBE 43 [ml/l], WS = 2
# name 15 = sbeox1ML/L: Oxygen, SBE 43, 2 [ml/l], WS = 2
# name 16 = sal00: Salinity, Practical [PSU]
# name 17 = sal11: Salinity, Practical, 2 [PSU]
# name 18 = sigma-t00: Density [sigma-t, kg/m^3 ]
# name 19 = sigma-t11: Density, 2 [sigma-t, kg/m^3 ]
# name 20 = oxsatML/L: Oxygen Saturation, Weiss [ml/l]
# name 21 = flag: flag
# span 0 =         14,      61550       
# span 1 =      1.919,    553.228       
# span 2 =     3.3587,    11.9414       
# span 3 =     3.3542,    11.9373       
# span 4 =   3.144052,   3.767334       
# span 5 =   3.142536,   3.766661       
# span 6 =     1.8517,     2.3947       
# span 7 =     2.2275,     2.9328       
# span 8 =      7.967,      8.237       
# span 9 =    -0.6529,     6.0830       
# span 10 =    -2.8130,   482.1870      
# span 11 = 1.0715e-01, 4.3019e+02      
# span 12 =    -0.1289,     0.2864      
# span 13 =    93.0915,   103.2741      
# span 14 =     6.1081,     7.9117      
# span 15 =     6.3430,     8.2542      
# span 16 =    32.7618,    34.8802      
# span 17 =    32.7616,    34.8788      
# span 18 =    24.8704,    27.7175      
# span 19 =    24.8710,    27.7168      
# span 20 =    6.14331,    7.40502      
# span 21 = 0.0000e+00, 0.0000e+00      
# interval = scans: 3                   
# start_time = Jul 18 2020 12:12:23 [System UTC, header]
# bad_flag = -9.990e-29
*END*
[from data line 2700]
       9074    305.363     3.8235     3.8180   3.238187   3.237640     1.9481     2.3502      7.988    -0.5918     2.9509 1.0715e-01    -0.1233   103.1294     6.4271     6.7009    34.8167    34.8160    27.6586    27.6587    7.30419 0.0000e+00
       9077    305.408     3.8233     3.8180   3.238184   3.237659     1.9489     2.3510      7.988    -0.5816     2.7535 1.0715e-01    -0.1229   103.1204     6.4317     6.7025    34.8168    34.8162    27.6588    27.6588    7.30423 0.0000e+00
       9080    305.457     3.8234     3.8180   3.238221   3.237672     1.9477     2.3515      7.988    -0.5918     2.7535 1.0715e-01    -0.1236   103.1385     6.4269     6.7052    34.8172    34.8164    27.6591    27.6589    7.30420 0.0000e+00
       9083    305.506     3.8234     3.8182   3.238263   3.237692     1.9481     2.3510      7.988    -0.5816     2.7535 1.0715e-01    -0.1229   103.1204     6.4266     6.7059    34.8176    34.8164    27.6594    27.6589    7.30417 0.0000e+00
       9086    305.560     3.8238     3.8184   3.238272   3.237708     1.9485     2.3494      7.988    -0.5918     2.7535 1.0715e-01    -0.1236   103.1385     6.4289     6.7000    34.8173    34.8163    27.6591    27.6588    7.30412 0.0000e+00
       9089    305.622     3.8238     3.8186   3.238293   3.237728     1.9481     2.3498      7.988    -0.5816     2.7535 1.0715e-01    -0.1233   103.1294     6.4274     6.7008    34.8175    34.8163    27.6593    27.6588    7.30411 0.0000e+00
       9092    305.693     3.8236     3.8187   3.238285   3.237772     1.9477     2.3498      7.988    -0.6019     3.1878 1.0715e-01    -0.1236   103.1385     6.4256     6.7012    34.8176    34.8167    27.6593    27.6592    7.30414 0.0000e+00
       9095    305.771     3.8237     3.8186   3.238287   3.237748     1.9477     2.3486      7.988    -0.5816     8.7148 1.0715e-01    -0.1229   103.1204     6.4252     6.6992    34.8174    34.8164    27.6592    27.6589    7.30412 0.0000e+00
       9098    305.856     3.8240     3.8187   3.238306   3.237769     1.9468     2.3498      7.988    -0.5816     8.9518 1.0715e-01    -0.1229   103.1204     6.4211     6.7033    34.8174    34.8165    27.6591    27.6590    7.30408 0.0000e+00
       9101    305.949     3.8239     3.8189   3.238316   3.237806     1.9473     2.3486      7.988    -0.5816     8.9912 1.0715e-01    -0.1236   103.1385     6.4213     6.6959    34.8176    34.8167    27.6593    27.6591    7.30409 0.0000e+00
       9104    306.049     3.8242     3.8190   3.238348   3.237816     1.9468     2.3494      7.988    -0.5714     8.9123 1.0715e-01    -0.1236   103.1385     6.4209     6.7005    34.8175    34.8167    27.6592    27.6591    7.30403 0.0000e+00
       9107    306.159     3.8242     3.8191   3.238368   3.237840     1.9460     2.3490      7.988    -0.5816     8.9518 1.0715e-01    -0.1236   103.1385     6.4168     6.7004    34.8177    34.8168    27.6594    27.6592    7.30403 0.0000e+00
       9110    306.274     3.8247     3.8194   3.238411   3.237890     1.9477     2.3482      7.988    -0.5714     8.9123 1.0715e-01    -0.1236   103.1385     6.4259     6.6984    34.8176    34.8170    27.6593    27.6593    7.30394 0.0000e+00
       9113    306.393     3.8246     3.8197   3.238419   3.237918     1.9464     2.3482      7.988    -0.5816     8.9518 1.0715e-01    -0.1236   103.1385     6.4235     6.6975    34.8177    34.8170    27.6593    27.6593    7.30395 0.0000e+00
       9116    306.520     3.8248     3.8197   3.238494   3.237943     1.9464     2.3486      7.988    -0.5816     8.9123 1.0715e-01    -0.1240   103.1475     6.4251     6.7013    34.8184    34.8172    27.6599    27.6594    7.30389 0.0000e+00
       9119    306.655     3.8254     3.8203   3.238539   3.238004     1.9468     2.3486      7.988    -0.5714   138.0087 1.0715e-01    -0.1236   103.1385     6.4293     6.7012    34.8182    34.8172    27.6596    27.6594    7.30379 0.0000e+00
       9122    306.794     3.8258     3.8206   3.238574   3.238077     1.9460     2.3474      7.988    -0.5918   482.1870 1.0715e-01    -0.1240   103.1475     6.4257     6.6955    34.8181    34.8177    27.6595    27.6597    7.30372 0.0000e+00
       9125    306.935     3.8260     3.8213   3.238620   3.238127     1.9456     2.3470      7.988    -0.5816   480.8447 1.0715e-01    -0.1236   103.1385     6.4236     6.6948    34.8184    34.8175    27.6597    27.6595    7.30367 0.0000e+00
       9128    307.083     3.8263     3.8215   3.238648   3.238134     1.9464     2.3474      7.988    -0.5918   481.2790 1.0715e-01    -0.1240   103.1475     6.4282     6.6989    34.8183    34.8173    27.6596    27.6593    7.30362 0.0000e+00
       9131    307.236     3.8267     3.8217   3.238699   3.238167     1.9456     2.3470      7.988    -0.6019   481.3579 1.0715e-01    -0.1240   103.1475     6.4231     6.6997    34.8184    34.8174    27.6596    27.6594    7.30354 0.0000e+00
       9134    307.395     3.8273     3.8220   3.238774   3.238226     1.9464     2.3470      7.988    -0.5816   481.3184 1.0715e-01    -0.1236   103.1385     6.4278     6.6994    34.8185    34.8177    27.6597    27.6596    7.30342 0.0000e+00
       9137    307.557     3.8276     3.8225   3.238806   3.238281     1.9464     2.3470      7.988    -0.5816   481.3579 1.0715e-01    -0.1236   103.1385     6.4325     6.7009    34.8185    34.8177    27.6597    27.6595    7.30337 0.0000e+00
       9140    307.727     3.8281     3.8229   3.238871   3.238343     1.9456     2.3474      7.988    -0.5714   481.3579 1.0715e-01    -0.1226   103.1113     6.4292     6.7028    34.8187    34.8179    27.6598    27.6597    7.30327 0.0000e+00
       9143    307.899     3.8287     3.8236   3.238951   3.238428     1.9464     2.3470      7.988    -0.5816   481.3184 1.0715e-01    -0.1226   103.1113     6.4326     6.7029    34.8189    34.8181    27.6599    27.6598    7.30315 0.0000e+00
       9146    308.075     3.8299     3.8247   3.239105   3.238552     1.9452     2.3457      7.988    -0.5816   222.5334 1.0715e-01    -0.1226   103.1113     6.4269     6.7000    34.8194    34.8183    27.6601    27.6598    7.30292 0.0000e+00
       9149    308.250     3.8305     3.8254   3.239201   3.238640     1.9452     2.3474      7.988    -0.5816    -0.0889 1.0715e-01    -0.1226   103.1113     6.4231     6.7068    34.8198    34.8185    27.6604    27.6599    7.30279 0.0000e+00
       9152    308.424     3.8311     3.8259   3.239281   3.238719     1.9456     2.3470      7.988    -0.5714     6.8594 1.0715e-01    -0.1226   103.1113     6.4222     6.7049    34.8200    34.8189    27.6605    27.6601    7.30267 0.0000e+00
       9155    308.593     3.8327     3.8274   3.239480   3.238939     1.9452     2.3461      7.988    -0.5918     6.5435 1.0715e-01    -0.1226   103.1113     6.4211     6.7029    34.8206    34.8198    27.6608    27.6607    7.30236 0.0000e+00
       9158    308.765     3.8339     3.8291   3.239616   3.239131     1.9464     2.3461      7.988    -0.5816     6.5435 1.0715e-01    -0.1226   103.1113     6.4270     6.7039    34.8209    34.8201    27.6609    27.6608    7.30213 0.0000e+00
       9161    308.934     3.8348     3.8299   3.239730   3.239176     1.9464     2.3470      7.988    -0.5816     6.5435 1.0715e-01    -0.1236   103.1385     6.4290     6.7061    34.8212    34.8197    27.6610    27.6604    7.30195 0.0000e+00
       9164    309.100     3.8350     3.8302   3.239732   3.239192     1.9452     2.3457      7.988    -0.5816     6.5435 1.0715e-01    -0.1236   103.1385     6.4251     6.7014    34.8209    34.8195    27.6608    27.6602    7.30192 0.0000e+00
       9167    309.262     3.8353     3.8303   3.239770   3.239229     1.9452     2.3457      7.988    -0.5918     6.5435 1.0715e-01    -0.1236   103.1385     6.4237     6.7038    34.8209    34.8198    27.6608    27.6604    7.30186 0.0000e+00
       9170    309.424     3.8358     3.8304   3.239797   3.239268     1.9444     2.3466      7.988    -0.5816     6.5435 1.0715e-01    -0.1236   103.1385     6.4211     6.7077    34.8207    34.8201    27.6605    27.6606    7.30179 0.0000e+00
       9173    309.574     3.8358     3.8307   3.239852   3.239286     1.9444     2.3461      7.988    -0.5816   394.9383 1.0715e-01    -0.1236   103.1385     6.4191     6.7044    34.8213    34.8199    27.6610    27.6604    7.30177 0.0000e+00
       9176    309.722     3.8363     3.8312   3.239901   3.239367     1.9444     2.3457      7.988    -0.5714   481.9106 1.0715e-01    -0.1236   103.1385     6.4191     6.7048    34.8213    34.8203    27.6610    27.6607    7.30168 0.0000e+00
       9179    309.867     3.8365     3.8317   3.239957   3.239429     1.9456     2.3470      7.988    -0.5918   481.0816 1.0715e-01    -0.1229   103.1204     6.4226     6.7087    34.8215    34.8204    27.6611    27.6607    7.30162 0.0000e+00
       9182    310.012     3.8369     3.8321   3.240025   3.239488     1.9452     2.3461      7.988    -0.5816   481.3579 1.0715e-01    -0.1226   103.1113     6.4192     6.7025    34.8219    34.8205    27.6614    27.6608    7.30153 0.0000e+00
       9185    310.149     3.8380     3.8325   3.240124   3.239548     1.9452     2.3453      7.988    -0.5714   481.3579 1.0715e-01    -0.1226   103.1113     6.4195     6.6988    34.8218    34.8208    27.6612    27.6610    7.30134 0.0000e+00
       9188    310.277     3.8384     3.8334   3.240169   3.239664     1.9448     2.3457      7.988    -0.5816   481.3184 1.0715e-01    -0.1226   103.1113     6.4181     6.6994    34.8219    34.8212    27.6612    27.6612    7.30127 0.0000e+00
       9191    310.407     3.8392     3.8341   3.240310   3.239763     1.9440     2.3466      7.988    -0.5816   481.3579 1.0715e-01    -0.1226   103.1113     6.4134     6.6999    34.8226    34.8215    27.6617    27.6614    7.30108 0.0000e+00
       9194    310.530     3.8414     3.8355   3.240585   3.239937     1.9448     2.3461      7.988    -0.5918   481.3579 1.0715e-01    -0.1226   103.1113     6.4161     6.6961    34.8234    34.8220    27.6622    27.6617    7.30065 0.0000e+00
       9197    310.648     3.8440     3.8381   3.240887   3.240259     1.9444     2.3457      7.988    -0.5816   421.3498 1.0715e-01    -0.1226   103.1113     6.4114     6.6947    34.8243    34.8231    27.6625    27.6622    7.30014 0.0000e+00
       9200    310.762     3.8469     3.8409   3.241289   3.240642     1.9444     2.3457      7.988    -0.5816    14.7947 1.0715e-01    -0.1208   103.0661     6.4098     6.6923    34.8259    34.8246    27.6636    27.6631    7.29954 0.0000e+00
       9203    310.870     3.8509     3.8443   3.241650   3.241026     1.9440     2.3445      7.988    -0.5714     3.8984 1.0715e-01    -0.1208   103.0661     6.4077     6.6868    34.8259    34.8255    27.6632    27.6635    7.29883 0.0000e+00
       9206    310.972     3.8520     3.8466   3.241749   3.241223     1.9432     2.3449      7.988    -0.5816     5.2013 1.0715e-01    -0.1205   103.0571     6.4061     6.6896    34.8259    34.8253    27.6630    27.6632    7.29863 0.0000e+00
       9209    311.069     3.8532     3.8478   3.241891   3.241339     1.9436     2.3449      7.988    -0.5816     5.1223 1.0715e-01    -0.1208   103.0661     6.4079     6.6883    34.8262    34.8254    27.6632    27.6630    7.29839 0.0000e+00
       9212    311.157     3.8541     3.8486   3.241970   3.241424     1.9428     2.3445      7.988    -0.5714     5.1223 1.0715e-01    -0.1205   103.0571     6.4051     6.6847    34.8261    34.8255    27.6630    27.6630    7.29823 0.0000e+00
       9215    311.237     3.8544     3.8496   3.241988   3.241514     1.9436     2.3445      7.988    -0.5816     5.1223 1.0715e-01    -0.1205   103.0571     6.4069     6.6863    34.8260    34.8255    27.6629    27.6629    7.29818 0.0000e+00
       9218    311.310     3.8552     3.8497   3.242006   3.241540     1.9432     2.3445      7.988    -0.5918     5.1223 1.0715e-01    -0.1205   103.0571     6.4027     6.6875    34.8254    34.8256    27.6623    27.6630    7.29808 0.0000e+00
       9221    311.377     3.8551     3.8501   3.242082   3.241573     1.9428     2.3445      7.988    -0.6019     5.1223 1.0715e-01    -0.1233   103.1294     6.3993     6.6861    34.8263    34.8256    27.6630    27.6630    7.29805 0.0000e+00
       9224    311.444     3.8564     3.8508   3.242195   3.241685     1.9440     2.3437      7.988    -0.5918     6.7804 1.0715e-01    -0.1233   103.1294     6.4071     6.6821    34.8263    34.8262    27.6629    27.6634    7.29782 0.0000e+00
       9227    311.501     3.8574     3.8521   3.242296   3.241810     1.9432     2.3445      7.988    -0.5918     9.8203 1.0715e-01    -0.1236   103.1385     6.4040     6.6839    34.8263    34.8262    27.6628    27.6633    7.29762 0.0000e+00
       9230    311.553     3.8589     3.8529   3.242413   3.241884     1.9432     2.3437      7.988    -0.5714     9.6229 1.0715e-01    -0.1233   103.1294     6.4040     6.6783    34.8261    34.8262    27.6625    27.6632    7.29737 0.0000e+00
       9233    311.605     3.8598     3.8537   3.242513   3.241961     1.9419     2.3433      7.988    -0.5816     9.6624 1.0715e-01    -0.1233   103.1294     6.3958     6.6743    34.8263    34.8263    27.6626    27.6632    7.29719 0.0000e+00
       9236    311.654     3.8601     3.8548   3.242571   3.242060     1.9428     2.3441      7.988    -0.5816     9.6229 1.0715e-01    -0.1229   103.1204     6.3970     6.6755    34.8267    34.8262    27.6629    27.6630    7.29713 0.0000e+00
       9239    311.702     3.8608     3.8552   3.242620   3.242107     1.9415     2.3437      7.988    -0.5918     9.6229 1.0715e-01    -0.1226   103.1113     6.3892     6.6730    34.8265    34.8263    27.6626    27.6631    7.29702 0.0000e+00
       9242    311.743     3.8608     3.8557   3.242652   3.242136     1.9411     2.3429      7.988    -0.5918     9.6229 1.0715e-01    -0.1229   103.1204     6.3863     6.6693    34.8269    34.8262    27.6629    27.6629    7.29699 0.0000e+00
       9245    311.779     3.8612     3.8559   3.242664   3.242197     1.9415     2.3421      7.988    -0.5918     9.6229 1.0715e-01    -0.1226   103.1113     6.3869     6.6651    34.8266    34.8266    27.6627    27.6632    7.29694 0.0000e+00
       9248    311.812     3.8610     3.8561   3.242681   3.242206     1.9424     2.3421      7.988    -0.6019     9.6624 1.0715e-01    -0.1229   103.1204     6.3909     6.6662    34.8269    34.8265    27.6629    27.6631    7.29695 0.0000e+00
       9251    311.844     3.8614     3.8558   3.242754   3.242197     1.9415     2.3421      7.988    -0.5816     2.3193 1.0715e-01    -0.1229   103.1204     6.3882     6.6662    34.8274    34.8267    27.6633    27.6633    7.29686 0.0000e+00
       9254    311.875     3.8619     3.8561   3.242808   3.242223     1.9415     2.3413      7.988    -0.5816    -1.7470 1.0715e-01    -0.1226   103.1113     6.3906     6.6635    34.8274    34.8267    27.6633    27.6633    7.29676 0.0000e+00
       9257    311.908     3.8623     3.8566   3.242851   3.242282     1.9407     2.3413      7.988    -0.5714    -1.5497 1.0715e-01    -0.1226   103.1113     6.3889     6.6635    34.8276    34.8269    27.6633    27.6633    7.29670 0.0000e+00
       9260    311.939     3.8622     3.8564   3.242888   3.242280     1.9403     2.3409      7.988    -0.5816    -1.5497 1.0715e-01    -0.1233   103.1294     6.3849     6.6616    34.8280    34.8270    27.6637    27.6634    7.29668 0.0000e+00
       9263    311.971     3.8624     3.8560   3.242902   3.242235     1.9407     2.3413      7.988    -0.5816    -1.5497 1.0715e-01    -0.1243   103.1566     6.3869     6.6660    34.8280    34.8268    27.6637    27.6634    7.29665 0.0000e+00
       9266    312.006     3.8622     3.8566   3.242921   3.242357     1.9399     2.3405      7.988    -0.5816    -1.5102 1.0715e-01    -0.1240   103.1475     6.3821     6.6641    34.8285    34.8277    27.6640    27.6640    7.29667 0.0000e+00
