Datasets/AZMP/TEL210/tel210_2020_054.cnv
* Sea-Bird SBE 9 Data File:
* FileName = C:\CTDDATA\tel210_2020_054.hex
* Software Version Seasave V 7.26.7.110
* Temperature SN = 1697
* Conductivity SN = 4216
* Number of Bytes Per Scan = 30
* Number of Voltage Words = 4
* Number of Scans Averaged by the Deck Unit = 1
* NMEA baud rate = 4800
** VESSEL/TRIP/SEQ STN:  tel210_2020_054
** LATITUDE XX XX.XX: 49 01.50 N
** LONGITUDE XX XX.XX: 052 04.00 W
** SOUNDING DEPTH (M): 0289
** PROBE TYPE: S1146
** CTD NUMBER: 044
** COMMENTS (14 CHAR): BB-05
** BOTTLES:  11
** LEVELS: 5,10,20,30,40,50,75,100,150,250,BTM
** STICKERS: 436075 - 436085
** VNET: Y
** DO2: N
# nquan = 22
# nvalues = 6681                        
# units = specified
# name 0 = scan: Scan Count
# name 1 = prDM: Pressure, Digiquartz [db]
# name 2 = t090C: Temperature [ITS-90, deg C]
# name 3 = t190C: Temperature, 2 [ITS-90, deg C]
# name 4 = c0S/m: Conductivity [S/m]
# name 5 = c1S/m: Conductivity, 2 [S/m]
# name 6 = sbeox0V: Oxygen raw, SBE 43 [V]
# name 7 = sbeox1V: Oxygen raw, SBE 43, 2 [V]
# name 8 = ph: pH
# name 9 = flECO-AFL: Fluorescence, WET Labs ECO-AFL/FL [mg/m^3]
# name 10 = wetCDOM: Fluorescence, WET Labs CDOM [mg/m^3]
# name 11 = par/sat/log: PAR/Logarithmic, Satlantic [umol photons/m^2/sec]
# name 12 = CStarAt0: Beam Attenuation, WET Labs C-Star [1/m]
# name 13 = CStarTr0: Beam Transmission, WET Labs C-Star [%]
# name 14 = sbeox0ML/L: Oxygen, SBE 43 [ml/l], WS = 2
# name 15 = sbeox1ML/L: Oxygen, SBE 43, 2 [ml/l], WS = 2
# name 16 = sal00: Salinity, Practical [PSU]
# name 17 = sal11: Salinity, Practical, 2 [PSU]
# name 18 = sigma-t00: Density [sigma-t, kg/m^3 ]
# name 19 = sigma-t11: Density, 2 [sigma-t, kg/m^3 ]
# name 20 = oxsatML/L: Oxygen Saturation, Weiss [ml/l]
# name 21 = flag: flag
# span 0 =          2,      48248       
# span 1 =      0.824,    286.550       
# span 2 =    -1.0611,    11.1381       
# span 3 =    -1.0826,    11.1345       
# span 4 =   2.657893,   3.551442       
# span 5 =   2.656681,   3.551899       
# span 6 =     1.7571,     2.5293       
# span 7 =     2.1082,     3.1023       
# span 8 =      7.909,      8.316       
# span 9 =     0.6346,     1.7351       
# span 10 =    -2.8130,   482.1870      
# span 11 = 1.0690e-01, 2.3800e+02      
# span 12 =    -0.1436,     0.3352      
# span 13 =    91.9611,   103.6539      
# span 14 =     5.7166,     9.1790      
# span 15 =     5.9559,     9.6297      
# span 16 =    31.3567,    34.5513      
# span 17 =    31.3580,    34.5506      
# span 18 =    23.9161,    27.5230      
# span 19 =    23.9192,    27.5191      
# span 20 =    6.30634,    8.40123      
# span 21 = 0.0000e+00, 0.0000e+00      
# interval = scans: 3                   
# start_time = Jul 21 2020 10:37:26 [System UTC, header]
# bad_flag = -9.990e-29
*END*
[from data line 1054]
       3704    105.967    -0.8714    -0.8753   2.698818   2.698477     2.0019     2.4240      8.000     0.7828     3.3062 1.0715e-01    -0.1278   103.2470     7.5425     7.8750    33.1653    33.1650    26.6619    26.6618    8.33942 0.0000e+00
       3707    106.090    -0.8702    -0.8742   2.698991   2.698681     2.0036     2.4244      8.000     0.7828     3.9774 1.0715e-01    -0.1278   103.2470     7.5514     7.8780    33.1663    33.1665    26.6626    26.6630    8.33910 0.0000e+00
       3710    106.219    -0.8692    -0.8734   2.699118   2.698778     2.0028     2.4244      8.000     0.7722     3.9379 1.0715e-01    -0.1275   103.2380     7.5491     7.8736    33.1669    33.1668    26.6631    26.6632    8.33885 0.0000e+00
       3713    106.348    -0.8685    -0.8728   2.699259   2.698896     2.0015     2.4240      8.000     0.7616     3.9379 1.0715e-01    -0.1282   103.2560     7.5448     7.8679    33.1679    33.1678    26.6639    26.6640    8.33863 0.0000e+00
       3716    106.482    -0.8675    -0.8718   2.699428   2.699080     2.0023     2.4240      7.999     0.7616     3.9379 1.0715e-01    -0.1282   103.2560     7.5495     7.8659    33.1690    33.1690    26.6648    26.6649    8.33834 0.0000e+00
       3719    106.617    -0.8668    -0.8708   2.699613   2.699237     2.0023     2.4236      7.999     0.7722     3.9379 1.0715e-01    -0.1278   103.2470     7.5531     7.8628    33.1706    33.1699    26.6660    26.6656    8.33808 0.0000e+00
       3722    106.755    -0.8654    -0.8692   2.699908   2.699533     2.0019     2.4240      7.996     0.7616     3.9379 1.0715e-01    -0.1282   103.2560     7.5469     7.8643    33.1731    33.1721    26.6680    26.6673    8.33764 0.0000e+00
       3725    106.894    -0.8629    -0.8647   2.700466   2.700137     2.0019     2.4240      7.997     0.7299     3.9379 1.0715e-01    -0.1278   103.2470     7.5397     7.8603    33.1778    33.1752    26.6717    26.6697    8.33680 0.0000e+00
       3728    107.033    -0.8590    -0.8595   2.700969   2.700635     2.0019     2.4236      7.995     0.6875     3.5037 1.0715e-01    -0.1278   103.2470     7.5343     7.8517    33.1802    33.1762    26.6735    26.6703    8.33578 0.0000e+00
       3731    107.173    -0.8553    -0.8562   2.701320   2.700982     2.0015     2.4232      7.997     0.7087    -0.4837 1.0715e-01    -0.1296   103.2922     7.5299     7.8455    33.1808    33.1771    26.6738    26.6709    8.33492 0.0000e+00
       3734    107.309    -0.8515    -0.8517   2.701875   2.701612     2.0007     2.4223      7.998     0.7087    -0.6022 1.0715e-01    -0.1299   103.3012     7.5263     7.8363    33.1840    33.1806    26.6763    26.6736    8.33387 0.0000e+00
       3737    107.442    -0.8470    -0.8463   2.702438   2.702147     2.0023     2.4223      7.995     0.7193    -0.5627 1.0715e-01    -0.1299   103.3012     7.5296     7.8285    33.1865    33.1818    26.6782    26.6744    8.33270 0.0000e+00
       3740    107.572    -0.8424    -0.8417   2.702939   2.702628     2.0019     2.4223      7.995     0.6981    -0.5627 1.0715e-01    -0.1299   103.3012     7.5226     7.8196    33.1882    33.1832    26.6794    26.6753    8.33157 0.0000e+00
       3743    107.701    -0.8372    -0.8363   2.703394   2.703139     2.0011     2.4223      7.995     0.7299    -0.6416 1.0715e-01    -0.1299   103.3012     7.5164     7.8131    33.1886    33.1841    26.6795    26.6758    8.33038 0.0000e+00
       3746    107.824    -0.8324    -0.8301   2.703847   2.703691     1.9999     2.4219      7.995     0.6981    -0.5627 1.0715e-01    -0.1299   103.3012     7.5078     7.8053    33.1893    33.1847    26.6800    26.6761    8.32926 0.0000e+00
       3749    107.944    -0.8275    -0.8247   2.704493   2.704280     1.9999     2.4203      7.995     0.7087    -0.6022 1.0715e-01    -0.1299   103.3012     7.5040     7.7969    33.1925    33.1867    26.6824    26.6775    8.32796 0.0000e+00
       3752    108.060    -0.8215    -0.8191   2.705006   2.704818     2.0007     2.4211      7.995     0.6981    -0.5627 1.0715e-01    -0.1299   103.3012     7.5035     7.7975    33.1929    33.1876    26.6824    26.6781    8.32660 0.0000e+00
       3755    108.170    -0.8156    -0.8122   2.705933   2.705727     1.9991     2.4199      7.995     0.7299    -0.7996 1.0715e-01    -0.1299   103.3012     7.4863     7.7876    33.1988    33.1923    26.6870    26.6816    8.32493 0.0000e+00
       3758    108.277    -0.8090    -0.8049   2.706652   2.706438     2.0003     2.4195      7.995     0.7193    -1.2338 1.0715e-01    -0.1299   103.3012     7.4831     7.7802    33.2012    33.1938    26.6887    26.6826    8.32330 0.0000e+00
       3761    108.377    -0.8027    -0.8003   2.707175   2.706950     1.9991     2.4175      7.995     0.7087    -1.1944 1.0715e-01    -0.1299   103.3012     7.4741     7.7659    33.2012    33.1956    26.6885    26.6838    8.32187 0.0000e+00
       3764    108.476    -0.7977    -0.7966   2.707577   2.707344     1.9991     2.4175      7.995     0.7193    -1.1549 1.0715e-01    -0.1299   103.3012     7.4736     7.7606    33.2012    33.1967    26.6882    26.6846    8.32076 0.0000e+00
       3767    108.566    -0.7939    -0.7946   2.707805   2.707574     1.9991     2.4175      7.995     0.7087    -1.1549 1.0715e-01    -0.1299   103.3012     7.4696     7.7584    33.2000    33.1976    26.6872    26.6853    8.31997 0.0000e+00
       3770    108.654    -0.7922    -0.7938   2.708000   2.707724     1.9987     2.4171      7.995     0.6981    -1.1549 1.0715e-01    -0.1299   103.3012     7.4609     7.7539    33.2007    33.1987    26.6876    26.6861    8.31955 0.0000e+00
       3773    108.737    -0.7903    -0.7938   2.708207   2.707894     1.9979     2.4175      7.995     0.7087    -1.1549 1.0715e-01    -0.1299   103.3012     7.4520     7.7535    33.2013    33.2009    26.6881    26.6879    8.31908 0.0000e+00
       3776    108.816    -0.7896    -0.7939   2.708294   2.707980     1.9971     2.4154      7.995     0.7087    -1.1549 1.0715e-01    -0.1299   103.3012     7.4486     7.7444    33.2017    33.2022    26.6884    26.6889    8.31891 0.0000e+00
       3779    108.891    -0.7896    -0.7940   2.708408   2.708088     1.9958     2.4150      7.995     0.7193    -1.1549 1.0715e-01    -0.1299   103.3012     7.4458     7.7428    33.2032    33.2037    26.6896    26.6902    8.31882 0.0000e+00
       3782    108.956    -0.7891    -0.7936   2.708525   2.708193     1.9962     2.4142      7.995     0.7087    -1.0364 1.0715e-01    -0.1299   103.3012     7.4429     7.7372    33.2042    33.2046    26.6904    26.6909    8.31865 0.0000e+00
       3785    109.017    -0.7886    -0.7931   2.708580   2.708307     1.9966     2.4134      7.995     0.7087    -0.9180 1.0715e-01    -0.1299   103.3012     7.4439     7.7311    33.2043    33.2056    26.6905    26.6916    8.31853 0.0000e+00
       3788    109.074    -0.7880    -0.7928   2.708701   2.708438     1.9954     2.4126      7.995     0.7087    -0.9180 1.0715e-01    -0.1299   103.3012     7.4368     7.7236    33.2052    33.2070    26.6912    26.6928    8.31833 0.0000e+00
       3791    109.128    -0.7872    -0.7925   2.708810   2.708484     1.9938     2.4122      7.995     0.7193    -0.9180 1.0715e-01    -0.1299   103.3012     7.4289     7.7212    33.2058    33.2072    26.6917    26.6929    8.31813 0.0000e+00
       3794    109.179    -0.7871    -0.7925   2.708827   2.708493     1.9938     2.4109      7.995     0.6981    -0.9180 1.0715e-01    -0.1310   103.3284     7.4287     7.7169    33.2060    33.2073    26.6917    26.6930    8.31811 0.0000e+00
       3797    109.229    -0.7871    -0.7926   2.708915   2.708504     1.9946     2.4101      7.995     0.6981    -0.9180 1.0715e-01    -0.1310   103.3284     7.4348     7.7149    33.2071    33.2076    26.6926    26.6932    8.31804 0.0000e+00
       3800    109.274    -0.7874    -0.7925   2.708989   2.708560     1.9950     2.4109      7.993     0.7193    -0.9180 1.0715e-01    -0.1303   103.3103     7.4391     7.7199    33.2083    33.2082    26.6937    26.6937    8.31802 0.0000e+00
       3803    109.320    -0.7874    -0.7924   2.709056   2.708588     1.9934     2.4089      7.995     0.7299    -0.9180 1.0715e-01    -0.1303   103.3103     7.4307     7.7121    33.2092    33.2085    26.6944    26.6939    8.31797 0.0000e+00
       3806    109.364    -0.7869    -0.7921   2.709161   2.708628     1.9926     2.4077      7.995     0.7299    -0.9180 1.0715e-01    -0.1303   103.3103     7.4203     7.7096    33.2101    33.2086    26.6951    26.6941    8.31782 0.0000e+00
       3809    109.410    -0.7868    -0.7920   2.709208   2.708771     1.9917     2.4077      7.995     0.7299    -0.0889 1.0715e-01    -0.1306   103.3193     7.4153     7.7097    33.2106    33.2104    26.6955    26.6955    8.31777 0.0000e+00
       3812    109.460    -0.7871    -0.7920   2.709226   2.708861     1.9922     2.4069      7.995     0.7405     0.0295 1.0715e-01    -0.1317   103.3465     7.4191     7.7045    33.2111    33.2116    26.6959    26.6965    8.31780 0.0000e+00
       3815    109.512    -0.7875    -0.7927   2.709276   2.708867     1.9913     2.4069      7.993     0.7299     0.0295 1.0715e-01    -0.1320   103.3555     7.4121     7.7044    33.2122    33.2124    26.6968    26.6972    8.31783 0.0000e+00
       3818    109.572    -0.7873    -0.7928   2.709355   2.708914     1.9905     2.4061      7.995     0.7510     0.0295 1.0715e-01    -0.1317   103.3465     7.4044     7.7022    33.2130    33.2131    26.6974    26.6977    8.31774 0.0000e+00
       3821    109.627    -0.7872    -0.7926   2.709433   2.708980     1.9901     2.4048      7.993     0.7405     0.0295 1.0715e-01    -0.1317   103.3465     7.4017     7.6966    33.2139    33.2138    26.6982    26.6983    8.31766 0.0000e+00
       3824    109.685    -0.7870    -0.7924   2.709482   2.709049     1.9905     2.4040      7.995     0.7405     0.0295 1.0715e-01    -0.1320   103.3555     7.4074     7.6941    33.2144    33.2144    26.6985    26.6988    8.31760 0.0000e+00
       3827    109.746    -0.7867    -0.7923   2.709508   2.709095     1.9897     2.4040      7.995     0.7510     0.0295 1.0715e-01    -0.1317   103.3465     7.4075     7.6980    33.2143    33.2149    26.6985    26.6992    8.31752 0.0000e+00
       3830    109.812    -0.7868    -0.7921   2.709535   2.709154     1.9881     2.4032      7.992     0.7722     0.0295 1.0715e-01    -0.1306   103.3193     7.3980     7.6953    33.2148    33.2155    26.6989    26.6997    8.31753 0.0000e+00
       3833    109.883    -0.7865    -0.7921   2.709584   2.709176     1.9885     2.4020      7.992     0.7616    -0.1679 1.0715e-01    -0.1299   103.3012     7.4003     7.6902    33.2151    33.2157    26.6991    26.6998    8.31745 0.0000e+00
       3836    109.962    -0.7865    -0.7918   2.709623   2.709249     1.9873     2.4012      7.993     0.7722    -0.9969 1.0715e-01    -0.1296   103.2922     7.3949     7.6895    33.2155    33.2163    26.6995    26.7003    8.31742 0.0000e+00
       3839    110.047    -0.7865    -0.7920   2.709697   2.709307     1.9877     2.4003      7.993     0.7828    -0.9180 1.0715e-01    -0.1299   103.3012     7.3975     7.6876    33.2165    33.2173    26.7003    26.7011    8.31737 0.0000e+00
       3842    110.139    -0.7865    -0.7920   2.709750   2.709379     1.9869     2.4007      7.992     0.7722    -0.9180 1.0715e-01    -0.1296   103.2922     7.3930     7.6914    33.2172    33.2182    26.7008    26.7018    8.31733 0.0000e+00
       3845    110.236    -0.7867    -0.7919   2.709851   2.709478     1.9873     2.3995      7.992     0.7934    -0.9180 1.0715e-01    -0.1296   103.2922     7.3981     7.6883    33.2186    33.2193    26.7020    26.7027    8.31728 0.0000e+00
       3848    110.337    -0.7866    -0.7916   2.709956   2.709580     1.9861     2.3991      7.992     0.7616    -0.9180 1.0715e-01    -0.1299   103.3012     7.3942     7.6878    33.2199    33.2203    26.7030    26.7035    8.31719 0.0000e+00
       3851    110.446    -0.7861    -0.7910   2.710081   2.709741     1.9856     2.3991      7.990     0.7616    -0.9180 1.0715e-01    -0.1296   103.2922     7.3952     7.6919    33.2209    33.2218    26.7038    26.7047    8.31701 0.0000e+00
       3854    110.562    -0.7856    -0.7904   2.710240   2.709929     1.9848     2.3979      7.990     0.7616    -0.9180 1.0715e-01    -0.1306   103.3193     7.3936     7.6909    33.2225    33.2236    26.7050    26.7061    8.31682 0.0000e+00
       3857    110.685    -0.7851    -0.7901   2.710367   2.710052     1.9848     2.3975      7.992     0.7722    -0.9180 1.0715e-01    -0.1306   103.3193     7.3924     7.6929    33.2236    33.2249    26.7059    26.7071    8.31664 0.0000e+00
       3860    110.813    -0.7850    -0.7910   2.710451   2.710080     1.9844     2.3975      7.990     0.7722    -0.6416 1.0715e-01    -0.1303   103.3103     7.3937     7.6927    33.2245    33.2261    26.7067    26.7082    8.31656 0.0000e+00
       3863    110.945    -0.7857    -0.7920   2.710500   2.710158     1.9836     2.3959      7.990     0.7616    -0.2074 1.0715e-01    -0.1306   103.3193     7.3889     7.6869    33.2260    33.2282    26.7079    26.7099    8.31665 0.0000e+00
       3866    111.083    -0.7860    -0.7923   2.710580   2.710183     1.9840     2.3959      7.990     0.7616    -0.2074 1.0715e-01    -0.1306   103.3193     7.3900     7.6895    33.2273    33.2288    26.7090    26.7104    8.31664 0.0000e+00
       3869    111.222    -0.7866    -0.7922   2.710648   2.710258     1.9836     2.3946      7.990     0.7616    -0.2469 1.0715e-01    -0.1306   103.3193     7.3877     7.6877    33.2288    33.2297    26.7102    26.7111    8.31669 0.0000e+00
       3872    111.360    -0.7867    -0.7921   2.710712   2.710350     1.9828     2.3955      7.990     0.7616    -0.2074 1.0715e-01    -0.1317   103.3465     7.3850     7.6893    33.2296    33.2307    26.7109    26.7120    8.31666 0.0000e+00
       3875    111.499    -0.7868    -0.7924   2.710779   2.710409     1.9824     2.3951      7.990     0.7722    -0.2469 1.0715e-01    -0.1331   103.3826     7.3844     7.6872    33.2306    33.2317    26.7117    26.7128    8.31663 0.0000e+00
       3878    111.639    -0.7866    -0.7917   2.710875   2.710531     1.9824     2.3942      7.990     0.7722    -0.2074 1.0715e-01    -0.1331   103.3826     7.3846     7.6859    33.2315    33.2325    26.7124    26.7134    8.31653 0.0000e+00
       3881    111.781    -0.7860    -0.7908   2.711047   2.710750     1.9820     2.3942      7.990     0.6876    -0.2074 1.0715e-01    -0.1331   103.3826     7.3827     7.6890    33.2331    33.2344    26.7137    26.7149    8.31630 0.0000e+00
       3884    111.926    -0.7855    -0.7897   2.711315   2.710996     1.9820     2.3926      7.990     0.6770    -0.2074 1.0715e-01    -0.1327   103.3736     7.3806     7.6860    33.2361    33.2364    26.7161    26.7165    8.31602 0.0000e+00
       3887    112.067    -0.7840    -0.7873   2.711636   2.711322     1.9808     2.3930      7.990     0.6664    -1.2338 1.0715e-01    -0.1331   103.3826     7.3730     7.6878    33.2388    33.2381    26.7181    26.7178    8.31554 0.0000e+00
       3890    112.205    -0.7825    -0.7861   2.711792   2.711451     1.9795     2.3930      7.990     0.6770    -1.5891 1.0715e-01    -0.1327   103.3736     7.3651     7.6864    33.2390    33.2384    26.7183    26.7180    8.31517 0.0000e+00
       3893    112.334    -0.7818    -0.7851   2.711968   2.711650     1.9800     2.3922      7.990     0.6664    -1.5497 1.0715e-01    -0.1331   103.3826     7.3708     7.6837    33.2405    33.2400    26.7195    26.7192    8.31492 0.0000e+00
       3896    112.461    -0.7805    -0.7847   2.712081   2.711794     1.9795     2.3906      7.990     0.6664    -1.5497 1.0715e-01    -0.1331   103.3826     7.3743     7.6775    33.2407    33.2413    26.7196    26.7203    8.31464 0.0000e+00
