Datasets/AZMP/TEL210/tel210_2020_093.cnv
* Sea-Bird SBE 9 Data File:
* FileName = C:\CTDDATA\tel210_2020_093.hex
* Software Version Seasave V 7.26.7.110
* Temperature SN = 1697
* Conductivity SN = 4216
* Number of Bytes Per Scan = 30
* Number of Voltage Words = 4
* Number of Scans Averaged by the Deck Unit = 1
* NMEA baud rate = 4800
** VESSEL/TRIP/SEQ STN:  TEL210_2020_093
** LATITUDE XX XX.XX: 54 38.00 N
** LONGITUDE XX XX.XX: 053 15.00 W
** SOUNDING DEPTH (M): 0680
** PROBE TYPE: S1146
** CTD NUMBER: 063
** COMMENTS (14 CHAR): SI-12
** BOTTLES:  12
** LEVELS: 5,10,20,30,40,50,75,100,150,250,500,BTM
** STICKERS: 436190 - 436201
** VNET: Y
** DO2: N
# nquan = 22
# nvalues = 15122                       
# units = specified
# name 0 = scan: Scan Count
# name 1 = prDM: Pressure, Digiquartz [db]
# name 2 = t090C: Temperature [ITS-90, deg C]
# name 3 = t190C: Temperature, 2 [ITS-90, deg C]
# name 4 = c0S/m: Conductivity [S/m]
# name 5 = c1S/m: Conductivity, 2 [S/m]
# name 6 = sbeox0V: Oxygen raw, SBE 43 [V]
# name 7 = sbeox1V: Oxygen raw, SBE 43, 2 [V]
# name 8 = ph: pH
# name 9 = flECO-AFL: Fluorescence, WET Labs ECO-AFL/FL [mg/m^3]
# name 10 = wetCDOM: Fluorescence, WET Labs CDOM [mg/m^3]
# name 11 = par/sat/log: PAR/Logarithmic, Satlantic [umol photons/m^2/sec]
# name 12 = CStarAt0: Beam Attenuation, WET Labs C-Star [1/m]
# name 13 = CStarTr0: Beam Transmission, WET Labs C-Star [%]
# name 14 = sbeox0ML/L: Oxygen, SBE 43 [ml/l], WS = 2
# name 15 = sbeox1ML/L: Oxygen, SBE 43, 2 [ml/l], WS = 2
# name 16 = sal00: Salinity, Practical [PSU]
# name 17 = sal11: Salinity, Practical, 2 [PSU]
# name 18 = sigma-t00: Density [sigma-t, kg/m^3 ]
# name 19 = sigma-t11: Density, 2 [sigma-t, kg/m^3 ]
# name 20 = oxsatML/L: Oxygen Saturation, Weiss [ml/l]
# name 21 = flag: flag
# span 0 =          2,      86481       
# span 1 =      0.903,    697.221       
# span 2 =     0.5892,     7.5386       
# span 3 =     0.5883,     7.5244       
# span 4 =   2.841955,   3.294441       
# span 5 =   2.841970,   3.293193       
# span 6 =     1.9105,     2.7048       
# span 7 =     2.2915,     3.3386       
# span 8 =      8.001,      8.328       
# span 9 =     0.6029,    14.3172       
# span 10 =    -2.8130,   482.1870      
# span 11 = 1.0715e-01, 4.5525e+02      
# span 12 =    -0.1240,     0.6968      
# span 13 =    84.0122,   103.1475      
# span 14 =     6.4836,    10.0247      
# span 15 =     6.7191,    10.4710      
# span 16 =    31.9235,    34.8454      
# span 17 =    31.9259,    34.8452      
# span 18 =    24.9238,    27.7159      
# span 19 =    24.9275,    27.7161      
# span 20 =    6.81172,    8.00154      
# span 21 = 0.0000e+00, 0.0000e+00      
# interval = scans: 3                   
# start_time = Jul 25 2020 17:41:14 [System UTC, header]
# bad_flag = -9.990e-29
*END*
[from data line 3490]
      10819    357.714     3.5818     3.5773   3.204349   3.203972     1.9442     2.3338      8.010     0.6770     0.2664 1.0715e-01    -0.1201   103.0480     6.5229     6.7545    34.6406    34.6409    27.5427    27.5434    7.35660 0.0000e+00
      10822    357.823     3.5818     3.5775   3.204372   3.203982     1.9442     2.3342      8.013     0.6770     0.2269 1.0727e-01    -0.1201   103.0480     6.5232     6.7542    34.6408    34.6407    27.5428    27.5432    7.35658 0.0000e+00
      10825    357.929     3.5818     3.5774   3.204382   3.203974     1.9446     2.3342      8.013     0.6981     0.2664 1.0715e-01    -0.1201   103.0480     6.5246     6.7535    34.6408    34.6406    27.5429    27.5431    7.35659 0.0000e+00
      10828    358.035     3.5819     3.5773   3.204387   3.204005     1.9442     2.3338      8.013     0.6875     0.2664 1.0715e-01    -0.1198   103.0390     6.5222     6.7548    34.6408    34.6411    27.5429    27.5435    7.35657 0.0000e+00
      10831    358.143     3.5817     3.5771   3.204388   3.203958     1.9442     2.3350      8.011     0.6770     0.2664 1.0715e-01    -0.1205   103.0571     6.5192     6.7598    34.6409    34.6406    27.5430    27.5432    7.35660 0.0000e+00
      10834    358.251     3.5817     3.5770   3.204384   3.203961     1.9450     2.3346      8.011     0.6770     0.9770 1.0715e-01    -0.1205   103.0571     6.5201     6.7572    34.6408    34.6407    27.5429    27.5433    7.35661 0.0000e+00
      10837    358.358     3.5815     3.5771   3.204369   3.204016     1.9442     2.3338      8.008     0.6770     1.4507 1.0727e-01    -0.1194   103.0299     6.5153     6.7545    34.6408    34.6412    27.5429    27.5437    7.35664 0.0000e+00
      10840    358.469     3.5817     3.5773   3.204369   3.204022     1.9442     2.3338      8.010     0.6875     1.4507 1.0715e-01    -0.1198   103.0390     6.5149     6.7563    34.6405    34.6410    27.5427    27.5435    7.35662 0.0000e+00
      10843    358.586     3.5817     3.5774   3.204399   3.204019     1.9442     2.3338      8.011     0.6664     1.4507 1.0715e-01    -0.1198   103.0390     6.5126     6.7558    34.6408    34.6408    27.5429    27.5433    7.35660 0.0000e+00
      10846    358.705     3.5817     3.5774   3.204385   3.204041     1.9442     2.3325      8.011     0.6875     1.4507 1.0715e-01    -0.1198   103.0390     6.5099     6.7512    34.6405    34.6410    27.5427    27.5435    7.35661 0.0000e+00
      10849    358.826     3.5814     3.5771   3.204402   3.204020     1.9442     2.3338      8.011     0.6875     1.4507 1.0727e-01    -0.1198   103.0390     6.5102     6.7574    34.6410    34.6410    27.5431    27.5435    7.35665 0.0000e+00
      10852    358.950     3.5815     3.5770   3.204388   3.204011     1.9442     2.3342      8.013     0.7299     1.4507 1.0715e-01    -0.1201   103.0480     6.5092     6.7582    34.6407    34.6409    27.5428    27.5434    7.35664 0.0000e+00
      10855    359.077     3.5815     3.5771   3.204399   3.204016     1.9438     2.3338      8.011     0.7616     1.4507 1.0715e-01    -0.1201   103.0480     6.5053     6.7573    34.6407    34.6408    27.5428    27.5434    7.35664 0.0000e+00
      10858    359.206     3.5817     3.5773   3.204409   3.204031     1.9429     2.3325      8.011     0.7510     1.4112 1.0715e-01    -0.1194   103.0299     6.5003     6.7561    34.6406    34.6408    27.5427    27.5433    7.35662 0.0000e+00
      10861    359.337     3.5815     3.5771   3.204419   3.204053     1.9433     2.3334      8.013     0.7510     0.1479 1.0715e-01    -0.1205   103.0571     6.5043     6.7631    34.6408    34.6411    27.5429    27.5436    7.35664 0.0000e+00
      10864    359.471     3.5813     3.5770   3.204413   3.204079     1.9433     2.3338      8.013     0.7616     0.0295 1.0715e-01    -0.1198   103.0390     6.5070     6.7665    34.6409    34.6414    27.5430    27.5439    7.35667 0.0000e+00
      10867    359.609     3.5814     3.5770   3.204440   3.204108     1.9429     2.3334      8.008     0.7405     0.0295 1.0715e-01    -0.1201   103.0480     6.5075     6.7666    34.6410    34.6418    27.5431    27.5441    7.35664 0.0000e+00
      10870    359.747     3.5814     3.5770   3.204472   3.204099     1.9433     2.3338      8.011     0.7510     0.0295 1.0715e-01    -0.1201   103.0480     6.5122     6.7691    34.6414    34.6416    27.5434    27.5439    7.35664 0.0000e+00
      10873    359.886     3.5817     3.5770   3.204486   3.204102     1.9429     2.3338      8.013     0.7616     0.0295 1.0727e-01    -0.1201   103.0480     6.5137     6.7678    34.6412    34.6416    27.5432    27.5439    7.35659 0.0000e+00
      10876    360.027     3.5818     3.5769   3.204511   3.204091     1.9429     2.3329      8.013     0.7510     0.0295 1.0715e-01    -0.1201   103.0480     6.5174     6.7663    34.6413    34.6414    27.5432    27.5438    7.35656 0.0000e+00
      10879    360.164     3.5816     3.5770   3.204531   3.204100     1.9425     2.3334      8.011     0.7510     0.0295 1.0715e-01    -0.1194   103.0299     6.5154     6.7687    34.6416    34.6414    27.5435    27.5438    7.35658 0.0000e+00
      10882    360.302     3.5817     3.5768   3.204503   3.204125     1.9425     2.3338      8.011     0.7616     0.0295 1.0715e-01    -0.1201   103.0480     6.5146     6.7689    34.6411    34.6418    27.5431    27.5441    7.35658 0.0000e+00
      10885    360.438     3.5817     3.5770   3.204514   3.204133     1.9429     2.3346      8.011     0.7616     0.3059 1.0715e-01    -0.1201   103.0480     6.5150     6.7684    34.6412    34.6416    27.5431    27.5440    7.35658 0.0000e+00
      10888    360.570     3.5817     3.5771   3.204522   3.204129     1.9438     2.3342      8.008     0.7616     1.6481 1.0715e-01    -0.1205   103.0571     6.5213     6.7650    34.6412    34.6414    27.5432    27.5438    7.35658 0.0000e+00
      10891    360.696     3.5815     3.5771   3.204520   3.204134     1.9429     2.3338      8.013     0.7405     1.6876 1.0715e-01    -0.1205   103.0571     6.5205     6.7646    34.6413    34.6414    27.5433    27.5438    7.35661 0.0000e+00
      10894    360.821     3.5816     3.5772   3.204523   3.204161     1.9438     2.3346      8.011     0.7405     1.6876 1.0715e-01    -0.1201   103.0480     6.5251     6.7672    34.6412    34.6415    27.5433    27.5439    7.35661 0.0000e+00
      10897    360.941     3.5825     3.5772   3.204689   3.204179     1.9433     2.3338      8.008     0.7616     1.6876 1.0727e-01    -0.1198   103.0390     6.5218     6.7651    34.6422    34.6417    27.5439    27.5440    7.35639 0.0000e+00
      10900    361.055     3.5841     3.5775   3.204952   3.204292     1.9433     2.3338      8.011     0.7616     1.6876 1.0740e-01    -0.1183   103.0028     6.5215     6.7641    34.6435    34.6426    27.5448    27.5447    7.35603 0.0000e+00
      10903    361.165     3.5855     3.5798   3.205163   3.204599     1.9417     2.3338      8.011     0.7405     1.6876 1.0715e-01    -0.1183   103.0028     6.5139     6.7597    34.6445    34.6438    27.5455    27.5455    7.35573 0.0000e+00
      10906    361.268     3.5870     3.5815   3.205285   3.204796     1.9425     2.3334      8.013     0.7299     1.6876 1.0715e-01    -0.1183   103.0028     6.5142     6.7544    34.6443    34.6443    27.5452    27.5457    7.35546 0.0000e+00
      10909    361.362     3.5876     3.5829   3.205335   3.204966     1.9425     2.3329      8.010     0.7299     1.6876 1.0715e-01    -0.1183   103.0028     6.5099     6.7521    34.6443    34.6448    27.5451    27.5460    7.35536 0.0000e+00
      10912    361.455     3.5876     3.5836   3.205412   3.205062     1.9438     2.3334      8.013     0.7299     1.3323 1.0727e-01    -0.1183   103.0028     6.5142     6.7551    34.6451    34.6452    27.5457    27.5462    7.35531 0.0000e+00
      10915    361.546     3.5881     3.5839   3.205428   3.205079     1.9438     2.3342      8.008     0.7299     0.8191 1.0727e-01    -0.1183   103.0028     6.5149     6.7576    34.6447    34.6450    27.5454    27.5460    7.35524 0.0000e+00
      10918    361.630     3.5884     3.5838   3.205478   3.205092     1.9429     2.3338      8.010     0.7299     0.8586 1.0715e-01    -0.1176   102.9847     6.5103     6.7554    34.6450    34.6452    27.5456    27.5462    7.35518 0.0000e+00
      10921    361.710     3.5885     3.5840   3.205466   3.205083     1.9421     2.3342      8.011     0.7299     0.8586 1.0727e-01    -0.1183   103.0028     6.5103     6.7591    34.6447    34.6449    27.5453    27.5459    7.35517 0.0000e+00
      10924    361.785     3.5883     3.5839   3.205433   3.205095     1.9434     2.3334      8.010     0.7299     0.8586 1.0740e-01    -0.1183   103.0028     6.5195     6.7580    34.6444    34.6451    27.5451    27.5461    7.35522 0.0000e+00
      10927    361.855     3.5884     3.5841   3.205460   3.205152     1.9430     2.3325      8.013     0.7299     0.8586 1.0715e-01    -0.1183   103.0028     6.5165     6.7551    34.6446    34.6455    27.5453    27.5463    7.35519 0.0000e+00
      10930    361.923     3.5884     3.5843   3.205516   3.205185     1.9421     2.3325      8.013     0.7299     0.8586 1.0727e-01    -0.1183   103.0028     6.5080     6.7552    34.6452    34.6457    27.5457    27.5465    7.35516 0.0000e+00
      10933    361.984     3.5891     3.5844   3.205559   3.205180     1.9417     2.3334      8.013     0.7510     0.8586 1.0715e-01    -0.1183   103.0028     6.5050     6.7603    34.6450    34.6454    27.5455    27.5463    7.35505 0.0000e+00
      10936    362.044     3.5894     3.5844   3.205645   3.205184     1.9426     2.3334      8.013     0.7616     0.8586 1.0715e-01    -0.1183   103.0028     6.5081     6.7603    34.6457    34.6455    27.5460    27.5464    7.35495 0.0000e+00
      10939    362.104     3.5901     3.5846   3.205728   3.205222     1.9421     2.3325      8.013     0.7616     1.9640 1.0715e-01    -0.1180   102.9938     6.5073     6.7590    34.6459    34.6457    27.5461    27.5465    7.35482 0.0000e+00
      10942    362.161     3.5902     3.5851   3.205739   3.205266     1.9421     2.3329      8.011     0.7616     2.3982 1.0715e-01    -0.1194   103.0299     6.5088     6.7629    34.6460    34.6457    27.5461    27.5464    7.35481 0.0000e+00
      10945    362.223     3.5904     3.5855   3.205743   3.205356     1.9434     2.3334      8.013     0.7616     2.3982 1.0715e-01    -0.1194   103.0299     6.5139     6.7661    34.6457    34.6463    27.5459    27.5469    7.35478 0.0000e+00
      10948    362.281     3.5905     3.5857   3.205826   3.205389     1.9430     2.3334      8.011     0.7616     2.3982 1.0715e-01    -0.1190   103.0209     6.5115     6.7674    34.6466    34.6464    27.5466    27.5470    7.35471 0.0000e+00
      10951    362.342     3.5906     3.5861   3.205847   3.205430     1.9417     2.3329      8.013     0.7616     2.3982 1.0715e-01    -0.1194   103.0299     6.5072     6.7647    34.6467    34.6465    27.5467    27.5470    7.35470 0.0000e+00
      10954    362.407     3.5908     3.5863   3.205883   3.205468     1.9421     2.3334      8.011     0.7616     2.3982 1.0715e-01    -0.1194   103.0299     6.5089     6.7640    34.6469    34.6467    27.5469    27.5472    7.35465 0.0000e+00
      10957    362.474     3.5908     3.5863   3.205893   3.205509     1.9426     2.3338      8.011     0.7405     2.3982 1.0715e-01    -0.1194   103.0299     6.5084     6.7632    34.6469    34.6471    27.5468    27.5474    7.35464 0.0000e+00
      10960    362.539     3.5908     3.5864   3.205921   3.205534     1.9417     2.3338      8.011     0.7299     2.3982 1.0715e-01    -0.1190   103.0209     6.5030     6.7633    34.6472    34.6473    27.5471    27.5476    7.35462 0.0000e+00
      10963    362.608     3.5922     3.5865   3.206283   3.205624     1.9417     2.3334      8.010     0.7299     2.3193 1.0727e-01    -0.1194   103.0299     6.5042     6.7613    34.6501    34.6482    27.5492    27.5483    7.35424 0.0000e+00
      10966    362.681     3.5945     3.5892   3.206688   3.206202     1.9417     2.3338      8.013     0.7299     1.2138 1.0715e-01    -0.1194   103.0299     6.5048     6.7591    34.6524    34.6522    27.5509    27.5512    7.35370 0.0000e+00
      10969    362.752     3.5952     3.5911   3.206792   3.206425     1.9421     2.3334      8.011     0.7299     1.2139 1.0715e-01    -0.1198   103.0390     6.5068     6.7556    34.6529    34.6529    27.5512    27.5516    7.35355 0.0000e+00
      10972    362.829     3.5957     3.5911   3.206837   3.206404     1.9417     2.3325      8.011     0.7299     1.2139 1.0715e-01    -0.1194   103.0299     6.5094     6.7525    34.6529    34.6525    27.5511    27.5513    7.35346 0.0000e+00
      10975    362.911     3.5959     3.5913   3.206846   3.206448     1.9413     2.3334      8.010     0.7299     1.2139 1.0727e-01    -0.1198   103.0390     6.5093     6.7554    34.6527    34.6528    27.5510    27.5515    7.35343 0.0000e+00
      10978    362.993     3.5957     3.5914   3.206829   3.206489     1.9417     2.3325      8.010     0.7299     1.1744 1.0715e-01    -0.1194   103.0299     6.5080     6.7508    34.6527    34.6532    27.5509    27.5518    7.35347 0.0000e+00
      10981    363.080     3.5957     3.5915   3.206824   3.206491     1.9413     2.3329      8.010     0.7299     1.1744 1.0727e-01    -0.1194   103.0299     6.5048     6.7518    34.6526    34.6530    27.5509    27.5516    7.35348 0.0000e+00
      10984    363.170     3.5956     3.5913   3.206808   3.206455     1.9417     2.3329      8.011     0.7510     1.2139 1.0715e-01    -0.1194   103.0299     6.5069     6.7512    34.6524    34.6528    27.5508    27.5515    7.35350 0.0000e+00
      10987    363.262     3.5956     3.5914   3.206783   3.206461     1.9426     2.3329      8.008     0.7510     1.2139 1.0715e-01    -0.1194   103.0299     6.5109     6.7498    34.6521    34.6527    27.5506    27.5514    7.35352 0.0000e+00
      10990    363.357     3.5954     3.5910   3.206801   3.206408     1.9417     2.3326      8.011     0.7616     1.2928 1.0715e-01    -0.1194   103.0299     6.5055     6.7476    34.6525    34.6524    27.5508    27.5512    7.35353 0.0000e+00
      10993    363.451     3.5952     3.5908   3.206796   3.206401     1.9417     2.3326      8.010     0.7616     1.5692 1.0715e-01    -0.1194   103.0299     6.5051     6.7473    34.6526    34.6525    27.5509    27.5513    7.35357 0.0000e+00
      10996    363.547     3.5954     3.5908   3.206783   3.206406     1.9421     2.3326      8.013     0.7722     1.5692 1.0727e-01    -0.1194   103.0299     6.5090     6.7484    34.6522    34.6525    27.5506    27.5513    7.35355 0.0000e+00
      10999    363.645     3.5951     3.5907   3.206744   3.206399     1.9413     2.3330      8.013     0.7510     1.5692 1.0715e-01    -0.1190   103.0209     6.5071     6.7480    34.6519    34.6525    27.5504    27.5513    7.35361 0.0000e+00
      11002    363.748     3.5953     3.5908   3.206807   3.206367     1.9405     2.3326      8.013     0.7510     1.5692 1.0715e-01    -0.1183   103.0028     6.5022     6.7466    34.6524    34.6520    27.5508    27.5509    7.35356 0.0000e+00
      11005    363.850     3.5953     3.5906   3.206778   3.206369     1.9409     2.3322      8.011     0.7510     1.5692 1.0715e-01    -0.1187   103.0118     6.5050     6.7444    34.6520    34.6521    27.5505    27.5510    7.35358 0.0000e+00
      11008    363.955     3.5953     3.5906   3.206785   3.206417     1.9409     2.3313      8.011     0.7510     1.5692 1.0715e-01    -0.1183   103.0028     6.5061     6.7414    34.6521    34.6527    27.5506    27.5515    7.35358 0.0000e+00
      11011    364.064     3.5950     3.5908   3.206791   3.206407     1.9413     2.3313      8.010     0.7616     1.5692 1.0740e-01    -0.1183   103.0028     6.5090     6.7441    34.6524    34.6523    27.5508    27.5511    7.35360 0.0000e+00
