Datasets/AZMP/TEL210/tel210_2020_091.cnv
* Sea-Bird SBE 9 Data File:
* FileName = C:\CTDDATA\tel210_2020_091.hex
* Software Version Seasave V 7.26.7.110
* Temperature SN = 1697
* Conductivity SN = 4216
* Number of Bytes Per Scan = 30
* Number of Voltage Words = 4
* Number of Scans Averaged by the Deck Unit = 1
* NMEA baud rate = 4800
** VESSEL/TRIP/SEQ STN:  tel210_2020_091
** LATITUDE XX XX.XX: 54 21.30 N
** LONGITUDE XX XX.XX: 53 44.00 W
** SOUNDING DEPTH (M): 0235
** PROBE TYPE: S1146
** CTD NUMBER: 061
** COMMENTS (14 CHAR): SI-10
** BOTTLES:  10
** LEVELS: 5,10,20,30,40,50,75,100,150,BTM
** STICKERS: 436180 - 436189
** VNET: Y
** DO2: N
# nquan = 22
# nvalues = 5707                        
# units = specified
# name 0 = scan: Scan Count
# name 1 = prDM: Pressure, Digiquartz [db]
# name 2 = t090C: Temperature [ITS-90, deg C]
# name 3 = t190C: Temperature, 2 [ITS-90, deg C]
# name 4 = c0S/m: Conductivity [S/m]
# name 5 = c1S/m: Conductivity, 2 [S/m]
# name 6 = sbeox0V: Oxygen raw, SBE 43 [V]
# name 7 = sbeox1V: Oxygen raw, SBE 43, 2 [V]
# name 8 = ph: pH
# name 9 = flECO-AFL: Fluorescence, WET Labs ECO-AFL/FL [mg/m^3]
# name 10 = wetCDOM: Fluorescence, WET Labs CDOM [mg/m^3]
# name 11 = par/sat/log: PAR/Logarithmic, Satlantic [umol photons/m^2/sec]
# name 12 = CStarAt0: Beam Attenuation, WET Labs C-Star [1/m]
# name 13 = CStarTr0: Beam Transmission, WET Labs C-Star [%]
# name 14 = sbeox0ML/L: Oxygen, SBE 43 [ml/l], WS = 2
# name 15 = sbeox1ML/L: Oxygen, SBE 43, 2 [ml/l], WS = 2
# name 16 = sal00: Salinity, Practical [PSU]
# name 17 = sal11: Salinity, Practical, 2 [PSU]
# name 18 = sigma-t00: Density [sigma-t, kg/m^3 ]
# name 19 = sigma-t11: Density, 2 [sigma-t, kg/m^3 ]
# name 20 = oxsatML/L: Oxygen Saturation, Weiss [ml/l]
# name 21 = flag: flag
# span 0 =          2,      46548       
# span 1 =      2.239,    234.777       
# span 2 =    -0.6582,     8.5317       
# span 3 =    -0.6663,     8.5243       
# span 4 =   2.690610,   3.324514       
# span 5 =   2.690154,   3.323940       
# span 6 =     1.9567,     2.5139       
# span 7 =     2.3552,     3.0758       
# span 8 =      8.000,      8.254       
# span 9 =     0.6664,     2.6558       
# span 10 =    -2.8130,   482.1870      
# span 11 = 1.0715e-01, 3.0622e+02      
# span 12 =    -0.1152,     0.0748      
# span 13 =    98.1467,   102.9214      
# span 14 =     6.5456,     9.5830      
# span 15 =     6.7929,    10.1591      
# span 16 =    31.3200,    34.5300      
# span 17 =    31.3105,    34.5306      
# span 18 =    24.3168,    27.4917      
# span 19 =    24.3108,    27.4925      
# span 20 =    6.68298,    8.30387      
# span 21 = 0.0000e+00, 0.0000e+00      
# interval = scans: 3                   
# start_time = Jul 25 2020 13:58:50 [System UTC, header]
# bad_flag = -9.990e-29
*END*
[from data line 396]
       1793     32.745     0.4677     0.4617   2.807550   2.806884     2.2096     2.6813      8.150     1.8304     1.2139 1.5653e+01    -0.0245   100.6154     8.4693     8.8832    33.1949    33.1927    26.6250    26.6236    8.04448 0.0000e+00
       1796     32.878     0.4771     0.4726   2.808371   2.807830     2.2112     2.6850      8.150     1.8410     0.8191 1.5437e+01    -0.0245   100.6154     8.4813     8.9051    33.1954    33.1932    26.6249    26.6234    8.04246 0.0000e+00
       1799     33.006     0.4851     0.4795   2.809130   2.808507     2.2137     2.6886      8.153     1.8516    -1.0759 1.5243e+01    -0.0238   100.5973     8.4983     8.9257    33.1967    33.1946    26.6255    26.6241    8.04071 0.0000e+00
       1802     33.132     0.4941     0.4865   2.810003   2.809251     2.2161     2.6915      8.153     1.8621    -1.0759 1.5067e+01    -0.0184   100.4617     8.5163     8.9416    33.1983    33.1966    26.6263    26.6254    8.03871 0.0000e+00
       1805     33.257     0.5020     0.4947   2.810674   2.809932     2.2185     2.6947      8.155     1.8516    -1.0759 1.4911e+01    -0.0181   100.4527     8.5346     8.9585    33.1984    33.1966    26.6260    26.6249    8.03702 0.0000e+00
       1808     33.379     0.5076     0.5013   2.811113   2.810566     2.2198     2.6980      8.157     1.8621    -1.0759 1.4723e+01    -0.0181   100.4527     8.5491     8.9748    33.1980    33.1977    26.6253    26.6254    8.03585 0.0000e+00
       1811     33.495     0.4964     0.4993   2.809685   2.809995     2.2214     2.7012      8.158     1.8621    -1.0364 1.4503e+01    -0.0181   100.4527     8.5692     8.9954    33.1914    33.1923    26.6206    26.6212    8.03859 0.0000e+00
       1814     33.607     0.4806     0.4810   2.808732   2.808479     2.2238     2.7057      8.160     1.8621    -1.0364 1.4303e+01    -0.0181   100.4527     8.5949     9.0279    33.1959    33.1922    26.6251    26.6221    8.04169 0.0000e+00
       1817     33.716     0.4681     0.4709   2.807794   2.807937     2.2267     2.7094      8.160     1.9468    -1.0364 1.4139e+01    -0.0181   100.4527     8.6210     9.0501    33.1972    33.1959    26.6268    26.6256    8.04429 0.0000e+00
       1820     33.820     0.4752     0.4670   2.809795   2.808034     2.2299     2.7127      8.160     2.2431    -1.0364 1.3977e+01    -0.0116   100.2899     8.6408     9.0701    33.2155    33.2014    26.6412    26.6303    8.04177 0.0000e+00
       1823     33.922     0.5107     0.4832   2.812804   2.810371     2.2328     2.7163      8.160     2.2537    -0.5232 1.3800e+01     0.0036    99.9101     8.6507     9.0859    33.2164    33.2143    26.6400    26.6398    8.03419 0.0000e+00
       1826     34.017     0.5197     0.5065   2.813005   2.812018     2.2361     2.7196      8.160     2.2325     0.1479 1.3625e+01     0.0032    99.9191     8.6704     9.0995    33.2092    33.2106    26.6337    26.6355    8.03267 0.0000e+00
       1829     34.105     0.5385     0.5131   2.816752   2.812491     2.2389     2.7240      8.165     2.2431     0.1084 1.3484e+01     0.0036    99.9101     8.6823     9.1209    33.2378    33.2096    26.6556    26.6343    8.02715 0.0000e+00
       1832     34.192     0.6653     0.5727   2.829724   2.821857     2.2413     2.7285      8.162     2.2537     0.1479 1.3376e+01     0.0036    99.9101     8.6564     9.1192    33.2697    33.2673    26.6742    26.6774    7.99866 0.0000e+00
       1835     34.273     0.7426     0.6926   2.834821   2.832083     2.2442     2.7338      8.164     2.2537     0.1479 1.3252e+01     0.0036    99.9101     8.6437     9.1028    33.2526    33.2708    26.6559    26.6735    7.98337 0.0000e+00
       1838     34.347     0.7658     0.7533   2.836483   2.835594     2.2470     2.7371      8.164     2.2325     0.1479 1.3115e+01     0.0032    99.9191     8.6428     9.0976    33.2491    33.2510    26.6517    26.6540    7.97869 0.0000e+00
       1841     34.416     0.7808     0.7717   2.837848   2.836687     2.2499     2.7399      8.165     2.2325     0.1479 1.2979e+01     0.0174    99.5664     8.6429     9.1032    33.2507    33.2454    26.6521    26.6484    7.97547 0.0000e+00
       1844     34.478     0.8163     0.7755   2.841785   2.836946     2.2519     2.7448      8.168     2.1267     0.0690 1.2875e+01     0.0291    99.2771     8.6335     9.1158    33.2634    33.2447    26.6602    26.6476    7.96737 0.0000e+00
       1847     34.533     0.8670     0.7974   2.846768   2.839596     2.2552     2.7485      8.168     1.9997     0.1084 1.2801e+01     0.0287    99.2861     8.6272     9.1131    33.2733    33.2553    26.6651    26.6549    7.95626 0.0000e+00
       1850     34.584     0.8989     0.8444   2.848679   2.844328     2.2572     2.7530      8.173     2.0209    -0.4048 1.2727e+01     0.0287    99.2861     8.6170     9.1044    33.2637    33.2660    26.6555    26.6607    7.95013 0.0000e+00
       1853     34.627     0.9117     0.8918   2.849489   2.848183     2.2597     2.7566      8.173     2.0103    -0.6022 1.2624e+01     0.0287    99.2861     8.6146     9.0880    33.2603    33.2649    26.6520    26.6569    7.94764 0.0000e+00
       1856     34.666     0.9182     0.9096   2.850010   2.849462     2.2613     2.7595      8.177     2.0209    -0.5627 1.2581e+01     0.0287    99.2861     8.6108     9.0734    33.2601    33.2623    26.6514    26.6537    7.94630 0.0000e+00
       1859     34.702     0.9245     0.9181   2.849895   2.850146     2.2633     2.7631      8.177     2.0209    -0.5627 1.2537e+01     0.0287    99.2861     8.6047     9.0659    33.2519    33.2620    26.6444    26.6529    7.94544 0.0000e+00
       1862     34.730     0.9255     0.9258   2.849751   2.850631     2.2662     2.7668      8.180     1.9997    -0.5627 1.2494e+01     0.0337    99.1595     8.6080     9.0572    33.2490    33.2599    26.6420    26.6508    7.94540 0.0000e+00
       1865     34.756     0.9603     0.9235   2.853829   2.850445     2.2682     2.7709      8.182     2.0315    -0.6022 1.2436e+01     0.0345    99.1414     8.5957     9.0484    33.2641    33.2600    26.6520    26.6510    7.93734 0.0000e+00
       1868     34.784     1.0376     0.9238   2.861543   2.850450     2.2707     2.7721      8.184     2.0209    -0.5627 1.2378e+01     0.0348    99.1323     8.5730     9.0257    33.2805    33.2597    26.6605    26.6507    7.92045 0.0000e+00
       1871     34.806     1.0928     0.9243   2.866484   2.850841     2.2731     2.7753      8.186     2.1690    -0.5627 1.2335e+01     0.0348    99.1323     8.5563     9.0115    33.2848    33.2642    26.6605    26.6543    7.90883 0.0000e+00
       1874     34.830     1.1123     0.9642   2.868416   2.856478     2.2731     2.7782      8.186     2.2325    -0.3258 1.2265e+01     0.0352    99.1233     8.5403     8.9827    33.2887    33.2939    26.6624    26.6758    7.90460 0.0000e+00
       1877     34.856     1.1114     1.0308   2.868016   2.862379     2.2755     2.7790      8.186     2.2008     3.6616 1.2250e+01     0.0345    99.1414     8.5396     8.9436    33.2846    33.2985    26.6591    26.6753    7.90501 0.0000e+00
       1880     34.888     1.1162     1.0257   2.868876   2.860930     2.2772     2.7806      8.188     2.2008     3.8195 1.2222e+01     0.0389    99.0329     8.5337     8.9259    33.2904    33.2853    26.6635    26.6651    7.90370 0.0000e+00
       1883     34.914     1.1205     1.0687   2.869277   2.866141     2.2780     2.7823      8.191     2.2008     3.8195 1.2180e+01     0.0653    98.3818     8.5261     8.8939    33.2910    33.3061    26.6637    26.6791    7.90279 0.0000e+00
       1886     34.945     1.1121     1.1087   2.868839   2.868948     2.2804     2.7835      8.191     2.2008     3.8195 1.2138e+01     0.0656    98.3727     8.5296     8.8671    33.2943    33.2993    26.6669    26.6711    7.90434 0.0000e+00
       1889     34.979     1.1019     1.1127   2.868132   2.868694     2.2816     2.7843      8.191     2.1902     3.8195 1.2082e+01     0.0660    98.3637     8.5309     8.8540    33.2961    33.2918    26.6690    26.6648    7.90635 0.0000e+00
       1892     35.021     1.0955     1.1034   2.867662   2.868073     2.2820     2.7855      8.191     2.2008     3.8195 1.2012e+01     0.0660    98.3637     8.5294     8.8498    33.2970    33.2938    26.6701    26.6670    7.90763 0.0000e+00
       1895     35.067     1.0879     1.0952   2.866833   2.867570     2.2841     2.7863      8.194     2.2431     3.8195 1.1970e+01     0.0660    98.3637     8.5381     8.8434    33.2944    33.2961    26.6685    26.6694    7.90933 0.0000e+00
       1898     35.120     1.0523     1.0921   2.862769   2.867560     2.2845     2.7872      8.193     2.5077     3.8195 1.1887e+01     0.0660    98.3637     8.5462     8.8389    33.2803    33.2992    26.6594    26.6721    7.91742 0.0000e+00
       1901     35.180     1.0408     1.0885   2.862125   2.867071     2.2857     2.7876      8.193     2.5288     4.4117 1.1792e+01     0.0656    98.3727     8.5472     8.8332    33.2843    33.2968    26.6634    26.6704    7.91960 0.0000e+00
       1904     35.246     1.0332     1.0873   2.861112   2.867333     2.2873     2.7876      8.193     2.5183     6.0698 1.1697e+01     0.0638    98.4179     8.5522     8.8210    33.2794    33.3014    26.6598    26.6741    7.92142 0.0000e+00
       1907     35.317     1.0359     1.0894   2.862117   2.867657     2.2890     2.7884      8.193     2.5183     6.0303 1.1576e+01     0.0642    98.4089     8.5486     8.8140    33.2894    33.3033    26.6677    26.6755    7.92033 0.0000e+00
       1910     35.395     1.0548     1.0881   2.864205   2.867600     2.2902     2.7896      8.191     2.5288     5.9908 1.1456e+01     0.0642    98.4089     8.5339     8.8082    33.2959    33.3039    26.6718    26.6761    7.91608 0.0000e+00
       1913     35.481     1.0690     1.0814   2.866043   2.867032     2.2914     2.7908      8.191     2.5288     6.0698 1.1337e+01     0.0638    98.4179     8.5218     8.8026    33.3042    33.3037    26.6776    26.6764    7.91270 0.0000e+00
       1916     35.577     1.0667     1.0699   2.865857   2.865997     2.2926     2.7916      8.188     2.5077     5.9908 1.1181e+01     0.0642    98.4089     8.5112     8.7968    33.3043    33.3027    26.6778    26.6763    7.91318 0.0000e+00
       1919     35.674     1.0480     1.0523   2.864028   2.864265     2.2934     2.7924      8.188     2.5288     6.0698 1.1065e+01     0.0645    98.3998     8.5007     8.7924    33.3008    33.2992    26.6761    26.6746    7.91723 0.0000e+00
       1922     35.779     1.0067     1.0196   2.859960   2.860824     2.2943     2.7920      8.187     2.5817     6.0698 1.0913e+01     0.0631    98.4360     8.4964     8.7858    33.2927    33.2899    26.6722    26.6692    7.92620 0.0000e+00
       1925     35.889     0.9496     0.9620   2.855170   2.855508     2.2947     2.7912      8.185     2.6558     6.0698 1.0775e+01     0.0616    98.4722     8.4915     8.7858    33.2922    33.2833    26.6753    26.6674    7.93806 0.0000e+00
       1928     36.006     0.8917     0.9027   2.850136   2.850784     2.2955     2.7908      8.184     2.6452   265.3681 1.0651e+01     0.0616    98.4722     8.4896     8.7850    33.2893    33.2859    26.6765    26.6731    7.95024 0.0000e+00
       1931     36.129     0.8371     0.8469   2.845885   2.846129     2.2947     2.7912      8.183     2.6346   482.1870 1.0504e+01     0.0616    98.4722     8.4808     8.7839    33.2930    33.2856    26.6828    26.6763    7.96142 0.0000e+00
       1934     36.254     0.8157     0.8096   2.845025   2.844223     2.2934     2.7904      8.180     2.6558   480.8052 1.0384e+01     0.0616    98.4722     8.4614     8.7748    33.3048    33.3011    26.6936    26.6909    7.96524 0.0000e+00
       1937     36.380     0.8096     0.8014   2.844633   2.843963     2.2943     2.7896      8.178     2.6346   481.0026 1.0229e+01     0.0616    98.4722     8.4528     8.7592    33.3062    33.3064    26.6951    26.6957    7.96643 0.0000e+00
       1940     36.511     0.8023     0.7970   2.843963   2.843572     2.2934     2.7896      8.173     2.6452   481.0026 1.0076e+01     0.0620    98.4632     8.4406     8.7520    33.3054    33.3060    26.6948    26.6957    7.96802 0.0000e+00
       1943     36.643     0.7935     0.7902   2.843415   2.843060     2.2934     2.7884      8.171     2.6558   481.0026 9.9373e+00     0.0730    98.1919     8.4355     8.7425    33.3076    33.3067    26.6971    26.6966    7.96972 0.0000e+00
       1946     36.774     0.7935     0.7924   2.843613   2.843288     2.2926     2.7876      8.170     2.6558   481.0026 9.8004e+00     0.0748    98.1467     8.4258     8.7346    33.3102    33.3072    26.6992    26.6968    7.96960 0.0000e+00
       1949     36.905     0.8120     0.8039   2.845824   2.845008     2.2926     2.7876      8.168     2.4336   481.0026 9.6654e+00     0.0748    98.1467     8.4182     8.7278    33.3188    33.3169    26.7051    26.7041    7.96527 0.0000e+00
       1952     37.038     0.8309     0.8237   2.847554   2.846782     2.2926     2.7859      8.168     2.3066   481.2000 9.5433e+00     0.0748    98.1467     8.4133     8.7124    33.3207    33.3185    26.7055    26.7041    7.96122 0.0000e+00
       1955     37.170     0.8748     0.8528   2.852421   2.850408     2.2918     2.7851      8.166     2.2960    78.1190 9.4118e+00     0.0744    98.1557     8.3990     8.6978    33.3362    33.3339    26.7153    26.7148    7.95122 0.0000e+00
       1958     37.301     0.9217     0.9050   2.856022   2.854919     2.2910     2.7843      8.163     2.3066    -2.8130 9.2821e+00     0.0748    98.1467     8.3802     8.6801    33.3322    33.3359    26.7092    26.7132    7.94169 0.0000e+00
       1961     37.427     0.9637     0.9470   2.860343   2.858896     2.2914     2.7827      8.163     2.2960    -1.8260 9.1542e+00     0.0682    98.3095     8.3686     8.6610    33.3427    33.3420    26.7151    26.7156    7.93242 0.0000e+00
       1964     37.551     1.0003     0.9894   2.863017   2.862156     2.2914     2.7831      8.163     2.3066    -1.6681 9.0490e+00     0.0374    99.0691     8.3607     8.6505    33.3377    33.3384    26.7088    26.7100    7.92509 0.0000e+00
       1967     37.671     1.0113     1.0060   2.863575   2.863021     2.2910     2.7814      8.162     2.2960    -1.6681 8.9450e+00     0.0374    99.0691     8.3572     8.6399    33.3331    33.3316    26.7044    26.7036    7.92308 0.0000e+00
       1970     37.785     1.0089     1.0069   2.863183   2.862910     2.2906     2.7810      8.162     2.3066    -1.7076 8.8524e+00     0.0378    99.0600     8.3565     8.6372    33.3305    33.3291    26.7025    26.7015    7.92370 0.0000e+00
       1973     37.898     1.0008     1.0005   2.862470   2.862277     2.2902     2.7806      8.163     2.2854    -1.7471 8.7709e+00     0.0378    99.0600     8.3545     8.6384    33.3300    33.3279    26.7026    26.7009    7.92541 0.0000e+00
       1976     38.004     0.9890     0.9898   2.861355   2.861373     2.2894     2.7794      8.166     2.0315    -1.7471 8.6700e+00     0.0374    99.0691     8.3527     8.6390    33.3282    33.3276    26.7018    26.7013    7.92794 0.0000e+00
       1979     38.106     0.9646     0.9729   2.858825   2.859576     2.2890     2.7782      8.165     2.0209    -1.4312 8.6201e+00     0.0374    99.0691     8.3552     8.6394    33.3218    33.3226    26.6982    26.6984    7.93334 0.0000e+00
       1982     38.206     0.9298     0.9392   2.855899   2.856570     2.2882     2.7774      8.165     2.0209    -0.0100 8.5308e+00     0.0338    99.1595     8.3545     8.6452    33.3215    33.3200    26.7001    26.6983    7.94059 0.0000e+00
