Datasets/AZMP/TEL210/tel210_2020_057.cnv
* Sea-Bird SBE 9 Data File:
* FileName = C:\CTDDATA\tel210_2020_057.hex
* Software Version Seasave V 7.26.7.110
* Temperature SN = 1697
* Conductivity SN = 4216
* Number of Bytes Per Scan = 30
* Number of Voltage Words = 4
* Number of Scans Averaged by the Deck Unit = 1
** VESSEL/TRIP/SEQ STN:  tel210_2020_057
** LATITUDE XX XX.XX: 48 48.00 N
** LONGITUDE XX XX.XX: 052 45.00 W
** SOUNDING DEPTH (M): 0178
** PROBE TYPE: S1146
** CTD NUMBER: 047
** COMMENTS (14 CHAR): BB-02
** BOTTLES:  0
** LEVELS:
** STICKERS:
** VNET: N
** DO2: N
# nquan = 22
# nvalues = 3647                        
# units = specified
# name 0 = scan: Scan Count
# name 1 = prDM: Pressure, Digiquartz [db]
# name 2 = t090C: Temperature [ITS-90, deg C]
# name 3 = t190C: Temperature, 2 [ITS-90, deg C]
# name 4 = c0S/m: Conductivity [S/m]
# name 5 = c1S/m: Conductivity, 2 [S/m]
# name 6 = sbeox0V: Oxygen raw, SBE 43 [V]
# name 7 = sbeox1V: Oxygen raw, SBE 43, 2 [V]
# name 8 = ph: pH
# name 9 = flECO-AFL: Fluorescence, WET Labs ECO-AFL/FL [mg/m^3]
# name 10 = wetCDOM: Fluorescence, WET Labs CDOM [mg/m^3]
# name 11 = par/sat/log: PAR/Logarithmic, Satlantic [umol photons/m^2/sec]
# name 12 = CStarAt0: Beam Attenuation, WET Labs C-Star [1/m]
# name 13 = CStarTr0: Beam Transmission, WET Labs C-Star [%]
# name 14 = sbeox0ML/L: Oxygen, SBE 43 [ml/l], WS = 2
# name 15 = sbeox1ML/L: Oxygen, SBE 43, 2 [ml/l], WS = 2
# name 16 = sal00: Salinity, Practical [PSU]
# name 17 = sal11: Salinity, Practical, 2 [PSU]
# name 18 = sigma-t00: Density [sigma-t, kg/m^3 ]
# name 19 = sigma-t11: Density, 2 [sigma-t, kg/m^3 ]
# name 20 = oxsatML/L: Oxygen Saturation, Weiss [ml/l]
# name 21 = flag: flag
# span 0 =          2,      12830       
# span 1 =      0.120,    169.535       
# span 2 =    -1.4185,    11.6135       
# span 3 =    -1.4237,    11.6113       
# span 4 =   2.504036,   3.619250       
# span 5 =   2.620697,   3.621407       
# span 6 =     1.9365,     2.5823       
# span 7 =     2.3374,     3.1392       
# span 8 =      7.957,      8.297       
# span 9 =     0.5394,     3.5976       
# span 10 =    -2.8130,   482.1870      
# span 11 = 1.0715e-01, 1.8570e+03      
# span 12 =    -0.1446,     0.1594      
# span 13 =    96.0938,   103.6811      
# span 14 =     5.8165,     9.4470      
# span 15 =     5.7560,     9.9717      
# span 16 =    21.0775,    33.0969      
# span 17 =    24.1088,    33.0838      
# span 18 =    15.8678,    26.6062      
# span 19 =    18.2159,    26.5954      
# span 20 =    6.23170,    8.48871      
# span 21 = 0.0000e+00, 0.0000e+00      
# interval = scans: 3                   
# start_time = Jul 21 2020 18:17:09 [System UTC, header]
# bad_flag = -9.990e-29
*END*
[from data line 2832]
       9915     77.298    -1.3768    -1.3834   2.622064   2.621767     2.0002     2.4194      7.978     0.7510     0.8586 1.4149e+00    -0.1404   103.5725     7.6984     8.0259    32.6921    32.6952    26.2942    26.2970    8.48262 0.0000e+00
       9918     77.272    -1.3764    -1.3836   2.622040   2.621757     2.0006     2.4211      7.978     0.7510     0.8586 1.4149e+00    -0.1404   103.5725     7.7024     8.0344    32.6913    32.6953    26.2936    26.2971    8.48257 0.0000e+00
       9934     77.193    -1.3764    -1.3877   2.621990   2.621615     2.0022     2.4223      7.980     0.7722    -0.2469 1.4116e+00    -0.1415   103.5997     7.7055     8.0318    32.6907    32.6979    26.2931    26.2992    8.48260 0.0000e+00
       9944     77.144    -1.3759    -1.3905   2.621954   2.621555     2.0006     2.4227      7.981     0.7616    -0.7996 1.4084e+00    -0.1425   103.6268     7.6958     8.0272    32.6896    32.7002    26.2922    26.3012    8.48254 0.0000e+00
       9948     77.114    -1.3757    -1.3890   2.621944   2.621582     2.0026     2.4231      7.980     0.7616    -0.7996 1.4133e+00    -0.1418   103.6087     7.7020     8.0249    32.6893    32.6989    26.2920    26.3001    8.48252 0.0000e+00
       9952     77.080    -1.3759    -1.3866   2.621970   2.621611     2.0022     2.4231      7.981     0.7616    -0.7996 1.4149e+00    -0.1422   103.6178     7.7013     8.0238    32.6899    32.6967    26.2924    26.2982    8.48253 0.0000e+00
       9955     77.044    -1.3758    -1.3859   2.621928   2.621614     2.0014     2.4227      7.983     0.7616    -0.7996 1.4247e+00    -0.1422   103.6178     7.6940     8.0216    32.6893    32.6959    26.2919    26.2976    8.48255 0.0000e+00
       9958     77.000    -1.3758    -1.3848   2.621923   2.621618     2.0022     2.4227      7.981     0.7510    -0.5232 1.4182e+00    -0.1425   103.6268     7.6988     8.0253    32.6892    32.6949    26.2919    26.2967    8.48255 0.0000e+00
       9961     76.951    -1.3760    -1.3835   2.621926   2.621619     2.0014     2.4239      7.981     0.7510     0.7401 1.4297e+00    -0.1425   103.6268     7.6951     8.0298    32.6895    32.6936    26.2921    26.2956    8.48258 0.0000e+00
       9964     76.894    -1.3759    -1.3830   2.621932   2.621621     2.0026     2.4243      7.983     0.7616     0.7401 1.4346e+00    -0.1425   103.6268     7.7018     8.0313    32.6895    32.6930    26.2922    26.2952    8.48256 0.0000e+00
       9967     76.828    -1.3759    -1.3836   2.621923   2.621595     2.0022     2.4231      7.983     0.7510     0.7401 1.4429e+00    -0.1422   103.6178     7.7042     8.0263    32.6894    32.6934    26.2920    26.2955    8.48256 0.0000e+00
       9970     76.753    -1.3759    -1.3852   2.621927   2.621578     2.0018     2.4231      7.983     0.7510     0.7401 1.4513e+00    -0.1418   103.6087     7.7021     8.0283    32.6896    32.6949    26.2922    26.2968    8.48256 0.0000e+00
       9973     76.665    -1.3757    -1.3834   2.621911   2.621603     2.0026     2.4243      7.983     0.7722     0.7401 1.4564e+00    -0.1425   103.6268     7.7024     8.0314    32.6892    32.6934    26.2918    26.2955    8.48254 0.0000e+00
       9976     76.573    -1.3759    -1.3823   2.621911   2.621612     2.0026     2.4235      7.983     0.7510     0.7401 1.4648e+00    -0.1425   103.6268     7.7052     8.0303    32.6894    32.6923    26.2920    26.2946    8.48256 0.0000e+00
       9979     76.473    -1.3756    -1.3815   2.621898   2.621596     2.0026     2.4243      7.983     0.7510     0.7401 1.4835e+00    -0.1425   103.6268     7.7062     8.0309    32.6889    32.6913    26.2916    26.2938    8.48251 0.0000e+00
       9982     76.358    -1.3756    -1.3811   2.621900   2.621586     2.0026     2.4251      7.983     0.7616     0.7401 1.4887e+00    -0.1425   103.6268     7.7029     8.0315    32.6891    32.6907    26.2918    26.2933    8.48251 0.0000e+00
       9985     76.235    -1.3753    -1.3812   2.621903   2.621613     2.0030     2.4247      7.983     0.7616     0.2664 1.4973e+00    -0.1425   103.6268     7.7050     8.0276    32.6888    32.6913    26.2915    26.2937    8.48245 0.0000e+00
       9988     76.104    -1.3752    -1.3818   2.621886   2.621601     2.0030     2.4251      7.983     0.7616    -0.2074 1.5341e+00    -0.1425   103.6268     7.7025     8.0299    32.6886    32.6919    26.2914    26.2942    8.48245 0.0000e+00
       9991     75.967    -1.3752    -1.3820   2.621896   2.621605     2.0034     2.4243      7.983     0.7616    -0.2074 1.5664e+00    -0.1418   103.6087     7.7063     8.0283    32.6888    32.6923    26.2916    26.2945    8.48244 0.0000e+00
       9994     75.825    -1.3751    -1.3821   2.621876   2.621594     2.0034     2.4255      7.983     0.7405    -0.2074 1.5719e+00    -0.1425   103.6268     7.7033     8.0283    32.6886    32.6923    26.2913    26.2946    8.48244 0.0000e+00
       9997     75.677    -1.3753    -1.3819   2.621891   2.621584     2.0026     2.4247      7.981     0.7510    -0.2074 1.5809e+00    -0.1425   103.6268     7.6953     8.0216    32.6891    32.6921    26.2917    26.2944    8.48245 0.0000e+00
      10000     75.523    -1.3754    -1.3810   2.621874   2.621590     2.0038     2.4255      7.983     0.7616    -0.2074 1.6012e+00    -0.1425   103.6268     7.7034     8.0255    32.6890    32.6912    26.2917    26.2937    8.48247 0.0000e+00
      10003     75.362    -1.3747    -1.3798   2.621871   2.621598     2.0034     2.4247      7.983     0.7616    -0.2074 1.6217e+00    -0.1418   103.6087     7.7001     8.0201    32.6883    32.6901    26.2911    26.2927    8.48235 0.0000e+00
      10006     75.196    -1.3743    -1.3794   2.621891   2.621624     2.0030     2.4251      7.983     0.7510    -0.2074 1.6424e+00    -0.1425   103.6268     7.6976     8.0232    32.6882    32.6902    26.2910    26.2928    8.48225 0.0000e+00
      10009     75.034    -1.3730    -1.3781   2.621938   2.621676     2.0038     2.4251      7.983     0.7616    -0.2074 1.6577e+00    -0.1422   103.6178     7.7016     8.0253    32.6876    32.6896    26.2905    26.2923    8.48200 0.0000e+00
      10012     74.868    -1.3719    -1.3761   2.622010   2.621794     2.0034     2.4255      7.983     0.7616     0.1874 1.6847e+00    -0.1422   103.6178     7.6992     8.0261    32.6874    32.6891    26.2903    26.2918    8.48175 0.0000e+00
      10015     74.704    -1.3708    -1.3741   2.622097   2.621843     2.0038     2.4255      7.983     0.7722     0.3848 1.6886e+00    -0.1422   103.6178     7.7017     8.0252    32.6875    32.6877    26.2904    26.2906    8.48148 0.0000e+00
      10018     74.547    -1.3698    -1.3741   2.622133   2.621864     2.0030     2.4251      7.983     0.7616     0.3848 1.7102e+00    -0.1425   103.6268     7.7010     8.0238    32.6870    32.6880    26.2899    26.2909    8.48128 0.0000e+00
      10021     74.387    -1.3687    -1.3733   2.622160   2.621908     2.0038     2.4255      7.983     0.7616     0.3848 1.7301e+00    -0.1422   103.6178     7.7030     8.0239    32.6863    32.6879    26.2893    26.2907    8.48108 0.0000e+00
      10024     74.232    -1.3678    -1.3727   2.622196   2.621905     2.0038     2.4259      7.983     0.7616     0.3848 1.7482e+00    -0.1415   103.5997     7.7008     8.0270    32.6859    32.6872    26.2889    26.2902    8.48088 0.0000e+00
      10027     74.086    -1.3673    -1.3723   2.622229   2.621926     2.0042     2.4263      7.983     0.7510     0.3848 1.7665e+00    -0.1425   103.6268     7.7037     8.0263    32.6859    32.6872    26.2889    26.2902    8.48077 0.0000e+00
      10030     73.938    -1.3665    -1.3708   2.622258   2.622006     2.0038     2.4263      7.983     0.7616     0.3848 1.7706e+00    -0.1418   103.6087     7.7004     8.0253    32.6854    32.6868    26.2886    26.2898    8.48060 0.0000e+00
      10033     73.800    -1.3658    -1.3699   2.622323   2.622038     2.0042     2.4263      7.983     0.7616     0.3848 1.7809e+00    -0.1422   103.6178     7.7049     8.0243    32.6857    32.6863    26.2887    26.2893    8.48043 0.0000e+00
      10036     73.672    -1.3645    -1.3695   2.622360   2.622046     2.0042     2.4259      7.981     0.7616     0.4243 1.8016e+00    -0.1425   103.6268     7.7050     8.0238    32.6848    32.6860    26.2880    26.2891    8.48017 0.0000e+00
      10039     73.554    -1.3637    -1.3697   2.622390   2.622023     2.0047     2.4263      7.983     0.7510     0.8191 1.8058e+00    -0.1425   103.6268     7.7079     8.0267    32.6845    32.6861    26.2877    26.2892    8.48003 0.0000e+00
      10042     73.444    -1.3627    -1.3691   2.622453   2.622075     2.0047     2.4263      7.983     0.7510     0.8586 1.8141e+00    -0.1425   103.6268     7.7075     8.0238    32.6843    32.6862    26.2876    26.2892    8.47980 0.0000e+00
      10045     73.345    -1.3619    -1.3661   2.622461   2.622238     2.0038     2.4259      7.983     0.7616     0.8586 1.8204e+00    -0.1425   103.6268     7.7003     8.0195    32.6836    32.6852    26.2870    26.2883    8.47966 0.0000e+00
      10048     73.255    -1.3614    -1.3645   2.622494   2.622275     2.0047     2.4267      7.983     0.7510     0.8586 1.8310e+00    -0.1425   103.6268     7.7072     8.0218    32.6835    32.6839    26.2868    26.2873    8.47954 0.0000e+00
      10051     73.179    -1.3604    -1.3649   2.622533   2.622235     2.0038     2.4259      7.983     0.7616     0.8586 1.8437e+00    -0.1415   103.5997     7.7010     8.0214    32.6830    32.6839    26.2864    26.2873    8.47933 0.0000e+00
      10054     73.115    -1.3606    -1.3668   2.622427   2.622141     2.0051     2.4267      7.983     0.7405     0.8586 1.8416e+00    -0.1404   103.5725     7.7101     8.0276    32.6819    32.6847    26.2855    26.2880    8.47946 0.0000e+00
      10057     73.064    -1.3604    -1.3673   2.622576   2.622138     2.0051     2.4267      7.983     0.7510     0.8586 1.8523e+00    -0.1404   103.5725     7.7112     8.0299    32.6838    32.6852    26.2870    26.2884    8.47931 0.0000e+00
      10060     73.026    -1.3590    -1.3667   2.622648   2.622174     2.0051     2.4276      7.983     0.7616     0.8586 1.8523e+00    -0.1404   103.5725     7.7144     8.0353    32.6832    32.6851    26.2865    26.2883    8.47900 0.0000e+00
      10063     72.994    -1.3573    -1.3675   2.622835   2.622110     2.0051     2.4267      7.983     0.7616     0.3848 1.8716e+00    -0.1404   103.5725     7.7174     8.0343    32.6839    32.6851    26.2871    26.2883    8.47857 0.0000e+00
      10076     72.945    -1.3497    -1.3654   2.623236   2.622275     2.0059     2.4271      7.983     0.7510    -0.3653 1.8673e+00    -0.1408   103.5816     7.7233     8.0382    32.6811    32.6852    26.2845    26.2883    8.47696 0.0000e+00
      10100     72.867    -1.3382    -1.3510   2.623764   2.623019     2.0071     2.4288      7.986     0.7510     0.7401 1.8890e+00    -0.1422   103.6178     7.7256     8.0452    32.6757    32.6796    26.2799    26.2834    8.47461 0.0000e+00
      10103     72.832    -1.3373    -1.3494   2.623789   2.622980     2.0071     2.4296      7.986     0.7616     0.7401 1.8956e+00    -0.1415   103.5997     7.7251     8.0493    32.6752    32.6774    26.2794    26.2815    8.47443 0.0000e+00
      10106     72.789    -1.3359    -1.3511   2.623911   2.622989     2.0079     2.4296      7.984     0.7616     0.7401 1.8956e+00    -0.1415   103.5997     7.7284     8.0511    32.6754    32.6793    26.2795    26.2832    8.47411 0.0000e+00
      10109     72.739    -1.3336    -1.3514   2.624065   2.622876     2.0079     2.4308      7.984     0.7510     0.7401 1.9066e+00    -0.1415   103.5997     7.7258     8.0591    32.6750    32.6782    26.2791    26.2823    8.47359 0.0000e+00
      10112     72.681    -1.3325    -1.3542   2.624075   2.622718     2.0075     2.4300      7.984     0.7299     0.7401 1.9154e+00    -0.1411   103.5906     7.7277     8.0615    32.6739    32.6791    26.2783    26.2831    8.47339 0.0000e+00
      10115     72.617    -1.3303    -1.3558   2.624290   2.622615     2.0087     2.4292      7.987     0.7299     0.8191 1.9243e+00    -0.1404   103.5725     7.7355     8.0605    32.6745    32.6795    26.2787    26.2835    8.47284 0.0000e+00
      10118     72.539    -1.3262    -1.3598   2.624581   2.622509     2.0083     2.4300      7.987     0.7193     1.0954 1.9287e+00    -0.1404   103.5725     7.7341     8.0632    32.6741    32.6824    26.2783    26.2860    8.47193 0.0000e+00
      10121     72.452    -1.3209    -1.3578   2.625293   2.622845     2.0083     2.4308      7.987     0.7299     1.0954 1.9467e+00    -0.1404   103.5725     7.7353     8.0649    32.6781    32.6849    26.2813    26.2879    8.47047 0.0000e+00
      10124     72.359    -1.3111    -1.3389   2.626126   2.624405     2.0091     2.4312      7.987     0.7405     1.0954 1.9512e+00    -0.1404   103.5725     7.7393     8.0594    32.6788    32.6857    26.2817    26.2880    8.46815 0.0000e+00
      10127     72.262    -1.3007    -1.3121   2.626651   2.625852     2.0087     2.4312      7.987     0.7299     1.0954 1.9625e+00    -0.1404   103.5725     7.7346     8.0522    32.6746    32.6763    26.2780    26.2796    8.46598 0.0000e+00
      10130     72.157    -1.2934    -1.2982   2.626883   2.626374     2.0087     2.4321      7.987     0.7299     1.0954 1.9762e+00    -0.1408   103.5816     7.7346     8.0540    32.6699    32.6683    26.2739    26.2727    8.46457 0.0000e+00
      10133     72.043    -1.2886    -1.2964   2.626960   2.626218     2.0087     2.4325      7.987     0.7299     1.0954 1.9830e+00    -0.1411   103.5906     7.7360     8.0573    32.6658    32.6642    26.2705    26.2694    8.46370 0.0000e+00
      10136     71.924    -1.2863    -1.2997   2.626974   2.626045     2.0099     2.4329      7.987     0.7299     1.0954 1.9945e+00    -0.1418   103.6087     7.7428     8.0640    32.6635    32.6655    26.2686    26.2705    8.46330 0.0000e+00
      10139     71.796    -1.2857    -1.3041   2.626967   2.625747     2.0095     2.4325      7.987     0.7299     1.0954 2.0061e+00    -0.1422   103.6178     7.7418     8.0639    32.6629    32.6663    26.2680    26.2713    8.46320 0.0000e+00
      10142     71.664    -1.2869    -1.3102   2.626676   2.625475     2.0103     2.4325      7.989     0.7299     0.4243 2.0201e+00    -0.1415   103.5997     7.7468     8.0619    32.6603    32.6693    26.2660    26.2739    8.46363 0.0000e+00
      10145     71.530    -1.2871    -1.3069   2.626967   2.625944     2.0120     2.4325      7.987     0.7193    -0.3653 2.0365e+00    -0.1418   103.6087     7.7523     8.0593    32.6646    32.6722    26.2694    26.2762    8.46343 0.0000e+00
      10148     71.394    -1.2853    -1.2955   2.627057   2.626473     2.0103     2.4325      7.989     0.7299    -0.3258 2.0578e+00    -0.1418   103.6087     7.7458     8.0585    32.6639    32.6671    26.2688    26.2717    8.46305 0.0000e+00
      10151     71.258    -1.2847    -1.2944   2.627029   2.626417     2.0112     2.4337      7.989     0.7299    -0.3258 2.0793e+00    -0.1415   103.5997     7.7530     8.0624    32.6630    32.6652    26.2681    26.2701    8.46297 0.0000e+00
      10154     71.120    -1.2828    -1.2933   2.627216   2.626497     2.0116     2.4337      7.990     0.7193    -0.3258 2.0986e+00    -0.1422   103.6178     7.7540     8.0589    32.6636    32.6652    26.2685    26.2701    8.46250 0.0000e+00
      10157     70.977    -1.2813    -1.2910   2.627115   2.626685     2.0112     2.4345      7.989     0.7299    -0.3258 2.1181e+00    -0.1425   103.6268     7.7479     8.0626    32.6606    32.6654    26.2660    26.2702    8.46232 0.0000e+00
      10160     70.834    -1.2817    -1.2874   2.627158   2.626769     2.0124     2.4349      7.989     0.7193    -0.3258 2.1304e+00    -0.1425   103.6268     7.7525     8.0656    32.6617    32.6626    26.2670    26.2679    8.46235 0.0000e+00
