Datasets/AZMP/TEL210/tel210_2020_085.cnv
* Sea-Bird SBE 9 Data File:
* FileName = C:\CTDDATA\tel210_2020_085.hex
* Software Version Seasave V 7.26.7.110
* Temperature SN = 1697
* Conductivity SN = 4216
* Number of Bytes Per Scan = 30
* Number of Voltage Words = 4
* Number of Scans Averaged by the Deck Unit = 1
* NMEA baud rate = 4800
** VESSEL/TRIP/SEQ STN:  TEL210_2020
** LATITUDE XX XX.XX: 53 32.00 N
** LONGITUDE XX XX.XX: 055 08.70 W
** SOUNDING DEPTH (M): 0203
** PROBE TYPE: S1146
** CTD NUMBER: 055
** COMMENTS (14 CHAR): SI-04
** BOTTLES:  10
** LEVELS: 5,10,20,30,40,50,75,100,150,BTM
** STICKERS: 436130 - 436139
** VNET: Y
** DO2: Y
# nquan = 22
# nvalues = 4759                        
# units = specified
# name 0 = scan: Scan Count
# name 1 = prDM: Pressure, Digiquartz [db]
# name 2 = t090C: Temperature [ITS-90, deg C]
# name 3 = t190C: Temperature, 2 [ITS-90, deg C]
# name 4 = c0S/m: Conductivity [S/m]
# name 5 = c1S/m: Conductivity, 2 [S/m]
# name 6 = sbeox0V: Oxygen raw, SBE 43 [V]
# name 7 = sbeox1V: Oxygen raw, SBE 43, 2 [V]
# name 8 = ph: pH
# name 9 = flECO-AFL: Fluorescence, WET Labs ECO-AFL/FL [mg/m^3]
# name 10 = wetCDOM: Fluorescence, WET Labs CDOM [mg/m^3]
# name 11 = par/sat/log: PAR/Logarithmic, Satlantic [umol photons/m^2/sec]
# name 12 = CStarAt0: Beam Attenuation, WET Labs C-Star [1/m]
# name 13 = CStarTr0: Beam Transmission, WET Labs C-Star [%]
# name 14 = sbeox0ML/L: Oxygen, SBE 43 [ml/l], WS = 2
# name 15 = sbeox1ML/L: Oxygen, SBE 43, 2 [ml/l], WS = 2
# name 16 = sal00: Salinity, Practical [PSU]
# name 17 = sal11: Salinity, Practical, 2 [PSU]
# name 18 = sigma-t00: Density [sigma-t, kg/m^3 ]
# name 19 = sigma-t11: Density, 2 [sigma-t, kg/m^3 ]
# name 20 = oxsatML/L: Oxygen Saturation, Weiss [ml/l]
# name 21 = flag: flag
# span 0 =         59,      37311       
# span 1 =      1.531,    200.273       
# span 2 =    -0.6484,     9.3607       
# span 3 =    -0.6493,     9.4036       
# span 4 =   2.703648,   3.368945       
# span 5 =   2.702876,   3.371071       
# span 6 =     1.9011,     2.6204       
# span 7 =     2.2833,     3.2197       
# span 8 =      7.930,      8.284       
# span 9 =     0.6664,     1.7669       
# span 10 =    -2.8130,   482.1870      
# span 11 = 1.0592e-01, 4.2512e-01      
# span 12 =    -0.1446,     0.0469      
# span 13 =    98.8339,   103.6811      
# span 14 =     6.6414,     9.7666      
# span 15 =     6.8846,    10.3490      
# span 16 =    31.0802,    34.0111      
# span 17 =    31.0669,    34.0125      
# span 18 =    23.9949,    27.2297      
# span 19 =    23.9777,    27.2312      
# span 20 =    6.57038,    8.28425      
# span 21 = 0.0000e+00, 0.0000e+00      
# interval = scans: 3                   
# start_time = Jul 25 2020 02:14:01 [System UTC, header]
# bad_flag = -9.990e-29
*END*
[from data line 922]
       2958     95.474    -0.5978    -0.6035   2.728273   2.727949     2.0219     2.4345      7.985     0.7510    -0.6416 1.0715e-01    -0.1362   103.4640     7.5309     7.7926    33.2679    33.2698    26.7345    26.7363    8.27219 0.0000e+00
       2961     95.571    -0.6007    -0.6058   2.728082   2.727750     2.0219     2.4341      7.985     0.7616    -0.2469 1.0715e-01    -0.1362   103.4640     7.5314     7.7933    33.2685    33.2697    26.7351    26.7363    8.27280 0.0000e+00
       2964     95.663    -0.6015    -0.6080   2.728208   2.727724     2.0210     2.4333      7.983     0.7722    -0.2074 1.0715e-01    -0.1362   103.4640     7.5280     7.7875    33.2709    33.2717    26.7372    26.7380    8.27283 0.0000e+00
       2967     95.749    -0.6003    -0.6074   2.728362   2.727911     2.0206     2.4329      7.985     0.7616    -0.2863 1.0715e-01    -0.1362   103.4640     7.5223     7.7858    33.2717    33.2735    26.7377    26.7394    8.27253 0.0000e+00
       2970     95.833    -0.6004    -0.6064   2.728427   2.727983     2.0202     2.4325      7.985     0.7722    -0.2074 1.0715e-01    -0.1362   103.4640     7.5193     7.7861    33.2726    33.2733    26.7385    26.7392    8.27250 0.0000e+00
       2973     95.912    -0.5996    -0.6060   2.728506   2.728081     2.0206     2.4329      7.985     0.7616    -0.2074 1.0715e-01    -0.1362   103.4640     7.5189     7.7897    33.2728    33.2741    26.7385    26.7399    8.27232 0.0000e+00
       2976     95.987    -0.5993    -0.6054   2.728604   2.728180     2.0198     2.4317      7.985     0.7510    -0.2074 1.0715e-01    -0.1369   103.4821     7.5137     7.7859    33.2736    33.2747    26.7393    26.7403    8.27219 0.0000e+00
       2979     96.059    -0.5994    -0.6047   2.728649   2.728251     2.0190     2.4313      7.985     0.7510    -0.2074 1.0715e-01    -0.1373   103.4911     7.5105     7.7833    33.2743    33.2748    26.7398    26.7404    8.27217 0.0000e+00
       2982     96.127    -0.5999    -0.6049   2.728637   2.728288     2.0190     2.4309      7.985     0.7616    -0.2074 1.0715e-01    -0.1373   103.4911     7.5084     7.7816    33.2747    33.2755    26.7401    26.7409    8.27227 0.0000e+00
       2985     96.193    -0.6006    -0.6054   2.728614   2.728256     2.0190     2.4305      7.983     0.7616     0.1874 1.0715e-01    -0.1369   103.4821     7.5110     7.7800    33.2751    33.2757    26.7405    26.7411    8.27241 0.0000e+00
       2988     96.257    -0.6010    -0.6061   2.728624   2.728256     2.0182     2.4296      7.985     0.7616     1.2139 1.0715e-01    -0.1373   103.4911     7.5108     7.7768    33.2757    33.2763    26.7410    26.7417    8.27247 0.0000e+00
       2991     96.320    -0.6012    -0.6066   2.728645   2.728270     2.0178     2.4296      7.983     0.7722     1.2139 1.0715e-01    -0.1369   103.4821     7.5116     7.7782    33.2761    33.2770    26.7413    26.7422    8.27247 0.0000e+00
       2994     96.387    -0.6011    -0.6071   2.728730   2.728304     2.0178     2.4296      7.983     0.7722     1.2139 1.0715e-01    -0.1352   103.4369     7.5143     7.7770    33.2771    33.2780    26.7421    26.7430    8.27240 0.0000e+00
       2997     96.449    -0.6009    -0.6067   2.728735   2.728341     2.0170     2.4296      7.983     0.7616     1.2139 1.0715e-01    -0.1341   103.4098     7.5105     7.7791    33.2770    33.2780    26.7420    26.7430    8.27237 0.0000e+00
       3000     96.512    -0.6009    -0.6066   2.728762   2.728388     2.0170     2.4292      7.980     0.7722     1.2139 1.0715e-01    -0.1341   103.4098     7.5126     7.7798    33.2773    33.2785    26.7423    26.7435    8.27235 0.0000e+00
       3003     96.576    -0.6005    -0.6063   2.728819   2.728417     2.0170     2.4284      7.982     0.7616     1.2139 1.0715e-01    -0.1341   103.4098     7.5141     7.7773    33.2775    33.2785    26.7424    26.7434    8.27224 0.0000e+00
       3006     96.639    -0.6004    -0.6060   2.728829   2.728449     2.0154     2.4276      7.983     0.7616     1.2139 1.0715e-01    -0.1341   103.4098     7.5052     7.7742    33.2775    33.2786    26.7424    26.7435    8.27222 0.0000e+00
       3009     96.703    -0.6008    -0.6061   2.728851   2.728475     2.0170     2.4272      7.982     0.7616     1.2139 1.0727e-01    -0.1341   103.4098     7.5131     7.7733    33.2782    33.2790    26.7430    26.7439    8.27227 0.0000e+00
       3012     96.767    -0.6009    -0.6062   2.728873   2.728481     2.0162     2.4272      7.983     0.7722     3.0299 1.0752e-01    -0.1341   103.4098     7.5125     7.7732    33.2786    33.2791    26.7433    26.7439    8.27227 0.0000e+00
       3015     96.831    -0.5999    -0.6061   2.728961   2.728528     2.0166     2.4272      7.980     0.7616     4.4512 1.0752e-01    -0.1352   103.4369     7.5136     7.7730    33.2786    33.2796    26.7433    26.7443    8.27204 0.0000e+00
       3018     96.897    -0.5995    -0.6056   2.729128   2.728630     2.0158     2.4260      7.980     0.7510     4.4117 1.0752e-01    -0.1352   103.4369     7.5122     7.7669    33.2804    33.2804    26.7447    26.7449    8.27186 0.0000e+00
       3021     96.964    -0.5994    -0.6048   2.729186   2.728766     2.0149     2.4264      7.982     0.7722     4.4117 1.0752e-01    -0.1359   103.4550     7.5109     7.7715    33.2811    33.2813    26.7452    26.7456    8.27180 0.0000e+00
       3024     97.037    -0.5994    -0.6048   2.729195   2.728828     2.0145     2.4260      7.980     0.7616     4.4117 1.0740e-01    -0.1355   103.4459     7.5101     7.7749    33.2812    33.2821    26.7453    26.7463    8.27180 0.0000e+00
       3027     97.109    -0.5996    -0.6048   2.729223   2.728841     2.0149     2.4256      7.980     0.7722     4.4117 1.0727e-01    -0.1355   103.4459     7.5155     7.7746    33.2816    33.2822    26.7457    26.7464    8.27180 0.0000e+00
       3030     97.183    -0.5996    -0.6050   2.729230   2.728852     2.0141     2.4252      7.980     0.7616     4.4117 1.0715e-01    -0.1352   103.4369     7.5089     7.7750    33.2817    33.2825    26.7458    26.7466    8.27180 0.0000e+00
       3033     97.261    -0.6001    -0.6056   2.729224   2.728843     2.0141     2.4248      7.980     0.7405     4.4117 1.0727e-01    -0.1352   103.4369     7.5075     7.7724    33.2821    33.2831    26.7462    26.7471    8.27189 0.0000e+00
       3036     97.345    -0.6001    -0.6058   2.729266   2.728890     2.0145     2.4248      7.980     0.7299     4.4117 1.0715e-01    -0.1376   103.5002     7.5139     7.7715    33.2826    33.2839    26.7465    26.7478    8.27186 0.0000e+00
       3039     97.429    -0.6002    -0.6058   2.729296   2.728929     2.0133     2.4244      7.980     0.7405     0.5427 1.0740e-01    -0.1373   103.4911     7.5093     7.7706    33.2831    33.2844    26.7470    26.7482    8.27186 0.0000e+00
       3042     97.517    -0.6009    -0.6059   2.729351   2.728953     2.0141     2.4235      7.980     0.7299    -0.2074 1.0752e-01    -0.1373   103.4911     7.5158     7.7686    33.2845    33.2847    26.7481    26.7485    8.27193 0.0000e+00
       3045     97.609    -0.6013    -0.6065   2.729426   2.729003     2.0145     2.4248      7.980     0.7405    -0.1284 1.0752e-01    -0.1373   103.4911     7.5180     7.7753    33.2859    33.2860    26.7493    26.7495    8.27194 0.0000e+00
       3048     97.704    -0.6010    -0.6065   2.729532   2.729095     2.0137     2.4239      7.980     0.7193    -0.0889 1.0752e-01    -0.1376   103.5002     7.5139     7.7730    33.2870    33.2872    26.7501    26.7505    8.27182 0.0000e+00
       3051     97.800    -0.6001    -0.6060   2.729679   2.729247     2.0137     2.4231      7.980     0.7299    -0.1284 1.0752e-01    -0.1373   103.4911     7.5143     7.7715    33.2879    33.2886    26.7508    26.7516    8.27156 0.0000e+00
       3054     97.899    -0.5979    -0.6042   2.730020   2.729490     2.0121     2.4235      7.980     0.7299    -0.0889 1.0752e-01    -0.1376   103.5002     7.5047     7.7727    33.2900    33.2899    26.7524    26.7526    8.27095 0.0000e+00
       3057     98.002    -0.5936    -0.6018   2.730558   2.729824     2.0133     2.4223      7.980     0.7616    -0.1284 1.0727e-01    -0.1390   103.5364     7.5078     7.7686    33.2924    33.2916    26.7542    26.7539    8.26985 0.0000e+00
       3060     98.109    -0.5880    -0.5960   2.731096   2.730555     2.0129     2.4223      7.980     0.7616    -0.1284 1.0715e-01    -0.1390   103.5364     7.5052     7.7688    33.2934    33.2950    26.7548    26.7563    8.26855 0.0000e+00
       3063     98.220    -0.5849    -0.5907   2.731321   2.730946     2.0125     2.4223      7.980     0.7616     0.3454 1.0715e-01    -0.1390   103.5364     7.5027     7.7696    33.2930    33.2943    26.7543    26.7557    8.26790 0.0000e+00
       3066     98.331    -0.5823    -0.5873   2.731628   2.731279     2.0121     2.4223      7.980     0.7616     3.1089 1.0715e-01    -0.1390   103.5364     7.4985     7.7674    33.2942    33.2951    26.7552    26.7561    8.26724 0.0000e+00
       3069     98.444    -0.5792    -0.5844   2.731980   2.731552     2.0121     2.4223      7.980     0.7722     3.1089 1.0727e-01    -0.1390   103.5364     7.4979     7.7682    33.2955    33.2954    26.7561    26.7563    8.26648 0.0000e+00
       3072     98.563    -0.5751    -0.5815   2.732396   2.731932     2.0121     2.4215      7.980     0.7616     3.1089 1.0715e-01    -0.1390   103.5364     7.4962     7.7682    33.2965    33.2972    26.7567    26.7576    8.26551 0.0000e+00
       3075     98.686    -0.5727    -0.5783   2.732584   2.732185     2.0121     2.4219      7.980     0.7616     3.1089 1.0715e-01    -0.1383   103.5183     7.4979     7.7688    33.2963    33.2971    26.7565    26.7574    8.26499 0.0000e+00
       3078     98.806    -0.5709    -0.5764   2.732820   2.732390     2.0113     2.4211      7.980     0.7510     3.1089 1.0715e-01    -0.1390   103.5364     7.4917     7.7660    33.2974    33.2977    26.7573    26.7578    8.26453 0.0000e+00
       3081     98.931    -0.5694    -0.5750   2.732974   2.732556     2.0117     2.4219      7.980     0.7616     3.1089 1.0715e-01    -0.1394   103.5454     7.4905     7.7700    33.2978    33.2983    26.7575    26.7582    8.26417 0.0000e+00
       3084     99.054    -0.5690    -0.5744   2.733110   2.732715     2.0113     2.4211      7.980     0.7616     3.1089 1.0715e-01    -0.1390   103.5364     7.4880     7.7660    33.2991    33.2997    26.7586    26.7593    8.26401 0.0000e+00
       3087     99.183    -0.5682    -0.5738   2.733255   2.732878     2.0113     2.4211      7.980     0.7616     3.1089 1.0715e-01    -0.1394   103.5454     7.4860     7.7649    33.3001    33.3011    26.7594    26.7604    8.26378 0.0000e+00
       3090     99.312    -0.5667    -0.5725   2.733591   2.733126     2.0109     2.4203      7.980     0.7722     2.0824 1.0715e-01    -0.1390   103.5364     7.4823     7.7596    33.3028    33.3030    26.7615    26.7619    8.26328 0.0000e+00
       3093     99.445    -0.5642    -0.5699   2.733958   2.733516     2.0105     2.4211      7.980     0.7616     0.5032 1.0715e-01    -0.1387   103.5273     7.4793     7.7643    33.3049    33.3053    26.7631    26.7636    8.26260 0.0000e+00
       3096     99.581    -0.5614    -0.5673   2.734385   2.733871     2.0096     2.4203      7.980     0.7616     0.5822 1.0715e-01    -0.1390   103.5364     7.4737     7.7634    33.3075    33.3071    26.7650    26.7650    8.26183 0.0000e+00
       3099     99.713    -0.5571    -0.5641   2.734983   2.734323     2.0105     2.4199      7.980     0.7616     0.6217 1.0715e-01    -0.1394   103.5454     7.4778     7.7627    33.3107    33.3095    26.7675    26.7668    8.26069 0.0000e+00
       3102     99.847    -0.5506    -0.5588   2.735642   2.735010     2.0096     2.4203      7.980     0.7616     0.6217 1.0715e-01    -0.1394   103.5454     7.4751     7.7647    33.3123    33.3129    26.7685    26.7694    8.25916 0.0000e+00
       3105     99.984    -0.5446    -0.5521   2.736244   2.735656     2.0096     2.4199      7.980     0.7510     0.5822 1.0715e-01    -0.1394   103.5454     7.4777     7.7615    33.3137    33.3141    26.7694    26.7701    8.25775 0.0000e+00
       3108    100.119    -0.5415    -0.5471   2.736480   2.736076     2.0088     2.4199      7.980     0.7510     0.6217 1.0715e-01    -0.1390   103.5364     7.4757     7.7617    33.3134    33.3141    26.7690    26.7698    8.25708 0.0000e+00
       3111    100.259    -0.5400    -0.5448   2.736631   2.736279     2.0088     2.4191      7.980     0.7299     0.5822 1.0715e-01    -0.1394   103.5454     7.4812     7.7584    33.3137    33.3143    26.7692    26.7698    8.25673 0.0000e+00
       3114    100.395    -0.5400    -0.5447   2.736725   2.736359     2.0088     2.4191      7.980     0.7299     0.6217 1.0715e-01    -0.1390   103.5364     7.4832     7.7584    33.3148    33.3152    26.7702    26.7706    8.25666 0.0000e+00
       3117    100.528    -0.5409    -0.5458   2.736732   2.736371     2.0088     2.4199      7.980     0.7299     2.8325 1.0715e-01    -0.1383   103.5183     7.4835     7.7617    33.3158    33.3164    26.7710    26.7717    8.25680 0.0000e+00
       3120    100.661    -0.5415    -0.5468   2.736745   2.736384     2.0084     2.4199      7.980     0.7299     3.8590 1.0727e-01    -0.1383   103.5183     7.4830     7.7647    33.3167    33.3176    26.7717    26.7726    8.25690 0.0000e+00
       3123    100.794    -0.5424    -0.5475   2.736738   2.736379     2.0084     2.4195      7.980     0.7405     3.8195 1.0715e-01    -0.1383   103.5183     7.4844     7.7602    33.3174    33.3183    26.7723    26.7732    8.25705 0.0000e+00
       3126    100.925    -0.5443    -0.5491   2.736788   2.736417     2.0092     2.4199      7.980     0.7405     3.8195 1.0715e-01    -0.1383   103.5183     7.4924     7.7621    33.3202    33.3204    26.7746    26.7750    8.25733 0.0000e+00
       3129    101.054    -0.5454    -0.5509   2.736802   2.736421     2.0088     2.4187      7.980     0.7405     3.8195 1.0715e-01    -0.1383   103.5183     7.4930     7.7586    33.3215    33.3224    26.7757    26.7767    8.25750 0.0000e+00
       3132    101.183    -0.5467    -0.5520   2.736850   2.736468     2.0084     2.4187      7.980     0.7299     3.8195 1.0715e-01    -0.1383   103.5183     7.4919     7.7572    33.3235    33.3242    26.7774    26.7782    8.25767 0.0000e+00
       3135    101.310    -0.5464    -0.5520   2.737031   2.736597     2.0092     2.4187      7.980     0.7405     3.8195 1.0727e-01    -0.1376   103.5002     7.4900     7.7549    33.3254    33.3258    26.7790    26.7795    8.25748 0.0000e+00
       3138    101.436    -0.5460    -0.5516   2.737137   2.736731     2.0072     2.4187      7.980     0.7616     3.8195 1.0727e-01    -0.1362   103.4640     7.4778     7.7520    33.3264    33.3271    26.7798    26.7805    8.25735 0.0000e+00
       3141    101.555    -0.5459    -0.5514   2.737175   2.736808     2.0076     2.4183      7.980     0.7616     3.8195 1.0715e-01    -0.1362   103.4640     7.4809     7.7509    33.3267    33.3278    26.7799    26.7811    8.25730 0.0000e+00
       3144    101.674    -0.5461    -0.5515   2.737234   2.736852     2.0076     2.4187      7.980     0.7616     3.7405 1.0715e-01    -0.1366   103.4730     7.4811     7.7536    33.3276    33.3285    26.7807    26.7816    8.25729 0.0000e+00
       3147    101.790    -0.5457    -0.5508   2.737368   2.736989     2.0080     2.4174      7.980     0.7616     3.7010 1.0715e-01    -0.1362   103.4640     7.4823     7.7477    33.3289    33.3295    26.7817    26.7824    8.25713 0.0000e+00
       3150    101.903    -0.5447    -0.5498   2.737518   2.737135     2.0080     2.4187      7.980     0.7722     3.7010 1.0715e-01    -0.1362   103.4640     7.4824     7.7522    33.3297    33.3303    26.7824    26.7830    8.25686 0.0000e+00
