Datasets/AZMP/TEL210/tel210_2020_011.cnv
* Sea-Bird SBE 9 Data File:
* FileName = C:\CTDDATA\tel210_2020_011.hex
* Software Version Seasave V 7.26.7.110
* Temperature SN = 1697
* Conductivity SN = 4216
* Number of Bytes Per Scan = 30
* Number of Voltage Words = 4
* Number of Scans Averaged by the Deck Unit = 1
* NMEA baud rate = 4800
** VESSEL/TRIP/SEQ STN:  tel210_2020_011
** LATITUDE XX XX.XX: 47 00.00 N
** LONGITUDE XX XX.XX: 050 00.00 W
** SOUNDING DEPTH (M): 0084
** PROBE TYPE: S1146
** CTD NUMBER: 010
** COMMENTS (14 CHAR): FC-09
** BOTTLES:  7
** LEVELS: 5,10,20,30,40,50,75
** STICKERS: 435805 - 435811
** VNET: Y
** DO2: N
# nquan = 22
# nvalues = 1791                        
# units = specified
# name 0 = scan: Scan Count
# name 1 = prDM: Pressure, Digiquartz [db]
# name 2 = t090C: Temperature [ITS-90, deg C]
# name 3 = t190C: Temperature, 2 [ITS-90, deg C]
# name 4 = c0S/m: Conductivity [S/m]
# name 5 = c1S/m: Conductivity, 2 [S/m]
# name 6 = sbeox0V: Oxygen raw, SBE 43 [V]
# name 7 = sbeox1V: Oxygen raw, SBE 43, 2 [V]
# name 8 = ph: pH
# name 9 = flECO-AFL: Fluorescence, WET Labs ECO-AFL/FL [mg/m^3]
# name 10 = wetCDOM: Fluorescence, WET Labs CDOM [mg/m^3]
# name 11 = par/sat/log: PAR/Logarithmic, Satlantic [umol photons/m^2/sec]
# name 12 = CStarAt0: Beam Attenuation, WET Labs C-Star [1/m]
# name 13 = CStarTr0: Beam Transmission, WET Labs C-Star [%]
# name 14 = sbeox0ML/L: Oxygen, SBE 43 [ml/l], WS = 2
# name 15 = sbeox1ML/L: Oxygen, SBE 43, 2 [ml/l], WS = 2
# name 16 = sal00: Salinity, Practical [PSU]
# name 17 = sal11: Salinity, Practical, 2 [PSU]
# name 18 = sigma-t00: Density [sigma-t, kg/m^3 ]
# name 19 = sigma-t11: Density, 2 [sigma-t, kg/m^3 ]
# name 20 = oxsatML/L: Oxygen Saturation, Weiss [ml/l]
# name 21 = flag: flag
# span 0 =         24,      27737       
# span 1 =      1.825,     81.631       
# span 2 =     1.5750,    10.9465       
# span 3 =     1.5672,    10.9420       
# span 4 =   2.874833,   3.644891       
# span 5 =   2.874213,   3.644329       
# span 6 =     1.7243,     2.3702       
# span 7 =     2.0747,     2.8945       
# span 8 =      7.779,      8.130       
# span 9 =    -0.4188,     2.4404       
# span 10 =    -2.8130,   482.1870      
# span 11 = 1.0617e-01, 4.6957e-01      
# span 12 =    -0.0845,     0.0568      
# span 13 =    98.5898,   102.1347      
# span 14 =     5.7239,     7.6973      
# span 15 =     5.9900,     8.0749      
# span 16 =    32.4392,    32.8570      
# span 17 =    32.4497,    32.8574      
# span 18 =    24.8018,    26.2845      
# span 19 =    24.8009,    26.2849      
# span 20 =    6.28921,    7.83319      
# span 21 = 0.0000e+00, 0.0000e+00      
# interval = scans: 3                   
# start_time = Jul 16 2020 01:17:05 [System UTC, header]
# bad_flag = -9.990e-29
*END*
         24      2.547    10.9430    10.9384   3.643782   3.643101     2.2857     2.6447      8.071     0.2426   481.3579 1.2754e-01     0.0462    98.8520     6.4899     6.4094    32.4605    32.4578    24.8086    24.8073    6.28962 0.0000e+00
         27      2.584    10.9429    10.9383   3.643762   3.643189     2.2869     2.6439      8.071     0.2528   481.3579 1.1081e-01     0.0462    98.8520     6.4990     6.4416    32.4603    32.4588    24.8084    24.8081    6.28963 0.0000e+00
         30      2.639    10.9426    10.9386   3.643771   3.643188     2.2865     2.6447      8.071     0.2222   466.8296 1.1818e-01     0.0473    98.8249     6.4992     6.4453    32.4607    32.4585    24.8088    24.8078    6.28967 0.0000e+00
         33      2.702    10.9427    10.9385   3.643787   3.643223     2.2861     2.6459      8.071     0.2018    47.2859 1.1460e-01     0.0510    98.7345     6.4989     6.4494    32.4607    32.4589    24.8088    24.8081    6.28965 0.0000e+00
         36      2.779    10.9430    10.9385   3.643808   3.643237     2.2869     2.6467      8.071     0.2222     8.6754 1.0703e-01     0.0568    98.5898     6.5008     6.4514    32.4606    32.4590    24.8087    24.8081    6.28961 0.0000e+00
         39      2.878    10.9430    10.9386   3.643798   3.643261     2.2869     2.6488      8.071     0.2222    10.7283 1.0944e-01     0.0561    98.6079     6.5010     6.4548    32.4605    32.4591    24.8086    24.8082    6.28962 0.0000e+00
         42      3.007    10.9429    10.9385   3.643808   3.643219     2.2869     2.6504      8.071     0.2120    10.6888 1.1651e-01     0.0561    98.6079     6.4993     6.4558    32.4607    32.4587    24.8087    24.8080    6.28963 0.0000e+00
         45      3.166    10.9430    10.9384   3.643831   3.643216     2.2878     2.6508      8.072     0.2120    10.6493 1.1654e-01     0.0565    98.5988     6.5018     6.4532    32.4607    32.4588    24.8088    24.8080    6.28962 0.0000e+00
         48      3.330    10.9430    10.9385   3.643825   3.643232     2.2869     2.6504      8.072     0.2324    10.6493 1.0715e-01     0.0565    98.5988     6.4979     6.4470    32.4606    32.4587    24.8087    24.8079    6.28962 0.0000e+00
         51      3.498    10.9427    10.9385   3.643828   3.643250     2.2873     2.6520      8.071     0.2120    10.6888 1.0865e-01     0.0561    98.6079     6.4990     6.4458    32.4609    32.4588    24.8089    24.8080    6.28965 0.0000e+00
         54      3.664    10.9429    10.9386   3.643845   3.643239     2.2882     2.6528      8.071     0.2120    10.6493 1.1641e-01     0.0447    98.8882     6.5019     6.4400    32.4607    32.4585    24.8087    24.8078    6.28962 0.0000e+00
         57      3.832    10.9430    10.9387   3.643847   3.643282     2.2878     2.6536      8.071     0.2222   111.9131 1.3584e-01     0.0392    99.0238     6.4986     6.4334    32.4606    32.4588    24.8087    24.8080    6.28962 0.0000e+00
         60      4.003    10.9431    10.9388   3.643932   3.643442     2.2873     2.6536      8.072     0.2120   480.8052 1.3421e-01     0.0396    99.0148     6.4965     6.4241    32.4613    32.4602    24.8092    24.8091    6.28958 0.0000e+00
         63      4.155    10.9429    10.9388   3.643923   3.643451     2.2882     2.6532      8.072     0.2120   481.0816 1.0828e-01     0.0396    99.0148     6.4992     6.4141    32.4613    32.4602    24.8092    24.8091    6.28960 0.0000e+00
         66      4.282    10.9426    10.9387   3.643927   3.643498     2.2861     2.6532      8.071     0.2120   481.2790 1.1249e-01     0.0396    99.0148     6.4911     6.4065    32.4615    32.4608    24.8094    24.8095    6.28963 0.0000e+00
         69      4.387    10.9429    10.9387   3.643972   3.643504     2.2878     2.6532      8.071     0.2018   481.3579 1.0803e-01     0.0396    99.0148     6.4971     6.4006    32.4617    32.4608    24.8095    24.8095    6.28959 0.0000e+00
         72      4.483    10.9428    10.9386   3.644005   3.643509     2.2869     2.6512      8.071     0.2120   481.3579 1.0715e-01     0.0400    99.0058     6.4937     6.3882    32.4621    32.4609    24.8098    24.8096    6.28959 0.0000e+00
         75      4.561    10.9431    10.9386   3.644012   3.643431     2.2882     2.6516      8.071     0.2018   481.3579 1.0740e-01     0.0418    98.9605     6.4973     6.3831    32.4618    32.4601    24.8095    24.8090    6.28955 0.0000e+00
         78      4.632    10.9428    10.9384   3.644017   3.643446     2.2869     2.6500      8.071     0.2018   481.3579 1.0727e-01     0.0418    98.9605     6.4936     6.3745    32.4621    32.4603    24.8098    24.8092    6.28959 0.0000e+00
         81      4.679    10.9429    10.9384   3.643969   3.643406     2.2873     2.6496      8.071     0.2324   481.3579 1.0715e-01     0.0418    98.9605     6.4961     6.3703    32.4616    32.4599    24.8094    24.8089    6.28960 0.0000e+00
        187      4.784    10.9434    10.9390   3.643902   3.643358     2.2845     2.6500      8.071     0.1917    17.4002 1.0715e-01     0.0374    99.0691     6.4794     6.4513    32.4604    32.4589    24.8084    24.8080    6.28958 0.0000e+00
        190      4.932    10.9433    10.9389   3.643943   3.643343     2.2849     2.6516      8.071     0.1815   430.9432 1.0715e-01     0.0374    99.0691     6.4800     6.4566    32.4608    32.4588    24.8088    24.8079    6.28957 0.0000e+00
        193      5.078    10.9432    10.9390   3.643944   3.643372     2.2841     2.6516      8.072     0.1815   481.2790 1.0715e-01     0.0374    99.0691     6.4779     6.4567    32.4609    32.4589    24.8088    24.8080    6.28958 0.0000e+00
        196      5.220    10.9430    10.9390   3.643940   3.643349     2.2837     2.6528      8.071     0.1815   481.1605 1.0715e-01     0.0396    99.0148     6.4751     6.4593    32.4609    32.4586    24.8089    24.8078    6.28960 0.0000e+00
        199      5.356    10.9434    10.9389   3.643961   3.643343     2.2837     2.6532      8.072     0.1815   481.3579 1.0715e-01     0.0400    99.0058     6.4752     6.4594    32.4607    32.4586    24.8087    24.8078    6.28956 0.0000e+00
        202      5.494    10.9432    10.9388   3.643947   3.643274     2.2845     2.6545      8.071     0.1815   481.3579 1.0715e-01     0.0396    99.0148     6.4775     6.4627    32.4607    32.4579    24.8087    24.8073    6.28958 0.0000e+00
        205      5.629    10.9432    10.9389   3.643945   3.643361     2.2841     2.6545      8.071     0.1815   481.3579 1.0715e-01     0.0396    99.0148     6.4755     6.4636    32.4606    32.4587    24.8086    24.8078    6.28959 0.0000e+00
        208      5.760    10.9431    10.9389   3.643954   3.643356     2.2837     2.6545      8.072     0.1713   481.3579 1.0715e-01     0.0396    99.0148     6.4739     6.4640    32.4608    32.4585    24.8088    24.8077    6.28960 0.0000e+00
        211      5.890    10.9433    10.9388   3.643980   3.643405     2.2829     2.6565      8.071     0.2018   481.3579 1.0715e-01     0.0400    99.0058     6.4714     6.4697    32.4608    32.4591    24.8087    24.8082    6.28957 0.0000e+00
        214      6.015    10.9432    10.9395   3.644014   3.643358     2.2833     2.6569      8.072     0.2324   481.3579 1.0715e-01     0.0392    99.0239     6.4723     6.4724    32.4612    32.4580    24.8091    24.8072    6.28957 0.0000e+00
        217      6.132    10.9436    10.9395   3.643966   3.643360     2.2837     2.6577      8.071     0.2324   481.3579 1.0715e-01     0.0345    99.1414     6.4735     6.4789    32.4603    32.4579    24.8083    24.8072    6.28955 0.0000e+00
        220      6.239    10.9438    10.9396   3.643909   3.643338     2.2833     2.6581      8.072     0.2426   481.3579 1.0715e-01     0.0341    99.1504     6.4693     6.4850    32.4595    32.4576    24.8076    24.8069    6.28955 0.0000e+00
        223      6.337    10.9440    10.9397   3.643881   3.643321     2.2833     2.6581      8.071     0.2324   481.3579 1.0715e-01     0.0341    99.1504     6.4667     6.4913    32.4590    32.4572    24.8072    24.8066    6.28955 0.0000e+00
        226      6.427    10.9440    10.9398   3.643888   3.643316     2.2825     2.6593      8.071     0.2426   481.3579 1.0715e-01     0.0341    99.1504     6.4624     6.5015    32.4590    32.4571    24.8073    24.8065    6.28955 0.0000e+00
        229      6.506    10.9440    10.9396   3.643894   3.643309     2.2825     2.6610      8.071     0.2426   481.3579 1.0715e-01     0.0341    99.1504     6.4630     6.5131    32.4590    32.4572    24.8072    24.8065    6.28954 0.0000e+00
        232      6.574    10.9440    10.9396   3.643927   3.643309     2.2829     2.6606      8.071     0.2324   481.3579 1.0715e-01     0.0341    99.1504     6.4644     6.5174    32.4593    32.4571    24.8075    24.8066    6.28953 0.0000e+00
        235      6.633    10.9439    10.9396   3.643928   3.643369     2.2821     2.6622      8.072     0.2426   481.3579 1.0715e-01     0.0352    99.1233     6.4599     6.5279    32.4595    32.4577    24.8076    24.8069    6.28955 0.0000e+00
        238      6.685    10.9439    10.9396   3.643920   3.643347     2.2817     2.6642      8.072     0.3036   481.3579 1.0715e-01     0.0363    99.0962     6.4559     6.5428    32.4593    32.4574    24.8075    24.8068    6.28955 0.0000e+00
        241      6.730    10.9441    10.9395   3.643930   3.643375     2.2812     2.6671      8.071     0.3545   266.0787 1.0715e-01     0.0363    99.0962     6.4556     6.5598    32.4592    32.4578    24.8074    24.8070    6.28952 0.0000e+00
        244      6.768    10.9437    10.9395   3.643956   3.643375     2.2804     2.6687      8.071     0.3647     1.6086 1.0715e-01     0.0356    99.1143     6.4531     6.5719    32.4598    32.4577    24.8079    24.8070    6.28955 0.0000e+00
        247      6.803    10.9437    10.9396   3.643975   3.643381     2.2804     2.6716      8.074     0.3647    11.1231 1.0715e-01     0.0359    99.1052     6.4539     6.5858    32.4599    32.4577    24.8080    24.8070    6.28955 0.0000e+00
        250      6.836    10.9438    10.9396   3.643963   3.643382     2.2800     2.6724      8.072     0.3545    10.6493 1.0715e-01     0.0359    99.1052     6.4531     6.5898    32.4597    32.4577    24.8078    24.8070    6.28954 0.0000e+00
        253      6.866    10.9441    10.9396   3.643986   3.643385     2.2808     2.6744      8.071     0.3545    10.6888 1.0715e-01     0.0363    99.0962     6.4574     6.5980    32.4597    32.4577    24.8077    24.8070    6.28951 0.0000e+00
        256      6.896    10.9438    10.9395   3.643974   3.643416     2.2800     2.6756      8.071     0.3647    10.6888 1.0715e-01     0.0378    99.0600     6.4562     6.6023    32.4598    32.4581    24.8079    24.8073    6.28954 0.0000e+00
        259      6.925    10.9440    10.9397   3.643983   3.643423     2.2792     2.6789      8.071     0.3545    10.6099 1.0715e-01     0.0385    99.0419     6.4547     6.6101    32.4598    32.4580    24.8078    24.8072    6.28952 0.0000e+00
        262      6.960    10.9439    10.9396   3.643985   3.643455     2.2792     2.6825      8.074     0.3545    10.6493 1.0715e-01     0.0381    99.0510     6.4556     6.6179    32.4598    32.4584    24.8079    24.8075    6.28953 0.0000e+00
        265      7.004    10.9439    10.9395   3.643981   3.643446     2.2800     2.6842      8.072     0.3036    10.6493 1.0703e-01     0.0381    99.0510     6.4598     6.6197    32.4598    32.4584    24.8079    24.8076    6.28953 0.0000e+00
        268      7.055    10.9438    10.9396   3.644008   3.643451     2.2788     2.6858      8.074     0.2629   352.5378 1.0715e-01     0.0381    99.0510     6.4563     6.6212    32.4601    32.4583    24.8081    24.8075    6.28953 0.0000e+00
        271      7.113    10.9440    10.9395   3.644012   3.643420     2.2792     2.6874      8.074     0.2629   482.0686 1.0715e-01     0.0385    99.0419     6.4577     6.6242    32.4599    32.4580    24.8079    24.8073    6.28950 0.0000e+00
        274      7.179    10.9439    10.9399   3.644016   3.643349     2.2792     2.6878      8.072     0.2731   481.0026 1.0703e-01     0.0381    99.0510     6.4577     6.6242    32.4600    32.4570    24.8080    24.8063    6.28951 0.0000e+00
        277      7.247    10.9442    10.9402   3.643949   3.643357     2.2788     2.6907      8.071     0.2833   481.3579 1.0703e-01     0.0315    99.2137     6.4579     6.6304    32.4591    32.4568    24.8073    24.8062    6.28952 0.0000e+00
        280      7.323    10.9450    10.9403   3.643937   3.643366     2.2788     2.6919      8.072     0.2731   481.3579 1.0715e-01     0.0308    99.2318     6.4604     6.6308    32.4583    32.4567    24.8065    24.8061    6.28944 0.0000e+00
        283      7.405    10.9450    10.9404   3.643890   3.643380     2.2784     2.6935      8.072     0.2629   481.3579 1.0715e-01     0.0308    99.2318     6.4601     6.6315    32.4578    32.4567    24.8061    24.8061    6.28946 0.0000e+00
        286      7.499    10.9449    10.9400   3.643848   3.643299     2.2780     2.6948      8.072     0.2629   481.3579 1.0715e-01     0.0308    99.2318     6.4576     6.6334    32.4574    32.4563    24.8058    24.8058    6.28949 0.0000e+00
        289      7.604    10.9448    10.9403   3.643807   3.643251     2.2784     2.6960      8.071     0.2629   481.3579 1.0715e-01     0.0308    99.2318     6.4592     6.6374    32.4570    32.4555    24.8055    24.8051    6.28951 0.0000e+00
        292      7.710    10.9448    10.9402   3.643785   3.643186     2.2784     2.6976      8.071     0.2833   481.3579 1.0715e-01     0.0312    99.2228     6.4603     6.6428    32.4568    32.4549    24.8054    24.8047    6.28953 0.0000e+00
        295      7.817    10.9444    10.9406   3.643798   3.643224     2.2780     2.7000      8.074     0.2629   481.3579 1.0703e-01     0.0323    99.1956     6.4592     6.6496    32.4572    32.4549    24.8057    24.8046    6.28956 0.0000e+00
        298      7.929    10.9447    10.9409   3.643846   3.643268     2.2780     2.7021      8.072     0.2629   481.3579 1.0703e-01     0.0352    99.1233     6.4604     6.6548    32.4573    32.4550    24.8058    24.8046    6.28951 0.0000e+00
        301      8.038    10.9448    10.9410   3.643813   3.643355     2.2788     2.7033      8.071     0.2629   481.3579 1.0703e-01     0.0352    99.1233     6.4643     6.6564    32.4568    32.4557    24.8054    24.8052    6.28952 0.0000e+00
        304      8.143    10.9452    10.9407   3.643859   3.643399     2.2784     2.7045      8.072     0.2833   481.3579 1.0690e-01     0.0352    99.1233     6.4643     6.6602    32.4569    32.4563    24.8054    24.8057    6.28946 0.0000e+00
        307      8.254    10.9453    10.9409   3.643833   3.643288     2.2784     2.7057      8.074     0.2833   481.3579 1.0715e-01     0.0352    99.1233     6.4657     6.6650    32.4565    32.4550    24.8051    24.8046    6.28946 0.0000e+00
        310      8.363    10.9455    10.9413   3.643883   3.643293     2.2772     2.7074      8.072     0.2629   481.3579 1.0703e-01     0.0352    99.1233     6.4622     6.6707    32.4568    32.4547    24.8052    24.8044    6.28942 0.0000e+00
        313      8.474    10.9457    10.9416   3.643930   3.643385     2.2780     2.7094      8.071     0.2934   481.3579 1.0715e-01     0.0352    99.1233     6.4652     6.6748    32.4570    32.4553    24.8054    24.8048    6.28939 0.0000e+00
        316      8.584    10.9458    10.9418   3.643965   3.643448     2.2776     2.7106      8.071     0.2731   481.3579 1.0715e-01     0.0316    99.2137     6.4652     6.6762    32.4573    32.4557    24.8056    24.8051    6.28937 0.0000e+00
        319      8.692    10.9459    10.9419   3.643984   3.643408     2.2780     2.7114      8.072     0.2731   359.0124 1.0703e-01     0.0272    99.3222     6.4676     6.6762    32.4574    32.4552    24.8056    24.8046    6.28936 0.0000e+00
