Datasets/AZMP/TEL210/tel210_2020_048.cnv
* Sea-Bird SBE 9 Data File:
* FileName = C:\CTDDATA\tel210_2020_048.hex
* Software Version Seasave V 7.26.7.110
* Temperature SN = 1697
* Conductivity SN = 4216
* Number of Bytes Per Scan = 30
* Number of Voltage Words = 4
* Number of Scans Averaged by the Deck Unit = 1
* NMEA baud rate = 4800
** VESSEL/TRIP/SEQ STN:  tel210_2020_048
** LATITUDE XX XX.XX: 49 41.00 N
** LONGITUDE XX XX.XX: 050 01.00 W
** SOUNDING DEPTH (M): 0602
** PROBE TYPE: S1146
** CTD NUMBER: 038
** COMMENTS (14 CHAR): BB-11
** BOTTLES:  12
** LEVELS: 5,10,20,30,40,50,75,100,150,250,500,BTM
** STICKERS: 436011 - 436022
** VNET: Y
** DO2: N
# nquan = 22
# nvalues = 13889                       
# units = specified
# name 0 = scan: Scan Count
# name 1 = prDM: Pressure, Digiquartz [db]
# name 2 = t090C: Temperature [ITS-90, deg C]
# name 3 = t190C: Temperature, 2 [ITS-90, deg C]
# name 4 = c0S/m: Conductivity [S/m]
# name 5 = c1S/m: Conductivity, 2 [S/m]
# name 6 = sbeox0V: Oxygen raw, SBE 43 [V]
# name 7 = sbeox1V: Oxygen raw, SBE 43, 2 [V]
# name 8 = ph: pH
# name 9 = flECO-AFL: Fluorescence, WET Labs ECO-AFL/FL [mg/m^3]
# name 10 = wetCDOM: Fluorescence, WET Labs CDOM [mg/m^3]
# name 11 = par/sat/log: PAR/Logarithmic, Satlantic [umol photons/m^2/sec]
# name 12 = CStarAt0: Beam Attenuation, WET Labs C-Star [1/m]
# name 13 = CStarTr0: Beam Transmission, WET Labs C-Star [%]
# name 14 = sbeox0ML/L: Oxygen, SBE 43 [ml/l], WS = 2
# name 15 = sbeox1ML/L: Oxygen, SBE 43, 2 [ml/l], WS = 2
# name 16 = sal00: Salinity, Practical [PSU]
# name 17 = sal11: Salinity, Practical, 2 [PSU]
# name 18 = sigma-t00: Density [sigma-t, kg/m^3 ]
# name 19 = sigma-t11: Density, 2 [sigma-t, kg/m^3 ]
# name 20 = oxsatML/L: Oxygen Saturation, Weiss [ml/l]
# name 21 = flag: flag
# span 0 =        120,      86495       
# span 1 =      0.290,    611.380       
# span 2 =     3.0301,     9.4759       
# span 3 =     3.0230,     9.3923       
# span 4 =   3.126119,   3.519891       
# span 5 =   3.125517,   3.510734       
# span 6 =     1.9328,     2.6439       
# span 7 =     2.3285,     3.2398       
# span 8 =      8.009,      8.326       
# span 9 =     0.6029,    13.8198       
# span 10 =    -2.8130,   482.1870      
# span 11 = 1.0715e-01, 2.2763e+03      
# span 12 =    -0.1226,     0.4607      
# span 13 =    89.1216,   103.1113      
# span 14 =     6.5350,     8.9121      
# span 15 =     6.8156,     9.3190      
# span 16 =    32.3306,    34.8427      
# span 17 =    32.4593,    34.8436      
# span 18 =    24.9812,    27.7261      
# span 19 =    25.0965,    27.7272      
# span 20 =    6.49432,    7.46795      
# span 21 = 0.0000e+00, 0.0000e+00      
# interval = scans: 3                   
# start_time = Jul 20 2020 17:02:43 [System UTC, header]
# bad_flag = -9.990e-29
*END*
[from data line 13038]
      63666     52.835     3.1584     3.1551   3.137875   3.138186     2.0767     2.5157      8.106     0.7934   481.4764 2.7127e+00    -0.0792   101.9990     6.9295     7.2235    34.4555    34.4629    27.4358    27.4420    7.44372 0.0000e+00
      63669     52.756     3.1559     3.1553   3.138090   3.138166     2.0763     2.5161      8.106     0.7828   480.9237 2.7474e+00    -0.0792   101.9990     6.9272     7.2287    34.4609    34.4624    27.4403    27.4416    7.44393 0.0000e+00
      63672     52.679     3.1546     3.1550   3.137415   3.138017     2.0775     2.5148      8.106     0.7934   481.0026 2.7666e+00    -0.0763   101.9267     6.9328     7.2256    34.4540    34.4609    27.4350    27.4405    7.44450 0.0000e+00
      63675     52.604     3.1506     3.1562   3.137132   3.138338     2.0775     2.5157      8.106     0.7828   481.0026 2.7890e+00    -0.0760   101.9176     6.9321     7.2281    34.4549    34.4636    27.4361    27.4425    7.44520 0.0000e+00
      63678     52.536     3.1487     3.1574   3.137325   3.138358     2.0767     2.5157      8.106     0.7828   481.0816 2.7987e+00    -0.0760   101.9176     6.9257     7.2304    34.4594    34.4626    27.4398    27.4415    7.44534 0.0000e+00
      63681     52.468     3.1495     3.1561   3.137555   3.138193     2.0775     2.5144      8.104     0.7722   481.0026 2.8117e+00    -0.0760   101.9176     6.9283     7.2255    34.4613    34.4621    27.4412    27.4413    7.44509 0.0000e+00
      63684     52.402     3.1508     3.1559   3.137765   3.138141     2.0767     2.5153      8.106     0.7934   481.0421 2.8378e+00    -0.0760   101.9176     6.9236     7.2275    34.4626    34.4616    27.4422    27.4409    7.44479 0.0000e+00
      63687     52.333     3.1520     3.1531   3.137916   3.137845     2.0767     2.5157      8.106     0.8040   481.0421 2.8510e+00    -0.0760   101.9176     6.9228     7.2283    34.4631    34.4611    27.4424    27.4408    7.44453 0.0000e+00
      63690     52.270     3.1530     3.1518   3.138121   3.137913     2.0767     2.5157      8.106     0.8251   481.0421 2.8708e+00    -0.0760   101.9176     6.9226     7.2282    34.4646    34.4633    27.4436    27.4426    7.44428 0.0000e+00
      63693     52.211     3.1548     3.1542   3.138510   3.138145     2.0767     2.5161      8.106     0.8145   481.0816 2.8841e+00    -0.0770   101.9448     6.9210     7.2323    34.4674    34.4637    27.4457    27.4427    7.44380 0.0000e+00
      63696     52.155     3.1572     3.1561   3.138524   3.138240     2.0775     2.5157      8.104     0.8145   481.0421 2.8975e+00    -0.0770   101.9448     6.9233     7.2309    34.4650    34.4627    27.4435    27.4418    7.44347 0.0000e+00
      63699     52.100     3.1578     3.1540   3.138186   3.137805     2.0759     2.5157      8.104     0.8040   481.0421 2.9075e+00    -0.0770   101.9448     6.9180     7.2307    34.4604    34.4598    27.4398    27.4396    7.44360 0.0000e+00
      63702     52.046     3.1574     3.1491   3.138097   3.137363     2.0763     2.5157      8.106     0.8145   481.0816 2.9210e+00    -0.0770   101.9448     6.9202     7.2308    34.4597    34.4597    27.4393    27.4400    7.44370 0.0000e+00
      63705     51.996     3.1564     3.1464   3.138097   3.137045     2.0767     2.5144      8.103     0.8251   481.0026 2.9210e+00    -0.0770   101.9448     6.9227     7.2260    34.4608    34.4587    27.4402    27.4395    7.44383 0.0000e+00
      63708     51.948     3.1564     3.1404   3.138207   3.136379     2.0767     2.5148      8.106     0.8040   481.0421 2.9312e+00    -0.0770   101.9448     6.9241     7.2272    34.4622    34.4570    27.4413    27.4387    7.44376 0.0000e+00
      63711     51.904     3.1564     3.1393   3.137925   3.136176     2.0767     2.5157      8.106     0.8357   481.0026 2.9379e+00    -0.0770   101.9448     6.9235     7.2283    34.4587    34.4558    27.4386    27.4378    7.44393 0.0000e+00
      63714     51.861     3.1550     3.1350   3.137557   3.136011     2.0771     2.5153      8.104     0.8463   173.1846 2.9346e+00    -0.0781   101.9719     6.9269     7.2260    34.4558    34.4583    27.4364    27.4402    7.44434 0.0000e+00
      63717     51.820     3.1526     3.1324   3.137513   3.135871     2.0767     2.5165      8.104     0.8569    -2.5761 2.9584e+00    -0.0781   101.9719     6.9247     7.2303    34.4579    34.4595    27.4382    27.4414    7.44469 0.0000e+00
      63720     51.780     3.1512     3.1320   3.137582   3.135710     2.0767     2.5153      8.104     0.8569     0.5032 2.9413e+00    -0.0781   101.9719     6.9254     7.2265    34.4603    34.4579    27.4403    27.4402    7.44483 0.0000e+00
      63723     51.742     3.1508     3.1306   3.137706   3.135683     2.0767     2.5157      8.103     0.8463     0.5032 2.9516e+00    -0.0781   101.9719     6.9268     7.2303    34.4622    34.4591    27.4418    27.4413    7.44480 0.0000e+00
      63726     51.706     3.1509     3.1314   3.137671   3.135760     2.0763     2.5144      8.106     0.8675     0.5032 2.9550e+00    -0.0781   101.9719     6.9222     7.2259    34.4617    34.4592    27.4414    27.4413    7.44481 0.0000e+00
      63729     51.672     3.1508     3.1309   3.137803   3.135586     2.0767     2.5157      8.104     0.8463     0.5032 2.9550e+00    -0.0774   101.9538     6.9238     7.2294    34.4634    34.4577    27.4428    27.4401    7.44475 0.0000e+00
      63732     51.643     3.1511     3.1327   3.137915   3.135582     2.0763     2.5152      8.106     0.8463     0.5032 2.9482e+00    -0.0770   101.9448     6.9215     7.2237    34.4644    34.4557    27.4436    27.4384    7.44463 0.0000e+00
      63735     51.608     3.1519     3.1298   3.137885   3.135529     2.0767     2.5144      8.106     0.8463     0.5032 2.9550e+00    -0.0770   101.9448     6.9207     7.2182    34.4633    34.4582    27.4426    27.4406    7.44455 0.0000e+00
      63738     51.574     3.1530     3.1335   3.137771   3.135884     2.0767     2.5144      8.103     0.8357     0.5427 2.9618e+00    -0.0770   101.9448     6.9197     7.2172    34.4607    34.4586    27.4405    27.4406    7.44446 0.0000e+00
      63741     51.540     3.1534     3.1343   3.137684   3.136194     2.0767     2.5144      8.106     0.7934     2.5561 2.9618e+00    -0.0770   101.9448     6.9204     7.2184    34.4592    34.4615    27.4393    27.4428    7.44447 0.0000e+00
      63744     51.508     3.1537     3.1369   3.137630   3.136492     2.0767     2.5152      8.104     0.7828     2.8325 2.9584e+00    -0.0770   101.9448     6.9199     7.2231    34.4583    34.4624    27.4385    27.4433    7.44447 0.0000e+00
      63747     51.474     3.1517     3.1435   3.137523   3.136687     2.0767     2.5156      8.106     0.7828     2.7535 2.9550e+00    -0.0774   101.9538     6.9203     7.2235    34.4591    34.4577    27.4393    27.4390    7.44478 0.0000e+00
      63750     51.439     3.1503     3.1447   3.137553   3.136766     2.0763     2.5144      8.106     0.7934     2.7930 2.9652e+00    -0.0770   101.9448     6.9159     7.2191    34.4610    34.4574    27.4409    27.4387    7.44495 0.0000e+00
      63753     51.409     3.1510     3.1433   3.137608   3.136790     2.0767     2.5144      8.104     0.7934     2.7535 2.9652e+00    -0.0788   101.9900     6.9161     7.2179    34.4610    34.4592    27.4409    27.4402    7.44483 0.0000e+00
      63756     51.372     3.1537     3.1395   3.137796   3.136245     2.0759     2.5136      8.104     0.7828     2.7930 2.9618e+00    -0.0792   101.9990     6.9114     7.2185    34.4604    34.4567    27.4402    27.4385    7.44436 0.0000e+00
      63759     51.332     3.1554     3.1379   3.137840   3.136176     2.0759     2.5136      8.104     0.7722     2.7535 2.9618e+00    -0.0792   101.9990     6.9134     7.2197    34.4591    34.4576    27.4390    27.4394    7.44410 0.0000e+00
      63762     51.292     3.1551     3.1389   3.137793   3.136128     2.0759     2.5144      8.104     0.7828     2.7930 2.9687e+00    -0.0792   101.9990     6.9140     7.2224    34.4589    34.4559    27.4388    27.4379    7.44417 0.0000e+00
      63765     51.250     3.1547     3.1348   3.137507   3.135604     2.0763     2.5144      8.104     0.8357     3.0299 2.9721e+00    -0.0792   101.9990     6.9141     7.2221    34.4559    34.4539    27.4365    27.4367    7.44440 0.0000e+00
      63768     51.211     3.1527     3.1309   3.137269   3.135760     2.0763     2.5144      8.106     0.8886     3.8590 2.9859e+00    -0.0792   101.9990     6.9149     7.2219    34.4551    34.4601    27.4360    27.4420    7.44480 0.0000e+00
      63771     51.167     3.1506     3.1335   3.137229   3.136096     2.0759     2.5136      8.104     0.8780     3.8195 3.0032e+00    -0.0788   101.9900     6.9142     7.2217    34.4569    34.4614    27.4377    27.4428    7.44511 0.0000e+00
      63774     51.119     3.1495     3.1341   3.137440   3.135606     2.0751     2.5140      8.106     0.8886     3.8195 3.0171e+00    -0.0792   101.9990     6.9105     7.2260    34.4606    34.4548    27.4407    27.4375    7.44512 0.0000e+00
      63777     51.070     3.1477     3.1302   3.136546   3.135030     2.0755     2.5136      8.106     0.8992     3.8195 3.0171e+00    -0.0792   101.9990     6.9155     7.2265    34.4517    34.4519    27.4338    27.4356    7.44590 0.0000e+00
      63780     51.018     3.1434     3.1253   3.135821   3.134765     2.0759     2.5144      8.106     0.8780     3.8195 3.0346e+00    -0.0792   101.9990     6.9193     7.2310    34.4475    34.4541    27.4308    27.4377    7.44691 0.0000e+00
      63783     50.964     3.1390     3.1228   3.135601   3.134691     2.0767     2.5140      8.104     0.8886     3.8195 3.0487e+00    -0.0792   101.9990     6.9227     7.2269    34.4496    34.4558    27.4329    27.4393    7.44763 0.0000e+00
      63786     50.913     3.1340     3.1211   3.135037   3.134592     2.0755     2.5144      8.106     0.8886     3.8195 3.0770e+00    -0.0792   101.9990     6.9184     7.2277    34.4481    34.4565    27.4321    27.4401    7.44863 0.0000e+00
      63789     50.860     3.1301     3.1206   3.134862   3.134533     2.0751     2.5132      8.103     0.8886     3.8195 3.0841e+00    -0.0788   101.9900     6.9189     7.2229    34.4501    34.4563    27.4341    27.4399    7.44925 0.0000e+00
      63792     50.812     3.1281     3.1207   3.134878   3.134514     2.0755     2.5140      8.106     0.8040     1.4507 3.0984e+00    -0.0785   101.9809     6.9219     7.2262    34.4525    34.4560    27.4362    27.4397    7.44951 0.0000e+00
      63795     50.774     3.1267     3.1203   3.134876   3.134437     2.0755     2.5140      8.103     0.7828    -1.2733 3.1200e+00    -0.0774   101.9538     6.9219     7.2258    34.4541    34.4555    27.4376    27.4393    7.44970 0.0000e+00
      63800     50.731     3.1258     3.1193   3.134813   3.134332     2.0755     2.5144      8.106     0.7616    -1.1549 3.1308e+00    -0.0781   101.9719     6.9215     7.2251    34.4542    34.4554    27.4378    27.4393    7.44985 0.0000e+00
      63808     50.679     3.1252     3.1183   3.134897   3.134221     2.0755     2.5136      8.106     0.7934    -1.1944 3.1490e+00    -0.0770   101.9448     6.9242     7.2227    34.4560    34.4551    27.4393    27.4392    7.44989 0.0000e+00
      63813     50.643     3.1247     3.1160   3.134825   3.133968     2.0759     2.5132      8.104     0.7934    -1.1549 3.1783e+00    -0.0770   101.9448     6.9251     7.2219    34.4556    34.4545    27.4390    27.4390    7.44999 0.0000e+00
      64039     50.613     3.1219     3.1164   3.134534   3.133961     2.0743     2.5128      8.106     0.7934     0.7401 3.2044e+00    -0.0735   101.8544     6.9185     7.2237    34.4551    34.4540    27.4389    27.4385    7.45054 0.0000e+00
      64489     50.576     3.1161     3.1150   3.133803   3.133825     2.0714     2.5107      8.103     0.7934     4.5301 3.2639e+00    -0.0664   101.6735     6.9082     7.2251    34.4524    34.4539    27.4373    27.4385    7.45176 0.0000e+00
      64492     50.554     3.1162     3.1155   3.133684   3.133866     2.0726     2.5099      8.103     0.7828     4.5301 3.2714e+00    -0.0664   101.6735     6.9126     7.2225    34.4509    34.4538    27.4360    27.4385    7.45182 0.0000e+00
      64743     50.503     3.1135     3.1066   3.133203   3.132797     2.0722     2.5107      8.103     0.8674     3.0299 3.2639e+00    -0.0753   101.8995     6.9153     7.2201    34.4479    34.4503    27.4339    27.4365    7.45247 0.0000e+00
      64868     50.480     3.1107     3.1002   3.132805   3.132152     2.0726     2.5115      8.101     0.8780     3.5826 3.2677e+00    -0.0792   101.9990     6.9212     7.2219    34.4461    34.4494    27.4327    27.4363    7.45308 0.0000e+00
      64871     50.457     3.1097     3.0999   3.132766   3.132171     2.0726     2.5111      8.101     0.8886     3.5826 3.2752e+00    -0.0792   101.9990     6.9241     7.2197    34.4466    34.4499    27.4333    27.4367    7.45323 0.0000e+00
      64874     50.435     3.1089     3.0990   3.132778   3.132056     2.0726     2.5107      8.101     0.8886     3.5826 3.2677e+00    -0.0792   101.9990     6.9253     7.2199    34.4476    34.4494    27.4341    27.4365    7.45333 0.0000e+00
      64880     50.394     3.1083     3.0995   3.132767   3.132072     2.0730     2.5107      8.103     0.8780     3.5826 3.2639e+00    -0.0788   101.9900     6.9257     7.2202    34.4482    34.4491    27.4346    27.4362    7.45342 0.0000e+00
      65072     50.374     3.1162     3.1157   3.133762   3.133666     2.0726     2.5091      8.101     0.8040   481.0816 3.4742e+00    -0.0745   101.8815     6.9176     7.2167    34.4519    34.4513    27.4369    27.4364    7.45176 0.0000e+00
      65075     50.350     3.1190     3.1168   3.134223   3.133803     2.0738     2.5099      8.103     0.8569   118.5061 3.4862e+00    -0.0749   101.8905     6.9207     7.2169    34.4545    34.4518    27.4387    27.4367    7.45111 0.0000e+00
      65225     50.332     3.1178     3.1088   3.133904   3.132849     2.0734     2.5095      8.104     0.8357     5.8329 3.3674e+00    -0.0738   101.8634     6.9272     7.2055    34.4519    34.4487    27.4367    27.4350    7.45146 0.0000e+00
      65228     50.305     3.1189     3.1110   3.133943   3.133203     2.0726     2.5095      8.101     0.8251     5.8329 3.3713e+00    -0.0760   101.9176     6.9217     7.2031    34.4513    34.4507    27.4361    27.4364    7.45130 0.0000e+00
      65471     50.281     3.1185     3.1131   3.133893   3.133320     2.0738     2.5099      8.104     0.8357     5.2012 3.4512e+00    -0.0749   101.8905     6.9229     7.2065    34.4511    34.4499    27.4360    27.4355    7.45137 0.0000e+00
      65954     50.233     3.1176     3.1129   3.134008   3.133385     2.0742     2.5115      8.106     0.7616     5.9513 3.5719e+00    -0.0735   101.8544     6.9209     7.2147    34.4535    34.4509    27.4380    27.4364    7.45142 0.0000e+00
      65957     50.185     3.1199     3.1167   3.134132   3.133856     2.0742     2.5106      8.106     0.7510     5.9513 3.5760e+00    -0.0753   101.8995     6.9224     7.2118    34.4525    34.4526    27.4370    27.4374    7.45104 0.0000e+00
      65960     50.141     3.1205     3.1201   3.133880   3.134040     2.0742     2.5094      8.104     0.7616     5.9513 3.5885e+00    -0.0760   101.9176     6.9226     7.2094    34.4488    34.4513    27.4340    27.4360    7.45111 0.0000e+00
      65963     50.106     3.1207     3.1225   3.134019   3.134174     2.0742     2.5098      8.106     0.7828     4.7275 3.5885e+00    -0.0756   101.9086     6.9230     7.2122    34.4504    34.4503    27.4352    27.4351    7.45100 0.0000e+00
