Datasets/AZMP/TEL210/tel210_2020_013.cnv
* Sea-Bird SBE 9 Data File:
* FileName = C:\CTDDATA\tel210_2020_013.hex
* Software Version Seasave V 7.26.7.110
* Temperature SN = 1697
* Conductivity SN = 4216
* Number of Bytes Per Scan = 30
* Number of Voltage Words = 4
* Number of Scans Averaged by the Deck Unit = 1
* NMEA baud rate = 4800
** VESSEL/TRIP/SEQ STN:  tel210_2020_013
** LATITUDE XX XX.XX: 47 00.00 N
** LONGITUDE XX XX.XX: 048 37.00 W
** SOUNDING DEPTH (M): 0102
** PROBE TYPE: S1146
** CTD NUMBER: 012
** COMMENTS (14 CHAR): FC-11
** BOTTLES:  0
** LEVELS:
** STICKERS:
** VNET: N
** DO2: N
# nquan = 22
# nvalues = 1706                        
# units = specified
# name 0 = scan: Scan Count
# name 1 = prDM: Pressure, Digiquartz [db]
# name 2 = t090C: Temperature [ITS-90, deg C]
# name 3 = t190C: Temperature, 2 [ITS-90, deg C]
# name 4 = c0S/m: Conductivity [S/m]
# name 5 = c1S/m: Conductivity, 2 [S/m]
# name 6 = sbeox0V: Oxygen raw, SBE 43 [V]
# name 7 = sbeox1V: Oxygen raw, SBE 43, 2 [V]
# name 8 = ph: pH
# name 9 = flECO-AFL: Fluorescence, WET Labs ECO-AFL/FL [mg/m^3]
# name 10 = wetCDOM: Fluorescence, WET Labs CDOM [mg/m^3]
# name 11 = par/sat/log: PAR/Logarithmic, Satlantic [umol photons/m^2/sec]
# name 12 = CStarAt0: Beam Attenuation, WET Labs C-Star [1/m]
# name 13 = CStarTr0: Beam Transmission, WET Labs C-Star [%]
# name 14 = sbeox0ML/L: Oxygen, SBE 43 [ml/l], WS = 2
# name 15 = sbeox1ML/L: Oxygen, SBE 43, 2 [ml/l], WS = 2
# name 16 = sal00: Salinity, Practical [PSU]
# name 17 = sal11: Salinity, Practical, 2 [PSU]
# name 18 = sigma-t00: Density [sigma-t, kg/m^3 ]
# name 19 = sigma-t11: Density, 2 [sigma-t, kg/m^3 ]
# name 20 = oxsatML/L: Oxygen Saturation, Weiss [ml/l]
# name 21 = flag: flag
# span 0 =         31,       8441       
# span 1 =      1.605,     98.509       
# span 2 =    -0.3967,    10.2900       
# span 3 =    -0.4016,    10.2859       
# span 4 =   2.723487,   3.573581       
# span 5 =   2.723051,   3.572998       
# span 6 =     1.7943,     2.3953       
# span 7 =     2.1696,     2.9139       
# span 8 =      7.752,      8.142       
# span 9 =    -0.5308,     2.0435       
# span 10 =    -2.8130,   482.1870      
# span 11 = 1.0715e-01, 1.5579e+02      
# span 12 =    -0.1194,     0.0116      
# span 13 =    99.7111,   103.0299      
# span 14 =     6.3309,     8.1805      
# span 15 =     6.2612,     8.7218      
# span 16 =    32.2311,    32.9855      
# span 17 =    32.2350,    32.9843      
# span 18 =    24.8163,    26.4979      
# span 19 =    24.8221,    26.4971      
# span 20 =    6.38500,    8.24351      
# span 21 = 0.0000e+00, 0.0000e+00      
# interval = scans: 3                   
# start_time = Jul 16 2020 09:47:56 [System UTC, header]
# bad_flag = -9.990e-29
*END*
[from data line 66]
        762      7.255    10.2892    10.2843   3.573509   3.572889     2.2711     2.6683      8.071     0.1001     0.3453 5.9091e+01    -0.0159   100.3984     6.5358     6.6295    32.3377    32.3359    24.8254    24.8248    6.38509 0.0000e+00
        765      7.369    10.2886    10.2842   3.573460   3.572871     2.2707     2.6691      8.071     0.0899    10.3335 5.8683e+01    -0.0159   100.3984     6.5347     6.6317    32.3376    32.3357    24.8255    24.8247    6.38517 0.0000e+00
        768      7.479    10.2884    10.2841   3.573454   3.572866     2.2711     2.6716      8.070     0.0899     9.8993 5.7942e+01    -0.0159   100.3984     6.5378     6.6389    32.3378    32.3357    24.8256    24.8247    6.38520 0.0000e+00
        771      7.581    10.2881    10.2839   3.573455   3.572851     2.2702     2.6712      8.071     0.0899     9.8993 5.7275e+01    -0.0159   100.3984     6.5361     6.6397    32.3380    32.3356    24.8258    24.8247    6.38523 0.0000e+00
        774      7.682    10.2884    10.2841   3.573468   3.572898     2.2702     2.6732      8.070     0.1001     9.8598 5.6682e+01    -0.0163   100.4074     6.5357     6.6498    32.3378    32.3359    24.8256    24.8249    6.38519 0.0000e+00
        777      7.772    10.2876    10.2843   3.573376   3.572905     2.2707     2.6744      8.070     0.0899     9.8993 5.6095e+01    -0.0191   100.4798     6.5379     6.6575    32.3375    32.3358    24.8256    24.8248    6.38532 0.0000e+00
        780      7.857    10.2874    10.2843   3.573390   3.572890     2.2711     2.6752      8.073     0.0492     9.9387 5.5515e+01    -0.0191   100.4798     6.5404     6.6638    32.3378    32.3356    24.8258    24.8246    6.38534 0.0000e+00
        783      7.940    10.2868    10.2838   3.573358   3.572875     2.2698     2.6756      8.070     0.0594     9.8993 5.4750e+01    -0.0191   100.4798     6.5345     6.6683    32.3380    32.3358    24.8260    24.8249    6.38541 0.0000e+00
        786      8.022    10.2865    10.2835   3.573329   3.572832     2.2694     2.6772      8.073     0.0594   334.4959 5.4371e+01    -0.0195   100.4888     6.5313     6.6761    32.3379    32.3357    24.8260    24.8248    6.38546 0.0000e+00
        789      8.099    10.2868    10.2827   3.573318   3.572771     2.2707     2.6789      8.073     0.0594   482.1080 5.4183e+01    -0.0191   100.4798     6.5375     6.6829    32.3376    32.3357    24.8257    24.8249    6.38543 0.0000e+00
        792      8.174    10.2871    10.2829   3.573349   3.572795     2.2711     2.6797      8.070     0.0594   481.0026 5.4371e+01    -0.0191   100.4798     6.5398     6.6870    32.3375    32.3358    24.8256    24.8250    6.38539 0.0000e+00
        795      8.250    10.2886    10.2820   3.573469   3.572731     2.2711     2.6825      8.070     0.0594   481.2395 5.4308e+01    -0.0202   100.5069     6.5405     6.6978    32.3375    32.3359    24.8253    24.8252    6.38519 0.0000e+00
        798      8.319    10.2870    10.2804   3.573365   3.572588     2.2702     2.6846      8.071     0.0594   481.2395 5.4183e+01    -0.0224   100.5612     6.5381     6.7061    32.3377    32.3358    24.8258    24.8255    6.38540 0.0000e+00
        801      8.393    10.2871    10.2752   3.573361   3.572139     2.2702     2.6858      8.070     0.0696   481.2395 5.4183e+01    -0.0224   100.5612     6.5376     6.7128    32.3376    32.3359    24.8256    24.8264    6.38539 0.0000e+00
        804      8.466    10.2855    10.2740   3.573192   3.572077     2.2707     2.6874      8.070     0.0899   481.2395 5.4246e+01    -0.0224   100.5612     6.5414     6.7204    32.3373    32.3363    24.8257    24.8269    6.38562 0.0000e+00
        807      8.541    10.2835    10.2745   3.573055   3.572061     2.2694     2.6887      8.070     0.1001   481.2395 5.4434e+01    -0.0224   100.5612     6.5380     6.7265    32.3377    32.3357    24.8264    24.8263    6.38589 0.0000e+00
        810      8.621    10.2840    10.2741   3.573125   3.572080     2.2698     2.6907      8.073     0.0899   461.3815 5.4623e+01    -0.0224   100.5612     6.5369     6.7349    32.3379    32.3361    24.8264    24.8268    6.38581 0.0000e+00
        813      8.701    10.2835    10.2758   3.573081   3.572226     2.2707     2.6911      8.070     0.0899    39.4691 5.4877e+01    -0.0224   100.5612     6.5379     6.7391    32.3378    32.3361    24.8265    24.8264    6.38588 0.0000e+00
        816      8.789    10.2852    10.2765   3.573236   3.572260     2.2702     2.6927      8.071     0.1001     3.3063 5.5131e+01    -0.0213   100.5340     6.5366     6.7458    32.3379    32.3357    24.8262    24.8260    6.38564 0.0000e+00
        819      8.881    10.2842    10.2744   3.573116   3.572071     2.2711     2.6948      8.070     0.1001     5.8724 5.5451e+01    -0.0217   100.5431     6.5417     6.7531    32.3375    32.3357    24.8261    24.8264    6.38580 0.0000e+00
        822      8.975    10.2826    10.2734   3.573047   3.571989     2.2702     2.6964      8.071     0.0899     5.7540 5.5708e+01    -0.0217   100.5431     6.5386     6.7605    32.3382    32.3358    24.8270    24.8266    6.38600 0.0000e+00
        825      9.073    10.2832    10.2739   3.573072   3.572080     2.2707     2.6984      8.073     0.0899     5.7540 5.5451e+01    -0.0213   100.5340     6.5401     6.7695    32.3379    32.3361    24.8265    24.8268    6.38593 0.0000e+00
        828      9.171    10.2826    10.2741   3.573072   3.572094     2.2711     2.7000      8.071     0.1001     5.7145 5.5067e+01    -0.0213   100.5340     6.5418     6.7764    32.3383    32.3361    24.8270    24.8268    6.38599 0.0000e+00
        831      9.267    10.2816    10.2745   3.572911   3.572117     2.2702     2.7033      8.073     0.1103     5.7145 5.4371e+01    -0.0213   100.5340     6.5383     6.7875    32.3376    32.3360    24.8266    24.8265    6.38616 0.0000e+00
        834      9.365    10.2803    10.2744   3.572806   3.572122     2.2694     2.7053      8.071     0.0899     5.7934 5.3438e+01    -0.0213   100.5340     6.5331     6.7935    32.3377    32.3360    24.8269    24.8266    6.38634 0.0000e+00
        837      9.462    10.2788    10.2741   3.572646   3.572073     2.2698     2.7078      8.071     0.0797     6.1882 5.2397e+01    -0.0228   100.5702     6.5348     6.7999    32.3374    32.3358    24.8269    24.8264    6.38657 0.0000e+00
        840      9.558    10.2782    10.2742   3.572665   3.572125     2.2707     2.7090      8.073     0.0899     7.6490 5.1556e+01    -0.0231   100.5793     6.5398     6.7991    32.3380    32.3361    24.8275    24.8267    6.38662 0.0000e+00
        843      9.659    10.2785    10.2745   3.572693   3.572126     2.2702     2.7102      8.073     0.1001     7.6095 5.0670e+01    -0.0231   100.5793     6.5385     6.7978    32.3380    32.3359    24.8275    24.8265    6.38658 0.0000e+00
        846      9.764    10.2788    10.2741   3.572732   3.572114     2.2698     2.7123      8.073     0.0899     7.6095 4.9913e+01    -0.0235   100.5883     6.5369     6.7990    32.3381    32.3360    24.8275    24.8267    6.38654 0.0000e+00
        849      9.870    10.2785    10.2733   3.572706   3.572015     2.2702     2.7147      8.071     0.0797     7.6095 4.9339e+01    -0.0235   100.5883     6.5380     6.8004    32.3380    32.3357    24.8274    24.8265    6.38658 0.0000e+00
        852      9.979    10.2782    10.2738   3.572687   3.572103     2.2698     2.7159      8.073     0.0899     7.6095 4.8716e+01    -0.0235   100.5883     6.5375     6.7983    32.3380    32.3361    24.8275    24.8268    6.38662 0.0000e+00
        855     10.092    10.2782    10.2742   3.572736   3.572104     2.2698     2.7176      8.073     0.0899     7.6095 4.8379e+01    -0.0228   100.5702     6.5388     6.7978    32.3385    32.3358    24.8279    24.8264    6.38660 0.0000e+00
        858     10.213    10.2795    10.2745   3.572822   3.572148     2.2698     2.7184      8.073     0.1103     7.6095 4.8156e+01    -0.0228   100.5702     6.5391     6.7966    32.3382    32.3359    24.8274    24.8264    6.38643 0.0000e+00
        861     10.329    10.2790    10.2747   3.572796   3.572177     2.2702     2.7192      8.073     0.0797     7.6095 4.8100e+01    -0.0228   100.5702     6.5395     6.7947    32.3383    32.3359    24.8276    24.8265    6.38650 0.0000e+00
        864     10.449    10.2785    10.2744   3.572726   3.572195     2.2711     2.7200      8.071     0.0899     3.2273 4.8156e+01    -0.0231   100.5793     6.5429     6.7935    32.3380    32.3362    24.8274    24.8268    6.38658 0.0000e+00
        867     10.568    10.2778    10.2746   3.572690   3.572186     2.2698     2.7212      8.071     0.0899    -1.2733 4.8045e+01    -0.0228   100.5702     6.5392     6.7925    32.3382    32.3360    24.8277    24.8265    6.38667 0.0000e+00
        870     10.690    10.2782    10.2746   3.572724   3.572178     2.2694     2.7220      8.071     0.1001    -1.0364 4.7934e+01    -0.0224   100.5612     6.5379     6.7903    32.3381    32.3358    24.8276    24.8264    6.38661 0.0000e+00
        873     10.809    10.2787    10.2743   3.572781   3.572169     2.2698     2.7232      8.071     0.1001    -1.0364 4.7768e+01    -0.0235   100.5883     6.5391     6.7900    32.3382    32.3359    24.8276    24.8265    6.38655 0.0000e+00
        876     10.928    10.2791    10.2742   3.572813   3.572158     2.2698     2.7245      8.071     0.0899    -1.0364 4.7657e+01    -0.0228   100.5702     6.5409     6.7902    32.3381    32.3359    24.8274    24.8265    6.38650 0.0000e+00
        879     11.045    10.2791    10.2740   3.572845   3.572153     2.2698     2.7257      8.073     0.1001    -1.0364 4.7492e+01    -0.0235   100.5883     6.5412     6.7916    32.3384    32.3360    24.8276    24.8266    6.38648 0.0000e+00
        882     11.157    10.2792    10.2738   3.572836   3.572146     2.2702     2.7265      8.073     0.0899    -1.0364 4.7437e+01    -0.0235   100.5883     6.5434     6.7922    32.3381    32.3360    24.8275    24.8267    6.38647 0.0000e+00
        885     11.266    10.2787    10.2734   3.572782   3.572135     2.2698     2.7265      8.071     0.0696    -1.0759 4.7219e+01    -0.0235   100.5883     6.5430     6.7907    32.3380    32.3362    24.8274    24.8269    6.38655 0.0000e+00
        888     11.369    10.2783    10.2729   3.572783   3.572072     2.2698     2.7277      8.073     0.0594    -1.0759 4.7001e+01    -0.0235   100.5883     6.5440     6.7917    32.3383    32.3360    24.8277    24.8268    6.38659 0.0000e+00
        891     11.464    10.2784    10.2728   3.572780   3.572092     2.2702     2.7277      8.071     0.0492     5.9514 4.6676e+01    -0.0235   100.5883     6.5468     6.7902    32.3382    32.3362    24.8276    24.8270    6.38659 0.0000e+00
        894     11.557    10.2784    10.2736   3.572758   3.572154     2.2698     2.7285      8.073     0.0594     7.6884 4.6300e+01    -0.0235   100.5883     6.5460     6.7918    32.3379    32.3361    24.8274    24.8268    6.38659 0.0000e+00
        897     11.646    10.2776    10.2734   3.572693   3.572120     2.2702     2.7289      8.073     0.0594     7.6095 4.5980e+01    -0.0224   100.5612     6.5466     6.7929    32.3379    32.3360    24.8275    24.8267    6.38671 0.0000e+00
        900     11.730    10.2770    10.2729   3.572632   3.572115     2.2707     2.7289      8.073     0.0696     7.6095 4.5767e+01    -0.0224   100.5612     6.5481     6.7935    32.3378    32.3363    24.8276    24.8271    6.38680 0.0000e+00
        903     11.813    10.2769    10.2728   3.572643   3.572067     2.2707     2.7302      8.073     0.0594     7.6095 4.5661e+01    -0.0224   100.5612     6.5478     6.7983    32.3380    32.3359    24.8277    24.8267    6.38681 0.0000e+00
        906     11.890    10.2772    10.2722   3.572703   3.572044     2.2707     2.7310      8.073     0.0492     7.6095 4.5451e+01    -0.0224   100.5612     6.5480     6.8017    32.3383    32.3361    24.8279    24.8271    6.38675 0.0000e+00
        909     11.965    10.2815    10.2748   3.573141   3.572300     2.2707     2.7314      8.073     0.0594     7.6095 4.5189e+01    -0.0224   100.5612     6.5467     6.8037    32.3388    32.3363    24.8276    24.8268    6.38612 0.0000e+00
        912     12.038    10.2841    10.2769   3.573254   3.572454     2.2702     2.7318      8.073     0.0696     7.6095 4.4981e+01    -0.0224   100.5612     6.5444     6.8055    32.3376    32.3360    24.8262    24.8262    6.38580 0.0000e+00
        915     12.110    10.2814    10.2755   3.572985   3.572342     2.2707     2.7334      8.073     0.0696    57.9058 4.4773e+01    -0.0224   100.5612     6.5439     6.8128    32.3373    32.3361    24.8264    24.8264    6.38620 0.0000e+00
        918     12.176    10.2807    10.2768   3.573015   3.572523     2.2711     2.7342      8.073     0.0594   462.5264 4.4566e+01    -0.0228   100.5702     6.5440     6.8160    32.3381    32.3367    24.8272    24.8267    6.38626 0.0000e+00
        921     12.242    10.2790    10.2781   3.572834   3.572545     2.2698     2.7351      8.073     0.0696   481.5554 4.4412e+01    -0.0228   100.5702     6.5361     6.8187    32.3378    32.3357    24.8272    24.8257    6.38651 0.0000e+00
        924     12.307    10.2783    10.2780   3.572777   3.572560     2.2707     2.7359      8.073     0.0594   481.1211 4.4105e+01    -0.0231   100.5793     6.5389     6.8192    32.3379    32.3359    24.8274    24.8259    6.38662 0.0000e+00
        927     12.367    10.2781    10.2774   3.572775   3.572474     2.2707     2.7363      8.071     0.0594   481.2000 4.3750e+01    -0.0231   100.5793     6.5379     6.8196    32.3380    32.3356    24.8275    24.8258    6.38663 0.0000e+00
        930     12.430    10.2787    10.2769   3.572874   3.572448     2.2711     2.7363      8.073     0.0594   481.2395 4.3397e+01    -0.0228   100.5702     6.5392     6.8195    32.3384    32.3358    24.8277    24.8260    6.38653 0.0000e+00
        933     12.495    10.2811    10.2769   3.573081   3.572466     2.2702     2.7379      8.073     0.0696   481.1606 4.2948e+01    -0.0224   100.5612     6.5359     6.8235    32.3383    32.3359    24.8273    24.8261    6.38620 0.0000e+00
        936     12.556    10.2824    10.2771   3.573173   3.572507     2.2702     2.7387      8.071     0.0797   481.2000 4.2503e+01    -0.0224   100.5612     6.5339     6.8232    32.3381    32.3361    24.8269    24.8262    6.38603 0.0000e+00
        939     12.621    10.2833    10.2781   3.573245   3.572594     2.2698     2.7399      8.073     0.0797   481.2000 4.2160e+01    -0.0224   100.5612     6.5299     6.8237    32.3380    32.3360    24.8267    24.8260    6.38591 0.0000e+00
        942     12.692    10.2846    10.2785   3.573388   3.572610     2.2694     2.7399      8.073     0.1001   320.8362 4.1773e+01    -0.0224   100.5612     6.5281     6.8221    32.3382    32.3358    24.8266    24.8257    6.38571 0.0000e+00
        945     12.768    10.2848    10.2800   3.573408   3.572782     2.2690     2.7403      8.073     0.1001    -2.2208 4.1436e+01    -0.0224   100.5612     6.5268     6.8216    32.3382    32.3362    24.8265    24.8258    6.38568 0.0000e+00
        948     12.846    10.2860    10.2817   3.573493   3.572904     2.2698     2.7403      8.073     0.1001     5.0433 4.1245e+01    -0.0224   100.5612     6.5292     6.8193    32.3380    32.3359    24.8262    24.8253    6.38553 0.0000e+00
        951     12.929    10.2863    10.2826   3.573528   3.572970     2.2694     2.7416      8.073     0.1001     5.0433 4.1007e+01    -0.0224   100.5612     6.5284     6.8211    32.3381    32.3357    24.8262    24.8250    6.38549 0.0000e+00
        954     13.018    10.2869    10.2823   3.573581   3.572938     2.2698     2.7428      8.073     0.1001     5.0038 4.0912e+01    -0.0224   100.5612     6.5299     6.8229    32.3380    32.3357    24.8260    24.8249    6.38540 0.0000e+00
