Datasets/AZMP/TEL210/tel210_2020_052.cnv
* Sea-Bird SBE 9 Data File:
* FileName = C:\CTDDATA\tel210_2020_052.hex
* Software Version Seasave V 7.26.7.110
* Temperature SN = 1697
* Conductivity SN = 4216
* Number of Bytes Per Scan = 30
* Number of Voltage Words = 4
* Number of Scans Averaged by the Deck Unit = 1
* NMEA baud rate = 4800
** VESSEL/TRIP/SEQ STN:  tel210_2020_052
** LATITUDE XX XX.XX: 49 11.40 N
** LONGITUDE XX XX.XX: 051 32.50 W
** SOUNDING DEPTH (M): 0312
** PROBE TYPE: S1146
** CTD NUMBER: 042
** COMMENTS (14 CHAR): BB-07
** BOTTLES:  11
** LEVELS: 5,10,20,30,40,50,75,100,150,250,BTM
** STICKERS: 436054 - 436064
** VNET: Y
** DO2: N
# nquan = 22
# nvalues = 7074                        
# units = specified
# name 0 = scan: Scan Count
# name 1 = prDM: Pressure, Digiquartz [db]
# name 2 = t090C: Temperature [ITS-90, deg C]
# name 3 = t190C: Temperature, 2 [ITS-90, deg C]
# name 4 = c0S/m: Conductivity [S/m]
# name 5 = c1S/m: Conductivity, 2 [S/m]
# name 6 = sbeox0V: Oxygen raw, SBE 43 [V]
# name 7 = sbeox1V: Oxygen raw, SBE 43, 2 [V]
# name 8 = ph: pH
# name 9 = flECO-AFL: Fluorescence, WET Labs ECO-AFL/FL [mg/m^3]
# name 10 = wetCDOM: Fluorescence, WET Labs CDOM [mg/m^3]
# name 11 = par/sat/log: PAR/Logarithmic, Satlantic [umol photons/m^2/sec]
# name 12 = CStarAt0: Beam Attenuation, WET Labs C-Star [1/m]
# name 13 = CStarTr0: Beam Transmission, WET Labs C-Star [%]
# name 14 = sbeox0ML/L: Oxygen, SBE 43 [ml/l], WS = 2
# name 15 = sbeox1ML/L: Oxygen, SBE 43, 2 [ml/l], WS = 2
# name 16 = sal00: Salinity, Practical [PSU]
# name 17 = sal11: Salinity, Practical, 2 [PSU]
# name 18 = sigma-t00: Density [sigma-t, kg/m^3 ]
# name 19 = sigma-t11: Density, 2 [sigma-t, kg/m^3 ]
# name 20 = oxsatML/L: Oxygen Saturation, Weiss [ml/l]
# name 21 = flag: flag
# span 0 =         44,      46395       
# span 1 =      0.584,    307.777       
# span 2 =    -1.1936,    11.1771       
# span 3 =    -1.2003,    11.1748       
# span 4 =   2.643172,   3.581827       
# span 5 =   2.643029,   3.581524       
# span 6 =     1.7960,     2.6086       
# span 7 =     2.1562,     3.2161       
# span 8 =      7.919,      8.322       
# span 9 =     0.6346,    24.8357       
# span 10 =    -2.8130,   482.1870      
# span 11 = 1.0667e-01, 3.9986e-01      
# span 12 =    -0.1477,     2.9774      
# span 13 =    47.5051,   103.7624      
# span 14 =     5.8724,     9.8186      
# span 15 =     6.1384,    10.6633      
# span 16 =    31.1448,    34.7040      
# span 17 =    31.6179,    34.7045      
# span 18 =    24.0649,    27.6281      
# span 19 =    24.1328,    27.6266      
# span 20 =    6.29001,    8.43330      
# span 21 = 0.0000e+00, 0.0000e+00      
# interval = scans: 3                   
# start_time = Jul 21 2020 05:11:43 [System UTC, header]
# bad_flag = -9.990e-29
*END*
[from data line 4544]
      18411    208.070     1.8764     1.8720   3.006610   3.006260     1.9462     2.3555      8.002     0.7405     1.3323 1.0715e-01    -0.1320   103.3555     6.7535     7.0520    34.1220    34.1224    27.2778    27.2784    7.70649 0.0000e+00
      18414    207.995     1.8766     1.8719   3.006585   3.006234     1.9470     2.3542      8.000     0.6875     1.3323 1.0727e-01    -0.1324   103.3645     6.7531     7.0463    34.1215    34.1222    27.2773    27.2782    7.70648 0.0000e+00
      18417    207.919     1.8763     1.8717   3.006468   3.006271     1.9462     2.3547      8.000     0.6770     1.3323 1.0715e-01    -0.1327   103.3736     6.7490     7.0483    34.1204    34.1229    27.2765    27.2788    7.70659 0.0000e+00
      18420    207.845     1.8757     1.8733   3.006435   3.006436     1.9458     2.3538      8.002     0.6981     1.3323 1.0715e-01    -0.1320   103.3555     6.7471     7.0461    34.1208    34.1234    27.2768    27.2791    7.70671 0.0000e+00
      18423    207.767     1.8755     1.8735   3.006386   3.006331     1.9466     2.3530      8.000     0.6770     1.5297 1.0715e-01    -0.1324   103.3645     6.7476     7.0444    34.1203    34.1219    27.2764    27.2779    7.70676 0.0000e+00
      18426    207.691     1.8756     1.8756   3.006552   3.006849     1.9462     2.3547      8.002     0.6770     2.9904 1.0715e-01    -0.1324   103.3645     6.7469     7.0514    34.1224    34.1261    27.2780    27.2811    7.70663 0.0000e+00
      18429    207.613     1.8772     1.8838   3.006702   3.008033     1.9462     2.3551      8.000     0.6770     2.9904 1.0715e-01    -0.1327   103.3736     6.7460     7.0503    34.1226    34.1322    27.2782    27.2854    7.70631 0.0000e+00
      18432    207.538     1.8772     1.8891   3.006351   3.008030     1.9458     2.3542      8.000     0.6770     2.9904 1.0715e-01    -0.1331   103.3826     6.7407     7.0477    34.1182    34.1265    27.2746    27.2804    7.70653 0.0000e+00
      18435    207.459     1.8762     1.8881   3.006275   3.008211     1.9454     2.3538      8.000     0.6770     2.9904 1.0715e-01    -0.1331   103.3826     6.7356     7.0465    34.1184    34.1298    27.2748    27.2831    7.70672 0.0000e+00
      18438    207.377     1.8757     1.8872   3.006222   3.007836     1.9462     2.3542      8.003     0.7087     2.9904 1.0727e-01    -0.1331   103.3826     6.7406     7.0508    34.1184    34.1262    27.2749    27.2803    7.70683 0.0000e+00
      18441    207.296     1.8751     1.8843   3.006216   3.007220     1.9462     2.3542      8.000     0.7616     2.9904 1.0727e-01    -0.1331   103.3826     6.7419     7.0506    34.1189    34.1216    27.2754    27.2768    7.70691 0.0000e+00
      18444    207.215     1.8747     1.8771   3.006202   3.006344     1.9458     2.3542      8.000     0.7616     2.9904 1.0715e-01    -0.1331   103.3826     6.7412     7.0536    34.1193    34.1184    27.2757    27.2748    7.70698 0.0000e+00
      18447    207.132     1.8746     1.8724   3.006200   3.006053     1.9458     2.3542      8.000     0.7616     2.9904 1.0740e-01    -0.1331   103.3826     6.7409     7.0542    34.1194    34.1199    27.2758    27.2763    7.70699 0.0000e+00
      18450    207.050     1.8749     1.8710   3.006186   3.005933     1.9462     2.3543      8.000     0.7616     3.0694 1.0715e-01    -0.1331   103.3826     6.7439     7.0545    34.1190    34.1200    27.2754    27.2765    7.70696 0.0000e+00
      18453    206.968     1.8749     1.8706   3.006180   3.005899     1.9454     2.3534      8.000     0.7616     3.3457 1.0715e-01    -0.1327   103.3736     6.7390     7.0496    34.1190    34.1200    27.2754    27.2765    7.70696 0.0000e+00
      18456    206.874     1.8748     1.8706   3.006020   3.005837     1.9454     2.3542      8.000     0.7616     3.3457 1.0727e-01    -0.1331   103.3826     6.7375     7.0540    34.1170    34.1193    27.2738    27.2760    7.70707 0.0000e+00
      18459    206.779     1.8740     1.8697   3.005902   3.005690     1.9458     2.3542      8.000     0.7722     3.3457 1.0715e-01    -0.1331   103.3826     6.7391     7.0522    34.1165    34.1184    27.2735    27.2754    7.70726 0.0000e+00
      18462    206.680     1.8735     1.8687   3.005840   3.005541     1.9458     2.3538      8.000     0.7510     3.3457 1.0727e-01    -0.1331   103.3826     6.7391     7.0499    34.1163    34.1178    27.2734    27.2749    7.70737 0.0000e+00
      18465    206.578     1.8730     1.8676   3.005740   3.005457     1.9454     2.3538      8.000     0.7616     3.3457 1.0715e-01    -0.1331   103.3826     6.7382     7.0514    34.1156    34.1179    27.2729    27.2751    7.70750 0.0000e+00
      18468    206.470     1.8721     1.8670   3.005663   3.005401     1.9462     2.3547      8.000     0.7299     3.3457 1.0715e-01    -0.1327   103.3736     6.7427     7.0525    34.1157    34.1179    27.2730    27.2752    7.70768 0.0000e+00
      18471    206.361     1.8716     1.8666   3.005626   3.005313     1.9458     2.3542      8.000     0.7299     3.3457 1.0727e-01    -0.1334   103.3917     6.7395     7.0490    34.1158    34.1173    27.2731    27.2747    7.70776 0.0000e+00
      18474    206.248     1.8712     1.8664   3.005568   3.005278     1.9454     2.3551      8.000     0.7299     3.3457 1.0715e-01    -0.1327   103.3736     6.7380     7.0531    34.1156    34.1172    27.2730    27.2746    7.70786 0.0000e+00
      18477    206.133     1.8710     1.8663   3.005577   3.005265     1.9446     2.3530      8.000     0.7299     2.7141 1.0715e-01    -0.1331   103.3826     6.7356     7.0423    34.1160    34.1171    27.2733    27.2746    7.70788 0.0000e+00
      18480    206.015     1.8708     1.8662   3.005542   3.005236     1.9454     2.3534      8.000     0.7299     2.2798 1.0715e-01    -0.1331   103.3826     6.7377     7.0397    34.1158    34.1169    27.2732    27.2744    7.70792 0.0000e+00
      18483    205.897     1.8707     1.8662   3.005503   3.005213     1.9454     2.3534      8.000     0.7193     2.2798 1.0727e-01    -0.1331   103.3826     6.7368     7.0360    34.1156    34.1167    27.2730    27.2742    7.70797 0.0000e+00
      18486    205.778     1.8706     1.8661   3.005484   3.005179     1.9458     2.3542      8.000     0.7299     2.2798 1.0715e-01    -0.1331   103.3826     6.7368     7.0367    34.1155    34.1165    27.2730    27.2740    7.70799 0.0000e+00
      18489    205.656     1.8707     1.8661   3.005425   3.005111     1.9454     2.3538      8.000     0.7299     2.2798 1.0715e-01    -0.1331   103.3826     6.7333     7.0316    34.1146    34.1157    27.2723    27.2735    7.70800 0.0000e+00
      18492    205.536     1.8707     1.8662   3.005417   3.005087     1.9450     2.3526      8.000     0.7405     2.2798 1.0715e-01    -0.1341   103.4098     6.7314     7.0235    34.1146    34.1154    27.2723    27.2732    7.70800 0.0000e+00
      18495    205.417     1.8709     1.8665   3.005436   3.005114     1.9450     2.3534      8.000     0.7616     2.2798 1.0715e-01    -0.1338   103.4007     6.7296     7.0237    34.1148    34.1155    27.2724    27.2733    7.70797 0.0000e+00
      18498    205.295     1.8713     1.8674   3.005466   3.005152     1.9450     2.3534      8.000     0.7722     2.2798 1.0715e-01    -0.1338   103.4007     6.7270     7.0232    34.1148    34.1151    27.2723    27.2728    7.70788 0.0000e+00
      18501    205.175     1.8717     1.8680   3.005446   3.005145     1.9458     2.3526      8.002     0.7616     2.2403 1.0715e-01    -0.1334   103.3917     6.7280     7.0183    34.1142    34.1144    27.2718    27.2723    7.70784 0.0000e+00
      18504    205.061     1.8719     1.8680   3.005402   3.005093     1.9450     2.3518      8.000     0.7722     1.1744 1.0740e-01    -0.1338   103.4007     6.7223     7.0131    34.1134    34.1137    27.2712    27.2717    7.70783 0.0000e+00
      18507    204.947     1.8724     1.8684   3.005363   3.005061     1.9446     2.3514      8.000     0.7616     1.0559 1.0715e-01    -0.1338   103.4007     6.7186     7.0094    34.1125    34.1130    27.2704    27.2711    7.70779 0.0000e+00
      18510    204.836     1.8729     1.8692   3.005381   3.005085     1.9442     2.3518      8.000     0.7510     1.0954 1.0715e-01    -0.1331   103.3826     6.7173     7.0112    34.1122    34.1125    27.2702    27.2706    7.70770 0.0000e+00
      18513    204.725     1.8732     1.8697   3.005361   3.005080     1.9446     2.3514      8.000     0.7616     1.0954 1.0715e-01    -0.1331   103.3826     6.7220     7.0112    34.1117    34.1119    27.2697    27.2702    7.70766 0.0000e+00
      18516    204.619     1.8736     1.8699   3.005360   3.005059     1.9442     2.3506      8.000     0.7510     1.0954 1.0715e-01    -0.1331   103.3826     6.7188     7.0078    34.1113    34.1115    27.2693    27.2698    7.70760 0.0000e+00
      18519    204.518     1.8741     1.8700   3.005355   3.005044     1.9438     2.3502      8.000     0.6981     1.0954 1.0740e-01    -0.1331   103.3826     6.7160     7.0057    34.1108    34.1113    27.2689    27.2697    7.70753 0.0000e+00
      18522    204.417     1.8742     1.8700   3.005417   3.005076     1.9430     2.3502      8.000     0.6875     1.0954 1.0715e-01    -0.1331   103.3826     6.7091     7.0098    34.1115    34.1118    27.2695    27.2700    7.70748 0.0000e+00
      18525    204.319     1.8745     1.8710   3.005441   3.005144     1.9442     2.3502      8.000     0.6875     1.0954 1.0715e-01    -0.1331   103.3826     6.7123     7.0130    34.1115    34.1116    27.2695    27.2698    7.70742 0.0000e+00
      18528    204.222     1.8751     1.8712   3.005439   3.005173     1.9438     2.3498      8.000     0.6875     1.3323 1.0727e-01    -0.1327   103.3736     6.7112     7.0125    34.1110    34.1118    27.2690    27.2699    7.70733 0.0000e+00
      18531    204.127     1.8752     1.8712   3.005407   3.005116     1.9434     2.3498      8.002     0.6770     2.4377 1.0715e-01    -0.1313   103.3374     6.7087     7.0132    34.1105    34.1111    27.2686    27.2694    7.70734 0.0000e+00
      18534    204.031     1.8752     1.8706   3.005377   3.005058     1.9438     2.3498      8.002     0.6981     2.3982 1.0715e-01    -0.1313   103.3374     6.7102     7.0152    34.1101    34.1110    27.2683    27.2694    7.70735 0.0000e+00
      18537    203.939     1.8752     1.8700   3.005339   3.005008     1.9442     2.3490      8.000     0.6875     2.3982 1.0715e-01    -0.1310   103.3284     6.7098     7.0148    34.1097    34.1111    27.2679    27.2695    7.70737 0.0000e+00
      18540    203.847     1.8748     1.8697   3.005296   3.004969     1.9426     2.3490      8.002     0.6981     2.3982 1.0715e-01    -0.1313   103.3374     6.7035     7.0186    34.1097    34.1110    27.2680    27.2694    7.70746 0.0000e+00
      18543    203.754     1.8743     1.8693   3.005218   3.004907     1.9434     2.3486      8.000     0.7193     2.3982 1.0715e-01    -0.1313   103.3374     6.7072     7.0169    34.1093    34.1108    27.2677    27.2693    7.70757 0.0000e+00
      18546    203.666     1.8739     1.8686   3.005090   3.004782     1.9413     2.3498      8.000     0.7616     2.3982 1.0715e-01    -0.1320   103.3555     6.6964     7.0209    34.1081    34.1100    27.2668    27.2687    7.70771 0.0000e+00
      18549    203.574     1.8718     1.8638   3.004544   3.004278     1.9422     2.3486      8.000     0.7722     2.3982 1.0715e-01    -0.1310   103.3284     6.6999     7.0175    34.1036    34.1089    27.2633    27.2681    7.70836 0.0000e+00
      18552    203.478     1.8686     1.8614   3.004288   3.004054     1.9422     2.3481      8.000     0.7616     2.3982 1.0715e-01    -0.1310   103.3284     6.7054     7.0174    34.1039    34.1087    27.2638    27.2683    7.70898 0.0000e+00
      18555    203.382     1.8662     1.8573   3.004182   3.003483     1.9418     2.3490      8.000     0.7510     1.4902 1.0715e-01    -0.1310   103.3284     6.7040     7.0209    34.1052    34.1061    27.2650    27.2664    7.70938 0.0000e+00
      18558    203.288     1.8642     1.8505   3.004144   3.002876     1.9418     2.3481      8.000     0.7510     0.4243 1.0715e-01    -0.1310   103.3284     6.7064     7.0203    34.1069    34.1058    27.2666    27.2667    7.70969 0.0000e+00
      18561    203.196     1.8622     1.8448   3.003832   3.002509     1.9413     2.3490      8.000     0.7616     0.5032 1.0715e-01    -0.1306   103.3193     6.7111     7.0254    34.1052    34.1074    27.2653    27.2684    7.71017 0.0000e+00
      18564    203.102     1.8597     1.8441   3.003598   3.002292     1.9418     2.3490      8.000     0.7510     0.5032 1.0715e-01    -0.1310   103.3284     6.7188     7.0267    34.1050    34.1055    27.2654    27.2669    7.71068 0.0000e+00
      18567    203.006     1.8573     1.8376   3.003558   3.001606     1.9413     2.3477      8.000     0.7616     0.5032 1.0715e-01    -0.1310   103.3284     6.7196     7.0252    34.1071    34.1039    27.2672    27.2661    7.71104 0.0000e+00
      18570    202.909     1.8545     1.8339   3.002006   3.001290     1.9413     2.3477      8.000     0.7510     0.5032 1.0715e-01    -0.1310   103.3284     6.7240     7.0270    34.0908    34.1039    27.2544    27.2665    7.71245 0.0000e+00
      18573    202.809     1.8452     1.8306   3.000870   3.000757     1.9418     2.3481      8.000     0.7616     0.5032 1.0715e-01    -0.1306   103.3193     6.7294     7.0331    34.0866    34.1009    27.2517    27.2642    7.71451 0.0000e+00
      18576    202.707     1.8361     1.8227   3.000481   3.000112     1.9418     2.3473      8.000     0.7722     0.5032 1.0715e-01    -0.1310   103.3284     6.7365     7.0322    34.0916    34.1013    27.2564    27.2652    7.71605 0.0000e+00
      18579    202.605     1.8323     1.8304   3.000724   3.001375     1.9409     2.3477      8.000     0.7616     0.5032 1.0715e-01    -0.1310   103.3284     6.7356     7.0345    34.0988    34.1090    27.2625    27.2708    7.71644 0.0000e+00
      18582    202.500     1.8310     1.8414   3.001604   3.002533     1.9418     2.3477      8.000     0.7616     1.4902 1.0715e-01    -0.1306   103.3193     6.7421     7.0364    34.1113    34.1118    27.2726    27.2722    7.71603 0.0000e+00
      18585    202.397     1.8366     1.8443   3.002875   3.002576     1.9422     2.3477      8.000     0.7510     1.8060 1.0715e-01    -0.1306   103.3193     6.7411     7.0379    34.1212    34.1092    27.2801    27.2699    7.71441 0.0000e+00
      18588    202.288     1.8421     1.8388   3.002195   3.001703     1.9413     2.3486      8.000     0.7510     1.8060 1.0715e-01    -0.1310   103.3284     6.7363     7.0482    34.1069    34.1042    27.2682    27.2663    7.71407 0.0000e+00
      18591    202.180     1.8372     1.8271   3.000153   3.000199     1.9413     2.3481      8.000     0.7616     1.8060 1.0727e-01    -0.1310   103.3284     6.7400     7.0528    34.0865    34.0980    27.2523    27.2623    7.71610 0.0000e+00
      18594    202.073     1.8296     1.8203   2.998963   2.999973     1.9418     2.3481      8.000     0.7510     1.8060 1.0715e-01    -0.1306   103.3193     6.7455     7.0562    34.0798    34.1026    27.2474    27.2664    7.71794 0.0000e+00
      18597    201.969     1.8141     1.8201   2.995797   2.999600     1.9426     2.3481      8.000     0.7405     1.8060 1.0715e-01    -0.1310   103.3284     6.7548     7.0592    34.0567    34.0981    27.2301    27.2629    7.72221 0.0000e+00
      18600    201.866     1.7956     1.8083   2.994480   2.998450     1.9430     2.3486      8.000     0.7616     1.8060 1.0740e-01    -0.1310   103.3284     6.7635     7.0683    34.0603    34.0965    27.2343    27.2624    7.72571 0.0000e+00
      18603    201.764     1.7811     1.8103   2.993983   2.999134     1.9426     2.3494      8.000     0.7616     1.8060 1.0715e-01    -0.1310   103.3284     6.7657     7.0713    34.0696    34.1029    27.2429    27.2675    7.72809 0.0000e+00
