Datasets/AZMP/TEL210/tel210_2020_090.cnv
* Sea-Bird SBE 9 Data File:
* FileName = C:\CTDDATA\tel210_2020_090.hex
* Software Version Seasave V 7.26.7.110
* Temperature SN = 1697
* Conductivity SN = 4216
* Number of Bytes Per Scan = 30
* Number of Voltage Words = 4
* Number of Scans Averaged by the Deck Unit = 1
* NMEA baud rate = 4800
** VESSEL/TRIP/SEQ STN:  tel210_2020_090
** LATITUDE XX XX.XX: 54 12.00 N
** LONGITUDE XX XX.XX: 054 00.00 W
** SOUNDING DEPTH (M): 0216
** PROBE TYPE: S1146
** CTD NUMBER: 060
** COMMENTS (14 CHAR): SI-09
** BOTTLES:  10
** LEVELS: 5,10,20,30,40,50,75,100,150,BTM
** STICKERS: 436170 - 436179
** VNET: Y
** DO2: Y
# nquan = 22
# nvalues = 5370                        
# units = specified
# name 0 = scan: Scan Count
# name 1 = prDM: Pressure, Digiquartz [db]
# name 2 = t090C: Temperature [ITS-90, deg C]
# name 3 = t190C: Temperature, 2 [ITS-90, deg C]
# name 4 = c0S/m: Conductivity [S/m]
# name 5 = c1S/m: Conductivity, 2 [S/m]
# name 6 = sbeox0V: Oxygen raw, SBE 43 [V]
# name 7 = sbeox1V: Oxygen raw, SBE 43, 2 [V]
# name 8 = ph: pH
# name 9 = flECO-AFL: Fluorescence, WET Labs ECO-AFL/FL [mg/m^3]
# name 10 = wetCDOM: Fluorescence, WET Labs CDOM [mg/m^3]
# name 11 = par/sat/log: PAR/Logarithmic, Satlantic [umol photons/m^2/sec]
# name 12 = CStarAt0: Beam Attenuation, WET Labs C-Star [1/m]
# name 13 = CStarTr0: Beam Transmission, WET Labs C-Star [%]
# name 14 = sbeox0ML/L: Oxygen, SBE 43 [ml/l], WS = 2
# name 15 = sbeox1ML/L: Oxygen, SBE 43, 2 [ml/l], WS = 2
# name 16 = sal00: Salinity, Practical [PSU]
# name 17 = sal11: Salinity, Practical, 2 [PSU]
# name 18 = sigma-t00: Density [sigma-t, kg/m^3 ]
# name 19 = sigma-t11: Density, 2 [sigma-t, kg/m^3 ]
# name 20 = oxsatML/L: Oxygen Saturation, Weiss [ml/l]
# name 21 = flag: flag
# span 0 =         75,      41124       
# span 1 =      1.065,    215.405       
# span 2 =    -0.7122,     8.2144       
# span 3 =    -0.7188,     8.2083       
# span 4 =   2.692237,   3.281943       
# span 5 =   2.691682,   3.281521       
# span 6 =     1.9554,     2.7524       
# span 7 =     2.3521,     3.3835       
# span 8 =      7.994,      8.336       
# span 9 =     0.6664,     8.6770       
# span 10 =    -2.8130,   482.1870      
# span 11 = 1.0678e-01, 6.4486e+02      
# span 12 =    -0.1306,     0.5831      
# span 13 =    86.4358,   103.3193      
# span 14 =     6.5390,    10.3847      
# span 15 =     6.7882,    10.8479      
# span 16 =    31.1721,    34.5244      
# span 17 =    31.1850,    34.5249      
# span 18 =    24.2484,    27.4967      
# span 19 =    24.2496,    27.4972      
# span 20 =    6.73873,    8.31614      
# span 21 = 0.0000e+00, 0.0000e+00      
# interval = scans: 3                   
# start_time = Jul 25 2020 11:50:48 [System UTC, header]
# bad_flag = -9.990e-29
*END*
[from data line 3819]
      17186    103.365     2.7202     2.7160   3.072414   3.071869     2.1304     2.5767      8.098     0.8145     2.2798 1.0715e-01    -0.1008   102.5506     7.3056     7.6115    34.0943    34.0920    27.1868    27.1853    7.54429 0.0000e+00
      17189    103.317     2.7221     2.7190   3.072432   3.072243     2.1308     2.5758      8.098     0.8251     2.2798 1.0715e-01    -0.1008   102.5506     7.3059     7.6075    34.0926    34.0934    27.1853    27.1863    7.54402 0.0000e+00
      17192    103.276     2.7227     2.7226   3.072717   3.072487     2.1296     2.5775      8.098     0.8251     2.2798 1.0715e-01    -0.1011   102.5597     7.3009     7.6083    34.0954    34.0927    27.1875    27.1853    7.54376 0.0000e+00
      17195    103.241     2.7215     2.7208   3.072320   3.072486     2.1300     2.5762      8.098     0.8357     2.2798 1.0715e-01    -0.1008   102.5506     7.3030     7.6006    34.0918    34.0946    27.1847    27.1870    7.54416 0.0000e+00
      17198    103.208     2.7239     2.7192   3.072526   3.072268     2.1300     2.5758      8.098     0.8251     2.2798 1.0715e-01    -0.1011   102.5597     7.3024     7.5976    34.0918    34.0936    27.1845    27.1864    7.54371 0.0000e+00
      17201    103.171     2.7201     2.7227   3.071930   3.072731     2.1296     2.5767      8.098     0.8145     2.2798 1.0715e-01    -0.1004   102.5416     7.3007     7.5977    34.0885    34.0956    27.1822    27.1877    7.54460 0.0000e+00
      17204    103.127     2.7137     2.7344   3.071509   3.074473     2.1304     2.5767      8.098     0.8251     2.3193 1.0715e-01    -0.1004   102.5416     7.3045     7.5929    34.0902    34.1046    27.1841    27.1939    7.54573 0.0000e+00
      17207    103.079     2.7117     2.7652   3.071219   3.077025     2.1296     2.5754      8.098     0.8251     2.5167 1.0715e-01    -0.1004   102.5416     7.3003     7.5791    34.0888    34.1032    27.1831    27.1900    7.54618 0.0000e+00
      17210    103.034     2.7120     2.7637   3.071396   3.076259     2.1284     2.5754      8.098     0.8251     2.5167 1.0715e-01    -0.1004   102.5416     7.2916     7.5747    34.0906    34.0954    27.1846    27.1839    7.54603 0.0000e+00
      17213    102.989     2.7140     2.7562   3.071718   3.075791     2.1300     2.5762      8.096     0.8251     2.5167 1.0715e-01    -0.1004   102.5416     7.2985     7.5769    34.0925    34.0977    27.1859    27.1864    7.54555 0.0000e+00
      17216    102.945     2.7174     2.7501   3.071996   3.075003     2.1300     2.5750      8.098     0.8145     2.5167 1.0715e-01    -0.1004   102.5416     7.2981     7.5717    34.0923    34.0945    27.1855    27.1844    7.54491 0.0000e+00
      17219    102.901     2.7214     2.7389   3.072623   3.073764     2.1292     2.5758      8.098     0.8251     2.5167 1.0715e-01    -0.1004   102.5416     7.2913     7.5773    34.0958    34.0912    27.1879    27.1828    7.54398 0.0000e+00
      17222    102.855     2.7315     2.7418   3.073211   3.074253     2.1296     2.5754      8.096     0.8569     2.5167 1.0715e-01    -0.0993   102.5145     7.2888     7.5712    34.0924    34.0942    27.1843    27.1849    7.54224 0.0000e+00
      17225    102.806     2.7292     2.7442   3.072850   3.074038     2.1288     2.5754      8.096     0.8569     2.5167 1.0715e-01    -0.0979   102.4783     7.2806     7.5679    34.0904    34.0891    27.1829    27.1806    7.54277 0.0000e+00
      17228    102.758     2.7275     2.7308   3.073058   3.072925     2.1292     2.5746      8.098     0.8569     2.5167 1.0715e-01    -0.0983   102.4874     7.2788     7.5653    34.0948    34.0896    27.1866    27.1822    7.54287 0.0000e+00
      17231    102.708     2.7230     2.7224   3.072389   3.072589     2.1288     2.5738      8.098     0.8569     1.5297 1.0715e-01    -0.0986   102.4964     7.2792     7.5605    34.0913    34.0945    27.1842    27.1868    7.54390 0.0000e+00
      17234    102.661     2.7067     2.7211   3.070491   3.072403     2.1276     2.5734      8.098     0.8569     0.3059 1.0727e-01    -0.0983   102.4874     7.2739     7.5541    34.0854    34.0936    27.1809    27.1862    7.54731 0.0000e+00
      17237    102.614     2.7055     2.7220   3.071042   3.072103     2.1288     2.5738      8.095     0.8569     0.3848 1.0715e-01    -0.0983   102.4874     7.2763     7.5528    34.0935    34.0890    27.1875    27.1824    7.54713 0.0000e+00
      17240    102.569     2.7189     2.7141   3.072246   3.071268     2.1284     2.5734      8.098     0.8675     0.3848 1.0715e-01    -0.0983   102.4874     7.2702     7.5520    34.0940    34.0872    27.1867    27.1817    7.54454 0.0000e+00
      17243    102.524     2.7206     2.7071   3.072014   3.070620     2.1280     2.5730      8.098     0.8463     0.3848 1.0715e-01    -0.1008   102.5506     7.2680     7.5530    34.0894    34.0866    27.1829    27.1818    7.54446 0.0000e+00
      17246    102.479     2.7087     2.7041   3.070754   3.070623     2.1267     2.5722      8.098     0.8251     0.3848 1.0715e-01    -0.1008   102.5506     7.2664     7.5521    34.0866    34.0898    27.1817    27.1847    7.54687 0.0000e+00
      17249    102.436     2.6982     2.7075   3.070161   3.071212     2.1263     2.5718      8.098     0.7934     0.3848 1.0715e-01    -0.1015   102.5687     7.2686     7.5526    34.0905    34.0936    27.1857    27.1873    7.54866 0.0000e+00
      17252    102.392     2.6987     2.7138   3.070256   3.071799     2.1263     2.5709      8.096     0.7934     0.3848 1.0715e-01    -0.1015   102.5687     7.2681     7.5515    34.0911    34.0940    27.1862    27.1872    7.54854 0.0000e+00
      17255    102.348     2.6917     2.7199   3.069928   3.072401     2.1272     2.5701      8.096     0.7934     0.3848 1.0715e-01    -0.1015   102.5687     7.2771     7.5502    34.0947    34.0950    27.1896    27.1874    7.54971 0.0000e+00
      17258    102.303     2.6942     2.7248   3.070289   3.072348     2.1263     2.5701      8.096     0.7934     0.7796 1.0715e-01    -0.1015   102.5687     7.2738     7.5504    34.0964    34.0892    27.1907    27.1824    7.54913 0.0000e+00
      17261    102.257     2.7023     2.7223   3.071117   3.072172     2.1259     2.5697      8.098     0.7934     0.9770 1.0715e-01    -0.1004   102.5416     7.2690     7.5505    34.0980    34.0897    27.1913    27.1830    7.54750 0.0000e+00
      17264    102.211     2.6996     2.7169   3.070101   3.071706     2.1255     2.5705      8.098     0.7934     0.9770 1.0715e-01    -0.1000   102.5326     7.2678     7.5562    34.0884    34.0898    27.1839    27.1835    7.54851 0.0000e+00
      17267    102.163     2.6909     2.7040   3.069717   3.069835     2.1255     2.5701      8.098     0.7934     0.9770 1.0715e-01    -0.1000   102.5326     7.2704     7.5603    34.0929    34.0805    27.1883    27.1772    7.54993 0.0000e+00
      17270    102.117     2.6977     2.6831   3.069796   3.067758     2.1259     2.5697      8.098     0.7828     0.9770 1.0715e-01    -0.1004   102.5416     7.2745     7.5638    34.0868    34.0773    27.1828    27.1764    7.54896 0.0000e+00
      17273    102.069     2.6410     2.6720   3.063313   3.067410     2.1259     2.5701      8.096     0.8145     0.9770 1.0715e-01    -0.0997   102.5235     7.2861     7.5677    34.0673    34.0847    27.1721    27.1834    7.56075 0.0000e+00
      17276    102.019     2.6198     2.6784   3.063344   3.067948     2.1251     2.5697      8.095     0.8251     0.9770 1.0727e-01    -0.1004   102.5416     7.2844     7.5632    34.0904    34.0846    27.1923    27.1827    7.56364 0.0000e+00
      17279    101.967     2.6642     2.6636   3.066242   3.066525     2.1259     2.5697      8.098     0.8251     0.9770 1.0715e-01    -0.1000   102.5326     7.2786     7.5619    34.0788    34.0829    27.1793    27.1826    7.55575 0.0000e+00
      17282    101.915     2.6357     2.6555   3.063399   3.065928     2.1251     2.5689      8.096     0.8145     1.0560 1.0715e-01    -0.1000   102.5326     7.2821     7.5565    34.0741    34.0842    27.1780    27.1843    7.56142 0.0000e+00
      17285    101.861     2.6243     2.6423   3.061887   3.063105     2.1239     2.5685      8.093     0.8251     2.2008 1.0715e-01    -0.1004   102.5416     7.2804     7.5509    34.0677    34.0636    27.1738    27.1690    7.56392 0.0000e+00
      17288    101.809     2.5871     2.5902   3.058405   3.057615     2.1235     2.5681      8.096     0.8251     2.2798 1.0715e-01    -0.1004   102.5416     7.2842     7.5572    34.0644    34.0514    27.1744    27.1637    7.57121 0.0000e+00
      17291    101.754     2.5776     2.5541   3.058974   3.054872     2.1239     2.5677      8.095     0.8357     2.2798 1.0715e-01    -0.1004   102.5416     7.2858     7.5628    34.0816    34.0560    27.1889    27.1705    7.57216 0.0000e+00
      17294    101.705     2.5929     2.5271   3.059198   3.051797     2.1247     2.5673      8.095     0.8357     2.2798 1.0715e-01    -0.1004   102.5416     7.2883     7.5636    34.0681    34.0469    27.1768    27.1654    7.56992 0.0000e+00
      17297    101.655     2.5226     2.4910   3.051655   3.048790     2.1239     2.5673      8.094     0.8251     2.2798 1.0715e-01    -0.1004   102.5416     7.3020     7.5682    34.0500    34.0482    27.1683    27.1695    7.58432 0.0000e+00
      17300    101.605     2.4976     2.4835   3.050885   3.048742     2.1235     2.5652      8.096     0.8886     2.2798 1.0715e-01    -0.1004   102.5416     7.3056     7.5616    34.0672    34.0557    27.1842    27.1761    7.58825 0.0000e+00
      17303    101.556     2.4908     2.4873   3.049518   3.049013     2.1231     2.5657      8.094     0.8780     2.2798 1.0715e-01    -0.1011   102.5597     7.3059     7.5642    34.0575    34.0550    27.1770    27.1753    7.59004 0.0000e+00
      17306    101.508     2.5204     2.4905   3.053318   3.049744     2.1235     2.5648      8.094     0.8886     2.2798 1.0715e-01    -0.1025   102.5959     7.3043     7.5631    34.0729    34.0607    27.1868    27.1795    7.58357 0.0000e+00
      17309    101.468     2.5331     2.4954   3.052297   3.050976     2.1231     2.5632      8.094     0.8992     2.0035 1.0715e-01    -0.1022   102.5868     7.3047     7.5579    34.0468    34.0707    27.1649    27.1871    7.58247 0.0000e+00
      17312    101.430     2.5055     2.5299   3.050767   3.054373     2.1227     2.5648      8.094     0.8886     1.4112 1.0715e-01    -0.1022   102.5868     7.3087     7.5592    34.0574    34.0759    27.1757    27.1884    7.58723 0.0000e+00
      17315    101.392     2.5071     2.5752   3.051059   3.058557     2.1231     2.5640      8.094     0.8886     1.4507 1.0715e-01    -0.1022   102.5868     7.3102     7.5495    34.0593    34.0793    27.1771    27.1872    7.58682 0.0000e+00
      17318    101.358     2.4821     2.5977   3.048357   3.059351     2.1227     2.5624      8.094     0.8992     1.4507 1.0715e-01    -0.1018   102.5778     7.3151     7.5429    34.0526    34.0650    27.1738    27.1739    7.59198 0.0000e+00
      17352    101.309     2.4277     2.5241   3.042563   3.052150     2.1203     2.5608      8.092     0.8357     1.5297 1.0715e-01    -0.1011   102.5597     7.3134     7.5626    34.0390    34.0545    27.1674    27.1717    7.60315 0.0000e+00
      17412    101.236     2.3837     2.3713   3.037843   3.036395     2.1166     2.5567      8.092     0.8463     1.6876 1.0715e-01    -0.0990   102.5055     7.2917     7.5909    34.0275    34.0228    27.1619    27.1592    7.61222 0.0000e+00
      17415    101.158     2.3795     2.3659   3.037190   3.035920     2.1166     2.5567      8.092     0.8463     1.9245 1.0715e-01    -0.0990   102.5055     7.2913     7.5894    34.0239    34.0227    27.1594    27.1595    7.61321 0.0000e+00
      17418    101.074     2.3645     2.3519   3.035555   3.034061     2.1166     2.5563      8.093     0.8569     2.0429 1.0715e-01    -0.0993   102.5145     7.2911     7.5873    34.0197    34.0147    27.1572    27.1542    7.61633 0.0000e+00
      17421    100.985     2.3502     2.3296   3.034157   3.031957     2.1166     2.5563      8.090     0.8675     2.0429 1.0715e-01    -0.0990   102.5055     7.2915     7.5901    34.0178    34.0124    27.1568    27.1543    7.61921 0.0000e+00
      17424    100.894     2.3379     2.3179   3.032919   3.031304     2.1166     2.5559      8.091     0.8569     2.0429 1.0727e-01    -0.1004   102.5416     7.2944     7.5891    34.0156    34.0168    27.1561    27.1587    7.62170 0.0000e+00
      17427    100.804     2.3251     2.3195   3.031834   3.031657     2.1157     2.5547      8.093     0.8569     2.0429 1.0715e-01    -0.1036   102.6230     7.2960     7.5806    34.0158    34.0196    27.1573    27.1608    7.62416 0.0000e+00
      17430    100.712     2.3195     2.3182   3.031320   3.031389     2.1153     2.5551      8.093     0.7616     2.0429 1.0715e-01    -0.1025   102.5959     7.2962     7.5794    34.0155    34.0178    27.1575    27.1594    7.62526 0.0000e+00
      17433    100.620     2.3140     2.3154   3.030898   3.030804     2.1157     2.5551      8.090     0.7616     2.0429 1.0715e-01    -0.1025   102.5959     7.3001     7.5781    34.0162    34.0135    27.1586    27.1562    7.62630 0.0000e+00
      17436    100.527     2.3144     2.3025   3.030999   3.029223     2.1141     2.5551      8.090     0.7510     2.0429 1.0715e-01    -0.1029   102.6049     7.2928     7.5785    34.0170    34.0077    27.1592    27.1527    7.62618 0.0000e+00
      17439    100.442     2.3082     2.2939   3.030189   3.028996     2.1149     2.5542      8.090     0.7510     1.9245 1.0715e-01    -0.1025   102.5959     7.2973     7.5762    34.0137    34.0141    27.1570    27.1585    7.62756 0.0000e+00
      17442    100.360     2.2999     2.2978   3.029407   3.029377     2.1137     2.5526      8.090     0.7616     0.6217 1.0715e-01    -0.1025   102.5959     7.2930     7.5701    34.0129    34.0147    27.1571    27.1587    7.62921 0.0000e+00
      17445    100.280     2.2991     2.2957   3.029751   3.028879     2.1137     2.5538      8.090     0.7405     0.5822 1.0715e-01    -0.1022   102.5868     7.2916     7.5770    34.0180    34.0109    27.1612    27.1558    7.62910 0.0000e+00
      17448    100.203     2.2953     2.2965   3.028671   3.029283     2.1141     2.5526      8.090     0.7405     0.6217 1.0715e-01    -0.1022   102.5868     7.2969     7.5755    34.0087    34.0150    27.1541    27.1590    7.63031 0.0000e+00
      17451    100.135     2.2863     2.3058   3.028118   3.030364     2.1141     2.5526      8.090     0.7405     0.5822 1.0727e-01    -0.1022   102.5868     7.3010     7.5748    34.0115    34.0185    27.1571    27.1611    7.63192 0.0000e+00
      17454    100.074     2.2885     2.3241   3.028926   3.031876     2.1129     2.5522      8.090     0.7722     0.5822 1.0715e-01    -0.1025   102.5959     7.2960     7.5690    34.0192    34.0178    27.1630    27.1590    7.63109 0.0000e+00
      17457    100.022     2.3046     2.3338   3.030333   3.032636     2.1133     2.5514      8.090     0.8251     0.5822 1.0727e-01    -0.1022   102.5868     7.2977     7.5657    34.0195    34.0170    27.1620    27.1575    7.62794 0.0000e+00
      17460     99.976     2.3088     2.3313   3.030297   3.032341     2.1133     2.5506      8.090     0.8145     0.5822 1.0715e-01    -0.1025   102.5959     7.2981     7.5668    34.0146    34.0160    27.1576    27.1569    7.62738 0.0000e+00
      17463     99.934     2.2862     2.3285   3.028043   3.032288     2.1129     2.5514      8.090     0.8251     0.5822 1.0715e-01    -0.1018   102.5778     7.3025     7.5745    34.0108    34.0183    27.1564    27.1591    7.63197 0.0000e+00
      17466     99.899     2.2771     2.3184   3.027091   3.031080     2.1117     2.5514      8.090     0.8251     0.5822 1.0715e-01    -0.1011   102.5597     7.3007     7.5773    34.0088    34.0142    27.1556    27.1566    7.63385 0.0000e+00
