Datasets/AZMP/TEL210/tel210_2020_001.cnv
* Sea-Bird SBE 9 Data File:
* FileName = C:\CTDDATA\tel210_2020_001.hex
* Software Version Seasave V 7.26.7.110
* Temperature SN = 1697
* Conductivity SN = 4216
* Number of Bytes Per Scan = 30
* Number of Voltage Words = 4
* Number of Scans Averaged by the Deck Unit = 1
* NMEA baud rate = 4800
** VESSEL/TRIP/SEQ STN:  tel210_2020_001
** LATITUDE XX XX.XX: 47 32.80 N
** LONGITUDE XX XX.XX: 052 35.20 W
** SOUNDING DEPTH (M): 0176
** PROBE TYPE: S1146
** CTD NUMBER: 001
** COMMENTS (14 CHAR): S27-01
** BOTTLES:  10
** LEVELS: 5,10,20,30,40,50,75,100,150,BTM
** STICKERS: 435734 - 435743
** VNET: y
** DO2: n
# nquan = 22
# nvalues = 4378                        
# units = specified
# name 0 = scan: Scan Count
# name 1 = prDM: Pressure, Digiquartz [db]
# name 2 = t090C: Temperature [ITS-90, deg C]
# name 3 = t190C: Temperature, 2 [ITS-90, deg C]
# name 4 = c0S/m: Conductivity [S/m]
# name 5 = c1S/m: Conductivity, 2 [S/m]
# name 6 = sbeox0V: Oxygen raw, SBE 43 [V]
# name 7 = sbeox1V: Oxygen raw, SBE 43, 2 [V]
# name 8 = ph: pH
# name 9 = flECO-AFL: Fluorescence, WET Labs ECO-AFL/FL [mg/m^3]
# name 10 = wetCDOM: Fluorescence, WET Labs CDOM [mg/m^3]
# name 11 = par/sat/log: PAR/Logarithmic, Satlantic [umol photons/m^2/sec]
# name 12 = CStarAt0: Beam Attenuation, WET Labs C-Star [1/m]
# name 13 = CStarTr0: Beam Transmission, WET Labs C-Star [%]
# name 14 = sbeox0ML/L: Oxygen, SBE 43 [ml/l], WS = 2
# name 15 = sbeox1ML/L: Oxygen, SBE 43, 2 [ml/l], WS = 2
# name 16 = sal00: Salinity, Practical [PSU]
# name 17 = sal11: Salinity, Practical, 2 [PSU]
# name 18 = sigma-t00: Density [sigma-t, kg/m^3 ]
# name 19 = sigma-t11: Density, 2 [sigma-t, kg/m^3 ]
# name 20 = oxsatML/L: Oxygen Saturation, Weiss [ml/l]
# name 21 = flag: flag
# span 0 =         37,      46305       
# span 1 =      0.604,    171.436       
# span 2 =    -1.6201,    11.6687       
# span 3 =    -1.6261,    11.6636       
# span 4 =   2.603934,   3.630165       
# span 5 =   2.603592,   3.629673       
# span 6 =     1.8315,     2.3990       
# span 7 =     2.2116,     2.9449       
# span 8 =      7.689,      8.031       
# span 9 =    -0.6019,     3.4375       
# span 10 =    -2.8130,   482.1870      
# span 11 = 1.0703e-01, 1.8046e+01      
# span 12 =    -0.1717,     0.0855      
# span 13 =    97.8844,   104.3864      
# span 14 =     6.0537,     8.6875      
# span 15 =     5.9858,     9.1284      
# span 16 =    31.1842,    33.1516      
# span 17 =    31.5092,    33.1516      
# span 18 =    23.6952,    26.6415      
# span 19 =    24.0330,    26.6417      
# span 20 =    6.22166,    8.53930      
# span 21 = 0.0000e+00, 0.0000e+00      
# interval = scans: 3                   
# start_time = Jul 14 2020 22:33:27 [System UTC, header]
# bad_flag = -9.990e-29
*END*
[from data line 527]
       3104     49.209    -0.5168    -0.5234   2.671477   2.670942     2.2141     2.6834      7.918     0.8734     2.0429 1.0715e-01    -0.1229   103.1204     8.3212     8.6437    32.4465    32.4464    26.0670    26.0671    8.30080 0.0000e+00
       3107     49.317    -0.5235    -0.5304   2.670995   2.670466     2.2133     2.6821      7.917     0.8633     2.0429 1.0715e-01    -0.1229   103.1204     8.3195     8.6396    32.4471    32.4474    26.0677    26.0682    8.30225 0.0000e+00
       3110     49.424    -0.5288    -0.5345   2.670651   2.670207     2.2120     2.6809      7.917     0.6597     2.0429 1.0715e-01    -0.1226   103.1113     8.3145     8.6359    32.4482    32.4483    26.0688    26.0691    8.30339 0.0000e+00
       3113     49.534    -0.5336    -0.5387   2.670322   2.669865     2.2100     2.6785      7.915     0.5376     2.0429 1.0715e-01    -0.1240   103.1475     8.3054     8.6253    32.4488    32.4482    26.0695    26.0692    8.30442 0.0000e+00
       3116     49.643    -0.5391    -0.5447   2.669916   2.669387     2.2092     2.6772      7.914     0.5478     2.0429 1.0715e-01    -0.1289   103.2741     8.3000     8.6218    32.4492    32.4481    26.0700    26.0693    8.30563 0.0000e+00
       3119     49.754    -0.5458    -0.5522   2.669349   2.668874     2.2080     2.6760      7.912     0.5478     1.4113 1.0715e-01    -0.1289   103.2741     8.2934     8.6165    32.4488    32.4492    26.0699    26.0705    8.30716 0.0000e+00
       3122     49.867    -0.5536    -0.5598   2.668833   2.668318     2.2080     2.6744      7.912     0.5580     0.4243 1.0715e-01    -0.1289   103.2741     8.2941     8.6058    32.4501    32.4499    26.0713    26.0714    8.30881 0.0000e+00
       3125     49.977    -0.5604    -0.5667   2.668350   2.667835     2.2059     2.6728      7.912     0.5580     0.5032 1.0715e-01    -0.1289   103.2741     8.2855     8.5948    32.4509    32.4508    26.0722    26.0724    8.31029 0.0000e+00
       3128     50.085    -0.5658    -0.5714   2.668055   2.667560     2.2047     2.6711      7.910     0.5580     0.5032 1.0715e-01    -0.1289   103.2741     8.2805     8.5866    32.4527    32.4521    26.0738    26.0735    8.31141 0.0000e+00
       3131     50.196    -0.5695    -0.5750   2.667803   2.667313     2.2035     2.6703      7.907     0.5376     0.5032 1.0715e-01    -0.1289   103.2741     8.2776     8.5851    32.4532    32.4526    26.0744    26.0741    8.31220 0.0000e+00
       3134     50.306    -0.5726    -0.5785   2.667584   2.667121     2.2031     2.6679      7.907     0.5376     0.5032 1.0715e-01    -0.1310   103.3284     8.2783     8.5795    32.4535    32.4537    26.0748    26.0751    8.31289 0.0000e+00
       3137     50.415    -0.5766    -0.5823   2.667312   2.666867     2.2010     2.6667      7.907     0.2833     0.5032 1.0715e-01    -0.1331   103.3826     8.2697     8.5805    32.4541    32.4543    26.0754    26.0758    8.31374 0.0000e+00
       3140     50.522    -0.5795    -0.5852   2.667168   2.666698     2.2002     2.6654      7.907     0.2731     0.5032 1.0715e-01    -0.1331   103.3826     8.2666     8.5796    32.4553    32.4550    26.0764    26.0765    8.31433 0.0000e+00
       3143     50.627    -0.5835    -0.5894   2.666897   2.666402     2.1990     2.6634      7.902     0.2629     0.5032 1.0715e-01    -0.1331   103.3826     8.2637     8.5757    32.4558    32.4556    26.0771    26.0771    8.31520 0.0000e+00
       3146     50.733    -0.5880    -0.5941   2.666559   2.666064     2.1978     2.6618      7.902     0.2731     4.8854 1.0715e-01    -0.1331   103.3826     8.2589     8.5768    32.4561    32.4560    26.0774    26.0776    8.31620 0.0000e+00
       3149     50.836    -0.5944    -0.6009   2.666106   2.665609     2.1966     2.6601      7.902     0.2629     7.0963 1.0715e-01    -0.1331   103.3826     8.2598     8.5772    32.4568    32.4571    26.0783    26.0787    8.31759 0.0000e+00
       3152     50.938    -0.6018    -0.6081   2.665555   2.665047     2.1953     2.6589      7.902     0.2833     7.0173 1.0715e-01    -0.1331   103.3826     8.2590     8.5779    32.4573    32.4573    26.0789    26.0791    8.31922 0.0000e+00
       3155     51.039    -0.6119    -0.6179   2.664801   2.664245     2.1949     2.6581      7.902     0.2833     7.0173 1.0715e-01    -0.1383   103.5183     8.2626     8.5834    32.4580    32.4569    26.0799    26.0792    8.32145 0.0000e+00
       3158     51.139    -0.6212    -0.6278   2.664137   2.663596     2.1933     2.6569      7.902     0.2833     7.0173 1.0715e-01    -0.1394   103.5454     8.2614     8.5867    32.4590    32.4588    26.0810    26.0811    8.32348 0.0000e+00
       3161     51.237    -0.6287    -0.6351   2.663665   2.663154     2.1925     2.6561      7.902     0.2528     7.0173 1.0715e-01    -0.1394   103.5454     8.2696     8.5902    32.4607    32.4607    26.0827    26.0829    8.32508 0.0000e+00
       3164     51.333    -0.6327    -0.6382   2.663422   2.663011     2.1917     2.6548      7.901     0.2528     7.0173 1.0715e-01    -0.1394   103.5454     8.2715     8.5937    32.4616    32.4620    26.0836    26.0841    8.32591 0.0000e+00
       3167     51.428    -0.6341    -0.6394   2.663349   2.662940     2.1905     2.6532      7.898     0.2629     7.0173 1.0715e-01    -0.1394   103.5454     8.2686     8.5933    32.4621    32.4623    26.0840    26.0844    8.32620 0.0000e+00
       3170     51.524    -0.6342    -0.6395   2.663392   2.662958     2.1892     2.6532      7.898     0.2426    20.2823 1.0715e-01    -0.1394   103.5454     8.2655     8.5964    32.4627    32.4626    26.0845    26.0846    8.32618 0.0000e+00
       3173     51.619    -0.6346    -0.6408   2.663379   2.662790     2.1888     2.6512      7.898     0.2528   436.1544 1.0715e-01    -0.1401   103.5635     8.2653     8.5928    32.4629    32.4617    26.0847    26.0839    8.32627 0.0000e+00
       3176     51.713    -0.6400    -0.6495   2.662866   2.662032     2.1880     2.6496      7.896     0.2528   481.3579 1.0715e-01    -0.1411   103.5906     8.2662     8.5913    32.4619    32.4608    26.0840    26.0835    8.32755 0.0000e+00
       3179     51.805    -0.6532    -0.6624   2.661944   2.661198     2.1868     2.6496      7.898     0.2528   481.1211 1.0715e-01    -0.1411   103.5906     8.2671     8.5965    32.4636    32.4634    26.0859    26.0861    8.33042 0.0000e+00
       3182     51.896    -0.6649    -0.6742   2.661065   2.660346     2.1864     2.6475      7.898     0.2324   481.3579 1.0715e-01    -0.1415   103.5997     8.2731     8.5907    32.4643    32.4647    26.0869    26.0875    8.33301 0.0000e+00
       3185     51.992    -0.6789    -0.6878   2.660105   2.659380     2.1868     2.6479      7.896     0.2324   481.3579 1.0715e-01    -0.1415   103.5997     8.2801     8.5983    32.4664    32.4661    26.0891    26.0893    8.33603 0.0000e+00
       3188     52.084    -0.6906    -0.6991   2.659353   2.658723     2.1847     2.6471      7.898     0.1510   481.3579 1.0715e-01    -0.1415   103.5997     8.2726     8.6053    32.4688    32.4694    26.0915    26.0923    8.33854 0.0000e+00
       3191     52.179    -0.6998    -0.7067   2.658770   2.658252     2.1835     2.6451      7.895     0.0492   481.3579 1.0715e-01    -0.1415   103.5997     8.2728     8.6048    32.4708    32.4712    26.0934    26.0941    8.34049 0.0000e+00
       3194     52.272    -0.7049    -0.7111   2.658494   2.658049     2.1827     2.6447      7.895     0.0594   481.3579 1.0715e-01    -0.1404   103.5725     8.2730     8.6105    32.4726    32.4732    26.0951    26.0958    8.34155 0.0000e+00
       3197     52.368    -0.7071    -0.7131   2.658414   2.657914     2.1819     2.6438      7.898     0.0594   377.8439 1.0715e-01    -0.1394   103.5454     8.2723     8.6145    32.4737    32.4734    26.0961    26.0961    8.34197 0.0000e+00
       3200     52.465    -0.7086    -0.7146   2.658306   2.657836     2.1819     2.6434      7.896     0.0696    -0.6022 1.0715e-01    -0.1394   103.5454     8.2724     8.6192    32.4738    32.4739    26.0962    26.0965    8.34230 0.0000e+00
       3203     52.560    -0.7102    -0.7160   2.658211   2.657760     2.1807     2.6418      7.895     0.0696    -0.6022 1.0715e-01    -0.1394   103.5454     8.2685     8.6199    32.4742    32.4744    26.0966    26.0969    8.34265 0.0000e+00
       3206     52.656    -0.7115    -0.7170   2.658125   2.657675     2.1807     2.6398      7.896     0.0594     0.8191 1.0715e-01    -0.1394   103.5454     8.2721     8.6173    32.4744    32.4743    26.0968    26.0969    8.34293 0.0000e+00
       3209     52.752    -0.7124    -0.7178   2.658096   2.657618     2.1786     2.6406      7.895     0.0594     0.7401 1.0715e-01    -0.1394   103.5454     8.2676     8.6252    32.4749    32.4744    26.0972    26.0970    8.34310 0.0000e+00
       3212     52.849    -0.7132    -0.7189   2.658016   2.657560     2.1782     2.6410      7.893     0.0696     0.7401 1.0715e-01    -0.1394   103.5454     8.2740     8.6349    32.4747    32.4747    26.0971    26.0973    8.34330 0.0000e+00
       3215     52.950    -0.7151    -0.7209   2.657902   2.657421     2.1782     2.6398      7.893    -0.0118     0.7401 1.0715e-01    -0.1422   103.6178     8.2782     8.6369    32.4751    32.4749    26.0975    26.0975    8.34371 0.0000e+00
       3218     53.049    -0.7168    -0.7227   2.657759   2.657333     2.1782     2.6394      7.895    -0.0322     0.7401 1.0715e-01    -0.1446   103.6811     8.2856     8.6392    32.4749    32.4756    26.0974    26.0982    8.34409 0.0000e+00
       3221     53.153    -0.7183    -0.7242   2.657707   2.657216     2.1770     2.6386      7.893    -0.0322     0.7401 1.0715e-01    -0.1446   103.6811     8.2832     8.6428    32.4758    32.4756    26.0982    26.0982    8.34439 0.0000e+00
       3224     53.257    -0.7213    -0.7275   2.657462   2.656942     2.1750     2.6394      7.893    -0.0424    -0.1679 1.0715e-01    -0.1449   103.6901     8.2757     8.6524    32.4757    32.4754    26.0982    26.0981    8.34507 0.0000e+00
       3227     53.362    -0.7270    -0.7335   2.657032   2.656511     2.1758     2.6377      7.893    -0.0220    -1.1154 1.0715e-01    -0.1446   103.6811     8.2855     8.6512    32.4759    32.4760    26.0986    26.0989    8.34634 0.0000e+00
       3230     53.467    -0.7339    -0.7409   2.656520   2.656029     2.1754     2.6377      7.893    -0.0322    -1.0364 1.0715e-01    -0.1446   103.6811     8.2943     8.6546    32.4765    32.4774    26.0993    26.1003    8.34787 0.0000e+00
       3233     53.572    -0.7416    -0.7485   2.656047   2.655527     2.1746     2.6373      7.893    -0.0220    -1.0364 1.0715e-01    -0.1446   103.6811     8.2999     8.6553    32.4783    32.4787    26.1010    26.1016    8.34950 0.0000e+00
       3236     53.680    -0.7501    -0.7561   2.655529   2.655055     2.1742     2.6373      7.895    -0.0220    -1.0364 1.0715e-01    -0.1463   103.7263     8.3021     8.6599    32.4804    32.4805    26.1030    26.1033    8.35129 0.0000e+00
       3239     53.789    -0.7559    -0.7613   2.655160   2.654714     2.1742     2.6361      7.895    -0.0525    -1.0364 1.0715e-01    -0.1467   103.7353     8.3056     8.6602    32.4816    32.4814    26.1042    26.1042    8.35254 0.0000e+00
       3242     53.898    -0.7590    -0.7640   2.655011   2.654572     2.1742     2.6361      7.896    -0.1034    -1.0364 1.0715e-01    -0.1467   103.7353     8.3130     8.6619    32.4829    32.4823    26.1053    26.1051    8.35316 0.0000e+00
       3245     54.006    -0.7607    -0.7663   2.654889   2.654456     2.1730     2.6365      7.898    -0.0932    -1.0364 1.0715e-01    -0.1467   103.7353     8.3129     8.6659    32.4831    32.4832    26.1056    26.1059    8.35355 0.0000e+00
       3248     54.115    -0.7623    -0.7675   2.654799   2.654382     2.1721     2.6357      7.898    -0.0729    -1.0364 1.0715e-01    -0.1467   103.7353     8.3112     8.6638    32.4835    32.4835    26.1060    26.1061    8.35389 0.0000e+00
       3251     54.224    -0.7633    -0.7685   2.654738   2.654322     2.1725     2.6353      7.898    -0.0830     4.3327 1.0715e-01    -0.1467   103.7353     8.3107     8.6663    32.4836    32.4836    26.1061    26.1063    8.35410 0.0000e+00
       3254     54.334    -0.7645    -0.7699   2.654767   2.654351     2.1734     2.6357      7.898    -0.0932     5.7540 1.0715e-01    -0.1467   103.7353     8.3188     8.6696    32.4853    32.4854    26.1075    26.1078    8.35427 0.0000e+00
       3257     54.441    -0.7657    -0.7708   2.654798   2.654348     2.1721     2.6353      7.898    -0.0830     5.7145 1.0715e-01    -0.1477   103.7624     8.3122     8.6691    32.4869    32.4864    26.1089    26.1086    8.35445 0.0000e+00
       3260     54.549    -0.7666    -0.7721   2.654774   2.654334     2.1717     2.6349      7.898    -0.0932     5.7145 1.0715e-01    -0.1477   103.7624     8.3111     8.6670    32.4876    32.4875    26.1094    26.1096    8.35463 0.0000e+00
       3263     54.660    -0.7680    -0.7733   2.654685   2.654253     2.1713     2.6345      7.898    -0.0932     5.7145 1.0715e-01    -0.1477   103.7624     8.3130     8.6659    32.4878    32.4877    26.1097    26.1097    8.35493 0.0000e+00
       3266     54.767    -0.7693    -0.7744   2.654609   2.654207     2.1717     2.6341      7.898    -0.1237     5.7145 1.0715e-01    -0.1477   103.7624     8.3202     8.6638    32.4881    32.4881    26.1099    26.1101    8.35521 0.0000e+00
       3269     54.872    -0.7699    -0.7744   2.654540   2.654195     2.1709     2.6341      7.898    -0.1848     5.7145 1.0715e-01    -0.1477   103.7624     8.3181     8.6640    32.4878    32.4879    26.1097    26.1100    8.35536 0.0000e+00
       3272     54.979    -0.7724    -0.7758   2.654384   2.654075     2.1705     2.6337      7.898    -0.1746     5.7145 1.0715e-01    -0.1477   103.7624     8.3144     8.6645    32.4882    32.4878    26.1101    26.1099    8.35589 0.0000e+00
       3275     55.085    -0.7757    -0.7800   2.654108   2.653799     2.1697     2.6337      7.898    -0.1746     5.5171 1.0715e-01    -0.1477   103.7624     8.3090     8.6631    32.4880    32.4884    26.1101    26.1106    8.35666 0.0000e+00
       3278     55.187    -0.7792    -0.7809   2.653893   2.653743     2.1705     2.6337      7.898    -0.1746     3.7800 1.0715e-01    -0.1477   103.7624     8.3165     8.6627    32.4888    32.4887    26.1109    26.1108    8.35740 0.0000e+00
       3281     55.290    -0.7824    -0.7847   2.653664   2.653389     2.1689     2.6329      7.898    -0.1848     3.7010 1.0715e-01    -0.1477   103.7624     8.3137     8.6620    32.4891    32.4879    26.1112    26.1103    8.35810 0.0000e+00
       3284     55.396    -0.7868    -0.7928   2.653306   2.652873     2.1701     2.6321      7.898    -0.1848     3.7010 1.0715e-01    -0.1481   103.7715     8.3202     8.6583    32.4890    32.4896    26.1113    26.1119    8.35911 0.0000e+00
       3287     55.501    -0.7927    -0.7993   2.652916   2.652417     2.1701     2.6329      7.898    -0.1848     3.7405 1.0715e-01    -0.1477   103.7624     8.3227     8.6584    32.4900    32.4904    26.1123    26.1129    8.36038 0.0000e+00
       3290     55.605    -0.7980    -0.8042   2.652571   2.652094     2.1697     2.6321      7.896    -0.1848     3.7010 1.0715e-01    -0.1477   103.7624     8.3221     8.6542    32.4910    32.4912    26.1133    26.1137    8.36152 0.0000e+00
       3293     55.711    -0.8018    -0.8080   2.652345   2.651764     2.1685     2.6325      7.898    -0.2255     3.7010 1.0715e-01    -0.1477   103.7624     8.3169     8.6548    32.4920    32.4908    26.1142    26.1135    8.36233 0.0000e+00
       3296     55.815    -0.8074    -0.8151   2.651802   2.651171     2.1685     2.6316      7.898    -0.2662     3.7010 1.0715e-01    -0.1491   103.7986     8.3168     8.6488    32.4907    32.4904    26.1134    26.1135    8.36368 0.0000e+00
