Datasets/AZMP/TEL210/tel210_2020_018.cnv
* Sea-Bird SBE 9 Data File:
* FileName = C:\CTDDATA\tel210_2020_018.hex
* Software Version Seasave V 7.26.7.110
* Temperature SN = 1697
* Conductivity SN = 4216
* Number of Bytes Per Scan = 30
* Number of Voltage Words = 4
* Number of Scans Averaged by the Deck Unit = 1
* NMEA baud rate = 4800
** VESSEL/TRIP/SEQ STN:  tel210_2020_210
** LATITUDE XX XX.XX: 47 00.00 N
** LONGITUDE XX XX.XX: 047 10.10 W
** SOUNDING DEPTH (M): 0850
** PROBE TYPE: S1146
** CTD NUMBER: 017
** COMMENTS (14 CHAR): FC-16
** BOTTLES:  0
** LEVELS:
** STICKERS:
** VNET: N
** DO2: N
# nquan = 22
# nvalues = 16344                       
# units = specified
# name 0 = scan: Scan Count
# name 1 = prDM: Pressure, Digiquartz [db]
# name 2 = t090C: Temperature [ITS-90, deg C]
# name 3 = t190C: Temperature, 2 [ITS-90, deg C]
# name 4 = c0S/m: Conductivity [S/m]
# name 5 = c1S/m: Conductivity, 2 [S/m]
# name 6 = sbeox0V: Oxygen raw, SBE 43 [V]
# name 7 = sbeox1V: Oxygen raw, SBE 43, 2 [V]
# name 8 = ph: pH
# name 9 = flECO-AFL: Fluorescence, WET Labs ECO-AFL/FL [mg/m^3]
# name 10 = wetCDOM: Fluorescence, WET Labs CDOM [mg/m^3]
# name 11 = par/sat/log: PAR/Logarithmic, Satlantic [umol photons/m^2/sec]
# name 12 = CStarAt0: Beam Attenuation, WET Labs C-Star [1/m]
# name 13 = CStarTr0: Beam Transmission, WET Labs C-Star [%]
# name 14 = sbeox0ML/L: Oxygen, SBE 43 [ml/l], WS = 2
# name 15 = sbeox1ML/L: Oxygen, SBE 43, 2 [ml/l], WS = 2
# name 16 = sal00: Salinity, Practical [PSU]
# name 17 = sal11: Salinity, Practical, 2 [PSU]
# name 18 = sigma-t00: Density [sigma-t, kg/m^3 ]
# name 19 = sigma-t11: Density, 2 [sigma-t, kg/m^3 ]
# name 20 = oxsatML/L: Oxygen Saturation, Weiss [ml/l]
# name 21 = flag: flag
# span 0 =         44,      58865       
# span 1 =      2.082,    830.561       
# span 2 =    -0.6236,    10.2108       
# span 3 =    -0.6277,    10.2067       
# span 4 =   2.723262,   3.545227       
# span 5 =   2.723270,   3.544672       
# span 6 =     1.8675,     2.5455       
# span 7 =     2.2344,     3.1390       
# span 8 =      7.924,      8.264       
# span 9 =    -0.6529,    21.6507       
# span 10 =    -2.8130,   482.1870      
# span 11 = 1.0678e-01, 2.3326e-01      
# span 12 =    -0.1432,     1.2679      
# span 13 =    72.8349,   103.6449      
# span 14 =     6.3492,     9.3662      
# span 15 =     6.5227,     9.9625      
# span 16 =    31.9771,    34.8470      
# span 17 =    32.1153,    34.8458      
# span 18 =    24.6713,    27.7221      
# span 19 =    24.6701,    27.7214      
# span 20 =    6.40480,    8.27815      
# span 21 = 0.0000e+00, 0.0000e+00      
# interval = scans: 3                   
# start_time = Jul 17 2020 03:30:10 [System UTC, header]
# bad_flag = -9.990e-29
*END*
[from data line 15671]
      56322     68.371     0.9151     0.9163   2.894134   2.895697     1.9863     2.3962      7.984    -0.5816   481.2790 1.0727e-01    -0.1411   103.5906     7.0055     7.2952    33.8126    33.8314    27.0960    27.1111    7.91722 0.0000e+00
      56325     68.277     0.9205     0.9146   2.895564   2.895695     1.9859     2.3966      7.984    -0.5714   481.2395 1.0715e-01    -0.1411   103.5906     6.9998     7.2988    33.8252    33.8333    27.1057    27.1127    7.91542 0.0000e+00
      56328     68.188     0.9409     0.9219   2.897645   2.895794     1.9855     2.3954      7.984    -0.5918   481.2395 1.0727e-01    -0.1411   103.5906     6.9927     7.2933    33.8298    33.8267    27.1082    27.1069    7.91095 0.0000e+00
      56331     68.101     0.9435     0.9349   2.897818   2.897234     1.9855     2.3970      7.984    -0.5714   481.2395 1.0727e-01    -0.1408   103.5816     6.9914     7.2994    33.8293    33.8312    27.1077    27.1097    7.91045 0.0000e+00
      56334     68.017     0.9665     0.9447   2.900137   2.898003     1.9855     2.3966      7.984    -0.5816   481.3184 1.0715e-01    -0.1415   103.5997     6.9852     7.2963    33.8342    33.8304    27.1101    27.1084    7.90543 0.0000e+00
      56337     67.938     0.9726     0.9415   2.900352   2.898476     1.9847     2.3962      7.984    -0.5816   481.2790 1.0740e-01    -0.1408   103.5816     6.9807     7.2920    33.8303    33.8401    27.1067    27.1164    7.90437 0.0000e+00
      56340     67.867     0.9758     0.9643   2.901360   2.901312     1.9847     2.3966      7.984    -0.5714   481.3184 1.0727e-01    -0.1415   103.5997     6.9806     7.2873    33.8399    33.8518    27.1141    27.1244    7.90320 0.0000e+00
      56343     67.800     0.9931     0.9837   2.902276   2.901983     1.9851     2.3962      7.984    -0.5714   481.3184 1.0715e-01    -0.1415   103.5997     6.9802     7.2826    33.8330    33.8394    27.1075    27.1132    7.90002 0.0000e+00
      56346     67.733     1.0041     0.9799   2.903284   2.901351     1.9851     2.3962      7.984    -0.5714   481.2790 1.0727e-01    -0.1415   103.5997     6.9801     7.2838    33.8339    33.8354    27.1076    27.1102    7.89768 0.0000e+00
      56349     67.673     1.0024     0.9635   2.902279   2.899773     1.9838     2.3970      7.984    -0.5714   178.5932 1.0715e-01    -0.1418   103.6087     6.9780     7.2924    33.8229    33.8329    27.0987    27.1093    7.89862 0.0000e+00
      56352     67.618     0.9753     0.9618   2.900095   2.899817     1.9851     2.3962      7.984    -0.5918    -1.3918 1.0715e-01    -0.1418   103.6087     6.9900     7.2902    33.8243    33.8354    27.1016    27.1114    7.90414 0.0000e+00
      56355     67.564     0.9653     0.9593   2.899880   2.899426     1.9842     2.3970      7.984    -0.5714     3.4642 1.0715e-01    -0.1415   103.5997     6.9892     7.2933    33.8324    33.8331    27.1088    27.1097    7.90577 0.0000e+00
      56358     67.513     0.9738     0.9517   2.900151   2.898578     1.9842     2.3966      7.984    -0.5714     3.2273 1.0727e-01    -0.1415   103.5997     6.9881     7.2967    33.8268    33.8305    27.1037    27.1081    7.90433 0.0000e+00
      56361     67.468     0.9552     0.9488   2.898311   2.898171     1.9855     2.3966      7.984    -0.5816     3.2273 1.0715e-01    -0.1415   103.5997     7.0012     7.2973    33.8233    33.8285    27.1021    27.1066    7.90835 0.0000e+00
      56364     67.425     0.9294     0.9452   2.895434   2.897780     1.9847     2.3962      7.984    -0.5613     3.2273 1.0715e-01    -0.1415   103.5997     7.0049     7.2972    33.8143    33.8273    27.0964    27.1060    7.91416 0.0000e+00
      56367     67.387     0.9172     0.9433   2.894188   2.897411     1.9842     2.3962      7.984    -0.5714     3.2273 1.0715e-01    -0.1415   103.5997     7.0062     7.3006    33.8116    33.8247    27.0950    27.1040    7.91684 0.0000e+00
      56370     67.348     0.9105     0.9368   2.893244   2.896804     1.9851     2.3970      7.984    -0.5714     3.2273 1.0727e-01    -0.1415   103.5997     7.0136     7.3049    33.8066    33.8240    27.0915    27.1038    7.91848 0.0000e+00
      56373     67.307     0.9064     0.9281   2.892901   2.895808     1.9847     2.3974      7.984    -0.5816     3.3063 1.0715e-01    -0.1415   103.5997     7.0124     7.3084    33.8067    33.8206    27.0918    27.1017    7.91932 0.0000e+00
      56376     67.269     0.9137     0.9214   2.893703   2.894966     1.9838     2.3970      7.984    -0.5816     6.8594 1.0715e-01    -0.1415   103.5997     7.0057     7.3092    33.8092    33.8171    27.0933    27.0992    7.91769 0.0000e+00
      56379     67.228     0.9102     0.9206   2.892957   2.895284     1.9842     2.3974      7.984    -0.5714     7.2937 1.0715e-01    -0.1415   103.5997     7.0112     7.3118    33.8034    33.8220    27.0889    27.1032    7.91872 0.0000e+00
      56382     67.185     0.9075     0.9325   2.893074   2.896407     1.9842     2.3974      7.984    -0.5816     7.2542 1.0727e-01    -0.1415   103.5997     7.0117     7.3096    33.8078    33.8236    27.0927    27.1038    7.91905 0.0000e+00
      56385     67.140     0.9051     0.9373   2.892520   2.896290     1.9851     2.3970      7.984    -0.5714     7.2542 1.0715e-01    -0.1415   103.5997     7.0166     7.3054    33.8033    33.8169    27.0892    27.0981    7.91979 0.0000e+00
      56388     67.091     0.9004     0.9221   2.892002   2.894116     1.9851     2.3978      7.984    -0.5714     7.2542 1.0727e-01    -0.1415   103.5997     7.0192     7.3126    33.8017    33.8054    27.0882    27.0897    7.92083 0.0000e+00
      56391     67.037     0.8998     0.9190   2.892006   2.894254     1.9847     2.3982      7.984    -0.5714     7.2542 1.0715e-01    -0.1415   103.5997     7.0199     7.3123    33.8025    33.8106    27.0889    27.0942    7.92092 0.0000e+00
      56394     66.977     0.9006     0.9191   2.892153   2.893897     1.9847     2.3974      7.984    -0.5816     7.2542 1.0727e-01    -0.1415   103.5997     7.0197     7.3069    33.8036    33.8059    27.0897    27.0903    7.92070 0.0000e+00
      56397     66.912     0.9011     0.9121   2.892185   2.893141     1.9842     2.3974      7.984    -0.5714     7.2542 1.0727e-01    -0.1415   103.5997     7.0207     7.3095    33.8035    33.8038    27.0895    27.0891    7.92059 0.0000e+00
      56400     66.844     0.9020     0.9067   2.892327   2.892717     1.9851     2.3982      7.984    -0.5816     5.9514 1.0715e-01    -0.1415   103.5997     7.0250     7.3129    33.8044    33.8043    27.0902    27.0899    7.92036 0.0000e+00
      56403     66.759     0.9014     0.9071   2.892137   2.893010     1.9851     2.3982      7.984    -0.5714     0.2664 1.0715e-01    -0.1415   103.5997     7.0233     7.3116    33.8027    33.8077    27.0888    27.0926    7.92058 0.0000e+00
      56406     66.672     0.8993     0.9084   2.891947   2.893133     1.9851     2.3974      7.984    -0.5918     0.3848 1.0727e-01    -0.1415   103.5997     7.0193     7.3083    33.8025    33.8080    27.0888    27.0927    7.92102 0.0000e+00
      56409     66.571     0.8985     0.9059   2.891837   2.892566     1.9847     2.3978      7.984    -0.5816     0.3848 1.0715e-01    -0.1415   103.5997     7.0143     7.3132    33.8020    33.8034    27.0885    27.0891    7.92122 0.0000e+00
      56412     66.468     0.8980     0.8983   2.891759   2.891735     1.9851     2.3982      7.984    -0.5918     0.3848 1.0727e-01    -0.1415   103.5997     7.0166     7.3163    33.8017    33.8010    27.0883    27.0877    7.92135 0.0000e+00
      56415     66.355     0.8969     0.8936   2.891693   2.891317     1.9859     2.3982      7.984    -0.5816     0.3848 1.0715e-01    -0.1415   103.5997     7.0194     7.3165    33.8020    33.8008    27.0886    27.0878    7.92155 0.0000e+00
      56418     66.231     0.8965     0.8935   2.891669   2.891464     1.9847     2.3978      7.984    -0.5714     0.3059 1.0727e-01    -0.1404   103.5726     7.0117     7.3147    33.8022    33.8029    27.0889    27.0895    7.92162 0.0000e+00
      56421     66.101     0.8958     0.8971   2.891563   2.891911     1.9859     2.3986      7.982    -0.5918     0.3848 1.0715e-01    -0.1352   103.4369     7.0164     7.3145    33.8017    33.8048    27.0884    27.0908    7.92179 0.0000e+00
      56424     65.959     0.8958     0.9000   2.891606   2.892070     1.9855     2.3974      7.984    -0.5816     0.3848 1.0715e-01    -0.1352   103.4369     7.0096     7.3083    33.8023    33.8038    27.0889    27.0898    7.92175 0.0000e+00
      56427     65.810     0.8978     0.8986   2.891852   2.892026     1.9851     2.3986      7.984    -0.5816     0.4243 1.0715e-01    -0.1352   103.4369     7.0080     7.3156    33.8034    33.8048    27.0897    27.0908    7.92128 0.0000e+00
      56430     65.659     0.8971     0.8978   2.891664   2.891775     1.9847     2.3986      7.984    -0.5714     0.5032 1.0727e-01    -0.1348   103.4279     7.0077     7.3185    33.8018    33.8025    27.0884    27.0890    7.92151 0.0000e+00
      56433     65.503     0.8974     0.8933   2.891815   2.891299     1.9842     2.3999      7.984    -0.5816     0.5032 1.0715e-01    -0.1352   103.4369     7.0048     7.3228    33.8035    33.8013    27.0898    27.0883    7.92136 0.0000e+00
      56436     65.338     0.8985     0.8948   2.891861   2.891652     1.9851     2.3982      7.984    -0.5714     0.5032 1.0727e-01    -0.1352   103.4369     7.0067     7.3149    33.8030    33.8044    27.0893    27.0906    7.92115 0.0000e+00
      56439     65.167     0.8958     0.8946   2.891463   2.891395     1.9842     2.3982      7.984    -0.5816     0.5032 1.0715e-01    -0.1369   103.4821     7.0062     7.3145    33.8010    33.8014    27.0879    27.0883    7.92184 0.0000e+00
      56442     64.997     0.8954     0.8954   2.891493   2.891622     1.9851     2.3982      7.984    -0.5816     0.5032 1.0727e-01    -0.1415   103.5997     7.0120     7.3118    33.8019    33.8036    27.0886    27.0900    7.92187 0.0000e+00
      56445     64.823     0.8965     0.8961   2.891569   2.891559     1.9847     2.3982      7.984    -0.5714     0.5032 1.0727e-01    -0.1415   103.5997     7.0089     7.3096    33.8018    33.8021    27.0884    27.0887    7.92164 0.0000e+00
      56448     64.652     0.8969     0.8951   2.891590   2.891466     1.9842     2.3986      7.984    -0.5714     0.5032 1.0715e-01    -0.1415   103.5997     7.0076     7.3093    33.8017    33.8021    27.0884    27.0887    7.92156 0.0000e+00
      56451     64.478     0.8981     0.9000   2.891708   2.891973     1.9855     2.3995      7.984    -0.5918     0.5032 1.0715e-01    -0.1415   103.5997     7.0138     7.3081    33.8020    33.8034    27.0885    27.0896    7.92130 0.0000e+00
      56454     64.312     0.9025     0.9078   2.892257   2.892696     1.9851     2.3999      7.984    -0.5714    -0.5232 1.0740e-01    -0.1415   103.5997     7.0099     7.3064    33.8044    33.8043    27.0902    27.0898    7.92025 0.0000e+00
      56457     64.146     0.9182     0.9217   2.893880   2.893995     1.9842     2.3986      7.984    -0.5816    -0.8391 1.0727e-01    -0.1411   103.5906     7.0039     7.2998    33.8084    33.8060    27.0924    27.0903    7.91680 0.0000e+00
      56460     63.984     0.9358     0.9359   2.895136   2.894608     1.9851     2.3986      7.984    -0.5816    -0.7996 1.0715e-01    -0.1415   103.5997     7.0048     7.2992    33.8055    33.7985    27.0890    27.0834    7.91331 0.0000e+00
      56463     63.823     0.9408     0.9338   2.895190   2.893976     1.9855     2.3990      7.984    -0.5816    -0.7996 1.0715e-01    -0.1415   103.5997     7.0092     7.2997    33.8008    33.7928    27.0849    27.0789    7.91252 0.0000e+00
      56466     63.668     0.9407     0.9264   2.894797   2.893194     1.9847     2.3982      7.984    -0.5714    -0.7996 1.0715e-01    -0.1415   103.5997     7.0049     7.2958    33.7960    33.7909    27.0810    27.0778    7.91281 0.0000e+00
      56469     63.527     0.9373     0.9111   2.894312   2.891470     1.9847     2.3982      7.984    -0.5714    -0.8391 1.0715e-01    -0.1415   103.5997     7.0077     7.2960    33.7936    33.7854    27.0793    27.0744    7.91365 0.0000e+00
      56472     63.387     0.9306     0.8955   2.893502   2.889950     1.9842     2.3986      7.984    -0.5714    -0.7996 1.0715e-01    -0.1415   103.5997     7.0057     7.3016    33.7904    33.7828    27.0772    27.0732    7.91519 0.0000e+00
      56475     63.258     0.9173     0.8872   2.891901   2.889209     1.9842     2.3982      7.984    -0.5918    -0.8785 1.0727e-01    -0.1415   103.5997     7.0080     7.3027    33.7843    33.7824    27.0731    27.0734    7.91827 0.0000e+00
      56478     63.136     0.9059     0.8832   2.890842   2.888885     1.9847     2.3986      7.984    -0.5714    35.3632 1.0715e-01    -0.1415   103.5997     7.0138     7.3072    33.7832    33.7826    27.0729    27.0738    7.92070 0.0000e+00
      56481     63.027     0.8948     0.8831   2.889819   2.889002     1.9855     2.3986      7.984    -0.5714   453.6831 1.0715e-01    -0.1415   103.5997     7.0195     7.3100    33.7821    33.7842    27.0727    27.0752    7.92305 0.0000e+00
      56484     62.923     0.8888     0.8890   2.889452   2.889665     1.9851     2.3986      7.982    -0.5918   481.5159 1.0715e-01    -0.1415   103.5997     7.0183     7.3119    33.7840    33.7865    27.0746    27.0766    7.92420 0.0000e+00
      56487     62.824     0.8890     0.8947   2.889602   2.890187     1.9859     2.3986      7.984    -0.5816   481.1605 1.0715e-01    -0.1415   103.5997     7.0226     7.3143    33.7857    33.7871    27.0760    27.0767    7.92406 0.0000e+00
      56490     62.737     0.8875     0.8994   2.889569   2.890508     1.9851     2.3978      7.982    -0.6223   481.2790 1.0715e-01    -0.1415   103.5997     7.0222     7.3107    33.7869    33.7861    27.0771    27.0757    7.92430 0.0000e+00
      56493     62.656     0.8956     0.8979   2.891104   2.890385     1.9855     2.3982      7.984    -0.6121   481.2395 1.0740e-01    -0.1415   103.5997     7.0240     7.3143    33.7981    33.7862    27.0855    27.0759    7.92204 0.0000e+00
      56496     62.585     0.9031     0.9011   2.891481   2.891150     1.9851     2.3995      7.984    -0.6019   481.2790 1.0740e-01    -0.1415   103.5997     7.0185     7.3183    33.7947    33.7927    27.0823    27.0808    7.92065 0.0000e+00
      56499     62.524     0.8950     0.9035   2.890399   2.891269     1.9851     2.3982      7.984    -0.6019   481.2395 1.0715e-01    -0.1415   103.5997     7.0180     7.3125    33.7897    33.7916    27.0788    27.0799    7.92261 0.0000e+00
      56502     62.466     0.8890     0.9010   2.889620   2.891041     1.9847     2.3986      7.984    -0.6121   481.2790 1.0740e-01    -0.1415   103.5997     7.0164     7.3163    33.7861    33.7914    27.0763    27.0798    7.92403 0.0000e+00
      56505     62.417     0.8815     0.9004   2.888732   2.890924     1.9851     2.3990      7.984    -0.6019   339.8256 1.0727e-01    -0.1411   103.5906     7.0215     7.3196    33.7829    33.7906    27.0742    27.0792    7.92577 0.0000e+00
      56508     62.372     0.8759     0.8868   2.888095   2.889197     1.9855     2.3999      7.984    -0.6121    -2.8130 1.0715e-01    -0.1415   103.5997     7.0251     7.3280    33.7808    33.7831    27.0728    27.0740    7.92704 0.0000e+00
      56511     62.333     0.8723     0.8774   2.887720   2.888280     1.9851     2.3995      7.984    -0.6223    -2.0629 1.0727e-01    -0.1415   103.5997     7.0269     7.3291    33.7799    33.7815    27.0723    27.0733    7.92784 0.0000e+00
      56514     62.295     0.8692     0.8727   2.887475   2.887824     1.9863     2.3990      7.984    -0.6019    -1.1154 1.0715e-01    -0.1415   103.5997     7.0361     7.3301    33.7801    33.7808    27.0727    27.0731    7.92846 0.0000e+00
