Datasets/AZMP/TEL210/tel210_2020_033.cnv
* Sea-Bird SBE 9 Data File:
* FileName = C:\CTDDATA\tel210_2020_033.hex
* Software Version Seasave V 7.26.7.110
* Temperature SN = 1697
* Conductivity SN = 4216
* Number of Bytes Per Scan = 30
* Number of Voltage Words = 4
* Number of Scans Averaged by the Deck Unit = 1
* NMEA baud rate = 4800
** VESSEL/TRIP/SEQ STN:  tel210_2020_033
** LATITUDE XX XX.XX: 47 00.00 N
** LONGITUDE XX XX.XX: 043 50.00 W
** SOUNDING DEPTH (M): 0554
** PROBE TYPE: S1146
** CTD NUMBER: 032
** COMMENTS (14 CHAR): FC-31
** BOTTLES:  10
** LEVELS: 5,10,20,30,40,50,75,100,150,BTM
** STICKERS: 435941 - 435950
** VNET: Y
** DO2: N
# nquan = 22
# nvalues = 10527                       
# units = specified
# name 0 = scan: Scan Count
# name 1 = prDM: Pressure, Digiquartz [db]
# name 2 = t090C: Temperature [ITS-90, deg C]
# name 3 = t190C: Temperature, 2 [ITS-90, deg C]
# name 4 = c0S/m: Conductivity [S/m]
# name 5 = c1S/m: Conductivity, 2 [S/m]
# name 6 = sbeox0V: Oxygen raw, SBE 43 [V]
# name 7 = sbeox1V: Oxygen raw, SBE 43, 2 [V]
# name 8 = ph: pH
# name 9 = flECO-AFL: Fluorescence, WET Labs ECO-AFL/FL [mg/m^3]
# name 10 = wetCDOM: Fluorescence, WET Labs CDOM [mg/m^3]
# name 11 = par/sat/log: PAR/Logarithmic, Satlantic [umol photons/m^2/sec]
# name 12 = CStarAt0: Beam Attenuation, WET Labs C-Star [1/m]
# name 13 = CStarTr0: Beam Transmission, WET Labs C-Star [%]
# name 14 = sbeox0ML/L: Oxygen, SBE 43 [ml/l], WS = 2
# name 15 = sbeox1ML/L: Oxygen, SBE 43, 2 [ml/l], WS = 2
# name 16 = sal00: Salinity, Practical [PSU]
# name 17 = sal11: Salinity, Practical, 2 [PSU]
# name 18 = sigma-t00: Density [sigma-t, kg/m^3 ]
# name 19 = sigma-t11: Density, 2 [sigma-t, kg/m^3 ]
# name 20 = oxsatML/L: Oxygen Saturation, Weiss [ml/l]
# name 21 = flag: flag
# span 0 =         14,      61550       
# span 1 =      1.919,    553.228       
# span 2 =     3.3587,    11.9414       
# span 3 =     3.3542,    11.9373       
# span 4 =   3.144052,   3.767334       
# span 5 =   3.142536,   3.766661       
# span 6 =     1.8517,     2.3947       
# span 7 =     2.2275,     2.9328       
# span 8 =      7.967,      8.237       
# span 9 =    -0.6529,     6.0830       
# span 10 =    -2.8130,   482.1870      
# span 11 = 1.0715e-01, 4.3019e+02      
# span 12 =    -0.1289,     0.2864      
# span 13 =    93.0915,   103.2741      
# span 14 =     6.1081,     7.9117      
# span 15 =     6.3430,     8.2542      
# span 16 =    32.7618,    34.8802      
# span 17 =    32.7616,    34.8788      
# span 18 =    24.8704,    27.7175      
# span 19 =    24.8710,    27.7168      
# span 20 =    6.14331,    7.40502      
# span 21 = 0.0000e+00, 0.0000e+00      
# interval = scans: 3                   
# start_time = Jul 18 2020 12:12:23 [System UTC, header]
# bad_flag = -9.990e-29
*END*
[from data line 5531]
      21419    500.554     3.7158     3.7114   3.242350   3.241854     1.8630     2.2435      7.976    -0.5816   481.2790 1.0715e-01    -0.0781   101.9719     6.2415     6.5117    34.8762    34.8750    27.7170    27.7165    7.32075 0.0000e+00
      21422    500.453     3.7157     3.7114   3.242343   3.241828     1.8634     2.2431      7.979    -0.5816   481.2395 1.0715e-01    -0.0774   101.9538     6.2467     6.5088    34.8763    34.8748    27.7171    27.7163    7.32076 0.0000e+00
      21425    500.357     3.7157     3.7113   3.242324   3.241824     1.8634     2.2431      7.977    -0.5816   226.4023 1.0715e-01    -0.0788   101.9900     6.2486     6.5060    34.8762    34.8748    27.7169    27.7163    7.32077 0.0000e+00
      21428    500.269     3.7156     3.7115   3.242324   3.241829     1.8634     2.2426      7.979    -0.6019    -2.8130 1.0715e-01    -0.0792   101.9990     6.2454     6.5044    34.8763    34.8748    27.7171    27.7163    7.32078 0.0000e+00
      21431    500.187     3.7159     3.7114   3.242334   3.241809     1.8634     2.2435      7.977    -0.5816    -0.5232 1.0715e-01    -0.0792   101.9990     6.2440     6.5098    34.8762    34.8746    27.7169    27.7162    7.32074 0.0000e+00
      21434    500.111     3.7159     3.7115   3.242322   3.241822     1.8634     2.2435      7.977    -0.5816    -0.2074 1.0715e-01    -0.0792   101.9990     6.2414     6.5105    34.8760    34.8748    27.7168    27.7163    7.32074 0.0000e+00
      21437    500.036     3.7159     3.7112   3.242310   3.241804     1.8634     2.2431      7.979    -0.5816    -0.2074 1.0715e-01    -0.0792   101.9990     6.2446     6.5080    34.8760    34.8749    27.7168    27.7164    7.32075 0.0000e+00
      21440    499.965     3.7157     3.7114   3.242320   3.241820     1.8630     2.2435      7.977    -0.5918    -0.2074 1.0715e-01    -0.0792   101.9990     6.2437     6.5089    34.8763    34.8749    27.7171    27.7164    7.32076 0.0000e+00
      21443    499.901     3.7155     3.7113   3.242308   3.241802     1.8646     2.2435      7.976    -0.5816    -0.2074 1.0715e-01    -0.0788   101.9900     6.2517     6.5105    34.8764    34.8749    27.7172    27.7164    7.32080 0.0000e+00
      21446    499.842     3.7155     3.7114   3.242304   3.241803     1.8642     2.2426      7.979    -0.5714    -0.2074 1.0715e-01    -0.0788   101.9900     6.2491     6.5075    34.8764    34.8748    27.7172    27.7163    7.32081 0.0000e+00
      21449    499.788     3.7155     3.7114   3.242302   3.241790     1.8634     2.2422      7.976    -0.5816    -0.2074 1.0715e-01    -0.0788   101.9900     6.2467     6.5061    34.8764    34.8747    27.7171    27.7163    7.32080 0.0000e+00
      21452    499.739     3.7154     3.7114   3.242289   3.241799     1.8625     2.2422      7.977    -0.5918   389.6087 1.0715e-01    -0.0792   101.9990     6.2415     6.5052    34.8764    34.8748    27.7172    27.7163    7.32082 0.0000e+00
      21455    499.695     3.7156     3.7113   3.242302   3.241803     1.8634     2.2431      7.979    -0.5816   481.9106 1.0715e-01    -0.0792   101.9990     6.2444     6.5088    34.8764    34.8749    27.7171    27.7165    7.32078 0.0000e+00
      21458    499.652     3.7155     3.7113   3.242294   3.241797     1.8630     2.2422      7.977    -0.5816   480.9631 1.0715e-01    -0.0785   101.9809     6.2419     6.5082    34.8764    34.8749    27.7171    27.7164    7.32079 0.0000e+00
      21461    499.610     3.7156     3.7114   3.242276   3.241799     1.8638     2.2422      7.979    -0.5816   481.2395 1.0715e-01    -0.0788   101.9900     6.2462     6.5092    34.8760    34.8749    27.7169    27.7164    7.32079 0.0000e+00
      21464    499.573     3.7152     3.7113   3.242291   3.241790     1.8634     2.2422      7.977    -0.5816   481.2395 1.0715e-01    -0.0788   101.9900     6.2429     6.5109    34.8767    34.8749    27.7174    27.7164    7.32083 0.0000e+00
      21467    499.536     3.7156     3.7115   3.242312   3.241782     1.8638     2.2431      7.979    -0.5918   481.2790 1.0715e-01    -0.0802   102.0262     6.2449     6.5201    34.8765    34.8746    27.7173    27.7162    7.32077 0.0000e+00
      21470    499.497     3.7155     3.7114   3.242301   3.241793     1.8638     2.2422      7.977    -0.5816   481.3184 1.0715e-01    -0.0802   102.0262     6.2475     6.5213    34.8766    34.8748    27.7173    27.7163    7.32080 0.0000e+00
      21473    499.459     3.7155     3.7113   3.242277   3.241792     1.8638     2.2431      7.977    -0.5816   481.2790 1.0715e-01    -0.0795   102.0081     6.2489     6.5252    34.8763    34.8749    27.7171    27.7164    7.32080 0.0000e+00
      21476    499.418     3.7156     3.7114   3.242283   3.241807     1.8630     2.2422      7.979    -0.5816   481.2790 1.0715e-01    -0.0802   102.0262     6.2444     6.5238    34.8763    34.8750    27.7171    27.7165    7.32079 0.0000e+00
      21479    499.379     3.7156     3.7113   3.242280   3.241797     1.8634     2.2431      7.977    -0.6019   481.3184 1.0715e-01    -0.0802   102.0262     6.2466     6.5286    34.8763    34.8751    27.7171    27.7165    7.32079 0.0000e+00
      21482    499.335     3.7155     3.7114   3.242280   3.241784     1.8634     2.2426      7.979    -0.5714   481.2790 1.0715e-01    -0.0799   102.0171     6.2478     6.5289    34.8764    34.8748    27.7171    27.7163    7.32080 0.0000e+00
      21485    499.288     3.7155     3.7113   3.242280   3.241783     1.8638     2.2426      7.977    -0.6019   481.3184 1.0715e-01    -0.0792   101.9990     6.2489     6.5317    34.8765    34.8750    27.7172    27.7165    7.32080 0.0000e+00
      21488    499.241     3.7155     3.7113   3.242270   3.241775     1.8634     2.2431      7.977    -0.5816   481.3184 1.0715e-01    -0.0792   101.9990     6.2469     6.5317    34.8763    34.8748    27.7171    27.7164    7.32080 0.0000e+00
      21491    499.193     3.7157     3.7113   3.242279   3.241779     1.8638     2.2447      7.976    -0.5714   481.3184 1.0715e-01    -0.0792   101.9990     6.2480     6.5377    34.8763    34.8750    27.7170    27.7165    7.32077 0.0000e+00
      21494    499.140     3.7156     3.7113   3.242278   3.241788     1.8630     2.2435      7.977    -0.5714   481.3184 1.0715e-01    -0.0792   101.9990     6.2449     6.5329    34.8763    34.8751    27.7171    27.7165    7.32078 0.0000e+00
      21497    499.081     3.7157     3.7112   3.242267   3.241768     1.8634     2.2435      7.979    -0.6019   481.2790 1.0715e-01    -0.0795   102.0081     6.2473     6.5325    34.8761    34.8750    27.7169    27.7165    7.32077 0.0000e+00
      21500    499.018     3.7157     3.7113   3.242281   3.241754     1.8638     2.2447      7.977    -0.5816   481.3184 1.0715e-01    -0.0792   101.9990     6.2479     6.5362    34.8764    34.8747    27.7172    27.7163    7.32077 0.0000e+00
      21503    498.952     3.7156     3.7113   3.242271   3.241786     1.8646     2.2439      7.976    -0.5918   312.9798 1.0715e-01    -0.0792   101.9990     6.2501     6.5311    34.8764    34.8751    27.7171    27.7166    7.32078 0.0000e+00
      21506    498.879     3.7158     3.7114   3.242267   3.241790     1.8642     2.2447      7.977    -0.5816    -2.8130 1.0715e-01    -0.0809   102.0443     6.2476     6.5349    34.8762    34.8751    27.7170    27.7166    7.32076 0.0000e+00
      21509    498.798     3.7157     3.7114   3.242263   3.241790     1.8634     2.2451      7.977    -0.5816     0.6612 1.0715e-01    -0.0813   102.0533     6.2463     6.5336    34.8763    34.8752    27.7170    27.7166    7.32077 0.0000e+00
      21512    498.710     3.7160     3.7116   3.242270   3.241782     1.8638     2.2435      7.976    -0.5918     1.2534 1.0715e-01    -0.0813   102.0533     6.2499     6.5269    34.8760    34.8749    27.7168    27.7164    7.32072 0.0000e+00
      21515    498.615     3.7157     3.7115   3.242277   3.241763     1.8634     2.2447      7.977    -0.5816     1.2139 1.0715e-01    -0.0813   102.0533     6.2481     6.5310    34.8765    34.8748    27.7172    27.7163    7.32075 0.0000e+00
      21518    498.521     3.7156     3.7114   3.242282   3.241752     1.8638     2.2443      7.979    -0.5816     1.2139 1.0715e-01    -0.0813   102.0533     6.2490     6.5308    34.8768    34.8748    27.7175    27.7163    7.32077 0.0000e+00
      21521    498.417     3.7159     3.7116   3.242259   3.241763     1.8634     2.2447      7.976    -0.5714     1.2139 1.0715e-01    -0.0813   102.0533     6.2446     6.5317    34.8762    34.8748    27.7170    27.7163    7.32073 0.0000e+00
      21524    498.303     3.7158     3.7114   3.242251   3.241739     1.8634     2.2447      7.976    -0.5816     1.2139 1.0715e-01    -0.0806   102.0352     6.2456     6.5318    34.8763    34.8749    27.7170    27.7164    7.32075 0.0000e+00
      21527    498.183     3.7160     3.7114   3.242254   3.241758     1.8638     2.2447      7.976    -0.5816     1.2139 1.0715e-01    -0.0802   102.0262     6.2494     6.5337    34.8762    34.8751    27.7170    27.7166    7.32072 0.0000e+00
      21530    498.059     3.7158     3.7114   3.242257   3.241728     1.8638     2.2455      7.979    -0.6019     7.8068 1.0715e-01    -0.0802   102.0262     6.2532     6.5351    34.8765    34.8749    27.7172    27.7164    7.32074 0.0000e+00
      21533    497.930     3.7157     3.7113   3.242245   3.241724     1.8646     2.2451      7.976    -0.6223    11.9916 1.0715e-01    -0.0806   102.0352     6.2578     6.5348    34.8765    34.8749    27.7173    27.7164    7.32076 0.0000e+00
      21536    497.796     3.7161     3.7115   3.242250   3.241739     1.8646     2.2459      7.976    -0.6223    11.8337 1.0715e-01    -0.0802   102.0262     6.2557     6.5369    34.8762    34.8750    27.7170    27.7165    7.32070 0.0000e+00
      21539    497.658     3.7162     3.7114   3.242246   3.241700     1.8638     2.2451      7.979    -0.6325    11.8732 1.0715e-01    -0.0802   102.0262     6.2515     6.5318    34.8762    34.8747    27.7169    27.7162    7.32069 0.0000e+00
      21542    497.512     3.7158     3.7114   3.242226   3.241749     1.8638     2.2455      7.979    -0.6121    11.8337 1.0715e-01    -0.0802   102.0262     6.2493     6.5327    34.8764    34.8754    27.7171    27.7168    7.32074 0.0000e+00
      21545    497.361     3.7159     3.7115   3.242224   3.241724     1.8638     2.2459      7.979    -0.6121    11.7943 1.0715e-01    -0.0802   102.0262     6.2481     6.5330    34.8764    34.8750    27.7171    27.7165    7.32073 0.0000e+00
      21548    497.207     3.7159     3.7115   3.242216   3.241716     1.8646     2.2459      7.977    -0.6121    11.8732 1.0715e-01    -0.0806   102.0352     6.2502     6.5314    34.8763    34.8750    27.7171    27.7165    7.32073 0.0000e+00
      21551    497.053     3.7159     3.7115   3.242216   3.241705     1.8646     2.2463      7.977    -0.6121    11.8732 1.0715e-01    -0.0806   102.0352     6.2472     6.5311    34.8764    34.8750    27.7171    27.7164    7.32072 0.0000e+00
      21554    496.899     3.7159     3.7115   3.242206   3.241681     1.8646     2.2455      7.977    -0.6223    16.0580 1.0715e-01    -0.0802   102.0262     6.2462     6.5268    34.8764    34.8749    27.7171    27.7163    7.32073 0.0000e+00
      21557    496.746     3.7159     3.7116   3.242178   3.241688     1.8642     2.2455      7.977    -0.6019   423.4422 1.0715e-01    -0.0802   102.0262     6.2436     6.5252    34.8762    34.8748    27.7170    27.7163    7.32074 0.0000e+00
      21560    496.587     3.7161     3.7116   3.242191   3.241684     1.8638     2.2459      7.977    -0.5816   481.3185 1.0715e-01    -0.0802   102.0262     6.2427     6.5260    34.8761    34.8749    27.7169    27.7164    7.32070 0.0000e+00
      21563    496.432     3.7160     3.7117   3.242181   3.241682     1.8642     2.2459      7.979    -0.5816   481.0421 1.0715e-01    -0.0802   102.0262     6.2456     6.5233    34.8762    34.8749    27.7170    27.7163    7.32072 0.0000e+00
      21566    496.278     3.7160     3.7119   3.242192   3.241693     1.8638     2.2463      7.979    -0.5816   481.2395 1.0715e-01    -0.0809   102.0443     6.2432     6.5229    34.8765    34.8749    27.7172    27.7163    7.32071 0.0000e+00
      21569    496.125     3.7159     3.7117   3.242180   3.241671     1.8642     2.2459      7.979    -0.5816   481.2395 1.0715e-01    -0.0813   102.0533     6.2449     6.5216    34.8765    34.8748    27.7172    27.7163    7.32073 0.0000e+00
      21572    495.973     3.7159     3.7116   3.242168   3.241637     1.8642     2.2459      7.979    -0.5918   481.2790 1.0715e-01    -0.0813   102.0533     6.2453     6.5221    34.8764    34.8746    27.7172    27.7162    7.32073 0.0000e+00
      21575    495.824     3.7160     3.7114   3.242160   3.241645     1.8638     2.2459      7.979    -0.5918   481.2790 1.0715e-01    -0.0813   102.0533     6.2451     6.5226    34.8763    34.8750    27.7170    27.7165    7.32072 0.0000e+00
      21578    495.678     3.7158     3.7115   3.242137   3.241651     1.8646     2.2459      7.979    -0.5816   481.2395 1.0715e-01    -0.0813   102.0533     6.2515     6.5231    34.8763    34.8751    27.7171    27.7166    7.32075 0.0000e+00
      21581    495.533     3.7159     3.7114   3.242141   3.241630     1.8638     2.2459      7.977    -0.5816   398.1756 1.0715e-01    -0.0809   102.0443     6.2486     6.5226    34.8763    34.8750    27.7170    27.7164    7.32072 0.0000e+00
      21584    495.392     3.7157     3.7117   3.242139   3.241648     1.8642     2.2459      7.977    -0.5918     5.8329 1.0715e-01    -0.0809   102.0443     6.2486     6.5216    34.8765    34.8750    27.7173    27.7164    7.32075 0.0000e+00
      21587    495.256     3.7158     3.7117   3.242127   3.241654     1.8642     2.2447      7.977    -0.5816     4.7670 1.0715e-01    -0.0813   102.0533     6.2486     6.5171    34.8764    34.8751    27.7171    27.7166    7.32074 0.0000e+00
      21590    495.125     3.7160     3.7115   3.242131   3.241630     1.8646     2.2459      7.979    -0.5714     5.5171 1.0715e-01    -0.0813   102.0533     6.2498     6.5216    34.8764    34.8752    27.7171    27.7166    7.32072 0.0000e+00
      21593    494.997     3.7158     3.7117   3.242110   3.241604     1.8646     2.2463      7.977    -0.5816     5.4776 1.0715e-01    -0.0813   102.0533     6.2494     6.5234    34.8763    34.8747    27.7171    27.7162    7.32074 0.0000e+00
      21596    494.873     3.7157     3.7114   3.242105   3.241600     1.8642     2.2459      7.977    -0.5816     5.4776 1.0715e-01    -0.0813   102.0533     6.2464     6.5202    34.8765    34.8750    27.7172    27.7165    7.32076 0.0000e+00
      21599    494.752     3.7158     3.7116   3.242090   3.241623     1.8650     2.2459      7.977    -0.5816     5.4776 1.0715e-01    -0.0813   102.0533     6.2495     6.5197    34.8762    34.8752    27.7170    27.7166    7.32075 0.0000e+00
      21602    494.632     3.7160     3.7115   3.242094   3.241587     1.8646     2.2459      7.977    -0.5816     5.4776 1.0715e-01    -0.0813   102.0533     6.2463     6.5195    34.8762    34.8749    27.7170    27.7164    7.32073 0.0000e+00
      21605    494.518     3.7159     3.7114   3.242076   3.241602     1.8638     2.2459      7.977    -0.5816     5.4776 1.0715e-01    -0.0802   102.0262     6.2395     6.5193    34.8761    34.8752    27.7169    27.7166    7.32074 0.0000e+00
      21608    494.406     3.7158     3.7116   3.242080   3.241579     1.8642     2.2459      7.979    -0.5816   212.3478 1.0715e-01    -0.0781   101.9719     6.2394     6.5183    34.8763    34.8748    27.7170    27.7163    7.32074 0.0000e+00
      21611    494.304     3.7158     3.7116   3.242093   3.241576     1.8646     2.2459      7.977    -0.5816   482.1870 1.0715e-01    -0.0781   101.9719     6.2408     6.5156    34.8765    34.8749    27.7172    27.7163    7.32074 0.0000e+00
