Datasets/AZMP/TEL210/tel210_2020_091.cnv
* Sea-Bird SBE 9 Data File:
* FileName = C:\CTDDATA\tel210_2020_091.hex
* Software Version Seasave V 7.26.7.110
* Temperature SN = 1697
* Conductivity SN = 4216
* Number of Bytes Per Scan = 30
* Number of Voltage Words = 4
* Number of Scans Averaged by the Deck Unit = 1
* NMEA baud rate = 4800
** VESSEL/TRIP/SEQ STN:  tel210_2020_091
** LATITUDE XX XX.XX: 54 21.30 N
** LONGITUDE XX XX.XX: 53 44.00 W
** SOUNDING DEPTH (M): 0235
** PROBE TYPE: S1146
** CTD NUMBER: 061
** COMMENTS (14 CHAR): SI-10
** BOTTLES:  10
** LEVELS: 5,10,20,30,40,50,75,100,150,BTM
** STICKERS: 436180 - 436189
** VNET: Y
** DO2: N
# nquan = 22
# nvalues = 5707                        
# units = specified
# name 0 = scan: Scan Count
# name 1 = prDM: Pressure, Digiquartz [db]
# name 2 = t090C: Temperature [ITS-90, deg C]
# name 3 = t190C: Temperature, 2 [ITS-90, deg C]
# name 4 = c0S/m: Conductivity [S/m]
# name 5 = c1S/m: Conductivity, 2 [S/m]
# name 6 = sbeox0V: Oxygen raw, SBE 43 [V]
# name 7 = sbeox1V: Oxygen raw, SBE 43, 2 [V]
# name 8 = ph: pH
# name 9 = flECO-AFL: Fluorescence, WET Labs ECO-AFL/FL [mg/m^3]
# name 10 = wetCDOM: Fluorescence, WET Labs CDOM [mg/m^3]
# name 11 = par/sat/log: PAR/Logarithmic, Satlantic [umol photons/m^2/sec]
# name 12 = CStarAt0: Beam Attenuation, WET Labs C-Star [1/m]
# name 13 = CStarTr0: Beam Transmission, WET Labs C-Star [%]
# name 14 = sbeox0ML/L: Oxygen, SBE 43 [ml/l], WS = 2
# name 15 = sbeox1ML/L: Oxygen, SBE 43, 2 [ml/l], WS = 2
# name 16 = sal00: Salinity, Practical [PSU]
# name 17 = sal11: Salinity, Practical, 2 [PSU]
# name 18 = sigma-t00: Density [sigma-t, kg/m^3 ]
# name 19 = sigma-t11: Density, 2 [sigma-t, kg/m^3 ]
# name 20 = oxsatML/L: Oxygen Saturation, Weiss [ml/l]
# name 21 = flag: flag
# span 0 =          2,      46548       
# span 1 =      2.239,    234.777       
# span 2 =    -0.6582,     8.5317       
# span 3 =    -0.6663,     8.5243       
# span 4 =   2.690610,   3.324514       
# span 5 =   2.690154,   3.323940       
# span 6 =     1.9567,     2.5139       
# span 7 =     2.3552,     3.0758       
# span 8 =      8.000,      8.254       
# span 9 =     0.6664,     2.6558       
# span 10 =    -2.8130,   482.1870      
# span 11 = 1.0715e-01, 3.0622e+02      
# span 12 =    -0.1152,     0.0748      
# span 13 =    98.1467,   102.9214      
# span 14 =     6.5456,     9.5830      
# span 15 =     6.7929,    10.1591      
# span 16 =    31.3200,    34.5300      
# span 17 =    31.3105,    34.5306      
# span 18 =    24.3168,    27.4917      
# span 19 =    24.3108,    27.4925      
# span 20 =    6.68298,    8.30387      
# span 21 = 0.0000e+00, 0.0000e+00      
# interval = scans: 3                   
# start_time = Jul 25 2020 13:58:50 [System UTC, header]
# bad_flag = -9.990e-29
*END*
[from data line 1252]
       4361    112.951     1.4187     1.4105   2.953806   2.953146     2.0183     2.4330      8.021     0.7616    -1.1154 1.0715e-01    -0.1004   102.5416     7.1012     7.3658    34.0040    34.0045    27.2165    27.2174    7.80409 0.0000e+00
       4364    113.005     1.4206     1.4124   2.954068   2.953402     2.0191     2.4322      8.021     0.7616    -0.3258 1.0715e-01    -0.1004   102.5416     7.1033     7.3635    34.0052    34.0056    27.2173    27.2182    7.80364 0.0000e+00
       4367    113.059     1.4226     1.4148   2.954323   2.953677     2.0199     2.4330      8.021     0.7722    -0.3653 1.0715e-01    -0.0976   102.4693     7.1056     7.3654    34.0063    34.0065    27.2180    27.2188    7.80318 0.0000e+00
       4370    113.111     1.4241     1.4173   2.954486   2.953968     2.0195     2.4326      8.021     0.7616    -0.3258 1.0715e-01    -0.0972   102.4602     7.1035     7.3657    34.0067    34.0074    27.2183    27.2193    7.80287 0.0000e+00
       4373    113.167     1.4272     1.4193   2.954900   2.954144     2.0191     2.4322      8.021     0.7510    -0.3258 1.0715e-01    -0.0972   102.4602     7.1015     7.3654    34.0086    34.0075    27.2196    27.2192    7.80214 0.0000e+00
       4376    113.221     1.4320     1.4217   2.955361   2.954477     2.0199     2.4326      8.021     0.7616    -0.3653 1.0715e-01    -0.0969   102.4512     7.1063     7.3663    34.0092    34.0091    27.2197    27.2204    7.80114 0.0000e+00
       4379    113.278     1.4345     1.4257   2.955533   2.954874     2.0195     2.4334      8.019     0.7510    -0.3653 1.0727e-01    -0.0969   102.4512     7.1026     7.3719    34.0087    34.0098    27.2191    27.2206    7.80066 0.0000e+00
       4382    113.340     1.4386     1.4283   2.956092   2.955154     2.0195     2.4334      8.019     0.7510    -0.3258 1.0715e-01    -0.0972   102.4602     7.1002     7.3734    34.0113    34.0105    27.2209    27.2210    7.79970 0.0000e+00
       4385    113.404     1.4450     1.4352   2.956693   2.955954     2.0195     2.4334      8.021     0.7510    -0.3258 1.0715e-01    -0.0969   102.4512     7.0961     7.3741    34.0119    34.0132    27.2210    27.2227    7.79836 0.0000e+00
       4388    113.473     1.4486     1.4416   2.956954   2.956491     2.0199     2.4326      8.021     0.7616    -0.2074 1.0715e-01    -0.1004   102.5416     7.0970     7.3726    34.0113    34.0131    27.2202    27.2221    7.79767 0.0000e+00
       4391    113.544     1.4490     1.4439   2.956946   2.956558     2.0195     2.4334      8.019     0.7616    -0.1679 1.0715e-01    -0.1004   102.5416     7.0968     7.3765    34.0108    34.0113    27.2198    27.2206    7.79763 0.0000e+00
       4394    113.625     1.4529     1.4441   2.957612   2.956738     2.0195     2.4334      8.021     0.7616    -0.0889 1.0715e-01    -0.1004   102.5416     7.0995     7.3802    34.0150    34.0134    27.2229    27.2222    7.79662 0.0000e+00
       4397    113.712     1.4643     1.4512   2.958606   2.957583     2.0195     2.4334      8.019     0.7616    -0.0889 1.0715e-01    -0.1004   102.5416     7.0978     7.3775    34.0152    34.0164    27.2223    27.2241    7.79431 0.0000e+00
       4400    113.810     1.4690     1.4587   2.958954   2.958161     2.0195     2.4338      8.019     0.7510    -0.1284 1.0715e-01    -0.1004   102.5416     7.0968     7.3754    34.0144    34.0155    27.2213    27.2229    7.79340 0.0000e+00
       4403    113.916     1.4706     1.4626   2.959063   2.958473     2.0195     2.4334      8.019     0.7616    -0.1284 1.0715e-01    -0.1011   102.5597     7.0967     7.3750    34.0140    34.0152    27.2209    27.2224    7.79309 0.0000e+00
       4406    114.030     1.4713     1.4642   2.959091   2.958579     2.0199     2.4346      8.018     0.7722    -0.0889 1.0715e-01    -0.0965   102.4421     7.0985     7.3815    34.0136    34.0148    27.2204    27.2219    7.79298 0.0000e+00
       4409    114.155     1.4714     1.4654   2.959171   2.958702     2.0195     2.4346      8.019     0.8040    -0.1679 1.0715e-01    -0.0820   102.0714     7.0975     7.3848    34.0144    34.0149    27.2211    27.2219    7.79292 0.0000e+00
       4412    114.286     1.4743     1.4696   2.959549   2.959188     2.0207     2.4350      8.021     0.8040    -0.0100 1.0715e-01    -0.0824   102.0804     7.1028     7.3864    34.0160    34.0164    27.2222    27.2229    7.79226 0.0000e+00
       4415    114.423     1.4778     1.4733   2.959842   2.959483     2.0207     2.4354      8.019     0.7934     1.0559 1.0715e-01    -0.0824   102.0804     7.1003     7.3859    34.0158    34.0162    27.2218    27.2224    7.79155 0.0000e+00
       4418    114.565     1.4823     1.4763   2.960480   2.959934     2.0207     2.4354      8.021     0.7934     1.0559 1.0715e-01    -0.0824   102.0804     7.0982     7.3859    34.0189    34.0185    27.2240    27.2241    7.79048 0.0000e+00
       4421    114.711     1.4981     1.4897   2.962312   2.961591     2.0203     2.4342      8.019     0.7934     1.0954 1.0715e-01    -0.0824   102.0804     7.0925     7.3782    34.0250    34.0250    27.2277    27.2283    7.78698 0.0000e+00
       4424    114.868     1.5162     1.5098   2.963922   2.963444     2.0203     2.4354      8.021     0.7934     1.0559 1.0715e-01    -0.0820   102.0714     7.0903     7.3776    34.0258    34.0266    27.2271    27.2282    7.78330 0.0000e+00
       4427    115.025     1.5311     1.5236   2.965486   2.964815     2.0199     2.4358      8.021     0.7934     1.0954 1.0715e-01    -0.0894   102.2613     7.0861     7.3752    34.0293    34.0289    27.2289    27.2291    7.78012 0.0000e+00
       4430    115.185     1.5487     1.5401   2.967182   2.966446     2.0203     2.4359      8.020     0.7934     1.0559 1.0715e-01    -0.0983   102.4874     7.0864     7.3700    34.0317    34.0317    27.2295    27.2302    7.77646 0.0000e+00
       4433    115.351     1.5620     1.5537   2.968468   2.967763     2.0211     2.4371      8.020     0.7828     1.0954 1.0715e-01    -0.0983   102.4874     7.0891     7.3727    34.0335    34.0336    27.2300    27.2307    7.77370 0.0000e+00
       4436    115.520     1.5729     1.5661   2.969507   2.968985     2.0203     2.4359      8.020     0.7722     1.0559 1.0715e-01    -0.0983   102.4874     7.0832     7.3682    34.0348    34.0356    27.2303    27.2314    7.77145 0.0000e+00
       4439    115.688     1.5814     1.5749   2.970302   2.969764     2.0195     2.4367      8.022     0.7616     2.1219 1.0715e-01    -0.0983   102.4874     7.0794     7.3696    34.0356    34.0358    27.2303    27.2309    7.76971 0.0000e+00
       4442    115.854     1.5908     1.5825   2.971390   2.970649     2.0207     2.4367      8.023     0.7510     4.3722 1.0715e-01    -0.0983   102.4874     7.0853     7.3680    34.0391    34.0387    27.2324    27.2327    7.76764 0.0000e+00
       4445    116.016     1.6034     1.5956   2.972658   2.972033     2.0211     2.4371      8.023     0.7616     4.2932 1.0715e-01    -0.0983   102.4874     7.0878     7.3675    34.0414    34.0419    27.2334    27.2343    7.76500 0.0000e+00
       4448    116.170     1.6097     1.6041   2.973159   2.972712     2.0215     2.4371      8.025     0.7616     4.2932 1.0715e-01    -0.0905   102.2884     7.0897     7.3643    34.0408    34.0413    27.2324    27.2332    7.76376 0.0000e+00
       4451    116.322     1.6141     1.6079   2.973588   2.973043     2.0215     2.4371      8.025     0.7510     4.2932 1.0715e-01    -0.0877   102.2161     7.0873     7.3631    34.0415    34.0413    27.2326    27.2329    7.76286 0.0000e+00
       4454    116.468     1.6188     1.6119   2.974152   2.973541     2.0219     2.4371      8.025     0.7616     4.2932 1.0715e-01    -0.0877   102.2161     7.0863     7.3616    34.0434    34.0431    27.2338    27.2341    7.76180 0.0000e+00
       4457    116.602     1.6273     1.6184   2.975312   2.974407     2.0223     2.4383      8.027     0.7616     4.2932 1.0715e-01    -0.0877   102.2161     7.0872     7.3626    34.0488    34.0470    27.2375    27.2367    7.75982 0.0000e+00
       4460    116.728     1.6403     1.6322   2.976651   2.975979     2.0215     2.4387      8.030     0.7616     4.2932 1.0715e-01    -0.0877   102.2161     7.0824     7.3614    34.0516    34.0518    27.2389    27.2396    7.75708 0.0000e+00
       4463    116.843     1.6473     1.6412   2.977267   2.976730     2.0215     2.4379      8.028     0.7722     4.2932 1.0715e-01    -0.0873   102.2070     7.0773     7.3547    34.0517    34.0516    27.2385    27.2388    7.75567 0.0000e+00
       4466    116.947     1.6527     1.6481   2.977754   2.977411     2.0219     2.4379      8.030     0.7616     4.1353 1.0715e-01    -0.0884   102.2342     7.0734     7.3545    34.0520    34.0526    27.2382    27.2391    7.75458 0.0000e+00
       4469    117.040     1.6568     1.6530   2.978229   2.977834     2.0228     2.4391      8.030     0.7616     4.0564 1.0715e-01    -0.0986   102.4964     7.0754     7.3573    34.0536    34.0526    27.2392    27.2388    7.75369 0.0000e+00
       4472    117.121     1.6641     1.6586   2.978837   2.978487     2.0219     2.4395      8.030     0.7616     4.0564 1.0715e-01    -0.0993   102.5145     7.0701     7.3563    34.0533    34.0548    27.2385    27.2401    7.75225 0.0000e+00
       4475    117.193     1.6686     1.6632   2.978945   2.978853     2.0219     2.4387      8.030     0.7722     4.0564 1.0715e-01    -0.0993   102.5145     7.0701     7.3504    34.0497    34.0544    27.2353    27.2394    7.75153 0.0000e+00
       4478    117.253     1.6685     1.6647   2.978891   2.978944     2.0219     2.4387      8.030     0.7510     4.0564 1.0715e-01    -0.0993   102.5145     7.0698     7.3494    34.0492    34.0539    27.2348    27.2389    7.75159 0.0000e+00
       4481    117.302     1.6689     1.6655   2.978921   2.979007     2.0232     2.4383      8.030     0.7510     4.0564 1.0715e-01    -0.0993   102.5145     7.0779     7.3480    34.0491    34.0538    27.2347    27.2388    7.75150 0.0000e+00
       4484    117.344     1.6666     1.6660   2.978505   2.978980     2.0223     2.4395      8.030     0.7722     4.0564 1.0715e-01    -0.0993   102.5145     7.0775     7.3539    34.0463    34.0529    27.2327    27.2380    7.75211 0.0000e+00
       4487    117.379     1.6649     1.6643   2.978086   2.978799     2.0223     2.4391      8.030     0.7510     4.0564 1.0727e-01    -0.0983   102.4874     7.0775     7.3547    34.0428    34.0524    27.2300    27.2377    7.75263 0.0000e+00
       4490    117.407     1.6589     1.6542   2.978029   2.977873     2.0223     2.4403      8.030     0.7722     4.0564 1.0715e-01    -0.0972   102.4602     7.0780     7.3586    34.0485    34.0517    27.2350    27.2379    7.75353 0.0000e+00
       4512    117.532     1.6700     1.6667   2.979288   2.979068     2.0236     2.4407      8.030     0.7299     3.1089 1.0715e-01    -0.0993   102.5145     7.0974     7.3691    34.0523    34.0532    27.2372    27.2382    7.75111 0.0000e+00
       4515    117.562     1.6702     1.6670   2.979358   2.979123     2.0236     2.4399      8.030     0.7299     3.1089 1.0715e-01    -0.0993   102.5145     7.0974     7.3702    34.0530    34.0535    27.2378    27.2385    7.75104 0.0000e+00
       4518    117.594     1.6714     1.6664   2.979492   2.979025     2.0236     2.4411      8.030     0.7299     1.7666 1.0715e-01    -0.0993   102.5145     7.0988     7.3766    34.0534    34.0529    27.2381    27.2380    7.75078 0.0000e+00
       4521    117.631     1.6717     1.6649   2.979459   2.978958     2.0248     2.4407      8.030     0.7299     0.4243 1.0715e-01    -0.0993   102.5145     7.1063     7.3761    34.0527    34.0537    27.2374    27.2387    7.75076 0.0000e+00
       4524    117.680     1.6704     1.6656   2.979363   2.979034     2.0252     2.4420      8.028     0.7299     0.5032 1.0715e-01    -0.0993   102.5145     7.1057     7.3806    34.0528    34.0539    27.2376    27.2388    7.75101 0.0000e+00
       4527    117.734     1.6702     1.6664   2.979362   2.979105     2.0252     2.4424      8.028     0.7299     0.4243 1.0715e-01    -0.0993   102.5145     7.1055     7.3827    34.0529    34.0538    27.2377    27.2388    7.75103 0.0000e+00
       4530    117.799     1.6697     1.6665   2.979304   2.979088     2.0260     2.4432      8.030     0.7299     0.5032 1.0715e-01    -0.0993   102.5145     7.1115     7.3857    34.0528    34.0535    27.2376    27.2385    7.75115 0.0000e+00
       4533    117.874     1.6714     1.6670   2.979552   2.979191     2.0260     2.4436      8.030     0.7405     0.5032 1.0715e-01    -0.0990   102.5055     7.1124     7.3856    34.0540    34.0541    27.2385    27.2389    7.75074 0.0000e+00
       4536    117.957     1.6735     1.6676   2.979739   2.979273     2.0260     2.4432      8.030     0.7299     0.5032 1.0715e-01    -0.0990   102.5055     7.1144     7.3841    34.0541    34.0545    27.2384    27.2392    7.75033 0.0000e+00
       4539    118.050     1.6742     1.6688   2.979776   2.979381     2.0260     2.4440      8.030     0.7616     0.5032 1.0715e-01    -0.0990   102.5055     7.1144     7.3858    34.0537    34.0545    27.2381    27.2391    7.75021 0.0000e+00
       4542    118.149     1.6758     1.6695   2.979991   2.979409     2.0268     2.4440      8.030     0.7616     0.4637 1.0715e-01    -0.0993   102.5145     7.1145     7.3828    34.0547    34.0540    27.2387    27.2387    7.74984 0.0000e+00
       4545    118.263     1.6775     1.6701   2.980133   2.979534     2.0264     2.4440      8.030     0.7510     2.5167 1.0727e-01    -0.0993   102.5145     7.1124     7.3804    34.0545    34.0549    27.2384    27.2393    7.74950 0.0000e+00
       4548    118.384     1.6795     1.6726   2.980320   2.979802     2.0256     2.4444      8.030     0.7616     3.1484 1.0715e-01    -0.0993   102.5145     7.1100     7.3797    34.0546    34.0555    27.2384    27.2397    7.74910 0.0000e+00
       4551    118.510     1.6802     1.6745   2.980388   2.979927     2.0276     2.4444      8.030     0.7616     3.1089 1.0715e-01    -0.1015   102.5687     7.1199     7.3791    34.0546    34.0550    27.2384    27.2391    7.74895 0.0000e+00
       4554    118.645     1.6804     1.6756   2.980323   2.980012     2.0276     2.4440      8.030     0.7722     3.1089 1.0715e-01    -0.1015   102.5687     7.1227     7.3782    34.0535    34.0548    27.2375    27.2388    7.74897 0.0000e+00
       4557    118.788     1.6804     1.6754   2.980368   2.979974     2.0276     2.4444      8.030     0.7616     3.1089 1.0727e-01    -0.1015   102.5687     7.1245     7.3818    34.0541    34.0545    27.2379    27.2386    7.74895 0.0000e+00
       4560    118.940     1.6816     1.6757   2.980491   2.980037     2.0289     2.4452      8.030     0.7510     3.1089 1.0715e-01    -0.1015   102.5687     7.1317     7.3876    34.0542    34.0549    27.2379    27.2389    7.74870 0.0000e+00
       4563    119.093     1.6882     1.6797   2.981659   2.980870     2.0281     2.4456      8.030     0.7722     3.1089 1.0715e-01    -0.1015   102.5687     7.1277     7.3894    34.0617    34.0609    27.2434    27.2434    7.74698 0.0000e+00
       4566    119.249     1.7098     1.6975   2.984316   2.983138     2.0285     2.4452      8.030     0.7510     3.1089 1.0715e-01    -0.1015   102.5687     7.1242     7.3820    34.0718    34.0703    27.2500    27.2497    7.74216 0.0000e+00
       4569    119.409     1.7546     1.7344   2.989599   2.987815     2.0293     2.4460      8.029     0.7722     2.6746 1.0715e-01    -0.0997   102.5235     7.1165     7.3738    34.0899    34.0894    27.2612    27.2622    7.73230 0.0000e+00
