Datasets/Test_Dataset_39219_tow/tel219_2021_003.cnv
* Sea-Bird SBE19plus Data File:
* Filename = C:/AQUIRE/tel219_2021_003.hex
* Software Version AquireV2 AF V2.0
* Temperature SN =  4020
* Conductivity SN =  4020
* System UpLoad Time = May 06 2021 05:21:40
** VESSEL/TRIP/SEQ STN: tel219_2021_003
** LATITUDE: 45 54.58 N
** LONGITUDE: 54 01.44 W
** DATE/TIME: 2021-05-06 04:24
** SOUNDING DEPTH (M): 0127
** PROBE TYPE: S4020
** CTD NUMBER:   3
** FORMAT: t
** COMMENTS: 
# nquan = 7                                 
# nvalues = 2728                        
# units = specified
# name 0 = scan: Scan Count
# name 1 = prdM: Pressure, Strain Gauge [db]
# name 2 = tv290C: Temperature [ITS-90, deg C]
# name 3 = c0S/m: Conductivity [S/m]
# name 4 = sal00: Salinity, Practical [PSU]
# name 5 = sigma-t00: Density [sigma-t, kg/m^3 ]
# name 6 = flag: flag
# span 0 =          1,       2728       
# span 1 =     -0.095,    123.717       
# span 2 =     0.5914,     3.2392       
# span 3 =   0.004008,   2.951093       
# span 4 =     0.0304,    32.6742       
# span 5 =    -0.0069,    26.1963       
# span 6 = 0.0000e+00, 0.0000e+00       
# interval = seconds: 1
# start_time = May 06 2021 04:24:57 [Instrument's time stamp, header]
# bad_flag = -9.990e-29
*END*
[from data line 616]
        617     17.634     2.5919   2.903926    32.2078    25.6902 0.0000e+00
        618     18.005     2.5852   2.903438    32.2084    25.6912 0.0000e+00
        619     18.376     2.5788   2.902952    32.2087    25.6920 0.0000e+00
        620     18.749     2.5718   2.902411    32.2089    25.6927 0.0000e+00
        621     19.119     2.5646   2.901836    32.2090    25.6933 0.0000e+00
        622     19.484     2.5577   2.901296    32.2091    25.6940 0.0000e+00
        623     19.848     2.5508   2.900734    32.2090    25.6944 0.0000e+00
        624     20.217     2.5438   2.900120    32.2083    25.6944 0.0000e+00
        625     20.595     2.5370   2.899566    32.2082    25.6949 0.0000e+00
        626     20.976     2.5313   2.899100    32.2080    25.6952 0.0000e+00
        627     21.352     2.5269   2.898753    32.2080    25.6955 0.0000e+00
        628     21.721     2.5237   2.898526    32.2082    25.6960 0.0000e+00
        629     22.086     2.5210   2.898287    32.2078    25.6959 0.0000e+00
        630     22.452     2.5187   2.898069    32.2073    25.6956 0.0000e+00
        631     22.823     2.5168   2.897971    32.2078    25.6962 0.0000e+00
        632     23.201     2.5154   2.897909    32.2082    25.6966 0.0000e+00
        633     23.584     2.5141   2.897795    32.2079    25.6965 0.0000e+00
        634     23.971     2.5124   2.897615    32.2072    25.6961 0.0000e+00
        635     24.360     2.5104   2.897421    32.2067    25.6958 0.0000e+00
        636     24.747     2.5088   2.897298    32.2066    25.6958 0.0000e+00
        637     25.135     2.5079   2.897244    32.2066    25.6959 0.0000e+00
        638     25.524     2.5076   2.897220    32.2064    25.6958 0.0000e+00
        639     25.912     2.5076   2.897224    32.2063    25.6956 0.0000e+00
        640     26.301     2.5073   2.897222    32.2063    25.6957 0.0000e+00
        641     26.688     2.5059   2.897110    32.2062    25.6957 0.0000e+00
        642     27.075     2.5035   2.896884    32.2056    25.6954 0.0000e+00
        643     27.461     2.5007   2.896665    32.2055    25.6956 0.0000e+00
        644     27.844     2.4985   2.896519    32.2057    25.6960 0.0000e+00
        645     28.229     2.4969   2.896419    32.2059    25.6962 0.0000e+00
        646     28.616     2.4956   2.896324    32.2059    25.6963 0.0000e+00
        647     29.004     2.4943   2.896218    32.2057    25.6962 0.0000e+00
        648     29.393     2.4927   2.896101    32.2056    25.6963 0.0000e+00
        649     29.783     2.4904   2.895918    32.2055    25.6964 0.0000e+00
        650     30.175     2.4873   2.895674    32.2054    25.6966 0.0000e+00
        651     30.576     2.4842   2.895432    32.2054    25.6968 0.0000e+00
        652     30.982     2.4815   2.895213    32.2052    25.6968 0.0000e+00
        653     31.382     2.4793   2.895053    32.2052    25.6970 0.0000e+00
        654     31.776     2.4775   2.894949    32.2056    25.6974 0.0000e+00
        655     32.167     2.4762   2.894856    32.2055    25.6975 0.0000e+00
        656     32.561     2.4749   2.894744    32.2052    25.6974 0.0000e+00
        657     32.959     2.4735   2.894645    32.2052    25.6975 0.0000e+00
        658     33.357     2.4726   2.894592    32.2053    25.6976 0.0000e+00
        659     33.751     2.4716   2.894540    32.2054    25.6978 0.0000e+00
        660     34.152     2.4703   2.894443    32.2053    25.6978 0.0000e+00
        661     34.563     2.4687   2.894312    32.2051    25.6978 0.0000e+00
        662     34.976     2.4670   2.894191    32.2051    25.6979 0.0000e+00
        663     35.382     2.4656   2.894121    32.2055    25.6983 0.0000e+00
        664     35.782     2.4646   2.894086    32.2058    25.6987 0.0000e+00
        665     36.178     2.4636   2.894036    32.2060    25.6989 0.0000e+00
        666     36.572     2.4627   2.893970    32.2059    25.6989 0.0000e+00
        667     36.965     2.4618   2.893918    32.2059    25.6990 0.0000e+00
        668     37.358     2.4612   2.893881    32.2059    25.6990 0.0000e+00
        669     37.755     2.4608   2.893852    32.2057    25.6989 0.0000e+00
        670     38.155     2.4603   2.893841    32.2059    25.6991 0.0000e+00
        671     38.557     2.4596   2.893817    32.2061    25.6993 0.0000e+00
        672     38.967     2.4584   2.893736    32.2061    25.6994 0.0000e+00
        673     39.384     2.4569   2.893625    32.2060    25.6994 0.0000e+00
        674     39.803     2.4556   2.893523    32.2058    25.6994 0.0000e+00
        675     40.217     2.4547   2.893453    32.2057    25.6993 0.0000e+00
        676     40.627     2.4538   2.893397    32.2057    25.6994 0.0000e+00
        677     41.039     2.4528   2.893338    32.2057    25.6995 0.0000e+00
        678     41.453     2.4519   2.893280    32.2057    25.6996 0.0000e+00
        679     41.869     2.4508   2.893191    32.2055    25.6995 0.0000e+00
        680     42.287     2.4493   2.893072    32.2053    25.6995 0.0000e+00
        681     42.702     2.4480   2.892980    32.2053    25.6995 0.0000e+00
        682     43.118     2.4470   2.892910    32.2052    25.6995 0.0000e+00
        683     43.539     2.4461   2.892698    32.2033    25.6981 0.0000e+00
        684     43.967     2.4452   2.892530    32.2019    25.6970 0.0000e+00
        685     44.395     2.4443   2.892651    32.2041    25.6988 0.0000e+00
        686     44.817     2.4433   2.892727    32.2058    25.7003 0.0000e+00
        687     45.235     2.4425   2.892698    32.2060    25.7005 0.0000e+00
        688     45.649     2.4419   2.892762    32.2072    25.7015 0.0000e+00
        689     46.059     2.4417   2.892946    32.2094    25.7033 0.0000e+00
        690     46.469     2.4425   2.893454    32.2146    25.7074 0.0000e+00
        691     46.883     2.4446   2.894546    32.2257    25.7161 0.0000e+00
        692     47.302     2.4465   2.895904    32.2403    25.7276 0.0000e+00
        693     47.725     2.4455   2.896787    32.2519    25.7370 0.0000e+00
        694     48.151     2.4420   2.897045    32.2584    25.7424 0.0000e+00
        695     48.579     2.4377   2.897002    32.2620    25.7456 0.0000e+00
        696     49.014     2.4341   2.896898    32.2641    25.7476 0.0000e+00
        697     49.455     2.4304   2.896760    32.2659    25.7494 0.0000e+00
        698     49.902     2.4254   2.896513    32.2677    25.7512 0.0000e+00
        699     50.353     2.4203   2.896296    32.2699    25.7534 0.0000e+00
        700     50.805     2.4168   2.896264    32.2728    25.7560 0.0000e+00
        701     51.259     2.4155   2.896414    32.2758    25.7584 0.0000e+00
        702     51.719     2.4161   2.896691    32.2783    25.7604 0.0000e+00
        703     52.176     2.4180   2.896956    32.2794    25.7611 0.0000e+00
        704     52.623     2.4208   2.897170    32.2790    25.7605 0.0000e+00
        705     53.063     2.4246   2.897698    32.2814    25.7622 0.0000e+00
        706     53.496     2.4311   2.899094    32.2917    25.7699 0.0000e+00
        707     53.920     2.4412   2.901524    32.3111    25.7847 0.0000e+00
        708     54.344     2.4518   2.904065    32.3314    25.8001 0.0000e+00
        709     54.770     2.4596   2.905622    32.3424    25.8082 0.0000e+00
        710     55.197     2.4649   2.906427    32.3467    25.8112 0.0000e+00
        711     55.627     2.4693   2.907069    32.3499    25.8135 0.0000e+00
        712     56.058     2.4745   2.907800    32.3534    25.8158 0.0000e+00
        713     56.485     2.4808   2.908668    32.3574    25.8186 0.0000e+00
        714     56.906     2.4888   2.909544    32.3598    25.8199 0.0000e+00
        715     57.320     2.5031   2.911210    32.3656    25.8233 0.0000e+00
        716     57.724     2.5266   2.914289    32.3793    25.8325 0.0000e+00
        717     58.115     2.5525   2.917495    32.3922    25.8407 0.0000e+00
        718     58.490     2.5733   2.919799    32.3991    25.8446 0.0000e+00
        719     58.850     2.5857   2.921320    32.4050    25.8483 0.0000e+00
        720     59.197     2.5884   2.921888    32.4090    25.8513 0.0000e+00
        721     59.531     2.5846   2.921783    32.4114    25.8535 0.0000e+00
        722     59.847     2.5758   2.921296    32.4142    25.8564 0.0000e+00
        723     60.151     2.5605   2.920046    32.4142    25.8577 0.0000e+00
        724     60.447     2.5447   2.918661    32.4131    25.8580 0.0000e+00
        725     60.728     2.5386   2.918458    32.4167    25.8614 0.0000e+00
        726     60.990     2.5404   2.919140    32.4231    25.8663 0.0000e+00
        727     61.237     2.5358   2.918950    32.4253    25.8685 0.0000e+00
        728     61.469     2.5157   2.917105    32.4229    25.8682 0.0000e+00
        729     61.681     2.4829   2.914105    32.4193    25.8678 0.0000e+00
        730     61.873     2.4489   2.911018    32.4158    25.8677 0.0000e+00
        731     62.048     2.4241   2.909043    32.4166    25.8703 0.0000e+00
        732     62.211     2.4104   2.908163    32.4196    25.8738 0.0000e+00
        733     62.365     2.4018   2.907565    32.4209    25.8755 0.0000e+00
        734     62.511     2.3936   2.906869    32.4206    25.8759 0.0000e+00
        735     62.645     2.3853   2.906213    32.4209    25.8768 0.0000e+00
        736     62.767     2.3775   2.905664    32.4220    25.8783 0.0000e+00
        737     62.886     2.3674   2.904906    32.4229    25.8797 0.0000e+00
        738     63.006     2.3537   2.903747    32.4225    25.8805 0.0000e+00
        739     63.120     2.3376   2.902401    32.4222    25.8815 0.0000e+00
        740     63.227     2.3223   2.901200    32.4229    25.8832 0.0000e+00
        741     63.329     2.3097   2.900307    32.4246    25.8856 0.0000e+00
        742     63.429     2.2992   2.899631    32.4269    25.8883 0.0000e+00
        743     63.530     2.2885   2.898919    32.4290    25.8907 0.0000e+00
        744     63.627     2.2757   2.897994    32.4306    25.8930 0.0000e+00
        745     63.713     2.2614   2.896921    32.4319    25.8951 0.0000e+00
        746     63.793     2.2465   2.895881    32.4341    25.8980 0.0000e+00
        747     63.881     2.2313   2.894847    32.4368    25.9013 0.0000e+00
        748     63.976     2.2169   2.893838    32.4390    25.9041 0.0000e+00
        749     64.073     2.2048   2.893016    32.4411    25.9068 0.0000e+00
        750     64.174     2.1951   2.892349    32.4427    25.9088 0.0000e+00
        751     64.276     2.1862   2.891757    32.4444    25.9108 0.0000e+00
        752     64.377     2.1770   2.891125    32.4459    25.9127 0.0000e+00
        753     64.481     2.1682   2.890481    32.4469    25.9141 0.0000e+00
        754     64.589     2.1617   2.890085    32.4486    25.9160 0.0000e+00
        755     64.702     2.1574   2.889888    32.4504    25.9178 0.0000e+00
        756     64.820     2.1532   2.889659    32.4518    25.9192 0.0000e+00
        757     64.938     2.1472   2.889285    32.4533    25.9208 0.0000e+00
        758     65.057     2.1383   2.888718    32.4553    25.9231 0.0000e+00
        759     65.176     2.1262   2.887905    32.4575    25.9258 0.0000e+00
        760     65.301     2.1112   2.886868    32.4599    25.9288 0.0000e+00
        761     65.438     2.0915   2.885527    32.4634    25.9330 0.0000e+00
        762     65.581     2.0624   2.883489    32.4678    25.9387 0.0000e+00
        763     65.726     2.0183   2.880345    32.4738    25.9467 0.0000e+00
        764     65.871     1.9575   2.875725    32.4785    25.9550 0.0000e+00
        765     66.015     1.8899   2.870432    32.4819    25.9625 0.0000e+00
        766     66.159     1.8271   2.865828    32.4888    25.9725 0.0000e+00
        767     66.307     1.7690   2.861566    32.4952    25.9817 0.0000e+00
        768     66.464     1.7131   2.857238    32.4985    25.9882 0.0000e+00
        769     66.631     1.6627   2.853315    32.5011    25.9938 0.0000e+00
        770     66.801     1.6151   2.849587    32.5033    25.9988 0.0000e+00
        771     66.970     1.5654   2.845749    32.5063    26.0046 0.0000e+00
        772     67.145     1.5156   2.842003    32.5105    26.0113 0.0000e+00
        773     67.327     1.4651   2.837947    32.5115    26.0154 0.0000e+00
        774     67.510     1.4057   2.833041    32.5109    26.0188 0.0000e+00
        775     67.699     1.3332   2.827454    32.5153    26.0270 0.0000e+00
        776     67.892     1.2587   2.821970    32.5230    26.0380 0.0000e+00
        777     68.083     1.2033   2.818223    32.5329    26.0494 0.0000e+00
        778     68.273     1.1749   2.816590    32.5416    26.0581 0.0000e+00
        779     68.465     1.1629   2.815624    32.5417    26.0590 0.0000e+00
        780     68.665     1.1568   2.814923    32.5390    26.0572 0.0000e+00
        781     68.872     1.1534   2.814702    32.5396    26.0579 0.0000e+00
        782     69.085     1.1515   2.814474    32.5386    26.0572 0.0000e+00
        783     69.298     1.1493   2.814083    32.5357    26.0550 0.0000e+00
        784     69.507     1.1457   2.813637    32.5337    26.0536 0.0000e+00
        785     69.717     1.1416   2.813087    32.5308    26.0516 0.0000e+00
        786     69.934     1.1391   2.812712    32.5285    26.0499 0.0000e+00
        787     70.155     1.1391   2.812807    32.5296    26.0508 0.0000e+00
        788     70.377     1.1399   2.813044    32.5317    26.0524 0.0000e+00
        789     70.598     1.1372   2.812937    32.5330    26.0536 0.0000e+00
        790     70.818     1.1292   2.812416    32.5346    26.0554 0.0000e+00
        791     71.040     1.1189   2.811760    32.5368    26.0578 0.0000e+00
        792     71.265     1.1099   2.811169    32.5386    26.0597 0.0000e+00
        793     71.493     1.0993   2.810348    32.5390    26.0607 0.0000e+00
        794     71.728     1.0841   2.809131    32.5392    26.0618 0.0000e+00
        795     71.969     1.0686   2.807962    32.5403    26.0637 0.0000e+00
        796     72.207     1.0583   2.807186    32.5410    26.0649 0.0000e+00
        797     72.443     1.0505   2.806717    32.5430    26.0669 0.0000e+00
        798     72.681     1.0385   2.806215    32.5490    26.0725 0.0000e+00
        799     72.919     1.0222   2.805407    32.5556    26.0787 0.0000e+00
        800     73.156     1.0086   2.804616    32.5596    26.0828 0.0000e+00
        801     73.395     1.0024   2.804273    32.5615    26.0847 0.0000e+00
        802     73.637     1.0014   2.804207    32.5616    26.0848 0.0000e+00
        803     73.877     1.0015   2.804218    32.5615    26.0847 0.0000e+00
        804     74.117     1.0011   2.804291    32.5627    26.0857 0.0000e+00
        805     74.362     0.9990   2.804304    32.5649    26.0876 0.0000e+00
        806     74.604     0.9930   2.804002    32.5672    26.0898 0.0000e+00
        807     74.842     0.9824   2.803239    32.5684    26.0914 0.0000e+00
        808     75.082     0.9710   2.802400    32.5694    26.0929 0.0000e+00
        809     75.323     0.9630   2.801867    32.5709    26.0945 0.0000e+00
        810     75.567     0.9571   2.801657    32.5742    26.0976 0.0000e+00
        811     75.815     0.9497   2.801521    32.5801    26.1027 0.0000e+00
        812     76.064     0.9392   2.801074    32.5852    26.1075 0.0000e+00
        813     76.310     0.9275   2.800408    32.5888    26.1111 0.0000e+00
        814     76.554     0.9160   2.799750    32.5923    26.1145 0.0000e+00
        815     76.797     0.9038   2.798918    32.5942    26.1168 0.0000e+00
        816     77.040     0.8913   2.797971    32.5951    26.1182 0.0000e+00
        817     77.281     0.8806   2.797348    32.5981    26.1213 0.0000e+00
        818     77.525     0.8724   2.797097    32.6034    26.1260 0.0000e+00
        819     77.777     0.8657   2.796764    32.6060    26.1285 0.0000e+00
        820     78.034     0.8585   2.796257    32.6069    26.1297 0.0000e+00
