Datasets/Test_Dataset_39219_tow/tel219_2021_083.cnv
* Sea-Bird SBE19plus Data File:
* Filename = C:/AQUIRE/tel219_2021_083.hex
* Software Version AquireV2 AF V2.0
* Temperature SN =  4020
* Conductivity SN =  4020
* System UpLoad Time = May 16 2021 21:34:31
** VESSEL/TRIP/SEQ STN: tel219_2021_083
** LATITUDE: 46 28.35 N
** LONGITUDE: 56 23.86 W
** DATE/TIME: 2021-05-16 20:52
** SOUNDING DEPTH (M): 0063
** PROBE TYPE: S4020
** CTD NUMBER: 083
** FORMAT: T
** COMMENTS: 
# nquan = 7                                 
# nvalues = 2582                        
# units = specified
# name 0 = scan: Scan Count
# name 1 = prdM: Pressure, Strain Gauge [db]
# name 2 = tv290C: Temperature [ITS-90, deg C]
# name 3 = c0S/m: Conductivity [S/m]
# name 4 = sal00: Salinity, Practical [PSU]
# name 5 = sigma-t00: Density [sigma-t, kg/m^3 ]
# name 6 = flag: flag
# span 0 =          1,       2582       
# span 1 =      0.040,     59.498       
# span 2 =     2.3876,     6.9413       
# span 3 =   0.009839,   3.124567       
# span 4 =     0.0704,    32.3304       
# span 5 =    -0.0347,    25.5945       
# span 6 = 0.0000e+00, 0.0000e+00       
# interval = seconds: 1
# start_time = May 16 2021 20:52:17 [Instrument's time stamp, header]
# bad_flag = -9.990e-29
*END*
[from data line 1642]
       1643     58.403     2.5454   2.888822    32.0479    25.5661 0.0000e+00
       1644     58.403     2.5401   2.888440    32.0485    25.5670 0.0000e+00
       1645     58.405     2.5324   2.887864    32.0492    25.5682 0.0000e+00
       1646     58.415     2.5235   2.887229    32.0503    25.5698 0.0000e+00
       1647     58.433     2.5167   2.886697    32.0506    25.5706 0.0000e+00
       1648     58.453     2.5162   2.886688    32.0510    25.5709 0.0000e+00
       1649     58.471     2.5224   2.887155    32.0505    25.5700 0.0000e+00
       1650     58.475     2.5318   2.887844    32.0495    25.5685 0.0000e+00
       1651     58.460     2.5402   2.888444    32.0484    25.5670 0.0000e+00
       1652     58.438     2.5466   2.888849    32.0470    25.5653 0.0000e+00
       1653     58.423     2.5528   2.889282    32.0461    25.5641 0.0000e+00
       1654     58.418     2.5591   2.889746    32.0454    25.5631 0.0000e+00
       1655     58.416     2.5636   2.890097    32.0452    25.5626 0.0000e+00
       1656     58.409     2.5638   2.890079    32.0448    25.5622 0.0000e+00
       1657     58.399     2.5600   2.889726    32.0443    25.5621 0.0000e+00
       1658     58.391     2.5560   2.889420    32.0446    25.5626 0.0000e+00
       1659     58.392     2.5543   2.889324    32.0451    25.5632 0.0000e+00
       1660     58.393     2.5540   2.889362    32.0459    25.5638 0.0000e+00
       1661     58.382     2.5534   2.889323    32.0460    25.5640 0.0000e+00
       1662     58.362     2.5528   2.889246    32.0457    25.5638 0.0000e+00
       1663     58.341     2.5530   2.889267    32.0457    25.5638 0.0000e+00
       1664     58.323     2.5531   2.889294    32.0460    25.5640 0.0000e+00
       1665     58.314     2.5526   2.889240    32.0458    25.5639 0.0000e+00
       1666     58.310     2.5519   2.889174    32.0457    25.5639 0.0000e+00
       1667     58.305     2.5514   2.889154    32.0460    25.5641 0.0000e+00
       1668     58.295     2.5508   2.889133    32.0463    25.5644 0.0000e+00
       1669     58.283     2.5501   2.889082    32.0464    25.5646 0.0000e+00
       1670     58.273     2.5490   2.888974    32.0462    25.5645 0.0000e+00
       1671     58.266     2.5482   2.888912    32.0462    25.5646 0.0000e+00
       1672     58.254     2.5484   2.888966    32.0467    25.5649 0.0000e+00
       1673     58.232     2.5484   2.888963    32.0467    25.5649 0.0000e+00
       1674     58.201     2.5488   2.888954    32.0462    25.5645 0.0000e+00
       1675     58.169     2.5517   2.889147    32.0457    25.5638 0.0000e+00
       1676     58.148     2.5556   2.889474    32.0458    25.5636 0.0000e+00
       1677     58.141     2.5583   2.889676    32.0455    25.5632 0.0000e+00
       1678     58.144     2.5595   2.889690    32.0445    25.5623 0.0000e+00
       1679     58.153     2.5608   2.889744    32.0438    25.5617 0.0000e+00
       1680     58.160     2.5625   2.889902    32.0441    25.5617 0.0000e+00
       1681     58.167     2.5625   2.889927    32.0444    25.5620 0.0000e+00
       1682     58.174     2.5606   2.889760    32.0442    25.5620 0.0000e+00
       1683     58.174     2.5585   2.889631    32.0448    25.5626 0.0000e+00
       1684     58.166     2.5570   2.889552    32.0453    25.5631 0.0000e+00
       1685     58.152     2.5554   2.889430    32.0454    25.5634 0.0000e+00
       1686     58.139     2.5542   2.889341    32.0455    25.5636 0.0000e+00
       1687     58.135     2.5538   2.889312    32.0456    25.5636 0.0000e+00
       1688     58.136     2.5541   2.889328    32.0455    25.5635 0.0000e+00
       1689     58.135     2.5553   2.889411    32.0453    25.5633 0.0000e+00
       1690     58.133     2.5573   2.889553    32.0450    25.5629 0.0000e+00
       1691     58.132     2.5593   2.889681    32.0446    25.5624 0.0000e+00
       1692     58.137     2.5617   2.889845    32.0442    25.5619 0.0000e+00
       1693     58.144     2.5648   2.890106    32.0443    25.5617 0.0000e+00
       1694     58.143     2.5675   2.890297    32.0439    25.5612 0.0000e+00
       1695     58.134     2.5686   2.890357    32.0435    25.5608 0.0000e+00
       1696     58.123     2.5677   2.890291    32.0436    25.5610 0.0000e+00
       1697     58.116     2.5652   2.890100    32.0438    25.5613 0.0000e+00
       1698     58.113     2.5621   2.889894    32.0444    25.5620 0.0000e+00
       1699     58.107     2.5595   2.889713    32.0448    25.5625 0.0000e+00
       1700     58.098     2.5575   2.889571    32.0451    25.5629 0.0000e+00
       1701     58.088     2.5552   2.889459    32.0460    25.5639 0.0000e+00
       1702     58.084     2.5518   2.889232    32.0466    25.5646 0.0000e+00
       1703     58.087     2.5471   2.888913    32.0474    25.5656 0.0000e+00
       1704     58.091     2.5407   2.888480    32.0486    25.5670 0.0000e+00
       1705     58.093     2.5330   2.887909    32.0493    25.5682 0.0000e+00
       1706     58.091     2.5245   2.887382    32.0514    25.5705 0.0000e+00
       1707     58.083     2.5141   2.886712    32.0536    25.5731 0.0000e+00
       1708     58.073     2.5027   2.885856    32.0545    25.5748 0.0000e+00
       1709     58.060     2.4952   2.885292    32.0552    25.5759 0.0000e+00
       1710     58.045     2.4943   2.885280    32.0559    25.5766 0.0000e+00
       1711     58.028     2.4964   2.885498    32.0565    25.5768 0.0000e+00
       1712     58.017     2.4953   2.885371    32.0561    25.5766 0.0000e+00
       1713     58.016     2.4924   2.885044    32.0550    25.5759 0.0000e+00
       1714     58.021     2.4938   2.885134    32.0547    25.5756 0.0000e+00
       1715     58.025     2.5002   2.885642    32.0545    25.5749 0.0000e+00
       1716     58.028     2.5084   2.886187    32.0529    25.5730 0.0000e+00
       1717     58.031     2.5175   2.886760    32.0508    25.5706 0.0000e+00
       1718     58.034     2.5259   2.887386    32.0500    25.5694 0.0000e+00
       1719     58.037     2.5297   2.887635    32.0493    25.5685 0.0000e+00
       1720     58.037     2.5294   2.887522    32.0482    25.5676 0.0000e+00
       1721     58.030     2.5286   2.887480    32.0485    25.5679 0.0000e+00
       1722     58.019     2.5266   2.887399    32.0495    25.5689 0.0000e+00
       1723     58.010     2.5213   2.887014    32.0501    25.5698 0.0000e+00
       1724     58.008     2.5137   2.886480    32.0512    25.5712 0.0000e+00
       1725     58.011     2.5059   2.885949    32.0525    25.5729 0.0000e+00
       1726     58.015     2.4989   2.885475    32.0537    25.5744 0.0000e+00
       1727     58.017     2.4899   2.884952    32.0563    25.5772 0.0000e+00
       1728     58.014     2.4775   2.884115    32.0585    25.5799 0.0000e+00
       1729     58.000     2.4651   2.883245    32.0603    25.5823 0.0000e+00
       1730     57.985     2.4558   2.882592    32.0617    25.5841 0.0000e+00
       1731     57.975     2.4501   2.882132    32.0617    25.5846 0.0000e+00
       1732     57.975     2.4482   2.881974    32.0617    25.5847 0.0000e+00
       1733     57.985     2.4496   2.882087    32.0617    25.5846 0.0000e+00
       1734     57.992     2.4530   2.882340    32.0614    25.5841 0.0000e+00
       1735     57.983     2.4577   2.882665    32.0606    25.5832 0.0000e+00
       1736     57.963     2.4635   2.883033    32.0593    25.5817 0.0000e+00
       1737     57.947     2.4698   2.883413    32.0577    25.5799 0.0000e+00
       1738     57.942     2.4762   2.883824    32.0563    25.5783 0.0000e+00
       1739     57.944     2.4825   2.884257    32.0553    25.5770 0.0000e+00
       1740     57.947     2.4879   2.884615    32.0543    25.5757 0.0000e+00
       1741     57.948     2.4923   2.884902    32.0534    25.5746 0.0000e+00
       1742     57.947     2.4950   2.885115    32.0533    25.5744 0.0000e+00
       1743     57.944     2.4937   2.885030    32.0535    25.5747 0.0000e+00
       1744     57.942     2.4879   2.884620    32.0543    25.5758 0.0000e+00
       1745     57.940     2.4795   2.884067    32.0560    25.5777 0.0000e+00
       1746     57.938     2.4720   2.883524    32.0568    25.5790 0.0000e+00
       1747     57.931     2.4694   2.883307    32.0568    25.5792 0.0000e+00
       1748     57.922     2.4738   2.883618    32.0562    25.5784 0.0000e+00
       1749     57.921     2.4832   2.884300    32.0551    25.5768 0.0000e+00
       1750     57.928     2.4932   2.884991    32.0536    25.5747 0.0000e+00
       1751     57.939     2.5006   2.885456    32.0518    25.5728 0.0000e+00
       1752     57.949     2.5057   2.885760    32.0504    25.5713 0.0000e+00
       1753     57.957     2.5104   2.886088    32.0497    25.5703 0.0000e+00
       1754     57.964     2.5147   2.886418    32.0494    25.5698 0.0000e+00
       1755     57.970     2.5180   2.886620    32.0486    25.5689 0.0000e+00
       1756     57.972     2.5214   2.886833    32.0478    25.5679 0.0000e+00
       1757     57.964     2.5248   2.887097    32.0476    25.5675 0.0000e+00
       1758     57.953     2.5252   2.887164    32.0481    25.5678 0.0000e+00
       1759     57.944     2.5210   2.886838    32.0483    25.5684 0.0000e+00
       1760     57.934     2.5181   2.886529    32.0474    25.5679 0.0000e+00
       1761     57.930     2.5217   2.886887    32.0482    25.5682 0.0000e+00
       1762     57.934     2.5268   2.887342    32.0486    25.5682 0.0000e+00
       1763     57.941     2.5293   2.887384    32.0467    25.5664 0.0000e+00
       1764     57.950     2.5321   2.887579    32.0462    25.5658 0.0000e+00
       1765     57.961     2.5358   2.887886    32.0463    25.5656 0.0000e+00
       1766     57.967     2.5377   2.888028    32.0461    25.5653 0.0000e+00
       1767     57.961     2.5365   2.887983    32.0468    25.5659 0.0000e+00
       1768     57.948     2.5331   2.887684    32.0465    25.5660 0.0000e+00
       1769     57.935     2.5318   2.887548    32.0462    25.5658 0.0000e+00
       1770     57.924     2.5336   2.887762    32.0470    25.5663 0.0000e+00
       1771     57.914     2.5354   2.887920    32.0471    25.5663 0.0000e+00
       1772     57.904     2.5359   2.887941    32.0469    25.5661 0.0000e+00
       1773     57.897     2.5351   2.887891    32.0471    25.5663 0.0000e+00
       1774     57.894     2.5334   2.887764    32.0472    25.5665 0.0000e+00
       1775     57.894     2.5322   2.887678    32.0474    25.5667 0.0000e+00
       1776     57.896     2.5321   2.887686    32.0476    25.5669 0.0000e+00
       1777     57.900     2.5317   2.887657    32.0476    25.5670 0.0000e+00
       1778     57.904     2.5301   2.887541    32.0478    25.5672 0.0000e+00
       1779     57.906     2.5272   2.887353    32.0484    25.5680 0.0000e+00
       1780     57.903     2.5240   2.887127    32.0488    25.5686 0.0000e+00
       1781     57.895     2.5216   2.887012    32.0498    25.5696 0.0000e+00
       1782     57.883     2.5174   2.886787    32.0513    25.5711 0.0000e+00
       1783     57.870     2.5092   2.886161    32.0519    25.5721 0.0000e+00
       1784     57.862     2.4998   2.885498    32.0532    25.5739 0.0000e+00
       1785     57.860     2.4901   2.884888    32.0554    25.5765 0.0000e+00
       1786     57.862     2.4802   2.884127    32.0560    25.5777 0.0000e+00
       1787     57.865     2.4749   2.883748    32.0567    25.5787 0.0000e+00
       1788     57.866     2.4759   2.883903    32.0576    25.5793 0.0000e+00
       1789     57.865     2.4800   2.884203    32.0572    25.5787 0.0000e+00
       1790     57.863     2.4843   2.884483    32.0563    25.5776 0.0000e+00
       1791     57.860     2.4862   2.884539    32.0551    25.5765 0.0000e+00
       1792     57.854     2.4869   2.884535    32.0543    25.5758 0.0000e+00
       1793     57.842     2.4890   2.884714    32.0544    25.5758 0.0000e+00
       1794     57.826     2.4923   2.884941    32.0539    25.5751 0.0000e+00
       1795     57.813     2.4962   2.885177    32.0529    25.5740 0.0000e+00
       1796     57.801     2.5001   2.885476    32.0526    25.5735 0.0000e+00
       1797     57.782     2.5021   2.885638    32.0526    25.5733 0.0000e+00
       1798     57.759     2.5014   2.885554    32.0523    25.5731 0.0000e+00
       1799     57.739     2.4994   2.885392    32.0523    25.5733 0.0000e+00
       1800     57.725     2.4972   2.885266    32.0530    25.5740 0.0000e+00
       1801     57.717     2.4934   2.885021    32.0538    25.5749 0.0000e+00
       1802     57.711     2.4893   2.884681    32.0538    25.5752 0.0000e+00
       1803     57.705     2.4899   2.884726    32.0537    25.5751 0.0000e+00
       1804     57.698     2.4959   2.885199    32.0535    25.5745 0.0000e+00
       1805     57.689     2.5039   2.885745    32.0522    25.5728 0.0000e+00
       1806     57.684     2.5118   2.886277    32.0508    25.5711 0.0000e+00
       1807     57.686     2.5177   2.886691    32.0499    25.5699 0.0000e+00
       1808     57.688     2.5208   2.886849    32.0488    25.5687 0.0000e+00
       1809     57.678     2.5233   2.886961    32.0476    25.5677 0.0000e+00
       1810     57.663     2.5266   2.887235    32.0477    25.5674 0.0000e+00
       1811     57.659     2.5289   2.887443    32.0479    25.5675 0.0000e+00
       1812     57.671     2.5288   2.887419    32.0477    25.5673 0.0000e+00
       1813     57.691     2.5271   2.887293    32.0479    25.5676 0.0000e+00
       1814     57.707     2.5244   2.887113    32.0484    25.5682 0.0000e+00
       1815     57.715     2.5213   2.886884    32.0487    25.5686 0.0000e+00
       1816     57.718     2.5193   2.886735    32.0488    25.5689 0.0000e+00
       1817     57.723     2.5198   2.886788    32.0490    25.5690 0.0000e+00
       1818     57.732     2.5220   2.886982    32.0492    25.5690 0.0000e+00
       1819     57.741     2.5244   2.887177    32.0491    25.5688 0.0000e+00
       1820     57.746     2.5260   2.887285    32.0489    25.5684 0.0000e+00
       1821     57.748     2.5256   2.887258    32.0489    25.5685 0.0000e+00
       1822     57.752     2.5231   2.887042    32.0488    25.5686 0.0000e+00
       1823     57.762     2.5202   2.886825    32.0490    25.5690 0.0000e+00
       1824     57.779     2.5167   2.886662    32.0505    25.5705 0.0000e+00
       1825     57.796     2.5103   2.886191    32.0512    25.5715 0.0000e+00
       1826     57.805     2.5035   2.885661    32.0515    25.5723 0.0000e+00
       1827     57.802     2.4996   2.885476    32.0531    25.5739 0.0000e+00
       1828     57.790     2.4953   2.885251    32.0547    25.5755 0.0000e+00
       1829     57.778     2.4897   2.884809    32.0549    25.5761 0.0000e+00
       1830     57.772     2.4850   2.884433    32.0550    25.5766 0.0000e+00
       1831     57.769     2.4825   2.884272    32.0556    25.5772 0.0000e+00
       1832     57.767     2.4831   2.884333    32.0557    25.5772 0.0000e+00
       1833     57.771     2.4855   2.884484    32.0551    25.5766 0.0000e+00
       1834     57.783     2.4886   2.884667    32.0543    25.5757 0.0000e+00
       1835     57.797     2.4921   2.884932    32.0540    25.5752 0.0000e+00
       1836     57.812     2.4951   2.885135    32.0535    25.5745 0.0000e+00
       1837     57.822     2.4979   2.885290    32.0526    25.5736 0.0000e+00
       1838     57.822     2.5009   2.885539    32.0526    25.5734 0.0000e+00
       1839     57.817     2.5002   2.885521    32.0531    25.5738 0.0000e+00
       1840     57.811     2.4955   2.885118    32.0529    25.5740 0.0000e+00
       1841     57.805     2.4912   2.884803    32.0533    25.5747 0.0000e+00
       1842     57.797     2.4886   2.884651    32.0541    25.5755 0.0000e+00
       1843     57.787     2.4877   2.884584    32.0542    25.5757 0.0000e+00
       1844     57.778     2.4886   2.884655    32.0541    25.5756 0.0000e+00
       1845     57.773     2.4901   2.884764    32.0540    25.5753 0.0000e+00
       1846     57.771     2.4906   2.884802    32.0539    25.5752 0.0000e+00
