Datasets/Test_Dataset_39219_tow/tel219_2021_060.cnv
* Sea-Bird SBE19plus Data File:
* Filename = C:/AQUIRE/tel219_2021_060.hex
* Software Version AquireV2 AF V2.0
* Temperature SN =  4020
* Conductivity SN =  4020
* System UpLoad Time = May 14 2021 11:52:45
** VESSEL/TRIP/SEQ STN: tel219_2021_060
** LATITUDE: 45 01.95 N
** LONGITUDE: 54 42.02 W
** DATE/TIME: 2021-05-14 11:01
** SOUNDING DEPTH (M): 0322
** PROBE TYPE: S4020
** CTD NUMBER:  60
** FORMAT: T
** COMMENTS: 
# nquan = 7                                 
# nvalues = 3145                        
# units = specified
# name 0 = scan: Scan Count
# name 1 = prdM: Pressure, Strain Gauge [db]
# name 2 = tv290C: Temperature [ITS-90, deg C]
# name 3 = c0S/m: Conductivity [S/m]
# name 4 = sal00: Salinity, Practical [PSU]
# name 5 = sigma-t00: Density [sigma-t, kg/m^3 ]
# name 6 = flag: flag
# span 0 =          1,       3145       
# span 1 =     -0.580,    288.177       
# span 2 =     0.9282,     9.6255       
# span 3 =   0.008095,   3.791595       
# span 4 =     0.0601,    35.1669       
# span 5 =     0.0121,    27.2682       
# span 6 = 0.0000e+00, 0.0000e+00       
# interval = seconds: 1
# start_time = May 14 2021 11:01:29 [Instrument's time stamp, header]
# bad_flag = -9.990e-29
*END*
[from data line 1436]
       1437    281.908     9.1447   3.755502    35.1513    27.2133 0.0000e+00
       1438    281.958     9.1435   3.755365    35.1510    27.2132 0.0000e+00
       1439    281.995     9.1416   3.755096    35.1501    27.2128 0.0000e+00
       1440    282.030     9.1413   3.755038    35.1497    27.2126 0.0000e+00
       1441    282.081     9.1415   3.755088    35.1500    27.2128 0.0000e+00
       1442    282.152     9.1397   3.754869    35.1495    27.2127 0.0000e+00
       1443    282.225     9.1375   3.754644    35.1493    27.2129 0.0000e+00
       1444    282.288     9.1373   3.754646    35.1495    27.2130 0.0000e+00
       1445    282.348     9.1383   3.754765    35.1497    27.2130 0.0000e+00
       1446    282.405     9.1378   3.754782    35.1503    27.2136 0.0000e+00
       1447    282.456     9.1344   3.754454    35.1502    27.2141 0.0000e+00
       1448    282.499     9.1301   3.753952    35.1492    27.2140 0.0000e+00
       1449    282.543     9.1274   3.753641    35.1486    27.2140 0.0000e+00
       1450    282.601     9.1275   3.753653    35.1486    27.2139 0.0000e+00
       1451    282.668     9.1290   3.753831    35.1490    27.2140 0.0000e+00
       1452    282.729     9.1298   3.753922    35.1491    27.2140 0.0000e+00
       1453    282.776     9.1290   3.753823    35.1488    27.2139 0.0000e+00
       1454    282.812     9.1276   3.753679    35.1487    27.2140 0.0000e+00
       1455    282.843     9.1276   3.753650    35.1484    27.2137 0.0000e+00
       1456    282.877     9.1317   3.754046    35.1484    27.2131 0.0000e+00
       1457    282.919     9.1403   3.755069    35.1506    27.2135 0.0000e+00
       1458    282.969     9.1481   3.755976    35.1524    27.2136 0.0000e+00
       1459    283.016     9.1501   3.756058    35.1513    27.2124 0.0000e+00
       1460    283.050     9.1492   3.755821    35.1497    27.2112 0.0000e+00
       1461    283.074     9.1499   3.755914    35.1499    27.2113 0.0000e+00
       1462    283.101     9.1500   3.756006    35.1508    27.2120 0.0000e+00
       1463    283.137     9.1457   3.755529    35.1500    27.2121 0.0000e+00
       1464    283.181     9.1385   3.754716    35.1486    27.2122 0.0000e+00
       1465    283.225     9.1318   3.754072    35.1485    27.2131 0.0000e+00
       1466    283.258     9.1274   3.753699    35.1489    27.2142 0.0000e+00
       1467    283.276     9.1239   3.753440    35.1496    27.2153 0.0000e+00
       1468    283.286     9.1153   3.752601    35.1493    27.2165 0.0000e+00
       1469    283.303     9.1010   3.750940    35.1460    27.2162 0.0000e+00
       1470    283.332     9.0902   3.749873    35.1455    27.2176 0.0000e+00
       1471    283.364     9.0883   3.749976    35.1485    27.2202 0.0000e+00
       1472    283.386     9.0905   3.750304    35.1497    27.2208 0.0000e+00
       1473    283.397     9.0942   3.750584    35.1490    27.2196 0.0000e+00
       1474    283.407     9.1005   3.751200    35.1492    27.2188 0.0000e+00
       1475    283.421     9.1056   3.751741    35.1498    27.2185 0.0000e+00
       1476    283.440     9.1054   3.751586    35.1484    27.2174 0.0000e+00
       1477    283.461     9.1032   3.751338    35.1480    27.2174 0.0000e+00
       1478    283.479     9.1010   3.751264    35.1493    27.2188 0.0000e+00
       1479    283.492     9.0859   3.750177    35.1529    27.2240 0.0000e+00
       1480    283.509     9.0416   3.745963    35.1525    27.2309 0.0000e+00
       1481    283.529     8.9825   3.739616    35.1443    27.2340 0.0000e+00
       1482    283.547     8.9422   3.735887    35.1450    27.2411 0.0000e+00
       1483    283.566     8.9224   3.734684    35.1519    27.2497 0.0000e+00
       1484    283.592     8.9002   3.732223    35.1480    27.2502 0.0000e+00
       1485    283.624     8.8724   3.728972    35.1413    27.2494 0.0000e+00
       1486    283.654     8.8505   3.727058    35.1429    27.2541 0.0000e+00
       1487    283.675     8.8395   3.726579    35.1487    27.2604 0.0000e+00
       1488    283.685     8.8368   3.726657    35.1522    27.2636 0.0000e+00
       1489    283.693     8.8358   3.726428    35.1508    27.2626 0.0000e+00
       1490    283.710     8.8328   3.725674    35.1458    27.2592 0.0000e+00
       1491    283.741     8.8336   3.725384    35.1419    27.2561 0.0000e+00
       1492    283.785     8.8473   3.726764    35.1429    27.2546 0.0000e+00
       1493    283.834     8.8734   3.729357    35.1443    27.2516 0.0000e+00
       1494    283.875     8.9060   3.732238    35.1423    27.2448 0.0000e+00
       1495    283.904     8.9467   3.736046    35.1420    27.2380 0.0000e+00
       1496    283.931     8.9941   3.740866    35.1458    27.2333 0.0000e+00
       1497    283.967     9.0349   3.744956    35.1483    27.2287 0.0000e+00
       1498    284.014     9.0604   3.747286    35.1475    27.2240 0.0000e+00
       1499    284.065     9.0733   3.748344    35.1458    27.2206 0.0000e+00
       1500    284.107     9.0729   3.748305    35.1458    27.2206 0.0000e+00
       1501    284.137     9.0537   3.746509    35.1459    27.2238 0.0000e+00
       1502    284.162     9.0155   3.742685    35.1436    27.2282 0.0000e+00
       1503    284.194     8.9732   3.738156    35.1379    27.2305 0.0000e+00
       1504    284.239     8.9559   3.736574    35.1383    27.2337 0.0000e+00
       1505    284.290     8.9709   3.738730    35.1461    27.2373 0.0000e+00
       1506    284.336     8.9943   3.741036    35.1471    27.2344 0.0000e+00
       1507    284.374     9.0118   3.742442    35.1446    27.2296 0.0000e+00
       1508    284.404     9.0258   3.743671    35.1436    27.2265 0.0000e+00
       1509    284.431     9.0369   3.744674    35.1432    27.2244 0.0000e+00
       1510    284.464     9.0414   3.745262    35.1449    27.2250 0.0000e+00
       1511    284.505     9.0344   3.744656    35.1454    27.2265 0.0000e+00
       1512    284.552     9.0172   3.742901    35.1440    27.2282 0.0000e+00
       1513    284.596     8.9989   3.741114    35.1433    27.2306 0.0000e+00
       1514    284.633     8.9866   3.740052    35.1443    27.2334 0.0000e+00
       1515    284.667     8.9759   3.739246    35.1464    27.2368 0.0000e+00
       1516    284.703     8.9579   3.737633    35.1472    27.2403 0.0000e+00
       1517    284.738     8.9320   3.735019    35.1454    27.2430 0.0000e+00
       1518    284.769     8.9078   3.732599    35.1439    27.2457 0.0000e+00
       1519    284.796     8.8946   3.731475    35.1451    27.2488 0.0000e+00
       1520    284.824     8.8918   3.731239    35.1454    27.2495 0.0000e+00
       1521    284.853     8.8948   3.731483    35.1450    27.2487 0.0000e+00
       1522    284.879     8.8995   3.732074    35.1465    27.2491 0.0000e+00
       1523    284.901     8.9096   3.732736    35.1435    27.2451 0.0000e+00
       1524    284.919     8.9418   3.735570    35.1414    27.2383 0.0000e+00
       1525    284.936     8.9971   3.741481    35.1488    27.2352 0.0000e+00
       1526    284.957     9.0453   3.746097    35.1495    27.2280 0.0000e+00
       1527    284.970     9.0683   3.747326    35.1397    27.2166 0.0000e+00
       1528    284.968     9.0742   3.747572    35.1365    27.2131 0.0000e+00
       1529    284.960     9.0712   3.747503    35.1387    27.2153 0.0000e+00
       1530    284.966     9.0686   3.747331    35.1395    27.2164 0.0000e+00
       1531    284.992     9.0777   3.748248    35.1401    27.2154 0.0000e+00
       1532    285.015     9.0920   3.749205    35.1360    27.2098 0.0000e+00
       1533    285.012     9.0989   3.749325    35.1304    27.2044 0.0000e+00
       1534    284.987     9.1025   3.749979    35.1337    27.2064 0.0000e+00
       1535    284.961     9.1093   3.751424    35.1421    27.2118 0.0000e+00
       1536    284.953     9.1179   3.752688    35.1469    27.2142 0.0000e+00
       1537    284.967     9.1246   3.753386    35.1476    27.2136 0.0000e+00
       1538    284.993     9.1280   3.753661    35.1471    27.2127 0.0000e+00
       1539    285.023     9.1282   3.753657    35.1468    27.2124 0.0000e+00
       1540    285.061     9.1278   3.753594    35.1465    27.2123 0.0000e+00
       1541    285.105     9.1291   3.753693    35.1463    27.2119 0.0000e+00
       1542    285.147     9.1315   3.753798    35.1450    27.2105 0.0000e+00
       1543    285.173     9.1329   3.753871    35.1444    27.2097 0.0000e+00
       1544    285.188     9.1325   3.753977    35.1459    27.2110 0.0000e+00
       1545    285.211     9.1312   3.754027    35.1476    27.2126 0.0000e+00
       1546    285.251     9.1306   3.754066    35.1486    27.2135 0.0000e+00
       1547    285.298     9.1316   3.754176    35.1488    27.2134 0.0000e+00
       1548    285.340     9.1331   3.754312    35.1487    27.2131 0.0000e+00
       1549    285.377     9.1334   3.754342    35.1487    27.2131 0.0000e+00
       1550    285.413     9.1326   3.754245    35.1484    27.2130 0.0000e+00
       1551    285.448     9.1327   3.754250    35.1484    27.2129 0.0000e+00
       1552    285.476     9.1349   3.754534    35.1492    27.2132 0.0000e+00
       1553    285.497     9.1384   3.754936    35.1499    27.2132 0.0000e+00
       1554    285.516     9.1399   3.755135    35.1505    27.2134 0.0000e+00
       1555    285.532     9.1349   3.754673    35.1506    27.2143 0.0000e+00
       1556    285.544     9.1237   3.753411    35.1484    27.2144 0.0000e+00
       1557    285.555     9.1121   3.752360    35.1489    27.2167 0.0000e+00
       1558    285.566     9.1012   3.751517    35.1508    27.2200 0.0000e+00
       1559    285.572     9.0891   3.750152    35.1485    27.2201 0.0000e+00
       1560    285.571     9.0761   3.748980    35.1490    27.2226 0.0000e+00
       1561    285.573     9.0568   3.747062    35.1480    27.2249 0.0000e+00
       1562    285.584     9.0330   3.744242    35.1420    27.2241 0.0000e+00
       1563    285.595     9.0227   3.743274    35.1420    27.2257 0.0000e+00
       1564    285.589     9.0347   3.744633    35.1444    27.2257 0.0000e+00
       1565    285.565     9.0606   3.747244    35.1462    27.2229 0.0000e+00
       1566    285.533     9.0881   3.750144    35.1494    27.2210 0.0000e+00
       1567    285.505     9.1092   3.752298    35.1511    27.2189 0.0000e+00
       1568    285.491     9.1217   3.753492    35.1513    27.2170 0.0000e+00
       1569    285.484     9.1238   3.753654    35.1509    27.2164 0.0000e+00
       1570    285.469     9.1158   3.752693    35.1488    27.2160 0.0000e+00
       1571    285.445     9.1067   3.751626    35.1466    27.2157 0.0000e+00
       1572    285.418     9.1038   3.751487    35.1480    27.2173 0.0000e+00
       1573    285.391     9.1038   3.751583    35.1490    27.2181 0.0000e+00
       1574    285.369     9.1026   3.751343    35.1477    27.2173 0.0000e+00
       1575    285.355     9.0995   3.751077    35.1480    27.2180 0.0000e+00
       1576    285.338     9.0920   3.750675    35.1512    27.2217 0.0000e+00
       1577    285.305     9.0726   3.749279    35.1557    27.2284 0.0000e+00
       1578    285.255     9.0412   3.745916    35.1515    27.2302 0.0000e+00
       1579    285.205     9.0197   3.743134    35.1437    27.2275 0.0000e+00
       1580    285.173     9.0281   3.744234    35.1469    27.2287 0.0000e+00
       1581    285.162     9.0527   3.746988    35.1515    27.2283 0.0000e+00
       1582    285.159     9.0700   3.748403    35.1492    27.2238 0.0000e+00
       1583    285.143     9.0759   3.748717    35.1467    27.2208 0.0000e+00
       1584    285.102     9.0763   3.748672    35.1458    27.2201 0.0000e+00
       1585    285.048     9.0761   3.748638    35.1457    27.2200 0.0000e+00
       1586    285.009     9.0792   3.748997    35.1464    27.2201 0.0000e+00
       1587    285.001     9.0815   3.749254    35.1468    27.2200 0.0000e+00
       1588    285.015     9.0778   3.748682    35.1445    27.2188 0.0000e+00
       1589    285.027     9.0761   3.748296    35.1421    27.2172 0.0000e+00
       1590    285.025     9.0842   3.749328    35.1449    27.2181 0.0000e+00
       1591    285.010     9.0931   3.750660    35.1501    27.2207 0.0000e+00
       1592    285.000     9.0910   3.750351    35.1489    27.2201 0.0000e+00
       1593    285.008     9.0844   3.749483    35.1464    27.2192 0.0000e+00
       1594    285.034     9.0844   3.749627    35.1479    27.2204 0.0000e+00
       1595    285.068     9.0937   3.750413    35.1469    27.2181 0.0000e+00
       1596    285.089     9.1083   3.751871    35.1477    27.2164 0.0000e+00
       1597    285.076     9.1191   3.753126    35.1502    27.2166 0.0000e+00
       1598    285.015     9.1208   3.753319    35.1506    27.2166 0.0000e+00
       1599    284.899     9.1187   3.753151    35.1510    27.2172 0.0000e+00
       1600    284.747     9.1182   3.753112    35.1511    27.2174 0.0000e+00
       1601    284.595     9.1171   3.753017    35.1513    27.2177 0.0000e+00
       1602    284.471     9.1130   3.752636    35.1514    27.2185 0.0000e+00
       1603    284.372     9.1082   3.752207    35.1517    27.2195 0.0000e+00
       1604    284.283     9.1048   3.751934    35.1522    27.2205 0.0000e+00
       1605    284.189     9.1025   3.751683    35.1519    27.2206 0.0000e+00
       1606    284.083     9.1005   3.751289    35.1498    27.2193 0.0000e+00
       1607    283.982     9.1020   3.751302    35.1485    27.2180 0.0000e+00
       1608    283.907     9.1057   3.751973    35.1519    27.2201 0.0000e+00
       1609    283.861     9.1011   3.751775    35.1544    27.2228 0.0000e+00
       1610    283.831     9.0876   3.750332    35.1526    27.2236 0.0000e+00
       1611    283.804     9.0762   3.749298    35.1531    27.2258 0.0000e+00
       1612    283.778     9.0680   3.748700    35.1549    27.2286 0.0000e+00
       1613    283.758     9.0582   3.747534    35.1524    27.2282 0.0000e+00
       1614    283.755     9.0487   3.746304    35.1489    27.2270 0.0000e+00
       1615    283.774     9.0431   3.745710    35.1482    27.2273 0.0000e+00
       1616    283.805     9.0398   3.745495    35.1492    27.2286 0.0000e+00
       1617    283.835     9.0344   3.745165    35.1511    27.2310 0.0000e+00
       1618    283.858     9.0250   3.744379    35.1521    27.2333 0.0000e+00
       1619    283.875     9.0137   3.743360    35.1526    27.2355 0.0000e+00
       1620    283.889     9.0013   3.742438    35.1551    27.2395 0.0000e+00
       1621    283.903     8.9870   3.741145    35.1557    27.2423 0.0000e+00
       1622    283.919     8.9766   3.739789    35.1517    27.2408 0.0000e+00
       1623    283.942     8.9751   3.739513    35.1503    27.2400 0.0000e+00
       1624    283.970     8.9775   3.739819    35.1512    27.2402 0.0000e+00
       1625    283.996     8.9793   3.740027    35.1515    27.2402 0.0000e+00
       1626    284.014     8.9809   3.740268    35.1525    27.2407 0.0000e+00
       1627    284.026     8.9813   3.740317    35.1526    27.2407 0.0000e+00
       1628    284.044     8.9787   3.739953    35.1513    27.2402 0.0000e+00
       1629    284.077     8.9733   3.739303    35.1498    27.2399 0.0000e+00
       1630    284.116     8.9645   3.738545    35.1506    27.2419 0.0000e+00
       1631    284.147     8.9505   3.737286    35.1512    27.2446 0.0000e+00
       1632    284.167     8.9381   3.735933    35.1492    27.2451 0.0000e+00
       1633    284.183     8.9384   3.735785    35.1474    27.2435 0.0000e+00
       1634    284.197     8.9528   3.737023    35.1461    27.2403 0.0000e+00
       1635    284.213     8.9717   3.738895    35.1471    27.2380 0.0000e+00
       1636    284.238     8.9824   3.740058    35.1487    27.2375 0.0000e+00
       1637    284.267     8.9811   3.739846    35.1477    27.2370 0.0000e+00
       1638    284.294     8.9743   3.739165    35.1473    27.2377 0.0000e+00
       1639    284.316     8.9681   3.738723    35.1488    27.2399 0.0000e+00
       1640    284.332     8.9641   3.738460    35.1500    27.2415 0.0000e+00
       1641    284.348     8.9608   3.738093    35.1494    27.2415 0.0000e+00
