Datasets/Test_Dataset_39219_tow/tel219_2021_031.cnv
* Sea-Bird SBE19plus Data File:
* Filename = C:/AQUIRE/tel219_2021_031.hex
* Software Version AquireV2 AF V2.0
* Temperature SN =  4020
* Conductivity SN =  4020
* System UpLoad Time = May 11 2021 00:41:35
** VESSEL/TRIP/SEQ STN: tel219_2021_031
** LATITUDE: 45 33.71 N
** LONGITUDE: 56 33.92 W
** DATE/TIME: 2021-05-10 23:44
** SOUNDING DEPTH (M): 0232
** PROBE TYPE: S4020
** CTD NUMBER: 031
** FORMAT: T
** COMMENTS: 
# nquan = 7                                 
# nvalues = 3471                        
# units = specified
# name 0 = scan: Scan Count
# name 1 = prdM: Pressure, Strain Gauge [db]
# name 2 = tv290C: Temperature [ITS-90, deg C]
# name 3 = c0S/m: Conductivity [S/m]
# name 4 = sal00: Salinity, Practical [PSU]
# name 5 = sigma-t00: Density [sigma-t, kg/m^3 ]
# name 6 = flag: flag
# span 0 =          1,       3471       
# span 1 =     -0.752,    233.884       
# span 2 =     0.6650,     9.4189       
# span 3 =   0.003260,   3.765834       
# span 4 =     0.0243,    35.1264       
# span 5 =    -0.0055,    27.3512       
# span 6 = 0.0000e+00, 0.0000e+00       
# interval = seconds: 1
# start_time = May 10 2021 23:44:56 [Instrument's time stamp, header]
# bad_flag = -9.990e-29
*END*
[from data line 1642]
       1643    230.690     8.6346   3.700367    35.1004    27.2551 0.0000e+00
       1644    230.731     8.6347   3.700400    35.1007    27.2552 0.0000e+00
       1645    230.769     8.6338   3.700334    35.1008    27.2555 0.0000e+00
       1646    230.810     8.6334   3.700276    35.1006    27.2554 0.0000e+00
       1647    230.860     8.6324   3.700197    35.1007    27.2557 0.0000e+00
       1648    230.912     8.6296   3.699971    35.1011    27.2564 0.0000e+00
       1649    230.952     8.6273   3.699727    35.1008    27.2565 0.0000e+00
       1650    230.975     8.6275   3.699706    35.1004    27.2561 0.0000e+00
       1651    230.990     8.6290   3.699845    35.1003    27.2559 0.0000e+00
       1652    231.010     8.6305   3.699980    35.1003    27.2556 0.0000e+00
       1653    231.045     8.6322   3.700127    35.1001    27.2552 0.0000e+00
       1654    231.095     8.6342   3.700292    35.0998    27.2547 0.0000e+00
       1655    231.144     8.6352   3.700396    35.0999    27.2546 0.0000e+00
       1656    231.177     8.6349   3.700386    35.1001    27.2548 0.0000e+00
       1657    231.195     8.6334   3.700261    35.1003    27.2551 0.0000e+00
       1658    231.210     8.6315   3.700093    35.1004    27.2555 0.0000e+00
       1659    231.233     8.6297   3.699936    35.1005    27.2559 0.0000e+00
       1660    231.262     8.6289   3.699855    35.1004    27.2559 0.0000e+00
       1661    231.286     8.6295   3.699915    35.1004    27.2559 0.0000e+00
       1662    231.301     8.6300   3.699972    35.1005    27.2559 0.0000e+00
       1663    231.309     8.6298   3.699946    35.1004    27.2558 0.0000e+00
       1664    231.318     8.6303   3.699973    35.1002    27.2556 0.0000e+00
       1665    231.337     8.6322   3.700130    35.1000    27.2551 0.0000e+00
       1666    231.365     8.6351   3.700367    35.0996    27.2544 0.0000e+00
       1667    231.399     8.6376   3.700558    35.0991    27.2536 0.0000e+00
       1668    231.424     8.6378   3.700593    35.0993    27.2537 0.0000e+00
       1669    231.429     8.6357   3.700446    35.0998    27.2544 0.0000e+00
       1670    231.422     8.6334   3.700236    35.0999    27.2548 0.0000e+00
       1671    231.420     8.6319   3.700096    35.0999    27.2551 0.0000e+00
       1672    231.438     8.6316   3.700050    35.0997    27.2550 0.0000e+00
       1673    231.465     8.6334   3.700123    35.0987    27.2539 0.0000e+00
       1674    231.484     8.6363   3.700322    35.0979    27.2528 0.0000e+00
       1675    231.495     8.6372   3.700477    35.0986    27.2533 0.0000e+00
       1676    231.508     8.6343   3.700325    35.0999    27.2547 0.0000e+00
       1677    231.521     8.6296   3.700021    35.1013    27.2566 0.0000e+00
       1678    231.526     8.6263   3.699897    35.1033    27.2586 0.0000e+00
       1679    231.521     8.6255   3.699829    35.1034    27.2588 0.0000e+00
       1680    231.521     8.6260   3.699740    35.1019    27.2576 0.0000e+00
       1681    231.535     8.6264   3.699730    35.1014    27.2571 0.0000e+00
       1682    231.549     8.6258   3.699701    35.1017    27.2575 0.0000e+00
       1683    231.548     8.6252   3.699668    35.1020    27.2577 0.0000e+00
       1684    231.535     8.6254   3.699679    35.1019    27.2577 0.0000e+00
       1685    231.524     8.6273   3.699759    35.1008    27.2565 0.0000e+00
       1686    231.530     8.6303   3.699978    35.1002    27.2556 0.0000e+00
       1687    231.555     8.6319   3.700117    35.1001    27.2552 0.0000e+00
       1688    231.585     8.6314   3.700021    35.0995    27.2549 0.0000e+00
       1689    231.609     8.6306   3.699951    35.0996    27.2550 0.0000e+00
       1690    231.623     8.6304   3.699962    35.0999    27.2553 0.0000e+00
       1691    231.626     8.6303   3.699928    35.0996    27.2551 0.0000e+00
       1692    231.617     8.6307   3.699915    35.0991    27.2546 0.0000e+00
       1693    231.606     8.6323   3.700025    35.0987    27.2540 0.0000e+00
       1694    231.604     8.6348   3.700257    35.0986    27.2536 0.0000e+00
       1695    231.613     8.6373   3.700499    35.0987    27.2533 0.0000e+00
       1696    231.628     8.6389   3.700598    35.0982    27.2526 0.0000e+00
       1697    231.632     8.6391   3.700538    35.0973    27.2519 0.0000e+00
       1698    231.616     8.6380   3.700443    35.0974    27.2522 0.0000e+00
       1699    231.595     8.6362   3.700340    35.0981    27.2530 0.0000e+00
       1700    231.593     8.6361   3.700329    35.0981    27.2530 0.0000e+00
       1701    231.603     8.6381   3.700579    35.0988    27.2532 0.0000e+00
       1702    231.606     8.6391   3.700785    35.1000    27.2540 0.0000e+00
       1703    231.588     8.6377   3.700714    35.1006    27.2547 0.0000e+00
       1704    231.548     8.6360   3.700576    35.1008    27.2552 0.0000e+00
       1705    231.506     8.6350   3.700447    35.1005    27.2551 0.0000e+00
       1706    231.490     8.6348   3.700355    35.0997    27.2545 0.0000e+00
       1707    231.503     8.6342   3.700319    35.0999    27.2547 0.0000e+00
       1708    231.516     8.6332   3.700283    35.1005    27.2554 0.0000e+00
       1709    231.502     8.6332   3.700286    35.1006    27.2554 0.0000e+00
       1710    231.463     8.6339   3.700290    35.0999    27.2548 0.0000e+00
       1711    231.413     8.6337   3.700229    35.0995    27.2545 0.0000e+00
       1712    231.377     8.6319   3.700077    35.0997    27.2549 0.0000e+00
       1713    231.374     8.6295   3.699886    35.1001    27.2556 0.0000e+00
       1714    231.399     8.6274   3.699768    35.1009    27.2566 0.0000e+00
       1715    231.420     8.6264   3.699746    35.1017    27.2573 0.0000e+00
       1716    231.408     8.6269   3.699778    35.1015    27.2571 0.0000e+00
       1717    231.359     8.6275   3.699764    35.1008    27.2565 0.0000e+00
       1718    231.298     8.6265   3.699638    35.1005    27.2564 0.0000e+00
       1719    231.265     8.6241   3.699411    35.1005    27.2568 0.0000e+00
       1720    231.275     8.6222   3.699261    35.1008    27.2573 0.0000e+00
       1721    231.286     8.6217   3.699256    35.1012    27.2577 0.0000e+00
       1722    231.245     8.6219   3.699255    35.1010    27.2575 0.0000e+00
       1723    231.149     8.6220   3.699251    35.1009    27.2574 0.0000e+00
       1724    231.046     8.6226   3.699287    35.1007    27.2572 0.0000e+00
       1725    230.991     8.6241   3.699396    35.1004    27.2567 0.0000e+00
       1726    231.000     8.6263   3.699584    35.1002    27.2562 0.0000e+00
       1727    231.036     8.6279   3.699702    35.0999    27.2557 0.0000e+00
       1728    231.045     8.6282   3.699698    35.0995    27.2554 0.0000e+00
       1729    231.011     8.6286   3.699695    35.0991    27.2550 0.0000e+00
       1730    230.964     8.6299   3.699814    35.0991    27.2548 0.0000e+00
       1731    230.947     8.6311   3.699959    35.0995    27.2549 0.0000e+00
       1732    230.976     8.6303   3.699889    35.0995    27.2550 0.0000e+00
       1733    231.019     8.6286   3.699723    35.0994    27.2552 0.0000e+00
       1734    231.034     8.6276   3.699676    35.0999    27.2558 0.0000e+00
       1735    231.002     8.6276   3.699688    35.1000    27.2559 0.0000e+00
       1736    230.936     8.6276   3.699674    35.0999    27.2558 0.0000e+00
       1737    230.871     8.6263   3.699573    35.1002    27.2562 0.0000e+00
       1738    230.846     8.6229   3.699274    35.1004    27.2569 0.0000e+00
       1739    230.874     8.6187   3.698879    35.1004    27.2575 0.0000e+00
       1740    230.927     8.6163   3.698697    35.1008    27.2583 0.0000e+00
       1741    230.958     8.6161   3.698759    35.1017    27.2589 0.0000e+00
       1742    230.937     8.6167   3.698843    35.1020    27.2591 0.0000e+00
       1743    230.876     8.6183   3.698909    35.1011    27.2582 0.0000e+00
       1744    230.815     8.6216   3.699144    35.1003    27.2570 0.0000e+00
       1745    230.788     8.6250   3.699459    35.1003    27.2565 0.0000e+00
       1746    230.806     8.6256   3.699506    35.1002    27.2563 0.0000e+00
       1747    230.842     8.6238   3.699362    35.1004    27.2568 0.0000e+00
       1748    230.853     8.6227   3.699290    35.1008    27.2572 0.0000e+00
       1749    230.830     8.6228   3.699284    35.1006    27.2571 0.0000e+00
       1750    230.805     8.6226   3.699247    35.1004    27.2570 0.0000e+00
       1751    230.808     8.6215   3.699144    35.1004    27.2571 0.0000e+00
       1752    230.841     8.6204   3.699051    35.1005    27.2574 0.0000e+00
       1753    230.878     8.6200   3.699058    35.1010    27.2578 0.0000e+00
       1754    230.886     8.6203   3.699107    35.1012    27.2579 0.0000e+00
       1755    230.861     8.6208   3.699127    35.1009    27.2576 0.0000e+00
       1756    230.820     8.6225   3.699193    35.1000    27.2566 0.0000e+00
       1757    230.788     8.6259   3.699441    35.0992    27.2555 0.0000e+00
       1758    230.786     8.6303   3.699824    35.0989    27.2546 0.0000e+00
       1759    230.822     8.6337   3.700115    35.0986    27.2538 0.0000e+00
       1760    230.873     8.6355   3.700209    35.0978    27.2529 0.0000e+00
       1761    230.903     8.6361   3.700146    35.0965    27.2518 0.0000e+00
       1762    230.896     8.6360   3.700037    35.0955    27.2510 0.0000e+00
       1763    230.870     8.6356   3.700044    35.0959    27.2514 0.0000e+00
       1764    230.855     8.6349   3.700130    35.0976    27.2528 0.0000e+00
       1765    230.866     8.6337   3.700109    35.0985    27.2537 0.0000e+00
       1766    230.895     8.6326   3.700013    35.0986    27.2539 0.0000e+00
       1767    230.913     8.6322   3.699968    35.0985    27.2539 0.0000e+00
       1768    230.908     8.6323   3.699975    35.0985    27.2539 0.0000e+00
       1769    230.895     8.6327   3.699998    35.0983    27.2537 0.0000e+00
       1770    230.892     8.6332   3.700034    35.0982    27.2535 0.0000e+00
       1771    230.901     8.6336   3.700074    35.0982    27.2535 0.0000e+00
       1772    230.913     8.6341   3.700096    35.0980    27.2532 0.0000e+00
       1773    230.918     8.6349   3.700135    35.0976    27.2528 0.0000e+00
       1774    230.915     8.6365   3.700245    35.0972    27.2522 0.0000e+00
       1775    230.912     8.6389   3.700443    35.0969    27.2516 0.0000e+00
       1776    230.919     8.6423   3.700715    35.0964    27.2507 0.0000e+00
       1777    230.940     8.6456   3.701017    35.0963    27.2501 0.0000e+00
       1778    230.964     8.6472   3.701193    35.0965    27.2500 0.0000e+00
       1779    230.977     8.6469   3.701147    35.0963    27.2499 0.0000e+00
       1780    230.978     8.6460   3.701041    35.0961    27.2499 0.0000e+00
       1781    230.974     8.6457   3.701020    35.0962    27.2500 0.0000e+00
       1782    230.972     8.6451   3.701005    35.0966    27.2504 0.0000e+00
       1783    230.981     8.6447   3.700993    35.0969    27.2507 0.0000e+00
       1784    231.001     8.6451   3.701061    35.0972    27.2509 0.0000e+00
       1785    231.030     8.6451   3.701078    35.0974    27.2510 0.0000e+00
       1786    231.060     8.6440   3.701001    35.0976    27.2514 0.0000e+00
       1787    231.079     8.6421   3.700883    35.0983    27.2522 0.0000e+00
       1788    231.079     8.6402   3.700732    35.0986    27.2527 0.0000e+00
       1789    231.069     8.6381   3.700565    35.0989    27.2533 0.0000e+00
       1790    231.064     8.6351   3.700321    35.0993    27.2541 0.0000e+00
       1791    231.070     8.6320   3.700030    35.0993    27.2546 0.0000e+00
       1792    231.088     8.6302   3.699877    35.0994    27.2550 0.0000e+00
       1793    231.114     8.6292   3.699852    35.1001    27.2557 0.0000e+00
       1794    231.138     8.6281   3.699760    35.1003    27.2560 0.0000e+00
       1795    231.156     8.6270   3.699643    35.1001    27.2560 0.0000e+00
       1796    231.166     8.6268   3.699630    35.1002    27.2561 0.0000e+00
       1797    231.168     8.6269   3.699657    35.1003    27.2562 0.0000e+00
       1798    231.171     8.6264   3.699625    35.1005    27.2564 0.0000e+00
       1799    231.185     8.6259   3.699568    35.1004    27.2564 0.0000e+00
       1800    231.211     8.6254   3.699561    35.1008    27.2568 0.0000e+00
       1801    231.238     8.6241   3.699505    35.1015    27.2575 0.0000e+00
       1802    231.262     8.6217   3.699287    35.1015    27.2580 0.0000e+00
       1803    231.286     8.6183   3.698949    35.1013    27.2583 0.0000e+00
       1804    231.311     8.6158   3.698699    35.1011    27.2586 0.0000e+00
       1805    231.332     8.6151   3.698690    35.1017    27.2592 0.0000e+00
       1806    231.343     8.6156   3.698766    35.1020    27.2593 0.0000e+00
       1807    231.352     8.6158   3.698771    35.1019    27.2592 0.0000e+00
       1808    231.367     8.6146   3.698645    35.1017    27.2592 0.0000e+00
       1809    231.390     8.6127   3.698456    35.1016    27.2594 0.0000e+00
       1810    231.416     8.6117   3.698396    35.1020    27.2599 0.0000e+00
       1811    231.437     8.6118   3.698465    35.1026    27.2603 0.0000e+00
       1812    231.440     8.6121   3.698519    35.1029    27.2605 0.0000e+00
       1813    231.432     8.6120   3.698494    35.1027    27.2604 0.0000e+00
       1814    231.432     8.6119   3.698417    35.1020    27.2599 0.0000e+00
       1815    231.448     8.6119   3.698370    35.1015    27.2595 0.0000e+00
       1816    231.475     8.6125   3.698409    35.1013    27.2592 0.0000e+00
       1817    231.498     8.6141   3.698533    35.1010    27.2587 0.0000e+00
       1818    231.507     8.6162   3.698700    35.1007    27.2582 0.0000e+00
       1819    231.502     8.6177   3.698819    35.1004    27.2577 0.0000e+00
       1820    231.494     8.6184   3.698865    35.1002    27.2575 0.0000e+00
       1821    231.493     8.6193   3.698919    35.0999    27.2571 0.0000e+00
       1822    231.506     8.6203   3.699008    35.0999    27.2569 0.0000e+00
       1823    231.531     8.6212   3.699069    35.0996    27.2565 0.0000e+00
       1824    231.556     8.6223   3.699109    35.0989    27.2558 0.0000e+00
       1825    231.572     8.6239   3.699211    35.0984    27.2552 0.0000e+00
       1826    231.579     8.6265   3.699407    35.0979    27.2544 0.0000e+00
       1827    231.582     8.6297   3.699687    35.0977    27.2537 0.0000e+00
       1828    231.592     8.6318   3.699908    35.0979    27.2536 0.0000e+00
       1829    231.615     8.6318   3.699918    35.0980    27.2536 0.0000e+00
       1830    231.645     8.6309   3.699824    35.0979    27.2537 0.0000e+00
       1831    231.665     8.6306   3.699768    35.0976    27.2535 0.0000e+00
       1832    231.671     8.6313   3.699797    35.0972    27.2531 0.0000e+00
       1833    231.677     8.6336   3.700011    35.0972    27.2527 0.0000e+00
       1834    231.695     8.6368   3.700322    35.0973    27.2523 0.0000e+00
       1835    231.719     8.6392   3.700408    35.0958    27.2507 0.0000e+00
       1836    231.726     8.6396   3.700243    35.0937    27.2490 0.0000e+00
       1837    231.708     8.6386   3.700092    35.0931    27.2487 0.0000e+00
       1838    231.677     8.6362   3.700034    35.0949    27.2505 0.0000e+00
       1839    231.658     8.6322   3.699885    35.0973    27.2530 0.0000e+00
       1840    231.675     8.6276   3.699560    35.0984    27.2546 0.0000e+00
       1841    231.722     8.6243   3.699340    35.0993    27.2558 0.0000e+00
       1842    231.767     8.6233   3.699352    35.1004    27.2568 0.0000e+00
       1843    231.786     8.6239   3.699421    35.1005    27.2568 0.0000e+00
       1844    231.782     8.6245   3.699429    35.1000    27.2563 0.0000e+00
       1845    231.776     8.6240   3.699365    35.0998    27.2563 0.0000e+00
       1846    231.790     8.6215   3.699158    35.1001    27.2569 0.0000e+00
