Datasets/Test_Dataset_39219_tow/tel219_2021_005.cnv
* Sea-Bird SBE19plus Data File:
* Filename = C:/AQUIRE/tel219_2021_005.hex
* Software Version AquireV2 AF V2.0
* Temperature SN =  4020
* Conductivity SN =  4020
* System UpLoad Time = May 06 2021 09:08:31
** VESSEL/TRIP/SEQ STN: tel219_2021_005
** LATITUDE: 45 51.93 N
** LONGITUDE: 055 16.13 W
** DATE/TIME: 2021-05-06 08:30
** SOUNDING DEPTH (M): 0158
** PROBE TYPE: S4020
** CTD NUMBER: 005
** FORMAT: T
** COMMENTS: 
# nquan = 7                                 
# nvalues = 2322                        
# units = specified
# name 0 = scan: Scan Count
# name 1 = prdM: Pressure, Strain Gauge [db]
# name 2 = tv290C: Temperature [ITS-90, deg C]
# name 3 = c0S/m: Conductivity [S/m]
# name 4 = sal00: Salinity, Practical [PSU]
# name 5 = sigma-t00: Density [sigma-t, kg/m^3 ]
# name 6 = flag: flag
# span 0 =          1,       2322       
# span 1 =     -0.123,    154.995       
# span 2 =     0.1677,     3.2390       
# span 3 =   0.001643,   2.945911       
# span 4 =     0.0120,    32.6304       
# span 5 =    -0.0238,    26.1852       
# span 6 = 0.0000e+00, 0.0000e+00       
# interval = seconds: 1
# start_time = May 06 2021 08:30:48 [Instrument's time stamp, header]
# bad_flag = -9.990e-29
*END*
[from data line 411]
        412     87.406     0.6432   2.755741    32.3049    25.8988 0.0000e+00
        413     87.920     0.6282   2.754886    32.3092    25.9031 0.0000e+00
        414     88.438     0.6089   2.753680    32.3135    25.9076 0.0000e+00
        415     88.956     0.5913   2.752555    32.3171    25.9114 0.0000e+00
        416     89.472     0.5783   2.751772    32.3202    25.9146 0.0000e+00
        417     89.984     0.5684   2.751161    32.3224    25.9169 0.0000e+00
        418     90.497     0.5592   2.750524    32.3235    25.9182 0.0000e+00
        419     91.015     0.5503   2.749903    32.3244    25.9195 0.0000e+00
        420     91.532     0.5426   2.749383    32.3255    25.9207 0.0000e+00
        421     92.048     0.5363   2.748963    32.3263    25.9218 0.0000e+00
        422     92.565     0.5313   2.748634    32.3270    25.9226 0.0000e+00
        423     93.083     0.5267   2.748354    32.3279    25.9235 0.0000e+00
        424     93.600     0.5214   2.748093    32.3298    25.9253 0.0000e+00
        425     94.118     0.5154   2.747855    32.3327    25.9280 0.0000e+00
        426     94.633     0.5108   2.747795    32.3364    25.9312 0.0000e+00
        427     95.145     0.5126   2.748467    32.3430    25.9364 0.0000e+00
        428     95.660     0.5231   2.750170    32.3537    25.9445 0.0000e+00
        429     96.180     0.5384   2.752277    32.3647    25.9526 0.0000e+00
        430     96.705     0.5569   2.754544    32.3744    25.9594 0.0000e+00
        431     97.230     0.5796   2.757256    32.3854    25.9670 0.0000e+00
        432     97.754     0.6010   2.759616    32.3933    25.9722 0.0000e+00
        433     98.281     0.6149   2.760928    32.3954    25.9731 0.0000e+00
        434     98.811     0.6229   2.761689    32.3965    25.9736 0.0000e+00
        435     99.343     0.6291   2.762368    32.3985    25.9749 0.0000e+00
        436     99.879     0.6350   2.762967    32.3998    25.9756 0.0000e+00
        437    100.421     0.6411   2.763599    32.4012    25.9764 0.0000e+00
        438    100.964     0.6493   2.764480    32.4037    25.9780 0.0000e+00
        439    101.507     0.6604   2.765593    32.4062    25.9794 0.0000e+00
        440    102.050     0.6734   2.766954    32.4098    25.9816 0.0000e+00
        441    102.592     0.6837   2.768292    32.4160    25.9860 0.0000e+00
        442    103.135     0.6808   2.768523    32.4217    25.9907 0.0000e+00
        443    103.678     0.6574   2.766690    32.4222    25.9925 0.0000e+00
        444    104.214     0.6200   2.763446    32.4192    25.9921 0.0000e+00
        445    104.736     0.5842   2.760546    32.4189    25.9938 0.0000e+00
        446    105.245     0.5540   2.758271    32.4209    25.9969 0.0000e+00
        447    105.749     0.5194   2.755517    32.4212    25.9991 0.0000e+00
        448    106.246     0.4743   2.751831    32.4205    26.0008 0.0000e+00
        449    106.732     0.4266   2.748000    32.4206    26.0034 0.0000e+00
        450    107.203     0.3893   2.745214    32.4233    26.0075 0.0000e+00
        451    107.660     0.3646   2.743515    32.4269    26.0117 0.0000e+00
        452    108.103     0.3465   2.742210    32.4287    26.0141 0.0000e+00
        453    108.537     0.3321   2.741153    32.4299    26.0157 0.0000e+00
        454    108.961     0.3217   2.740459    32.4316    26.0176 0.0000e+00
        455    109.379     0.3148   2.740046    32.4332    26.0193 0.0000e+00
        456    109.791     0.3080   2.739605    32.4344    26.0206 0.0000e+00
        457    110.192     0.2971   2.738812    32.4353    26.0218 0.0000e+00
        458    110.584     0.2822   2.737745    32.4369    26.0238 0.0000e+00
        459    110.966     0.2686   2.736897    32.4399    26.0270 0.0000e+00
        460    111.337     0.2602   2.736504    32.4434    26.0302 0.0000e+00
        461    111.694     0.2565   2.736384    32.4456    26.0321 0.0000e+00
        462    112.036     0.2546   2.736328    32.4467    26.0331 0.0000e+00
        463    112.361     0.2525   2.736262    32.4478    26.0341 0.0000e+00
        464    112.666     0.2499   2.736167    32.4491    26.0353 0.0000e+00
        465    112.951     0.2469   2.736049    32.4506    26.0367 0.0000e+00
        466    113.224     0.2441   2.735953    32.4522    26.0381 0.0000e+00
        467    113.493     0.2418   2.735879    32.4535    26.0392 0.0000e+00
        468    113.757     0.2392   2.735834    32.4555    26.0410 0.0000e+00
        469    114.008     0.2365   2.735880    32.4588    26.0438 0.0000e+00
        470    114.239     0.2345   2.736013    32.4625    26.0469 0.0000e+00
        471    114.451     0.2336   2.736122    32.4648    26.0487 0.0000e+00
        472    114.650     0.2334   2.736178    32.4656    26.0494 0.0000e+00
        473    114.840     0.2334   2.736223    32.4661    26.0498 0.0000e+00
        474    115.024     0.2334   2.736289    32.4668    26.0504 0.0000e+00
        475    115.202     0.2334   2.736381    32.4679    26.0513 0.0000e+00
        476    115.372     0.2334   2.736469    32.4690    26.0521 0.0000e+00
        477    115.534     0.2333   2.736518    32.4696    26.0527 0.0000e+00
        478    115.690     0.2330   2.736541    32.4702    26.0531 0.0000e+00
        479    115.839     0.2328   2.736556    32.4705    26.0534 0.0000e+00
        480    115.981     0.2325   2.736564    32.4708    26.0537 0.0000e+00
        481    116.119     0.2322   2.736565    32.4711    26.0539 0.0000e+00
        482    116.254     0.2317   2.736558    32.4714    26.0542 0.0000e+00
        483    116.389     0.2310   2.736539    32.4718    26.0546 0.0000e+00
        484    116.526     0.2304   2.736527    32.4722    26.0549 0.0000e+00
        485    116.660     0.2299   2.736524    32.4726    26.0553 0.0000e+00
        486    116.789     0.2294   2.736514    32.4730    26.0556 0.0000e+00
        487    116.917     0.2289   2.736504    32.4733    26.0558 0.0000e+00
        488    117.048     0.2284   2.736497    32.4737    26.0562 0.0000e+00
        489    117.181     0.2279   2.736496    32.4741    26.0565 0.0000e+00
        490    117.315     0.2273   2.736489    32.4746    26.0569 0.0000e+00
        491    117.446     0.2266   2.736479    32.4751    26.0574 0.0000e+00
        492    117.575     0.2262   2.736482    32.4755    26.0577 0.0000e+00
        493    117.712     0.2257   2.736491    32.4761    26.0582 0.0000e+00
        494    117.858     0.2248   2.736494    32.4770    26.0590 0.0000e+00
        495    118.005     0.2234   2.736463    32.4779    26.0599 0.0000e+00
        496    118.156     0.2214   2.736378    32.4789    26.0607 0.0000e+00
        497    118.315     0.2190   2.736266    32.4798    26.0616 0.0000e+00
        498    118.481     0.2167   2.736145    32.4806    26.0623 0.0000e+00
        499    118.648     0.2146   2.736035    32.4813    26.0630 0.0000e+00
        500    118.817     0.2128   2.735974    32.4823    26.0639 0.0000e+00
        501    118.990     0.2118   2.735971    32.4832    26.0647 0.0000e+00
        502    119.170     0.2113   2.735985    32.4838    26.0652 0.0000e+00
        503    119.357     0.2109   2.735989    32.4842    26.0655 0.0000e+00
        504    119.552     0.2104   2.735984    32.4845    26.0658 0.0000e+00
        505    119.754     0.2097   2.735964    32.4849    26.0661 0.0000e+00
        506    119.962     0.2089   2.735952    32.4855    26.0666 0.0000e+00
        507    120.172     0.2085   2.735971    32.4860    26.0671 0.0000e+00
        508    120.383     0.2082   2.735994    32.4865    26.0675 0.0000e+00
        509    120.602     0.2078   2.736017    32.4871    26.0680 0.0000e+00
        510    120.833     0.2077   2.736079    32.4879    26.0687 0.0000e+00
        511    121.075     0.2079   2.736188    32.4890    26.0695 0.0000e+00
        512    121.325     0.2082   2.736304    32.4900    26.0704 0.0000e+00
        513    121.578     0.2082   2.736398    32.4911    26.0712 0.0000e+00
        514    121.825     0.2081   2.736464    32.4919    26.0719 0.0000e+00
        515    122.069     0.2080   2.736505    32.4924    26.0723 0.0000e+00
        516    122.318     0.2079   2.736539    32.4929    26.0726 0.0000e+00
        517    122.577     0.2079   2.736589    32.4934    26.0731 0.0000e+00
        518    122.845     0.2077   2.736649    32.4942    26.0737 0.0000e+00
        519    123.119     0.2076   2.736690    32.4947    26.0741 0.0000e+00
        520    123.398     0.2071   2.736703    32.4952    26.0746 0.0000e+00
        521    123.683     0.2065   2.736695    32.4956    26.0749 0.0000e+00
        522    123.970     0.2059   2.736677    32.4958    26.0751 0.0000e+00
        523    124.260     0.2055   2.736697    32.4963    26.0756 0.0000e+00
        524    124.559     0.2052   2.736800    32.4978    26.0768 0.0000e+00
        525    124.866     0.2051   2.736932    32.4995    26.0781 0.0000e+00
        526    125.172     0.2047   2.737015    32.5008    26.0792 0.0000e+00
        527    125.474     0.2042   2.737101    32.5023    26.0804 0.0000e+00
        528    125.778     0.2035   2.737203    32.5042    26.0820 0.0000e+00
        529    126.091     0.2022   2.737259    32.5061    26.0836 0.0000e+00
        530    126.415     0.2005   2.737272    32.5079    26.0852 0.0000e+00
        531    126.744     0.1986   2.737265    32.5097    26.0866 0.0000e+00
        532    127.073     0.1966   2.737257    32.5115    26.0882 0.0000e+00
        533    127.401     0.1950   2.737267    32.5131    26.0896 0.0000e+00
        534    127.726     0.1936   2.737298    32.5148    26.0910 0.0000e+00
        535    128.053     0.1926   2.737342    32.5163    26.0923 0.0000e+00
        536    128.389     0.1916   2.737388    32.5177    26.0935 0.0000e+00
        537    128.730     0.1908   2.737419    32.5188    26.0944 0.0000e+00
        538    129.071     0.1905   2.737438    32.5192    26.0947 0.0000e+00
        539    129.413     0.1902   2.737463    32.5196    26.0951 0.0000e+00
        540    129.760     0.1901   2.737550    32.5206    26.0959 0.0000e+00
        541    130.112     0.1908   2.737843    32.5235    26.0982 0.0000e+00
        542    130.470     0.1925   2.738383    32.5286    26.1022 0.0000e+00
        543    130.830     0.1947   2.738917    32.5331    26.1057 0.0000e+00
        544    131.189     0.1965   2.739241    32.5352    26.1073 0.0000e+00
        545    131.548     0.1976   2.739405    32.5360    26.1079 0.0000e+00
        546    131.911     0.1985   2.739519    32.5363    26.1081 0.0000e+00
        547    132.274     0.1992   2.739627    32.5367    26.1085 0.0000e+00
        548    132.636     0.2000   2.739737    32.5371    26.1087 0.0000e+00
        549    133.001     0.2007   2.739853    32.5377    26.1092 0.0000e+00
        550    133.369     0.2013   2.739994    32.5387    26.1099 0.0000e+00
        551    133.738     0.2019   2.740192    32.5404    26.1113 0.0000e+00
        552    134.105     0.2024   2.740516    32.5439    26.1141 0.0000e+00
        553    134.470     0.2027   2.740971    32.5494    26.1185 0.0000e+00
        554    134.833     0.2024   2.741431    32.5555    26.1234 0.0000e+00
        555    135.194     0.2014   2.741787    32.5610    26.1279 0.0000e+00
        556    135.553     0.1999   2.742036    32.5656    26.1317 0.0000e+00
        557    135.911     0.1981   2.742207    32.5696    26.1350 0.0000e+00
        558    136.276     0.1961   2.742349    32.5734    26.1381 0.0000e+00
        559    136.651     0.1940   2.742478    32.5771    26.1412 0.0000e+00
        560    137.027     0.1916   2.742566    32.5805    26.1441 0.0000e+00
        561    137.402     0.1893   2.742637    32.5837    26.1468 0.0000e+00
        562    137.778     0.1873   2.742755    32.5871    26.1497 0.0000e+00
        563    138.158     0.1852   2.742910    32.5912    26.1530 0.0000e+00
        564    138.540     0.1832   2.743066    32.5951    26.1563 0.0000e+00
        565    138.918     0.1818   2.743217    32.5984    26.1590 0.0000e+00
        566    139.289     0.1810   2.743362    32.6009    26.1611 0.0000e+00
        567    139.660     0.1805   2.743505    32.6031    26.1629 0.0000e+00
        568    140.032     0.1800   2.743662    32.6055    26.1648 0.0000e+00
        569    140.409     0.1794   2.743831    32.6081    26.1670 0.0000e+00
        570    140.794     0.1788   2.743985    32.6105    26.1690 0.0000e+00
        571    141.181     0.1782   2.744107    32.6125    26.1706 0.0000e+00
        572    141.568     0.1779   2.744206    32.6139    26.1717 0.0000e+00
        573    141.955     0.1775   2.744290    32.6152    26.1728 0.0000e+00
        574    142.329     0.1774   2.744354    32.6160    26.1734 0.0000e+00
        575    142.690     0.1774   2.744391    32.6162    26.1736 0.0000e+00
        576    143.055     0.1773   2.744431    32.6167    26.1740 0.0000e+00
        577    143.429     0.1770   2.744481    32.6174    26.1746 0.0000e+00
        578    143.801     0.1768   2.744532    32.6181    26.1751 0.0000e+00
        579    144.153     0.1767   2.744568    32.6185    26.1755 0.0000e+00
        580    144.484     0.1768   2.744595    32.6185    26.1755 0.0000e+00
        581    144.800     0.1769   2.744619    32.6185    26.1755 0.0000e+00
        582    145.110     0.1769   2.744645    32.6187    26.1756 0.0000e+00
        583    145.421     0.1767   2.744675    32.6191    26.1760 0.0000e+00
        584    145.731     0.1765   2.744704    32.6195    26.1763 0.0000e+00
        585    146.030     0.1765   2.744730    32.6197    26.1765 0.0000e+00
        586    146.312     0.1765   2.744757    32.6199    26.1766 0.0000e+00
        587    146.585     0.1765   2.744782    32.6201    26.1768 0.0000e+00
        588    146.855     0.1765   2.744792    32.6200    26.1767 0.0000e+00
        589    147.126     0.1764   2.744804    32.6202    26.1768 0.0000e+00
        590    147.395     0.1763   2.744847    32.6207    26.1773 0.0000e+00
        591    147.649     0.1762   2.744887    32.6212    26.1776 0.0000e+00
        592    147.887     0.1762   2.744905    32.6213    26.1777 0.0000e+00
        593    148.120     0.1762   2.744919    32.6213    26.1778 0.0000e+00
        594    148.357     0.1761   2.744934    32.6215    26.1779 0.0000e+00
        595    148.598     0.1760   2.744947    32.6216    26.1780 0.0000e+00
        596    148.833     0.1760   2.744962    32.6217    26.1781 0.0000e+00
        597    149.053     0.1760   2.744979    32.6218    26.1781 0.0000e+00
        598    149.257     0.1759   2.744998    32.6220    26.1783 0.0000e+00
        599    149.448     0.1759   2.745021    32.6222    26.1785 0.0000e+00
        600    149.633     0.1758   2.745043    32.6225    26.1787 0.0000e+00
        601    149.818     0.1758   2.745052    32.6225    26.1787 0.0000e+00
        602    150.006     0.1758   2.745054    32.6224    26.1787 0.0000e+00
        603    150.193     0.1758   2.745065    32.6224    26.1787 0.0000e+00
        604    150.370     0.1757   2.745086    32.6227    26.1789 0.0000e+00
        605    150.532     0.1757   2.745106    32.6229    26.1791 0.0000e+00
        606    150.689     0.1757   2.745113    32.6229    26.1791 0.0000e+00
        607    150.849     0.1756   2.745118    32.6230    26.1791 0.0000e+00
        608    151.011     0.1754   2.745129    32.6232    26.1794 0.0000e+00
        609    151.161     0.1754   2.745143    32.6233    26.1794 0.0000e+00
        610    151.291     0.1754   2.745156    32.6234    26.1795 0.0000e+00
        611    151.408     0.1754   2.745163    32.6235    26.1795 0.0000e+00
        612    151.525     0.1754   2.745164    32.6234    26.1795 0.0000e+00
        613    151.647     0.1754   2.745167    32.6234    26.1795 0.0000e+00
        614    151.768     0.1754   2.745172    32.6234    26.1795 0.0000e+00
        615    151.882     0.1754   2.745176    32.6233    26.1795 0.0000e+00
