Datasets/Test_Dataset_39219_tow/tel219_2021_076.cnv
* Sea-Bird SBE19plus Data File:
* Filename = C:/AQUIRE/tel219_2021_076.hex
* Software Version AquireV2 AF V2.0
* Temperature SN =  4020
* Conductivity SN =  4020
* System UpLoad Time = May 16 2021 01:01:54
** VESSEL/TRIP/SEQ STN: tel219_2021_076
** LATITUDE: 45 21.85 N
** LONGITUDE: 56 05.53 W
** DATE/TIME: 2021-05-16 00:18
** SOUNDING DEPTH (M): 0065
** PROBE TYPE: S4020
** CTD NUMBER: 076
** FORMAT: t
** COMMENTS: 
# nquan = 7                                 
# nvalues = 2646                        
# units = specified
# name 0 = scan: Scan Count
# name 1 = prdM: Pressure, Strain Gauge [db]
# name 2 = tv290C: Temperature [ITS-90, deg C]
# name 3 = c0S/m: Conductivity [S/m]
# name 4 = sal00: Salinity, Practical [PSU]
# name 5 = sigma-t00: Density [sigma-t, kg/m^3 ]
# name 6 = flag: flag
# span 0 =          1,       2646       
# span 1 =     -0.022,     61.705       
# span 2 =     2.3324,     4.6357       
# span 3 =   0.014294,   3.044441       
# span 4 =     0.1091,    32.2704       
# span 5 =     0.0594,    25.7572       
# span 6 = 0.0000e+00, 0.0000e+00       
# interval = seconds: 1
# start_time = May 16 2021 00:18:54 [Instrument's time stamp, header]
# bad_flag = -9.990e-29
*END*
[from data line 206]
        207     -0.002     4.6049   0.014570     0.1114     0.0616 0.0000e+00
        208     -0.004     4.6051   0.014551     0.1112     0.0615 0.0000e+00
        209     -0.005     4.6052   0.014533     0.1111     0.0613 0.0000e+00
        210     -0.002     4.6052   0.014520     0.1110     0.0613 0.0000e+00
        211      0.001     4.6053   0.014525     0.1110     0.0613 0.0000e+00
        212      0.002     4.6055   0.014557     0.1113     0.0615 0.0000e+00
        213      0.001     4.6056   0.014602     0.1116     0.0618 0.0000e+00
        214     -0.002     4.6058   0.014627     0.1118     0.0619 0.0000e+00
        215     -0.003     4.6060   0.014628     0.1118     0.0619 0.0000e+00
        216     -0.001     4.6060   0.014614     0.1117     0.0618 0.0000e+00
        217     -0.001     4.6062   0.014608     0.1117     0.0618 0.0000e+00
        218     -0.001     4.6063   0.014627     0.1118     0.0619 0.0000e+00
        219      0.001     4.6064   0.014667     0.1121     0.0622 0.0000e+00
        220      0.002     4.6066   0.014695     0.1124     0.0624 0.0000e+00
        221      0.001     4.6067   0.014691     0.1123     0.0623 0.0000e+00
        222     -0.002     4.6069   0.014670     0.1122     0.0622 0.0000e+00
        223     -0.005     4.6071   0.014646     0.1120     0.0620 0.0000e+00
        224     -0.005     4.6073   0.014628     0.1118     0.0619 0.0000e+00
        225     -0.003     4.6075   0.014617     0.1117     0.0618 0.0000e+00
        226     -0.001     4.6076   0.014608     0.1117     0.0618 0.0000e+00
        227     -0.002     4.6078   0.014599     0.1116     0.0617 0.0000e+00
        228     -0.005     4.6080   0.014588     0.1115     0.0617 0.0000e+00
        229     -0.007     4.6082   0.014572     0.1114     0.0616 0.0000e+00
        230     -0.009     4.6083   0.014554     0.1112     0.0614 0.0000e+00
        231     -0.011     4.6085   0.014543     0.1112     0.0614 0.0000e+00
        232     -0.009     4.6087   0.014539     0.1111     0.0613 0.0000e+00
        233     -0.005     4.6089   0.014535     0.1111     0.0613 0.0000e+00
        234     -0.006     4.6091   0.014522     0.1110     0.0612 0.0000e+00
        235     -0.007     4.6093   0.014519     0.1110     0.0612 0.0000e+00
        236     -0.005     4.6095   0.014555     0.1113     0.0614 0.0000e+00
        237     -0.007     4.6097   0.014646     0.1120     0.0620 0.0000e+00
        238     -0.011     4.6099   0.014764     0.1129     0.0627 0.0000e+00
        239     -0.010     4.6102   0.014853     0.1136     0.0633 0.0000e+00
        240     -0.006     4.6104   0.014890     0.1139     0.0635 0.0000e+00
        241     -0.004     4.6105   0.014908     0.1140     0.0637 0.0000e+00
        242     -0.003     4.6108   0.014959     0.1144     0.0640 0.0000e+00
        243     -0.002     4.6111   0.015069     0.1153     0.0647 0.0000e+00
        244     -0.001     4.6113   0.015216     0.1165     0.0656 0.0000e+00
        245     -0.003     4.6115   0.015331     0.1174     0.0663 0.0000e+00
        246     -0.004     4.6118   0.015382     0.1178     0.0666 0.0000e+00
        247     -0.003     4.6120   0.015392     0.1179     0.0667 0.0000e+00
        248     -0.001     4.6122   0.015402     0.1179     0.0668 0.0000e+00
        249     -0.000     4.6125   0.015439     0.1182     0.0670 0.0000e+00
        250     -0.002     4.6128   0.015495     0.1187     0.0674 0.0000e+00
        251     -0.005     4.6130   0.015536     0.1190     0.0676 0.0000e+00
        252     -0.004     4.6133   0.015542     0.1190     0.0676 0.0000e+00
        253     -0.001     4.6135   0.015518     0.1188     0.0675 0.0000e+00
        254     -0.000     4.6137   0.015492     0.1186     0.0673 0.0000e+00
        255      0.001     4.6141   0.015501     0.1187     0.0674 0.0000e+00
        256      0.002     4.6143   0.015529     0.1189     0.0676 0.0000e+00
        257      0.001     4.6144   0.015537     0.1190     0.0676 0.0000e+00
        258     -0.003     4.6146   0.015511     0.1188     0.0674 0.0000e+00
        259     -0.008     4.6150   0.015459     0.1184     0.0671 0.0000e+00
        260     -0.007     4.6152   0.015409     0.1180     0.0668 0.0000e+00
        261     -0.003     4.6155   0.015384     0.1178     0.0666 0.0000e+00
        262     -0.000     4.6158   0.015385     0.1178     0.0666 0.0000e+00
        263      0.002     4.6160   0.015396     0.1179     0.0667 0.0000e+00
        264      0.003     4.6163   0.015403     0.1179     0.0667 0.0000e+00
        265      0.004     4.6165   0.015397     0.1179     0.0667 0.0000e+00
        266      0.004     4.6167   0.015377     0.1177     0.0666 0.0000e+00
        267      0.002     4.6169   0.015352     0.1175     0.0664 0.0000e+00
        268     -0.002     4.6172   0.015325     0.1173     0.0662 0.0000e+00
        269     -0.004     4.6174   0.015307     0.1172     0.0661 0.0000e+00
        270     -0.006     4.6176   0.015306     0.1172     0.0661 0.0000e+00
        271     -0.008     4.6180   0.015318     0.1172     0.0662 0.0000e+00
        272     -0.010     4.6182   0.015330     0.1173     0.0662 0.0000e+00
        273     -0.010     4.6185   0.015332     0.1174     0.0662 0.0000e+00
        274     -0.009     4.6188   0.015315     0.1172     0.0661 0.0000e+00
        275     -0.007     4.6189   0.015281     0.1170     0.0659 0.0000e+00
        276     -0.005     4.6191   0.015262     0.1168     0.0658 0.0000e+00
        277     -0.004     4.6195   0.015277     0.1169     0.0659 0.0000e+00
        278     -0.005     4.6197   0.015307     0.1172     0.0661 0.0000e+00
        279     -0.005     4.6199   0.015317     0.1172     0.0661 0.0000e+00
        280     -0.004     4.6202   0.015291     0.1170     0.0660 0.0000e+00
        281     -0.007     4.6204   0.015244     0.1167     0.0657 0.0000e+00
        282     -0.008     4.6206   0.015206     0.1164     0.0654 0.0000e+00
        283     -0.006     4.6209   0.015196     0.1163     0.0653 0.0000e+00
        284     -0.005     4.6212   0.015193     0.1163     0.0653 0.0000e+00
        285     -0.005     4.6213   0.015178     0.1161     0.0652 0.0000e+00
        286     -0.003     4.6216   0.015152     0.1159     0.0651 0.0000e+00
        287     -0.002     4.6218   0.015122     0.1157     0.0649 0.0000e+00
        288     -0.003     4.6220   0.015090     0.1154     0.0647 0.0000e+00
        289     -0.005     4.6222   0.015065     0.1152     0.0645 0.0000e+00
        290     -0.006     4.6225   0.015053     0.1151     0.0644 0.0000e+00
        291     -0.006     4.6227   0.015047     0.1151     0.0644 0.0000e+00
        292     -0.005     4.6229   0.015038     0.1150     0.0643 0.0000e+00
        293     -0.006     4.6232   0.015016     0.1148     0.0642 0.0000e+00
        294     -0.007     4.6234   0.014982     0.1146     0.0640 0.0000e+00
        295     -0.007     4.6235   0.014955     0.1144     0.0638 0.0000e+00
        296     -0.005     4.6237   0.014946     0.1143     0.0637 0.0000e+00
        297     -0.003     4.6239   0.014938     0.1142     0.0637 0.0000e+00
        298     -0.001     4.6241   0.014912     0.1140     0.0635 0.0000e+00
        299     -0.001     4.6243   0.014880     0.1138     0.0633 0.0000e+00
        300     -0.003     4.6245   0.014862     0.1136     0.0632 0.0000e+00
        301     -0.005     4.6248   0.014847     0.1135     0.0631 0.0000e+00
        302     -0.006     4.6250   0.014827     0.1134     0.0630 0.0000e+00
        303     -0.006     4.6250   0.014800     0.1131     0.0628 0.0000e+00
        304     -0.007     4.6252   0.014773     0.1129     0.0626 0.0000e+00
        305     -0.007     4.6255   0.014761     0.1128     0.0625 0.0000e+00
        306     -0.004     4.6257   0.014768     0.1129     0.0626 0.0000e+00
        307     -0.000     4.6258   0.014782     0.1130     0.0627 0.0000e+00
        308      0.000     4.6259   0.014783     0.1130     0.0627 0.0000e+00
        309     -0.002     4.6261   0.014764     0.1128     0.0625 0.0000e+00
        310     -0.003     4.6263   0.014730     0.1126     0.0623 0.0000e+00
        311     -0.003     4.6265   0.014699     0.1123     0.0621 0.0000e+00
        312     -0.003     4.6266   0.014683     0.1122     0.0620 0.0000e+00
        313     -0.004     4.6268   0.014685     0.1122     0.0620 0.0000e+00
        314     -0.005     4.6269   0.014705     0.1124     0.0622 0.0000e+00
        315     -0.003     4.6271   0.014725     0.1125     0.0623 0.0000e+00
        316     -0.000     4.6273   0.014730     0.1126     0.0623 0.0000e+00
        317     -0.001     4.6274   0.014711     0.1124     0.0622 0.0000e+00
        318     -0.003     4.6276   0.014674     0.1121     0.0619 0.0000e+00
        319     -0.003     4.6277   0.014636     0.1118     0.0617 0.0000e+00
        320     -0.003     4.6279   0.014614     0.1117     0.0616 0.0000e+00
        321     -0.003     4.6281   0.014616     0.1117     0.0616 0.0000e+00
        322     -0.005     4.6281   0.014633     0.1118     0.0617 0.0000e+00
        323     -0.005     4.6281   0.014638     0.1119     0.0617 0.0000e+00
        324     -0.004     4.6283   0.014613     0.1117     0.0616 0.0000e+00
        325     -0.006     4.6285   0.014583     0.1114     0.0614 0.0000e+00
        326     -0.008     4.6285   0.014580     0.1114     0.0613 0.0000e+00
        327     -0.007     4.6287   0.014600     0.1115     0.0615 0.0000e+00
        328     -0.004     4.6288   0.014619     0.1117     0.0616 0.0000e+00
        329     -0.003     4.6289   0.014621     0.1117     0.0616 0.0000e+00
        330     -0.001     4.6291   0.014601     0.1116     0.0615 0.0000e+00
        331     -0.000     4.6292   0.014580     0.1114     0.0613 0.0000e+00
        332     -0.004     4.6292   0.014574     0.1113     0.0613 0.0000e+00
        333     -0.005     4.6294   0.014595     0.1115     0.0614 0.0000e+00
        334     -0.004     4.6296   0.014620     0.1117     0.0616 0.0000e+00
        335     -0.003     4.6296   0.014622     0.1117     0.0616 0.0000e+00
        336     -0.002     4.6297   0.014611     0.1116     0.0615 0.0000e+00
        337     -0.001     4.6299   0.014606     0.1116     0.0615 0.0000e+00
        338      0.000     4.6300   0.014618     0.1117     0.0616 0.0000e+00
        339     -0.001     4.6300   0.014645     0.1119     0.0617 0.0000e+00
        340     -0.001     4.6301   0.014659     0.1120     0.0618 0.0000e+00
        341     -0.000     4.6303   0.014638     0.1118     0.0617 0.0000e+00
        342     -0.002     4.6304   0.014604     0.1116     0.0615 0.0000e+00
        343     -0.005     4.6304   0.014591     0.1115     0.0614 0.0000e+00
        344     -0.007     4.6304   0.014603     0.1116     0.0615 0.0000e+00
        345     -0.006     4.6304   0.014625     0.1117     0.0616 0.0000e+00
        346     -0.005     4.6305   0.014637     0.1118     0.0617 0.0000e+00
        347     -0.005     4.6307   0.014639     0.1119     0.0617 0.0000e+00
        348     -0.005     4.6307   0.014647     0.1119     0.0617 0.0000e+00
        349     -0.004     4.6308   0.014668     0.1121     0.0619 0.0000e+00
        350     -0.002     4.6310   0.014689     0.1122     0.0620 0.0000e+00
        351      0.000     4.6311   0.014701     0.1123     0.0621 0.0000e+00
        352     -0.001     4.6311   0.014729     0.1126     0.0623 0.0000e+00
        353     -0.003     4.6311   0.014773     0.1129     0.0625 0.0000e+00
        354     -0.006     4.6311   0.014795     0.1131     0.0627 0.0000e+00
        355     -0.010     4.6312   0.014779     0.1130     0.0626 0.0000e+00
        356     -0.012     4.6313   0.014754     0.1128     0.0624 0.0000e+00
        357     -0.010     4.6315   0.014742     0.1127     0.0623 0.0000e+00
        358     -0.007     4.6315   0.014741     0.1127     0.0623 0.0000e+00
        359     -0.005     4.6315   0.014741     0.1127     0.0623 0.0000e+00
        360     -0.004     4.6316   0.014743     0.1127     0.0623 0.0000e+00
        361     -0.002     4.6318   0.014759     0.1128     0.0624 0.0000e+00
        362     -0.001     4.6318   0.014774     0.1129     0.0625 0.0000e+00
        363     -0.002     4.6319   0.014782     0.1130     0.0626 0.0000e+00
        364     -0.005     4.6319   0.014779     0.1130     0.0626 0.0000e+00
        365     -0.008     4.6319   0.014775     0.1129     0.0625 0.0000e+00
        366     -0.009     4.6319   0.014785     0.1130     0.0626 0.0000e+00
        367     -0.007     4.6319   0.014800     0.1131     0.0627 0.0000e+00
        368     -0.006     4.6319   0.014815     0.1132     0.0628 0.0000e+00
        369     -0.006     4.6320   0.014820     0.1133     0.0628 0.0000e+00
        370     -0.007     4.6322   0.014810     0.1132     0.0628 0.0000e+00
        371     -0.009     4.6322   0.014793     0.1131     0.0626 0.0000e+00
        372     -0.010     4.6323   0.014781     0.1130     0.0626 0.0000e+00
        373     -0.011     4.6323   0.014796     0.1131     0.0627 0.0000e+00
        374     -0.012     4.6323   0.014834     0.1134     0.0629 0.0000e+00
        375     -0.012     4.6324   0.014849     0.1135     0.0630 0.0000e+00
        376     -0.012     4.6325   0.014815     0.1132     0.0628 0.0000e+00
        377     -0.012     4.6325   0.014764     0.1128     0.0625 0.0000e+00
        378     -0.011     4.6326   0.014759     0.1128     0.0624 0.0000e+00
        379     -0.008     4.6326   0.014834     0.1134     0.0629 0.0000e+00
        380     -0.007     4.6326   0.014940     0.1142     0.0636 0.0000e+00
        381     -0.007     4.6326   0.015000     0.1147     0.0640 0.0000e+00
        382     -0.006     4.6326   0.014999     0.1147     0.0639 0.0000e+00
        383     -0.006     4.6326   0.014971     0.1145     0.0638 0.0000e+00
        384     -0.006     4.6326   0.014959     0.1144     0.0637 0.0000e+00
        385     -0.006     4.6327   0.014987     0.1146     0.0639 0.0000e+00
        386     -0.006     4.6328   0.015040     0.1150     0.0642 0.0000e+00
        387     -0.007     4.6328   0.015075     0.1153     0.0644 0.0000e+00
        388     -0.008     4.6328   0.015068     0.1152     0.0644 0.0000e+00
        389     -0.008     4.6329   0.015028     0.1149     0.0641 0.0000e+00
        390     -0.006     4.6330   0.015003     0.1147     0.0640 0.0000e+00
        391     -0.004     4.6330   0.015012     0.1148     0.0640 0.0000e+00
        392     -0.004     4.6330   0.015028     0.1149     0.0641 0.0000e+00
        393     -0.005     4.6331   0.015034     0.1150     0.0642 0.0000e+00
        394     -0.008     4.6331   0.015028     0.1149     0.0641 0.0000e+00
        395     -0.011     4.6331   0.015010     0.1148     0.0640 0.0000e+00
        396     -0.012     4.6332   0.014999     0.1147     0.0639 0.0000e+00
        397     -0.011     4.6332   0.015007     0.1147     0.0640 0.0000e+00
        398     -0.011     4.6333   0.015031     0.1149     0.0641 0.0000e+00
        399     -0.008     4.6333   0.015054     0.1151     0.0643 0.0000e+00
        400     -0.005     4.6333   0.015045     0.1150     0.0642 0.0000e+00
        401     -0.004     4.6334   0.014998     0.1147     0.0639 0.0000e+00
        402     -0.003     4.6334   0.014954     0.1143     0.0636 0.0000e+00
        403     -0.003     4.6334   0.014955     0.1143     0.0637 0.0000e+00
        404     -0.003     4.6334   0.014994     0.1146     0.0639 0.0000e+00
        405     -0.007     4.6334   0.015037     0.1150     0.0642 0.0000e+00
        406     -0.011     4.6334   0.015059     0.1152     0.0643 0.0000e+00
        407     -0.011     4.6335   0.015049     0.1151     0.0642 0.0000e+00
        408     -0.008     4.6335   0.015017     0.1148     0.0640 0.0000e+00
        409     -0.002     4.6336   0.014992     0.1146     0.0639 0.0000e+00
        410      0.002     4.6337   0.014987     0.1146     0.0639 0.0000e+00
