Datasets/Test_Dataset_39219_tow/tel219_2021_030.cnv
* Sea-Bird SBE19plus Data File:
* Filename = C:/AQUIRE/tel219_2021_030.hex
* Software Version AquireV2 AF V2.0
* Temperature SN =  4020
* Conductivity SN =  4020
* System UpLoad Time = May 10 2021 22:13:29
** VESSEL/TRIP/SEQ STN: tel219_2021_030
** LATITUDE: 45 43.97 N
** LONGITUDE: 56 21.65 W
** DATE/TIME: 2021-05-10 19:31
** SOUNDING DEPTH (M): 0041
** PROBE TYPE: S4020
** CTD NUMBER:  30
** FORMAT: T
** COMMENTS: Set 30
# nquan = 7                                 
# nvalues = 8454                        
# units = specified
# name 0 = scan: Scan Count
# name 1 = prdM: Pressure, Strain Gauge [db]
# name 2 = tv290C: Temperature [ITS-90, deg C]
# name 3 = c0S/m: Conductivity [S/m]
# name 4 = sal00: Salinity, Practical [PSU]
# name 5 = sigma-t00: Density [sigma-t, kg/m^3 ]
# name 6 = flag: flag
# span 0 =          1,       8454       
# span 1 =     -0.282,     40.653       
# span 2 =     3.3619,     6.0341       
# span 3 =   0.000832,   3.004702       
# span 4 =     0.0072,    32.5029       
# span 5 =    -0.0517,    25.8474       
# span 6 = 0.0000e+00, 0.0000e+00       
# interval = seconds: 1
# start_time = May 10 2021 19:31:04 [Instrument's time stamp, header]
# bad_flag = -9.990e-29
*END*
[from data line 2257]
       2258     -0.217     3.7378   0.009647     0.0744     0.0347 0.0000e+00
       2259     -0.215     3.7379   0.009708     0.0749     0.0351 0.0000e+00
       2260     -0.210     3.7387   0.010062     0.0778     0.0374 0.0000e+00
       2261     -0.209     3.7402   0.011045     0.0856     0.0437 0.0000e+00
       2262     -0.214     3.7415   0.012577     0.0979     0.0537 0.0000e+00
       2263     -0.220     3.7422   0.015438     0.1211     0.0724 0.0000e+00
       2264     -0.221     3.7424   0.018885     0.1492     0.0951 0.0000e+00
       2265     -0.219     3.7424   0.019990     0.1582     0.1024 0.0000e+00
       2266     -0.218     3.7425   0.019242     0.1521     0.0974 0.0000e+00
       2267     -0.218     3.7427   0.018446     0.1456     0.0922 0.0000e+00
       2268     -0.218     3.7428   0.017648     0.1391     0.0869 0.0000e+00
       2269     -0.217     3.7431   0.016801     0.1322     0.0813 0.0000e+00
       2270     -0.217     3.7434   0.015994     0.1256     0.0760 0.0000e+00
       2271     -0.218     3.7438   0.015322     0.1201     0.0716 0.0000e+00
       2272     -0.219     3.7444   0.014805     0.1159     0.0682 0.0000e+00
       2273     -0.218     3.7449   0.014470     0.1132     0.0660 0.0000e+00
       2274     -0.216     3.7453   0.014310     0.1119     0.0650 0.0000e+00
       2275     -0.214     3.7454   0.014311     0.1119     0.0650 0.0000e+00
       2276     -0.214     3.7457   0.014479     0.1133     0.0661 0.0000e+00
       2277     -0.217     3.7463   0.014572     0.1140     0.0667 0.0000e+00
       2278     -0.220     3.7473   0.014409     0.1127     0.0656 0.0000e+00
       2279     -0.221     3.7481   0.014203     0.1110     0.0643 0.0000e+00
       2280     -0.222     3.7487   0.014079     0.1100     0.0635 0.0000e+00
       2281     -0.223     3.7489   0.013967     0.1091     0.0628 0.0000e+00
       2282     -0.221     3.7492   0.013855     0.1082     0.0620 0.0000e+00
       2283     -0.222     3.7494   0.013762     0.1075     0.0614 0.0000e+00
       2284     -0.225     3.7498   0.013688     0.1069     0.0609 0.0000e+00
       2285     -0.227     3.7506   0.013664     0.1067     0.0608 0.0000e+00
       2286     -0.226     3.7515   0.013805     0.1078     0.0617 0.0000e+00
       2287     -0.223     3.7522   0.014068     0.1099     0.0634 0.0000e+00
       2288     -0.219     3.7527   0.014257     0.1115     0.0647 0.0000e+00
       2289     -0.218     3.7532   0.014358     0.1123     0.0653 0.0000e+00
       2290     -0.216     3.7535   0.014340     0.1121     0.0652 0.0000e+00
       2291     -0.212     3.7538   0.014090     0.1101     0.0636 0.0000e+00
       2292     -0.210     3.7544   0.013767     0.1075     0.0615 0.0000e+00
       2293     -0.212     3.7550   0.013559     0.1058     0.0601 0.0000e+00
       2294     -0.216     3.7554   0.013438     0.1048     0.0593 0.0000e+00
       2295     -0.220     3.7559   0.013346     0.1041     0.0587 0.0000e+00
       2296     -0.221     3.7568   0.013332     0.1040     0.0586 0.0000e+00
       2297     -0.222     3.7576   0.013513     0.1054     0.0598 0.0000e+00
       2298     -0.222     3.7582   0.013693     0.1069     0.0610 0.0000e+00
       2299     -0.221     3.7590   0.013575     0.1059     0.0602 0.0000e+00
       2300     -0.220     3.7604   0.013354     0.1041     0.0588 0.0000e+00
       2301     -0.220     3.7618   0.013259     0.1034     0.0582 0.0000e+00
       2302     -0.220     3.7624   0.013205     0.1029     0.0578 0.0000e+00
       2303     -0.219     3.7627   0.013144     0.1024     0.0574 0.0000e+00
       2304     -0.219     3.7630   0.013162     0.1026     0.0575 0.0000e+00
       2305     -0.218     3.7634   0.013292     0.1036     0.0584 0.0000e+00
       2306     -0.215     3.7640   0.013323     0.1039     0.0586 0.0000e+00
       2307     -0.216     3.7647   0.013134     0.1024     0.0573 0.0000e+00
       2308     -0.218     3.7653   0.012917     0.1006     0.0559 0.0000e+00
       2309     -0.219     3.7657   0.012799     0.0997     0.0552 0.0000e+00
       2310     -0.217     3.7661   0.012733     0.0991     0.0547 0.0000e+00
       2311     -0.214     3.7668   0.012694     0.0988     0.0545 0.0000e+00
       2312     -0.213     3.7674   0.012731     0.0991     0.0547 0.0000e+00
       2313     -0.217     3.7677   0.012819     0.0998     0.0553 0.0000e+00
       2314     -0.221     3.7681   0.012794     0.0996     0.0551 0.0000e+00
       2315     -0.221     3.7690   0.012623     0.0982     0.0540 0.0000e+00
       2316     -0.220     3.7701   0.012447     0.0968     0.0529 0.0000e+00
       2317     -0.221     3.7709   0.012338     0.0959     0.0522 0.0000e+00
       2318     -0.222     3.7714   0.012264     0.0953     0.0517 0.0000e+00
       2319     -0.222     3.7720   0.012190     0.0947     0.0512 0.0000e+00
       2320     -0.221     3.7724   0.012116     0.0941     0.0507 0.0000e+00
       2321     -0.221     3.7727   0.012059     0.0937     0.0504 0.0000e+00
       2322     -0.219     3.7728   0.012022     0.0934     0.0501 0.0000e+00
       2323     -0.214     3.7730   0.011994     0.0932     0.0499 0.0000e+00
       2324     -0.210     3.7736   0.011973     0.0930     0.0498 0.0000e+00
       2325     -0.208     3.7744   0.011956     0.0929     0.0497 0.0000e+00
       2326     -0.209     3.7750   0.011937     0.0927     0.0496 0.0000e+00
       2327     -0.209     3.7753   0.011903     0.0924     0.0493 0.0000e+00
       2328     -0.210     3.7754   0.011850     0.0920     0.0490 0.0000e+00
       2329     -0.213     3.7755   0.011804     0.0916     0.0487 0.0000e+00
       2330     -0.214     3.7756   0.011815     0.0917     0.0488 0.0000e+00
       2331     -0.212     3.7756   0.011869     0.0921     0.0491 0.0000e+00
       2332     -0.212     3.7760   0.011877     0.0922     0.0492 0.0000e+00
       2333     -0.215     3.7767   0.011811     0.0917     0.0488 0.0000e+00
       2334     -0.217     3.7773   0.011727     0.0910     0.0482 0.0000e+00
       2335     -0.217     3.7777   0.011663     0.0905     0.0478 0.0000e+00
       2336     -0.219     3.7780   0.011613     0.0901     0.0475 0.0000e+00
       2337     -0.224     3.7785   0.011574     0.0898     0.0472 0.0000e+00
       2338     -0.225     3.7790   0.011555     0.0896     0.0471 0.0000e+00
       2339     -0.225     3.7794   0.011550     0.0896     0.0471 0.0000e+00
       2340     -0.226     3.7798   0.011538     0.0895     0.0470 0.0000e+00
       2341     -0.223     3.7805   0.011505     0.0892     0.0468 0.0000e+00
       2342     -0.219     3.7813   0.011459     0.0888     0.0465 0.0000e+00
       2343     -0.219     3.7818   0.011415     0.0885     0.0462 0.0000e+00
       2344     -0.219     3.7822   0.011414     0.0885     0.0462 0.0000e+00
       2345     -0.217     3.7825   0.011512     0.0893     0.0468 0.0000e+00
       2346     -0.212     3.7830   0.011692     0.0907     0.0480 0.0000e+00
       2347     -0.211     3.7836   0.011817     0.0917     0.0488 0.0000e+00
       2348     -0.214     3.7843   0.011824     0.0918     0.0488 0.0000e+00
       2349     -0.214     3.7850   0.011781     0.0914     0.0486 0.0000e+00
       2350     -0.211     3.7855   0.011745     0.0911     0.0483 0.0000e+00
       2351     -0.210     3.7858   0.011727     0.0910     0.0482 0.0000e+00
       2352     -0.211     3.7860   0.011727     0.0910     0.0482 0.0000e+00
       2353     -0.212     3.7865   0.011754     0.0912     0.0484 0.0000e+00
       2354     -0.212     3.7873   0.011870     0.0921     0.0491 0.0000e+00
       2355     -0.214     3.7881   0.012117     0.0941     0.0507 0.0000e+00
       2356     -0.220     3.7885   0.012771     0.0994     0.0550 0.0000e+00
       2357     -0.226     3.7889   0.015820     0.1240     0.0749 0.0000e+00
       2358     -0.232     3.7892   0.022604     0.1795     0.1197 0.0000e+00
       2359     -0.238     3.7895   0.028129     0.2252     0.1565 0.0000e+00
       2360     -0.239     3.7897   0.027346     0.2187     0.1513 0.0000e+00
       2361     -0.236     3.7900   0.023229     0.1846     0.1238 0.0000e+00
       2362     -0.233     3.7904   0.020161     0.1594     0.1035 0.0000e+00
       2363     -0.232     3.7908   0.018506     0.1459     0.0926 0.0000e+00
       2364     -0.230     3.7912   0.017048     0.1340     0.0830 0.0000e+00
       2365     -0.231     3.7916   0.015494     0.1214     0.0728 0.0000e+00
       2366     -0.235     3.7920   0.014205     0.1109     0.0643 0.0000e+00
       2367     -0.236     3.7926   0.013150     0.1024     0.0575 0.0000e+00
       2368     -0.233     3.7931   0.012371     0.0961     0.0524 0.0000e+00
       2369     -0.231     3.7935   0.012008     0.0932     0.0500 0.0000e+00
       2370     -0.231     3.7940   0.011884     0.0922     0.0492 0.0000e+00
       2371     -0.231     3.7943   0.011617     0.0901     0.0475 0.0000e+00
       2372     -0.233     3.7946   0.011075     0.0857     0.0440 0.0000e+00
       2373     -0.240     3.7950   0.010418     0.0805     0.0398 0.0000e+00
       2374     -0.245     3.7956   0.009811     0.0756     0.0358 0.0000e+00
       2375     -0.242     3.7960   0.009315     0.0717     0.0327 0.0000e+00
       2376     -0.236     3.7965   0.008931     0.0686     0.0302 0.0000e+00
       2377     -0.234     3.7969   0.008674     0.0666     0.0285 0.0000e+00
       2378     -0.236     3.7973   0.008569     0.0658     0.0279 0.0000e+00
       2379     -0.237     3.7977   0.008551     0.0656     0.0278 0.0000e+00
       2380     -0.236     3.7981   0.008499     0.0652     0.0274 0.0000e+00
       2381     -0.234     3.7985   0.008342     0.0640     0.0264 0.0000e+00
       2382     -0.232     3.7990   0.008096     0.0620     0.0248 0.0000e+00
       2383     -0.230     3.7994   0.007834     0.0599     0.0232 0.0000e+00
       2384     -0.229     3.7998   0.007619     0.0582     0.0218 0.0000e+00
       2385     -0.230     3.8002   0.007447     0.0569     0.0207 0.0000e+00
       2386     -0.229     3.8007   0.007293     0.0557     0.0197 0.0000e+00
       2387     -0.229     3.8013   0.007155     0.0546     0.0189 0.0000e+00
       2388     -0.231     3.8017   0.007033     0.0536     0.0181 0.0000e+00
       2389     -0.231     3.8020   0.006908     0.0526     0.0173 0.0000e+00
       2390     -0.228     3.8025   0.006776     0.0516     0.0164 0.0000e+00
       2391     -0.226     3.8030   0.006652     0.0506     0.0157 0.0000e+00
       2392     -0.228     3.8034   0.006550     0.0498     0.0150 0.0000e+00
       2393     -0.232     3.8038   0.006459     0.0491     0.0144 0.0000e+00
       2394     -0.234     3.8042   0.006357     0.0483     0.0138 0.0000e+00
       2395     -0.233     3.8046   0.006247     0.0475     0.0131 0.0000e+00
       2396     -0.233     3.8051   0.006153     0.0467     0.0125 0.0000e+00
       2397     -0.235     3.8055   0.006084     0.0462     0.0121 0.0000e+00
       2398     -0.238     3.8059   0.006031     0.0458     0.0117 0.0000e+00
       2399     -0.240     3.8063   0.005970     0.0453     0.0113 0.0000e+00
       2400     -0.239     3.8068   0.005900     0.0447     0.0109 0.0000e+00
       2401     -0.236     3.8072   0.005835     0.0442     0.0105 0.0000e+00
       2402     -0.236     3.8076   0.005783     0.0438     0.0102 0.0000e+00
       2403     -0.237     3.8080   0.005737     0.0435     0.0099 0.0000e+00
       2404     -0.237     3.8085   0.005685     0.0431     0.0096 0.0000e+00
       2405     -0.234     3.8089   0.005619     0.0425     0.0091 0.0000e+00
       2406     -0.230     3.8093   0.005544     0.0420     0.0087 0.0000e+00
       2407     -0.230     3.8097   0.005474     0.0414     0.0082 0.0000e+00
       2408     -0.234     3.8101   0.005420     0.0410     0.0079 0.0000e+00
       2409     -0.237     3.8106   0.005387     0.0407     0.0077 0.0000e+00
       2410     -0.237     3.8110   0.005372     0.0406     0.0076 0.0000e+00
       2411     -0.237     3.8114   0.005358     0.0405     0.0075 0.0000e+00
       2412     -0.236     3.8118   0.005325     0.0403     0.0073 0.0000e+00
       2413     -0.235     3.8121   0.005270     0.0398     0.0069 0.0000e+00
       2414     -0.234     3.8126   0.005213     0.0394     0.0066 0.0000e+00
       2415     -0.232     3.8131   0.005172     0.0391     0.0063 0.0000e+00
       2416     -0.230     3.8136   0.005151     0.0389     0.0062 0.0000e+00
       2417     -0.229     3.8140   0.005136     0.0388     0.0061 0.0000e+00
       2418     -0.228     3.8144   0.005111     0.0386     0.0060 0.0000e+00
       2419     -0.229     3.8148   0.005078     0.0383     0.0057 0.0000e+00
       2420     -0.233     3.8152   0.005048     0.0381     0.0056 0.0000e+00
       2421     -0.235     3.8156   0.005024     0.0379     0.0054 0.0000e+00
       2422     -0.236     3.8160   0.004998     0.0377     0.0052 0.0000e+00
       2423     -0.238     3.8166   0.004966     0.0375     0.0050 0.0000e+00
       2424     -0.238     3.8170   0.004927     0.0372     0.0048 0.0000e+00
       2425     -0.238     3.8174   0.004888     0.0369     0.0046 0.0000e+00
       2426     -0.238     3.8178   0.004859     0.0366     0.0044 0.0000e+00
       2427     -0.237     3.8182   0.004841     0.0365     0.0043 0.0000e+00
       2428     -0.234     3.8187   0.004828     0.0364     0.0042 0.0000e+00
       2429     -0.232     3.8192   0.004808     0.0362     0.0041 0.0000e+00
       2430     -0.232     3.8196   0.004778     0.0360     0.0039 0.0000e+00
       2431     -0.231     3.8201   0.004753     0.0358     0.0037 0.0000e+00
       2432     -0.229     3.8205   0.004738     0.0357     0.0036 0.0000e+00
       2433     -0.227     3.8210   0.004721     0.0356     0.0035 0.0000e+00
       2434     -0.230     3.8214   0.004695     0.0354     0.0034 0.0000e+00
       2435     -0.234     3.8218   0.004662     0.0351     0.0032 0.0000e+00
       2436     -0.234     3.8222   0.004628     0.0348     0.0029 0.0000e+00
       2437     -0.234     3.8227   0.004607     0.0347     0.0028 0.0000e+00
       2438     -0.233     3.8232   0.004596     0.0346     0.0027 0.0000e+00
       2439     -0.229     3.8236   0.004584     0.0345     0.0027 0.0000e+00
       2440     -0.227     3.8240   0.004563     0.0343     0.0025 0.0000e+00
       2441     -0.228     3.8244   0.004537     0.0341     0.0024 0.0000e+00
       2442     -0.232     3.8250   0.004513     0.0339     0.0022 0.0000e+00
       2443     -0.237     3.8255   0.004494     0.0338     0.0021 0.0000e+00
       2444     -0.237     3.8259   0.004483     0.0337     0.0020 0.0000e+00
       2445     -0.236     3.8263   0.004471     0.0336     0.0020 0.0000e+00
       2446     -0.235     3.8268   0.004448     0.0334     0.0018 0.0000e+00
       2447     -0.232     3.8272   0.004421     0.0332     0.0017 0.0000e+00
       2448     -0.230     3.8276   0.004400     0.0331     0.0015 0.0000e+00
       2449     -0.229     3.8281   0.004385     0.0330     0.0014 0.0000e+00
       2450     -0.228     3.8285   0.004369     0.0328     0.0013 0.0000e+00
       2451     -0.228     3.8291   0.004349     0.0327     0.0012 0.0000e+00
       2452     -0.230     3.8295   0.004332     0.0325     0.0011 0.0000e+00
       2453     -0.233     3.8299   0.004319     0.0324     0.0010 0.0000e+00
       2454     -0.234     3.8302   0.004304     0.0323     0.0009 0.0000e+00
       2455     -0.233     3.8307   0.004289     0.0322     0.0008 0.0000e+00
       2456     -0.234     3.8312   0.004269     0.0321     0.0007 0.0000e+00
       2457     -0.235     3.8316   0.004243     0.0319     0.0006 0.0000e+00
       2458     -0.234     3.8320   0.004217     0.0317     0.0004 0.0000e+00
       2459     -0.233     3.8324   0.004190     0.0315     0.0002 0.0000e+00
       2460     -0.232     3.8330   0.004170     0.0313     0.0001 0.0000e+00
       2461     -0.232     3.8335   0.004158     0.0312     0.0000 0.0000e+00
