Datasets/Test_Dataset_39219_tow/tel219_2021_003.cnv
* Sea-Bird SBE19plus Data File:
* Filename = C:/AQUIRE/tel219_2021_003.hex
* Software Version AquireV2 AF V2.0
* Temperature SN =  4020
* Conductivity SN =  4020
* System UpLoad Time = May 06 2021 05:21:40
** VESSEL/TRIP/SEQ STN: tel219_2021_003
** LATITUDE: 45 54.58 N
** LONGITUDE: 54 01.44 W
** DATE/TIME: 2021-05-06 04:24
** SOUNDING DEPTH (M): 0127
** PROBE TYPE: S4020
** CTD NUMBER:   3
** FORMAT: t
** COMMENTS: 
# nquan = 7                                 
# nvalues = 2728                        
# units = specified
# name 0 = scan: Scan Count
# name 1 = prdM: Pressure, Strain Gauge [db]
# name 2 = tv290C: Temperature [ITS-90, deg C]
# name 3 = c0S/m: Conductivity [S/m]
# name 4 = sal00: Salinity, Practical [PSU]
# name 5 = sigma-t00: Density [sigma-t, kg/m^3 ]
# name 6 = flag: flag
# span 0 =          1,       2728       
# span 1 =     -0.095,    123.717       
# span 2 =     0.5914,     3.2392       
# span 3 =   0.004008,   2.951093       
# span 4 =     0.0304,    32.6742       
# span 5 =    -0.0069,    26.1963       
# span 6 = 0.0000e+00, 0.0000e+00       
# interval = seconds: 1
# start_time = May 06 2021 04:24:57 [Instrument's time stamp, header]
# bad_flag = -9.990e-29
*END*
[from data line 2667]
       2668     -0.046     3.0449   0.004856     0.0371    -0.0020 0.0000e+00
       2669     -0.045     3.0446   0.004854     0.0371    -0.0020 0.0000e+00
       2670     -0.046     3.0443   0.004855     0.0371    -0.0020 0.0000e+00
       2671     -0.046     3.0440   0.004855     0.0371    -0.0020 0.0000e+00
       2672     -0.044     3.0438   0.004851     0.0371    -0.0020 0.0000e+00
       2673     -0.043     3.0436   0.004843     0.0370    -0.0021 0.0000e+00
       2674     -0.045     3.0434   0.004836     0.0370    -0.0021 0.0000e+00
       2675     -0.047     3.0431   0.004831     0.0369    -0.0022 0.0000e+00
       2676     -0.048     3.0429   0.004832     0.0369    -0.0022 0.0000e+00
       2677     -0.050     3.0427   0.004837     0.0370    -0.0022 0.0000e+00
       2678     -0.051     3.0425   0.004841     0.0370    -0.0021 0.0000e+00
       2679     -0.050     3.0422   0.004840     0.0370    -0.0021 0.0000e+00
       2680     -0.048     3.0420   0.004837     0.0370    -0.0022 0.0000e+00
       2681     -0.050     3.0418   0.004839     0.0370    -0.0022 0.0000e+00
       2682     -0.054     3.0414   0.004870     0.0372    -0.0020 0.0000e+00
       2683     -0.057     3.0411   0.004925     0.0377    -0.0016 0.0000e+00
       2684     -0.057     3.0408   0.004956     0.0379    -0.0014 0.0000e+00
       2685     -0.055     3.0406   0.004948     0.0378    -0.0015 0.0000e+00
       2686     -0.053     3.0404   0.004917     0.0376    -0.0017 0.0000e+00
       2687     -0.053     3.0401   0.004880     0.0373    -0.0019 0.0000e+00
       2688     -0.055     3.0399   0.004853     0.0371    -0.0021 0.0000e+00
       2689     -0.058     3.0397   0.004839     0.0370    -0.0022 0.0000e+00
       2690     -0.060     3.0396   0.004828     0.0369    -0.0023 0.0000e+00
       2691     -0.059     3.0393   0.004823     0.0369    -0.0023 0.0000e+00
       2692     -0.055     3.0391   0.004821     0.0368    -0.0023 0.0000e+00
       2693     -0.052     3.0388   0.004826     0.0369    -0.0023 0.0000e+00
       2694     -0.051     3.0386   0.004844     0.0370    -0.0022 0.0000e+00
       2695     -0.051     3.0383   0.004870     0.0372    -0.0020 0.0000e+00
       2696     -0.052     3.0379   0.004894     0.0374    -0.0019 0.0000e+00
       2697     -0.054     3.0375   0.004907     0.0375    -0.0018 0.0000e+00
       2698     -0.054     3.0367   0.004907     0.0375    -0.0018 0.0000e+00
       2699     -0.054     3.0360   0.004888     0.0374    -0.0019 0.0000e+00
       2700     -0.056     3.0358   0.004866     0.0372    -0.0021 0.0000e+00
       2701     -0.056     3.0356   0.004853     0.0371    -0.0022 0.0000e+00
       2702     -0.056     3.0355   0.004844     0.0370    -0.0022 0.0000e+00
       2703     -0.056     3.0354   0.004834     0.0369    -0.0023 0.0000e+00
       2704     -0.054     3.0352   0.004827     0.0369    -0.0023 0.0000e+00
       2705     -0.052     3.0351   0.004818     0.0368    -0.0024 0.0000e+00
       2706     -0.052     3.0349   0.004801     0.0367    -0.0025 0.0000e+00
       2707     -0.054     3.0347   0.004779     0.0365    -0.0026 0.0000e+00
       2708     -0.056     3.0345   0.004751     0.0363    -0.0028 0.0000e+00
       2709     -0.058     3.0343   0.004724     0.0361    -0.0030 0.0000e+00
       2710     -0.060     3.0341   0.004705     0.0359    -0.0031 0.0000e+00
       2711     -0.061     3.0339   0.004687     0.0358    -0.0032 0.0000e+00
       2712     -0.060     3.0336   0.004665     0.0356    -0.0034 0.0000e+00
       2713     -0.058     3.0334   0.004638     0.0354    -0.0036 0.0000e+00
       2714     -0.056     3.0332   0.004611     0.0352    -0.0037 0.0000e+00
       2715     -0.058     3.0331   0.004589     0.0350    -0.0039 0.0000e+00
       2716     -0.062     3.0329   0.004572     0.0349    -0.0040 0.0000e+00
       2717     -0.061     3.0327   0.004556     0.0347    -0.0041 0.0000e+00
       2718     -0.058     3.0324   0.004540     0.0346    -0.0042 0.0000e+00
       2719     -0.058     3.0320   0.004523     0.0345    -0.0043 0.0000e+00
       2720     -0.059     3.0318   0.004510     0.0344    -0.0044 0.0000e+00
       2721     -0.060     3.0316   0.004498     0.0343    -0.0045 0.0000e+00
       2722     -0.061     3.0313   0.004489     0.0342    -0.0046 0.0000e+00
       2723     -0.063     3.0311   0.004482     0.0341    -0.0046 0.0000e+00
       2724     -0.066     3.0309   0.004471     0.0341    -0.0047 0.0000e+00
       2725     -0.067     3.0307   0.004456     0.0339    -0.0048 0.0000e+00
       2726     -0.064     3.0305   0.004444     0.0338    -0.0049 0.0000e+00
       2727     -0.061     3.0304   0.004436     0.0338    -0.0049 0.0000e+00
       2728     -0.060 -9.990e-29   0.004438 -9.990e-29 -9.990e-29 0.0000e+00
