Datasets/Test_Dataset_39219_tow/tel219_2021_067.cnv
* Sea-Bird SBE19plus Data File:
* Filename = C:/AQUIRE/tel219_2021_067.hex
* Software Version AquireV2 AF V2.0
* Temperature SN =  4020
* Conductivity SN =  4020
* System UpLoad Time = May 15 2021 03:04:49
** VESSEL/TRIP/SEQ STN: tel219_2021_067
** LATITUDE: 45 32.98 N
** LONGITUDE: 54 26.70 W
** DATE/TIME: 2021-05-15 02:28
** SOUNDING DEPTH (M): 0086
** PROBE TYPE: S4020
** CTD NUMBER:  67
** FORMAT: T
** COMMENTS: 
# nquan = 7                                 
# nvalues = 2215                        
# units = specified
# name 0 = scan: Scan Count
# name 1 = prdM: Pressure, Strain Gauge [db]
# name 2 = tv290C: Temperature [ITS-90, deg C]
# name 3 = c0S/m: Conductivity [S/m]
# name 4 = sal00: Salinity, Practical [PSU]
# name 5 = sigma-t00: Density [sigma-t, kg/m^3 ]
# name 6 = flag: flag
# span 0 =          1,       2215       
# span 1 =     -0.066,     80.007       
# span 2 =     0.2861,     4.4038       
# span 3 =   0.006908,   3.009475       
# span 4 =     0.0520,    32.7796       
# span 5 =     0.0156,    26.2994       
# span 6 = 0.0000e+00, 0.0000e+00       
# interval = seconds: 1
# start_time = May 15 2021 02:28:51 [Instrument's time stamp, header]
# bad_flag = -9.990e-29
*END*
[from data line 206]
        207      1.928     3.3614   2.983712    32.4106    25.7867 0.0000e+00
        208      1.868     3.3615   2.983702    32.4104    25.7865 0.0000e+00
        209      1.811     3.3615   2.983701    32.4104    25.7866 0.0000e+00
        210      1.757     3.3617   2.983709    32.4103    25.7865 0.0000e+00
        211      1.722     3.3617   2.983702    32.4102    25.7864 0.0000e+00
        212      1.703     3.3616   2.983692    32.4102    25.7864 0.0000e+00
        213      1.681     3.3617   2.983709    32.4104    25.7865 0.0000e+00
        214      1.653     3.3621   2.983751    32.4105    25.7866 0.0000e+00
        215      1.608     3.3627   2.983796    32.4104    25.7865 0.0000e+00
        216      1.527     3.3632   2.983818    32.4102    25.7863 0.0000e+00
        217      1.436     3.3636   2.983839    32.4101    25.7862 0.0000e+00
        218      1.370     3.3642   2.983882    32.4101    25.7861 0.0000e+00
        219      1.329     3.3645   2.983914    32.4102    25.7861 0.0000e+00
        220      1.286     3.3647   2.983920    32.4101    25.7860 0.0000e+00
        221      1.217     3.3647   2.983916    32.4101    25.7860 0.0000e+00
        222      1.136     3.3647   2.983915    32.4101    25.7861 0.0000e+00
        223      1.065     3.3647   2.983913    32.4101    25.7861 0.0000e+00
        224      0.982     3.3646   2.983897    32.4101    25.7860 0.0000e+00
        225      0.893     3.3644   2.983874    32.4100    25.7860 0.0000e+00
        226      0.845     3.3645   2.983883    32.4101    25.7860 0.0000e+00
        227      0.816     3.3648   2.983916    32.4102    25.7861 0.0000e+00
        228      0.762     3.3651   2.983925    32.4100    25.7859 0.0000e+00
        229      0.691     3.3650   2.983909    32.4100    25.7859 0.0000e+00
        230      0.629     3.3647   2.983901    32.4102    25.7861 0.0000e+00
        231      0.606     3.3646   2.983919    32.4105    25.7864 0.0000e+00
        232      0.639     3.3645   2.983927    32.4107    25.7866 0.0000e+00
        233      0.689     3.3644   2.983891    32.4104    25.7863 0.0000e+00
        234      0.681     3.3643   2.983864    32.4101    25.7861 0.0000e+00
        235      0.595     3.3645   2.983856    32.4099    25.7859 0.0000e+00
        236      0.501     3.3645   2.983823    32.4095    25.7856 0.0000e+00
        237      0.455     3.3640   2.983787    32.4096    25.7857 0.0000e+00
        238      0.441     3.3632   2.983775    32.4103    25.7863 0.0000e+00
        239      0.446     3.3628   2.983777    32.4107    25.7867 0.0000e+00
        240      0.504     3.3628   2.983798    32.4109    25.7869 0.0000e+00
        241      0.647     3.3632   2.983828    32.4108    25.7868 0.0000e+00
        242      0.853     3.3634   2.983842    32.4107    25.7866 0.0000e+00
        243      1.098     3.3633   2.983839    32.4106    25.7866 0.0000e+00
        244      1.407     3.3632   2.983850    32.4107    25.7866 0.0000e+00
        245      1.807     3.3631   2.983891    32.4111    25.7870 0.0000e+00
        246      2.273     3.3633   2.983937    32.4112    25.7870 0.0000e+00
        247      2.717     3.3637   2.983969    32.4109    25.7868 0.0000e+00
        248      3.097     3.3636   2.983970    32.4108    25.7867 0.0000e+00
        249      3.436     3.3625   2.983864    32.4105    25.7865 0.0000e+00
        250      3.694     3.3601   2.983581    32.4094    25.7859 0.0000e+00
        251      3.827     3.3572   2.983280    32.4086    25.7855 0.0000e+00
        252      3.893     3.3562   2.983249    32.4092    25.7861 0.0000e+00
        253      3.913     3.3576   2.983466    32.4104    25.7869 0.0000e+00
        254      3.830     3.3600   2.983702    32.4108    25.7871 0.0000e+00
        255      3.691     3.3613   2.983816    32.4110    25.7870 0.0000e+00
        256      3.592     3.3621   2.983846    32.4106    25.7867 0.0000e+00
        257      3.523     3.3629   2.983897    32.4104    25.7865 0.0000e+00
        258      3.482     3.3640   2.983973    32.4103    25.7862 0.0000e+00
        259      3.517     3.3649   2.984048    32.4103    25.7861 0.0000e+00
        260      3.578     3.3644   2.984029    32.4105    25.7864 0.0000e+00
        261      3.572     3.3612   2.983750    32.4103    25.7866 0.0000e+00
        262      3.524     3.3582   2.983467    32.4100    25.7865 0.0000e+00
        263      3.513     3.3588   2.983548    32.4104    25.7868 0.0000e+00
        264      3.558     3.3618   2.983813    32.4105    25.7866 0.0000e+00
        265      3.629     3.3645   2.984034    32.4104    25.7863 0.0000e+00
        266      3.674     3.3662   2.984159    32.4102    25.7860 0.0000e+00
        267      3.673     3.3666   2.984175    32.4100    25.7858 0.0000e+00
        268      3.671     3.3659   2.984108    32.4099    25.7858 0.0000e+00
        269      3.684     3.3631   2.983902    32.4102    25.7863 0.0000e+00
        270      3.691     3.3565   2.983322    32.4099    25.7866 0.0000e+00
        271      3.700     3.3502   2.982686    32.4085    25.7861 0.0000e+00
        272      3.713     3.3495   2.982707    32.4095    25.7869 0.0000e+00
        273      3.706     3.3527   2.983074    32.4107    25.7876 0.0000e+00
        274      3.662     3.3573   2.983399    32.4100    25.7866 0.0000e+00
        275      3.570     3.3621   2.983797    32.4100    25.7862 0.0000e+00
        276      3.432     3.3658   2.984076    32.4097    25.7857 0.0000e+00
        277      3.287     3.3676   2.984169    32.4091    25.7850 0.0000e+00
        278      3.184     3.3682   2.984216    32.4091    25.7850 0.0000e+00
        279      3.143     3.3685   2.984270    32.4095    25.7852 0.0000e+00
        280      3.181     3.3682   2.984264    32.4097    25.7854 0.0000e+00
        281      3.292     3.3672   2.984167    32.4095    25.7853 0.0000e+00
        282      3.439     3.3665   2.984118    32.4095    25.7854 0.0000e+00
        283      3.597     3.3661   2.984107    32.4097    25.7856 0.0000e+00
        284      3.750     3.3657   2.984068    32.4096    25.7855 0.0000e+00
        285      3.885     3.3655   2.984072    32.4097    25.7857 0.0000e+00
        286      4.031     3.3657   2.984109    32.4099    25.7858 0.0000e+00
        287      4.224     3.3653   2.984096    32.4101    25.7860 0.0000e+00
        288      4.432     3.3631   2.983924    32.4101    25.7862 0.0000e+00
        289      4.607     3.3594   2.983610    32.4099    25.7864 0.0000e+00
        290      4.747     3.3552   2.983285    32.4102    25.7869 0.0000e+00
        291      4.899     3.3518   2.983030    32.4104    25.7875 0.0000e+00
        292      5.103     3.3514   2.983012    32.4105    25.7876 0.0000e+00
        293      5.348     3.3537   2.983241    32.4108    25.7876 0.0000e+00
        294      5.607     3.3559   2.983433    32.4108    25.7874 0.0000e+00
        295      5.864     3.3572   2.983530    32.4105    25.7870 0.0000e+00
        296      6.086     3.3576   2.983610    32.4109    25.7874 0.0000e+00
        297      6.283     3.3556   2.983457    32.4110    25.7876 0.0000e+00
        298      6.514     3.3531   2.983266    32.4111    25.7879 0.0000e+00
        299      6.796     3.3551   2.983502    32.4118    25.7882 0.0000e+00
        300      7.083     3.3593   2.983892    32.4121    25.7881 0.0000e+00
        301      7.338     3.3598   2.983892    32.4115    25.7876 0.0000e+00
        302      7.559     3.3564   2.983572    32.4109    25.7874 0.0000e+00
        303      7.748     3.3504   2.983171    32.4120    25.7888 0.0000e+00
        304      7.932     3.3396   2.982417    32.4137    25.7911 0.0000e+00
        305      8.165     3.3256   2.981156    32.4124    25.7914 0.0000e+00
        306      8.461     3.3184   2.980376    32.4101    25.7902 0.0000e+00
        307      8.797     3.3232   2.980921    32.4117    25.7910 0.0000e+00
        308      9.125     3.3354   2.982092    32.4133    25.7913 0.0000e+00
        309      9.387     3.3475   2.983074    32.4129    25.7898 0.0000e+00
        310      9.593     3.3525   2.983457    32.4124    25.7889 0.0000e+00
        311      9.812     3.3450   2.982780    32.4116    25.7890 0.0000e+00
        312     10.061     3.3224   2.980918    32.4118    25.7912 0.0000e+00
        313     10.327     3.2837   2.978014    32.4155    25.7976 0.0000e+00
        314     10.612     3.2297   2.973766    32.4184    25.8047 0.0000e+00
        315     10.909     3.1749   2.969166    32.4178    25.8090 0.0000e+00
        316     11.214     3.1395   2.966426    32.4201    25.8140 0.0000e+00
        317     11.525     3.1259   2.965680    32.4246    25.8188 0.0000e+00
        318     11.834     3.1204   2.965509    32.4279    25.8219 0.0000e+00
        319     12.143     3.1091   2.964661    32.4289    25.8236 0.0000e+00
        320     12.461     3.0917   2.963044    32.4266    25.8233 0.0000e+00
        321     12.797     3.0774   2.961703    32.4246    25.8230 0.0000e+00
        322     13.147     3.0728   2.961281    32.4240    25.8229 0.0000e+00
        323     13.494     3.0778   2.961754    32.4245    25.8228 0.0000e+00
        324     13.827     3.0866   2.962589    32.4256    25.8229 0.0000e+00
        325     14.146     3.0926   2.963060    32.4250    25.8220 0.0000e+00
        326     14.461     3.0938   2.963067    32.4238    25.8209 0.0000e+00
        327     14.783     3.0921   2.962831    32.4224    25.8200 0.0000e+00
        328     15.114     3.0895   2.962544    32.4214    25.8194 0.0000e+00
        329     15.445     3.0872   2.962357    32.4213    25.8195 0.0000e+00
        330     15.771     3.0848   2.962186    32.4215    25.8198 0.0000e+00
        331     16.095     3.0820   2.961934    32.4211    25.8197 0.0000e+00
        332     16.428     3.0797   2.961689    32.4202    25.8193 0.0000e+00
        333     16.774     3.0778   2.961484    32.4195    25.8188 0.0000e+00
        334     17.126     3.0740   2.961129    32.4188    25.8186 0.0000e+00
        335     17.474     3.0659   2.960470    32.4188    25.8193 0.0000e+00
        336     17.813     3.0546   2.959645    32.4200    25.8213 0.0000e+00
        337     18.152     3.0440   2.958898    32.4215    25.8233 0.0000e+00
        338     18.497     3.0364   2.958287    32.4215    25.8240 0.0000e+00
        339     18.845     3.0312   2.957761    32.4202    25.8234 0.0000e+00
        340     19.192     3.0269   2.957329    32.4191    25.8229 0.0000e+00
        341     19.541     3.0221   2.956894    32.4185    25.8229 0.0000e+00
        342     19.896     3.0166   2.956403    32.4179    25.8229 0.0000e+00
        343     20.252     3.0118   2.956040    32.4182    25.8235 0.0000e+00
        344     20.599     3.0088   2.955833    32.4185    25.8240 0.0000e+00
        345     20.945     3.0070   2.955670    32.4181    25.8239 0.0000e+00
        346     21.301     3.0058   2.955559    32.4178    25.8237 0.0000e+00
        347     21.669     3.0050   2.955475    32.4174    25.8234 0.0000e+00
        348     22.039     3.0045   2.955405    32.4169    25.8231 0.0000e+00
        349     22.404     3.0040   2.955370    32.4168    25.8230 0.0000e+00
        350     22.767     3.0038   2.955367    32.4167    25.8230 0.0000e+00
        351     23.126     3.0035   2.955377    32.4170    25.8232 0.0000e+00
        352     23.483     3.0023   2.955311    32.4172    25.8235 0.0000e+00
        353     23.843     2.9995   2.955082    32.4170    25.8236 0.0000e+00
        354     24.214     2.9959   2.954773    32.4167    25.8237 0.0000e+00
        355     24.595     2.9928   2.954528    32.4167    25.8239 0.0000e+00
        356     24.976     2.9905   2.954362    32.4168    25.8242 0.0000e+00
        357     25.351     2.9880   2.954202    32.4171    25.8247 0.0000e+00
        358     25.718     2.9835   2.953876    32.4175    25.8254 0.0000e+00
        359     26.078     2.9769   2.953363    32.4178    25.8261 0.0000e+00
        360     26.436     2.9686   2.952782    32.4189    25.8277 0.0000e+00
        361     26.799     2.9585   2.952013    32.4196    25.8291 0.0000e+00
        362     27.176     2.9484   2.951211    32.4198    25.8302 0.0000e+00
        363     27.569     2.9403   2.950659    32.4211    25.8319 0.0000e+00
        364     27.963     2.9333   2.950226    32.4226    25.8337 0.0000e+00
        365     28.348     2.9245   2.949599    32.4237    25.8353 0.0000e+00
        366     28.732     2.9132   2.948694    32.4239    25.8364 0.0000e+00
        367     29.123     2.8994   2.947636    32.4248    25.8383 0.0000e+00
        368     29.524     2.8822   2.946291    32.4256    25.8404 0.0000e+00
        369     29.927     2.8605   2.944604    32.4267    25.8431 0.0000e+00
        370     30.319     2.8329   2.942584    32.4298    25.8479 0.0000e+00
        371     30.696     2.7986   2.940033    32.4332    25.8534 0.0000e+00
        372     31.074     2.7572   2.936811    32.4356    25.8588 0.0000e+00
        373     31.468     2.7074   2.932763    32.4364    25.8635 0.0000e+00
        374     31.872     2.6513   2.928299    32.4384    25.8697 0.0000e+00
        375     32.270     2.5949   2.924185    32.4451    25.8795 0.0000e+00
        376     32.656     2.5381   2.920312    32.4551    25.8921 0.0000e+00
        377     33.040     2.4724   2.915654    32.4644    25.9048 0.0000e+00
        378     33.435     2.3933   2.909516    32.4692    25.9148 0.0000e+00
        379     33.842     2.3028   2.902456    32.4742    25.9258 0.0000e+00
        380     34.251     2.2032   2.894860    32.4818    25.9394 0.0000e+00
        381     34.653     2.0995   2.886837    32.4882    25.9524 0.0000e+00
        382     35.044     1.9997   2.879374    32.4976    25.9672 0.0000e+00
        383     35.431     1.9115   2.872964    32.5081    25.9819 0.0000e+00
        384     35.825     1.8405   2.867610    32.5140    25.9918 0.0000e+00
        385     36.230     1.7890   2.863781    32.5189    25.9993 0.0000e+00
        386     36.639     1.7518   2.861158    32.5242    26.0062 0.0000e+00
        387     37.042     1.7205   2.859278    32.5327    26.0152 0.0000e+00
        388     37.441     1.6858   2.857130    32.5414    26.0245 0.0000e+00
        389     37.839     1.6424   2.853590    32.5415    26.0276 0.0000e+00
        390     38.237     1.5945   2.849529    32.5398    26.0294 0.0000e+00
        391     38.635     1.5474   2.845830    32.5417    26.0342 0.0000e+00
        392     39.035     1.5033   2.842551    32.5458    26.0404 0.0000e+00
        393     39.442     1.4657   2.839888    32.5509    26.0470 0.0000e+00
        394     39.849     1.4371   2.838072    32.5574    26.0541 0.0000e+00
        395     40.252     1.4154   2.836623    32.5614    26.0587 0.0000e+00
        396     40.658     1.3956   2.834749    32.5580    26.0573 0.0000e+00
        397     41.072     1.3756   2.832782    32.5537    26.0551 0.0000e+00
        398     41.489     1.3577   2.831499    32.5558    26.0580 0.0000e+00
        399     41.901     1.3405   2.830556    32.5615    26.0636 0.0000e+00
        400     42.305     1.3192   2.829085    32.5647    26.0676 0.0000e+00
        401     42.705     1.2925   2.826963    32.5654    26.0698 0.0000e+00
        402     43.108     1.2650   2.824658    32.5645    26.0709 0.0000e+00
        403     43.518     1.2402   2.822600    32.5639    26.0720 0.0000e+00
        404     43.934     1.2159   2.820624    32.5639    26.0735 0.0000e+00
        405     44.355     1.1842   2.818200    32.5658    26.0771 0.0000e+00
        406     44.778     1.1347   2.814471    32.5697    26.0832 0.0000e+00
        407     45.199     1.0607   2.808503    32.5706    26.0885 0.0000e+00
        408     45.617     0.9695   2.801154    32.5717    26.0949 0.0000e+00
        409     46.037     0.8776   2.794159    32.5781    26.1054 0.0000e+00
        410     46.460     0.7998   2.788629    32.5884    26.1181 0.0000e+00
