Datasets/Test_Dataset_39219_tow/tel219_2021_033.cnv
* Sea-Bird SBE19plus Data File:
* Filename = C:/AQUIRE/tel219_2021_033.hex
* Software Version AquireV2 AF V2.0
* Temperature SN =  4020
* Conductivity SN =  4020
* System UpLoad Time = May 11 2021 05:41:16
** VESSEL/TRIP/SEQ STN: tel219_2021_033
** LATITUDE: 45 53.11 N
** LONGITUDE: 56 36.87 W
** DATE/TIME: 2021-05-11 05:07
** SOUNDING DEPTH (M): 0055
** PROBE TYPE: S4020
** CTD NUMBER:  33
** FORMAT: T
** COMMENTS: 
# nquan = 7                                 
# nvalues = 2092                        
# units = specified
# name 0 = scan: Scan Count
# name 1 = prdM: Pressure, Strain Gauge [db]
# name 2 = tv290C: Temperature [ITS-90, deg C]
# name 3 = c0S/m: Conductivity [S/m]
# name 4 = sal00: Salinity, Practical [PSU]
# name 5 = sigma-t00: Density [sigma-t, kg/m^3 ]
# name 6 = flag: flag
# span 0 =          1,       2092       
# span 1 =     -0.170,     51.977       
# span 2 =     3.2832,     3.5617       
# span 3 =   0.002764,   2.980302       
# span 4 =     0.0206,    32.3163       
# span 5 =    -0.0104,    25.7094       
# span 6 = 0.0000e+00, 0.0000e+00       
# interval = seconds: 1
# start_time = May 11 2021 05:07:10 [Instrument's time stamp, header]
# bad_flag = -9.990e-29
*END*
[from data line 1026]
       1027     49.879     3.3828   2.978791    32.3050    25.7007 0.0000e+00
       1028     49.925     3.3832   2.978836    32.3051    25.7007 0.0000e+00
       1029     49.936     3.3834   2.978877    32.3054    25.7009 0.0000e+00
       1030     49.924     3.3836   2.978890    32.3053    25.7009 0.0000e+00
       1031     49.910     3.3835   2.978868    32.3052    25.7008 0.0000e+00
       1032     49.914     3.3834   2.978860    32.3052    25.7008 0.0000e+00
       1033     49.944     3.3834   2.978859    32.3052    25.7008 0.0000e+00
       1034     49.983     3.3833   2.978848    32.3051    25.7007 0.0000e+00
       1035     50.007     3.3834   2.978861    32.3052    25.7007 0.0000e+00
       1036     50.006     3.3836   2.978890    32.3053    25.7008 0.0000e+00
       1037     49.988     3.3835   2.978883    32.3053    25.7009 0.0000e+00
       1038     49.971     3.3833   2.978843    32.3051    25.7007 0.0000e+00
       1039     49.969     3.3831   2.978820    32.3050    25.7006 0.0000e+00
       1040     49.996     3.3832   2.978834    32.3050    25.7007 0.0000e+00
       1041     50.052     3.3834   2.978878    32.3053    25.7009 0.0000e+00
       1042     50.112     3.3837   2.978934    32.3057    25.7011 0.0000e+00
       1043     50.149     3.3839   2.978962    32.3058    25.7012 0.0000e+00
       1044     50.150     3.3841   2.978969    32.3057    25.7011 0.0000e+00
       1045     50.119     3.3842   2.978993    32.3059    25.7013 0.0000e+00
       1046     50.069     3.3842   2.979004    32.3060    25.7014 0.0000e+00
       1047     50.024     3.3842   2.978998    32.3060    25.7013 0.0000e+00
       1048     50.010     3.3842   2.979003    32.3061    25.7014 0.0000e+00
       1049     50.024     3.3842   2.979002    32.3060    25.7014 0.0000e+00
       1050     50.044     3.3842   2.978983    32.3058    25.7012 0.0000e+00
       1051     50.065     3.3840   2.978973    32.3059    25.7013 0.0000e+00
       1052     50.097     3.3838   2.978959    32.3059    25.7013 0.0000e+00
       1053     50.141     3.3838   2.978954    32.3058    25.7012 0.0000e+00
       1054     50.181     3.3840   2.978981    32.3059    25.7013 0.0000e+00
       1055     50.191     3.3842   2.979007    32.3060    25.7014 0.0000e+00
       1056     50.163     3.3842   2.979007    32.3060    25.7014 0.0000e+00
       1057     50.116     3.3842   2.978997    32.3059    25.7013 0.0000e+00
       1058     50.076     3.3842   2.979006    32.3061    25.7014 0.0000e+00
       1059     50.061     3.3843   2.979044    32.3064    25.7017 0.0000e+00
       1060     50.072     3.3845   2.979083    32.3067    25.7019 0.0000e+00
       1061     50.102     3.3846   2.979109    32.3069    25.7020 0.0000e+00
       1062     50.149     3.3847   2.979123    32.3069    25.7020 0.0000e+00
       1063     50.203     3.3846   2.979113    32.3069    25.7020 0.0000e+00
       1064     50.243     3.3846   2.979113    32.3069    25.7020 0.0000e+00
       1065     50.249     3.3849   2.979149    32.3070    25.7021 0.0000e+00
       1066     50.218     3.3851   2.979180    32.3072    25.7022 0.0000e+00
       1067     50.167     3.3852   2.979184    32.3071    25.7022 0.0000e+00
       1068     50.122     3.3850   2.979163    32.3071    25.7022 0.0000e+00
       1069     50.105     3.3849   2.979141    32.3070    25.7021 0.0000e+00
       1070     50.117     3.3848   2.979128    32.3069    25.7020 0.0000e+00
       1071     50.142     3.3847   2.979119    32.3069    25.7020 0.0000e+00
       1072     50.163     3.3847   2.979112    32.3068    25.7019 0.0000e+00
       1073     50.179     3.3846   2.979104    32.3068    25.7019 0.0000e+00
       1074     50.192     3.3845   2.979097    32.3068    25.7020 0.0000e+00
       1075     50.207     3.3845   2.979090    32.3067    25.7019 0.0000e+00
       1076     50.230     3.3845   2.979083    32.3066    25.7018 0.0000e+00
       1077     50.246     3.3844   2.979082    32.3067    25.7019 0.0000e+00
       1078     50.233     3.3845   2.979089    32.3067    25.7019 0.0000e+00
       1079     50.195     3.3845   2.979109    32.3069    25.7021 0.0000e+00
       1080     50.154     3.3845   2.979122    32.3071    25.7022 0.0000e+00
       1081     50.136     3.3847   2.979130    32.3070    25.7021 0.0000e+00
       1082     50.159     3.3849   2.979153    32.3071    25.7021 0.0000e+00
       1083     50.213     3.3850   2.979179    32.3073    25.7023 0.0000e+00
       1084     50.266     3.3852   2.979201    32.3073    25.7023 0.0000e+00
       1085     50.296     3.3855   2.979239    32.3074    25.7024 0.0000e+00
       1086     50.306     3.3857   2.979277    32.3077    25.7026 0.0000e+00
       1087     50.305     3.3857   2.979287    32.3078    25.7027 0.0000e+00
       1088     50.303     3.3856   2.979272    32.3077    25.7026 0.0000e+00
       1089     50.295     3.3856   2.979251    32.3075    25.7024 0.0000e+00
       1090     50.286     3.3856   2.979250    32.3075    25.7024 0.0000e+00
       1091     50.291     3.3856   2.979258    32.3076    25.7025 0.0000e+00
       1092     50.320     3.3856   2.979266    32.3077    25.7025 0.0000e+00
       1093     50.358     3.3857   2.979291    32.3078    25.7027 0.0000e+00
       1094     50.380     3.3857   2.979311    32.3081    25.7029 0.0000e+00
       1095     50.375     3.3857   2.979304    32.3080    25.7028 0.0000e+00
       1096     50.348     3.3857   2.979288    32.3078    25.7026 0.0000e+00
       1097     50.310     3.3856   2.979274    32.3078    25.7026 0.0000e+00
       1098     50.276     3.3854   2.979259    32.3078    25.7027 0.0000e+00
       1099     50.267     3.3853   2.979248    32.3078    25.7027 0.0000e+00
       1100     50.300     3.3854   2.979252    32.3077    25.7026 0.0000e+00
       1101     50.361     3.3855   2.979261    32.3077    25.7026 0.0000e+00
       1102     50.407     3.3856   2.979276    32.3077    25.7026 0.0000e+00
       1103     50.408     3.3856   2.979287    32.3079    25.7027 0.0000e+00
       1104     50.370     3.3856   2.979289    32.3079    25.7027 0.0000e+00
       1105     50.323     3.3857   2.979294    32.3079    25.7027 0.0000e+00
       1106     50.306     3.3857   2.979316    32.3082    25.7029 0.0000e+00
       1107     50.321     3.3859   2.979341    32.3083    25.7030 0.0000e+00
       1108     50.345     3.3859   2.979344    32.3083    25.7030 0.0000e+00
       1109     50.374     3.3858   2.979336    32.3083    25.7030 0.0000e+00
       1110     50.407     3.3857   2.979331    32.3083    25.7030 0.0000e+00
       1111     50.437     3.3857   2.979329    32.3082    25.7030 0.0000e+00
       1112     50.455     3.3857   2.979336    32.3083    25.7031 0.0000e+00
       1113     50.453     3.3859   2.979354    32.3083    25.7031 0.0000e+00
       1114     50.439     3.3861   2.979364    32.3083    25.7030 0.0000e+00
       1115     50.433     3.3861   2.979367    32.3083    25.7030 0.0000e+00
       1116     50.450     3.3861   2.979372    32.3084    25.7031 0.0000e+00
       1117     50.476     3.3861   2.979377    32.3084    25.7031 0.0000e+00
       1118     50.488     3.3861   2.979381    32.3084    25.7031 0.0000e+00
       1119     50.482     3.3861   2.979380    32.3084    25.7031 0.0000e+00
       1120     50.482     3.3861   2.979373    32.3084    25.7031 0.0000e+00
       1121     50.506     3.3861   2.979373    32.3083    25.7030 0.0000e+00
       1122     50.543     3.3861   2.979384    32.3085    25.7031 0.0000e+00
       1123     50.567     3.3861   2.979392    32.3085    25.7032 0.0000e+00
       1124     50.567     3.3861   2.979397    32.3086    25.7032 0.0000e+00
       1125     50.550     3.3861   2.979401    32.3087    25.7033 0.0000e+00
       1126     50.529     3.3861   2.979398    32.3086    25.7033 0.0000e+00
       1127     50.516     3.3861   2.979378    32.3084    25.7031 0.0000e+00
       1128     50.507     3.3859   2.979353    32.3083    25.7030 0.0000e+00
       1129     50.489     3.3858   2.979337    32.3082    25.7030 0.0000e+00
       1130     50.468     3.3859   2.979350    32.3083    25.7030 0.0000e+00
       1131     50.468     3.3861   2.979381    32.3085    25.7031 0.0000e+00
       1132     50.499     3.3862   2.979407    32.3086    25.7033 0.0000e+00
       1133     50.547     3.3863   2.979415    32.3086    25.7032 0.0000e+00
       1134     50.587     3.3863   2.979413    32.3086    25.7032 0.0000e+00
       1135     50.605     3.3863   2.979419    32.3086    25.7033 0.0000e+00
       1136     50.605     3.3864   2.979433    32.3087    25.7033 0.0000e+00
       1137     50.601     3.3864   2.979442    32.3088    25.7034 0.0000e+00
       1138     50.597     3.3865   2.979453    32.3089    25.7034 0.0000e+00
       1139     50.587     3.3865   2.979479    32.3092    25.7037 0.0000e+00
       1140     50.570     3.3865   2.979501    32.3094    25.7039 0.0000e+00
       1141     50.561     3.3866   2.979498    32.3093    25.7038 0.0000e+00
       1142     50.566     3.3866   2.979489    32.3092    25.7037 0.0000e+00
       1143     50.579     3.3865   2.979484    32.3092    25.7037 0.0000e+00
       1144     50.591     3.3865   2.979482    32.3092    25.7037 0.0000e+00
       1145     50.599     3.3865   2.979499    32.3094    25.7039 0.0000e+00
       1146     50.604     3.3865   2.979512    32.3096    25.7040 0.0000e+00
       1147     50.603     3.3867   2.979519    32.3094    25.7039 0.0000e+00
       1148     50.599     3.3869   2.979556    32.3097    25.7040 0.0000e+00
       1149     50.598     3.3871   2.979590    32.3099    25.7042 0.0000e+00
       1150     50.607     3.3872   2.979593    32.3098    25.7041 0.0000e+00
       1151     50.624     3.3872   2.979601    32.3099    25.7042 0.0000e+00
       1152     50.635     3.3872   2.979623    32.3102    25.7044 0.0000e+00
       1153     50.629     3.3873   2.979632    32.3102    25.7044 0.0000e+00
       1154     50.621     3.3872   2.979620    32.3101    25.7044 0.0000e+00
       1155     50.632     3.3873   2.979624    32.3101    25.7043 0.0000e+00
       1156     50.667     3.3875   2.979655    32.3102    25.7044 0.0000e+00
       1157     50.714     3.3876   2.979673    32.3103    25.7045 0.0000e+00
       1158     50.753     3.3877   2.979679    32.3103    25.7044 0.0000e+00
       1159     50.767     3.3878   2.979689    32.3103    25.7044 0.0000e+00
       1160     50.750     3.3878   2.979686    32.3103    25.7044 0.0000e+00
       1161     50.711     3.3876   2.979663    32.3102    25.7044 0.0000e+00
       1162     50.679     3.3875   2.979653    32.3102    25.7044 0.0000e+00
       1163     50.677     3.3875   2.979656    32.3102    25.7044 0.0000e+00
       1164     50.701     3.3876   2.979663    32.3102    25.7044 0.0000e+00
       1165     50.738     3.3876   2.979674    32.3103    25.7045 0.0000e+00
       1166     50.779     3.3876   2.979681    32.3104    25.7045 0.0000e+00
       1167     50.810     3.3876   2.979681    32.3104    25.7045 0.0000e+00
       1168     50.821     3.3876   2.979688    32.3105    25.7046 0.0000e+00
       1169     50.809     3.3876   2.979687    32.3104    25.7046 0.0000e+00
       1170     50.785     3.3876   2.979677    32.3103    25.7045 0.0000e+00
       1171     50.769     3.3876   2.979662    32.3102    25.7044 0.0000e+00
       1172     50.771     3.3875   2.979631    32.3099    25.7042 0.0000e+00
       1173     50.785     3.3873   2.979604    32.3098    25.7041 0.0000e+00
       1174     50.805     3.3872   2.979599    32.3098    25.7041 0.0000e+00
       1175     50.825     3.3872   2.979590    32.3097    25.7040 0.0000e+00
       1176     50.841     3.3871   2.979582    32.3097    25.7040 0.0000e+00
       1177     50.852     3.3871   2.979562    32.3094    25.7038 0.0000e+00
       1178     50.862     3.3870   2.979534    32.3092    25.7036 0.0000e+00
       1179     50.865     3.3868   2.979546    32.3095    25.7039 0.0000e+00
       1180     50.853     3.3869   2.979574    32.3098    25.7041 0.0000e+00
       1181     50.834     3.3871   2.979595    32.3098    25.7041 0.0000e+00
       1182     50.814     3.3872   2.979608    32.3099    25.7042 0.0000e+00
       1183     50.791     3.3872   2.979605    32.3099    25.7042 0.0000e+00
       1184     50.778     3.3872   2.979610    32.3099    25.7042 0.0000e+00
       1185     50.794     3.3874   2.979633    32.3100    25.7043 0.0000e+00
       1186     50.836     3.3876   2.979659    32.3101    25.7043 0.0000e+00
       1187     50.866     3.3876   2.979674    32.3103    25.7044 0.0000e+00
       1188     50.851     3.3876   2.979685    32.3104    25.7045 0.0000e+00
       1189     50.797     3.3876   2.979698    32.3106    25.7047 0.0000e+00
       1190     50.736     3.3878   2.979705    32.3105    25.7046 0.0000e+00
       1191     50.705     3.3878   2.979700    32.3105    25.7046 0.0000e+00
       1192     50.729     3.3878   2.979703    32.3105    25.7046 0.0000e+00
       1193     50.803     3.3879   2.979722    32.3106    25.7047 0.0000e+00
       1194     50.896     3.3879   2.979731    32.3106    25.7047 0.0000e+00
       1195     50.970     3.3879   2.979728    32.3106    25.7046 0.0000e+00
       1196     51.007     3.3878   2.979730    32.3107    25.7047 0.0000e+00
       1197     51.001     3.3878   2.979732    32.3107    25.7048 0.0000e+00
       1198     50.965     3.3878   2.979728    32.3107    25.7047 0.0000e+00
       1199     50.917     3.3878   2.979730    32.3107    25.7048 0.0000e+00
       1200     50.869     3.3878   2.979727    32.3107    25.7048 0.0000e+00
       1201     50.827     3.3877   2.979705    32.3106    25.7047 0.0000e+00
       1202     50.810     3.3876   2.979691    32.3105    25.7046 0.0000e+00
       1203     50.835     3.3876   2.979699    32.3106    25.7047 0.0000e+00
       1204     50.897     3.3876   2.979713    32.3107    25.7048 0.0000e+00
       1205     50.962     3.3878   2.979726    32.3106    25.7047 0.0000e+00
       1206     50.996     3.3879   2.979743    32.3107    25.7048 0.0000e+00
       1207     50.992     3.3879   2.979753    32.3108    25.7049 0.0000e+00
       1208     50.965     3.3879   2.979755    32.3109    25.7049 0.0000e+00
       1209     50.940     3.3880   2.979758    32.3108    25.7049 0.0000e+00
       1210     50.935     3.3880   2.979775    32.3110    25.7050 0.0000e+00
       1211     50.943     3.3881   2.979793    32.3111    25.7051 0.0000e+00
       1212     50.954     3.3882   2.979792    32.3110    25.7050 0.0000e+00
       1213     50.964     3.3882   2.979793    32.3110    25.7050 0.0000e+00
       1214     50.971     3.3883   2.979810    32.3111    25.7051 0.0000e+00
       1215     50.982     3.3883   2.979820    32.3113    25.7052 0.0000e+00
       1216     51.001     3.3883   2.979815    32.3112    25.7051 0.0000e+00
       1217     51.022     3.3883   2.979815    32.3112    25.7051 0.0000e+00
       1218     51.030     3.3883   2.979819    32.3112    25.7051 0.0000e+00
       1219     51.016     3.3883   2.979821    32.3112    25.7052 0.0000e+00
       1220     50.992     3.3883   2.979829    32.3114    25.7052 0.0000e+00
       1221     50.983     3.3883   2.979833    32.3114    25.7053 0.0000e+00
       1222     51.009     3.3884   2.979833    32.3113    25.7052 0.0000e+00
       1223     51.070     3.3884   2.979847    32.3114    25.7053 0.0000e+00
       1224     51.143     3.3884   2.979863    32.3116    25.7054 0.0000e+00
       1225     51.194     3.3884   2.979862    32.3115    25.7054 0.0000e+00
       1226     51.208     3.3884   2.979856    32.3115    25.7053 0.0000e+00
       1227     51.187     3.3884   2.979855    32.3115    25.7053 0.0000e+00
       1228     51.146     3.3884   2.979859    32.3115    25.7054 0.0000e+00
       1229     51.105     3.3884   2.979858    32.3115    25.7054 0.0000e+00
       1230     51.072     3.3884   2.979848    32.3114    25.7053 0.0000e+00
