Datasets/Test_Dataset_39219_tow/tel219_2021_045.cnv
* Sea-Bird SBE19plus Data File:
* Filename = C:/AQUIRE/tel219_2021_045.hex
* Software Version AquireV2 AF V2.0
* Temperature SN =  4020
* Conductivity SN =  4020
* System UpLoad Time = May 12 2021 17:14:53
** VESSEL/TRIP/SEQ STN: tel219_2021_045
** LATITUDE: 45 26.41 N
** LONGITUDE: 55 56.77 W
** DATE/TIME: 2021-05-12 16:41
** SOUNDING DEPTH (M): 0048
** PROBE TYPE: S4020
** CTD NUMBER: 045
** FORMAT: T
** COMMENTS: 
# nquan = 7                                 
# nvalues = 2032                        
# units = specified
# name 0 = scan: Scan Count
# name 1 = prdM: Pressure, Strain Gauge [db]
# name 2 = tv290C: Temperature [ITS-90, deg C]
# name 3 = c0S/m: Conductivity [S/m]
# name 4 = sal00: Salinity, Practical [PSU]
# name 5 = sigma-t00: Density [sigma-t, kg/m^3 ]
# name 6 = flag: flag
# span 0 =          1,       2032       
# span 1 =     -0.206,     41.233       
# span 2 =     3.0683,     4.6586       
# span 3 =   0.009635,   2.996053       
# span 4 =     0.0727,    32.3859       
# span 5 =     0.0299,    25.7608       
# span 6 = 0.0000e+00, 0.0000e+00       
# interval = seconds: 1
# start_time = May 12 2021 16:41:27 [Instrument's time stamp, header]
# bad_flag = -9.990e-29
*END*
[from data line 821]
        822     40.149     3.0877   2.948101    32.2354    25.6712 0.0000e+00
        823     40.181     3.0871   2.948031    32.2352    25.6710 0.0000e+00
        824     40.194     3.0859   2.947913    32.2349    25.6710 0.0000e+00
        825     40.192     3.0850   2.947823    32.2348    25.6709 0.0000e+00
        826     40.181     3.0844   2.947786    32.2349    25.6711 0.0000e+00
        827     40.158     3.0844   2.947786    32.2349    25.6711 0.0000e+00
        828     40.121     3.0849   2.947819    32.2349    25.6710 0.0000e+00
        829     40.080     3.0854   2.947861    32.2349    25.6709 0.0000e+00
        830     40.054     3.0858   2.947898    32.2349    25.6710 0.0000e+00
        831     40.061     3.0861   2.947930    32.2350    25.6710 0.0000e+00
        832     40.097     3.0860   2.947928    32.2351    25.6711 0.0000e+00
        833     40.142     3.0856   2.947889    32.2350    25.6710 0.0000e+00
        834     40.172     3.0853   2.947854    32.2348    25.6709 0.0000e+00
        835     40.173     3.0850   2.947839    32.2350    25.6711 0.0000e+00
        836     40.151     3.0851   2.947843    32.2349    25.6710 0.0000e+00
        837     40.123     3.0854   2.947871    32.2350    25.6710 0.0000e+00
        838     40.102     3.0857   2.947900    32.2350    25.6711 0.0000e+00
        839     40.099     3.0856   2.947883    32.2349    25.6710 0.0000e+00
        840     40.121     3.0852   2.947838    32.2348    25.6709 0.0000e+00
        841     40.164     3.0850   2.947805    32.2346    25.6707 0.0000e+00
        842     40.220     3.0849   2.947808    32.2347    25.6708 0.0000e+00
        843     40.271     3.0850   2.947836    32.2349    25.6710 0.0000e+00
        844     40.290     3.0849   2.947833    32.2349    25.6710 0.0000e+00
        845     40.260     3.0846   2.947797    32.2348    25.6710 0.0000e+00
        846     40.191     3.0842   2.947760    32.2348    25.6710 0.0000e+00
        847     40.108     3.0840   2.947737    32.2348    25.6710 0.0000e+00
        848     40.052     3.0839   2.947728    32.2348    25.6710 0.0000e+00
        849     40.048     3.0839   2.947728    32.2348    25.6710 0.0000e+00
        850     40.090     3.0839   2.947732    32.2348    25.6710 0.0000e+00
        851     40.160     3.0841   2.947748    32.2348    25.6710 0.0000e+00
        852     40.236     3.0842   2.947762    32.2348    25.6710 0.0000e+00
        853     40.296     3.0841   2.947750    32.2347    25.6709 0.0000e+00
        854     40.327     3.0835   2.947693    32.2346    25.6709 0.0000e+00
        855     40.325     3.0825   2.947603    32.2345    25.6709 0.0000e+00
        856     40.300     3.0818   2.947537    32.2345    25.6709 0.0000e+00
        857     40.263     3.0818   2.947532    32.2344    25.6709 0.0000e+00
        858     40.226     3.0826   2.947610    32.2346    25.6709 0.0000e+00
        859     40.201     3.0839   2.947741    32.2349    25.6711 0.0000e+00
        860     40.190     3.0848   2.947816    32.2349    25.6710 0.0000e+00
        861     40.184     3.0850   2.947811    32.2346    25.6708 0.0000e+00
        862     40.177     3.0848   2.947792    32.2346    25.6708 0.0000e+00
        863     40.174     3.0845   2.947778    32.2347    25.6709 0.0000e+00
        864     40.183     3.0841   2.947738    32.2346    25.6709 0.0000e+00
        865     40.204     3.0835   2.947680    32.2345    25.6708 0.0000e+00
        866     40.225     3.0831   2.947640    32.2344    25.6708 0.0000e+00
        867     40.234     3.0830   2.947631    32.2344    25.6708 0.0000e+00
        868     40.221     3.0829   2.947633    32.2346    25.6709 0.0000e+00
        869     40.186     3.0829   2.947631    32.2345    25.6709 0.0000e+00
        870     40.149     3.0831   2.947650    32.2346    25.6709 0.0000e+00
        871     40.129     3.0837   2.947700    32.2346    25.6709 0.0000e+00
        872     40.134     3.0846   2.947780    32.2347    25.6709 0.0000e+00
        873     40.159     3.0857   2.947877    32.2347    25.6708 0.0000e+00
        874     40.186     3.0861   2.947922    32.2349    25.6709 0.0000e+00
        875     40.200     3.0854   2.947856    32.2348    25.6709 0.0000e+00
        876     40.200     3.0843   2.947757    32.2347    25.6709 0.0000e+00
        877     40.197     3.0839   2.947725    32.2347    25.6709 0.0000e+00
        878     40.198     3.0837   2.947706    32.2346    25.6709 0.0000e+00
        879     40.199     3.0831   2.947656    32.2346    25.6710 0.0000e+00
        880     40.203     3.0826   2.947610    32.2346    25.6710 0.0000e+00
        881     40.213     3.0823   2.947575    32.2345    25.6709 0.0000e+00
        882     40.227     3.0820   2.947557    32.2345    25.6710 0.0000e+00
        883     40.236     3.0819   2.947546    32.2345    25.6709 0.0000e+00
        884     40.237     3.0818   2.947532    32.2344    25.6709 0.0000e+00
        885     40.232     3.0820   2.947540    32.2343    25.6708 0.0000e+00
        886     40.223     3.0823   2.947567    32.2344    25.6708 0.0000e+00
        887     40.209     3.0827   2.947601    32.2344    25.6708 0.0000e+00
        888     40.199     3.0829   2.947633    32.2346    25.6709 0.0000e+00
        889     40.205     3.0827   2.947623    32.2346    25.6710 0.0000e+00
        890     40.234     3.0824   2.947583    32.2344    25.6709 0.0000e+00
        891     40.281     3.0821   2.947558    32.2344    25.6709 0.0000e+00
        892     40.339     3.0820   2.947557    32.2345    25.6709 0.0000e+00
        893     40.390     3.0820   2.947568    32.2346    25.6710 0.0000e+00
        894     40.414     3.0821   2.947569    32.2345    25.6709 0.0000e+00
        895     40.408     3.0823   2.947565    32.2342    25.6707 0.0000e+00
        896     40.378     3.0824   2.947585    32.2344    25.6708 0.0000e+00
        897     40.332     3.0828   2.947627    32.2345    25.6709 0.0000e+00
        898     40.278     3.0834   2.947670    32.2345    25.6708 0.0000e+00
        899     40.227     3.0837   2.947695    32.2345    25.6708 0.0000e+00
        900     40.205     3.0838   2.947695    32.2344    25.6707 0.0000e+00
        901     40.233     3.0836   2.947676    32.2344    25.6707 0.0000e+00
        902     40.301     3.0834   2.947655    32.2343    25.6706 0.0000e+00
        903     40.379     3.0833   2.947660    32.2344    25.6707 0.0000e+00
        904     40.447     3.0834   2.947684    32.2345    25.6709 0.0000e+00
        905     40.493     3.0835   2.947694    32.2345    25.6708 0.0000e+00
        906     40.510     3.0836   2.947702    32.2345    25.6708 0.0000e+00
        907     40.494     3.0839   2.947725    32.2345    25.6708 0.0000e+00
        908     40.447     3.0842   2.947745    32.2345    25.6707 0.0000e+00
        909     40.381     3.0842   2.947738    32.2344    25.6707 0.0000e+00
        910     40.320     3.0839   2.947704    32.2344    25.6707 0.0000e+00
        911     40.289     3.0835   2.947668    32.2343    25.6707 0.0000e+00
        912     40.300     3.0834   2.947664    32.2344    25.6707 0.0000e+00
        913     40.342     3.0833   2.947672    32.2346    25.6709 0.0000e+00
        914     40.399     3.0832   2.947664    32.2345    25.6709 0.0000e+00
        915     40.451     3.0831   2.947622    32.2341    25.6705 0.0000e+00
        916     40.486     3.0829   2.947581    32.2338    25.6703 0.0000e+00
        917     40.502     3.0827   2.947589    32.2341    25.6705 0.0000e+00
        918     40.498     3.0825   2.947595    32.2343    25.6708 0.0000e+00
        919     40.478     3.0823   2.947575    32.2343    25.6708 0.0000e+00
        920     40.445     3.0821   2.947567    32.2344    25.6709 0.0000e+00
        921     40.405     3.0824   2.947586    32.2344    25.6708 0.0000e+00
        922     40.376     3.0830   2.947630    32.2343    25.6707 0.0000e+00
        923     40.368     3.0835   2.947670    32.2343    25.6707 0.0000e+00
        924     40.380     3.0838   2.947696    32.2343    25.6706 0.0000e+00
        925     40.399     3.0842   2.947730    32.2343    25.6706 0.0000e+00
        926     40.410     3.0846   2.947772    32.2344    25.6707 0.0000e+00
        927     40.412     3.0848   2.947798    32.2345    25.6707 0.0000e+00
        928     40.419     3.0846   2.947785    32.2346    25.6708 0.0000e+00
        929     40.440     3.0841   2.947734    32.2345    25.6707 0.0000e+00
        930     40.470     3.0833   2.947668    32.2344    25.6708 0.0000e+00
        931     40.493     3.0827   2.947608    32.2343    25.6707 0.0000e+00
        932     40.494     3.0822   2.947564    32.2343    25.6707 0.0000e+00
        933     40.477     3.0818   2.947520    32.2342    25.6707 0.0000e+00
        934     40.449     3.0814   2.947466    32.2339    25.6705 0.0000e+00
        935     40.405     3.0811   2.947428    32.2338    25.6704 0.0000e+00
        936     40.345     3.0808   2.947417    32.2340    25.6706 0.0000e+00
        937     40.292     3.0808   2.947426    32.2341    25.6707 0.0000e+00
        938     40.271     3.0808   2.947435    32.2342    25.6708 0.0000e+00
        939     40.294     3.0808   2.947437    32.2342    25.6708 0.0000e+00
        940     40.348     3.0808   2.947438    32.2342    25.6708 0.0000e+00
        941     40.404     3.0808   2.947435    32.2342    25.6708 0.0000e+00
        942     40.437     3.0808   2.947435    32.2341    25.6708 0.0000e+00
        943     40.437     3.0811   2.947450    32.2340    25.6706 0.0000e+00
        944     40.411     3.0814   2.947475    32.2340    25.6706 0.0000e+00
        945     40.376     3.0820   2.947523    32.2340    25.6706 0.0000e+00
        946     40.351     3.0826   2.947581    32.2342    25.6706 0.0000e+00
        947     40.345     3.0828   2.947586    32.2340    25.6705 0.0000e+00
        948     40.351     3.0824   2.947547    32.2339    25.6705 0.0000e+00
        949     40.350     3.0820   2.947527    32.2341    25.6706 0.0000e+00
        950     40.334     3.0820   2.947531    32.2342    25.6707 0.0000e+00
        951     40.310     3.0823   2.947556    32.2342    25.6707 0.0000e+00
        952     40.291     3.0827   2.947593    32.2342    25.6707 0.0000e+00
        953     40.286     3.0830   2.947618    32.2342    25.6706 0.0000e+00
        954     40.300     3.0835   2.947656    32.2342    25.6706 0.0000e+00
        955     40.331     3.0842   2.947734    32.2344    25.6707 0.0000e+00
        956     40.371     3.0848   2.947801    32.2346    25.6708 0.0000e+00
        957     40.405     3.0849   2.947796    32.2344    25.6706 0.0000e+00
        958     40.420     3.0849   2.947795    32.2344    25.6706 0.0000e+00
        959     40.412     3.0848   2.947796    32.2345    25.6707 0.0000e+00
        960     40.393     3.0839   2.947694    32.2342    25.6705 0.0000e+00
        961     40.375     3.0825   2.947553    32.2339    25.6704 0.0000e+00
        962     40.355     3.0816   2.947479    32.2339    25.6705 0.0000e+00
        963     40.323     3.0814   2.947471    32.2340    25.6706 0.0000e+00
        964     40.281     3.0817   2.947505    32.2342    25.6707 0.0000e+00
        965     40.244     3.0824   2.947565    32.2342    25.6707 0.0000e+00
        966     40.226     3.0830   2.947614    32.2342    25.6706 0.0000e+00
        967     40.230     3.0830   2.947609    32.2342    25.6706 0.0000e+00
        968     40.256     3.0827   2.947585    32.2342    25.6706 0.0000e+00
        969     40.294     3.0829   2.947604    32.2342    25.6706 0.0000e+00
        970     40.332     3.0830   2.947621    32.2342    25.6707 0.0000e+00
        971     40.361     3.0829   2.947603    32.2341    25.6706 0.0000e+00
        972     40.375     3.0826   2.947572    32.2340    25.6705 0.0000e+00
        973     40.372     3.0819   2.947504    32.2339    25.6705 0.0000e+00
        974     40.351     3.0814   2.947455    32.2338    25.6705 0.0000e+00
        975     40.315     3.0812   2.947452    32.2340    25.6706 0.0000e+00
        976     40.272     3.0814   2.947462    32.2340    25.6706 0.0000e+00
        977     40.241     3.0816   2.947479    32.2340    25.6706 0.0000e+00
        978     40.235     3.0816   2.947487    32.2341    25.6706 0.0000e+00
        979     40.247     3.0816   2.947479    32.2340    25.6706 0.0000e+00
        980     40.265     3.0815   2.947465    32.2339    25.6705 0.0000e+00
        981     40.280     3.0814   2.947445    32.2337    25.6704 0.0000e+00
        982     40.286     3.0815   2.947453    32.2337    25.6704 0.0000e+00
        983     40.282     3.0820   2.947505    32.2339    25.6704 0.0000e+00
        984     40.275     3.0826   2.947562    32.2340    25.6705 0.0000e+00
        985     40.278     3.0827   2.947582    32.2341    25.6706 0.0000e+00
        986     40.294     3.0823   2.947539    32.2340    25.6705 0.0000e+00
        987     40.308     3.0814   2.947450    32.2338    25.6704 0.0000e+00
        988     40.303     3.0805   2.947371    32.2337    25.6705 0.0000e+00
        989     40.277     3.0798   2.947312    32.2337    25.6705 0.0000e+00
        990     40.239     3.0794   2.947266    32.2336    25.6705 0.0000e+00
        991     40.201     3.0794   2.947265    32.2336    25.6705 0.0000e+00
        992     40.174     3.0797   2.947301    32.2338    25.6706 0.0000e+00
        993     40.165     3.0801   2.947333    32.2338    25.6705 0.0000e+00
        994     40.176     3.0804   2.947367    32.2339    25.6706 0.0000e+00
        995     40.206     3.0809   2.947413    32.2339    25.6706 0.0000e+00
        996     40.240     3.0814   2.947460    32.2340    25.6706 0.0000e+00
        997     40.264     3.0816   2.947473    32.2339    25.6705 0.0000e+00
        998     40.270     3.0814   2.947444    32.2337    25.6704 0.0000e+00
        999     40.253     3.0811   2.947413    32.2337    25.6704 0.0000e+00
       1000     40.215     3.0808   2.947396    32.2338    25.6705 0.0000e+00
       1001     40.168     3.0807   2.947382    32.2337    25.6704 0.0000e+00
       1002     40.135     3.0805   2.947362    32.2337    25.6704 0.0000e+00
       1003     40.138     3.0803   2.947340    32.2337    25.6704 0.0000e+00
       1004     40.182     3.0802   2.947335    32.2337    25.6704 0.0000e+00
       1005     40.249     3.0802   2.947350    32.2338    25.6705 0.0000e+00
       1006     40.319     3.0803   2.947363    32.2338    25.6706 0.0000e+00
       1007     40.373     3.0807   2.947391    32.2337    25.6705 0.0000e+00
       1008     40.380     3.0816   2.947467    32.2338    25.6704 0.0000e+00
       1009     40.320     3.0828   2.947579    32.2339    25.6704 0.0000e+00
       1010     40.211     3.0839   2.947685    32.2342    25.6705 0.0000e+00
       1011     40.097     3.0850   2.947774    32.2342    25.6705 0.0000e+00
       1012     40.027     3.0862   2.947883    32.2344    25.6705 0.0000e+00
       1013     40.035     3.0873   2.947997    32.2346    25.6706 0.0000e+00
       1014     40.115     3.0873   2.947992    32.2345    25.6705 0.0000e+00
       1015     40.227     3.0863   2.947872    32.2340    25.6702 0.0000e+00
       1016     40.321     3.0854   2.947799    32.2340    25.6703 0.0000e+00
       1017     40.357     3.0850   2.947784    32.2342    25.6704 0.0000e+00
       1018     40.326     3.0846   2.947756    32.2343    25.6705 0.0000e+00
       1019     40.250     3.0843   2.947722    32.2342    25.6705 0.0000e+00
       1020     40.171     3.0841   2.947688    32.2340    25.6704 0.0000e+00
       1021     40.137     3.0839   2.947659    32.2339    25.6703 0.0000e+00
       1022     40.174     3.0838   2.947652    32.2339    25.6703 0.0000e+00
       1023     40.263     3.0838   2.947661    32.2340    25.6704 0.0000e+00
       1024     40.349     3.0838   2.947669    32.2340    25.6704 0.0000e+00
       1025     40.381     3.0835   2.947650    32.2341    25.6705 0.0000e+00
