Datasets/Test_Dataset_39219_tow/tel219_2021_008.cnv
* Sea-Bird SBE19plus Data File:
* Filename = C:/AQUIRE/tel219_2021_008.hex
* Software Version AquireV2 AF V2.0
* Temperature SN =  4020
* Conductivity SN =  4020
* System UpLoad Time = May 06 2021 15:49:32
** VESSEL/TRIP/SEQ STN: tel219_2021_008
** LATITUDE: 45 56.30 N
** LONGITUDE: 55 56.00 W
** DATE/TIME: 2021-05-06 15:14
** SOUNDING DEPTH (M): 0059
** PROBE TYPE: S4020
** CTD NUMBER: 008
** FORMAT: t
** COMMENTS: 
# nquan = 7                                 
# nvalues = 2065                        
# units = specified
# name 0 = scan: Scan Count
# name 1 = prdM: Pressure, Strain Gauge [db]
# name 2 = tv290C: Temperature [ITS-90, deg C]
# name 3 = c0S/m: Conductivity [S/m]
# name 4 = sal00: Salinity, Practical [PSU]
# name 5 = sigma-t00: Density [sigma-t, kg/m^3 ]
# name 6 = flag: flag
# span 0 =          1,       2065       
# span 1 =     -0.118,     55.448       
# span 2 =     1.9369,     4.2089       
# span 3 =   0.004624,   2.992923       
# span 4 =     0.0346,    32.1706       
# span 5 =     0.0027,    25.7003       
# span 6 = 0.0000e+00, 0.0000e+00       
# interval = seconds: 1
# start_time = May 06 2021 15:14:28 [Instrument's time stamp, header]
# bad_flag = -9.990e-29
*END*
[from data line 821]
        822     54.658     1.9952   2.850880    32.1368    25.6786 0.0000e+00
        823     54.659     1.9948   2.850853    32.1369    25.6787 0.0000e+00
        824     54.663     1.9943   2.850811    32.1369    25.6787 0.0000e+00
        825     54.664     1.9939   2.850784    32.1369    25.6788 0.0000e+00
        826     54.653     1.9937   2.850780    32.1371    25.6790 0.0000e+00
        827     54.633     1.9938   2.850784    32.1371    25.6789 0.0000e+00
        828     54.613     1.9940   2.850791    32.1370    25.6788 0.0000e+00
        829     54.608     1.9941   2.850795    32.1369    25.6788 0.0000e+00
        830     54.623     1.9941   2.850789    32.1368    25.6787 0.0000e+00
        831     54.648     1.9939   2.850782    32.1369    25.6788 0.0000e+00
        832     54.673     1.9939   2.850784    32.1369    25.6788 0.0000e+00
        833     54.689     1.9937   2.850780    32.1371    25.6789 0.0000e+00
        834     54.696     1.9931   2.850742    32.1372    25.6791 0.0000e+00
        835     54.691     1.9922   2.850669    32.1372    25.6792 0.0000e+00
        836     54.683     1.9916   2.850605    32.1370    25.6791 0.0000e+00
        837     54.681     1.9913   2.850584    32.1371    25.6791 0.0000e+00
        838     54.680     1.9914   2.850592    32.1371    25.6791 0.0000e+00
        839     54.676     1.9914   2.850604    32.1372    25.6792 0.0000e+00
        840     54.672     1.9913   2.850601    32.1373    25.6793 0.0000e+00
        841     54.673     1.9911   2.850588    32.1373    25.6793 0.0000e+00
        842     54.689     1.9909   2.850571    32.1373    25.6793 0.0000e+00
        843     54.713     1.9908   2.850563    32.1373    25.6793 0.0000e+00
        844     54.731     1.9909   2.850571    32.1373    25.6793 0.0000e+00
        845     54.738     1.9910   2.850578    32.1373    25.6793 0.0000e+00
        846     54.738     1.9911   2.850579    32.1372    25.6792 0.0000e+00
        847     54.739     1.9911   2.850576    32.1372    25.6792 0.0000e+00
        848     54.744     1.9911   2.850570    32.1371    25.6791 0.0000e+00
        849     54.748     1.9911   2.850571    32.1371    25.6791 0.0000e+00
        850     54.751     1.9910   2.850567    32.1371    25.6792 0.0000e+00
        851     54.761     1.9907   2.850550    32.1372    25.6793 0.0000e+00
        852     54.776     1.9906   2.850533    32.1371    25.6792 0.0000e+00
        853     54.788     1.9907   2.850533    32.1370    25.6791 0.0000e+00
        854     54.792     1.9907   2.850542    32.1371    25.6792 0.0000e+00
        855     54.783     1.9907   2.850551    32.1372    25.6793 0.0000e+00
        856     54.765     1.9907   2.850548    32.1372    25.6792 0.0000e+00
        857     54.749     1.9905   2.850531    32.1372    25.6793 0.0000e+00
        858     54.745     1.9902   2.850513    32.1373    25.6793 0.0000e+00
        859     54.756     1.9901   2.850503    32.1373    25.6793 0.0000e+00
        860     54.773     1.9901   2.850504    32.1373    25.6793 0.0000e+00
        861     54.787     1.9901   2.850505    32.1373    25.6793 0.0000e+00
        862     54.793     1.9900   2.850501    32.1373    25.6794 0.0000e+00
        863     54.795     1.9899   2.850487    32.1372    25.6793 0.0000e+00
        864     54.799     1.9897   2.850473    32.1373    25.6794 0.0000e+00
        865     54.806     1.9896   2.850465    32.1373    25.6794 0.0000e+00
        866     54.814     1.9895   2.850449    32.1372    25.6793 0.0000e+00
        867     54.816     1.9895   2.850434    32.1370    25.6791 0.0000e+00
        868     54.809     1.9895   2.850443    32.1371    25.6792 0.0000e+00
        869     54.799     1.9895   2.850460    32.1373    25.6794 0.0000e+00
        870     54.793     1.9897   2.850474    32.1373    25.6794 0.0000e+00
        871     54.796     1.9900   2.850491    32.1372    25.6793 0.0000e+00
        872     54.805     1.9901   2.850498    32.1372    25.6793 0.0000e+00
        873     54.815     1.9900   2.850491    32.1372    25.6793 0.0000e+00
        874     54.823     1.9899   2.850487    32.1372    25.6793 0.0000e+00
        875     54.830     1.9897   2.850484    32.1374    25.6795 0.0000e+00
        876     54.839     1.9897   2.850476    32.1373    25.6794 0.0000e+00
        877     54.850     1.9896   2.850464    32.1372    25.6793 0.0000e+00
        878     54.863     1.9895   2.850450    32.1371    25.6793 0.0000e+00
        879     54.878     1.9896   2.850447    32.1370    25.6792 0.0000e+00
        880     54.890     1.9898   2.850465    32.1370    25.6792 0.0000e+00
        881     54.894     1.9898   2.850470    32.1371    25.6792 0.0000e+00
        882     54.892     1.9895   2.850447    32.1371    25.6792 0.0000e+00
        883     54.889     1.9894   2.850435    32.1370    25.6792 0.0000e+00
        884     54.884     1.9894   2.850447    32.1372    25.6793 0.0000e+00
        885     54.880     1.9893   2.850446    32.1373    25.6794 0.0000e+00
        886     54.890     1.9891   2.850422    32.1372    25.6794 0.0000e+00
        887     54.911     1.9889   2.850412    32.1373    25.6794 0.0000e+00
        888     54.933     1.9890   2.850421    32.1373    25.6794 0.0000e+00
        889     54.951     1.9891   2.850428    32.1372    25.6794 0.0000e+00
        890     54.963     1.9891   2.850424    32.1372    25.6793 0.0000e+00
        891     54.969     1.9892   2.850420    32.1370    25.6792 0.0000e+00
        892     54.968     1.9894   2.850432    32.1370    25.6792 0.0000e+00
        893     54.966     1.9898   2.850467    32.1370    25.6791 0.0000e+00
        894     54.967     1.9901   2.850494    32.1370    25.6792 0.0000e+00
        895     54.966     1.9897   2.850482    32.1373    25.6794 0.0000e+00
        896     54.951     1.9892   2.850444    32.1373    25.6795 0.0000e+00
        897     54.926     1.9887   2.850406    32.1374    25.6795 0.0000e+00
        898     54.909     1.9884   2.850379    32.1374    25.6795 0.0000e+00
        899     54.912     1.9882   2.850356    32.1373    25.6795 0.0000e+00
        900     54.928     1.9881   2.850348    32.1373    25.6795 0.0000e+00
        901     54.945     1.9882   2.850356    32.1373    25.6795 0.0000e+00
        902     54.956     1.9884   2.850375    32.1373    25.6795 0.0000e+00
        903     54.956     1.9885   2.850387    32.1373    25.6795 0.0000e+00
        904     54.950     1.9884   2.850380    32.1373    25.6795 0.0000e+00
        905     54.947     1.9879   2.850347    32.1374    25.6796 0.0000e+00
        906     54.952     1.9873   2.850298    32.1374    25.6797 0.0000e+00
        907     54.961     1.9869   2.850263    32.1374    25.6797 0.0000e+00
        908     54.966     1.9867   2.850255    32.1375    25.6798 0.0000e+00
        909     54.970     1.9867   2.850271    32.1377    25.6799 0.0000e+00
        910     54.974     1.9867   2.850279    32.1378    25.6800 0.0000e+00
        911     54.976     1.9865   2.850262    32.1378    25.6800 0.0000e+00
        912     54.974     1.9863   2.850235    32.1377    25.6799 0.0000e+00
        913     54.970     1.9861   2.850218    32.1377    25.6799 0.0000e+00
        914     54.966     1.9860   2.850212    32.1377    25.6800 0.0000e+00
        915     54.967     1.9859   2.850202    32.1377    25.6800 0.0000e+00
        916     54.974     1.9859   2.850189    32.1375    25.6798 0.0000e+00
        917     54.983     1.9859   2.850192    32.1375    25.6799 0.0000e+00
        918     54.993     1.9859   2.850197    32.1376    25.6799 0.0000e+00
        919     55.002     1.9859   2.850189    32.1375    25.6798 0.0000e+00
        920     55.005     1.9859   2.850190    32.1375    25.6798 0.0000e+00
        921     55.006     1.9859   2.850200    32.1376    25.6799 0.0000e+00
        922     55.004     1.9861   2.850209    32.1375    25.6798 0.0000e+00
        923     55.000     1.9861   2.850212    32.1376    25.6799 0.0000e+00
        924     54.996     1.9861   2.850210    32.1375    25.6798 0.0000e+00
        925     54.992     1.9861   2.850205    32.1375    25.6798 0.0000e+00
        926     54.987     1.9861   2.850202    32.1374    25.6798 0.0000e+00
        927     54.986     1.9860   2.850199    32.1375    25.6798 0.0000e+00
        928     54.990     1.9857   2.850190    32.1377    25.6800 0.0000e+00
        929     54.998     1.9855   2.850167    32.1376    25.6799 0.0000e+00
        930     55.013     1.9853   2.850151    32.1376    25.6800 0.0000e+00
        931     55.029     1.9853   2.850161    32.1377    25.6801 0.0000e+00
        932     55.038     1.9855   2.850172    32.1377    25.6800 0.0000e+00
        933     55.035     1.9855   2.850168    32.1376    25.6799 0.0000e+00
        934     55.023     1.9853   2.850148    32.1376    25.6799 0.0000e+00
        935     55.009     1.9851   2.850125    32.1375    25.6799 0.0000e+00
        936     54.997     1.9851   2.850121    32.1374    25.6798 0.0000e+00
        937     54.991     1.9851   2.850128    32.1375    25.6799 0.0000e+00
        938     54.988     1.9851   2.850129    32.1376    25.6799 0.0000e+00
        939     54.987     1.9850   2.850127    32.1376    25.6800 0.0000e+00
        940     54.984     1.9850   2.850123    32.1376    25.6800 0.0000e+00
        941     54.987     1.9850   2.850121    32.1376    25.6799 0.0000e+00
        942     54.999     1.9850   2.850121    32.1375    25.6799 0.0000e+00
        943     55.008     1.9850   2.850119    32.1375    25.6799 0.0000e+00
        944     55.005     1.9848   2.850115    32.1377    25.6800 0.0000e+00
        945     54.991     1.9846   2.850102    32.1377    25.6801 0.0000e+00
        946     54.978     1.9842   2.850069    32.1377    25.6801 0.0000e+00
        947     54.976     1.9839   2.850038    32.1376    25.6801 0.0000e+00
        948     54.984     1.9838   2.850031    32.1377    25.6801 0.0000e+00
        949     54.991     1.9840   2.850046    32.1376    25.6801 0.0000e+00
        950     54.991     1.9840   2.850066    32.1379    25.6803 0.0000e+00
        951     54.980     1.9838   2.850067    32.1381    25.6805 0.0000e+00
        952     54.959     1.9835   2.850046    32.1382    25.6805 0.0000e+00
        953     54.942     1.9834   2.850023    32.1380    25.6804 0.0000e+00
        954     54.939     1.9836   2.850024    32.1378    25.6802 0.0000e+00
        955     54.945     1.9839   2.850040    32.1377    25.6801 0.0000e+00
        956     54.953     1.9841   2.850053    32.1376    25.6801 0.0000e+00
        957     54.960     1.9841   2.850057    32.1377    25.6801 0.0000e+00
        958     54.964     1.9838   2.850047    32.1379    25.6803 0.0000e+00
        959     54.964     1.9834   2.850021    32.1379    25.6804 0.0000e+00
        960     54.963     1.9829   2.849980    32.1379    25.6804 0.0000e+00
        961     54.968     1.9824   2.849938    32.1379    25.6804 0.0000e+00
        962     54.976     1.9821   2.849920    32.1380    25.6805 0.0000e+00
        963     54.979     1.9821   2.849921    32.1380    25.6805 0.0000e+00
        964     54.977     1.9821   2.849922    32.1380    25.6805 0.0000e+00
        965     54.969     1.9819   2.849911    32.1381    25.6806 0.0000e+00
        966     54.957     1.9817   2.849895    32.1381    25.6806 0.0000e+00
        967     54.946     1.9817   2.849888    32.1380    25.6806 0.0000e+00
        968     54.944     1.9816   2.849877    32.1380    25.6805 0.0000e+00
        969     54.953     1.9817   2.849872    32.1378    25.6804 0.0000e+00
        970     54.966     1.9817   2.849880    32.1379    25.6805 0.0000e+00
        971     54.971     1.9819   2.849898    32.1379    25.6805 0.0000e+00
        972     54.966     1.9821   2.849914    32.1379    25.6805 0.0000e+00
        973     54.955     1.9823   2.849924    32.1379    25.6804 0.0000e+00
        974     54.941     1.9825   2.849929    32.1377    25.6803 0.0000e+00
        975     54.930     1.9824   2.849926    32.1378    25.6803 0.0000e+00
        976     54.928     1.9823   2.849918    32.1378    25.6803 0.0000e+00
        977     54.933     1.9821   2.849909    32.1379    25.6804 0.0000e+00
        978     54.942     1.9821   2.849901    32.1378    25.6803 0.0000e+00
        979     54.949     1.9821   2.849898    32.1377    25.6803 0.0000e+00
        980     54.954     1.9821   2.849904    32.1378    25.6804 0.0000e+00
        981     54.956     1.9821   2.849914    32.1379    25.6805 0.0000e+00
        982     54.949     1.9821   2.849918    32.1380    25.6805 0.0000e+00
        983     54.937     1.9821   2.849911    32.1379    25.6804 0.0000e+00
        984     54.929     1.9821   2.849899    32.1378    25.6803 0.0000e+00
        985     54.930     1.9818   2.849886    32.1379    25.6805 0.0000e+00
        986     54.935     1.9813   2.849862    32.1381    25.6807 0.0000e+00
        987     54.937     1.9809   2.849828    32.1381    25.6807 0.0000e+00
        988     54.930     1.9806   2.849806    32.1381    25.6807 0.0000e+00
        989     54.916     1.9804   2.849794    32.1382    25.6808 0.0000e+00
        990     54.904     1.9804   2.849789    32.1381    25.6807 0.0000e+00
        991     54.896     1.9804   2.849787    32.1381    25.6807 0.0000e+00
        992     54.887     1.9804   2.849784    32.1381    25.6807 0.0000e+00
        993     54.877     1.9805   2.849791    32.1381    25.6807 0.0000e+00
        994     54.873     1.9806   2.849804    32.1381    25.6807 0.0000e+00
        995     54.878     1.9806   2.849807    32.1382    25.6808 0.0000e+00
        996     54.887     1.9805   2.849798    32.1382    25.6807 0.0000e+00
        997     54.893     1.9802   2.849782    32.1383    25.6808 0.0000e+00
        998     54.897     1.9800   2.849763    32.1382    25.6808 0.0000e+00
        999     54.895     1.9796   2.849739    32.1383    25.6810 0.0000e+00
       1000     54.884     1.9794   2.849721    32.1383    25.6810 0.0000e+00
       1001     54.866     1.9794   2.849718    32.1383    25.6809 0.0000e+00
       1002     54.846     1.9794   2.849714    32.1383    25.6809 0.0000e+00
       1003     54.833     1.9793   2.849690    32.1381    25.6808 0.0000e+00
       1004     54.827     1.9793   2.849675    32.1379    25.6806 0.0000e+00
       1005     54.824     1.9795   2.849702    32.1380    25.6807 0.0000e+00
       1006     54.822     1.9796   2.849725    32.1382    25.6808 0.0000e+00
       1007     54.821     1.9794   2.849707    32.1382    25.6808 0.0000e+00
       1008     54.820     1.9791   2.849680    32.1382    25.6808 0.0000e+00
       1009     54.824     1.9789   2.849663    32.1381    25.6808 0.0000e+00
       1010     54.837     1.9784   2.849639    32.1383    25.6810 0.0000e+00
       1011     54.853     1.9780   2.849612    32.1384    25.6811 0.0000e+00
       1012     54.855     1.9779   2.849603    32.1384    25.6811 0.0000e+00
       1013     54.845     1.9780   2.849613    32.1384    25.6811 0.0000e+00
       1014     54.833     1.9783   2.849633    32.1384    25.6811 0.0000e+00
       1015     54.822     1.9785   2.849640    32.1383    25.6810 0.0000e+00
       1016     54.809     1.9784   2.849628    32.1382    25.6809 0.0000e+00
       1017     54.796     1.9779   2.849600    32.1384    25.6811 0.0000e+00
       1018     54.787     1.9773   2.849564    32.1386    25.6813 0.0000e+00
       1019     54.784     1.9770   2.849534    32.1385    25.6813 0.0000e+00
       1020     54.789     1.9768   2.849515    32.1385    25.6812 0.0000e+00
       1021     54.798     1.9769   2.849511    32.1383    25.6811 0.0000e+00
       1022     54.806     1.9771   2.849528    32.1383    25.6811 0.0000e+00
       1023     54.808     1.9773   2.849544    32.1383    25.6811 0.0000e+00
       1024     54.805     1.9773   2.849552    32.1384    25.6812 0.0000e+00
       1025     54.799     1.9775   2.849557    32.1383    25.6810 0.0000e+00
