Datasets/Test_Dataset_39219_tow/tel219_2021_072.cnv
* Sea-Bird SBE19plus Data File:
* Filename = C:/AQUIRE/tel219_2021_072.hex
* Software Version AquireV2 AF V2.0
* Temperature SN =  4020
* Conductivity SN =  4020
* System UpLoad Time = May 15 2021 15:54:47
** VESSEL/TRIP/SEQ STN: tel219_2021_072
** LATITUDE: 45 44.10 N
** LONGITUDE: 55 25.73 W
** DATE/TIME: 2021-05-15 15:14
** SOUNDING DEPTH (M): 0081
** PROBE TYPE: S4020
** CTD NUMBER:  72
** FORMAT: T
** COMMENTS: 
# nquan = 7                                 
# nvalues = 2494                        
# units = specified
# name 0 = scan: Scan Count
# name 1 = prdM: Pressure, Strain Gauge [db]
# name 2 = tv290C: Temperature [ITS-90, deg C]
# name 3 = c0S/m: Conductivity [S/m]
# name 4 = sal00: Salinity, Practical [PSU]
# name 5 = sigma-t00: Density [sigma-t, kg/m^3 ]
# name 6 = flag: flag
# span 0 =          1,       2494       
# span 1 =     -0.119,     77.423       
# span 2 =     1.2514,     7.4402       
# span 3 =   0.017245,   3.081921       
# span 4 =     0.1330,    32.7623       
# span 5 =    -0.0099,    26.0035       
# span 6 = 0.0000e+00, 0.0000e+00       
# interval = seconds: 1
# start_time = May 15 2021 15:14:44 [Instrument's time stamp, header]
# bad_flag = -9.990e-29
*END*
[from data line 1847]
       1848     55.238     1.7799   2.828070    32.0708    25.6408 0.0000e+00
       1849     54.767     1.8315   2.831339    32.0594    25.6282 0.0000e+00
       1850     54.294     1.9019   2.837776    32.0686    25.6306 0.0000e+00
       1851     53.814     1.9693   2.843308    32.0694    25.6265 0.0000e+00
       1852     53.321     2.0097   2.843539    32.0316    25.5933 0.0000e+00
       1853     52.811     2.0231   2.840494    31.9805    25.5515 0.0000e+00
       1854     52.284     2.0284   2.839139    31.9586    25.5336 0.0000e+00
       1855     51.744     2.0421   2.840027    31.9561    25.5306 0.0000e+00
       1856     51.188     2.0645   2.841045    31.9464    25.5212 0.0000e+00
       1857     50.611     2.0900   2.841609    31.9281    25.5047 0.0000e+00
       1858     50.010     2.1241   2.844922    31.9351    25.5078 0.0000e+00
       1859     49.387     2.1700   2.851434    31.9698    25.5322 0.0000e+00
       1860     48.746     2.2036   2.854214    31.9707    25.5305 0.0000e+00
       1861     48.085     2.1850   2.849687    31.9338    25.5023 0.0000e+00
       1862     47.405     2.1252   2.847473    31.9670    25.5333 0.0000e+00
       1863     46.711     2.0959   2.853881    32.0763    25.6229 0.0000e+00
       1864     46.008     2.1288   2.861411    32.1368    25.6689 0.0000e+00
       1865     45.296     2.1939   2.866387    32.1328    25.6609 0.0000e+00
       1866     44.585     2.2676   2.871659    32.1239    25.6482 0.0000e+00
       1867     43.902     2.3442   2.877357    32.1172    25.6371 0.0000e+00
       1868     43.266     2.4085   2.880152    32.0871    25.6081 0.0000e+00
       1869     42.676     2.4378   2.878375    32.0361    25.5651 0.0000e+00
       1870     42.130     2.4512   2.874225    31.9720    25.5128 0.0000e+00
       1871     41.626     2.4925   2.872254    31.9068    25.4575 0.0000e+00
       1872     41.163     2.5610   2.874339    31.8642    25.4181 0.0000e+00
       1873     40.731     2.6262   2.878831    31.8543    25.4051 0.0000e+00
       1874     40.322     2.6785   2.884722    31.8744    25.4170 0.0000e+00
       1875     39.928     2.7222   2.890885    31.9062    25.4389 0.0000e+00
       1876     39.543     2.7595   2.896465    31.9372    25.4606 0.0000e+00
       1877     39.163     2.7888   2.900701    31.9598    25.4763 0.0000e+00
       1878     38.787     2.8089   2.903140    31.9696    25.4825 0.0000e+00
       1879     38.408     2.8232   2.904885    31.9768    25.4870 0.0000e+00
       1880     38.018     2.8328   2.906833    31.9911    25.4977 0.0000e+00
       1881     37.611     2.8381   2.907974    31.9999    25.5042 0.0000e+00
       1882     37.184     2.8451   2.908661    32.0015    25.5049 0.0000e+00
       1883     36.743     2.8562   2.910325    32.0108    25.5115 0.0000e+00
       1884     36.297     2.8656   2.911637    32.0176    25.5162 0.0000e+00
       1885     35.849     2.8713   2.911947    32.0160    25.5144 0.0000e+00
       1886     35.397     2.8743   2.912257    32.0170    25.5149 0.0000e+00
       1887     34.931     2.8727   2.912352    32.0200    25.5174 0.0000e+00
       1888     34.460     2.8637   2.909880    31.9992    25.5016 0.0000e+00
       1889     34.009     2.8466   2.904645    31.9529    25.4660 0.0000e+00
       1890     33.597     2.8175   2.900887    31.9364    25.4553 0.0000e+00
       1891     33.231     2.7776   2.901209    31.9802    25.4935 0.0000e+00
       1892     32.913     2.7461   2.903565    32.0405    25.5442 0.0000e+00
       1893     32.636     2.7314   2.905136    32.0745    25.5726 0.0000e+00
       1894     32.386     2.7245   2.905925    32.0912    25.5864 0.0000e+00
       1895     32.140     2.7230   2.906046    32.0943    25.5890 0.0000e+00
       1896     31.891     2.7275   2.905633    32.0849    25.5811 0.0000e+00
       1897     31.653     2.7390   2.905793    32.0755    25.5727 0.0000e+00
       1898     31.435     2.7564   2.906559    32.0675    25.5649 0.0000e+00
       1899     31.238     2.7719   2.907686    32.0658    25.5623 0.0000e+00
       1900     31.069     2.7831   2.908967    32.0703    25.5650 0.0000e+00
       1901     30.931     2.7919   2.909397    32.0668    25.5615 0.0000e+00
       1902     30.807     2.7944   2.908359    32.0518    25.5492 0.0000e+00
       1903     30.682     2.7896   2.907419    32.0452    25.5444 0.0000e+00
       1904     30.560     2.7866   2.908385    32.0600    25.5565 0.0000e+00
       1905     30.450     2.7937   2.910497    32.0787    25.5708 0.0000e+00
       1906     30.359     2.8114   2.912111    32.0806    25.5709 0.0000e+00
       1907     30.282     2.8297   2.912530    32.0675    25.5589 0.0000e+00
       1908     30.204     2.8358   2.911609    32.0502    25.5446 0.0000e+00
       1909     30.116     2.8301   2.910280    32.0398    25.5368 0.0000e+00
       1910     30.017     2.8215   2.909914    32.0440    25.5409 0.0000e+00
       1911     29.914     2.8154   2.910664    32.0593    25.5535 0.0000e+00
       1912     29.816     2.8152   2.911662    32.0717    25.5634 0.0000e+00
       1913     29.724     2.8174   2.911712    32.0701    25.5620 0.0000e+00
       1914     29.637     2.8124   2.910337    32.0585    25.5531 0.0000e+00
       1915     29.549     2.8025   2.908538    32.0465    25.5444 0.0000e+00
       1916     29.451     2.8012   2.907428    32.0344    25.5348 0.0000e+00
       1917     29.342     2.8156   2.907126    32.0164    25.5193 0.0000e+00
       1918     29.227     2.8379   2.907276    31.9960    25.5012 0.0000e+00
       1919     29.105     2.8577   2.907916    31.9841    25.4901 0.0000e+00
       1920     28.970     2.8741   2.909627    31.9886    25.4923 0.0000e+00
       1921     28.818     2.8870   2.911723    32.0013    25.5014 0.0000e+00
       1922     28.644     2.8902   2.912054    32.0022    25.5018 0.0000e+00
       1923     28.456     2.8771   2.910391    31.9952    25.4973 0.0000e+00
       1924     28.264     2.8511   2.908622    31.9997    25.5031 0.0000e+00
       1925     28.070     2.8286   2.907813    32.0124    25.5151 0.0000e+00
       1926     27.875     2.8304   2.908470    32.0187    25.5199 0.0000e+00
       1927     27.674     2.8616   2.911158    32.0204    25.5187 0.0000e+00
       1928     27.459     2.8990   2.913475    32.0113    25.5084 0.0000e+00
       1929     27.233     2.9188   2.913038    31.9864    25.4869 0.0000e+00
       1930     27.006     2.9307   2.913512    31.9805    25.4811 0.0000e+00
       1931     26.779     2.9561   2.917943    32.0090    25.5017 0.0000e+00
       1932     26.540     2.9919   2.923113    32.0361    25.5203 0.0000e+00
       1933     26.278     3.0221   2.926126    32.0426    25.5230 0.0000e+00
       1934     25.977     3.0439   2.928029    32.0441    25.5223 0.0000e+00
       1935     25.605     3.0656   2.930574    32.0535    25.5280 0.0000e+00
       1936     25.163     3.0919   2.933450    32.0623    25.5327 0.0000e+00
       1937     24.682     3.1167   2.935403    32.0614    25.5299 0.0000e+00
       1938     24.141     3.1319   2.936374    32.0583    25.5261 0.0000e+00
       1939     23.506     3.1391   2.936854    32.0573    25.5247 0.0000e+00
       1940     22.790     3.1426   2.936989    32.0558    25.5232 0.0000e+00
       1941     22.033     3.1437   2.936892    32.0539    25.5216 0.0000e+00
       1942     21.284     3.1389   2.936419    32.0534    25.5216 0.0000e+00
       1943     20.593     3.1279   2.935803    32.0573    25.5257 0.0000e+00
       1944     19.968     3.1210   2.935676    32.0629    25.5308 0.0000e+00
       1945     19.384     3.1241   2.935730    32.0608    25.5288 0.0000e+00
       1946     18.829     3.1323   2.936052    32.0568    25.5249 0.0000e+00
       1947     18.306     3.1420   2.936914    32.0578    25.5249 0.0000e+00
       1948     17.801     3.1513   2.937842    32.0601    25.5259 0.0000e+00
       1949     17.247     3.1591   2.938701    32.0630    25.5275 0.0000e+00
       1950     16.602     3.1664   2.939288    32.0631    25.5270 0.0000e+00
       1951     15.895     3.1732   2.939519    32.0595    25.5235 0.0000e+00
       1952     15.152     3.1803   2.939799    32.0562    25.5203 0.0000e+00
       1953     14.387     3.1899   2.940343    32.0536    25.5174 0.0000e+00
       1954     13.631     3.1998   2.940952    32.0515    25.5149 0.0000e+00
       1955     12.936     3.2020   2.941368    32.0547    25.5172 0.0000e+00
       1956     12.332     3.1967   2.941240    32.0588    25.5209 0.0000e+00
       1957     11.795     3.1931   2.940395    32.0525    25.5162 0.0000e+00
       1958     11.307     3.2050   2.940150    32.0380    25.5036 0.0000e+00
       1959     10.876     3.2501   2.943622    32.0352    25.4975 0.0000e+00
       1960     10.507     3.3219   2.950576    32.0478    25.5012 0.0000e+00
       1961     10.198     3.3861   2.956205    32.0519    25.4987 0.0000e+00
       1962      9.937     3.4248   2.959059    32.0479    25.4921 0.0000e+00
       1963      9.695     3.4440   2.960759    32.0494    25.4915 0.0000e+00
       1964      9.445     3.4532   2.961722    32.0519    25.4928 0.0000e+00
       1965      9.192     3.4575   2.962015    32.0513    25.4919 0.0000e+00
       1966      8.963     3.4589   2.961760    32.0470    25.4883 0.0000e+00
       1967      8.786     3.4584   2.960941    32.0378    25.4810 0.0000e+00
       1968      8.678     3.4575   2.960415    32.0325    25.4769 0.0000e+00
       1969      8.605     3.4568   2.961141    32.0419    25.4844 0.0000e+00
       1970      8.497     3.4561   2.962258    32.0560    25.4957 0.0000e+00
       1971      8.312     3.4535   2.962500    32.0615    25.5004 0.0000e+00
       1972      8.045     3.4492   2.962200    32.0623    25.5014 0.0000e+00
       1973      7.679     3.4586   2.963245    32.0657    25.5032 0.0000e+00
       1974      7.198     3.5034   2.967733    32.0753    25.5068 0.0000e+00
       1975      6.659     3.5707   2.974082    32.0848    25.5083 0.0000e+00
       1976      6.109     3.6168   2.977621    32.0818    25.5016 0.0000e+00
       1977      5.477     3.6201   2.977133    32.0731    25.4944 0.0000e+00
       1978      4.743     3.5941   2.974510    32.0679    25.4926 0.0000e+00
       1979      4.038     3.5602   2.971401    32.0646    25.4931 0.0000e+00
       1980      3.458     3.5413   2.969646    32.0626    25.4933 0.0000e+00
       1981      2.970     3.5730   2.971525    32.0540    25.4835 0.0000e+00
       1982      2.485     3.6688   2.980233    32.0635    25.4822 0.0000e+00
       1983      1.978     3.7742   2.990961    32.0873    25.4913 0.0000e+00
       1984      1.509     3.8602   2.996132    32.0643    25.4649 0.0000e+00
       1985      1.107     3.9799   3.004066    32.0408    25.4347 0.0000e+00
       1986      0.760     4.1410   3.019123    32.0605    25.4346 0.0000e+00
       1987      0.492     4.2474   3.028891    32.0712    25.4326 0.0000e+00
       1988      0.340     4.2279   3.024855    32.0431    25.4122 0.0000e+00
       1989      0.278     4.1349   3.013813    32.0044    25.3906 0.0000e+00
       1990      0.244     4.0484   3.007283    32.0121    25.4053 0.0000e+00
       1991      0.224     3.9856   3.004690    32.0430    25.4359 0.0000e+00
       1992      0.225     3.9418   3.001733    32.0510    25.4465 0.0000e+00
       1993      0.233     3.9211   2.999953    32.0503    25.4479 0.0000e+00
       1994      0.234     3.9223   3.000035    32.0501    25.4477 0.0000e+00
       1995      0.236     3.9397   2.999856    32.0309    25.4308 0.0000e+00
       1996      0.244     3.9640   2.997583    31.9803    25.3882 0.0000e+00
       1997      0.246     3.9554   2.993764    31.9437    25.3599 0.0000e+00
       1998      0.241     3.9101   2.991026    31.9557    25.3738 0.0000e+00
       1999      0.239     3.9179   2.996505    32.0127    25.4184 0.0000e+00
       2000      0.241     3.9942   3.007841    32.0717    25.4579 0.0000e+00
       2001      0.237     4.0334   3.009694    32.0551    25.4409 0.0000e+00
       2002      0.226     3.9993   3.004013    32.0216    25.4176 0.0000e+00
       2003      0.227     3.9481   3.000916    32.0352    25.4334 0.0000e+00
       2004      0.250     3.9100   2.996936    32.0256    25.4293 0.0000e+00
       2005      0.269     3.8883   2.992654    31.9962    25.4081 0.0000e+00
       2006      0.257     3.8878   2.954994    31.5522    25.0551 0.0000e+00
       2007      0.224     3.8953   2.526968    26.5525    21.0821 0.0000e+00
       2008      0.192     3.8965   1.505044    15.0882    11.9876 0.0000e+00
       2009      0.174     3.8944   0.563941     5.2441     4.1699 0.0000e+00
       2010      0.168     3.8920   0.205311     1.7929     1.4152 0.0000e+00
       2011      0.166     3.8889   0.137640     1.1768     0.9216 0.0000e+00
       2012      0.165     3.8852   0.109668     0.9273     0.7214 0.0000e+00
       2013      0.163     3.8813   0.097142     0.8168     0.6326 0.0000e+00
       2014      0.159     3.8775   0.093029     0.7807     0.6036 0.0000e+00
       2015      0.156     3.8745   0.099033     0.8336     0.6461 0.0000e+00
       2016      0.156     3.8720   0.113851     0.9648     0.7515 0.0000e+00
       2017      0.155     3.8693   0.123608     1.0518     0.8213 0.0000e+00
       2018      0.156     3.8666   0.121746     1.0353     0.8081 0.0000e+00
       2019      0.160     3.8636   0.120748     1.0265     0.8010 0.0000e+00
       2020      0.165     3.8606   0.124200     1.0574     0.8258 0.0000e+00
       2021      0.167     3.8576   0.123874     1.0546     0.8236 0.0000e+00
       2022      0.169     3.8546   0.113710     0.9641     0.7509 0.0000e+00
       2023      0.174     3.8521   0.097405     0.8198     0.6351 0.0000e+00
       2024      0.177     3.8498   0.085525     0.7156     0.5513 0.0000e+00
       2025      0.179     3.8476   0.079964     0.6670     0.5123 0.0000e+00
       2026      0.181     3.8453   0.076786     0.6394     0.4901 0.0000e+00
       2027      0.182     3.8430   0.074561     0.6201     0.4746 0.0000e+00
       2028      0.181     3.8407   0.073203     0.6084     0.4651 0.0000e+00
       2029      0.181     3.8385   0.072726     0.6043     0.4618 0.0000e+00
       2030      0.184     3.8364   0.072817     0.6051     0.4625 0.0000e+00
       2031      0.187     3.8344   0.072552     0.6028     0.4607 0.0000e+00
       2032      0.190     3.8323   0.071139     0.5906     0.4509 0.0000e+00
       2033      0.195     3.8303   0.069147     0.5734     0.4370 0.0000e+00
       2034      0.202     3.8283   0.067783     0.5616     0.4275 0.0000e+00
       2035      0.206     3.8264   0.067432     0.5586     0.4251 0.0000e+00
       2036      0.207     3.8245   0.067450     0.5588     0.4253 0.0000e+00
       2037      0.207     3.8227   0.066935     0.5544     0.4217 0.0000e+00
       2038      0.212     3.8209   0.065642     0.5433     0.4128 0.0000e+00
       2039      0.217     3.8191   0.064074     0.5298     0.4019 0.0000e+00
       2040      0.218     3.8173   0.062873     0.5194     0.3936 0.0000e+00
       2041      0.216     3.8156   0.062221     0.5138     0.3891 0.0000e+00
       2042      0.214     3.8140   0.061636     0.5088     0.3851 0.0000e+00
       2043      0.214     3.8125   0.060617     0.5001     0.3780 0.0000e+00
       2044      0.214     3.8112   0.059353     0.4892     0.3693 0.0000e+00
       2045      0.213     3.8100   0.058431     0.4813     0.3629 0.0000e+00
       2046      0.211     3.8089   0.057978     0.4775     0.3598 0.0000e+00
       2047      0.213     3.8078   0.057560     0.4739     0.3569 0.0000e+00
       2048      0.218     3.8066   0.056806     0.4674     0.3517 0.0000e+00
       2049      0.221     3.8057   0.055824     0.4590     0.3450 0.0000e+00
       2050      0.219     3.8049   0.054987     0.4519     0.3392 0.0000e+00
       2051      0.218     3.8039   0.054421     0.4471     0.3353 0.0000e+00
