Datasets/Test_Dataset_39219_tow/tel219_2021_032.cnv
* Sea-Bird SBE19plus Data File:
* Filename = C:/AQUIRE/tel219_2021_032.hex
* Software Version AquireV2 AF V2.0
* Temperature SN =  4020
* Conductivity SN =  4020
* System UpLoad Time = May 11 2021 03:18:45
** VESSEL/TRIP/SEQ STN: tel219_2021_032
** LATITUDE: 45 39.81 N
** LONGITUDE: 56 36.66 W
** DATE/TIME: 2021-05-11 02:37
** SOUNDING DEPTH (M): 0144
** PROBE TYPE: S4020
** CTD NUMBER:  32
** FORMAT: T
** COMMENTS: 
# nquan = 7                                 
# nvalues = 2557                        
# units = specified
# name 0 = scan: Scan Count
# name 1 = prdM: Pressure, Strain Gauge [db]
# name 2 = tv290C: Temperature [ITS-90, deg C]
# name 3 = c0S/m: Conductivity [S/m]
# name 4 = sal00: Salinity, Practical [PSU]
# name 5 = sigma-t00: Density [sigma-t, kg/m^3 ]
# name 6 = flag: flag
# span 0 =          1,       2557       
# span 1 =     -0.161,    140.357       
# span 2 =     0.7782,     3.7557       
# span 3 =   0.003048,   2.975210       
# span 4 =     0.0227,    32.7805       
# span 5 =    -0.0071,    26.2303       
# span 6 = 0.0000e+00, 0.0000e+00       
# interval = seconds: 1
# start_time = May 11 2021 02:37:19 [Instrument's time stamp, header]
# bad_flag = -9.990e-29
*END*
[from data line 411]
        412     32.213     2.7794   2.921732    32.2288    25.6918 0.0000e+00
        413     32.609     2.7813   2.921958    32.2295    25.6922 0.0000e+00
        414     32.998     2.7840   2.922252    32.2301    25.6925 0.0000e+00
        415     33.390     2.7873   2.922549    32.2302    25.6923 0.0000e+00
        416     33.796     2.7918   2.922968    32.2306    25.6922 0.0000e+00
        417     34.209     2.7971   2.923498    32.2315    25.6925 0.0000e+00
        418     34.619     2.8027   2.924037    32.2322    25.6926 0.0000e+00
        419     35.028     2.8106   2.924926    32.2349    25.6941 0.0000e+00
        420     35.441     2.8215   2.926358    32.2411    25.6982 0.0000e+00
        421     35.861     2.8314   2.927580    32.2458    25.7011 0.0000e+00
        422     36.284     2.8379   2.928209    32.2467    25.7013 0.0000e+00
        423     36.699     2.8423   2.928664    32.2476    25.7016 0.0000e+00
        424     37.103     2.8457   2.929058    32.2488    25.7023 0.0000e+00
        425     37.501     2.8480   2.929348    32.2498    25.7029 0.0000e+00
        426     37.901     2.8484   2.929501    32.2510    25.7039 0.0000e+00
        427     38.309     2.8469   2.929425    32.2514    25.7043 0.0000e+00
        428     38.730     2.8453   2.929305    32.2513    25.7044 0.0000e+00
        429     39.160     2.8455   2.929399    32.2520    25.7049 0.0000e+00
        430     39.590     2.8464   2.929564    32.2529    25.7055 0.0000e+00
        431     40.019     2.8462   2.929551    32.2527    25.7054 0.0000e+00
        432     40.453     2.8445   2.929383    32.2521    25.7051 0.0000e+00
        433     40.890     2.8427   2.929246    32.2521    25.7052 0.0000e+00
        434     41.320     2.8421   2.929245    32.2524    25.7055 0.0000e+00
        435     41.737     2.8418   2.929273    32.2528    25.7059 0.0000e+00
        436     42.145     2.8401   2.929193    32.2534    25.7064 0.0000e+00
        437     42.557     2.8354   2.928831    32.2535    25.7069 0.0000e+00
        438     42.980     2.8289   2.928176    32.2518    25.7061 0.0000e+00
        439     43.413     2.8251   2.927831    32.2512    25.7059 0.0000e+00
        440     43.850     2.8249   2.927956    32.2527    25.7071 0.0000e+00
        441     44.289     2.8249   2.927996    32.2529    25.7073 0.0000e+00
        442     44.727     2.8236   2.927886    32.2527    25.7072 0.0000e+00
        443     45.166     2.8219   2.927732    32.2523    25.7071 0.0000e+00
        444     45.610     2.8217   2.927741    32.2523    25.7071 0.0000e+00
        445     46.060     2.8228   2.927966    32.2537    25.7081 0.0000e+00
        446     46.507     2.8216   2.927880    32.2537    25.7082 0.0000e+00
        447     46.945     2.8178   2.927540    32.2531    25.7081 0.0000e+00
        448     47.378     2.8132   2.927222    32.2536    25.7089 0.0000e+00
        449     47.809     2.8079   2.926842    32.2541    25.7097 0.0000e+00
        450     48.242     2.8004   2.926278    32.2545    25.7106 0.0000e+00
        451     48.688     2.7905   2.925440    32.2541    25.7111 0.0000e+00
        452     49.146     2.7786   2.924485    32.2541    25.7121 0.0000e+00
        453     49.607     2.7646   2.923395    32.2547    25.7137 0.0000e+00
        454     50.061     2.7474   2.922107    32.2561    25.7162 0.0000e+00
        455     50.504     2.7227   2.920313    32.2588    25.7204 0.0000e+00
        456     50.941     2.6849   2.917456    32.2618    25.7259 0.0000e+00
        457     51.378     2.6319   2.913418    32.2656    25.7332 0.0000e+00
        458     51.818     2.5660   2.908380    32.2702    25.7421 0.0000e+00
        459     52.265     2.4968   2.903071    32.2748    25.7513 0.0000e+00
        460     52.719     2.4373   2.898576    32.2795    25.7597 0.0000e+00
        461     53.170     2.3865   2.895077    32.2876    25.7701 0.0000e+00
        462     53.612     2.3215   2.890942    32.3024    25.7869 0.0000e+00
        463     54.051     2.2223   2.883567    32.3118    25.8020 0.0000e+00
        464     54.491     2.1052   2.873697    32.3085    25.8080 0.0000e+00
        465     54.936     2.0095   2.866060    32.3109    25.8170 0.0000e+00
        466     55.385     1.9531   2.862530    32.3243    25.8318 0.0000e+00
        467     55.829     1.9253   2.860998    32.3334    25.8411 0.0000e+00
        468     56.269     1.9101   2.859775    32.3335    25.8422 0.0000e+00
        469     56.713     1.8981   2.858505    32.3296    25.8400 0.0000e+00
        470     57.164     1.8850   2.857384    32.3288    25.8402 0.0000e+00
        471     57.617     1.8701   2.856520    32.3330    25.8447 0.0000e+00
        472     58.069     1.8512   2.855339    32.3374    25.8495 0.0000e+00
        473     58.520     1.8241   2.853114    32.3371    25.8511 0.0000e+00
        474     58.971     1.7889   2.850168    32.3360    25.8528 0.0000e+00
        475     59.418     1.7524   2.847528    32.3402    25.8586 0.0000e+00
        476     59.860     1.7188   2.845153    32.3446    25.8645 0.0000e+00
        477     60.303     1.6871   2.842361    32.3419    25.8645 0.0000e+00
        478     60.755     1.6610   2.839773    32.3360    25.8615 0.0000e+00
        479     61.210     1.6439   2.838306    32.3349    25.8618 0.0000e+00
        480     61.660     1.6325   2.837576    32.3372    25.8644 0.0000e+00
        481     62.103     1.6205   2.836818    32.3397    25.8673 0.0000e+00
        482     62.544     1.6008   2.835573    32.3441    25.8721 0.0000e+00
        483     62.987     1.5695   2.833437    32.3491    25.8783 0.0000e+00
        484     63.436     1.5297   2.830543    32.3534    25.8843 0.0000e+00
        485     63.890     1.4877   2.827275    32.3552    25.8885 0.0000e+00
        486     64.342     1.4479   2.824016    32.3549    25.8909 0.0000e+00
        487     64.795     1.4132   2.821192    32.3547    25.8930 0.0000e+00
        488     65.247     1.3855   2.819070    32.3562    25.8960 0.0000e+00
        489     65.697     1.3641   2.817444    32.3575    25.8984 0.0000e+00
        490     66.148     1.3481   2.815913    32.3544    25.8969 0.0000e+00
        491     66.602     1.3378   2.814904    32.3520    25.8956 0.0000e+00
        492     67.058     1.3318   2.814529    32.3532    25.8970 0.0000e+00
        493     67.511     1.3274   2.814225    32.3536    25.8976 0.0000e+00
        494     67.958     1.3217   2.813674    32.3523    25.8969 0.0000e+00
        495     68.407     1.3131   2.812839    32.3503    25.8959 0.0000e+00
        496     68.865     1.3029   2.812043    32.3505    25.8967 0.0000e+00
        497     69.325     1.2941   2.811593    32.3537    25.8998 0.0000e+00
        498     69.777     1.2878   2.811376    32.3572    25.9030 0.0000e+00
        499     70.220     1.2825   2.810935    32.3568    25.9030 0.0000e+00
        500     70.663     1.2761   2.810164    32.3534    25.9007 0.0000e+00
        501     71.114     1.2673   2.809308    32.3514    25.8996 0.0000e+00
        502     71.574     1.2560   2.808346    32.3506    25.8997 0.0000e+00
        503     72.037     1.2443   2.807403    32.3505    25.9003 0.0000e+00
        504     72.498     1.2341   2.806665    32.3514    25.9017 0.0000e+00
        505     72.962     1.2256   2.806015    32.3517    25.9025 0.0000e+00
        506     73.431     1.2162   2.805422    32.3536    25.9046 0.0000e+00
        507     73.899     1.2037   2.804839    32.3589    25.9096 0.0000e+00
        508     74.360     1.1886   2.804239    32.3666    25.9168 0.0000e+00
        509     74.816     1.1743   2.803715    32.3745    25.9240 0.0000e+00
        510     75.268     1.1633   2.803221    32.3794    25.9286 0.0000e+00
        511     75.723     1.1553   2.802667    32.3804    25.9299 0.0000e+00
        512     76.189     1.1488   2.802088    32.3795    25.9296 0.0000e+00
        513     76.663     1.1433   2.801712    32.3802    25.9304 0.0000e+00
        514     77.138     1.1390   2.801632    32.3833    25.9332 0.0000e+00
        515     77.608     1.1360   2.801515    32.3847    25.9345 0.0000e+00
        516     78.070     1.1338   2.801291    32.3839    25.9340 0.0000e+00
        517     78.525     1.1316   2.801273    32.3857    25.9356 0.0000e+00
        518     78.978     1.1279   2.801213    32.3885    25.9381 0.0000e+00
        519     79.437     1.1230   2.800787    32.3879    25.9379 0.0000e+00
        520     79.904     1.1180   2.800351    32.3873    25.9377 0.0000e+00
        521     80.379     1.1128   2.800091    32.3891    25.9394 0.0000e+00
        522     80.857     1.1068   2.799801    32.3913    25.9416 0.0000e+00
        523     81.340     1.1011   2.799552    32.3938    25.9440 0.0000e+00
        524     81.829     1.0943   2.799363    32.3982    25.9479 0.0000e+00
        525     82.318     1.0818   2.798744    32.4030    25.9525 0.0000e+00
        526     82.804     1.0665   2.797709    32.4054    25.9554 0.0000e+00
        527     83.291     1.0568   2.797066    32.4070    25.9573 0.0000e+00
        528     83.778     1.0499   2.796786    32.4104    25.9604 0.0000e+00
        529     84.263     1.0378   2.796037    32.4131    25.9633 0.0000e+00
        530     84.743     1.0202   2.794783    32.4151    25.9660 0.0000e+00
        531     85.217     1.0033   2.793662    32.4181    25.9694 0.0000e+00
        532     85.687     0.9912   2.793025    32.4223    25.9735 0.0000e+00
        533     86.153     0.9839   2.792765    32.4263    25.9771 0.0000e+00
        534     86.610     0.9800   2.792740    32.4298    25.9801 0.0000e+00
        535     87.056     0.9786   2.792809    32.4319    25.9819 0.0000e+00
        536     87.494     0.9762   2.792787    32.4339    25.9836 0.0000e+00
        537     87.933     0.9665   2.792312    32.4377    25.9873 0.0000e+00
        538     88.378     0.9470   2.791018    32.4412    25.9912 0.0000e+00
        539     88.826     0.9253   2.789377    32.4425    25.9936 0.0000e+00
        540     89.263     0.9091   2.788143    32.4433    25.9952 0.0000e+00
        541     89.677     0.9005   2.787585    32.4449    25.9970 0.0000e+00
        542     90.068     0.8985   2.787675    32.4480    25.9995 0.0000e+00
        543     90.440     0.9023   2.788303    32.4518    26.0024 0.0000e+00
        544     90.795     0.9098   2.789292    32.4565    26.0057 0.0000e+00
        545     91.136     0.9155   2.790111    32.4609    26.0089 0.0000e+00
        546     91.466     0.9139   2.790256    32.4642    26.0117 0.0000e+00
        547     91.782     0.9059   2.789822    32.4668    26.0143 0.0000e+00
        548     92.079     0.8967   2.789263    32.4691    26.0166 0.0000e+00
        549     92.358     0.8901   2.788895    32.4711    26.0186 0.0000e+00
        550     92.622     0.8861   2.788752    32.4733    26.0206 0.0000e+00
        551     92.875     0.8831   2.788660    32.4751    26.0222 0.0000e+00
        552     93.120     0.8803   2.788566    32.4767    26.0237 0.0000e+00
        553     93.353     0.8776   2.788516    32.4787    26.0255 0.0000e+00
        554     93.570     0.8751   2.788366    32.4793    26.0261 0.0000e+00
        555     93.768     0.8722   2.788095    32.4787    26.0258 0.0000e+00
        556     93.949     0.8695   2.787865    32.4785    26.0258 0.0000e+00
        557     94.114     0.8681   2.787789    32.4789    26.0262 0.0000e+00
        558     94.267     0.8679   2.787929    32.4808    26.0277 0.0000e+00
        559     94.410     0.8678   2.788031    32.4822    26.0288 0.0000e+00
        560     94.541     0.8674   2.787914    32.4810    26.0279 0.0000e+00
        561     94.661     0.8672   2.787792    32.4796    26.0268 0.0000e+00
        562     94.777     0.8674   2.787726    32.4785    26.0258 0.0000e+00
        563     94.888     0.8676   2.787652    32.4772    26.0249 0.0000e+00
        564     94.993     0.8678   2.787622    32.4766    26.0243 0.0000e+00
        565     95.092     0.8679   2.787675    32.4771    26.0247 0.0000e+00
        566     95.182     0.8672   2.787662    32.4776    26.0252 0.0000e+00
        567     95.264     0.8655   2.787479    32.4770    26.0248 0.0000e+00
        568     95.341     0.8637   2.787302    32.4766    26.0245 0.0000e+00
        569     95.412     0.8626   2.787276    32.4773    26.0252 0.0000e+00
        570     95.478     0.8620   2.787440    32.4800    26.0274 0.0000e+00
        571     95.540     0.8616   2.787621    32.4827    26.0296 0.0000e+00
        572     95.598     0.8610   2.787653    32.4837    26.0305 0.0000e+00
        573     95.653     0.8598   2.787537    32.4835    26.0303 0.0000e+00
        574     95.709     0.8577   2.787210    32.4814    26.0288 0.0000e+00
        575     95.766     0.8552   2.786948    32.4807    26.0283 0.0000e+00
        576     95.825     0.8522   2.786943    32.4837    26.0309 0.0000e+00
        577     95.887     0.8471   2.786788    32.4870    26.0339 0.0000e+00
        578     95.949     0.8389   2.786167    32.4876    26.0348 0.0000e+00
        579     96.011     0.8298   2.785369    32.4868    26.0347 0.0000e+00
        580     96.075     0.8230   2.784766    32.4861    26.0346 0.0000e+00
        581     96.139     0.8191   2.784386    32.4853    26.0341 0.0000e+00
        582     96.206     0.8173   2.784152    32.4841    26.0333 0.0000e+00
        583     96.278     0.8167   2.783986    32.4826    26.0321 0.0000e+00
        584     96.355     0.8158   2.783847    32.4817    26.0314 0.0000e+00
        585     96.437     0.8138   2.783691    32.4817    26.0316 0.0000e+00
        586     96.525     0.8115   2.783494    32.4815    26.0315 0.0000e+00
        587     96.619     0.8101   2.783331    32.4809    26.0311 0.0000e+00
        588     96.717     0.8107   2.783354    32.4805    26.0307 0.0000e+00
        589     96.817     0.8131   2.783572    32.4807    26.0308 0.0000e+00
        590     96.919     0.8156   2.783824    32.4813    26.0311 0.0000e+00
        591     97.025     0.8170   2.783980    32.4818    26.0314 0.0000e+00
        592     97.133     0.8175   2.784104    32.4828    26.0322 0.0000e+00
        593     97.243     0.8178   2.784187    32.4835    26.0327 0.0000e+00
        594     97.359     0.8179   2.784082    32.4819    26.0315 0.0000e+00
        595     97.487     0.8166   2.783958    32.4816    26.0313 0.0000e+00
        596     97.629     0.8132   2.783828    32.4834    26.0330 0.0000e+00
        597     97.777     0.8085   2.783602    32.4854    26.0348 0.0000e+00
        598     97.925     0.8046   2.783548    32.4887    26.0377 0.0000e+00
        599     98.075     0.8028   2.783809    32.4938    26.0419 0.0000e+00
        600     98.230     0.8022   2.783906    32.4956    26.0434 0.0000e+00
        601     98.389     0.8007   2.783603    32.4932    26.0415 0.0000e+00
        602     98.555     0.7979   2.783210    32.4910    26.0399 0.0000e+00
        603     98.729     0.7951   2.782811    32.4887    26.0382 0.0000e+00
        604     98.906     0.7930   2.782644    32.4886    26.0383 0.0000e+00
        605     99.084     0.7916   2.782701    32.4907    26.0401 0.0000e+00
        606     99.269     0.7903   2.782631    32.4911    26.0404 0.0000e+00
        607     99.463     0.7892   2.782410    32.4893    26.0390 0.0000e+00
        608     99.664     0.7889   2.782362    32.4889    26.0387 0.0000e+00
        609     99.868     0.7888   2.782743    32.4938    26.0427 0.0000e+00
        610    100.065     0.7881   2.783134    32.4994    26.0473 0.0000e+00
        611    100.260     0.7867   2.782933    32.4982    26.0463 0.0000e+00
        612    100.468     0.7851   2.782518    32.4944    26.0434 0.0000e+00
        613    100.694     0.7838   2.782444    32.4947    26.0437 0.0000e+00
        614    100.929     0.7842   2.782597    32.4961    26.0448 0.0000e+00
        615    101.162     0.7882   2.783072    32.4979    26.0460 0.0000e+00
