Datasets/Test_Dataset_39219_tow/tel219_2021_020.cnv
* Sea-Bird SBE19plus Data File:
* Filename = C:/AQUIRE/tel219_2021_020.hex
* Software Version AquireV2 AF V2.0
* Temperature SN =  4020
* Conductivity SN =  4020
* System UpLoad Time = May 08 2021 00:00:30
** VESSEL/TRIP/SEQ STN: tel219_2021_020
** LATITUDE: 47 01.65 N
** LONGITUDE: 56 55.69 W
** DATE/TIME: 2021-05-07 23:06
** SOUNDING DEPTH (M): 0237
** PROBE TYPE: S4020
** CTD NUMBER:  20
** FORMAT: t
** COMMENTS: 
# nquan = 7                                 
# nvalues = 3272                        
# units = specified
# name 0 = scan: Scan Count
# name 1 = prdM: Pressure, Strain Gauge [db]
# name 2 = tv290C: Temperature [ITS-90, deg C]
# name 3 = c0S/m: Conductivity [S/m]
# name 4 = sal00: Salinity, Practical [PSU]
# name 5 = sigma-t00: Density [sigma-t, kg/m^3 ]
# name 6 = flag: flag
# span 0 =          1,       3272       
# span 1 =     -0.685,    239.822       
# span 2 =     1.3390,     8.6228       
# span 3 =   0.007638,   3.683621       
# span 4 =     0.0590,    35.0031       
# span 5 =     0.0195,    27.2114       
# span 6 = 0.0000e+00, 0.0000e+00       
# interval = seconds: 1
# start_time = May 07 2021 23:06:44 [Instrument's time stamp, header]
# bad_flag = -9.990e-29
*END*
[from data line 2872]
       2873     -0.422     3.3072   0.011337     0.0890     0.0434 0.0000e+00
       2874     -0.417     3.3075   0.011326     0.0889     0.0433 0.0000e+00
       2875     -0.415     3.3078   0.011307     0.0887     0.0432 0.0000e+00
       2876     -0.415     3.3080   0.011252     0.0883     0.0428 0.0000e+00
       2877     -0.414     3.3082   0.011047     0.0866     0.0415 0.0000e+00
       2878     -0.410     3.3083   0.010678     0.0836     0.0391 0.0000e+00
       2879     -0.406     3.3085   0.010395     0.0813     0.0372 0.0000e+00
       2880     -0.403     3.3087   0.010297     0.0805     0.0366 0.0000e+00
       2881     -0.402     3.3089   0.010259     0.0802     0.0363 0.0000e+00
       2882     -0.405     3.3091   0.010225     0.0799     0.0361 0.0000e+00
       2883     -0.409     3.3093   0.010190     0.0797     0.0359 0.0000e+00
       2884     -0.410     3.3095   0.010159     0.0794     0.0357 0.0000e+00
       2885     -0.410     3.3098   0.010145     0.0793     0.0356 0.0000e+00
       2886     -0.409     3.3099   0.010137     0.0792     0.0355 0.0000e+00
       2887     -0.409     3.3102   0.010124     0.0791     0.0354 0.0000e+00
       2888     -0.408     3.3104   0.010097     0.0789     0.0353 0.0000e+00
       2889     -0.404     3.3106   0.010063     0.0786     0.0350 0.0000e+00
       2890     -0.400     3.3108   0.010031     0.0784     0.0348 0.0000e+00
       2891     -0.398     3.3110   0.010000     0.0781     0.0346 0.0000e+00
       2892     -0.394     3.3113   0.009976     0.0779     0.0345 0.0000e+00
       2893     -0.392     3.3116   0.009962     0.0778     0.0344 0.0000e+00
       2894     -0.395     3.3118   0.009954     0.0777     0.0343 0.0000e+00
       2895     -0.397     3.3120   0.009941     0.0776     0.0343 0.0000e+00
       2896     -0.397     3.3122   0.009916     0.0774     0.0341 0.0000e+00
       2897     -0.398     3.3125   0.009876     0.0771     0.0338 0.0000e+00
       2898     -0.400     3.3127   0.009831     0.0767     0.0335 0.0000e+00
       2899     -0.399     3.3129   0.009795     0.0764     0.0333 0.0000e+00
       2900     -0.396     3.3131   0.009782     0.0763     0.0332 0.0000e+00
       2901     -0.392     3.3133   0.009786     0.0764     0.0333 0.0000e+00
       2902     -0.389     3.3137   0.009790     0.0764     0.0333 0.0000e+00
       2903     -0.389     3.3139   0.009770     0.0762     0.0332 0.0000e+00
       2904     -0.389     3.3141   0.009726     0.0759     0.0329 0.0000e+00
       2905     -0.387     3.3144   0.009684     0.0755     0.0326 0.0000e+00
       2906     -0.384     3.3146   0.009653     0.0753     0.0324 0.0000e+00
       2907     -0.384     3.3148   0.009635     0.0751     0.0323 0.0000e+00
       2908     -0.387     3.3151   0.009624     0.0751     0.0322 0.0000e+00
       2909     -0.387     3.3154   0.009619     0.0750     0.0322 0.0000e+00
       2910     -0.385     3.3156   0.009611     0.0750     0.0321 0.0000e+00
       2911     -0.384     3.3160   0.009588     0.0748     0.0320 0.0000e+00
       2912     -0.382     3.3163   0.009559     0.0745     0.0318 0.0000e+00
       2913     -0.381     3.3165   0.009529     0.0743     0.0316 0.0000e+00
       2914     -0.379     3.3167   0.009502     0.0741     0.0314 0.0000e+00
       2915     -0.377     3.3171   0.009477     0.0739     0.0313 0.0000e+00
       2916     -0.375     3.3175   0.009460     0.0737     0.0312 0.0000e+00
       2917     -0.374     3.3178   0.009457     0.0737     0.0311 0.0000e+00
       2918     -0.375     3.3182   0.009461     0.0737     0.0312 0.0000e+00
       2919     -0.375     3.3184   0.009451     0.0737     0.0311 0.0000e+00
       2920     -0.375     3.3188   0.009425     0.0734     0.0309 0.0000e+00
       2921     -0.375     3.3190   0.009407     0.0733     0.0308 0.0000e+00
       2922     -0.373     3.3193   0.009421     0.0734     0.0309 0.0000e+00
       2923     -0.373     3.3195   0.009438     0.0735     0.0310 0.0000e+00
       2924     -0.373     3.3197   0.009442     0.0736     0.0311 0.0000e+00
       2925     -0.370     3.3200   0.009441     0.0736     0.0311 0.0000e+00
       2926     -0.365     3.3202   0.009432     0.0735     0.0310 0.0000e+00
       2927     -0.362     3.3205   0.009413     0.0733     0.0309 0.0000e+00
       2928     -0.363     3.3207   0.009388     0.0731     0.0307 0.0000e+00
       2929     -0.365     3.3209   0.009363     0.0729     0.0306 0.0000e+00
       2930     -0.366     3.3212   0.009348     0.0728     0.0305 0.0000e+00
       2931     -0.365     3.3214   0.009347     0.0728     0.0305 0.0000e+00
       2932     -0.362     3.3216   0.009358     0.0729     0.0305 0.0000e+00
       2933     -0.359     3.3218   0.009364     0.0729     0.0306 0.0000e+00
       2934     -0.359     3.3220   0.009357     0.0729     0.0305 0.0000e+00
       2935     -0.361     3.3222   0.009340     0.0728     0.0304 0.0000e+00
       2936     -0.361     3.3225   0.009324     0.0726     0.0303 0.0000e+00
       2937     -0.360     3.3228   0.009314     0.0725     0.0303 0.0000e+00
       2938     -0.358     3.3230   0.009310     0.0725     0.0302 0.0000e+00
       2939     -0.353     3.3232   0.009305     0.0725     0.0302 0.0000e+00
       2940     -0.348     3.3235   0.009291     0.0724     0.0301 0.0000e+00
       2941     -0.347     3.3238   0.009264     0.0721     0.0299 0.0000e+00
       2942     -0.348     3.3240   0.009241     0.0719     0.0298 0.0000e+00
       2943     -0.346     3.3243   0.009244     0.0720     0.0298 0.0000e+00
       2944     -0.344     3.3245   0.009155     0.0713     0.0292 0.0000e+00
       2945     -0.347     3.3249   0.008845     0.0688     0.0272 0.0000e+00
       2946     -0.350     3.3251   0.008499     0.0660     0.0250 0.0000e+00
       2947     -0.349     3.3255   0.008335     0.0646     0.0239 0.0000e+00
       2948     -0.346     3.3258   0.008279     0.0642     0.0235 0.0000e+00
       2949     -0.344     3.3261   0.008245     0.0639     0.0233 0.0000e+00
       2950     -0.345     3.3263   0.008223     0.0637     0.0232 0.0000e+00
       2951     -0.347     3.3266   0.008200     0.0636     0.0230 0.0000e+00
       2952     -0.347     3.3270   0.008168     0.0633     0.0228 0.0000e+00
       2953     -0.347     3.3273   0.008131     0.0630     0.0226 0.0000e+00
       2954     -0.347     3.3276   0.008099     0.0627     0.0224 0.0000e+00
       2955     -0.347     3.3278   0.008077     0.0626     0.0222 0.0000e+00
       2956     -0.347     3.3280   0.008064     0.0625     0.0221 0.0000e+00
       2957     -0.346     3.3282   0.008055     0.0624     0.0221 0.0000e+00
       2958     -0.344     3.3285   0.008042     0.0623     0.0220 0.0000e+00
       2959     -0.341     3.3287   0.008017     0.0621     0.0218 0.0000e+00
       2960     -0.340     3.3291   0.007986     0.0618     0.0216 0.0000e+00
       2961     -0.341     3.3293   0.007958     0.0616     0.0215 0.0000e+00
       2962     -0.340     3.3296   0.007943     0.0615     0.0214 0.0000e+00
       2963     -0.338     3.3299   0.007939     0.0615     0.0214 0.0000e+00
       2964     -0.338     3.3302   0.007939     0.0615     0.0214 0.0000e+00
       2965     -0.336     3.3304   0.007932     0.0614     0.0213 0.0000e+00
       2966     -0.333     3.3308   0.007915     0.0613     0.0212 0.0000e+00
       2967     -0.333     3.3311   0.007892     0.0611     0.0211 0.0000e+00
       2968     -0.333     3.3314   0.007865     0.0609     0.0209 0.0000e+00
       2969     -0.331     3.3318   0.007843     0.0607     0.0207 0.0000e+00
       2970     -0.329     3.3320   0.007832     0.0606     0.0207 0.0000e+00
       2971     -0.326     3.3324   0.007833     0.0606     0.0207 0.0000e+00
       2972     -0.323     3.3330   0.007830     0.0606     0.0207 0.0000e+00
       2973     -0.321     3.3334   0.007819     0.0605     0.0206 0.0000e+00
       2974     -0.322     3.3337   0.007801     0.0603     0.0205 0.0000e+00
       2975     -0.325     3.3339   0.007777     0.0602     0.0203 0.0000e+00
       2976     -0.326     3.3341   0.007748     0.0599     0.0201 0.0000e+00
       2977     -0.326     3.3344   0.007724     0.0597     0.0200 0.0000e+00
       2978     -0.324     3.3348   0.007712     0.0596     0.0199 0.0000e+00
       2979     -0.323     3.3350   0.007708     0.0596     0.0199 0.0000e+00
       2980     -0.324     3.3354   0.007711     0.0596     0.0199 0.0000e+00
       2981     -0.324     3.3357   0.007709     0.0596     0.0199 0.0000e+00
       2982     -0.323     3.3359   0.007698     0.0595     0.0198 0.0000e+00
       2983     -0.324     3.3361   0.007677     0.0593     0.0197 0.0000e+00
       2984     -0.325     3.3365   0.007654     0.0592     0.0196 0.0000e+00
       2985     -0.325     3.3367   0.007638     0.0590     0.0195 0.0000e+00
       2986     -0.322     3.3371   0.007638     0.0590     0.0195 0.0000e+00
       2987     -0.319     3.3375   0.007642     0.0591     0.0195 0.0000e+00
       2988     -0.320     3.3379   0.007661     0.0592     0.0196 0.0000e+00
       2989     -0.322     3.3381   0.007999     0.0619     0.0218 0.0000e+00
       2990     -0.324     3.3384   0.009770     0.0762     0.0334 0.0000e+00
       2991     -0.324     3.3388   0.013548     0.1069     0.0583 0.0000e+00
       2992     -0.321     3.3392   0.017787     0.1418     0.0865 0.0000e+00
       2993     -0.318     3.3396   0.020176     0.1616     0.1025 0.0000e+00
       2994     -0.315     3.3399   0.020163     0.1615     0.1024 0.0000e+00
       2995     -0.312     3.3402   0.019290     0.1543     0.0966 0.0000e+00
       2996     -0.313     3.3404   0.018600     0.1486     0.0919 0.0000e+00
       2997     -0.316     3.3407   0.018043     0.1439     0.0882 0.0000e+00
       2998     -0.317     3.3410   0.017574     0.1401     0.0851 0.0000e+00
       2999     -0.314     3.3413   0.017164     0.1367     0.0823 0.0000e+00
       3000     -0.311     3.3415   0.016802     0.1337     0.0799 0.0000e+00
       3001     -0.309     3.3419   0.016472     0.1310     0.0777 0.0000e+00
       3002     -0.306     3.3422   0.016156     0.1284     0.0756 0.0000e+00
       3003     -0.302     3.3424   0.015833     0.1257     0.0735 0.0000e+00
       3004     -0.299     3.3427   0.015514     0.1231     0.0713 0.0000e+00
       3005     -0.298     3.3430   0.015211     0.1206     0.0693 0.0000e+00
       3006     -0.298     3.3433   0.014930     0.1183     0.0675 0.0000e+00
       3007     -0.300     3.3436   0.014678     0.1162     0.0658 0.0000e+00
       3008     -0.303     3.3440   0.014457     0.1144     0.0643 0.0000e+00
       3009     -0.305     3.3442   0.014250     0.1127     0.0629 0.0000e+00
       3010     -0.306     3.3445   0.014041     0.1110     0.0616 0.0000e+00
       3011     -0.304     3.3448   0.013841     0.1093     0.0602 0.0000e+00
       3012     -0.303     3.3451   0.013662     0.1079     0.0591 0.0000e+00
       3013     -0.306     3.3455   0.013503     0.1066     0.0580 0.0000e+00
       3014     -0.307     3.3459   0.013350     0.1053     0.0570 0.0000e+00
       3015     -0.304     3.3461   0.013200     0.1041     0.0560 0.0000e+00
       3016     -0.302     3.3464   0.013057     0.1029     0.0551 0.0000e+00
       3017     -0.302     3.3467   0.012939     0.1019     0.0543 0.0000e+00
       3018     -0.300     3.3471   0.012843     0.1012     0.0537 0.0000e+00
       3019     -0.298     3.3474   0.012740     0.1003     0.0530 0.0000e+00
       3020     -0.297     3.3478   0.012613     0.0993     0.0521 0.0000e+00
       3021     -0.296     3.3482   0.012480     0.0982     0.0513 0.0000e+00
       3022     -0.293     3.3484   0.012364     0.0972     0.0505 0.0000e+00
       3023     -0.291     3.3487   0.012274     0.0965     0.0499 0.0000e+00
       3024     -0.292     3.3491   0.012205     0.0959     0.0495 0.0000e+00
       3025     -0.292     3.3495   0.012134     0.0954     0.0490 0.0000e+00
       3026     -0.291     3.3498   0.012034     0.0945     0.0483 0.0000e+00
       3027     -0.289     3.3501   0.011919     0.0936     0.0476 0.0000e+00
       3028     -0.290     3.3504   0.011814     0.0928     0.0469 0.0000e+00
       3029     -0.293     3.3508   0.011725     0.0920     0.0463 0.0000e+00
       3030     -0.294     3.3510   0.011652     0.0914     0.0458 0.0000e+00
       3031     -0.294     3.3514   0.011600     0.0910     0.0455 0.0000e+00
       3032     -0.294     3.3517   0.011550     0.0906     0.0452 0.0000e+00
       3033     -0.294     3.3520   0.011480     0.0900     0.0447 0.0000e+00
       3034     -0.294     3.3523   0.011398     0.0894     0.0442 0.0000e+00
       3035     -0.293     3.3526   0.011330     0.0888     0.0437 0.0000e+00
       3036     -0.290     3.3529   0.011278     0.0884     0.0434 0.0000e+00
       3037     -0.287     3.3533   0.011223     0.0879     0.0430 0.0000e+00
       3038     -0.287     3.3538   0.011157     0.0874     0.0426 0.0000e+00
       3039     -0.290     3.3544   0.011090     0.0869     0.0422 0.0000e+00
       3040     -0.292     3.3552   0.011037     0.0864     0.0418 0.0000e+00
       3041     -0.291     3.3557   0.010996     0.0861     0.0416 0.0000e+00
       3042     -0.289     3.3560   0.010955     0.0858     0.0413 0.0000e+00
       3043     -0.288     3.3563   0.010908     0.0854     0.0410 0.0000e+00
       3044     -0.285     3.3565   0.010852     0.0849     0.0406 0.0000e+00
       3045     -0.283     3.3569   0.010790     0.0844     0.0402 0.0000e+00
       3046     -0.282     3.3571   0.010727     0.0839     0.0398 0.0000e+00
       3047     -0.280     3.3574   0.010676     0.0835     0.0395 0.0000e+00
       3048     -0.277     3.3577   0.010638     0.0832     0.0392 0.0000e+00
       3049     -0.277     3.3581   0.010607     0.0829     0.0390 0.0000e+00
       3050     -0.280     3.3583   0.010578     0.0827     0.0388 0.0000e+00
       3051     -0.282     3.3586   0.010538     0.0824     0.0386 0.0000e+00
       3052     -0.283     3.3588   0.010486     0.0819     0.0382 0.0000e+00
       3053     -0.283     3.3592   0.010434     0.0815     0.0379 0.0000e+00
       3054     -0.282     3.3594   0.010390     0.0812     0.0376 0.0000e+00
       3055     -0.279     3.3596   0.010355     0.0809     0.0374 0.0000e+00
       3056     -0.275     3.3598   0.010327     0.0807     0.0372 0.0000e+00
       3057     -0.276     3.3601   0.010305     0.0805     0.0371 0.0000e+00
       3058     -0.278     3.3603   0.010278     0.0803     0.0369 0.0000e+00
       3059     -0.277     3.3606   0.010241     0.0800     0.0366 0.0000e+00
       3060     -0.276     3.3609   0.010198     0.0796     0.0364 0.0000e+00
       3061     -0.276     3.3613   0.010155     0.0793     0.0361 0.0000e+00
       3062     -0.276     3.3617   0.010120     0.0790     0.0359 0.0000e+00
       3063     -0.273     3.3619   0.010098     0.0788     0.0357 0.0000e+00
       3064     -0.270     3.3621   0.010078     0.0786     0.0356 0.0000e+00
       3065     -0.268     3.3624   0.010054     0.0784     0.0354 0.0000e+00
       3066     -0.269     3.3626   0.010024     0.0782     0.0352 0.0000e+00
       3067     -0.272     3.3629   0.009990     0.0779     0.0350 0.0000e+00
       3068     -0.275     3.3632   0.009956     0.0777     0.0348 0.0000e+00
       3069     -0.277     3.3635   0.009925     0.0774     0.0346 0.0000e+00
       3070     -0.275     3.3638   0.009899     0.0772     0.0344 0.0000e+00
       3071     -0.271     3.3642   0.009876     0.0770     0.0343 0.0000e+00
       3072     -0.270     3.3644   0.009852     0.0768     0.0341 0.0000e+00
       3073     -0.273     3.3647   0.009825     0.0766     0.0339 0.0000e+00
       3074     -0.273     3.3649   0.009799     0.0764     0.0338 0.0000e+00
       3075     -0.269     3.3653   0.009774     0.0762     0.0336 0.0000e+00
       3076     -0.269     3.3655   0.009746     0.0759     0.0334 0.0000e+00
