Datasets/Test_Dataset_39219_tow/tel219_2021_072.cnv
* Sea-Bird SBE19plus Data File:
* Filename = C:/AQUIRE/tel219_2021_072.hex
* Software Version AquireV2 AF V2.0
* Temperature SN =  4020
* Conductivity SN =  4020
* System UpLoad Time = May 15 2021 15:54:47
** VESSEL/TRIP/SEQ STN: tel219_2021_072
** LATITUDE: 45 44.10 N
** LONGITUDE: 55 25.73 W
** DATE/TIME: 2021-05-15 15:14
** SOUNDING DEPTH (M): 0081
** PROBE TYPE: S4020
** CTD NUMBER:  72
** FORMAT: T
** COMMENTS: 
# nquan = 7                                 
# nvalues = 2494                        
# units = specified
# name 0 = scan: Scan Count
# name 1 = prdM: Pressure, Strain Gauge [db]
# name 2 = tv290C: Temperature [ITS-90, deg C]
# name 3 = c0S/m: Conductivity [S/m]
# name 4 = sal00: Salinity, Practical [PSU]
# name 5 = sigma-t00: Density [sigma-t, kg/m^3 ]
# name 6 = flag: flag
# span 0 =          1,       2494       
# span 1 =     -0.119,     77.423       
# span 2 =     1.2514,     7.4402       
# span 3 =   0.017245,   3.081921       
# span 4 =     0.1330,    32.7623       
# span 5 =    -0.0099,    26.0035       
# span 6 = 0.0000e+00, 0.0000e+00       
# interval = seconds: 1
# start_time = May 15 2021 15:14:44 [Instrument's time stamp, header]
# bad_flag = -9.990e-29
*END*
[from data line 411]
        412      0.036     7.4396   0.019300     0.1379    -0.0077 0.0000e+00
        413      0.034     7.4400   0.019315     0.1380    -0.0076 0.0000e+00
        414      0.032     7.4402   0.019336     0.1382    -0.0075 0.0000e+00
        415      0.032     7.4399   0.019356     0.1383    -0.0074 0.0000e+00
        416      0.031     7.4394   0.019367     0.1384    -0.0073 0.0000e+00
        417      0.029     7.4390   0.019367     0.1384    -0.0073 0.0000e+00
        418      0.028     7.4386   0.019366     0.1384    -0.0073 0.0000e+00
        419      0.030     7.4383   0.019376     0.1385    -0.0072 0.0000e+00
        420      0.033     7.4383   0.019394     0.1386    -0.0071 0.0000e+00
        421      0.034     7.4382   0.019411     0.1387    -0.0070 0.0000e+00
        422      0.033     7.4379   0.019420     0.1388    -0.0069 0.0000e+00
        423      0.032     7.4375   0.019427     0.1388    -0.0069 0.0000e+00
        424      0.031     7.4373   0.019435     0.1389    -0.0068 0.0000e+00
        425      0.029     7.4370   0.019443     0.1389    -0.0067 0.0000e+00
        426      0.026     7.4368   0.019453     0.1390    -0.0067 0.0000e+00
        427      0.024     7.4367   0.019465     0.1391    -0.0066 0.0000e+00
        428      0.027     7.4367   0.019478     0.1392    -0.0065 0.0000e+00
        429      0.032     7.4360   0.019554     0.1398    -0.0060 0.0000e+00
        430      0.030     7.4345   0.019956     0.1427    -0.0036 0.0000e+00
        431      0.026     7.4330   0.020981     0.1502     0.0025 0.0000e+00
        432      0.030     7.4323   0.022703     0.1629     0.0126 0.0000e+00
        433      0.033     7.4323   0.024260     0.1744     0.0217 0.0000e+00
        434      0.030     7.4321   0.025606     0.1844     0.0297 0.0000e+00
        435      0.025     7.4312   0.034827     0.2533     0.0844 0.0000e+00
        436      0.023     7.4299   0.060051     0.4456     0.2372 0.0000e+00
        437      0.024     7.4284   0.087286     0.6581     0.4057 0.0000e+00
        438      0.028     7.4268   0.099315     0.7532     0.4812 0.0000e+00
        439      0.038     7.3032   0.129785     1.0003     0.6836 0.0000e+00
        440      0.065     6.7368   0.487713     4.1250     3.1819 0.0000e+00
        441      0.124     5.7610   1.210119    11.2637     8.8634 0.0000e+00
        442      0.207     4.9870   2.018701    20.0911    15.8800 0.0000e+00
        443      0.289     4.6753   2.758130    28.5507    22.5983 0.0000e+00
        444      0.364     4.5328   3.081921    32.4108    25.6730 0.0000e+00
        445      0.437     4.3983   3.077476    32.4913    25.7508 0.0000e+00
        446      0.492     4.2623   3.062240    32.4472    25.7297 0.0000e+00
        447      0.505     4.1029   3.037663    32.3158    25.6413 0.0000e+00
        448      0.481     3.9645   3.022647    32.2754    25.6227 0.0000e+00
        449      0.460     3.9166   3.033064    32.4459    25.7629 0.0000e+00
        450      0.465     3.9578   3.055949    32.6755    25.9415 0.0000e+00
        451      0.493     4.0290   3.069327    32.7623    26.0035 0.0000e+00
        452      0.529     4.0824   3.067685    32.6896    25.9404 0.0000e+00
        453      0.544     4.0755   3.049243    32.4792    25.7738 0.0000e+00
        454      0.519     4.0221   3.019634    32.1831    25.5438 0.0000e+00
        455      0.485     4.0275   3.008204    32.0432    25.4321 0.0000e+00
        456      0.484     4.1305   3.023638    32.1239    25.4861 0.0000e+00
        457      0.517     4.2302   3.038555    32.2012    25.5376 0.0000e+00
        458      0.556     4.2586   3.045135    32.2504    25.5738 0.0000e+00
        459      0.600     4.2599   3.045408    32.2523    25.5752 0.0000e+00
        460      0.686     4.2656   3.036668    32.1444    25.4889 0.0000e+00
        461      0.814     4.2569   3.033145    32.1116    25.4637 0.0000e+00
        462      0.926     4.2146   3.037983    32.2096    25.5458 0.0000e+00
        463      0.991     4.1567   3.039423    32.2833    25.6101 0.0000e+00
        464      1.029     4.1399   3.038724    32.2916    25.6184 0.0000e+00
        465      1.046     4.1486   3.037594    32.2697    25.6002 0.0000e+00
        466      1.012     4.0960   3.029441    32.2257    25.5703 0.0000e+00
        467      0.920     3.9929   3.014317    32.1489    25.5194 0.0000e+00
        468      0.806     3.9227   3.002780    32.0818    25.4728 0.0000e+00
        469      0.703     3.8985   3.000158    32.0747    25.4695 0.0000e+00
        470      0.629     3.8906   3.001164    32.0943    25.4859 0.0000e+00
        471      0.608     3.8964   3.003426    32.1154    25.5021 0.0000e+00
        472      0.639     3.9151   3.006797    32.1368    25.5173 0.0000e+00
        473      0.675     3.9244   3.008049    32.1424    25.5209 0.0000e+00
        474      0.682     3.9206   3.007237    32.1366    25.5166 0.0000e+00
        475      0.690     3.9329   3.007734    32.1304    25.5105 0.0000e+00
        476      0.750     3.9675   3.009058    32.1120    25.4925 0.0000e+00
        477      0.846     3.9938   3.010771    32.1063    25.4855 0.0000e+00
        478      0.907     3.9890   3.012050    32.1261    25.5016 0.0000e+00
        479      0.901     3.9653   3.010133    32.1267    25.5044 0.0000e+00
        480      0.865     3.9547   3.008249    32.1149    25.4961 0.0000e+00
        481      0.849     3.9686   3.009794    32.1195    25.4984 0.0000e+00
        482      0.879     3.9899   3.012399    32.1293    25.5041 0.0000e+00
        483      0.937     3.9983   3.014092    32.1410    25.5126 0.0000e+00
        484      0.970     3.9856   3.013085    32.1416    25.5143 0.0000e+00
        485      0.956     3.9670   3.010058    32.1241    25.5022 0.0000e+00
        486      0.937     3.9662   3.009800    32.1219    25.5005 0.0000e+00
        487      0.959     3.9820   3.011572    32.1273    25.5033 0.0000e+00
        488      1.034     3.9867   3.010517    32.1102    25.4892 0.0000e+00
        489      1.141     3.9668   3.006692    32.0846    25.4708 0.0000e+00
        490      1.223     3.9447   3.003552    32.0691    25.4606 0.0000e+00
        491      1.223     3.9434   3.003593    32.0709    25.4622 0.0000e+00
        492      1.150     3.9547   3.005245    32.0793    25.4678 0.0000e+00
        493      1.063     3.9629   3.006025    32.0805    25.4680 0.0000e+00
        494      1.000     3.9692   3.006545    32.0805    25.4673 0.0000e+00
        495      0.936     3.9768   3.007236    32.0813    25.4672 0.0000e+00
        496      0.855     3.9828   3.007394    32.0773    25.4634 0.0000e+00
        497      0.787     3.9844   3.007256    32.0741    25.4608 0.0000e+00
        498      0.743     3.9683   3.007271    32.0901    25.4750 0.0000e+00
        499      0.700     3.9279   3.005963    32.1144    25.4982 0.0000e+00
        500      0.661     3.8939   3.004179    32.1267    25.5113 0.0000e+00
        501      0.656     3.8989   3.004411    32.1245    25.5091 0.0000e+00
        502      0.697     3.9222   3.005330    32.1125    25.4973 0.0000e+00
        503      0.762     3.9229   3.005017    32.1081    25.4937 0.0000e+00
        504      0.823     3.9016   3.002975    32.1048    25.4932 0.0000e+00
        505      0.882     3.8872   3.001297    32.0991    25.4900 0.0000e+00
        506      0.961     3.8923   3.002108    32.1037    25.4931 0.0000e+00
        507      1.088     3.9063   3.003027    32.1007    25.4894 0.0000e+00
        508      1.270     3.9107   3.002730    32.0928    25.4827 0.0000e+00
        509      1.474     3.8863   3.000566    32.0911    25.4837 0.0000e+00
        510      1.679     3.8279   2.994586    32.0776    25.4785 0.0000e+00
        511      1.898     3.7680   2.988653    32.0661    25.4750 0.0000e+00
        512      2.130     3.7443   2.987349    32.0738    25.4834 0.0000e+00
        513      2.332     3.7491   2.988700    32.0850    25.4919 0.0000e+00
        514      2.447     3.7535   2.989773    32.0934    25.4981 0.0000e+00
        515      2.471     3.7504   2.990202    32.1015    25.5049 0.0000e+00
        516      2.446     3.7515   2.990218    32.1006    25.5041 0.0000e+00
        517      2.428     3.7609   2.990292    32.0922    25.4965 0.0000e+00
        518      2.470     3.7733   2.990823    32.0863    25.4906 0.0000e+00
        519      2.593     3.7723   2.990641    32.0851    25.4897 0.0000e+00
        520      2.743     3.7325   2.986542    32.0756    25.4859 0.0000e+00
        521      2.827     3.6747   2.980343    32.0588    25.4780 0.0000e+00
        522      2.822     3.6562   2.979430    32.0662    25.4855 0.0000e+00
        523      2.764     3.6826   2.983049    32.0832    25.4966 0.0000e+00
        524      2.677     3.7050   2.985107    32.0856    25.4965 0.0000e+00
        525      2.563     3.6872   2.983105    32.0794    25.4932 0.0000e+00
        526      2.415     3.6406   2.978649    32.0725    25.4920 0.0000e+00
        527      2.242     3.6050   2.975909    32.0751    25.4973 0.0000e+00
        528      2.088     3.6084   2.976666    32.0808    25.5016 0.0000e+00
        529      1.998     3.6471   2.980084    32.0833    25.5001 0.0000e+00
        530      1.957     3.6871   2.983592    32.0856    25.4982 0.0000e+00
        531      1.899     3.6933   2.983634    32.0801    25.4931 0.0000e+00
        532      1.794     3.6715   2.981019    32.0705    25.4876 0.0000e+00
        533      1.682     3.6565   2.979796    32.0708    25.4892 0.0000e+00
        534      1.601     3.6614   2.980775    32.0777    25.4942 0.0000e+00
        535      1.548     3.6694   2.981612    32.0798    25.4951 0.0000e+00
        536      1.490     3.6696   2.981143    32.0740    25.4905 0.0000e+00
        537      1.397     3.6714   2.981095    32.0717    25.4886 0.0000e+00
        538      1.284     3.6852   2.982373    32.0734    25.4886 0.0000e+00
        539      1.206     3.7096   2.984608    32.0759    25.4883 0.0000e+00
        540      1.162     3.7333   2.986915    32.0800    25.4894 0.0000e+00
        541      1.102     3.7424   2.987515    32.0782    25.4871 0.0000e+00
        542      1.032     3.7295   2.985924    32.0721    25.4834 0.0000e+00
        543      0.987     3.6958   2.983061    32.0713    25.4859 0.0000e+00
        544      0.933     3.6532   2.979436    32.0702    25.4890 0.0000e+00
        545      0.817     3.6260   2.976974    32.0678    25.4896 0.0000e+00
        546      0.705     3.6290   2.977921    32.0761    25.4960 0.0000e+00
        547      0.690     3.6521   2.980280    32.0814    25.4981 0.0000e+00
        548      0.742     3.6826   2.982744    32.0806    25.4946 0.0000e+00
        549      0.764     3.7072   2.984815    32.0810    25.4926 0.0000e+00
        550      0.702     3.7110   2.984847    32.0777    25.4896 0.0000e+00
        551      0.576     3.6959   2.983506    32.0767    25.4902 0.0000e+00
        552      0.461     3.6744   2.981598    32.0752    25.4911 0.0000e+00
        553      0.416     3.6586   2.980261    32.0749    25.4923 0.0000e+00
        554      0.449     3.6572   2.980329    32.0771    25.4942 0.0000e+00
        555      0.501     3.6651   2.981140    32.0789    25.4949 0.0000e+00
        556      0.473     3.6617   2.980594    32.0758    25.4927 0.0000e+00
        557      0.342     3.6454   2.978685    32.0692    25.4890 0.0000e+00
        558      0.208     3.6409   2.978721    32.0742    25.4933 0.0000e+00
        559      0.157     3.6576   2.980621    32.0803    25.4967 0.0000e+00
        560      0.163     3.6847   2.982898    32.0807    25.4944 0.0000e+00
        561      0.171     3.7069   2.984719    32.0805    25.4922 0.0000e+00
        562      0.166     3.7188   2.985302    32.0757    25.4873 0.0000e+00
        563      0.133     3.7374   2.986758    32.0746    25.4847 0.0000e+00
        564      0.068     3.7645   2.989690    32.0828    25.4886 0.0000e+00
        565      0.007     3.7676   2.989729    32.0802    25.4863 0.0000e+00
        566     -0.029     3.7421   2.986748    32.0700    25.4806 0.0000e+00
        567     -0.061     3.7188   2.984894    32.0709    25.4835 0.0000e+00
        568     -0.095     3.7089   2.984400    32.0748    25.4875 0.0000e+00
        569     -0.117     3.7054   2.984396    32.0782    25.4906 0.0000e+00
        570     -0.119     3.7046   2.984466    32.0799    25.4919 0.0000e+00
        571     -0.116     3.7061   2.984351    32.0770    25.4895 0.0000e+00
        572     -0.110     3.7120   2.984637    32.0746    25.4871 0.0000e+00
        573     -0.070     3.7196   2.985107    32.0727    25.4848 0.0000e+00
        574      0.017     3.7231   2.985356    32.0721    25.4841 0.0000e+00
        575      0.145     3.7219   2.985499    32.0750    25.4864 0.0000e+00
        576      0.286     3.7230   2.985645    32.0755    25.4868 0.0000e+00
        577      0.391     3.7347   2.986530    32.0745    25.4848 0.0000e+00
        578      0.478     3.7502   2.987994    32.0765    25.4850 0.0000e+00
        579      0.618     3.7564   2.988325    32.0743    25.4826 0.0000e+00
        580      0.799     3.7580   2.988345    32.0729    25.4814 0.0000e+00
        581      0.926     3.7569   2.988572    32.0766    25.4844 0.0000e+00
        582      0.942     3.7447   2.987555    32.0765    25.4855 0.0000e+00
        583      0.892     3.7270   2.986474    32.0811    25.4908 0.0000e+00
        584      0.872     3.7113   2.985726    32.0877    25.4976 0.0000e+00
        585      0.942     3.6993   2.984471    32.0846    25.4962 0.0000e+00
        586      1.069     3.6931   2.983688    32.0813    25.4942 0.0000e+00
        587      1.214     3.6920   2.983593    32.0812    25.4942 0.0000e+00
        588      1.394     3.6909   2.983405    32.0800    25.4933 0.0000e+00
        589      1.582     3.6841   2.982796    32.0793    25.4934 0.0000e+00
        590      1.726     3.6690   2.981540    32.0792    25.4947 0.0000e+00
        591      1.816     3.6475   2.979725    32.0788    25.4964 0.0000e+00
        592      1.841     3.6246   2.977754    32.0779    25.4978 0.0000e+00
        593      1.836     3.6062   2.976087    32.0762    25.4981 0.0000e+00
        594      1.871     3.5982   2.975353    32.0753    25.4982 0.0000e+00
        595      1.950     3.6049   2.975999    32.0764    25.4984 0.0000e+00
        596      2.033     3.6238   2.977815    32.0793    25.4990 0.0000e+00
        597      2.056     3.6464   2.979819    32.0809    25.4981 0.0000e+00
        598      2.014     3.6571   2.980774    32.0817    25.4978 0.0000e+00
        599      1.972     3.6468   2.979580    32.0777    25.4956 0.0000e+00
        600      1.941     3.6332   2.977940    32.0716    25.4920 0.0000e+00
        601      1.913     3.6365   2.978287    32.0725    25.4924 0.0000e+00
        602      1.874     3.6530   2.979355    32.0689    25.4880 0.0000e+00
        603      1.806     3.6704   2.979942    32.0588    25.4784 0.0000e+00
        604      1.767     3.6800   2.981247    32.0649    25.4823 0.0000e+00
        605      1.852     3.6822   2.982937    32.0827    25.4963 0.0000e+00
        606      2.062     3.6784   2.982727    32.0839    25.4976 0.0000e+00
        607      2.300     3.6650   2.981040    32.0769    25.4933 0.0000e+00
        608      2.483     3.6437   2.979259    32.0766    25.4950 0.0000e+00
        609      2.660     3.6220   2.977454    32.0765    25.4969 0.0000e+00
        610      2.916     3.6120   2.976740    32.0777    25.4988 0.0000e+00
        611      3.225     3.6128   2.977256    32.0829    25.5029 0.0000e+00
        612      3.547     3.6085   2.977259    32.0870    25.5065 0.0000e+00
        613      3.885     3.5930   2.976080    32.0881    25.5088 0.0000e+00
        614      4.250     3.5728   2.974143    32.0848    25.5080 0.0000e+00
        615      4.655     3.5570   2.972422    32.0796    25.5054 0.0000e+00
