Datasets/Test_Dataset_39219_tow/tel219_2021_052.cnv
* Sea-Bird SBE19plus Data File:
* Filename = C:/AQUIRE/tel219_2021_052.hex
* Software Version AquireV2 AF V2.0
* Temperature SN =  4020
* Conductivity SN =  4020
* System UpLoad Time = May 13 2021 14:11:46
** VESSEL/TRIP/SEQ STN: tel219_2021_052
** LATITUDE: 44 59.32 N
** LONGITUDE: 55 18.07 W
** DATE/TIME: 2021-05-13 13:11
** SOUNDING DEPTH (M): 0339
** PROBE TYPE: S4020
** CTD NUMBER:  52
** FORMAT: T
** COMMENTS: UNSUCCESSFUL
# nquan = 7                                 
# nvalues = 2602                        
# units = specified
# name 0 = scan: Scan Count
# name 1 = prdM: Pressure, Strain Gauge [db]
# name 2 = tv290C: Temperature [ITS-90, deg C]
# name 3 = c0S/m: Conductivity [S/m]
# name 4 = sal00: Salinity, Practical [PSU]
# name 5 = sigma-t00: Density [sigma-t, kg/m^3 ]
# name 6 = flag: flag
# span 0 =          1,       2602       
# span 1 =     -0.808,    334.101       
# span 2 =     0.5999,     9.3154       
# span 3 =   0.005901,   3.759207       
# span 4 =     0.0435,    35.2934       
# span 5 =    -0.0037,    27.3986       
# span 6 = 0.0000e+00, 0.0000e+00       
# interval = seconds: 1
# start_time = May 13 2021 13:11:22 [Instrument's time stamp, header]
# bad_flag = -9.990e-29
*END*
[from data line 2052]
       2053     -0.499     4.1238   3.048181    32.4194    25.7215 0.0000e+00
       2054     -0.548     4.1228   3.042897    32.3583    25.6731 0.0000e+00
       2055     -0.613     4.1227   2.955770    31.3362    24.8610 0.0000e+00
       2056     -0.640     4.1241   2.372782    24.6086    19.5216 0.0000e+00
       2057     -0.644     4.1263   1.444067    14.3258    11.3724 0.0000e+00
       2058     -0.673     4.1286   1.361892    13.4438    10.6734 0.0000e+00
       2059     -0.703     4.1304   2.001195    20.4235    16.2038 0.0000e+00
       2060     -0.717     4.1315   2.353859    24.3882    19.3463 0.0000e+00
       2061     -0.727     4.1319   2.407990    25.0032    19.8340 0.0000e+00
       2062     -0.721     4.1320   2.090765    21.4223    16.9952 0.0000e+00
       2063     -0.708     4.1324   1.875895    19.0323    15.1012 0.0000e+00
       2064     -0.707     4.1326   2.086152    21.3703    16.9539 0.0000e+00
       2065     -0.697     4.1317   1.997730    20.3841    16.1725 0.0000e+00
       2066     -0.669     4.1304   2.075194    21.2492    16.8581 0.0000e+00
       2067     -0.632     4.1296   2.675071    28.0668    22.2645 0.0000e+00
       2068     -0.570     4.1284   3.015314    32.0287    25.4107 0.0000e+00
       2069     -0.498     4.1257   3.035266    32.2657    25.5992 0.0000e+00
       2070     -0.490     4.1222   3.037030    32.2899    25.6188 0.0000e+00
       2071     -0.538     4.1201   3.038056    32.3040    25.6302 0.0000e+00
       2072     -0.559     4.1213   3.037639    32.2980    25.6253 0.0000e+00
       2073     -0.555     4.1250   3.038540    32.3049    25.6304 0.0000e+00
       2074     -0.556     4.1287   3.042028    32.3423    25.6598 0.0000e+00
       2075     -0.555     4.1312   3.044353    32.3671    25.6793 0.0000e+00
       2076     -0.542     4.1329   3.045389    32.3776    25.6874 0.0000e+00
       2077     -0.527     4.1342   3.043256    32.3513    25.6664 0.0000e+00
       2078     -0.529     4.1348   3.024775    32.1336    25.4933 0.0000e+00
       2079     -0.526     4.1338   3.005904    31.9130    25.3182 0.0000e+00
       2080     -0.499     4.1317   3.015087    32.0228    25.4056 0.0000e+00
       2081     -0.481     4.1288   3.032626    32.2316    25.5718 0.0000e+00
       2082     -0.491     4.1263   3.038901    32.3078    25.6326 0.0000e+00
       2083     -0.498     4.1249   3.038393    32.3033    25.6291 0.0000e+00
       2084     -0.477     4.1251   3.038847    32.3084    25.6332 0.0000e+00
       2085     -0.456     4.1271   3.043863    32.3654    25.6783 0.0000e+00
       2086     -0.453     4.1288   3.047518    32.4067    25.7109 0.0000e+00
       2087     -0.463     4.1287   3.048126    32.4139    25.7167 0.0000e+00
       2088     -0.488     4.1282   3.048125    32.4144    25.7171 0.0000e+00
       2089     -0.519     4.1296   3.048248    32.4145    25.7170 0.0000e+00
       2090     -0.541     4.1321   3.048317    32.4128    25.7155 0.0000e+00
       2091     -0.577     4.1335   3.004537    31.8973    25.3057 0.0000e+00
       2092     -0.650     4.1332   2.498239    26.0320    20.6498 0.0000e+00
       2093     -0.724     4.1321   1.398938    13.8388    10.9863 0.0000e+00
       2094     -0.768     4.1315   0.516378     4.7384     3.7633 0.0000e+00
       2095     -0.787     4.1312   0.231568     2.0211     1.5962 0.0000e+00
       2096     -0.795     4.1311   0.174889     1.5030     1.1817 0.0000e+00
       2097     -0.802     4.1308   0.145304     1.2367     0.9685 0.0000e+00
       2098     -0.808     4.1304   0.123200     1.0399     0.8108 0.0000e+00
       2099     -0.808     4.1301   0.106101     0.8891     0.6899 0.0000e+00
       2100     -0.805     4.1297   0.094600     0.7885     0.6091 0.0000e+00
       2101     -0.802     4.1295   0.089000     0.7397     0.5700 0.0000e+00
       2102     -0.799     4.1291   0.087513     0.7268     0.5596 0.0000e+00
       2103     -0.793     4.1288   0.085386     0.7083     0.5448 0.0000e+00
       2104     -0.787     4.1284   0.086120     0.7147     0.5499 0.0000e+00
       2105     -0.784     4.1281   0.093098     0.7754     0.5986 0.0000e+00
       2106     -0.784     4.1277   0.095373     0.7953     0.6146 0.0000e+00
       2107     -0.784     4.1274   0.087947     0.7306     0.5627 0.0000e+00
       2108     -0.786     4.1272   0.080179     0.6633     0.5086 0.0000e+00
       2109     -0.787     4.1268   0.075878     0.6262     0.4788 0.0000e+00
       2110     -0.785     4.1266   0.073207     0.6032     0.4604 0.0000e+00
       2111     -0.779     4.1265   0.072272     0.5951     0.4539 0.0000e+00
       2112     -0.773     4.1265   0.073119     0.6024     0.4598 0.0000e+00
       2113     -0.769     4.1265   0.074210     0.6118     0.4673 0.0000e+00
       2114     -0.768     4.1267   0.073719     0.6076     0.4639 0.0000e+00
       2115     -0.767     4.1272   0.071974     0.5926     0.4518 0.0000e+00
       2116     -0.765     4.1277   0.070302     0.5782     0.4403 0.0000e+00
       2117     -0.763     4.1280   0.069528     0.5716     0.4349 0.0000e+00
       2118     -0.762     4.1281   0.069741     0.5734     0.4364 0.0000e+00
       2119     -0.761     4.1281   0.070390     0.5789     0.4409 0.0000e+00
       2120     -0.759     4.1281   0.070408     0.5791     0.4410 0.0000e+00
       2121     -0.755     4.1280   0.068971     0.5668     0.4311 0.0000e+00
       2122     -0.754     4.1279   0.067484     0.5540     0.4209 0.0000e+00
       2123     -0.754     4.1277   0.067509     0.5543     0.4210 0.0000e+00
       2124     -0.752     4.1277   0.068351     0.5615     0.4268 0.0000e+00
       2125     -0.749     4.1279   0.069392     0.5704     0.4340 0.0000e+00
       2126     -0.747     4.1281   0.069979     0.5754     0.4381 0.0000e+00
       2127     -0.745     4.1281   0.069245     0.5691     0.4330 0.0000e+00
       2128     -0.744     4.1281   0.068930     0.5664     0.4308 0.0000e+00
       2129     -0.743     4.1281   0.070649     0.5812     0.4427 0.0000e+00
       2130     -0.740     4.1282   0.072295     0.5953     0.4540 0.0000e+00
       2131     -0.738     4.1282   0.071968     0.5925     0.4518 0.0000e+00
       2132     -0.737     4.1282   0.070404     0.5791     0.4410 0.0000e+00
       2133     -0.736     4.1284   0.068736     0.5648     0.4295 0.0000e+00
       2134     -0.730     4.1290   0.067888     0.5575     0.4236 0.0000e+00
       2135     -0.723     4.1303   0.068079     0.5591     0.4249 0.0000e+00
       2136     -0.719     4.1319   0.068410     0.5619     0.4272 0.0000e+00
       2137     -0.719     4.1335   0.067602     0.5549     0.4216 0.0000e+00
       2138     -0.722     4.1351   0.065493     0.5369     0.4071 0.0000e+00
       2139     -0.721     4.1365   0.063340     0.5185     0.3922 0.0000e+00
       2140     -0.715     4.1382   0.061798     0.5053     0.3817 0.0000e+00
       2141     -0.710     4.1401   0.060456     0.4938     0.3724 0.0000e+00
       2142     -0.709     4.1414   0.058964     0.4811     0.3622 0.0000e+00
       2143     -0.709     4.1416   0.057429     0.4681     0.3517 0.0000e+00
       2144     -0.706     4.1414   0.056276     0.4583     0.3439 0.0000e+00
       2145     -0.702     4.1418   0.055642     0.4529     0.3395 0.0000e+00
       2146     -0.700     4.1429   0.054973     0.4472     0.3350 0.0000e+00
       2147     -0.699     4.1438   0.054133     0.4401     0.3292 0.0000e+00
       2148     -0.698     4.1439   0.053895     0.4381     0.3276 0.0000e+00
       2149     -0.694     4.1434   0.054707     0.4449     0.3331 0.0000e+00
       2150     -0.690     4.1428   0.055537     0.4520     0.3388 0.0000e+00
       2151     -0.688     4.1425   0.054861     0.4463     0.3342 0.0000e+00
       2152     -0.688     4.1422   0.053469     0.4345     0.3247 0.0000e+00
       2153     -0.688     4.1422   0.053690     0.4363     0.3262 0.0000e+00
       2154     -0.683     4.1424   0.055786     0.4541     0.3405 0.0000e+00
       2155     -0.677     4.1424   0.058520     0.4773     0.3592 0.0000e+00
       2156     -0.676     4.1428   0.060986     0.4983     0.3760 0.0000e+00
       2157     -0.677     4.1441   0.061572     0.5033     0.3800 0.0000e+00
       2158     -0.678     4.1456   0.059894     0.4890     0.3685 0.0000e+00
       2159     -0.679     4.1463   0.058777     0.4794     0.3609 0.0000e+00
       2160     -0.676     4.1467   0.059794     0.4881     0.3678 0.0000e+00
       2161     -0.670     4.1482   0.061367     0.5015     0.3785 0.0000e+00
       2162     -0.665     4.1502   0.062478     0.5109     0.3861 0.0000e+00
       2163     -0.663     4.1515   0.062942     0.5148     0.3893 0.0000e+00
       2164     -0.663     4.1515   0.062242     0.5089     0.3845 0.0000e+00
       2165     -0.664     4.1511   0.060728     0.4960     0.3741 0.0000e+00
       2166     -0.663     4.1513   0.059031     0.4815     0.3625 0.0000e+00
       2167     -0.658     4.1524   0.057421     0.4678     0.3515 0.0000e+00
       2168     -0.652     4.1541   0.056433     0.4594     0.3447 0.0000e+00
       2169     -0.648     4.1562   0.056517     0.4601     0.3453 0.0000e+00
       2170     -0.645     4.1577   0.057129     0.4653     0.3494 0.0000e+00
       2171     -0.644     4.1580   0.056983     0.4640     0.3484 0.0000e+00
       2172     -0.647     4.1576   0.055717     0.4533     0.3398 0.0000e+00
       2173     -0.649     4.1577   0.054154     0.4401     0.3292 0.0000e+00
       2174     -0.647     4.1588   0.052909     0.4295     0.3207 0.0000e+00
       2175     -0.641     4.1602   0.051977     0.4216     0.3143 0.0000e+00
       2176     -0.637     4.1610   0.051355     0.4164     0.3101 0.0000e+00
       2177     -0.635     4.1608   0.051220     0.4152     0.3092 0.0000e+00
       2178     -0.630     4.1602   0.051569     0.4182     0.3116 0.0000e+00
       2179     -0.627     4.1598   0.052004     0.4219     0.3145 0.0000e+00
       2180     -0.627     4.1599   0.052139     0.4230     0.3154 0.0000e+00
       2181     -0.628     4.1612   0.051623     0.4186     0.3119 0.0000e+00
       2182     -0.629     4.1635   0.050238     0.4069     0.3025 0.0000e+00
       2183     -0.624     4.1654   0.048745     0.3943     0.2923 0.0000e+00
       2184     -0.618     4.1664   0.048278     0.3904     0.2892 0.0000e+00
       2185     -0.617     4.1666   0.049217     0.3983     0.2955 0.0000e+00
       2186     -0.617     4.1662   0.050692     0.4107     0.3055 0.0000e+00
       2187     -0.614     4.1662   0.050921     0.4126     0.3071 0.0000e+00
       2188     -0.609     4.1678   0.049453     0.4002     0.2971 0.0000e+00
       2189     -0.607     4.1706   0.047899     0.3871     0.2865 0.0000e+00
       2190     -0.605     4.1730   0.047709     0.3855     0.2852 0.0000e+00
       2191     -0.603     4.1745   0.048658     0.3935     0.2916 0.0000e+00
       2192     -0.600     4.1760   0.049219     0.3982     0.2954 0.0000e+00
       2193     -0.599     4.1778   0.048324     0.3906     0.2893 0.0000e+00
       2194     -0.599     4.1791   0.046581     0.3760     0.2775 0.0000e+00
       2195     -0.601     4.1800   0.045272     0.3650     0.2687 0.0000e+00
       2196     -0.600     4.1814   0.045045     0.3631     0.2671 0.0000e+00
       2197     -0.597     4.1838   0.045670     0.3683     0.2713 0.0000e+00
       2198     -0.594     4.1866   0.046195     0.3726     0.2748 0.0000e+00
       2199     -0.590     4.1889   0.045705     0.3685     0.2715 0.0000e+00
       2200     -0.587     4.1898   0.044277     0.3565     0.2618 0.0000e+00
       2201     -0.586     4.1898   0.042906     0.3451     0.2526 0.0000e+00
       2202     -0.584     4.1901   0.042558     0.3421     0.2503 0.0000e+00
       2203     -0.580     4.1913   0.043389     0.3491     0.2558 0.0000e+00
       2204     -0.578     4.1937   0.044717     0.3602     0.2648 0.0000e+00
       2205     -0.577     4.1960   0.045392     0.3658     0.2693 0.0000e+00
       2206     -0.578     4.1972   0.044919     0.3618     0.2661 0.0000e+00
       2207     -0.578     4.1979   0.043745     0.3520     0.2582 0.0000e+00
       2208     -0.575     4.1998   0.042131     0.3385     0.2473 0.0000e+00
       2209     -0.574     4.2020   0.041005     0.3291     0.2397 0.0000e+00
       2210     -0.571     4.2026   0.042379     0.3405     0.2489 0.0000e+00
       2211     -0.567     4.2026   0.046142     0.3720     0.2742 0.0000e+00
       2212     -0.564     4.2035   0.049993     0.4044     0.3002 0.0000e+00
       2213     -0.562     4.2047   0.052149     0.4225     0.3148 0.0000e+00
       2214     -0.561     4.2051   0.051454     0.4167     0.3101 0.0000e+00
       2215     -0.560     4.2051   0.049196     0.3976     0.2948 0.0000e+00
       2216     -0.558     4.2063   0.049565     0.4007     0.2973 0.0000e+00
       2217     -0.556     4.2091   0.053556     0.4343     0.3243 0.0000e+00
       2218     -0.551     4.2119   0.057249     0.4655     0.3494 0.0000e+00
       2219     -0.549     4.2134   0.058263     0.4741     0.3562 0.0000e+00
       2220     -0.549     4.2131   0.056767     0.4614     0.3461 0.0000e+00
       2221     -0.548     4.2119   0.053474     0.4336     0.3237 0.0000e+00
       2222     -0.547     4.2108   0.050607     0.4094     0.3043 0.0000e+00
       2223     -0.544     4.2102   0.050569     0.4091     0.3040 0.0000e+00
       2224     -0.539     4.2095   0.053468     0.4336     0.3237 0.0000e+00
       2225     -0.535     4.2087   0.056421     0.4586     0.3438 0.0000e+00
       2226     -0.533     4.2082   0.057226     0.4654     0.3493 0.0000e+00
       2227     -0.532     4.2083   0.056283     0.4574     0.3429 0.0000e+00
       2228     -0.528     4.2087   0.054527     0.4426     0.3309 0.0000e+00
       2229     -0.524     4.2096   0.053165     0.4310     0.3216 0.0000e+00
       2230     -0.525     4.2119   0.052765     0.4276     0.3189 0.0000e+00
       2231     -0.527     4.2149   0.052477     0.4252     0.3169 0.0000e+00
       2232     -0.525     4.2173   0.051299     0.4152     0.3089 0.0000e+00
       2233     -0.524     4.2183   0.049436     0.3995     0.2963 0.0000e+00
       2234     -0.526     4.2180   0.047977     0.3872     0.2864 0.0000e+00
       2235     -0.528     4.2183   0.047445     0.3828     0.2828 0.0000e+00
       2236     -0.528     4.2201   0.047420     0.3825     0.2826 0.0000e+00
       2237     -0.526     4.2226   0.046915     0.3783     0.2792 0.0000e+00
       2238     -0.525     4.2238   0.045389     0.3655     0.2689 0.0000e+00
       2239     -0.525     4.2233   0.043676     0.3511     0.2573 0.0000e+00
       2240     -0.523     4.2221   0.042995     0.3455     0.2528 0.0000e+00
       2241     -0.519     4.2214   0.043714     0.3515     0.2576 0.0000e+00
       2242     -0.516     4.2210   0.045349     0.3652     0.2686 0.0000e+00
       2243     -0.513     4.2203   0.046430     0.3742     0.2759 0.0000e+00
       2244     -0.511     4.2196   0.045837     0.3693     0.2719 0.0000e+00
       2245     -0.509     4.2202   0.044625     0.3591     0.2638 0.0000e+00
       2246     -0.504     4.2228   0.044230     0.3558     0.2611 0.0000e+00
       2247     -0.497     4.2269   0.044428     0.3574     0.2624 0.0000e+00
       2248     -0.492     4.2302   0.044306     0.3563     0.2615 0.0000e+00
       2249     -0.491     4.2313   0.043506     0.3496     0.2561 0.0000e+00
       2250     -0.492     4.2306   0.042403     0.3404     0.2487 0.0000e+00
       2251     -0.494     4.2294   0.041522     0.3331     0.2428 0.0000e+00
       2252     -0.495     4.2292   0.041116     0.3297     0.2401 0.0000e+00
       2253     -0.494     4.2301   0.041270     0.3310     0.2411 0.0000e+00
       2254     -0.490     4.2310   0.041803     0.3354     0.2447 0.0000e+00
       2255     -0.487     4.2311   0.041992     0.3370     0.2459 0.0000e+00
       2256     -0.486     4.2309   0.041288     0.3311     0.2412 0.0000e+00
