Datasets/Test_Dataset_39219_tow/tel219_2021_083.cnv
* Sea-Bird SBE19plus Data File:
* Filename = C:/AQUIRE/tel219_2021_083.hex
* Software Version AquireV2 AF V2.0
* Temperature SN =  4020
* Conductivity SN =  4020
* System UpLoad Time = May 16 2021 21:34:31
** VESSEL/TRIP/SEQ STN: tel219_2021_083
** LATITUDE: 46 28.35 N
** LONGITUDE: 56 23.86 W
** DATE/TIME: 2021-05-16 20:52
** SOUNDING DEPTH (M): 0063
** PROBE TYPE: S4020
** CTD NUMBER: 083
** FORMAT: T
** COMMENTS: 
# nquan = 7                                 
# nvalues = 2582                        
# units = specified
# name 0 = scan: Scan Count
# name 1 = prdM: Pressure, Strain Gauge [db]
# name 2 = tv290C: Temperature [ITS-90, deg C]
# name 3 = c0S/m: Conductivity [S/m]
# name 4 = sal00: Salinity, Practical [PSU]
# name 5 = sigma-t00: Density [sigma-t, kg/m^3 ]
# name 6 = flag: flag
# span 0 =          1,       2582       
# span 1 =      0.040,     59.498       
# span 2 =     2.3876,     6.9413       
# span 3 =   0.009839,   3.124567       
# span 4 =     0.0704,    32.3304       
# span 5 =    -0.0347,    25.5945       
# span 6 = 0.0000e+00, 0.0000e+00       
# interval = seconds: 1
# start_time = May 16 2021 20:52:17 [Instrument's time stamp, header]
# bad_flag = -9.990e-29
*END*
[from data line 1847]
       1848     57.790     2.4867   2.884501    32.0541    25.5757 0.0000e+00
       1849     57.806     2.4827   2.884236    32.0549    25.5766 0.0000e+00
       1850     57.819     2.4782   2.883975    32.0562    25.5780 0.0000e+00
       1851     57.822     2.4730   2.883666    32.0576    25.5796 0.0000e+00
       1852     57.816     2.4648   2.883090    32.0588    25.5811 0.0000e+00
       1853     57.809     2.4553   2.882331    32.0590    25.5821 0.0000e+00
       1854     57.806     2.4509   2.882020    32.0596    25.5829 0.0000e+00
       1855     57.807     2.4523   2.882191    32.0603    25.5833 0.0000e+00
       1856     57.808     2.4551   2.882382    32.0599    25.5827 0.0000e+00
       1857     57.807     2.4577   2.882517    32.0589    25.5818 0.0000e+00
       1858     57.808     2.4608   2.882710    32.0582    25.5809 0.0000e+00
       1859     57.811     2.4660   2.883046    32.0571    25.5797 0.0000e+00
       1860     57.817     2.4726   2.883512    32.0562    25.5784 0.0000e+00
       1861     57.832     2.4768   2.883856    32.0562    25.5781 0.0000e+00
       1862     57.863     2.4749   2.883695    32.0561    25.5782 0.0000e+00
       1863     57.908     2.4682   2.883183    32.0565    25.5790 0.0000e+00
       1864     57.961     2.4573   2.882552    32.0597    25.5824 0.0000e+00
       1865     58.008     2.4399   2.881346    32.0623    25.5859 0.0000e+00
       1866     58.043     2.4207   2.879810    32.0627    25.5877 0.0000e+00
       1867     58.062     2.4055   2.878734    32.0648    25.5905 0.0000e+00
       1868     58.054     2.3939   2.878011    32.0676    25.5936 0.0000e+00
       1869     58.007     2.3876   2.877538    32.0681    25.5945 0.0000e+00
       1870     57.924     2.3902   2.877729    32.0679    25.5942 0.0000e+00
       1871     57.811     2.4019   2.878560    32.0664    25.5921 0.0000e+00
       1872     57.671     2.4196   2.879665    32.0623    25.5874 0.0000e+00
       1873     57.509     2.4401   2.880953    32.0576    25.5821 0.0000e+00
       1874     57.336     2.4603   2.882328    32.0542    25.5778 0.0000e+00
       1875     57.153     2.4773   2.883497    32.0516    25.5744 0.0000e+00
       1876     56.957     2.4899   2.884241    32.0482    25.5707 0.0000e+00
       1877     56.748     2.4999   2.884727    32.0442    25.5668 0.0000e+00
       1878     56.528     2.5109   2.885458    32.0423    25.5643 0.0000e+00
       1879     56.295     2.5234   2.886502    32.0426    25.5637 0.0000e+00
       1880     56.051     2.5345   2.887398    32.0426    25.5628 0.0000e+00
       1881     55.802     2.5417   2.887889    32.0415    25.5613 0.0000e+00
       1882     55.551     2.5456   2.888060    32.0399    25.5597 0.0000e+00
       1883     55.294     2.5492   2.888174    32.0378    25.5578 0.0000e+00
       1884     55.030     2.5545   2.888416    32.0356    25.5556 0.0000e+00
       1885     54.757     2.5604   2.888723    32.0336    25.5535 0.0000e+00
       1886     54.475     2.5650   2.888964    32.0321    25.5519 0.0000e+00
       1887     54.191     2.5692   2.889208    32.0310    25.5507 0.0000e+00
       1888     53.910     2.5751   2.889722    32.0315    25.5507 0.0000e+00
       1889     53.632     2.5816   2.890429    32.0338    25.5520 0.0000e+00
       1890     53.353     2.5861   2.890883    32.0350    25.5526 0.0000e+00
       1891     53.072     2.5900   2.891089    32.0337    25.5513 0.0000e+00
       1892     52.788     2.5951   2.891391    32.0325    25.5499 0.0000e+00
       1893     52.499     2.6003   2.891807    32.0325    25.5495 0.0000e+00
       1894     52.207     2.6046   2.892209    32.0333    25.5498 0.0000e+00
       1895     51.912     2.6090   2.892549    32.0332    25.5494 0.0000e+00
       1896     51.611     2.6127   2.892815    32.0329    25.5488 0.0000e+00
       1897     51.303     2.6147   2.892959    32.0328    25.5486 0.0000e+00
       1898     50.990     2.6158   2.893035    32.0328    25.5485 0.0000e+00
       1899     50.675     2.6177   2.893213    32.0333    25.5487 0.0000e+00
       1900     50.359     2.6213   2.893540    32.0338    25.5489 0.0000e+00
       1901     50.042     2.6255   2.893867    32.0338    25.5485 0.0000e+00
       1902     49.723     2.6289   2.894010    32.0323    25.5471 0.0000e+00
       1903     49.401     2.6315   2.894090    32.0308    25.5457 0.0000e+00
       1904     49.076     2.6345   2.894362    32.0313    25.5458 0.0000e+00
       1905     48.748     2.6391   2.894824    32.0325    25.5464 0.0000e+00
       1906     48.417     2.6448   2.895295    32.0328    25.5462 0.0000e+00
       1907     48.088     2.6502   2.895658    32.0320    25.5451 0.0000e+00
       1908     47.763     2.6580   2.896105    32.0298    25.5427 0.0000e+00
       1909     47.440     2.6717   2.896893    32.0259    25.5385 0.0000e+00
       1910     47.121     2.6925   2.898009    32.0189    25.5312 0.0000e+00
       1911     46.805     2.7249   2.900035    32.0114    25.5226 0.0000e+00
       1912     46.491     2.7735   2.903725    32.0079    25.5160 0.0000e+00
       1913     46.177     2.8286   2.907852    32.0033    25.5078 0.0000e+00
       1914     45.861     2.8756   2.910763    31.9920    25.4949 0.0000e+00
       1915     45.544     2.9124   2.912794    31.9802    25.4824 0.0000e+00
       1916     45.224     2.9475   2.915095    31.9734    25.4740 0.0000e+00
       1917     44.895     2.9853   2.917965    31.9707    25.4688 0.0000e+00
       1918     44.560     3.0243   2.920902    31.9677    25.4630 0.0000e+00
       1919     44.224     3.0592   2.923383    31.9632    25.4565 0.0000e+00
       1920     43.887     3.0844   2.924935    31.9571    25.4495 0.0000e+00
       1921     43.548     3.1001   2.925626    31.9501    25.4426 0.0000e+00
       1922     43.204     3.1104   2.926120    31.9460    25.4385 0.0000e+00
       1923     42.855     3.1184   2.926742    31.9458    25.4376 0.0000e+00
       1924     42.507     3.1246   2.927026    31.9433    25.4350 0.0000e+00
       1925     42.158     3.1256   2.925821    31.9279    25.4227 0.0000e+00
       1926     41.807     3.1111   2.922899    31.9072    25.4075 0.0000e+00
       1927     41.450     3.0797   2.920548    31.9101    25.4125 0.0000e+00
       1928     41.086     3.0530   2.921109    31.9435    25.4414 0.0000e+00
       1929     40.716     3.0490   2.923609    31.9779    25.4691 0.0000e+00
       1930     40.337     3.0583   2.925519    31.9919    25.4795 0.0000e+00
       1931     39.946     3.0663   2.926317    31.9938    25.4803 0.0000e+00
       1932     39.545     3.0724   2.926871    31.9947    25.4805 0.0000e+00
       1933     39.137     3.0816   2.927463    31.9929    25.4783 0.0000e+00
       1934     38.717     3.0930   2.927842    31.9864    25.4721 0.0000e+00
       1935     38.284     3.1002   2.927654    31.9772    25.4642 0.0000e+00
       1936     37.844     3.0992   2.927221    31.9732    25.4611 0.0000e+00
       1937     37.400     3.0964   2.926619    31.9690    25.4579 0.0000e+00
       1938     36.947     3.1000   2.925556    31.9528    25.4447 0.0000e+00
       1939     36.477     3.1045   2.925025    31.9422    25.4359 0.0000e+00
       1940     35.984     3.1017   2.925790    31.9544    25.4459 0.0000e+00
       1941     35.467     3.1014   2.927564    31.9764    25.4635 0.0000e+00
       1942     34.933     3.1208   2.929035    31.9752    25.4608 0.0000e+00
       1943     34.391     3.1674   2.931349    31.9572    25.4425 0.0000e+00
       1944     33.846     3.2305   2.936407    31.9559    25.4360 0.0000e+00
       1945     33.305     3.2739   2.939515    31.9506    25.4280 0.0000e+00
       1946     32.788     3.2794   2.938361    31.9316    25.4123 0.0000e+00
       1947     32.300     3.2820   2.938268    31.9282    25.4094 0.0000e+00
       1948     31.833     3.3137   2.941746    31.9389    25.4151 0.0000e+00
       1949     31.398     3.3586   2.945976    31.9455    25.4164 0.0000e+00
       1950     31.008     3.3935   2.948759    31.9446    25.4126 0.0000e+00
       1951     30.663     3.4154   2.950378    31.9426    25.4090 0.0000e+00
       1952     30.352     3.4289   2.951399    31.9416    25.4071 0.0000e+00
       1953     30.059     3.4364   2.951961    31.9411    25.4060 0.0000e+00
       1954     29.777     3.4398   2.952186    31.9406    25.4053 0.0000e+00
       1955     29.499     3.4411   2.952216    31.9398    25.4046 0.0000e+00
       1956     29.222     3.4418   2.952172    31.9388    25.4036 0.0000e+00
       1957     28.947     3.4423   2.952159    31.9383    25.4032 0.0000e+00
       1958     28.676     3.4431   2.952208    31.9382    25.4031 0.0000e+00
       1959     28.415     3.4453   2.952375    31.9382    25.4029 0.0000e+00
       1960     28.168     3.4496   2.952774    31.9388    25.4030 0.0000e+00
       1961     27.930     3.4556   2.953315    31.9395    25.4030 0.0000e+00
       1962     27.688     3.4625   2.953840    31.9391    25.4021 0.0000e+00
       1963     27.432     3.4694   2.954311    31.9381    25.4006 0.0000e+00
       1964     27.165     3.4753   2.954686    31.9369    25.3991 0.0000e+00
       1965     26.897     3.4799   2.955026    31.9366    25.3985 0.0000e+00
       1966     26.636     3.4836   2.955357    31.9370    25.3985 0.0000e+00
       1967     26.383     3.4861   2.955233    31.9332    25.3952 0.0000e+00
       1968     26.140     3.4878   2.954416    31.9219    25.3861 0.0000e+00
       1969     25.900     3.4885   2.953958    31.9159    25.3812 0.0000e+00
       1970     25.657     3.4873   2.953943    31.9170    25.3822 0.0000e+00
       1971     25.430     3.4823   2.952880    31.9093    25.3766 0.0000e+00
       1972     25.238     3.4690   2.951145    31.9018    25.3718 0.0000e+00
       1973     25.069     3.4468   2.950253    31.9131    25.3827 0.0000e+00
       1974     24.892     3.4294   2.950240    31.9301    25.3979 0.0000e+00
       1975     24.691     3.4284   2.950447    31.9337    25.4008 0.0000e+00
       1976     24.493     3.4341   2.950653    31.9306    25.3979 0.0000e+00
       1977     24.329     3.4319   2.950734    31.9339    25.4006 0.0000e+00
       1978     24.199     3.4245   2.950763    31.9416    25.4074 0.0000e+00
       1979     24.085     3.4192   2.950950    31.9491    25.4139 0.0000e+00
       1980     23.969     3.4173   2.950987    31.9515    25.4159 0.0000e+00
       1981     23.846     3.4169   2.950617    31.9475    25.4128 0.0000e+00
       1982     23.722     3.4222   2.950410    31.9399    25.4063 0.0000e+00
       1983     23.602     3.4406   2.951231    31.9316    25.3981 0.0000e+00
       1984     23.482     3.4672   2.953249    31.9296    25.3941 0.0000e+00
       1985     23.359     3.4893   2.955315    31.9326    25.3945 0.0000e+00
       1986     23.224     3.5015   2.955809    31.9266    25.3886 0.0000e+00
       1987     23.068     3.5060   2.955378    31.9171    25.3806 0.0000e+00
       1988     22.894     3.5062   2.955965    31.9240    25.3861 0.0000e+00
       1989     22.707     3.5042   2.956996    31.9383    25.3977 0.0000e+00
       1990     22.510     3.5027   2.957320    31.9438    25.4022 0.0000e+00
       1991     22.312     3.5036   2.957285    31.9426    25.4011 0.0000e+00
       1992     22.124     3.5068   2.957244    31.9390    25.3980 0.0000e+00
       1993     21.946     3.5126   2.957355    31.9347    25.3941 0.0000e+00
       1994     21.768     3.5221   2.957831    31.9312    25.3904 0.0000e+00
       1995     21.584     3.5313   2.958544    31.9307    25.3892 0.0000e+00
       1996     21.396     3.5348   2.959134    31.9344    25.3918 0.0000e+00
       1997     21.201     3.5351   2.959575    31.9395    25.3958 0.0000e+00
       1998     20.994     3.5377   2.960095    31.9432    25.3985 0.0000e+00
       1999     20.773     3.5431   2.960655    31.9447    25.3992 0.0000e+00
       2000     20.543     3.5474   2.960962    31.9443    25.3985 0.0000e+00
       2001     20.299     3.5491   2.960967    31.9428    25.3971 0.0000e+00
       2002     20.037     3.5504   2.960933    31.9412    25.3958 0.0000e+00
       2003     19.759     3.5534   2.961106    31.9405    25.3949 0.0000e+00
       2004     19.472     3.5576   2.961501    31.9412    25.3951 0.0000e+00
       2005     19.183     3.5634   2.962037    31.9420    25.3953 0.0000e+00
       2006     18.888     3.5701   2.962608    31.9424    25.3949 0.0000e+00
       2007     18.580     3.5762   2.963038    31.9417    25.3938 0.0000e+00
       2008     18.256     3.5800   2.963253    31.9407    25.3927 0.0000e+00
       2009     17.915     3.5814   2.963314    31.9402    25.3922 0.0000e+00
       2010     17.570     3.5827   2.963400    31.9401    25.3920 0.0000e+00
       2011     17.237     3.5888   2.963886    31.9401    25.3914 0.0000e+00
       2012     16.916     3.6025   2.965061    31.9408    25.3907 0.0000e+00
       2013     16.598     3.6207   2.966660    31.9421    25.3901 0.0000e+00
       2014     16.280     3.6366   2.968016    31.9428    25.3892 0.0000e+00
       2015     15.966     3.6490   2.968966    31.9421    25.3874 0.0000e+00
       2016     15.665     3.6623   2.969942    31.9408    25.3852 0.0000e+00
       2017     15.368     3.6780   2.971187    31.9403    25.3834 0.0000e+00
       2018     15.054     3.6890   2.972111    31.9407    25.3826 0.0000e+00
       2019     14.718     3.6897   2.972062    31.9396    25.3817 0.0000e+00
       2020     14.372     3.6849   2.971602    31.9390    25.3817 0.0000e+00
       2021     14.028     3.6825   2.971477    31.9400    25.3827 0.0000e+00
       2022     13.699     3.6825   2.971600    31.9417    25.3840 0.0000e+00
       2023     13.397     3.6814   2.971626    31.9432    25.3853 0.0000e+00
       2024     13.114     3.6787   2.971508    31.9446    25.3867 0.0000e+00
       2025     12.807     3.6769   2.971408    31.9453    25.3875 0.0000e+00
       2026     12.414     3.6765   2.971379    31.9456    25.3877 0.0000e+00
       2027     11.916     3.6772   2.971464    31.9462    25.3881 0.0000e+00
       2028     11.351     3.6806   2.971662    31.9455    25.3872 0.0000e+00
       2029     10.764     3.6889   2.972212    31.9442    25.3854 0.0000e+00
       2030     10.178     3.7040   2.973353    31.9432    25.3832 0.0000e+00
       2031      9.605     3.7320   2.975338    31.9396    25.3778 0.0000e+00
       2032      9.040     3.7784   2.979340    31.9419    25.3752 0.0000e+00
       2033      8.462     3.8345   2.984367    31.9467    25.3738 0.0000e+00
       2034      7.881     3.8802   2.988169    31.9473    25.3699 0.0000e+00
       2035      7.329     3.9049   2.990180    31.9472    25.3675 0.0000e+00
       2036      6.824     3.9158   2.990461    31.9401    25.3608 0.0000e+00
       2037      6.378     3.9465   2.992859    31.9386    25.3567 0.0000e+00
       2038      5.939     4.0221   3.000419    31.9541    25.3617 0.0000e+00
       2039      5.457     4.0926   3.006833    31.9610    25.3603 0.0000e+00
       2040      4.947     4.1021   3.006584    31.9491    25.3499 0.0000e+00
       2041      4.399     4.0715   3.003068    31.9379    25.3440 0.0000e+00
       2042      3.834     4.0366   2.999679    31.9323    25.3430 0.0000e+00
       2043      3.337     4.0098   2.997178    31.9293    25.3432 0.0000e+00
       2044      2.949     4.0129   2.997553    31.9309    25.3441 0.0000e+00
       2045      2.647     4.0570   3.001627    31.9360    25.3439 0.0000e+00
       2046      2.388     4.1107   3.006209    31.9376    25.3400 0.0000e+00
       2047      2.161     4.1465   3.008934    31.9349    25.3343 0.0000e+00
       2048      1.997     4.1744   3.010989    31.9319    25.3292 0.0000e+00
       2049      1.904     4.2028   3.013590    31.9348    25.3287 0.0000e+00
       2050      1.864     4.2183   3.015023    31.9365    25.3285 0.0000e+00
       2051      1.853     4.2155   3.013794    31.9249    25.3195 0.0000e+00
