Datasets/Test_Dataset_39219_tow/tel219_2021_081.cnv
* Sea-Bird SBE19plus Data File:
* Filename = C:/AQUIRE/tel219_2021_081.hex
* Software Version AquireV2 AF V2.0
* Temperature SN =  4020
* Conductivity SN =  4020
* System UpLoad Time = May 16 2021 16:45:53
** VESSEL/TRIP/SEQ STN: tel219_2021_081
** LATITUDE: 46 04.58 N
** LONGITUDE: 59 47.63 W
** DATE/TIME: 2021-05-16 16:02
** SOUNDING DEPTH (M): 0053
** PROBE TYPE: S4020
** CTD NUMBER: 081
** FORMAT: T
** COMMENTS: 
# nquan = 7                                 
# nvalues = 2715                        
# units = specified
# name 0 = scan: Scan Count
# name 1 = prdM: Pressure, Strain Gauge [db]
# name 2 = tv290C: Temperature [ITS-90, deg C]
# name 3 = c0S/m: Conductivity [S/m]
# name 4 = sal00: Salinity, Practical [PSU]
# name 5 = sigma-t00: Density [sigma-t, kg/m^3 ]
# name 6 = flag: flag
# span 0 =          1,       2715       
# span 1 =     -0.123,     48.274       
# span 2 =     3.2282,     7.7344       
# span 3 =   0.017324,   3.103363       
# span 4 =     0.1319,    32.1885       
# span 5 =     0.0041,    25.6215       
# span 6 = 0.0000e+00, 0.0000e+00       
# interval = seconds: 1
# start_time = May 16 2021 16:02:08 [Instrument's time stamp, header]
# bad_flag = -9.990e-29
*END*
[from data line 2257]
       2258      0.123     4.7793   0.032621     0.2551     0.1750 0.0000e+00
       2259      0.123     4.7783   0.032429     0.2536     0.1738 0.0000e+00
       2260      0.122     4.7774   0.032261     0.2522     0.1727 0.0000e+00
       2261      0.122     4.7766   0.032125     0.2511     0.1719 0.0000e+00
       2262      0.123     4.7758   0.031998     0.2501     0.1710 0.0000e+00
       2263      0.122     4.7750   0.031856     0.2490     0.1701 0.0000e+00
       2264      0.121     4.7742   0.031752     0.2481     0.1695 0.0000e+00
       2265      0.124     4.7733   0.031716     0.2478     0.1693 0.0000e+00
       2266      0.127     4.7725   0.031733     0.2480     0.1694 0.0000e+00
       2267      0.127     4.7717   0.031769     0.2483     0.1696 0.0000e+00
       2268      0.126     4.7712   0.031622     0.2471     0.1687 0.0000e+00
       2269      0.128     4.7707   0.031214     0.2438     0.1660 0.0000e+00
       2270      0.133     4.7701   0.030797     0.2404     0.1633 0.0000e+00
       2271      0.139     4.7695   0.030525     0.2382     0.1616 0.0000e+00
       2272      0.143     4.7687   0.030329     0.2366     0.1603 0.0000e+00
       2273      0.142     4.7680   0.030152     0.2352     0.1592 0.0000e+00
       2274      0.137     4.7674   0.029984     0.2339     0.1581 0.0000e+00
       2275      0.131     4.7668   0.029827     0.2326     0.1571 0.0000e+00
       2276      0.131     4.7662   0.029679     0.2314     0.1562 0.0000e+00
       2277      0.135     4.7658   0.029550     0.2304     0.1553 0.0000e+00
       2278      0.140     4.7653   0.029449     0.2295     0.1547 0.0000e+00
       2279      0.145     4.7651   0.029354     0.2288     0.1541 0.0000e+00
       2280      0.146     4.7648   0.029234     0.2278     0.1533 0.0000e+00
       2281      0.144     4.7644   0.029085     0.2266     0.1523 0.0000e+00
       2282      0.142     4.7639   0.028943     0.2255     0.1514 0.0000e+00
       2283      0.143     4.7636   0.028831     0.2246     0.1507 0.0000e+00
       2284      0.145     4.7634   0.028719     0.2237     0.1500 0.0000e+00
       2285      0.146     4.7631   0.028589     0.2226     0.1491 0.0000e+00
       2286      0.144     4.7629   0.028461     0.2216     0.1483 0.0000e+00
       2287      0.142     4.7624   0.028346     0.2207     0.1476 0.0000e+00
       2288      0.143     4.7621   0.028238     0.2198     0.1469 0.0000e+00
       2289      0.145     4.7617   0.028132     0.2189     0.1462 0.0000e+00
       2290      0.145     4.7615   0.028020     0.2180     0.1455 0.0000e+00
       2291      0.144     4.7614   0.027905     0.2171     0.1447 0.0000e+00
       2292      0.141     4.7612   0.027793     0.2162     0.1440 0.0000e+00
       2293      0.138     4.7609   0.027690     0.2154     0.1434 0.0000e+00
       2294      0.138     4.7607   0.027599     0.2147     0.1428 0.0000e+00
       2295      0.141     4.7608   0.027514     0.2140     0.1422 0.0000e+00
       2296      0.141     4.7613   0.027417     0.2132     0.1416 0.0000e+00
       2297      0.138     4.7618   0.027290     0.2122     0.1408 0.0000e+00
       2298      0.138     4.7621   0.027171     0.2112     0.1400 0.0000e+00
       2299      0.139     4.7617   0.027088     0.2105     0.1395 0.0000e+00
       2300      0.139     4.7613   0.027029     0.2101     0.1391 0.0000e+00
       2301      0.140     4.7609   0.026951     0.2094     0.1386 0.0000e+00
       2302      0.140     4.7606   0.026862     0.2087     0.1380 0.0000e+00
       2303      0.138     4.7605   0.026789     0.2081     0.1375 0.0000e+00
       2304      0.138     4.7603   0.026719     0.2076     0.1371 0.0000e+00
       2305      0.139     4.7603   0.026630     0.2069     0.1365 0.0000e+00
       2306      0.137     4.7601   0.026533     0.2061     0.1359 0.0000e+00
       2307      0.135     4.7599   0.026446     0.2054     0.1353 0.0000e+00
       2308      0.134     4.7599   0.026360     0.2047     0.1348 0.0000e+00
       2309      0.136     4.7603   0.026268     0.2039     0.1342 0.0000e+00
       2310      0.138     4.7613   0.026174     0.2032     0.1336 0.0000e+00
       2311      0.136     4.7621   0.026086     0.2025     0.1330 0.0000e+00
       2312      0.134     4.7623   0.026004     0.2018     0.1324 0.0000e+00
       2313      0.133     4.7622   0.025928     0.2012     0.1320 0.0000e+00
       2314      0.135     4.7620   0.025846     0.2005     0.1314 0.0000e+00
       2315      0.139     4.7618   0.025752     0.1998     0.1308 0.0000e+00
       2316      0.141     4.7619   0.025656     0.1990     0.1302 0.0000e+00
       2317      0.140     4.7621   0.025581     0.1984     0.1297 0.0000e+00
       2318      0.138     4.7620   0.025531     0.1980     0.1294 0.0000e+00
       2319      0.139     4.7618   0.025490     0.1977     0.1291 0.0000e+00
       2320      0.141     4.7618   0.025434     0.1972     0.1288 0.0000e+00
       2321      0.141     4.7616   0.025351     0.1966     0.1282 0.0000e+00
       2322      0.138     4.7616   0.025265     0.1959     0.1277 0.0000e+00
       2323      0.136     4.7617   0.025203     0.1954     0.1273 0.0000e+00
       2324      0.138     4.7620   0.025163     0.1951     0.1270 0.0000e+00
       2325      0.138     4.7625   0.025113     0.1947     0.1267 0.0000e+00
       2326      0.135     4.7630   0.025037     0.1940     0.1262 0.0000e+00
       2327      0.132     4.7631   0.024955     0.1934     0.1257 0.0000e+00
       2328      0.131     4.7630   0.024894     0.1929     0.1253 0.0000e+00
       2329      0.131     4.7626   0.024852     0.1926     0.1250 0.0000e+00
       2330      0.133     4.7623   0.024805     0.1922     0.1247 0.0000e+00
       2331      0.136     4.7620   0.024771     0.1919     0.1245 0.0000e+00
       2332      0.137     4.7616   0.024779     0.1920     0.1246 0.0000e+00
       2333      0.138     4.7615   0.024786     0.1920     0.1246 0.0000e+00
       2334      0.139     4.7616   0.024737     0.1916     0.1243 0.0000e+00
       2335      0.139     4.7618   0.024657     0.1910     0.1238 0.0000e+00
       2336      0.138     4.7619   0.024605     0.1906     0.1234 0.0000e+00
       2337      0.136     4.7621   0.024587     0.1904     0.1233 0.0000e+00
       2338      0.133     4.7626   0.024562     0.1902     0.1231 0.0000e+00
       2339      0.131     4.7634   0.024494     0.1897     0.1227 0.0000e+00
       2340      0.131     4.7638   0.024414     0.1890     0.1222 0.0000e+00
       2341      0.130     4.7640   0.024357     0.1886     0.1218 0.0000e+00
       2342      0.128     4.7643   0.024302     0.1881     0.1214 0.0000e+00
       2343      0.126     4.7645   0.024236     0.1876     0.1210 0.0000e+00
       2344      0.128     4.7650   0.024185     0.1872     0.1207 0.0000e+00
       2345      0.131     4.7656   0.024132     0.1868     0.1203 0.0000e+00
       2346      0.131     4.7661   0.024055     0.1862     0.1198 0.0000e+00
       2347      0.131     4.7666   0.023972     0.1855     0.1193 0.0000e+00
       2348      0.135     4.7668   0.023910     0.1850     0.1189 0.0000e+00
       2349      0.137     4.7669   0.023878     0.1847     0.1187 0.0000e+00
       2350      0.134     4.7673   0.023847     0.1845     0.1185 0.0000e+00
       2351      0.132     4.7676   0.023798     0.1841     0.1181 0.0000e+00
       2352      0.132     4.7679   0.023740     0.1836     0.1178 0.0000e+00
       2353      0.130     4.7679   0.023679     0.1831     0.1174 0.0000e+00
       2354      0.128     4.7680   0.023616     0.1826     0.1170 0.0000e+00
       2355      0.130     4.7682   0.023571     0.1823     0.1167 0.0000e+00
       2356      0.130     4.7685   0.023545     0.1821     0.1165 0.0000e+00
       2357      0.128     4.7691   0.023523     0.1819     0.1163 0.0000e+00
       2358      0.128     4.7697   0.023494     0.1816     0.1161 0.0000e+00
       2359      0.131     4.7702   0.023449     0.1813     0.1158 0.0000e+00
       2360      0.132     4.7706   0.023382     0.1807     0.1154 0.0000e+00
       2361      0.129     4.7710   0.023307     0.1801     0.1149 0.0000e+00
       2362      0.125     4.7713   0.023251     0.1797     0.1146 0.0000e+00
       2363      0.122     4.7716   0.023241     0.1796     0.1145 0.0000e+00
       2364      0.122     4.7723   0.023238     0.1796     0.1145 0.0000e+00
       2365      0.121     4.7734   0.023195     0.1792     0.1142 0.0000e+00
       2366      0.120     4.7745   0.023121     0.1786     0.1137 0.0000e+00
       2367      0.121     4.7751   0.023055     0.1781     0.1132 0.0000e+00
       2368      0.121     4.7754   0.023003     0.1777     0.1129 0.0000e+00
       2369      0.121     4.7761   0.022953     0.1773     0.1126 0.0000e+00
       2370      0.123     4.7772   0.022908     0.1769     0.1123 0.0000e+00
       2371      0.127     4.7782   0.022869     0.1766     0.1120 0.0000e+00
       2372      0.126     4.7789   0.022823     0.1762     0.1117 0.0000e+00
       2373      0.123     4.7790   0.022770     0.1758     0.1113 0.0000e+00
       2374      0.121     4.7790   0.022717     0.1754     0.1110 0.0000e+00
       2375      0.121     4.7790   0.022667     0.1750     0.1107 0.0000e+00
       2376      0.120     4.7792   0.022623     0.1746     0.1104 0.0000e+00
       2377      0.120     4.7795   0.022594     0.1744     0.1102 0.0000e+00
       2378      0.120     4.7797   0.022583     0.1743     0.1101 0.0000e+00
       2379      0.118     4.7799   0.022566     0.1742     0.1100 0.0000e+00
       2380      0.118     4.7801   0.022525     0.1738     0.1097 0.0000e+00
       2381      0.119     4.7801   0.022476     0.1735     0.1094 0.0000e+00
       2382      0.119     4.7801   0.022445     0.1732     0.1092 0.0000e+00
       2383      0.119     4.7803   0.022427     0.1731     0.1091 0.0000e+00
       2384      0.117     4.7808   0.022393     0.1728     0.1089 0.0000e+00
       2385      0.114     4.7813   0.022333     0.1723     0.1085 0.0000e+00
       2386      0.113     4.7818   0.022286     0.1719     0.1082 0.0000e+00
       2387      0.114     4.7819   0.022283     0.1719     0.1082 0.0000e+00
       2388      0.116     4.7818   0.022295     0.1720     0.1082 0.0000e+00
       2389      0.118     4.7814   0.022283     0.1719     0.1082 0.0000e+00
       2390      0.119     4.7814   0.022265     0.1718     0.1081 0.0000e+00
       2391      0.116     4.7818   0.022260     0.1717     0.1080 0.0000e+00
       2392      0.114     4.7822   0.022252     0.1717     0.1080 0.0000e+00
       2393      0.116     4.7826   0.022217     0.1714     0.1077 0.0000e+00
       2394      0.118     4.7832   0.022165     0.1710     0.1074 0.0000e+00
       2395      0.117     4.7839   0.022123     0.1706     0.1071 0.0000e+00
       2396      0.114     4.7845   0.022096     0.1704     0.1069 0.0000e+00
       2397      0.113     4.7847   0.022071     0.1702     0.1068 0.0000e+00
       2398      0.115     4.7850   0.022044     0.1700     0.1066 0.0000e+00
       2399      0.117     4.7853   0.022019     0.1698     0.1064 0.0000e+00
       2400      0.117     4.7858   0.021987     0.1695     0.1062 0.0000e+00
       2401      0.117     4.7864   0.021949     0.1692     0.1059 0.0000e+00
       2402      0.118     4.7867   0.021918     0.1690     0.1057 0.0000e+00
       2403      0.117     4.7870   0.021898     0.1688     0.1056 0.0000e+00
       2404      0.113     4.7874   0.021867     0.1686     0.1054 0.0000e+00
       2405      0.107     4.7881   0.021813     0.1681     0.1050 0.0000e+00
       2406      0.104     4.7889   0.021771     0.1678     0.1048 0.0000e+00
       2407      0.107     4.7896   0.021764     0.1677     0.1047 0.0000e+00
       2408      0.110     4.7905   0.021751     0.1676     0.1046 0.0000e+00
       2409      0.111     4.7917   0.021705     0.1672     0.1043 0.0000e+00
       2410      0.109     4.7931   0.021648     0.1668     0.1039 0.0000e+00
       2411      0.105     4.7944   0.021597     0.1664     0.1036 0.0000e+00
       2412      0.105     4.7954   0.021549     0.1660     0.1032 0.0000e+00
       2413      0.107     4.7959   0.021501     0.1656     0.1029 0.0000e+00
       2414      0.107     4.7967   0.021456     0.1652     0.1026 0.0000e+00
       2415      0.105     4.7985   0.021410     0.1649     0.1023 0.0000e+00
       2416      0.107     4.8004   0.021362     0.1645     0.1019 0.0000e+00
       2417      0.110     4.8015   0.021322     0.1642     0.1017 0.0000e+00
       2418      0.109     4.8017   0.021291     0.1639     0.1015 0.0000e+00
       2419      0.108     4.8015   0.021258     0.1636     0.1013 0.0000e+00
       2420      0.109     4.8014   0.021211     0.1633     0.1010 0.0000e+00
       2421      0.108     4.8015   0.021167     0.1629     0.1007 0.0000e+00
       2422      0.104     4.8019   0.021143     0.1627     0.1005 0.0000e+00
       2423      0.103     4.8028   0.021127     0.1626     0.1004 0.0000e+00
       2424      0.103     4.8042   0.021085     0.1623     0.1001 0.0000e+00
       2425      0.102     4.8060   0.021024     0.1618     0.0997 0.0000e+00
       2426      0.101     4.8076   0.020983     0.1614     0.0994 0.0000e+00
       2427      0.099     4.8087   0.020968     0.1613     0.0993 0.0000e+00
       2428      0.096     4.8093   0.020935     0.1610     0.0991 0.0000e+00
       2429      0.095     4.8095   0.020875     0.1606     0.0987 0.0000e+00
       2430      0.098     4.8099   0.020815     0.1601     0.0983 0.0000e+00
       2431      0.102     4.8108   0.020777     0.1598     0.0980 0.0000e+00
       2432      0.102     4.8116   0.020766     0.1597     0.0979 0.0000e+00
       2433      0.101     4.8119   0.020756     0.1596     0.0979 0.0000e+00
       2434      0.099     4.8123   0.020722     0.1593     0.0976 0.0000e+00
       2435      0.096     4.8125   0.020673     0.1589     0.0973 0.0000e+00
       2436      0.096     4.8125   0.020628     0.1586     0.0970 0.0000e+00
       2437      0.097     4.8127   0.020589     0.1583     0.0968 0.0000e+00
       2438      0.095     4.8129   0.020545     0.1579     0.0965 0.0000e+00
       2439      0.093     4.8132   0.020515     0.1577     0.0963 0.0000e+00
       2440      0.091     4.8137   0.020507     0.1576     0.0963 0.0000e+00
       2441      0.091     4.8145   0.020495     0.1575     0.0962 0.0000e+00
       2442      0.094     4.8157   0.020464     0.1573     0.0959 0.0000e+00
       2443      0.096     4.8171   0.020413     0.1569     0.0956 0.0000e+00
       2444      0.094     4.8179   0.020354     0.1564     0.0952 0.0000e+00
       2445      0.091     4.8182   0.020305     0.1560     0.0949 0.0000e+00
       2446      0.090     4.8184   0.020261     0.1556     0.0946 0.0000e+00
       2447      0.092     4.8192   0.020225     0.1554     0.0944 0.0000e+00
       2448      0.094     4.8205   0.020192     0.1551     0.0941 0.0000e+00
       2449      0.095     4.8216   0.020154     0.1548     0.0939 0.0000e+00
       2450      0.095     4.8222   0.020116     0.1545     0.0936 0.0000e+00
       2451      0.094     4.8224   0.020082     0.1542     0.0934 0.0000e+00
       2452      0.091     4.8226   0.020043     0.1539     0.0931 0.0000e+00
       2453      0.087     4.8234   0.019996     0.1535     0.0928 0.0000e+00
       2454      0.087     4.8253   0.019966     0.1533     0.0926 0.0000e+00
       2455      0.090     4.8279   0.019946     0.1531     0.0924 0.0000e+00
       2456      0.092     4.8297   0.019910     0.1528     0.0922 0.0000e+00
       2457      0.089     4.8301   0.019863     0.1524     0.0919 0.0000e+00
       2458      0.087     4.8302   0.019824     0.1521     0.0916 0.0000e+00
       2459      0.090     4.8304   0.019789     0.1518     0.0914 0.0000e+00
       2460      0.093     4.8307   0.019751     0.1515     0.0911 0.0000e+00
       2461      0.093     4.8314   0.019724     0.1513     0.0910 0.0000e+00
