Datasets/Test_Dataset_39219_tow/tel219_2021_032.cnv
* Sea-Bird SBE19plus Data File:
* Filename = C:/AQUIRE/tel219_2021_032.hex
* Software Version AquireV2 AF V2.0
* Temperature SN =  4020
* Conductivity SN =  4020
* System UpLoad Time = May 11 2021 03:18:45
** VESSEL/TRIP/SEQ STN: tel219_2021_032
** LATITUDE: 45 39.81 N
** LONGITUDE: 56 36.66 W
** DATE/TIME: 2021-05-11 02:37
** SOUNDING DEPTH (M): 0144
** PROBE TYPE: S4020
** CTD NUMBER:  32
** FORMAT: T
** COMMENTS: 
# nquan = 7                                 
# nvalues = 2557                        
# units = specified
# name 0 = scan: Scan Count
# name 1 = prdM: Pressure, Strain Gauge [db]
# name 2 = tv290C: Temperature [ITS-90, deg C]
# name 3 = c0S/m: Conductivity [S/m]
# name 4 = sal00: Salinity, Practical [PSU]
# name 5 = sigma-t00: Density [sigma-t, kg/m^3 ]
# name 6 = flag: flag
# span 0 =          1,       2557       
# span 1 =     -0.161,    140.357       
# span 2 =     0.7782,     3.7557       
# span 3 =   0.003048,   2.975210       
# span 4 =     0.0227,    32.7805       
# span 5 =    -0.0071,    26.2303       
# span 6 = 0.0000e+00, 0.0000e+00       
# interval = seconds: 1
# start_time = May 11 2021 02:37:19 [Instrument's time stamp, header]
# bad_flag = -9.990e-29
*END*
[from data line 1231]
       1232    139.606     1.6252   2.872537    32.7413    26.1890 0.0000e+00
       1233    139.624     1.6266   2.872697    32.7419    26.1893 0.0000e+00
       1234    139.645     1.6279   2.872759    32.7413    26.1888 0.0000e+00
       1235    139.658     1.6280   2.872661    32.7399    26.1877 0.0000e+00
       1236    139.661     1.6268   2.872533    32.7396    26.1875 0.0000e+00
       1237    139.657     1.6256   2.872488    32.7403    26.1881 0.0000e+00
       1238    139.649     1.6259   2.872555    32.7408    26.1885 0.0000e+00
       1239    139.643     1.6286   2.872816    32.7413    26.1887 0.0000e+00
       1240    139.642     1.6321   2.873179    32.7422    26.1892 0.0000e+00
       1241    139.647     1.6346   2.873367    32.7420    26.1889 0.0000e+00
       1242    139.655     1.6362   2.873456    32.7414    26.1883 0.0000e+00
       1243    139.663     1.6373   2.873638    32.7426    26.1892 0.0000e+00
       1244    139.668     1.6380   2.873731    32.7430    26.1895 0.0000e+00
       1245    139.670     1.6379   2.873670    32.7423    26.1889 0.0000e+00
       1246    139.667     1.6370   2.873648    32.7430    26.1895 0.0000e+00
       1247    139.664     1.6360   2.873668    32.7443    26.1906 0.0000e+00
       1248    139.663     1.6357   2.873659    32.7445    26.1908 0.0000e+00
       1249    139.661     1.6368   2.873744    32.7444    26.1907 0.0000e+00
       1250    139.660     1.6377   2.873909    32.7456    26.1915 0.0000e+00
       1251    139.667     1.6361   2.873875    32.7468    26.1926 0.0000e+00
       1252    139.675     1.6322   2.873649    32.7480    26.1939 0.0000e+00
       1253    139.667     1.6287   2.873467    32.7494    26.1952 0.0000e+00
       1254    139.642     1.6263   2.873253    32.7492    26.1952 0.0000e+00
       1255    139.614     1.6229   2.872776    32.7467    26.1935 0.0000e+00
       1256    139.598     1.6192   2.872267    32.7442    26.1917 0.0000e+00
       1257    139.604     1.6166   2.872075    32.7445    26.1921 0.0000e+00
       1258    139.624     1.6149   2.872027    32.7456    26.1931 0.0000e+00
       1259    139.637     1.6140   2.872014    32.7464    26.1938 0.0000e+00
       1260    139.635     1.6144   2.872172    32.7479    26.1950 0.0000e+00
       1261    139.623     1.6153   2.872346    32.7492    26.1960 0.0000e+00
       1262    139.614     1.6145   2.872137    32.7474    26.1946 0.0000e+00
       1263    139.617     1.6113   2.871597    32.7439    26.1920 0.0000e+00
       1264    139.636     1.6076   2.871225    32.7431    26.1916 0.0000e+00
       1265    139.660     1.6050   2.871160    32.7450    26.1933 0.0000e+00
       1266    139.670     1.6035   2.871236    32.7475    26.1954 0.0000e+00
       1267    139.670     1.6024   2.871220    32.7484    26.1963 0.0000e+00
       1268    139.678     1.6010   2.870910    32.7460    26.1944 0.0000e+00
       1269    139.695     1.5986   2.870567    32.7441    26.1931 0.0000e+00
       1270    139.709     1.5968   2.870625    32.7467    26.1953 0.0000e+00
       1271    139.715     1.5971   2.870967    32.7507    26.1985 0.0000e+00
       1272    139.717     1.5966   2.870894    32.7503    26.1982 0.0000e+00
       1273    139.727     1.5915   2.870085    32.7454    26.1946 0.0000e+00
       1274    139.744     1.5846   2.869383    32.7438    26.1937 0.0000e+00
       1275    139.754     1.5813   2.869516    32.7489    26.1981 0.0000e+00
       1276    139.749     1.5820   2.869664    32.7500    26.1989 0.0000e+00
       1277    139.740     1.5839   2.869344    32.7440    26.1940 0.0000e+00
       1278    139.743     1.5854   2.869277    32.7416    26.1919 0.0000e+00
       1279    139.752     1.5860   2.869499    32.7438    26.1936 0.0000e+00
       1280    139.753     1.5858   2.869617    32.7455    26.1950 0.0000e+00
       1281    139.744     1.5842   2.869490    32.7455    26.1952 0.0000e+00
       1282    139.734     1.5795   2.868875    32.7427    26.1932 0.0000e+00
       1283    139.733     1.5731   2.867939    32.7376    26.1895 0.0000e+00
       1284    139.744     1.5695   2.867408    32.7346    26.1874 0.0000e+00
       1285    139.760     1.5705   2.867547    32.7353    26.1879 0.0000e+00
       1286    139.765     1.5728   2.867983    32.7384    26.1902 0.0000e+00
       1287    139.757     1.5740   2.868263    32.7407    26.1920 0.0000e+00
       1288    139.744     1.5741   2.868180    32.7395    26.1911 0.0000e+00
       1289    139.736     1.5733   2.867922    32.7371    26.1892 0.0000e+00
       1290    139.740     1.5701   2.867584    32.7362    26.1887 0.0000e+00
       1291    139.757     1.5642   2.867076    32.7359    26.1888 0.0000e+00
       1292    139.779     1.5588   2.866624    32.7358    26.1891 0.0000e+00
       1293    139.792     1.5566   2.866634    32.7383    26.1912 0.0000e+00
       1294    139.787     1.5566   2.866958    32.7423    26.1945 0.0000e+00
       1295    139.771     1.5576   2.867012    32.7420    26.1941 0.0000e+00
       1296    139.755     1.5594   2.866821    32.7377    26.1906 0.0000e+00
       1297    139.747     1.5614   2.866713    32.7343    26.1877 0.0000e+00
       1298    139.758     1.5623   2.866736    32.7336    26.1871 0.0000e+00
       1299    139.784     1.5615   2.866869    32.7361    26.1892 0.0000e+00
       1300    139.803     1.5604   2.867105    32.7402    26.1925 0.0000e+00
       1301    139.796     1.5618   2.867362    32.7420    26.1939 0.0000e+00
       1302    139.766     1.5650   2.867442    32.7397    26.1918 0.0000e+00
       1303    139.732     1.5668   2.867252    32.7355    26.1883 0.0000e+00
       1304    139.713     1.5671   2.866951    32.7314    26.1850 0.0000e+00
       1305    139.719     1.5679   2.865448    32.7116    26.1691 0.0000e+00
       1306    139.739     1.5691   2.864225    32.6949    26.1556 0.0000e+00
       1307    139.746     1.5701   2.865776    32.7134    26.1704 0.0000e+00
       1308    139.738     1.5709   2.866589    32.7228    26.1779 0.0000e+00
       1309    139.735     1.5726   2.866161    32.7157    26.1720 0.0000e+00
       1310    139.748     1.5768   2.867170    32.7240    26.1784 0.0000e+00
       1311    139.768     1.5811   2.868122    32.7315    26.1841 0.0000e+00
       1312    139.780     1.5829   2.868124    32.7297    26.1825 0.0000e+00
       1313    139.781     1.5825   2.867983    32.7283    26.1815 0.0000e+00
       1314    139.778     1.5802   2.868009    32.7310    26.1838 0.0000e+00
       1315    139.778     1.5760   2.867908    32.7341    26.1866 0.0000e+00
       1316    139.788     1.5707   2.867524    32.7348    26.1875 0.0000e+00
       1317    139.804     1.5654   2.867133    32.7354    26.1883 0.0000e+00
       1318    139.818     1.5614   2.866957    32.7373    26.1901 0.0000e+00
       1319    139.821     1.5599   2.867093    32.7406    26.1929 0.0000e+00
       1320    139.813     1.5615   2.867373    32.7425    26.1942 0.0000e+00
       1321    139.804     1.5640   2.867506    32.7415    26.1933 0.0000e+00
       1322    139.803     1.5654   2.867365    32.7383    26.1907 0.0000e+00
       1323    139.813     1.5661   2.867123    32.7345    26.1876 0.0000e+00
       1324    139.829     1.5673   2.867102    32.7330    26.1863 0.0000e+00
       1325    139.842     1.5685   2.867247    32.7336    26.1866 0.0000e+00
       1326    139.842     1.5692   2.867303    32.7335    26.1866 0.0000e+00
       1327    139.831     1.5694   2.867284    32.7331    26.1862 0.0000e+00
       1328    139.818     1.5691   2.867296    32.7336    26.1866 0.0000e+00
       1329    139.812     1.5674   2.867257    32.7349    26.1877 0.0000e+00
       1330    139.818     1.5632   2.866974    32.7357    26.1887 0.0000e+00
       1331    139.830     1.5581   2.866633    32.7367    26.1898 0.0000e+00
       1332    139.836     1.5564   2.866647    32.7386    26.1915 0.0000e+00
       1333    139.827     1.5588   2.866840    32.7385    26.1913 0.0000e+00
       1334    139.804     1.5617   2.866848    32.7356    26.1888 0.0000e+00
       1335    139.780     1.5621   2.866688    32.7332    26.1868 0.0000e+00
       1336    139.774     1.5615   2.866514    32.7316    26.1856 0.0000e+00
       1337    139.785     1.5627   2.866500    32.7302    26.1844 0.0000e+00
       1338    139.796     1.5658   2.866725    32.7298    26.1838 0.0000e+00
       1339    139.793     1.5684   2.867008    32.7307    26.1843 0.0000e+00
       1340    139.781     1.5690   2.867141    32.7317    26.1851 0.0000e+00
       1341    139.772     1.5680   2.867114    32.7324    26.1858 0.0000e+00
       1342    139.775     1.5657   2.866962    32.7329    26.1863 0.0000e+00
       1343    139.785     1.5631   2.866746    32.7329    26.1865 0.0000e+00
       1344    139.788     1.5615   2.866651    32.7334    26.1870 0.0000e+00
       1345    139.775     1.5610   2.866717    32.7347    26.1881 0.0000e+00
       1346    139.758     1.5603   2.866681    32.7350    26.1884 0.0000e+00
       1347    139.752     1.5587   2.866384    32.7329    26.1868 0.0000e+00
       1348    139.765     1.5572   2.866136    32.7314    26.1856 0.0000e+00
       1349    139.784     1.5569   2.866214    32.7326    26.1867 0.0000e+00
       1350    139.790     1.5577   2.866421    32.7344    26.1881 0.0000e+00
       1351    139.772     1.5589   2.866524    32.7345    26.1880 0.0000e+00
       1352    139.736     1.5583   2.866426    32.7339    26.1876 0.0000e+00
       1353    139.701     1.5537   2.865946    32.7326    26.1869 0.0000e+00
       1354    139.697     1.5475   2.865331    32.7313    26.1863 0.0000e+00
       1355    139.725     1.5437   2.865174    32.7333    26.1881 0.0000e+00
       1356    139.761     1.5427   2.865376    32.7369    26.1910 0.0000e+00
       1357    139.779     1.5435   2.865600    32.7389    26.1926 0.0000e+00
       1358    139.768     1.5458   2.865816    32.7392    26.1927 0.0000e+00
       1359    139.745     1.5492   2.865881    32.7365    26.1903 0.0000e+00
       1360    139.739     1.5524   2.865895    32.7333    26.1876 0.0000e+00
       1361    139.757     1.5544   2.866016    32.7328    26.1870 0.0000e+00
       1362    139.782     1.5549   2.866059    32.7328    26.1869 0.0000e+00
       1363    139.799     1.5554   2.866012    32.7317    26.1860 0.0000e+00
       1364    139.813     1.5570   2.866014    32.7300    26.1846 0.0000e+00
       1365    139.824     1.5586   2.866060    32.7289    26.1836 0.0000e+00
       1366    139.827     1.5589   2.866106    32.7292    26.1838 0.0000e+00
       1367    139.827     1.5585   2.866131    32.7299    26.1844 0.0000e+00
       1368    139.837     1.5589   2.866191    32.7302    26.1846 0.0000e+00
       1369    139.855     1.5612   2.866346    32.7298    26.1841 0.0000e+00
       1370    139.871     1.5644   2.866520    32.7287    26.1830 0.0000e+00
       1371    139.873     1.5665   2.866567    32.7271    26.1816 0.0000e+00
       1372    139.860     1.5666   2.866549    32.7267    26.1813 0.0000e+00
       1373    139.848     1.5653   2.866639    32.7292    26.1834 0.0000e+00
       1374    139.853     1.5631   2.866614    32.7312    26.1851 0.0000e+00
       1375    139.872     1.5622   2.866470    32.7303    26.1845 0.0000e+00
       1376    139.893     1.5638   2.866532    32.7294    26.1836 0.0000e+00
       1377    139.906     1.5656   2.866615    32.7286    26.1828 0.0000e+00
       1378    139.909     1.5655   2.866563    32.7280    26.1824 0.0000e+00
       1379    139.909     1.5648   2.866540    32.7285    26.1828 0.0000e+00
       1380    139.910     1.5655   2.866599    32.7285    26.1828 0.0000e+00
       1381    139.910     1.5677   2.866683    32.7273    26.1816 0.0000e+00
       1382    139.909     1.5698   2.866818    32.7268    26.1811 0.0000e+00
       1383    139.905     1.5714   2.867121    32.7289    26.1827 0.0000e+00
       1384    139.899     1.5726   2.867451    32.7318    26.1850 0.0000e+00
       1385    139.892     1.5737   2.867635    32.7330    26.1858 0.0000e+00
       1386    139.882     1.5747   2.867715    32.7330    26.1858 0.0000e+00
       1387    139.866     1.5768   2.867825    32.7322    26.1850 0.0000e+00
       1388    139.851     1.5816   2.868284    32.7330    26.1853 0.0000e+00
       1389    139.848     1.5870   2.868954    32.7358    26.1872 0.0000e+00
       1390    139.859     1.5890   2.868986    32.7341    26.1857 0.0000e+00
       1391    139.867     1.5869   2.868416    32.7291    26.1818 0.0000e+00
       1392    139.858     1.5838   2.868116    32.7286    26.1816 0.0000e+00
       1393    139.836     1.5804   2.868150    32.7326    26.1850 0.0000e+00
       1394    139.821     1.5754   2.867953    32.7353    26.1876 0.0000e+00
       1395    139.829     1.5703   2.867507    32.7350    26.1877 0.0000e+00
       1396    139.843     1.5676   2.867250    32.7345    26.1875 0.0000e+00
       1397    139.842     1.5676   2.867245    32.7345    26.1874 0.0000e+00
       1398    139.827     1.5695   2.867358    32.7339    26.1869 0.0000e+00
       1399    139.809     1.5732   2.867683    32.7342    26.1868 0.0000e+00
       1400    139.800     1.5781   2.868188    32.7355    26.1875 0.0000e+00
       1401    139.812     1.5821   2.868600    32.7365    26.1881 0.0000e+00
       1402    139.840     1.5828   2.868753    32.7377    26.1890 0.0000e+00
       1403    139.862     1.5798   2.868613    32.7390    26.1902 0.0000e+00
       1404    139.869     1.5761   2.868285    32.7387    26.1903 0.0000e+00
       1405    139.873     1.5743   2.868067    32.7378    26.1897 0.0000e+00
       1406    139.881     1.5736   2.868006    32.7378    26.1897 0.0000e+00
       1407    139.890     1.5728   2.867944    32.7378    26.1898 0.0000e+00
       1408    139.891     1.5721   2.867897    32.7380    26.1899 0.0000e+00
       1409    139.886     1.5722   2.867866    32.7375    26.1895 0.0000e+00
       1410    139.884     1.5736   2.867902    32.7365    26.1886 0.0000e+00
       1411    139.891     1.5763   2.868124    32.7365    26.1884 0.0000e+00
       1412    139.907     1.5784   2.868336    32.7369    26.1887 0.0000e+00
       1413    139.917     1.5791   2.868332    32.7362    26.1880 0.0000e+00
       1414    139.915     1.5786   2.868252    32.7357    26.1877 0.0000e+00
       1415    139.907     1.5761   2.868084    32.7362    26.1882 0.0000e+00
       1416    139.906     1.5715   2.867645    32.7354    26.1879 0.0000e+00
       1417    139.912     1.5679   2.867269    32.7344    26.1874 0.0000e+00
       1418    139.909     1.5669   2.867272    32.7355    26.1883 0.0000e+00
       1419    139.892     1.5669   2.867384    32.7369    26.1894 0.0000e+00
       1420    139.867     1.5666   2.867406    32.7375    26.1900 0.0000e+00
       1421    139.845     1.5660   2.867341    32.7373    26.1898 0.0000e+00
       1422    139.843     1.5650   2.867195    32.7366    26.1893 0.0000e+00
       1423    139.866     1.5635   2.867066    32.7365    26.1893 0.0000e+00
       1424    139.894     1.5621   2.866988    32.7369    26.1898 0.0000e+00
       1425    139.909     1.5613   2.866950    32.7373    26.1901 0.0000e+00
       1426    139.913     1.5608   2.866942    32.7377    26.1905 0.0000e+00
       1427    139.921     1.5604   2.866914    32.7378    26.1906 0.0000e+00
       1428    139.935     1.5600   2.866865    32.7375    26.1904 0.0000e+00
       1429    139.950     1.5597   2.866793    32.7369    26.1899 0.0000e+00
       1430    139.965     1.5594   2.866696    32.7360    26.1892 0.0000e+00
       1431    139.976     1.5591   2.866635    32.7356    26.1889 0.0000e+00
       1432    139.974     1.5589   2.866683    32.7364    26.1895 0.0000e+00
       1433    139.960     1.5591   2.866828    32.7380    26.1908 0.0000e+00
       1434    139.943     1.5596   2.866947    32.7390    26.1916 0.0000e+00
       1435    139.930     1.5596   2.866951    32.7390    26.1916 0.0000e+00
