Datasets/Test_Dataset_39219_tow/tel219_2021_060.cnv
* Sea-Bird SBE19plus Data File:
* Filename = C:/AQUIRE/tel219_2021_060.hex
* Software Version AquireV2 AF V2.0
* Temperature SN =  4020
* Conductivity SN =  4020
* System UpLoad Time = May 14 2021 11:52:45
** VESSEL/TRIP/SEQ STN: tel219_2021_060
** LATITUDE: 45 01.95 N
** LONGITUDE: 54 42.02 W
** DATE/TIME: 2021-05-14 11:01
** SOUNDING DEPTH (M): 0322
** PROBE TYPE: S4020
** CTD NUMBER:  60
** FORMAT: T
** COMMENTS: 
# nquan = 7                                 
# nvalues = 3145                        
# units = specified
# name 0 = scan: Scan Count
# name 1 = prdM: Pressure, Strain Gauge [db]
# name 2 = tv290C: Temperature [ITS-90, deg C]
# name 3 = c0S/m: Conductivity [S/m]
# name 4 = sal00: Salinity, Practical [PSU]
# name 5 = sigma-t00: Density [sigma-t, kg/m^3 ]
# name 6 = flag: flag
# span 0 =          1,       3145       
# span 1 =     -0.580,    288.177       
# span 2 =     0.9282,     9.6255       
# span 3 =   0.008095,   3.791595       
# span 4 =     0.0601,    35.1669       
# span 5 =     0.0121,    27.2682       
# span 6 = 0.0000e+00, 0.0000e+00       
# interval = seconds: 1
# start_time = May 14 2021 11:01:29 [Instrument's time stamp, header]
# bad_flag = -9.990e-29
*END*
[from data line 2667]
       2668      5.068     5.2793   3.146329    32.4222    25.6008 0.0000e+00
       2669      4.993     5.2775   3.146317    32.4239    25.6023 0.0000e+00
       2670      4.886     5.2771   3.146446    32.4258    25.6039 0.0000e+00
       2671      4.705     5.2774   3.146568    32.4270    25.6048 0.0000e+00
       2672      4.499     5.2775   3.146538    32.4266    25.6045 0.0000e+00
       2673      4.319     5.2778   3.146502    32.4260    25.6040 0.0000e+00
       2674      4.125     5.2789   3.146671    32.4270    25.6046 0.0000e+00
       2675      3.879     5.2805   3.146947    32.4287    25.6058 0.0000e+00
       2676      3.576     5.2817   3.147052    32.4289    25.6058 0.0000e+00
       2677      3.196     5.2828   3.146927    32.4266    25.6039 0.0000e+00
       2678      2.740     5.2844   3.146740    32.4231    25.6010 0.0000e+00
       2679      2.252     5.2860   3.146607    32.4203    25.5986 0.0000e+00
       2680      1.774     5.2864   3.146546    32.4195    25.5978 0.0000e+00
       2681      1.332     5.2856   3.146465    32.4195    25.5980 0.0000e+00
       2682      0.955     5.2844   3.146250    32.4184    25.5972 0.0000e+00
       2683      0.672     5.2837   3.146010    32.4165    25.5958 0.0000e+00
       2684      0.508     5.2842   3.145913    32.4150    25.5946 0.0000e+00
       2685      0.425     5.2862   3.145998    32.4141    25.5936 0.0000e+00
       2686      0.346     5.2902   3.146239    32.4130    25.5923 0.0000e+00
       2687      0.261     5.2955   3.146654    32.4126    25.5914 0.0000e+00
       2688      0.210     5.3005   3.147102    32.4129    25.5911 0.0000e+00
       2689      0.226     5.3030   3.147325    32.4130    25.5909 0.0000e+00
       2690      0.288     5.3032   3.147426    32.4140    25.5916 0.0000e+00
       2691      0.315     5.3029   3.147529    32.4154    25.5928 0.0000e+00
       2692      0.247     5.3023   3.147565    32.4164    25.5936 0.0000e+00
       2693      0.086     5.3009   3.147522    32.4174    25.5945 0.0000e+00
       2694     -0.107     5.2992   3.147543    32.4194    25.5963 0.0000e+00
       2695     -0.257     5.2977   3.147607    32.4216    25.5983 0.0000e+00
       2696     -0.327     5.2964   3.147550    32.4223    25.5989 0.0000e+00
       2697     -0.310     5.2953   3.147442    32.4221    25.5989 0.0000e+00
       2698     -0.244     5.2940   3.147013    32.4184    25.5962 0.0000e+00
       2699     -0.190     5.2926   3.146590    32.4149    25.5935 0.0000e+00
       2700     -0.173     5.2916   3.146815    32.4185    25.5965 0.0000e+00
       2701     -0.199     5.2905   3.146972    32.4213    25.5988 0.0000e+00
       2702     -0.246     5.2889   3.146811    32.4211    25.5988 0.0000e+00
       2703     -0.276     5.2879   3.146742    32.4213    25.5991 0.0000e+00
       2704     -0.288     5.2883   3.146568    32.4189    25.5972 0.0000e+00
       2705     -0.310     5.2898   3.146426    32.4158    25.5946 0.0000e+00
       2706     -0.343     5.2917   3.146623    32.4163    25.5947 0.0000e+00
       2707     -0.371     5.2929   3.146816    32.4173    25.5954 0.0000e+00
       2708     -0.390     5.2934   3.146807    32.4167    25.5949 0.0000e+00
       2709     -0.413     5.2938   3.146813    32.4164    25.5946 0.0000e+00
       2710     -0.452     5.2948   3.099838    31.8805    25.1703 0.0000e+00
       2711     -0.508     5.2950   2.557441    25.7906    20.3555 0.0000e+00
       2712     -0.556     5.2933   1.405635    13.4315    10.6016 0.0000e+00
       2713     -0.579     5.2914   0.754552     6.8675     5.4175 0.0000e+00
       2714     -0.579     5.2919   1.299899    12.3415     9.7415 0.0000e+00
       2715     -0.570     5.2942   2.326241    23.2455    18.3457 0.0000e+00
       2716     -0.562     5.2957   2.874347    29.3283    23.1513 0.0000e+00
       2717     -0.564     5.2945   2.267040    22.5984    17.8348 0.0000e+00
       2718     -0.572     5.2919   0.973697     9.0340     7.1300 0.0000e+00
       2719     -0.577     5.2905   0.281162     2.3967     1.8738 0.0000e+00
       2720     -0.578     5.2904   0.193277     1.6127     1.2500 0.0000e+00
       2721     -0.580     5.2904   0.164053     1.3570     1.0462 0.0000e+00
       2722     -0.578     5.2902   0.145898     1.1995     0.9207 0.0000e+00
       2723     -0.576     5.2904   0.130519     1.0671     0.8150 0.0000e+00
       2724     -0.577     5.2912   0.114448     0.9296     0.7054 0.0000e+00
       2725     -0.578     5.2924   0.096544     0.7779     0.5842 0.0000e+00
       2726     -0.575     5.2930   0.083073     0.6648     0.4938 0.0000e+00
       2727     -0.570     5.2932   0.075134     0.5986     0.4409 0.0000e+00
       2728     -0.567     5.2934   0.069796     0.5543     0.4055 0.0000e+00
       2729     -0.565     5.2935   0.065941     0.5224     0.3800 0.0000e+00
       2730     -0.566     5.2934   0.062825     0.4967     0.3594 0.0000e+00
       2731     -0.568     5.2929   0.060625     0.4786     0.3449 0.0000e+00
       2732     -0.568     5.2920   0.059765     0.4715     0.3393 0.0000e+00
       2733     -0.565     5.2912   0.061543     0.4862     0.3510 0.0000e+00
       2734     -0.561     5.2904   0.063931     0.5058     0.3668 0.0000e+00
       2735     -0.557     5.2897   0.062127     0.4910     0.3549 0.0000e+00
       2736     -0.552     5.2889   0.058193     0.4587     0.3291 0.0000e+00
       2737     -0.549     5.2882   0.055392     0.4357     0.3107 0.0000e+00
       2738     -0.546     5.2876   0.053392     0.4194     0.2977 0.0000e+00
       2739     -0.541     5.2871   0.051738     0.4059     0.2869 0.0000e+00
       2740     -0.537     5.2866   0.049906     0.3909     0.2749 0.0000e+00
       2741     -0.533     5.2862   0.047891     0.3745     0.2618 0.0000e+00
       2742     -0.529     5.2857   0.046079     0.3598     0.2501 0.0000e+00
       2743     -0.528     5.2853   0.044658     0.3483     0.2408 0.0000e+00
       2744     -0.526     5.2850   0.043645     0.3401     0.2343 0.0000e+00
       2745     -0.523     5.2847   0.043017     0.3350     0.2302 0.0000e+00
       2746     -0.520     5.2843   0.042451     0.3304     0.2266 0.0000e+00
       2747     -0.517     5.2840   0.041577     0.3234     0.2209 0.0000e+00
       2748     -0.516     5.2837   0.040510     0.3148     0.2140 0.0000e+00
       2749     -0.516     5.2834   0.039590     0.3074     0.2081 0.0000e+00
       2750     -0.513     5.2830   0.038929     0.3020     0.2039 0.0000e+00
       2751     -0.508     5.2828   0.038531     0.2988     0.2013 0.0000e+00
       2752     -0.505     5.2826   0.038311     0.2971     0.1999 0.0000e+00
       2753     -0.503     5.2823   0.037931     0.2940     0.1974 0.0000e+00
       2754     -0.501     5.2821   0.037245     0.2885     0.1930 0.0000e+00
       2755     -0.497     5.2819   0.036519     0.2827     0.1884 0.0000e+00
       2756     -0.495     5.2817   0.035981     0.2784     0.1849 0.0000e+00
       2757     -0.495     5.2815   0.035632     0.2756     0.1827 0.0000e+00
       2758     -0.494     5.2813   0.035434     0.2740     0.1814 0.0000e+00
       2759     -0.491     5.2813   0.035237     0.2724     0.1801 0.0000e+00
       2760     -0.486     5.2811   0.034814     0.2690     0.1774 0.0000e+00
       2761     -0.483     5.2809   0.034208     0.2641     0.1735 0.0000e+00
       2762     -0.483     5.2808   0.033681     0.2599     0.1702 0.0000e+00
       2763     -0.483     5.2806   0.033331     0.2571     0.1679 0.0000e+00
       2764     -0.482     5.2805   0.033099     0.2553     0.1665 0.0000e+00
       2765     -0.483     5.2803   0.032940     0.2540     0.1654 0.0000e+00
       2766     -0.483     5.2801   0.032791     0.2528     0.1645 0.0000e+00
       2767     -0.480     5.2800   0.032522     0.2507     0.1628 0.0000e+00
       2768     -0.475     5.2798   0.032075     0.2471     0.1599 0.0000e+00
       2769     -0.471     5.2797   0.031584     0.2432     0.1568 0.0000e+00
       2770     -0.471     5.2797   0.031214     0.2402     0.1544 0.0000e+00
       2771     -0.472     5.2796   0.031055     0.2390     0.1534 0.0000e+00
       2772     -0.468     5.2794   0.031124     0.2395     0.1538 0.0000e+00
       2773     -0.459     5.2793   0.031259     0.2406     0.1547 0.0000e+00
       2774     -0.453     5.2791   0.031125     0.2395     0.1539 0.0000e+00
       2775     -0.451     5.2790   0.030662     0.2358     0.1509 0.0000e+00
       2776     -0.450     5.2790   0.030166     0.2319     0.1477 0.0000e+00
       2777     -0.449     5.2790   0.029855     0.2294     0.1458 0.0000e+00
       2778     -0.449     5.2788   0.029714     0.2283     0.1449 0.0000e+00
       2779     -0.448     5.2786   0.029710     0.2283     0.1448 0.0000e+00
       2780     -0.448     5.2786   0.029768     0.2287     0.1452 0.0000e+00
       2781     -0.448     5.2786   0.029688     0.2281     0.1447 0.0000e+00
       2782     -0.445     5.2784   0.029378     0.2256     0.1427 0.0000e+00
       2783     -0.441     5.2782   0.028993     0.2226     0.1403 0.0000e+00
       2784     -0.439     5.2782   0.028703     0.2203     0.1384 0.0000e+00
       2785     -0.438     5.2781   0.028513     0.2188     0.1372 0.0000e+00
       2786     -0.436     5.2779   0.028406     0.2179     0.1366 0.0000e+00
       2787     -0.432     5.2778   0.028398     0.2178     0.1365 0.0000e+00
       2788     -0.427     5.2778   0.028407     0.2179     0.1366 0.0000e+00
       2789     -0.426     5.2778   0.028301     0.2171     0.1359 0.0000e+00
       2790     -0.429     5.2778   0.028075     0.2153     0.1345 0.0000e+00
       2791     -0.431     5.2778   0.027843     0.2134     0.1330 0.0000e+00
       2792     -0.430     5.2776   0.027720     0.2125     0.1322 0.0000e+00
       2793     -0.426     5.2775   0.027769     0.2129     0.1325 0.0000e+00
       2794     -0.424     5.2775   0.027866     0.2136     0.1331 0.0000e+00
       2795     -0.425     5.2775   0.027773     0.2129     0.1325 0.0000e+00
       2796     -0.424     5.2775   0.027490     0.2106     0.1307 0.0000e+00
       2797     -0.420     5.2774   0.027223     0.2085     0.1290 0.0000e+00
       2798     -0.416     5.2773   0.027080     0.2074     0.1281 0.0000e+00
       2799     -0.413     5.2773   0.027054     0.2072     0.1280 0.0000e+00
       2800     -0.410     5.2771   0.027080     0.2074     0.1281 0.0000e+00
       2801     -0.408     5.2771   0.027018     0.2069     0.1278 0.0000e+00
       2802     -0.405     5.2770   0.026812     0.2053     0.1264 0.0000e+00
       2803     -0.403     5.2769   0.026552     0.2032     0.1248 0.0000e+00
       2804     -0.401     5.2768   0.026347     0.2016     0.1235 0.0000e+00
       2805     -0.398     5.2768   0.026237     0.2007     0.1228 0.0000e+00
       2806     -0.396     5.2768   0.026197     0.2004     0.1225 0.0000e+00
       2807     -0.398     5.2768   0.026171     0.2002     0.1224 0.0000e+00
       2808     -0.400     5.2767   0.026117     0.1998     0.1220 0.0000e+00
       2809     -0.399     5.2767   0.026016     0.1990     0.1214 0.0000e+00
       2810     -0.395     5.2767   0.025872     0.1978     0.1205 0.0000e+00
       2811     -0.390     5.2766   0.025713     0.1966     0.1195 0.0000e+00
       2812     -0.388     5.2766   0.025561     0.1954     0.1185 0.0000e+00
       2813     -0.389     5.2765   0.025416     0.1942     0.1176 0.0000e+00
       2814     -0.389     5.2764   0.025310     0.1934     0.1169 0.0000e+00
       2815     -0.387     5.2763   0.025286     0.1932     0.1168 0.0000e+00
       2816     -0.384     5.2763   0.025351     0.1937     0.1172 0.0000e+00
       2817     -0.384     5.2763   0.025391     0.1940     0.1175 0.0000e+00
       2818     -0.385     5.2762   0.025269     0.1931     0.1167 0.0000e+00
       2819     -0.385     5.2761   0.025025     0.1911     0.1151 0.0000e+00
       2820     -0.382     5.2761   0.024822     0.1895     0.1139 0.0000e+00
       2821     -0.378     5.2760   0.024811     0.1894     0.1138 0.0000e+00
       2822     -0.377     5.2760   0.024981     0.1908     0.1149 0.0000e+00
       2823     -0.378     5.2760   0.025102     0.1917     0.1156 0.0000e+00
       2824     -0.377     5.2760   0.025014     0.1911     0.1151 0.0000e+00
       2825     -0.374     5.2759   0.024841     0.1897     0.1140 0.0000e+00
       2826     -0.372     5.2759   0.024772     0.1891     0.1135 0.0000e+00
       2827     -0.373     5.2759   0.024791     0.1893     0.1137 0.0000e+00
       2828     -0.374     5.2758   0.024715     0.1887     0.1132 0.0000e+00
       2829     -0.372     5.2758   0.024500     0.1870     0.1118 0.0000e+00
       2830     -0.370     5.2756   0.024272     0.1852     0.1104 0.0000e+00
       2831     -0.369     5.2756   0.024188     0.1845     0.1099 0.0000e+00
       2832     -0.368     5.2756   0.024342     0.1857     0.1108 0.0000e+00
       2833     -0.367     5.2756   0.024597     0.1878     0.1124 0.0000e+00
       2834     -0.369     5.2756   0.024652     0.1882     0.1128 0.0000e+00
       2835     -0.372     5.2756   0.024440     0.1865     0.1114 0.0000e+00
       2836     -0.372     5.2755   0.024170     0.1844     0.1097 0.0000e+00
       2837     -0.367     5.2754   0.023987     0.1829     0.1086 0.0000e+00
       2838     -0.363     5.2753   0.023928     0.1825     0.1082 0.0000e+00
       2839     -0.362     5.2753   0.024034     0.1833     0.1089 0.0000e+00
       2840     -0.360     5.2753   0.024217     0.1848     0.1100 0.0000e+00
       2841     -0.359     5.2753   0.024268     0.1852     0.1104 0.0000e+00
       2842     -0.356     5.2752   0.024105     0.1839     0.1093 0.0000e+00
       2843     -0.352     5.2752   0.023867     0.1820     0.1078 0.0000e+00
       2844     -0.348     5.2752   0.023689     0.1806     0.1067 0.0000e+00
       2845     -0.347     5.2752   0.023594     0.1799     0.1061 0.0000e+00
       2846     -0.349     5.2752   0.023587     0.1798     0.1061 0.0000e+00
       2847     -0.349     5.2752   0.023629     0.1801     0.1063 0.0000e+00
       2848     -0.347     5.2752   0.023604     0.1799     0.1062 0.0000e+00
       2849     -0.346     5.2752   0.023455     0.1788     0.1052 0.0000e+00
       2850     -0.345     5.2751   0.023256     0.1772     0.1040 0.0000e+00
       2851     -0.344     5.2751   0.023100     0.1760     0.1030 0.0000e+00
       2852     -0.344     5.2751   0.023036     0.1755     0.1026 0.0000e+00
       2853     -0.345     5.2751   0.023085     0.1758     0.1029 0.0000e+00
       2854     -0.345     5.2751   0.023157     0.1764     0.1034 0.0000e+00
       2855     -0.343     5.2751   0.023099     0.1760     0.1030 0.0000e+00
       2856     -0.343     5.2751   0.022905     0.1744     0.1018 0.0000e+00
       2857     -0.343     5.2752   0.022709     0.1729     0.1005 0.0000e+00
       2858     -0.343     5.2752   0.022609     0.1721     0.0999 0.0000e+00
       2859     -0.342     5.2752   0.022581     0.1719     0.0997 0.0000e+00
       2860     -0.338     5.2752   0.022520     0.1714     0.0993 0.0000e+00
       2861     -0.334     5.2752   0.022411     0.1705     0.0986 0.0000e+00
       2862     -0.335     5.2752   0.022329     0.1699     0.0981 0.0000e+00
       2863     -0.337     5.2752   0.022341     0.1700     0.0982 0.0000e+00
       2864     -0.333     5.2752   0.022419     0.1706     0.0987 0.0000e+00
       2865     -0.329     5.2752   0.022420     0.1706     0.0987 0.0000e+00
       2866     -0.328     5.2752   0.022281     0.1695     0.0978 0.0000e+00
       2867     -0.327     5.2752   0.022106     0.1681     0.0967 0.0000e+00
       2868     -0.325     5.2752   0.022005     0.1674     0.0961 0.0000e+00
       2869     -0.324     5.2752   0.021991     0.1672     0.0960 0.0000e+00
       2870     -0.325     5.2752   0.022014     0.1674     0.0961 0.0000e+00
       2871     -0.326     5.2752   0.021991     0.1672     0.0960 0.0000e+00
