Datasets/Test_Dataset_39219_tow/tel219_2021_037.cnv
* Sea-Bird SBE19plus Data File:
* Filename = C:/AQUIRE/tel219_2021_037.hex
* Software Version AquireV2 AF V2.0
* Temperature SN =  4020
* Conductivity SN =  4020
* System UpLoad Time = May 11 2021 17:38:07
** VESSEL/TRIP/SEQ STN: tel219_2021_037
** LATITUDE: 45 17.30 N
** LONGITUDE: 56 58.17 W
** DATE/TIME: 2021-05-11 16:31
** SOUNDING DEPTH (M): 0425
** PROBE TYPE: S4020
** CTD NUMBER:  37
** FORMAT: t
** COMMENTS: 
# nquan = 7                                 
# nvalues = 4101                        
# units = specified
# name 0 = scan: Scan Count
# name 1 = prdM: Pressure, Strain Gauge [db]
# name 2 = tv290C: Temperature [ITS-90, deg C]
# name 3 = c0S/m: Conductivity [S/m]
# name 4 = sal00: Salinity, Practical [PSU]
# name 5 = sigma-t00: Density [sigma-t, kg/m^3 ]
# name 6 = flag: flag
# span 0 =          1,       4101       
# span 1 =     -0.568,    431.285       
# span 2 =     1.1953,    11.4398       
# span 3 =   0.010973,   3.982962       
# span 4 =     0.0786,    35.3337       
# span 5 =    -0.0290,    27.6453       
# span 6 = 0.0000e+00, 0.0000e+00       
# interval = seconds: 1
# start_time = May 11 2021 16:31:09 [Instrument's time stamp, header]
# bad_flag = -9.990e-29
*END*
[from data line 1847]
       1848    418.802     5.7293   3.433630    35.0312    27.6117 0.0000e+00
       1849    419.009     5.7294   3.434065    35.0359    27.6154 0.0000e+00
       1850    419.216     5.7294   3.434327    35.0388    27.6177 0.0000e+00
       1851    419.417     5.7284   3.433896    35.0348    27.6147 0.0000e+00
       1852    419.606     5.7259   3.433237    35.0298    27.6111 0.0000e+00
       1853    419.788     5.7221   3.432656    35.0271    27.6094 0.0000e+00
       1854    419.972     5.7179   3.432162    35.0257    27.6088 0.0000e+00
       1855    420.168     5.7142   3.431877    35.0262    27.6097 0.0000e+00
       1856    420.377     5.7119   3.431704    35.0265    27.6102 0.0000e+00
       1857    420.584     5.7103   3.431583    35.0267    27.6106 0.0000e+00
       1858    420.778     5.7082   3.431346    35.0261    27.6103 0.0000e+00
       1859    420.963     5.7056   3.430976    35.0245    27.6094 0.0000e+00
       1860    421.151     5.7029   3.430701    35.0241    27.6094 0.0000e+00
       1861    421.348     5.7004   3.430478    35.0240    27.6097 0.0000e+00
       1862    421.549     5.6981   3.430287    35.0241    27.6101 0.0000e+00
       1863    421.745     5.6961   3.430246    35.0256    27.6115 0.0000e+00
       1864    421.931     5.6945   3.430192    35.0266    27.6124 0.0000e+00
       1865    422.107     5.6930   3.430035    35.0263    27.6124 0.0000e+00
       1866    422.279     5.6919   3.429815    35.0248    27.6114 0.0000e+00
       1867    422.461     5.6906   3.429516    35.0227    27.6098 0.0000e+00
       1868    422.664     5.6899   3.429473    35.0228    27.6100 0.0000e+00
       1869    422.878     5.6902   3.429956    35.0279    27.6140 0.0000e+00
       1870    423.080     5.6908   3.430267    35.0307    27.6162 0.0000e+00
       1871    423.261     5.6898   3.429868    35.0271    27.6134 0.0000e+00
       1872    423.431     5.6866   3.429216    35.0229    27.6105 0.0000e+00
       1873    423.605     5.6819   3.428593    35.0206    27.6093 0.0000e+00
       1874    423.792     5.6782   3.428207    35.0200    27.6093 0.0000e+00
       1875    423.990     5.6765   3.428132    35.0208    27.6101 0.0000e+00
       1876    424.187     5.6760   3.428071    35.0205    27.6099 0.0000e+00
       1877    424.371     5.6752   3.427956    35.0199    27.6096 0.0000e+00
       1878    424.544     5.6739   3.427876    35.0203    27.6100 0.0000e+00
       1879    424.714     5.6727   3.427779    35.0203    27.6102 0.0000e+00
       1880    424.886     5.6718   3.427639    35.0196    27.6097 0.0000e+00
       1881    425.062     5.6709   3.427573    35.0197    27.6099 0.0000e+00
       1882    425.237     5.6700   3.427501    35.0197    27.6101 0.0000e+00
       1883    425.409     5.6690   3.427301    35.0184    27.6091 0.0000e+00
       1884    425.583     5.6671   3.427014    35.0170    27.6083 0.0000e+00
       1885    425.764     5.6646   3.426713    35.0161    27.6079 0.0000e+00
       1886    425.955     5.6627   3.426612    35.0168    27.6087 0.0000e+00
       1887    426.149     5.6620   3.426752    35.0190    27.6105 0.0000e+00
       1888    426.335     5.6612   3.426783    35.0201    27.6115 0.0000e+00
       1889    426.509     5.6601   3.426533    35.0183    27.6102 0.0000e+00
       1890    426.677     5.6590   3.426260    35.0163    27.6087 0.0000e+00
       1891    426.847     5.6579   3.426168    35.0163    27.6089 0.0000e+00
       1892    427.015     5.6570   3.426190    35.0174    27.6098 0.0000e+00
       1893    427.169     5.6565   3.426224    35.0182    27.6106 0.0000e+00
       1894    427.306     5.6565   3.426326    35.0193    27.6114 0.0000e+00
       1895    427.433     5.6565   3.426391    35.0200    27.6119 0.0000e+00
       1896    427.567     5.6555   3.426137    35.0180    27.6106 0.0000e+00
       1897    427.717     5.6538   3.425746    35.0153    27.6086 0.0000e+00
       1898    427.872     5.6526   3.425769    35.0167    27.6099 0.0000e+00
       1899    428.015     5.6532   3.426267    35.0217    27.6137 0.0000e+00
       1900    428.136     5.6544   3.426436    35.0223    27.6141 0.0000e+00
       1901    428.239     5.6538   3.425916    35.0169    27.6099 0.0000e+00
       1902    428.336     5.6516   3.425366    35.0129    27.6070 0.0000e+00
       1903    428.437     5.6495   3.425146    35.0125    27.6070 0.0000e+00
       1904    428.538     5.6486   3.425186    35.0139    27.6081 0.0000e+00
       1905    428.629     5.6483   3.425293    35.0154    27.6093 0.0000e+00
       1906    428.709     5.6485   3.425254    35.0147    27.6088 0.0000e+00
       1907    428.785     5.6487   3.425172    35.0135    27.6078 0.0000e+00
       1908    428.861     5.6491   3.425286    35.0143    27.6084 0.0000e+00
       1909    428.927     5.6495   3.425517    35.0165    27.6101 0.0000e+00
       1910    428.978     5.6495   3.425490    35.0162    27.6098 0.0000e+00
       1911    429.022     5.6492   3.425221    35.0134    27.6077 0.0000e+00
       1912    429.072     5.6487   3.425095    35.0125    27.6070 0.0000e+00
       1913    429.128     5.6487   3.425271    35.0144    27.6086 0.0000e+00
       1914    429.179     5.6494   3.425498    35.0163    27.6099 0.0000e+00
       1915    429.215     5.6495   3.425415    35.0152    27.6091 0.0000e+00
       1916    429.236     5.6489   3.425147    35.0128    27.6072 0.0000e+00
       1917    429.256     5.6485   3.425005    35.0116    27.6063 0.0000e+00
       1918    429.284     5.6486   3.425009    35.0115    27.6062 0.0000e+00
       1919    429.319     5.6486   3.425046    35.0119    27.6065 0.0000e+00
       1920    429.356     5.6483   3.425046    35.0122    27.6068 0.0000e+00
       1921    429.389     5.6480   3.425059    35.0126    27.6072 0.0000e+00
       1922    429.412     5.6479   3.425079    35.0129    27.6075 0.0000e+00
       1923    429.426     5.6477   3.425026    35.0125    27.6072 0.0000e+00
       1924    429.438     5.6475   3.424958    35.0120    27.6067 0.0000e+00
       1925    429.455     5.6476   3.424949    35.0118    27.6066 0.0000e+00
       1926    429.476     5.6478   3.424986    35.0120    27.6067 0.0000e+00
       1927    429.493     5.6478   3.425008    35.0122    27.6069 0.0000e+00
       1928    429.502     5.6475   3.424973    35.0121    27.6069 0.0000e+00
       1929    429.506     5.6472   3.424935    35.0120    27.6068 0.0000e+00
       1930    429.510     5.6471   3.424921    35.0119    27.6068 0.0000e+00
       1931    429.517     5.6468   3.424891    35.0119    27.6068 0.0000e+00
       1932    429.523     5.6465   3.424832    35.0115    27.6065 0.0000e+00
       1933    429.530     5.6464   3.424789    35.0111    27.6062 0.0000e+00
       1934    429.548     5.6464   3.424810    35.0114    27.6064 0.0000e+00
       1935    429.577     5.6464   3.424912    35.0125    27.6073 0.0000e+00
       1936    429.604     5.6464   3.425021    35.0137    27.6083 0.0000e+00
       1937    429.616     5.6464   3.425004    35.0135    27.6081 0.0000e+00
       1938    429.611     5.6464   3.424894    35.0123    27.6071 0.0000e+00
       1939    429.604     5.6465   3.424820    35.0114    27.6064 0.0000e+00
       1940    429.609     5.6469   3.424807    35.0108    27.6059 0.0000e+00
       1941    429.625     5.6471   3.424832    35.0109    27.6059 0.0000e+00
       1942    429.643     5.6471   3.424872    35.0113    27.6063 0.0000e+00
       1943    429.656     5.6471   3.424859    35.0112    27.6061 0.0000e+00
       1944    429.663     5.6471   3.424814    35.0106    27.6057 0.0000e+00
       1945    429.672     5.6472   3.424804    35.0104    27.6056 0.0000e+00
       1946    429.692     5.6471   3.424815    35.0106    27.6057 0.0000e+00
       1947    429.712     5.6469   3.424824    35.0109    27.6060 0.0000e+00
       1948    429.721     5.6468   3.424822    35.0110    27.6061 0.0000e+00
       1949    429.724     5.6469   3.424818    35.0109    27.6059 0.0000e+00
       1950    429.727     5.6471   3.424819    35.0107    27.6058 0.0000e+00
       1951    429.733     5.6471   3.424816    35.0106    27.6057 0.0000e+00
       1952    429.738     5.6471   3.424812    35.0106    27.6057 0.0000e+00
       1953    429.743     5.6471   3.424808    35.0105    27.6057 0.0000e+00
       1954    429.749     5.6471   3.424797    35.0104    27.6056 0.0000e+00
       1955    429.755     5.6471   3.424783    35.0102    27.6054 0.0000e+00
       1956    429.767     5.6471   3.424778    35.0102    27.6054 0.0000e+00
       1957    429.788     5.6472   3.424813    35.0105    27.6056 0.0000e+00
       1958    429.808     5.6472   3.424882    35.0112    27.6062 0.0000e+00
       1959    429.811     5.6471   3.424891    35.0114    27.6064 0.0000e+00
       1960    429.801     5.6471   3.424825    35.0107    27.6058 0.0000e+00
       1961    429.793     5.6471   3.424779    35.0102    27.6054 0.0000e+00
       1962    429.791     5.6472   3.424811    35.0104    27.6056 0.0000e+00
       1963    429.795     5.6475   3.424895    35.0111    27.6060 0.0000e+00
       1964    429.792     5.6478   3.424932    35.0112    27.6061 0.0000e+00
       1965    429.776     5.6476   3.424869    35.0107    27.6057 0.0000e+00
       1966    429.760     5.6472   3.424781    35.0101    27.6053 0.0000e+00
       1967    429.760     5.6469   3.424744    35.0100    27.6053 0.0000e+00
       1968    429.775     5.6468   3.424757    35.0102    27.6055 0.0000e+00
       1969    429.792     5.6468   3.424793    35.0106    27.6058 0.0000e+00
       1970    429.800     5.6470   3.424806    35.0106    27.6057 0.0000e+00
       1971    429.801     5.6470   3.424777    35.0102    27.6054 0.0000e+00
       1972    429.803     5.6468   3.424743    35.0101    27.6053 0.0000e+00
       1973    429.810     5.6467   3.424732    35.0100    27.6053 0.0000e+00
       1974    429.822     5.6469   3.424745    35.0100    27.6052 0.0000e+00
       1975    429.831     5.6471   3.424762    35.0100    27.6052 0.0000e+00
       1976    429.834     5.6470   3.424757    35.0100    27.6053 0.0000e+00
       1977    429.832     5.6466   3.424733    35.0101    27.6054 0.0000e+00
       1978    429.833     5.6465   3.424720    35.0101    27.6054 0.0000e+00
       1979    429.837     5.6467   3.424734    35.0101    27.6053 0.0000e+00
       1980    429.844     5.6467   3.424750    35.0102    27.6055 0.0000e+00
       1981    429.849     5.6467   3.424744    35.0102    27.6054 0.0000e+00
       1982    429.848     5.6466   3.424725    35.0100    27.6053 0.0000e+00
       1983    429.845     5.6464   3.424706    35.0100    27.6054 0.0000e+00
       1984    429.845     5.6464   3.424697    35.0099    27.6053 0.0000e+00
       1985    429.846     5.6464   3.424704    35.0100    27.6053 0.0000e+00
       1986    429.848     5.6466   3.424717    35.0100    27.6053 0.0000e+00
       1987    429.844     5.6468   3.424735    35.0100    27.6052 0.0000e+00
       1988    429.833     5.6468   3.424743    35.0101    27.6053 0.0000e+00
       1989    429.825     5.6466   3.424729    35.0101    27.6054 0.0000e+00
       1990    429.823     5.6464   3.424709    35.0101    27.6054 0.0000e+00
       1991    429.824     5.6464   3.424705    35.0100    27.6054 0.0000e+00
       1992    429.830     5.6466   3.424719    35.0100    27.6053 0.0000e+00
       1993    429.841     5.6468   3.424740    35.0100    27.6053 0.0000e+00
       1994    429.849     5.6468   3.424753    35.0102    27.6054 0.0000e+00
       1995    429.850     5.6468   3.424752    35.0101    27.6054 0.0000e+00
       1996    429.842     5.6469   3.424748    35.0100    27.6053 0.0000e+00
       1997    429.826     5.6469   3.424738    35.0099    27.6052 0.0000e+00
       1998    429.812     5.6466   3.424706    35.0099    27.6052 0.0000e+00
       1999    429.810     5.6463   3.424669    35.0097    27.6051 0.0000e+00
       2000    429.821     5.6462   3.424663    35.0098    27.6052 0.0000e+00
       2001    429.834     5.6464   3.424687    35.0098    27.6052 0.0000e+00
       2002    429.846     5.6464   3.424703    35.0100    27.6053 0.0000e+00
       2003    429.857     5.6464   3.424703    35.0100    27.6053 0.0000e+00
       2004    429.864     5.6462   3.424694    35.0101    27.6054 0.0000e+00
       2005    429.867     5.6460   3.424682    35.0102    27.6055 0.0000e+00
       2006    429.864     5.6460   3.424666    35.0100    27.6054 0.0000e+00
       2007    429.858     5.6460   3.424654    35.0099    27.6053 0.0000e+00
       2008    429.858     5.6460   3.424656    35.0099    27.6053 0.0000e+00
       2009    429.868     5.6460   3.424663    35.0100    27.6053 0.0000e+00
       2010    429.879     5.6460   3.424662    35.0099    27.6053 0.0000e+00
       2011    429.881     5.6459   3.424653    35.0099    27.6053 0.0000e+00
       2012    429.876     5.6457   3.424641    35.0100    27.6054 0.0000e+00
       2013    429.871     5.6456   3.424634    35.0100    27.6055 0.0000e+00
       2014    429.880     5.6456   3.424634    35.0100    27.6054 0.0000e+00
       2015    429.900     5.6456   3.424636    35.0100    27.6055 0.0000e+00
       2016    429.915     5.6456   3.424645    35.0101    27.6055 0.0000e+00
       2017    429.912     5.6457   3.424662    35.0102    27.6056 0.0000e+00
       2018    429.888     5.6459   3.424671    35.0101    27.6055 0.0000e+00
       2019    429.855     5.6460   3.424665    35.0100    27.6054 0.0000e+00
       2020    429.837     5.6460   3.424658    35.0099    27.6053 0.0000e+00
       2021    429.843     5.6459   3.424647    35.0099    27.6053 0.0000e+00
       2022    429.862     5.6457   3.424628    35.0099    27.6053 0.0000e+00
       2023    429.880     5.6456   3.424624    35.0099    27.6054 0.0000e+00
       2024    429.886     5.6457   3.424633    35.0099    27.6053 0.0000e+00
       2025    429.887     5.6460   3.424653    35.0098    27.6052 0.0000e+00
       2026    429.897     5.6462   3.424674    35.0099    27.6052 0.0000e+00
       2027    429.915     5.6464   3.424696    35.0099    27.6052 0.0000e+00
       2028    429.931     5.6465   3.424706    35.0099    27.6052 0.0000e+00
       2029    429.942     5.6467   3.424723    35.0099    27.6052 0.0000e+00
       2030    429.954     5.6471   3.424755    35.0098    27.6051 0.0000e+00
       2031    429.967     5.6473   3.424777    35.0099    27.6051 0.0000e+00
       2032    429.975     5.6474   3.424778    35.0098    27.6050 0.0000e+00
       2033    429.976     5.6473   3.424773    35.0098    27.6051 0.0000e+00
       2034    429.973     5.6472   3.424771    35.0099    27.6051 0.0000e+00
       2035    429.978     5.6473   3.424776    35.0098    27.6051 0.0000e+00
       2036    429.997     5.6479   3.424808    35.0096    27.6048 0.0000e+00
       2037    430.014     5.6485   3.424846    35.0094    27.6046 0.0000e+00
       2038    430.012     5.6485   3.424862    35.0096    27.6047 0.0000e+00
       2039    429.992     5.6482   3.424858    35.0098    27.6050 0.0000e+00
       2040    429.974     5.6479   3.424830    35.0098    27.6050 0.0000e+00
       2041    429.973     5.6480   3.424826    35.0097    27.6049 0.0000e+00
       2042    429.989     5.6482   3.424863    35.0099    27.6050 0.0000e+00
       2043    430.007     5.6483   3.424885    35.0100    27.6051 0.0000e+00
       2044    430.013     5.6483   3.424875    35.0099    27.6050 0.0000e+00
       2045    430.010     5.6480   3.424856    35.0100    27.6051 0.0000e+00
       2046    430.014     5.6477   3.424819    35.0099    27.6051 0.0000e+00
       2047    430.035     5.6471   3.424768    35.0099    27.6052 0.0000e+00
       2048    430.065     5.6466   3.424731    35.0100    27.6053 0.0000e+00
       2049    430.089     5.6465   3.424724    35.0100    27.6053 0.0000e+00
       2050    430.093     5.6466   3.424735    35.0100    27.6053 0.0000e+00
       2051    430.076     5.6470   3.424765    35.0100    27.6052 0.0000e+00
