Datasets/Test_Dataset_39219_tow/tel219_2021_039.cnv
* Sea-Bird SBE19plus Data File:
* Filename = C:/AQUIRE/tel219_2021_039.hex
* Software Version AquireV2 AF V2.0
* Temperature SN =  4020
* Conductivity SN =  4020
* System UpLoad Time = May 12 2021 00:21:16
** VESSEL/TRIP/SEQ STN: tel219_2021_039
** LATITUDE: 44 54.39 N
** LONGITUDE: 56 15.83 W
** DATE/TIME: 2021-05-11 23:24
** SOUNDING DEPTH (M): 0339
** PROBE TYPE: S4020
** CTD NUMBER:  39
** FORMAT: t
** COMMENTS: 
# nquan = 7                                 
# nvalues = 3401                        
# units = specified
# name 0 = scan: Scan Count
# name 1 = prdM: Pressure, Strain Gauge [db]
# name 2 = tv290C: Temperature [ITS-90, deg C]
# name 3 = c0S/m: Conductivity [S/m]
# name 4 = sal00: Salinity, Practical [PSU]
# name 5 = sigma-t00: Density [sigma-t, kg/m^3 ]
# name 6 = flag: flag
# span 0 =          1,       3401       
# span 1 =     -0.454,    343.595       
# span 2 =     4.7090,     9.7255       
# span 3 =   0.006003,   3.807068       
# span 4 =     0.0445,    35.1755       
# span 5 =     0.0028,    27.4780       
# span 6 = 0.0000e+00, 0.0000e+00       
# interval = seconds: 1
# start_time = May 11 2021 23:24:52 [Instrument's time stamp, header]
# bad_flag = -9.990e-29
*END*
[from data line 616]
        617     -0.110     4.9509   0.006082     0.0451     0.0038 0.0000e+00
        618     -0.108     4.9502   0.006088     0.0452     0.0039 0.0000e+00
        619     -0.110     4.9497   0.006091     0.0452     0.0039 0.0000e+00
        620     -0.112     4.9494   0.006083     0.0451     0.0038 0.0000e+00
        621     -0.109     4.9493   0.006069     0.0450     0.0038 0.0000e+00
        622     -0.106     4.9494   0.006064     0.0450     0.0037 0.0000e+00
        623     -0.104     4.9497   0.006071     0.0450     0.0038 0.0000e+00
        624     -0.103     4.9502   0.006077     0.0451     0.0038 0.0000e+00
        625     -0.103     4.9507   0.006072     0.0450     0.0038 0.0000e+00
        626     -0.106     4.9511   0.006060     0.0449     0.0037 0.0000e+00
        627     -0.109     4.9511   0.006054     0.0449     0.0036 0.0000e+00
        628     -0.109     4.9509   0.006060     0.0449     0.0037 0.0000e+00
        629     -0.109     4.9509   0.006078     0.0451     0.0038 0.0000e+00
        630     -0.108     4.9509   0.006087     0.0451     0.0038 0.0000e+00
        631     -0.107     4.9511   0.006082     0.0451     0.0038 0.0000e+00
        632     -0.107     4.9512   0.006070     0.0450     0.0037 0.0000e+00
        633     -0.108     4.9514   0.006063     0.0450     0.0037 0.0000e+00
        634     -0.108     4.9517   0.006059     0.0449     0.0037 0.0000e+00
        635     -0.109     4.9520   0.006057     0.0449     0.0036 0.0000e+00
        636     -0.112     4.9524   0.006056     0.0449     0.0036 0.0000e+00
        637     -0.112     4.9527   0.006056     0.0449     0.0036 0.0000e+00
        638     -0.109     4.9527   0.006054     0.0449     0.0036 0.0000e+00
        639     -0.106     4.9527   0.006048     0.0448     0.0036 0.0000e+00
        640     -0.106     4.9526   0.006043     0.0448     0.0035 0.0000e+00
        641     -0.110     4.9527   0.006042     0.0448     0.0035 0.0000e+00
        642     -0.111     4.9527   0.006036     0.0448     0.0035 0.0000e+00
        643     -0.110     4.9528   0.006032     0.0447     0.0035 0.0000e+00
        644     -0.109     4.9528   0.006030     0.0447     0.0035 0.0000e+00
        645     -0.107     4.9528   0.006032     0.0447     0.0035 0.0000e+00
        646     -0.106     4.9527   0.006034     0.0447     0.0035 0.0000e+00
        647     -0.108     4.9524   0.006031     0.0447     0.0035 0.0000e+00
        648     -0.110     4.9519   0.006019     0.0446     0.0034 0.0000e+00
        649     -0.108     4.9514   0.006005     0.0445     0.0033 0.0000e+00
        650     -0.104     4.9511   0.006003     0.0445     0.0033 0.0000e+00
        651     -0.103     4.9511   0.006016     0.0446     0.0034 0.0000e+00
        652     -0.104     4.9512   0.006027     0.0447     0.0035 0.0000e+00
        653     -0.104     4.9517   0.006027     0.0447     0.0035 0.0000e+00
        654     -0.101     4.9524   0.006022     0.0447     0.0034 0.0000e+00
        655     -0.099     4.9530   0.006020     0.0446     0.0034 0.0000e+00
        656     -0.099     4.9536   0.006019     0.0446     0.0034 0.0000e+00
        657     -0.100     4.9541   0.006020     0.0446     0.0034 0.0000e+00
        658     -0.100     4.9542   0.006024     0.0447     0.0034 0.0000e+00
        659     -0.099     4.9540   0.006030     0.0447     0.0034 0.0000e+00
        660     -0.101     4.9536   0.006030     0.0447     0.0034 0.0000e+00
        661     -0.103     4.9533   0.006026     0.0447     0.0034 0.0000e+00
        662     -0.105     4.9527   0.006020     0.0446     0.0034 0.0000e+00
        663     -0.106     4.9519   0.006013     0.0446     0.0034 0.0000e+00
        664     -0.106     4.9513   0.006008     0.0445     0.0034 0.0000e+00
        665     -0.106     4.9512   0.006015     0.0446     0.0034 0.0000e+00
        666     -0.106     4.9514   0.006027     0.0447     0.0035 0.0000e+00
        667     -0.106     4.9517   0.006035     0.0448     0.0035 0.0000e+00
        668     -0.105     4.9519   0.006035     0.0448     0.0035 0.0000e+00
        669     -0.107     4.9521   0.006034     0.0447     0.0035 0.0000e+00
        670     -0.110     4.9527   0.006041     0.0448     0.0035 0.0000e+00
        671     -0.108     4.9532   0.006045     0.0448     0.0035 0.0000e+00
        672     -0.105     4.9535   0.006042     0.0448     0.0035 0.0000e+00
        673     -0.104     4.9537   0.006041     0.0448     0.0035 0.0000e+00
        674     -0.105     4.9539   0.006050     0.0449     0.0036 0.0000e+00
        675     -0.104     4.9541   0.006061     0.0449     0.0036 0.0000e+00
        676     -0.104     4.9541   0.006064     0.0450     0.0036 0.0000e+00
        677     -0.108     4.9541   0.006064     0.0450     0.0036 0.0000e+00
        678     -0.113     4.9542   0.006070     0.0450     0.0037 0.0000e+00
        679     -0.112     4.9544   0.006080     0.0451     0.0037 0.0000e+00
        680     -0.108     4.9547   0.006083     0.0451     0.0038 0.0000e+00
        681     -0.109     4.9551   0.006078     0.0451     0.0037 0.0000e+00
        682     -0.111     4.9556   0.006072     0.0450     0.0037 0.0000e+00
        683     -0.113     4.9558   0.006070     0.0450     0.0037 0.0000e+00
        684     -0.113     4.9559   0.006080     0.0451     0.0037 0.0000e+00
        685     -0.110     4.9559   0.006101     0.0452     0.0038 0.0000e+00
        686     -0.108     4.9560   0.006120     0.0454     0.0040 0.0000e+00
        687     -0.108     4.9561   0.006124     0.0454     0.0040 0.0000e+00
        688     -0.110     4.9561   0.006119     0.0454     0.0039 0.0000e+00
        689     -0.113     4.9562   0.006113     0.0453     0.0039 0.0000e+00
        690     -0.117     4.9564   0.006111     0.0453     0.0039 0.0000e+00
        691     -0.118     4.9567   0.006115     0.0453     0.0039 0.0000e+00
        692     -0.116     4.9572   0.006118     0.0454     0.0039 0.0000e+00
        693     -0.115     4.9577   0.006115     0.0453     0.0039 0.0000e+00
        694     -0.116     4.9579   0.006109     0.0453     0.0039 0.0000e+00
        695     -0.116     4.9577   0.006106     0.0453     0.0038 0.0000e+00
        696     -0.114     4.9575   0.006112     0.0453     0.0039 0.0000e+00
        697     -0.112     4.9573   0.006125     0.0454     0.0040 0.0000e+00
        698     -0.112     4.9572   0.006134     0.0455     0.0040 0.0000e+00
        699     -0.110     4.9572   0.006138     0.0455     0.0040 0.0000e+00
        700     -0.108     4.9572   0.006136     0.0455     0.0040 0.0000e+00
        701     -0.109     4.9573   0.006130     0.0455     0.0040 0.0000e+00
        702     -0.111     4.9575   0.006121     0.0454     0.0039 0.0000e+00
        703     -0.111     4.9579   0.006115     0.0453     0.0039 0.0000e+00
        704     -0.109     4.9581   0.006119     0.0454     0.0039 0.0000e+00
        705     -0.110     4.9581   0.006130     0.0455     0.0040 0.0000e+00
        706     -0.111     4.9581   0.006139     0.0455     0.0040 0.0000e+00
        707     -0.110     4.9582   0.006139     0.0455     0.0040 0.0000e+00
        708     -0.110     4.9585   0.006135     0.0455     0.0040 0.0000e+00
        709     -0.112     4.9589   0.006134     0.0455     0.0040 0.0000e+00
        710     -0.115     4.9592   0.006132     0.0455     0.0040 0.0000e+00
        711     -0.118     4.9596   0.006130     0.0455     0.0040 0.0000e+00
        712     -0.119     4.9598   0.006129     0.0455     0.0039 0.0000e+00
        713     -0.116     4.9602   0.006128     0.0454     0.0039 0.0000e+00
        714     -0.110     4.9604   0.006125     0.0454     0.0039 0.0000e+00
        715     -0.106     4.9604   0.006131     0.0455     0.0040 0.0000e+00
        716     -0.106     4.9604   0.006141     0.0455     0.0040 0.0000e+00
        717     -0.108     4.9604   0.006144     0.0456     0.0040 0.0000e+00
        718     -0.107     4.9604   0.006140     0.0455     0.0040 0.0000e+00
        719     -0.106     4.9605   0.006132     0.0455     0.0040 0.0000e+00
        720     -0.107     4.9607   0.006128     0.0454     0.0039 0.0000e+00
        721     -0.108     4.9608   0.006133     0.0455     0.0040 0.0000e+00
        722     -0.109     4.9608   0.006137     0.0455     0.0040 0.0000e+00
        723     -0.111     4.9608   0.006134     0.0455     0.0040 0.0000e+00
        724     -0.116     4.9608   0.006129     0.0455     0.0039 0.0000e+00
        725     -0.120     4.9608   0.006127     0.0454     0.0039 0.0000e+00
        726     -0.120     4.9610   0.006132     0.0455     0.0039 0.0000e+00
        727     -0.117     4.9613   0.006135     0.0455     0.0040 0.0000e+00
        728     -0.114     4.9617   0.006135     0.0455     0.0040 0.0000e+00
        729     -0.114     4.9621   0.006136     0.0455     0.0040 0.0000e+00
        730     -0.114     4.9625   0.006143     0.0456     0.0040 0.0000e+00
        731     -0.114     4.9628   0.006144     0.0456     0.0040 0.0000e+00
        732     -0.114     4.9630   0.006138     0.0455     0.0040 0.0000e+00
        733     -0.113     4.9632   0.006138     0.0455     0.0039 0.0000e+00
        734     -0.111     4.9634   0.006146     0.0456     0.0040 0.0000e+00
        735     -0.111     4.9636   0.006151     0.0456     0.0040 0.0000e+00
        736     -0.111     4.9640   0.006153     0.0456     0.0040 0.0000e+00
        737     -0.110     4.9644   0.006152     0.0456     0.0040 0.0000e+00
        738     -0.108     4.9649   0.006157     0.0457     0.0040 0.0000e+00
        739     -0.107     4.9653   0.006164     0.0457     0.0041 0.0000e+00
        740     -0.109     4.9656   0.006164     0.0457     0.0041 0.0000e+00
        741     -0.109     4.9657   0.006159     0.0457     0.0040 0.0000e+00
        742     -0.106     4.9659   0.006156     0.0457     0.0040 0.0000e+00
        743     -0.106     4.9662   0.006161     0.0457     0.0040 0.0000e+00
        744     -0.110     4.9664   0.006169     0.0457     0.0041 0.0000e+00
        745     -0.112     4.9665   0.006168     0.0457     0.0041 0.0000e+00
        746     -0.113     4.9665   0.006161     0.0457     0.0040 0.0000e+00
        747     -0.116     4.9666   0.006157     0.0457     0.0040 0.0000e+00
        748     -0.116     4.9668   0.006163     0.0457     0.0040 0.0000e+00
        749     -0.111     4.9669   0.006175     0.0458     0.0041 0.0000e+00
        750     -0.109     4.9669   0.006179     0.0458     0.0041 0.0000e+00
        751     -0.113     4.9671   0.006173     0.0458     0.0041 0.0000e+00
        752     -0.115     4.9673   0.006170     0.0458     0.0041 0.0000e+00
        753     -0.113     4.9676   0.006169     0.0457     0.0041 0.0000e+00
        754     -0.112     4.9680   0.006168     0.0457     0.0041 0.0000e+00
        755     -0.112     4.9682   0.006163     0.0457     0.0040 0.0000e+00
        756     -0.113     4.9684   0.006167     0.0457     0.0040 0.0000e+00
        757     -0.115     4.9686   0.006180     0.0458     0.0041 0.0000e+00
        758     -0.117     4.9688   0.006191     0.0459     0.0042 0.0000e+00
        759     -0.118     4.9690   0.006189     0.0459     0.0042 0.0000e+00
        760     -0.118     4.9695   0.006184     0.0459     0.0041 0.0000e+00
        761     -0.116     4.9700   0.006179     0.0458     0.0041 0.0000e+00
        762     -0.112     4.9705   0.006180     0.0458     0.0041 0.0000e+00
        763     -0.109     4.9709   0.006190     0.0459     0.0041 0.0000e+00
        764     -0.107     4.9711   0.006202     0.0460     0.0042 0.0000e+00
        765     -0.106     4.9711   0.006201     0.0460     0.0042 0.0000e+00
        766     -0.107     4.9709   0.006189     0.0459     0.0041 0.0000e+00
        767     -0.109     4.9707   0.006179     0.0458     0.0041 0.0000e+00
        768     -0.110     4.9708   0.006177     0.0458     0.0041 0.0000e+00
        769     -0.111     4.9711   0.006186     0.0459     0.0041 0.0000e+00
        770     -0.111     4.9715   0.006198     0.0460     0.0042 0.0000e+00
        771     -0.114     4.9718   0.006196     0.0459     0.0042 0.0000e+00
        772     -0.117     4.9722   0.006190     0.0459     0.0041 0.0000e+00
        773     -0.118     4.9726   0.006188     0.0459     0.0041 0.0000e+00
        774     -0.117     4.9728   0.006184     0.0459     0.0041 0.0000e+00
        775     -0.117     4.9730   0.006181     0.0458     0.0040 0.0000e+00
        776     -0.116     4.9731   0.006178     0.0458     0.0040 0.0000e+00
        777     -0.113     4.9733   0.006179     0.0458     0.0040 0.0000e+00
        778     -0.111     4.9735   0.006180     0.0458     0.0040 0.0000e+00
        779     -0.110     4.9737   0.006176     0.0458     0.0040 0.0000e+00
        780     -0.111     4.9739   0.006171     0.0458     0.0040 0.0000e+00
        781     -0.112     4.9741   0.006171     0.0458     0.0040 0.0000e+00
        782     -0.112     4.9743   0.006177     0.0458     0.0040 0.0000e+00
        783     -0.112     4.9747   0.006180     0.0458     0.0040 0.0000e+00
        784     -0.113     4.9751   0.006176     0.0458     0.0040 0.0000e+00
        785     -0.112     4.9755   0.006178     0.0458     0.0040 0.0000e+00
        786     -0.112     4.9757   0.006184     0.0459     0.0040 0.0000e+00
        787     -0.114     4.9760   0.006181     0.0458     0.0040 0.0000e+00
        788     -0.115     4.9763   0.006175     0.0458     0.0040 0.0000e+00
        789     -0.114     4.9766   0.006176     0.0458     0.0040 0.0000e+00
        790     -0.113     4.9770   0.006178     0.0458     0.0040 0.0000e+00
        791     -0.112     4.9773   0.006176     0.0458     0.0039 0.0000e+00
        792     -0.112     4.9777   0.006173     0.0458     0.0039 0.0000e+00
        793     -0.113     4.9780   0.006173     0.0458     0.0039 0.0000e+00
        794     -0.112     4.9782   0.006174     0.0458     0.0039 0.0000e+00
        795     -0.112     4.9783   0.006175     0.0458     0.0039 0.0000e+00
        796     -0.113     4.9785   0.006174     0.0458     0.0039 0.0000e+00
        797     -0.114     4.9787   0.006169     0.0457     0.0039 0.0000e+00
        798     -0.114     4.9787   0.006165     0.0457     0.0039 0.0000e+00
        799     -0.112     4.9788   0.006166     0.0457     0.0039 0.0000e+00
        800     -0.110     4.9791   0.006174     0.0458     0.0039 0.0000e+00
        801     -0.108     4.9794   0.006179     0.0458     0.0039 0.0000e+00
        802     -0.108     4.9798   0.006173     0.0458     0.0039 0.0000e+00
        803     -0.108     4.9802   0.006165     0.0457     0.0038 0.0000e+00
        804     -0.109     4.9806   0.006170     0.0457     0.0039 0.0000e+00
        805     -0.110     4.9809   0.006188     0.0459     0.0040 0.0000e+00
        806     -0.111     4.9810   0.006205     0.0460     0.0041 0.0000e+00
        807     -0.111     4.9810   0.006203     0.0460     0.0040 0.0000e+00
        808     -0.113     4.9812   0.006193     0.0459     0.0040 0.0000e+00
        809     -0.116     4.9815   0.006187     0.0459     0.0039 0.0000e+00
        810     -0.116     4.9817   0.006185     0.0459     0.0039 0.0000e+00
        811     -0.115     4.9821   0.006183     0.0458     0.0039 0.0000e+00
        812     -0.115     4.9823   0.006177     0.0458     0.0039 0.0000e+00
        813     -0.115     4.9825   0.006170     0.0457     0.0038 0.0000e+00
        814     -0.115     4.9828   0.006164     0.0457     0.0038 0.0000e+00
        815     -0.116     4.9831   0.006161     0.0457     0.0038 0.0000e+00
        816     -0.116     4.9833   0.006165     0.0457     0.0038 0.0000e+00
        817     -0.114     4.9834   0.006175     0.0458     0.0038 0.0000e+00
        818     -0.113     4.9837   0.006178     0.0458     0.0039 0.0000e+00
        819     -0.114     4.9840   0.006172     0.0458     0.0038 0.0000e+00
        820     -0.113     4.9842   0.006164     0.0457     0.0038 0.0000e+00
