Datasets/Test_Dataset_39219_tow/tel219_2021_013.cnv
* Sea-Bird SBE19plus Data File:
* Filename = C:/AQUIRE/tel219_2021_013.hex
* Software Version AquireV2 AF V2.0
* Temperature SN =  4020
* Conductivity SN =  4020
* System UpLoad Time = May 07 2021 02:42:05
** VESSEL/TRIP/SEQ STN: tel219_2021_013
** LATITUDE: 46 04.98 N
** LONGITUDE: 56 19.32 W
** DATE/TIME: 2021-05-07 02:04
** SOUNDING DEPTH (M): 0053
** PROBE TYPE: S4020
** CTD NUMBER:  13
** FORMAT: T
** COMMENTS: 
# nquan = 7                                 
# nvalues = 2297                        
# units = specified
# name 0 = scan: Scan Count
# name 1 = prdM: Pressure, Strain Gauge [db]
# name 2 = tv290C: Temperature [ITS-90, deg C]
# name 3 = c0S/m: Conductivity [S/m]
# name 4 = sal00: Salinity, Practical [PSU]
# name 5 = sigma-t00: Density [sigma-t, kg/m^3 ]
# name 6 = flag: flag
# span 0 =          1,       2297       
# span 1 =     -0.240,     49.840       
# span 2 =     2.0899,     3.8430       
# span 3 =   0.004651,   2.955994       
# span 4 =     0.0350,    32.0847       
# span 5 =     0.0030,    25.6299       
# span 6 = 0.0000e+00, 0.0000e+00       
# interval = seconds: 1
# start_time = May 07 2021 02:04:55 [Instrument's time stamp, header]
# bad_flag = -9.990e-29
*END*
[from data line 1436]
       1437     49.565     2.1789   2.860154    32.0686    25.6106 0.0000e+00
       1438     49.577     2.1789   2.860144    32.0685    25.6105 0.0000e+00
       1439     49.589     2.1786   2.860112    32.0684    25.6105 0.0000e+00
       1440     49.600     2.1784   2.860102    32.0684    25.6105 0.0000e+00
       1441     49.607     2.1786   2.860110    32.0683    25.6104 0.0000e+00
       1442     49.610     2.1785   2.860106    32.0684    25.6105 0.0000e+00
       1443     49.620     2.1784   2.860097    32.0684    25.6105 0.0000e+00
       1444     49.643     2.1786   2.860112    32.0683    25.6104 0.0000e+00
       1445     49.669     2.1788   2.860133    32.0684    25.6105 0.0000e+00
       1446     49.679     2.1791   2.860149    32.0683    25.6104 0.0000e+00
       1447     49.663     2.1793   2.860173    32.0684    25.6104 0.0000e+00
       1448     49.637     2.1795   2.860187    32.0684    25.6104 0.0000e+00
       1449     49.621     2.1795   2.860167    32.0681    25.6102 0.0000e+00
       1450     49.623     2.1798   2.860170    32.0679    25.6100 0.0000e+00
       1451     49.639     2.1807   2.860253    32.0680    25.6100 0.0000e+00
       1452     49.658     2.1815   2.860332    32.0681    25.6101 0.0000e+00
       1453     49.667     2.1815   2.860321    32.0680    25.6100 0.0000e+00
       1454     49.652     2.1811   2.860283    32.0679    25.6099 0.0000e+00
       1455     49.618     2.1814   2.860300    32.0679    25.6099 0.0000e+00
       1456     49.591     2.1828   2.860400    32.0677    25.6096 0.0000e+00
       1457     49.591     2.1850   2.860558    32.0674    25.6092 0.0000e+00
       1458     49.605     2.1879   2.860740    32.0667    25.6085 0.0000e+00
       1459     49.609     2.1910   2.860949    32.0662    25.6078 0.0000e+00
       1460     49.606     2.1934   2.861130    32.0660    25.6075 0.0000e+00
       1461     49.611     2.1938   2.861160    32.0660    25.6074 0.0000e+00
       1462     49.625     2.1918   2.861009    32.0661    25.6077 0.0000e+00
       1463     49.635     2.1891   2.860806    32.0663    25.6081 0.0000e+00
       1464     49.634     2.1869   2.860652    32.0666    25.6085 0.0000e+00
       1465     49.617     2.1852   2.860541    32.0670    25.6089 0.0000e+00
       1466     49.595     2.1848   2.860515    32.0671    25.6090 0.0000e+00
       1467     49.590     2.1860   2.860614    32.0671    25.6089 0.0000e+00
       1468     49.596     2.1882   2.860773    32.0668    25.6085 0.0000e+00
       1469     49.583     2.1910   2.860939    32.0661    25.6077 0.0000e+00
       1470     49.536     2.1940   2.861154    32.0657    25.6072 0.0000e+00
       1471     49.477     2.1965   2.861339    32.0655    25.6069 0.0000e+00
       1472     49.443     2.1970   2.861352    32.0652    25.6066 0.0000e+00
       1473     49.451     2.1952   2.861223    32.0654    25.6069 0.0000e+00
       1474     49.483     2.1925   2.861043    32.0659    25.6075 0.0000e+00
       1475     49.517     2.1895   2.860840    32.0664    25.6081 0.0000e+00
       1476     49.547     2.1871   2.860664    32.0666    25.6085 0.0000e+00
       1477     49.579     2.1859   2.860593    32.0670    25.6088 0.0000e+00
       1478     49.608     2.1858   2.860603    32.0672    25.6090 0.0000e+00
       1479     49.622     2.1866   2.860648    32.0669    25.6087 0.0000e+00
       1480     49.618     2.1875   2.860707    32.0667    25.6085 0.0000e+00
       1481     49.607     2.1875   2.860713    32.0668    25.6086 0.0000e+00
       1482     49.606     2.1867   2.860637    32.0667    25.6085 0.0000e+00
       1483     49.620     2.1854   2.860546    32.0669    25.6088 0.0000e+00
       1484     49.640     2.1846   2.860502    32.0671    25.6090 0.0000e+00
       1485     49.659     2.1845   2.860503    32.0672    25.6091 0.0000e+00
       1486     49.674     2.1848   2.860524    32.0672    25.6090 0.0000e+00
       1487     49.689     2.1849   2.860532    32.0671    25.6090 0.0000e+00
       1488     49.707     2.1850   2.860533    32.0670    25.6089 0.0000e+00
       1489     49.720     2.1853   2.860557    32.0670    25.6089 0.0000e+00
       1490     49.718     2.1860   2.860613    32.0670    25.6088 0.0000e+00
       1491     49.712     2.1867   2.860665    32.0670    25.6087 0.0000e+00
       1492     49.719     2.1870   2.860680    32.0668    25.6086 0.0000e+00
       1493     49.734     2.1869   2.860679    32.0669    25.6087 0.0000e+00
       1494     49.745     2.1864   2.860640    32.0669    25.6088 0.0000e+00
       1495     49.747     2.1858   2.860572    32.0667    25.6086 0.0000e+00
       1496     49.737     2.1859   2.860573    32.0666    25.6085 0.0000e+00
       1497     49.721     2.1871   2.860685    32.0668    25.6086 0.0000e+00
       1498     49.710     2.1887   2.860822    32.0669    25.6085 0.0000e+00
       1499     49.712     2.1899   2.860902    32.0667    25.6083 0.0000e+00
       1500     49.726     2.1909   2.860962    32.0664    25.6080 0.0000e+00
       1501     49.736     2.1921   2.861049    32.0662    25.6078 0.0000e+00
       1502     49.729     2.1933   2.861128    32.0660    25.6075 0.0000e+00
       1503     49.711     2.1939   2.861144    32.0656    25.6071 0.0000e+00
       1504     49.702     2.1941   2.861130    32.0652    25.6068 0.0000e+00
       1505     49.712     2.1947   2.861199    32.0655    25.6070 0.0000e+00
       1506     49.731     2.1959   2.861319    32.0658    25.6071 0.0000e+00
       1507     49.738     2.1972   2.861396    32.0654    25.6067 0.0000e+00
       1508     49.726     2.1993   2.861527    32.0649    25.6062 0.0000e+00
       1509     49.707     2.2019   2.861734    32.0648    25.6059 0.0000e+00
       1510     49.699     2.2035   2.861847    32.0646    25.6056 0.0000e+00
       1511     49.711     2.2035   2.861831    32.0644    25.6055 0.0000e+00
       1512     49.732     2.2027   2.861763    32.0644    25.6055 0.0000e+00
       1513     49.734     2.2015   2.861670    32.0644    25.6056 0.0000e+00
       1514     49.698     2.2001   2.861565    32.0646    25.6058 0.0000e+00
       1515     49.638     2.1984   2.861445    32.0648    25.6062 0.0000e+00
       1516     49.596     2.1963   2.861311    32.0653    25.6067 0.0000e+00
       1517     49.587     2.1941   2.861172    32.0658    25.6073 0.0000e+00
       1518     49.593     2.1921   2.861030    32.0661    25.6077 0.0000e+00
       1519     49.586     2.1909   2.860937    32.0662    25.6078 0.0000e+00
       1520     49.562     2.1905   2.860919    32.0663    25.6080 0.0000e+00
       1521     49.542     2.1904   2.860915    32.0664    25.6080 0.0000e+00
       1522     49.534     2.1900   2.860876    32.0663    25.6080 0.0000e+00
       1523     49.532     2.1898   2.860851    32.0662    25.6079 0.0000e+00
       1524     49.528     2.1898   2.860855    32.0663    25.6080 0.0000e+00
       1525     49.521     2.1898   2.860854    32.0663    25.6080 0.0000e+00
       1526     49.517     2.1898   2.860851    32.0662    25.6079 0.0000e+00
       1527     49.522     2.1901   2.860879    32.0663    25.6080 0.0000e+00
       1528     49.531     2.1910   2.860955    32.0663    25.6079 0.0000e+00
       1529     49.533     2.1924   2.861065    32.0663    25.6078 0.0000e+00
       1530     49.525     2.1942   2.861175    32.0658    25.6073 0.0000e+00
       1531     49.508     2.1956   2.861233    32.0651    25.6066 0.0000e+00
       1532     49.488     2.1963   2.861264    32.0648    25.6063 0.0000e+00
       1533     49.467     2.1969   2.861321    32.0649    25.6064 0.0000e+00
       1534     49.453     2.1977   2.861392    32.0650    25.6064 0.0000e+00
       1535     49.462     2.1982   2.861431    32.0650    25.6063 0.0000e+00
       1536     49.493     2.1976   2.861393    32.0651    25.6064 0.0000e+00
       1537     49.524     2.1961   2.861278    32.0652    25.6066 0.0000e+00
       1538     49.540     2.1942   2.861129    32.0652    25.6068 0.0000e+00
       1539     49.542     2.1927   2.861039    32.0656    25.6072 0.0000e+00
       1540     49.528     2.1918   2.861005    32.0661    25.6077 0.0000e+00
       1541     49.497     2.1915   2.860990    32.0663    25.6078 0.0000e+00
       1542     49.462     2.1917   2.861007    32.0663    25.6078 0.0000e+00
       1543     49.446     2.1924   2.861046    32.0661    25.6076 0.0000e+00
       1544     49.462     2.1932   2.861108    32.0660    25.6075 0.0000e+00
       1545     49.499     2.1942   2.861175    32.0658    25.6073 0.0000e+00
       1546     49.526     2.1948   2.861217    32.0657    25.6071 0.0000e+00
       1547     49.523     2.1953   2.861243    32.0655    25.6070 0.0000e+00
       1548     49.496     2.1957   2.861272    32.0655    25.6069 0.0000e+00
       1549     49.473     2.1965   2.861335    32.0655    25.6068 0.0000e+00
       1550     49.473     2.1977   2.861423    32.0654    25.6067 0.0000e+00
       1551     49.502     2.1990   2.861501    32.0650    25.6063 0.0000e+00
       1552     49.551     2.2002   2.861587    32.0648    25.6060 0.0000e+00
       1553     49.595     2.2015   2.861662    32.0644    25.6056 0.0000e+00
       1554     49.608     2.2033   2.861766    32.0639    25.6050 0.0000e+00
       1555     49.588     2.2064   2.861993    32.0636    25.6046 0.0000e+00
       1556     49.562     2.2101   2.862285    32.0635    25.6042 0.0000e+00
       1557     49.550     2.2128   2.862492    32.0633    25.6039 0.0000e+00
       1558     49.543     2.2134   2.862523    32.0631    25.6037 0.0000e+00
       1559     49.525     2.2121   2.862398    32.0629    25.6036 0.0000e+00
       1560     49.498     2.2106   2.862267    32.0628    25.6036 0.0000e+00
       1561     49.484     2.2089   2.862172    32.0633    25.6042 0.0000e+00
       1562     49.498     2.2058   2.861951    32.0637    25.6047 0.0000e+00
       1563     49.532     2.2016   2.861638    32.0640    25.6053 0.0000e+00
       1564     49.569     2.1983   2.861423    32.0647    25.6061 0.0000e+00
       1565     49.595     2.1956   2.861261    32.0654    25.6068 0.0000e+00
       1566     49.600     2.1937   2.861116    32.0655    25.6071 0.0000e+00
       1567     49.590     2.1929   2.861081    32.0659    25.6075 0.0000e+00
       1568     49.581     2.1929   2.861100    32.0662    25.6076 0.0000e+00
       1569     49.580     2.1926   2.861079    32.0662    25.6077 0.0000e+00
       1570     49.581     2.1924   2.861054    32.0661    25.6076 0.0000e+00
       1571     49.575     2.1926   2.861066    32.0660    25.6076 0.0000e+00
       1572     49.556     2.1936   2.861129    32.0658    25.6073 0.0000e+00
       1573     49.527     2.1948   2.861221    32.0658    25.6072 0.0000e+00
       1574     49.503     2.1956   2.861274    32.0656    25.6070 0.0000e+00
       1575     49.501     2.1963   2.861305    32.0653    25.6067 0.0000e+00
       1576     49.521     2.1972   2.861382    32.0653    25.6067 0.0000e+00
       1577     49.546     2.1986   2.861492    32.0653    25.6065 0.0000e+00
       1578     49.557     2.2000   2.861583    32.0650    25.6062 0.0000e+00
       1579     49.556     2.2012   2.861666    32.0648    25.6059 0.0000e+00
       1580     49.561     2.2024   2.861749    32.0646    25.6057 0.0000e+00
       1581     49.573     2.2024   2.861765    32.0648    25.6058 0.0000e+00
       1582     49.585     2.2011   2.861664    32.0648    25.6060 0.0000e+00
       1583     49.586     2.1991   2.861515    32.0650    25.6063 0.0000e+00
       1584     49.571     2.1978   2.861426    32.0652    25.6066 0.0000e+00
       1585     49.548     2.1977   2.861424    32.0653    25.6066 0.0000e+00
       1586     49.534     2.1986   2.861483    32.0652    25.6064 0.0000e+00
       1587     49.538     2.2003   2.861610    32.0650    25.6062 0.0000e+00
       1588     49.556     2.2023   2.861769    32.0649    25.6060 0.0000e+00
       1589     49.584     2.2037   2.861863    32.0647    25.6057 0.0000e+00
       1590     49.612     2.2040   2.861858    32.0643    25.6053 0.0000e+00
       1591     49.629     2.2043   2.861865    32.0641    25.6051 0.0000e+00
       1592     49.638     2.2051   2.861936    32.0641    25.6051 0.0000e+00
       1593     49.641     2.2051   2.861932    32.0641    25.6051 0.0000e+00
       1594     49.632     2.2043   2.861863    32.0641    25.6051 0.0000e+00
       1595     49.613     2.2040   2.861847    32.0642    25.6052 0.0000e+00
       1596     49.596     2.2051   2.861930    32.0641    25.6051 0.0000e+00
       1597     49.592     2.2070   2.862087    32.0641    25.6050 0.0000e+00
       1598     49.590     2.2083   2.862175    32.0639    25.6047 0.0000e+00
       1599     49.574     2.2081   2.862147    32.0638    25.6046 0.0000e+00
       1600     49.540     2.2070   2.862075    32.0640    25.6049 0.0000e+00
       1601     49.499     2.2056   2.861973    32.0642    25.6051 0.0000e+00
       1602     49.479     2.2043   2.861868    32.0642    25.6052 0.0000e+00
       1603     49.501     2.2037   2.861827    32.0643    25.6053 0.0000e+00
       1604     49.550     2.2035   2.861830    32.0645    25.6055 0.0000e+00
       1605     49.595     2.2035   2.861816    32.0643    25.6054 0.0000e+00
       1606     49.612     2.2035   2.861817    32.0643    25.6054 0.0000e+00
       1607     49.584     2.2036   2.861840    32.0645    25.6055 0.0000e+00
       1608     49.528     2.2039   2.861855    32.0644    25.6054 0.0000e+00
       1609     49.483     2.2054   2.861945    32.0640    25.6050 0.0000e+00
       1610     49.476     2.2084   2.862183    32.0640    25.6047 0.0000e+00
       1611     49.503     2.2108   2.862370    32.0638    25.6045 0.0000e+00
       1612     49.538     2.2111   2.862355    32.0633    25.6040 0.0000e+00
       1613     49.551     2.2108   2.862309    32.0630    25.6038 0.0000e+00
       1614     49.528     2.2107   2.862307    32.0631    25.6039 0.0000e+00
       1615     49.479     2.2104   2.862280    32.0631    25.6039 0.0000e+00
       1616     49.433     2.2093   2.862210    32.0634    25.6042 0.0000e+00
       1617     49.411     2.2083   2.862135    32.0635    25.6044 0.0000e+00
       1618     49.422     2.2085   2.862159    32.0636    25.6044 0.0000e+00
       1619     49.454     2.2100   2.862277    32.0635    25.6043 0.0000e+00
       1620     49.482     2.2115   2.862380    32.0633    25.6039 0.0000e+00
       1621     49.488     2.2132   2.862486    32.0628    25.6035 0.0000e+00
       1622     49.474     2.2153   2.862626    32.0625    25.6030 0.0000e+00
       1623     49.456     2.2176   2.862786    32.0621    25.6026 0.0000e+00
       1624     49.452     2.2198   2.862965    32.0621    25.6024 0.0000e+00
       1625     49.471     2.2222   2.863160    32.0621    25.6022 0.0000e+00
       1626     49.495     2.2231   2.863230    32.0620    25.6021 0.0000e+00
       1627     49.498     2.2207   2.863036    32.0621    25.6023 0.0000e+00
       1628     49.473     2.2164   2.862700    32.0623    25.6028 0.0000e+00
       1629     49.444     2.2136   2.862492    32.0625    25.6032 0.0000e+00
       1630     49.438     2.2139   2.862549    32.0629    25.6035 0.0000e+00
       1631     49.457     2.2157   2.862708    32.0631    25.6035 0.0000e+00
       1632     49.480     2.2164   2.862746    32.0628    25.6032 0.0000e+00
       1633     49.483     2.2153   2.862652    32.0628    25.6033 0.0000e+00
       1634     49.457     2.2132   2.862507    32.0631    25.6037 0.0000e+00
       1635     49.422     2.2121   2.862423    32.0632    25.6039 0.0000e+00
       1636     49.411     2.2125   2.862471    32.0634    25.6040 0.0000e+00
       1637     49.436     2.2138   2.862584    32.0635    25.6040 0.0000e+00
       1638     49.485     2.2144   2.862601    32.0631    25.6036 0.0000e+00
       1639     49.534     2.2132   2.862496    32.0629    25.6036 0.0000e+00
       1640     49.562     2.2115   2.862382    32.0632    25.6039 0.0000e+00
       1641     49.570     2.2099   2.862277    32.0636    25.6043 0.0000e+00
