Datasets/Test_Dataset_39219_tow/tel219_2021_026.cnv
* Sea-Bird SBE19plus Data File:
* Filename = C:/AQUIRE/tel219_2021_026.hex
* Software Version AquireV2 AF V2.0
* Temperature SN =  4020
* Conductivity SN =  4020
* System UpLoad Time = May 08 2021 16:17:45
** VESSEL/TRIP/SEQ STN: tel219_2021_026
** LATITUDE: 46 16.31 N
** LONGITUDE: 57 16.70 W
** DATE/TIME: 2021-05-08 15:30
** SOUNDING DEPTH (M): 0231
** PROBE TYPE: S4020
** CTD NUMBER: 026
** FORMAT: T
** COMMENTS: 
# nquan = 7                                 
# nvalues = 2883                        
# units = specified
# name 0 = scan: Scan Count
# name 1 = prdM: Pressure, Strain Gauge [db]
# name 2 = tv290C: Temperature [ITS-90, deg C]
# name 3 = c0S/m: Conductivity [S/m]
# name 4 = sal00: Salinity, Practical [PSU]
# name 5 = sigma-t00: Density [sigma-t, kg/m^3 ]
# name 6 = flag: flag
# span 0 =          1,       2883       
# span 1 =     -0.997,    230.347       
# span 2 =     1.7361,     9.2104       
# span 3 =   0.006354,   3.747936       
# span 4 =     0.0478,    35.1344       
# span 5 =     0.0125,    27.2627       
# span 6 = 0.0000e+00, 0.0000e+00       
# interval = seconds: 1
# start_time = May 08 2021 15:30:42 [Instrument's time stamp, header]
# bad_flag = -9.990e-29
*END*
[from data line 2462]
       2463     -0.685     3.2738   0.024702     0.1998     0.1327 0.0000e+00
       2464     -0.685     3.2741   0.024604     0.1990     0.1320 0.0000e+00
       2465     -0.679     3.2744   0.024444     0.1976     0.1309 0.0000e+00
       2466     -0.673     3.2748   0.024201     0.1956     0.1293 0.0000e+00
       2467     -0.674     3.2752   0.023943     0.1934     0.1275 0.0000e+00
       2468     -0.677     3.2756   0.023821     0.1924     0.1267 0.0000e+00
       2469     -0.675     3.2760   0.023953     0.1935     0.1276 0.0000e+00
       2470     -0.668     3.2765   0.024201     0.1956     0.1293 0.0000e+00
       2471     -0.661     3.2770   0.024253     0.1960     0.1297 0.0000e+00
       2472     -0.658     3.2775   0.024040     0.1942     0.1282 0.0000e+00
       2473     -0.658     3.2781   0.023775     0.1920     0.1264 0.0000e+00
       2474     -0.656     3.2787   0.023608     0.1906     0.1253 0.0000e+00
       2475     -0.652     3.2793   0.023531     0.1899     0.1248 0.0000e+00
       2476     -0.650     3.2797   0.023504     0.1897     0.1246 0.0000e+00
       2477     -0.649     3.2803   0.023495     0.1896     0.1245 0.0000e+00
       2478     -0.649     3.2810   0.023466     0.1894     0.1243 0.0000e+00
       2479     -0.649     3.2817   0.023387     0.1887     0.1238 0.0000e+00
       2480     -0.646     3.2822   0.023273     0.1878     0.1230 0.0000e+00
       2481     -0.638     3.2827   0.023176     0.1870     0.1224 0.0000e+00
       2482     -0.630     3.2833   0.023109     0.1864     0.1219 0.0000e+00
       2483     -0.628     3.2840   0.023012     0.1856     0.1213 0.0000e+00
       2484     -0.630     3.2850   0.022862     0.1843     0.1203 0.0000e+00
       2485     -0.632     3.2859   0.022763     0.1835     0.1196 0.0000e+00
       2486     -0.630     3.2869   0.022759     0.1834     0.1196 0.0000e+00
       2487     -0.628     3.2877   0.022735     0.1832     0.1194 0.0000e+00
       2488     -0.627     3.2882   0.022627     0.1823     0.1187 0.0000e+00
       2489     -0.625     3.2887   0.022514     0.1814     0.1180 0.0000e+00
       2490     -0.622     3.2891   0.022508     0.1813     0.1179 0.0000e+00
       2491     -0.617     3.2895   0.022573     0.1819     0.1184 0.0000e+00
       2492     -0.612     3.2898   0.022539     0.1816     0.1181 0.0000e+00
       2493     -0.609     3.2904   0.022380     0.1803     0.1171 0.0000e+00
       2494     -0.607     3.2911   0.022217     0.1789     0.1160 0.0000e+00
       2495     -0.604     3.2918   0.022103     0.1779     0.1152 0.0000e+00
       2496     -0.601     3.2926   0.022008     0.1771     0.1146 0.0000e+00
       2497     -0.601     3.2935   0.021968     0.1768     0.1143 0.0000e+00
       2498     -0.602     3.2940   0.022035     0.1774     0.1147 0.0000e+00
       2499     -0.603     3.2946   0.022101     0.1779     0.1152 0.0000e+00
       2500     -0.604     3.2950   0.022036     0.1774     0.1148 0.0000e+00
       2501     -0.602     3.2956   0.021883     0.1761     0.1137 0.0000e+00
       2502     -0.596     3.2963   0.021716     0.1747     0.1126 0.0000e+00
       2503     -0.590     3.2969   0.021556     0.1733     0.1115 0.0000e+00
       2504     -0.587     3.2973   0.021433     0.1723     0.1107 0.0000e+00
       2505     -0.584     3.2978   0.021452     0.1725     0.1108 0.0000e+00
       2506     -0.580     3.2983   0.021644     0.1741     0.1121 0.0000e+00
       2507     -0.579     3.2988   0.021785     0.1752     0.1131 0.0000e+00
       2508     -0.583     3.2993   0.021680     0.1744     0.1124 0.0000e+00
       2509     -0.587     3.2999   0.021449     0.1724     0.1108 0.0000e+00
       2510     -0.586     3.3004   0.021305     0.1712     0.1099 0.0000e+00
       2511     -0.581     3.3009   0.021321     0.1714     0.1100 0.0000e+00
       2512     -0.577     3.3014   0.021420     0.1722     0.1106 0.0000e+00
       2513     -0.576     3.3019   0.021451     0.1724     0.1109 0.0000e+00
       2514     -0.576     3.3023   0.021326     0.1714     0.1100 0.0000e+00
       2515     -0.576     3.3029   0.021119     0.1697     0.1086 0.0000e+00
       2516     -0.574     3.3034   0.020975     0.1685     0.1077 0.0000e+00
       2517     -0.572     3.3039   0.020973     0.1684     0.1076 0.0000e+00
       2518     -0.572     3.3045   0.021080     0.1693     0.1084 0.0000e+00
       2519     -0.571     3.3050   0.021133     0.1698     0.1087 0.0000e+00
       2520     -0.568     3.3057   0.021027     0.1689     0.1080 0.0000e+00
       2521     -0.565     3.3065   0.020874     0.1676     0.1070 0.0000e+00
       2522     -0.563     3.3073   0.020785     0.1669     0.1064 0.0000e+00
       2523     -0.560     3.3079   0.020711     0.1662     0.1059 0.0000e+00
       2524     -0.555     3.3083   0.020619     0.1655     0.1053 0.0000e+00
       2525     -0.552     3.3089   0.020584     0.1652     0.1051 0.0000e+00
       2526     -0.551     3.3095   0.020613     0.1654     0.1053 0.0000e+00
       2527     -0.551     3.3099   0.020591     0.1652     0.1051 0.0000e+00
       2528     -0.548     3.3105   0.020468     0.1642     0.1043 0.0000e+00
       2529     -0.544     3.3110   0.020301     0.1628     0.1032 0.0000e+00
       2530     -0.543     3.3118   0.020166     0.1617     0.1023 0.0000e+00
       2531     -0.544     3.3124   0.020113     0.1612     0.1019 0.0000e+00
       2532     -0.545     3.3129   0.020182     0.1618     0.1024 0.0000e+00
       2533     -0.543     3.3136   0.020302     0.1628     0.1032 0.0000e+00
       2534     -0.538     3.3141   0.020311     0.1629     0.1033 0.0000e+00
       2535     -0.533     3.3147   0.020188     0.1619     0.1024 0.0000e+00
       2536     -0.531     3.3152   0.020069     0.1609     0.1016 0.0000e+00
       2537     -0.531     3.3158   0.020015     0.1604     0.1013 0.0000e+00
       2538     -0.532     3.3164   0.019970     0.1600     0.1010 0.0000e+00
       2539     -0.533     3.3171   0.019900     0.1594     0.1005 0.0000e+00
       2540     -0.531     3.3178   0.019847     0.1590     0.1002 0.0000e+00
       2541     -0.527     3.3184   0.019851     0.1590     0.1002 0.0000e+00
       2542     -0.525     3.3192   0.019869     0.1592     0.1003 0.0000e+00
       2543     -0.525     3.3198   0.019830     0.1589     0.1001 0.0000e+00
       2544     -0.526     3.3205   0.019714     0.1579     0.0993 0.0000e+00
       2545     -0.526     3.3213   0.019554     0.1566     0.0982 0.0000e+00
       2546     -0.523     3.3221   0.019423     0.1555     0.0973 0.0000e+00
       2547     -0.520     3.3230   0.019401     0.1553     0.0972 0.0000e+00
       2548     -0.518     3.3239   0.019463     0.1558     0.0976 0.0000e+00
       2549     -0.516     3.3250   0.019484     0.1560     0.0978 0.0000e+00
       2550     -0.514     3.3260   0.019390     0.1552     0.0971 0.0000e+00
       2551     -0.512     3.3269   0.019211     0.1537     0.0959 0.0000e+00
       2552     -0.509     3.3280   0.019025     0.1521     0.0947 0.0000e+00
       2553     -0.509     3.3289   0.018915     0.1512     0.0940 0.0000e+00
       2554     -0.511     3.3297   0.018932     0.1514     0.0941 0.0000e+00
       2555     -0.511     3.3306   0.019030     0.1522     0.0948 0.0000e+00
       2556     -0.512     3.3315   0.019073     0.1525     0.0950 0.0000e+00
       2557     -0.513     3.3320   0.018976     0.1517     0.0944 0.0000e+00
       2558     -0.509     3.3324   0.018825     0.1505     0.0934 0.0000e+00
       2559     -0.503     3.3328   0.018706     0.1495     0.0926 0.0000e+00
       2560     -0.501     3.3331   0.018631     0.1488     0.0921 0.0000e+00
       2561     -0.502     3.3335   0.018614     0.1487     0.0920 0.0000e+00
       2562     -0.502     3.3339   0.018673     0.1492     0.0924 0.0000e+00
       2563     -0.500     3.3342   0.018743     0.1498     0.0928 0.0000e+00
       2564     -0.499     3.3345   0.018714     0.1495     0.0927 0.0000e+00
       2565     -0.500     3.3350   0.018591     0.1485     0.0918 0.0000e+00
       2566     -0.500     3.3357   0.018490     0.1477     0.0912 0.0000e+00
       2567     -0.496     3.3365   0.018452     0.1473     0.0909 0.0000e+00
       2568     -0.491     3.3374   0.018409     0.1470     0.0906 0.0000e+00
       2569     -0.489     3.3385   0.018322     0.1463     0.0901 0.0000e+00
       2570     -0.488     3.3396   0.018223     0.1454     0.0894 0.0000e+00
       2571     -0.488     3.3407   0.018162     0.1449     0.0890 0.0000e+00
       2572     -0.489     3.3419   0.018156     0.1449     0.0890 0.0000e+00
       2573     -0.490     3.3428   0.018156     0.1449     0.0890 0.0000e+00
       2574     -0.489     3.3434   0.018107     0.1445     0.0886 0.0000e+00
       2575     -0.486     3.3438   0.018009     0.1436     0.0880 0.0000e+00
       2576     -0.484     3.3447   0.017911     0.1428     0.0873 0.0000e+00
       2577     -0.482     3.3462   0.017841     0.1422     0.0869 0.0000e+00
       2578     -0.479     3.3478   0.017776     0.1417     0.0865 0.0000e+00
       2579     -0.474     3.3488   0.017725     0.1413     0.0861 0.0000e+00
       2580     -0.471     3.3495   0.017734     0.1413     0.0862 0.0000e+00
       2581     -0.470     3.3500   0.017761     0.1416     0.0864 0.0000e+00
       2582     -0.471     3.3508   0.017704     0.1411     0.0860 0.0000e+00
       2583     -0.472     3.3522   0.017560     0.1399     0.0850 0.0000e+00
       2584     -0.473     3.3534   0.017449     0.1390     0.0843 0.0000e+00
       2585     -0.472     3.3539   0.017414     0.1387     0.0841 0.0000e+00
       2586     -0.470     3.3541   0.017390     0.1385     0.0839 0.0000e+00
       2587     -0.466     3.3547   0.017352     0.1382     0.0837 0.0000e+00
       2588     -0.463     3.3560   0.017334     0.1380     0.0836 0.0000e+00
       2589     -0.463     3.3571   0.017346     0.1381     0.0836 0.0000e+00
       2590     -0.463     3.3575   0.017321     0.1379     0.0835 0.0000e+00
       2591     -0.459     3.3575   0.017206     0.1370     0.0827 0.0000e+00
       2592     -0.457     3.3575   0.017096     0.1360     0.0820 0.0000e+00
       2593     -0.459     3.3576   0.017070     0.1358     0.0818 0.0000e+00
       2594     -0.461     3.3579   0.017084     0.1359     0.0819 0.0000e+00
       2595     -0.459     3.3585   0.017055     0.1357     0.0817 0.0000e+00
       2596     -0.457     3.3598   0.016970     0.1350     0.0812 0.0000e+00
       2597     -0.454     3.3618   0.016893     0.1344     0.0807 0.0000e+00
       2598     -0.450     3.3642   0.016865     0.1341     0.0805 0.0000e+00
       2599     -0.448     3.3659   0.016837     0.1339     0.0803 0.0000e+00
       2600     -0.446     3.3668   0.016755     0.1332     0.0798 0.0000e+00
       2601     -0.443     3.3681   0.016630     0.1322     0.0789 0.0000e+00
       2602     -0.442     3.3699   0.016501     0.1311     0.0781 0.0000e+00
       2603     -0.442     3.3713   0.016433     0.1305     0.0776 0.0000e+00
       2604     -0.443     3.3721   0.016461     0.1308     0.0778 0.0000e+00
       2605     -0.442     3.3730   0.016508     0.1311     0.0782 0.0000e+00
       2606     -0.440     3.3745   0.016453     0.1307     0.0778 0.0000e+00
       2607     -0.438     3.3761   0.016328     0.1296     0.0770 0.0000e+00
       2608     -0.437     3.3774   0.016236     0.1289     0.0764 0.0000e+00
       2609     -0.437     3.3787   0.016180     0.1284     0.0760 0.0000e+00
       2610     -0.438     3.3799   0.016119     0.1279     0.0756 0.0000e+00
       2611     -0.438     3.3811   0.016054     0.1274     0.0752 0.0000e+00
       2612     -0.439     3.3825   0.016001     0.1269     0.0748 0.0000e+00
       2613     -0.439     3.3842   0.015946     0.1265     0.0745 0.0000e+00
       2614     -0.436     3.3859   0.015865     0.1258     0.0740 0.0000e+00
       2615     -0.435     3.3873   0.015738     0.1247     0.0731 0.0000e+00
       2616     -0.434     3.3882   0.015594     0.1236     0.0722 0.0000e+00
       2617     -0.431     3.3884   0.015524     0.1230     0.0717 0.0000e+00
       2618     -0.428     3.3885   0.015589     0.1235     0.0721 0.0000e+00
       2619     -0.427     3.3889   0.015700     0.1244     0.0729 0.0000e+00
       2620     -0.426     3.3894   0.015721     0.1246     0.0730 0.0000e+00
       2621     -0.423     3.3897   0.015637     0.1239     0.0725 0.0000e+00
       2622     -0.423     3.3903   0.015493     0.1227     0.0715 0.0000e+00
       2623     -0.423     3.3911   0.015361     0.1216     0.0706 0.0000e+00
       2624     -0.422     3.3916   0.015352     0.1216     0.0706 0.0000e+00
       2625     -0.423     3.3916   0.015488     0.1227     0.0715 0.0000e+00
       2626     -0.425     3.3918   0.015597     0.1236     0.0722 0.0000e+00
       2627     -0.426     3.3923   0.015561     0.1233     0.0720 0.0000e+00
       2628     -0.423     3.3926   0.015486     0.1227     0.0715 0.0000e+00
       2629     -0.418     3.3933   0.015456     0.1224     0.0713 0.0000e+00
       2630     -0.414     3.3946   0.015418     0.1221     0.0710 0.0000e+00
       2631     -0.412     3.3963   0.015320     0.1213     0.0704 0.0000e+00
       2632     -0.411     3.3977   0.015205     0.1203     0.0697 0.0000e+00
       2633     -0.411     3.3986   0.015144     0.1198     0.0693 0.0000e+00
       2634     -0.411     3.3992   0.015122     0.1196     0.0691 0.0000e+00
       2635     -0.410     3.3996   0.015107     0.1195     0.0690 0.0000e+00
       2636     -0.410     3.4002   0.015071     0.1192     0.0688 0.0000e+00
       2637     -0.414     3.4010   0.015004     0.1187     0.0683 0.0000e+00
       2638     -0.416     3.4015   0.014951     0.1182     0.0680 0.0000e+00
       2639     -0.412     3.4019   0.014912     0.1179     0.0677 0.0000e+00
       2640     -0.407     3.4025   0.014828     0.1172     0.0672 0.0000e+00
       2641     -0.407     3.4032   0.014726     0.1164     0.0665 0.0000e+00
       2642     -0.409     3.4040   0.014682     0.1160     0.0662 0.0000e+00
       2643     -0.411     3.4049   0.014703     0.1162     0.0664 0.0000e+00
       2644     -0.412     3.4052   0.014715     0.1163     0.0664 0.0000e+00
       2645     -0.411     3.4051   0.014668     0.1159     0.0661 0.0000e+00
       2646     -0.409     3.4052   0.014581     0.1152     0.0656 0.0000e+00
       2647     -0.408     3.4057   0.014508     0.1146     0.0651 0.0000e+00
       2648     -0.406     3.4059   0.014479     0.1144     0.0649 0.0000e+00
       2649     -0.404     3.4059   0.014465     0.1142     0.0648 0.0000e+00
       2650     -0.401     3.4061   0.014439     0.1140     0.0646 0.0000e+00
       2651     -0.398     3.4069   0.014442     0.1141     0.0647 0.0000e+00
       2652     -0.396     3.4082   0.014472     0.1143     0.0649 0.0000e+00
       2653     -0.396     3.4093   0.014446     0.1141     0.0647 0.0000e+00
       2654     -0.395     3.4099   0.014358     0.1134     0.0641 0.0000e+00
       2655     -0.393     3.4104   0.014267     0.1126     0.0635 0.0000e+00
       2656     -0.394     3.4112   0.014210     0.1121     0.0631 0.0000e+00
       2657     -0.397     3.4124   0.014197     0.1120     0.0631 0.0000e+00
       2658     -0.397     3.4135   0.014215     0.1122     0.0632 0.0000e+00
       2659     -0.393     3.4144   0.014225     0.1123     0.0633 0.0000e+00
       2660     -0.389     3.4152   0.014188     0.1119     0.0630 0.0000e+00
       2661     -0.388     3.4155   0.014124     0.1114     0.0626 0.0000e+00
       2662     -0.387     3.4153   0.014068     0.1110     0.0622 0.0000e+00
       2663     -0.385     3.4148   0.014039     0.1107     0.0620 0.0000e+00
       2664     -0.386     3.4150   0.014043     0.1108     0.0621 0.0000e+00
       2665     -0.388     3.4157   0.014037     0.1107     0.0620 0.0000e+00
       2666     -0.389     3.4166   0.013996     0.1104     0.0618 0.0000e+00
