Datasets/Test_Dataset_39219_tow/tel219_2021_082.cnv
* Sea-Bird SBE19plus Data File:
* Filename = C:/AQUIRE/tel219_2021_082.hex
* Software Version AquireV2 AF V2.0
* Temperature SN =  4020
* Conductivity SN =  4020
* System UpLoad Time = May 16 2021 18:33:03
** VESSEL/TRIP/SEQ STN: tel219_2021_082
** LATITUDE: 46 05.64 N
** LONGITUDE: 56 36.83 W
** DATE/TIME: 2021-05-16 17:53
** SOUNDING DEPTH (M): 0054
** PROBE TYPE: S4020
** CTD NUMBER: 082
** FORMAT: T
** COMMENTS: 
# nquan = 7                                 
# nvalues = 2309                        
# units = specified
# name 0 = scan: Scan Count
# name 1 = prdM: Pressure, Strain Gauge [db]
# name 2 = tv290C: Temperature [ITS-90, deg C]
# name 3 = c0S/m: Conductivity [S/m]
# name 4 = sal00: Salinity, Practical [PSU]
# name 5 = sigma-t00: Density [sigma-t, kg/m^3 ]
# name 6 = flag: flag
# span 0 =          1,       2309       
# span 1 =      0.074,     52.350       
# span 2 =     3.2943,     7.9693       
# span 3 =   0.006051,   3.136492       
# span 4 =     0.0425,    32.7310       
# span 5 =    -0.1068,    25.8931       
# span 6 = 0.0000e+00, 0.0000e+00       
# interval = seconds: 1
# start_time = May 16 2021 17:53:55 [Instrument's time stamp, header]
# bad_flag = -9.990e-29
*END*
[from data line 1847]
       1848     19.112     3.7923   2.987715    32.0222    25.4379 0.0000e+00
       1849     18.971     3.7935   2.988062    32.0253    25.4401 0.0000e+00
       1850     18.827     3.7936   2.988217    32.0271    25.4416 0.0000e+00
       1851     18.691     3.7971   2.988100    32.0223    25.4375 0.0000e+00
       1852     18.562     3.8112   2.988575    32.0142    25.4297 0.0000e+00
       1853     18.429     3.8339   2.990222    32.0115    25.4254 0.0000e+00
       1854     18.287     3.8537   2.991761    32.0103    25.4226 0.0000e+00
       1855     18.134     3.8659   2.992433    32.0064    25.4183 0.0000e+00
       1856     17.968     3.8783   2.993086    32.0020    25.4137 0.0000e+00
       1857     17.790     3.9034   2.994848    31.9984    25.4083 0.0000e+00
       1858     17.610     3.9435   2.998220    31.9990    25.4050 0.0000e+00
       1859     17.449     3.9802   3.001469    32.0015    25.4035 0.0000e+00
       1860     17.319     3.9963   3.002528    31.9983    25.3994 0.0000e+00
       1861     17.198     3.9998   3.002306    31.9923    25.3943 0.0000e+00
       1862     17.052     4.0178   3.003681    31.9910    25.3915 0.0000e+00
       1863     16.879     4.0647   3.008501    32.0020    25.3957 0.0000e+00
       1864     16.699     4.1182   3.013954    32.0139    25.3999 0.0000e+00
       1865     16.500     4.1500   3.016369    32.0114    25.3947 0.0000e+00
       1866     16.233     4.1608   3.016711    32.0050    25.3886 0.0000e+00
       1867     15.884     4.1643   3.016855    32.0034    25.3870 0.0000e+00
       1868     15.493     4.1660   3.017029    32.0040    25.3873 0.0000e+00
       1869     15.125     4.1637   3.016840    32.0042    25.3877 0.0000e+00
       1870     14.814     4.1514   3.015836    32.0046    25.3892 0.0000e+00
       1871     14.548     4.1257   3.013671    32.0044    25.3916 0.0000e+00
       1872     14.311     4.0927   3.010856    32.0037    25.3942 0.0000e+00
       1873     14.092     4.0648   3.008575    32.0042    25.3974 0.0000e+00
       1874     13.879     4.0496   3.007410    32.0054    25.3999 0.0000e+00
       1875     13.662     4.0460   3.007338    32.0082    25.4024 0.0000e+00
       1876     13.433     4.0442   3.007313    32.0098    25.4039 0.0000e+00
       1877     13.162     4.0402   3.006782    32.0076    25.4025 0.0000e+00
       1878     12.806     4.0419   3.006906    32.0076    25.4023 0.0000e+00
       1879     12.362     4.0554   3.008188    32.0097    25.4027 0.0000e+00
       1880     11.857     4.0829   3.010788    32.0137    25.4031 0.0000e+00
       1881     11.312     4.1191   3.014041    32.0168    25.4021 0.0000e+00
       1882     10.747     4.1457   3.015985    32.0140    25.3972 0.0000e+00
       1883     10.198     4.1581   3.016686    32.0104    25.3931 0.0000e+00
       1884      9.700     4.1772   3.018019    32.0076    25.3891 0.0000e+00
       1885      9.238     4.2167   3.021508    32.0103    25.3872 0.0000e+00
       1886      8.754     4.2616   3.025589    32.0145    25.3862 0.0000e+00
       1887      8.257     4.2911   3.027654    32.0102    25.3798 0.0000e+00
       1888      7.770     4.3053   3.028247    32.0036    25.3731 0.0000e+00
       1889      7.274     4.3148   3.028969    32.0030    25.3717 0.0000e+00
       1890      6.749     4.3185   3.029458    32.0054    25.3732 0.0000e+00
       1891      6.204     4.3117   3.028385    31.9998    25.3694 0.0000e+00
       1892      5.699     4.3008   3.027126    31.9959    25.3674 0.0000e+00
       1893      5.242     4.2953   3.026964    31.9996    25.3709 0.0000e+00
       1894      4.803     4.2936   3.026927    32.0010    25.3722 0.0000e+00
       1895      4.405     4.2905   3.026556    31.9999    25.3717 0.0000e+00
       1896      4.090     4.2894   3.026392    31.9992    25.3712 0.0000e+00
       1897      3.860     4.2948   3.026884    31.9999    25.3712 0.0000e+00
       1898      3.674     4.3003   3.027379    32.0004    25.3710 0.0000e+00
       1899      3.504     4.3059   3.027560    31.9971    25.3679 0.0000e+00
       1900      3.364     4.3423   3.030270    31.9935    25.3613 0.0000e+00
       1901      3.277     4.4354   3.038309    31.9968    25.3545 0.0000e+00
       1902      3.265     4.5488   3.047709    31.9962    25.3424 0.0000e+00
       1903      3.316     4.6111   3.052032    31.9860    25.3278 0.0000e+00
       1904      3.365     4.6036   3.050392    31.9742    25.3193 0.0000e+00
       1905      3.355     4.5785   3.047337    31.9631    25.3130 0.0000e+00
       1906      3.264     4.5822   3.046834    31.9537    25.3052 0.0000e+00
       1907      3.091     4.6119   3.048424    31.9435    25.2941 0.0000e+00
       1908      2.854     4.6315   3.050441    31.9481    25.2956 0.0000e+00
       1909      2.611     4.5962   3.048866    31.9641    25.3120 0.0000e+00
       1910      2.424     4.5067   3.042197    31.9734    25.3286 0.0000e+00
       1911      2.286     4.4131   3.035200    31.9828    25.3457 0.0000e+00
       1912      2.119     4.3522   3.030500    31.9872    25.3553 0.0000e+00
       1913      1.879     4.3293   3.028900    31.9909    25.3606 0.0000e+00
       1914      1.587     4.3463   3.030384    31.9918    25.3596 0.0000e+00
       1915      1.268     4.4166   3.036252    31.9921    25.3527 0.0000e+00
       1916      0.934     4.5345   3.046377    31.9957    25.3435 0.0000e+00
       1917      0.626     4.6487   3.055192    31.9876    25.3252 0.0000e+00
       1918      0.400     4.7230   3.060761    31.9804    25.3116 0.0000e+00
       1919      0.271     4.7672   3.064393    31.9797    25.3065 0.0000e+00
       1920      0.213     4.7951   3.064577    31.9550    25.2839 0.0000e+00
       1921      0.196     4.8152   3.062247    31.9088    25.2451 0.0000e+00
       1922      0.191     4.8327   3.062432    31.8941    25.2316 0.0000e+00
       1923      0.184     4.8484   3.066054    31.9207    25.2511 0.0000e+00
       1924      0.179     4.8690   3.069902    31.9452    25.2683 0.0000e+00
       1925      0.180     4.8968   3.072242    31.9454    25.2654 0.0000e+00
       1926      0.184     4.9249   3.073658    31.9347    25.2539 0.0000e+00
       1927      0.188     4.9505   3.075098    31.9266    25.2448 0.0000e+00
       1928      0.192     4.9739   3.076620    31.9217    25.2383 0.0000e+00
       1929      0.196     4.9925   3.078260    31.9226    25.2370 0.0000e+00
       1930      0.202     5.0084   3.080075    31.9282    25.2397 0.0000e+00
       1931      0.210     5.0253   3.081915    31.9331    25.2417 0.0000e+00
       1932      0.212     5.0399   3.082822    31.9295    25.2373 0.0000e+00
       1933      0.213     5.0488   3.083306    31.9265    25.2340 0.0000e+00
       1934      0.222     5.0557   3.084497    31.9335    25.2388 0.0000e+00
       1935      0.235     5.0667   3.080159    31.8733    25.1899 0.0000e+00
       1936      0.247     5.0751   3.067446    31.7199    25.0674 0.0000e+00
       1937      0.248     5.0596   3.054672    31.5885    24.9651 0.0000e+00
       1938      0.223     5.0168   2.942133    30.3443    23.9845 0.0000e+00
       1939      0.176     4.9781   2.201381    22.0912    17.4610 0.0000e+00
       1940      0.133     4.9641   1.014757     9.5384     7.5440 0.0000e+00
       1941      0.112     4.9625   0.414113     3.6516     2.8802 0.0000e+00
       1942      0.106     4.9609   0.321162     2.7870     2.1929 0.0000e+00
       1943      0.104     4.9581   0.238570     2.0343     1.5938 0.0000e+00
       1944      0.103     4.9546   0.181306     1.5228     1.1861 0.0000e+00
       1945      0.105     4.9508   0.149173     1.2403     0.9607 0.0000e+00
       1946      0.108     4.9466   0.128733     1.0625     0.8188 0.0000e+00
       1947      0.111     4.9421   0.113155     0.9282     0.7115 0.0000e+00
       1948      0.114     4.9373   0.102284     0.8351     0.6372 0.0000e+00
       1949      0.117     4.9321   0.095584     0.7781     0.5917 0.0000e+00
       1950      0.118     4.9268   0.088186     0.7153     0.5416 0.0000e+00
       1951      0.117     4.9216   0.080292     0.6486     0.4883 0.0000e+00
       1952      0.116     4.9165   0.074176     0.5972     0.4472 0.0000e+00
       1953      0.115     4.9113   0.067819     0.5440     0.4047 0.0000e+00
       1954      0.116     4.9063   0.061274     0.4895     0.3611 0.0000e+00
       1955      0.120     4.9019   0.056643     0.4511     0.3304 0.0000e+00
       1956      0.124     4.8982   0.054219     0.4310     0.3144 0.0000e+00
       1957      0.127     4.8949   0.053131     0.4221     0.3072 0.0000e+00
       1958      0.127     4.8917   0.052453     0.4165     0.3028 0.0000e+00
       1959      0.128     4.8880   0.053275     0.4233     0.3084 0.0000e+00
       1960      0.132     4.8840   0.059744     0.4771     0.3515 0.0000e+00
       1961      0.134     4.8796   0.067986     0.5459     0.4067 0.0000e+00
       1962      0.135     4.8753   0.068563     0.5508     0.4107 0.0000e+00
       1963      0.135     4.8715   0.063869     0.5116     0.3794 0.0000e+00
       1964      0.133     4.8680   0.060114     0.4804     0.3544 0.0000e+00
       1965      0.131     4.8647   0.057402     0.4579     0.3364 0.0000e+00
       1966      0.130     4.8615   0.055087     0.4387     0.3211 0.0000e+00
       1967      0.128     4.8583   0.053182     0.4229     0.3085 0.0000e+00
       1968      0.129     4.8552   0.051714     0.4108     0.2989 0.0000e+00
       1969      0.136     4.8522   0.050548     0.4012     0.2912 0.0000e+00
       1970      0.144     4.8494   0.049392     0.3917     0.2836 0.0000e+00
       1971      0.147     4.8467   0.048148     0.3815     0.2755 0.0000e+00
       1972      0.145     4.8438   0.046935     0.3715     0.2675 0.0000e+00
       1973      0.143     4.8410   0.045813     0.3623     0.2602 0.0000e+00
       1974      0.146     4.8383   0.044768     0.3538     0.2534 0.0000e+00
       1975      0.150     4.8354   0.043822     0.3460     0.2472 0.0000e+00
       1976      0.148     4.8330   0.043002     0.3393     0.2419 0.0000e+00
       1977      0.144     4.8308   0.042285     0.3335     0.2372 0.0000e+00
       1978      0.143     4.8288   0.041644     0.3283     0.2330 0.0000e+00
       1979      0.145     4.8269   0.041104     0.3239     0.2295 0.0000e+00
       1980      0.147     4.8249   0.040691     0.3205     0.2269 0.0000e+00
       1981      0.149     4.8232   0.040298     0.3173     0.2243 0.0000e+00
       1982      0.153     4.8214   0.039808     0.3133     0.2211 0.0000e+00
       1983      0.155     4.8197   0.039311     0.3093     0.2179 0.0000e+00
       1984      0.158     4.8181   0.038942     0.3063     0.2155 0.0000e+00
       1985      0.164     4.8168   0.038670     0.3040     0.2138 0.0000e+00
       1986      0.167     4.8155   0.038407     0.3019     0.2121 0.0000e+00
       1987      0.166     4.8139   0.038079     0.2993     0.2100 0.0000e+00
       1988      0.165     4.8124   0.037651     0.2958     0.2072 0.0000e+00
       1989      0.163     4.8110   0.037196     0.2921     0.2043 0.0000e+00
       1990      0.163     4.8097   0.036846     0.2892     0.2020 0.0000e+00
       1991      0.163     4.8087   0.036620     0.2874     0.2005 0.0000e+00
       1992      0.162     4.8076   0.036371     0.2854     0.1989 0.0000e+00
       1993      0.163     4.8068   0.036001     0.2824     0.1965 0.0000e+00
       1994      0.166     4.8060   0.035597     0.2791     0.1939 0.0000e+00
       1995      0.172     4.8050   0.035265     0.2764     0.1918 0.0000e+00
       1996      0.175     4.8041   0.035000     0.2743     0.1900 0.0000e+00
       1997      0.176     4.8033   0.034758     0.2723     0.1885 0.0000e+00
       1998      0.175     4.8027   0.034488     0.2701     0.1867 0.0000e+00
       1999      0.174     4.8022   0.034170     0.2675     0.1847 0.0000e+00
       2000      0.173     4.8015   0.033872     0.2651     0.1827 0.0000e+00
       2001      0.170     4.8007   0.033697     0.2637     0.1816 0.0000e+00
       2002      0.168     4.8001   0.033729     0.2640     0.1818 0.0000e+00
       2003      0.169     4.7995   0.033865     0.2651     0.1827 0.0000e+00
       2004      0.171     4.7988   0.033938     0.2657     0.1832 0.0000e+00
       2005      0.172     4.7980   0.033884     0.2652     0.1829 0.0000e+00
       2006      0.170     4.7973   0.033693     0.2637     0.1817 0.0000e+00
       2007      0.167     4.7969   0.033686     0.2636     0.1816 0.0000e+00
       2008      0.165     4.7964   0.033958     0.2658     0.1834 0.0000e+00
       2009      0.167     4.7957   0.034547     0.2706     0.1873 0.0000e+00
       2010      0.170     4.7950   0.035750     0.2804     0.1951 0.0000e+00
       2011      0.172     4.7943   0.037551     0.2951     0.2069 0.0000e+00
       2012      0.174     4.7937   0.039689     0.3126     0.2210 0.0000e+00
       2013      0.174     4.7933   0.041523     0.3276     0.2330 0.0000e+00
       2014      0.173     4.7928   0.042629     0.3367     0.2403 0.0000e+00
       2015      0.174     4.7924   0.043358     0.3427     0.2451 0.0000e+00
       2016      0.178     4.7920   0.044205     0.3496     0.2507 0.0000e+00
       2017      0.182     4.7917   0.044959     0.3558     0.2557 0.0000e+00
       2018      0.180     4.7912   0.044908     0.3554     0.2554 0.0000e+00
       2019      0.177     4.7907   0.044067     0.3485     0.2498 0.0000e+00
       2020      0.176     4.7902   0.043005     0.3398     0.2428 0.0000e+00
       2021      0.175     4.7898   0.041943     0.3311     0.2359 0.0000e+00
       2022      0.176     4.7897   0.040871     0.3223     0.2288 0.0000e+00
       2023      0.179     4.7895   0.039891     0.3143     0.2224 0.0000e+00
       2024      0.181     4.7891   0.039104     0.3078     0.2172 0.0000e+00
       2025      0.182     4.7888   0.038421     0.3023     0.2127 0.0000e+00
       2026      0.183     4.7886   0.037674     0.2962     0.2079 0.0000e+00
       2027      0.181     4.7882   0.036885     0.2897     0.2027 0.0000e+00
       2028      0.179     4.7880   0.036162     0.2838     0.1980 0.0000e+00
       2029      0.182     4.7878   0.035528     0.2787     0.1938 0.0000e+00
       2030      0.185     4.7874   0.034996     0.2744     0.1904 0.0000e+00
       2031      0.185     4.7871   0.034578     0.2710     0.1876 0.0000e+00
       2032      0.185     4.7869   0.034187     0.2678     0.1851 0.0000e+00
       2033      0.184     4.7866   0.033752     0.2642     0.1823 0.0000e+00
       2034      0.179     4.7863   0.033290     0.2605     0.1793 0.0000e+00
       2035      0.177     4.7859   0.032839     0.2568     0.1763 0.0000e+00
       2036      0.179     4.7857   0.032421     0.2535     0.1736 0.0000e+00
       2037      0.180     4.7855   0.032061     0.2505     0.1713 0.0000e+00
       2038      0.180     4.7853   0.031764     0.2481     0.1693 0.0000e+00
       2039      0.180     4.7851   0.031467     0.2457     0.1674 0.0000e+00
       2040      0.180     4.7847   0.031114     0.2429     0.1651 0.0000e+00
       2041      0.178     4.7844   0.030737     0.2398     0.1627 0.0000e+00
       2042      0.176     4.7843   0.030396     0.2371     0.1605 0.0000e+00
       2043      0.175     4.7841   0.030118     0.2348     0.1587 0.0000e+00
       2044      0.172     4.7837   0.029897     0.2330     0.1572 0.0000e+00
       2045      0.170     4.7835   0.029680     0.2313     0.1558 0.0000e+00
       2046      0.169     4.7830   0.029425     0.2292     0.1542 0.0000e+00
       2047      0.168     4.7827   0.029163     0.2271     0.1525 0.0000e+00
       2048      0.167     4.7825   0.028938     0.2253     0.1510 0.0000e+00
       2049      0.164     4.7823   0.028729     0.2236     0.1497 0.0000e+00
       2050      0.163     4.7821   0.028495     0.2217     0.1482 0.0000e+00
       2051      0.165     4.7820   0.028242     0.2197     0.1466 0.0000e+00
