Datasets/Test_Dataset_39219_tow/tel219_2021_061.cnv
* Sea-Bird SBE19plus Data File:
* Filename = C:/AQUIRE/tel219_2021_061.hex
* Software Version AquireV2 AF V2.0
* Temperature SN =  4020
* Conductivity SN =  4020
* System UpLoad Time = May 14 2021 14:37:52
** VESSEL/TRIP/SEQ STN: tel219_2021_061
** LATITUDE: 45 22.83 N
** LONGITUDE: 54 41.58 W
** DATE/TIME: 2021-05-14 14:03
** SOUNDING DEPTH (M): 0082
** PROBE TYPE: S4020
** CTD NUMBER: 061
** FORMAT: T
** COMMENTS: 
# nquan = 7                                 
# nvalues = 2137                        
# units = specified
# name 0 = scan: Scan Count
# name 1 = prdM: Pressure, Strain Gauge [db]
# name 2 = tv290C: Temperature [ITS-90, deg C]
# name 3 = c0S/m: Conductivity [S/m]
# name 4 = sal00: Salinity, Practical [PSU]
# name 5 = sigma-t00: Density [sigma-t, kg/m^3 ]
# name 6 = flag: flag
# span 0 =          1,       2137       
# span 1 =     -0.234,     80.904       
# span 2 =     0.4441,     7.0085       
# span 3 =   0.018318,   3.075492       
# span 4 =     0.1452,    32.8139       
# span 5 =     0.0753,    26.3175       
# span 6 = 0.0000e+00, 0.0000e+00       
# interval = seconds: 1
# start_time = May 14 2021 14:03:10 [Instrument's time stamp, header]
# bad_flag = -9.990e-29
*END*
[from data line 616]
        617     80.005     0.4644   2.777941    32.7854    26.2953 0.0000e+00
        618     80.025     0.4659   2.778066    32.7854    26.2952 0.0000e+00
        619     80.031     0.4672   2.778143    32.7850    26.2948 0.0000e+00
        620     80.016     0.4677   2.778167    32.7848    26.2946 0.0000e+00
        621     79.997     0.4675   2.778153    32.7848    26.2947 0.0000e+00
        622     79.990     0.4669   2.778118    32.7850    26.2948 0.0000e+00
        623     79.995     0.4659   2.778050    32.7852    26.2950 0.0000e+00
        624     80.001     0.4650   2.777976    32.7852    26.2951 0.0000e+00
        625     80.004     0.4648   2.777957    32.7851    26.2951 0.0000e+00
        626     80.012     0.4652   2.777998    32.7852    26.2951 0.0000e+00
        627     80.025     0.4657   2.778047    32.7853    26.2952 0.0000e+00
        628     80.034     0.4658   2.778056    32.7853    26.2952 0.0000e+00
        629     80.040     0.4660   2.778044    32.7850    26.2949 0.0000e+00
        630     80.039     0.4669   2.778099    32.7847    26.2946 0.0000e+00
        631     80.031     0.4680   2.778200    32.7849    26.2947 0.0000e+00
        632     80.030     0.4687   2.778254    32.7848    26.2946 0.0000e+00
        633     80.034     0.4688   2.778260    32.7848    26.2946 0.0000e+00
        634     80.033     0.4685   2.778244    32.7849    26.2947 0.0000e+00
        635     80.028     0.4681   2.778215    32.7850    26.2948 0.0000e+00
        636     80.023     0.4678   2.778195    32.7850    26.2948 0.0000e+00
        637     80.021     0.4678   2.778197    32.7851    26.2948 0.0000e+00
        638     80.030     0.4678   2.778199    32.7851    26.2949 0.0000e+00
        639     80.053     0.4678   2.778197    32.7850    26.2948 0.0000e+00
        640     80.076     0.4680   2.778217    32.7851    26.2948 0.0000e+00
        641     80.083     0.4688   2.778270    32.7849    26.2947 0.0000e+00
        642     80.075     0.4699   2.778342    32.7847    26.2944 0.0000e+00
        643     80.067     0.4707   2.778395    32.7845    26.2943 0.0000e+00
        644     80.068     0.4709   2.778411    32.7845    26.2942 0.0000e+00
        645     80.073     0.4708   2.778407    32.7846    26.2943 0.0000e+00
        646     80.070     0.4708   2.778408    32.7846    26.2943 0.0000e+00
        647     80.058     0.4710   2.778427    32.7846    26.2943 0.0000e+00
        648     80.048     0.4711   2.778433    32.7846    26.2943 0.0000e+00
        649     80.049     0.4707   2.778400    32.7846    26.2943 0.0000e+00
        650     80.066     0.4698   2.778342    32.7848    26.2945 0.0000e+00
        651     80.093     0.4689   2.778280    32.7849    26.2947 0.0000e+00
        652     80.118     0.4685   2.778250    32.7850    26.2947 0.0000e+00
        653     80.129     0.4685   2.778257    32.7850    26.2948 0.0000e+00
        654     80.128     0.4689   2.778283    32.7850    26.2947 0.0000e+00
        655     80.128     0.4698   2.778335    32.7847    26.2944 0.0000e+00
        656     80.132     0.4706   2.778405    32.7847    26.2944 0.0000e+00
        657     80.131     0.4713   2.778459    32.7847    26.2944 0.0000e+00
        658     80.117     0.4718   2.778481    32.7844    26.2941 0.0000e+00
        659     80.098     0.4719   2.778490    32.7845    26.2941 0.0000e+00
        660     80.088     0.4721   2.778493    32.7843    26.2940 0.0000e+00
        661     80.091     0.4724   2.778510    32.7842    26.2939 0.0000e+00
        662     80.099     0.4728   2.778536    32.7841    26.2938 0.0000e+00
        663     80.109     0.4729   2.778554    32.7842    26.2939 0.0000e+00
        664     80.125     0.4728   2.778550    32.7843    26.2939 0.0000e+00
        665     80.142     0.4726   2.778532    32.7842    26.2939 0.0000e+00
        666     80.148     0.4724   2.778516    32.7842    26.2939 0.0000e+00
        667     80.141     0.4727   2.778533    32.7842    26.2939 0.0000e+00
        668     80.135     0.4733   2.778575    32.7841    26.2937 0.0000e+00
        669     80.141     0.4738   2.778615    32.7841    26.2937 0.0000e+00
        670     80.154     0.4741   2.778643    32.7841    26.2937 0.0000e+00
        671     80.164     0.4745   2.778658    32.7839    26.2935 0.0000e+00
        672     80.170     0.4747   2.778669    32.7838    26.2934 0.0000e+00
        673     80.175     0.4748   2.778686    32.7839    26.2935 0.0000e+00
        674     80.179     0.4749   2.778693    32.7839    26.2935 0.0000e+00
        675     80.179     0.4748   2.778678    32.7838    26.2934 0.0000e+00
        676     80.180     0.4745   2.778659    32.7839    26.2935 0.0000e+00
        677     80.190     0.4745   2.778660    32.7839    26.2935 0.0000e+00
        678     80.207     0.4748   2.778684    32.7838    26.2935 0.0000e+00
        679     80.217     0.4752   2.778712    32.7838    26.2934 0.0000e+00
        680     80.212     0.4757   2.778734    32.7835    26.2932 0.0000e+00
        681     80.193     0.4759   2.778754    32.7836    26.2932 0.0000e+00
        682     80.170     0.4762   2.778774    32.7836    26.2932 0.0000e+00
        683     80.155     0.4764   2.778785    32.7835    26.2931 0.0000e+00
        684     80.154     0.4763   2.778771    32.7834    26.2931 0.0000e+00
        685     80.164     0.4760   2.778751    32.7835    26.2931 0.0000e+00
        686     80.172     0.4760   2.778757    32.7835    26.2932 0.0000e+00
        687     80.171     0.4764   2.778778    32.7834    26.2930 0.0000e+00
        688     80.169     0.4767   2.778799    32.7833    26.2930 0.0000e+00
        689     80.177     0.4767   2.778802    32.7834    26.2930 0.0000e+00
        690     80.199     0.4766   2.778798    32.7834    26.2931 0.0000e+00
        691     80.223     0.4767   2.778810    32.7835    26.2931 0.0000e+00
        692     80.235     0.4769   2.778827    32.7835    26.2931 0.0000e+00
        693     80.227     0.4772   2.778844    32.7834    26.2930 0.0000e+00
        694     80.205     0.4776   2.778863    32.7832    26.2928 0.0000e+00
        695     80.189     0.4778   2.778873    32.7831    26.2928 0.0000e+00
        696     80.187     0.4778   2.778873    32.7831    26.2928 0.0000e+00
        697     80.193     0.4778   2.778870    32.7831    26.2927 0.0000e+00
        698     80.192     0.4777   2.778870    32.7832    26.2928 0.0000e+00
        699     80.182     0.4778   2.778871    32.7831    26.2927 0.0000e+00
        700     80.178     0.4779   2.778877    32.7831    26.2927 0.0000e+00
        701     80.196     0.4780   2.778891    32.7831    26.2928 0.0000e+00
        702     80.230     0.4783   2.778909    32.7830    26.2927 0.0000e+00
        703     80.261     0.4784   2.778916    32.7830    26.2926 0.0000e+00
        704     80.270     0.4785   2.778916    32.7829    26.2925 0.0000e+00
        705     80.258     0.4786   2.778920    32.7828    26.2925 0.0000e+00
        706     80.250     0.4786   2.778926    32.7829    26.2925 0.0000e+00
        707     80.257     0.4787   2.778937    32.7830    26.2926 0.0000e+00
        708     80.267     0.4788   2.778948    32.7830    26.2926 0.0000e+00
        709     80.257     0.4789   2.778955    32.7830    26.2926 0.0000e+00
        710     80.231     0.4791   2.778965    32.7829    26.2925 0.0000e+00
        711     80.217     0.4795   2.778981    32.7827    26.2923 0.0000e+00
        712     80.228     0.4797   2.778997    32.7827    26.2923 0.0000e+00
        713     80.252     0.4799   2.779011    32.7827    26.2923 0.0000e+00
        714     80.266     0.4799   2.779018    32.7827    26.2923 0.0000e+00
        715     80.265     0.4799   2.779023    32.7828    26.2924 0.0000e+00
        716     80.266     0.4800   2.779024    32.7827    26.2923 0.0000e+00
        717     80.280     0.4800   2.779027    32.7827    26.2923 0.0000e+00
        718     80.298     0.4801   2.779044    32.7828    26.2924 0.0000e+00
        719     80.309     0.4804   2.779067    32.7828    26.2924 0.0000e+00
        720     80.306     0.4804   2.779072    32.7829    26.2924 0.0000e+00
        721     80.293     0.4804   2.779066    32.7828    26.2924 0.0000e+00
        722     80.286     0.4804   2.779056    32.7827    26.2923 0.0000e+00
        723     80.293     0.4804   2.779057    32.7827    26.2923 0.0000e+00
        724     80.305     0.4806   2.779074    32.7827    26.2923 0.0000e+00
        725     80.312     0.4808   2.779091    32.7827    26.2922 0.0000e+00
        726     80.313     0.4809   2.779100    32.7827    26.2923 0.0000e+00
        727     80.314     0.4811   2.779105    32.7826    26.2921 0.0000e+00
        728     80.327     0.4813   2.779112    32.7824    26.2920 0.0000e+00
        729     80.348     0.4814   2.779124    32.7825    26.2920 0.0000e+00
        730     80.369     0.4814   2.779135    32.7826    26.2921 0.0000e+00
        731     80.385     0.4815   2.779143    32.7826    26.2921 0.0000e+00
        732     80.394     0.4817   2.779150    32.7825    26.2920 0.0000e+00
        733     80.394     0.4818   2.779154    32.7824    26.2920 0.0000e+00
        734     80.387     0.4819   2.779157    32.7823    26.2919 0.0000e+00
        735     80.382     0.4819   2.779165    32.7825    26.2920 0.0000e+00
        736     80.386     0.4821   2.779180    32.7824    26.2920 0.0000e+00
        737     80.394     0.4823   2.779193    32.7824    26.2919 0.0000e+00
        738     80.400     0.4824   2.779198    32.7823    26.2919 0.0000e+00
        739     80.397     0.4825   2.779201    32.7823    26.2918 0.0000e+00
        740     80.390     0.4826   2.779205    32.7822    26.2918 0.0000e+00
        741     80.390     0.4828   2.779212    32.7821    26.2917 0.0000e+00
        742     80.397     0.4829   2.779214    32.7820    26.2916 0.0000e+00
        743     80.403     0.4829   2.779216    32.7820    26.2916 0.0000e+00
        744     80.406     0.4831   2.779226    32.7820    26.2915 0.0000e+00
        745     80.412     0.4834   2.779242    32.7818    26.2914 0.0000e+00
        746     80.421     0.4836   2.779251    32.7817    26.2913 0.0000e+00
        747     80.429     0.4838   2.779260    32.7816    26.2912 0.0000e+00
        748     80.428     0.4840   2.779278    32.7817    26.2912 0.0000e+00
        749     80.419     0.4842   2.779292    32.7816    26.2912 0.0000e+00
        750     80.406     0.4844   2.779302    32.7816    26.2911 0.0000e+00
        751     80.389     0.4845   2.779310    32.7816    26.2911 0.0000e+00
        752     80.373     0.4847   2.779313    32.7814    26.2910 0.0000e+00
        753     80.372     0.4848   2.779312    32.7813    26.2909 0.0000e+00
        754     80.387     0.4849   2.779316    32.7812    26.2908 0.0000e+00
        755     80.406     0.4849   2.779323    32.7813    26.2909 0.0000e+00
        756     80.418     0.4849   2.779326    32.7813    26.2909 0.0000e+00
        757     80.421     0.4850   2.779331    32.7813    26.2909 0.0000e+00
        758     80.417     0.4851   2.779338    32.7813    26.2909 0.0000e+00
        759     80.415     0.4853   2.779344    32.7812    26.2908 0.0000e+00
        760     80.413     0.4854   2.779349    32.7811    26.2907 0.0000e+00
        761     80.406     0.4854   2.779358    32.7812    26.2908 0.0000e+00
        762     80.396     0.4856   2.779369    32.7812    26.2908 0.0000e+00
        763     80.392     0.4858   2.779380    32.7811    26.2907 0.0000e+00
        764     80.396     0.4859   2.779388    32.7811    26.2907 0.0000e+00
        765     80.405     0.4859   2.779388    32.7811    26.2907 0.0000e+00
        766     80.408     0.4859   2.779381    32.7810    26.2906 0.0000e+00
        767     80.401     0.4859   2.779375    32.7809    26.2905 0.0000e+00
        768     80.398     0.4860   2.779385    32.7809    26.2906 0.0000e+00
        769     80.414     0.4862   2.779403    32.7810    26.2906 0.0000e+00
        770     80.437     0.4864   2.779416    32.7809    26.2905 0.0000e+00
        771     80.446     0.4865   2.779418    32.7808    26.2904 0.0000e+00
        772     80.439     0.4864   2.779408    32.7808    26.2904 0.0000e+00
        773     80.429     0.4864   2.779398    32.7807    26.2903 0.0000e+00
        774     80.423     0.4863   2.779391    32.7807    26.2903 0.0000e+00
        775     80.422     0.4861   2.779389    32.7809    26.2905 0.0000e+00
        776     80.420     0.4861   2.779394    32.7809    26.2905 0.0000e+00
        777     80.420     0.4863   2.779401    32.7808    26.2904 0.0000e+00
        778     80.426     0.4864   2.779409    32.7808    26.2904 0.0000e+00
        779     80.436     0.4866   2.779416    32.7807    26.2903 0.0000e+00
        780     80.439     0.4867   2.779418    32.7806    26.2902 0.0000e+00
        781     80.430     0.4867   2.779419    32.7806    26.2903 0.0000e+00
        782     80.425     0.4867   2.779417    32.7806    26.2902 0.0000e+00
        783     80.433     0.4868   2.779415    32.7805    26.2901 0.0000e+00
        784     80.443     0.4869   2.779418    32.7804    26.2901 0.0000e+00
        785     80.446     0.4869   2.779426    32.7805    26.2901 0.0000e+00
        786     80.444     0.4871   2.779436    32.7804    26.2901 0.0000e+00
        787     80.447     0.4873   2.779445    32.7803    26.2900 0.0000e+00
        788     80.457     0.4874   2.779450    32.7803    26.2899 0.0000e+00
        789     80.465     0.4874   2.779450    32.7803    26.2899 0.0000e+00
        790     80.466     0.4874   2.779447    32.7802    26.2899 0.0000e+00
        791     80.463     0.4873   2.779444    32.7803    26.2900 0.0000e+00
        792     80.464     0.4873   2.779443    32.7803    26.2900 0.0000e+00
        793     80.473     0.4874   2.779444    32.7802    26.2899 0.0000e+00
        794     80.480     0.4874   2.779453    32.7803    26.2900 0.0000e+00
        795     80.474     0.4875   2.779464    32.7803    26.2900 0.0000e+00
        796     80.459     0.4878   2.779469    32.7801    26.2898 0.0000e+00
        797     80.449     0.4880   2.779478    32.7800    26.2897 0.0000e+00
        798     80.446     0.4882   2.779488    32.7799    26.2896 0.0000e+00
        799     80.441     0.4883   2.779495    32.7799    26.2896 0.0000e+00
        800     80.429     0.4883   2.779498    32.7800    26.2896 0.0000e+00
        801     80.419     0.4884   2.779500    32.7799    26.2896 0.0000e+00
        802     80.423     0.4885   2.779509    32.7799    26.2896 0.0000e+00
        803     80.437     0.4886   2.779524    32.7800    26.2896 0.0000e+00
        804     80.444     0.4888   2.779535    32.7799    26.2896 0.0000e+00
        805     80.437     0.4890   2.779539    32.7797    26.2894 0.0000e+00
        806     80.424     0.4890   2.779541    32.7798    26.2894 0.0000e+00
        807     80.422     0.4890   2.779545    32.7798    26.2895 0.0000e+00
        808     80.433     0.4890   2.779548    32.7799    26.2895 0.0000e+00
        809     80.443     0.4891   2.779550    32.7798    26.2894 0.0000e+00
        810     80.442     0.4891   2.779555    32.7798    26.2895 0.0000e+00
        811     80.437     0.4894   2.779573    32.7798    26.2894 0.0000e+00
        812     80.436     0.4897   2.779591    32.7797    26.2893 0.0000e+00
        813     80.435     0.4898   2.779590    32.7796    26.2892 0.0000e+00
        814     80.436     0.4898   2.779583    32.7795    26.2892 0.0000e+00
        815     80.444     0.4897   2.779586    32.7796    26.2893 0.0000e+00
        816     80.458     0.4897   2.779593    32.7797    26.2893 0.0000e+00
        817     80.473     0.4895   2.779593    32.7799    26.2895 0.0000e+00
        818     80.483     0.4895   2.779590    32.7798    26.2895 0.0000e+00
        819     80.486     0.4898   2.779598    32.7796    26.2893 0.0000e+00
        820     80.487     0.4903   2.779636    32.7796    26.2892 0.0000e+00
