Datasets/Test_Dataset_39219_tow/tel219_2021_070.cnv
* Sea-Bird SBE19plus Data File:
* Filename = C:/AQUIRE/tel219_2021_070.hex
* Software Version AquireV2 AF V2.0
* Temperature SN =  4020
* Conductivity SN =  4020
* System UpLoad Time = May 15 2021 10:49:53
** VESSEL/TRIP/SEQ STN: tel219_2021_070
** LATITUDE: 45 58.72 N
** LONGITUDE: 54 45.09 W
** DATE/TIME: 2021-05-15 10:08
** SOUNDING DEPTH (M): 0075
** PROBE TYPE: S4020
** CTD NUMBER:  70
** FORMAT: T
** COMMENTS: 
# nquan = 7                                 
# nvalues = 2585                        
# units = specified
# name 0 = scan: Scan Count
# name 1 = prdM: Pressure, Strain Gauge [db]
# name 2 = tv290C: Temperature [ITS-90, deg C]
# name 3 = c0S/m: Conductivity [S/m]
# name 4 = sal00: Salinity, Practical [PSU]
# name 5 = sigma-t00: Density [sigma-t, kg/m^3 ]
# name 6 = flag: flag
# span 0 =          1,       2585       
# span 1 =     -0.045,     72.790       
# span 2 =     0.4831,     4.4124       
# span 3 =   0.013689,   2.999598       
# span 4 =     0.1079,    32.6414       
# span 5 =     0.0597,    26.1783       
# span 6 = 0.0000e+00, 0.0000e+00       
# interval = seconds: 1
# start_time = May 15 2021 10:08:07 [Instrument's time stamp, header]
# bad_flag = -9.990e-29
*END*
          1     -0.028     4.2860   0.027030     0.2130     0.1459 0.0000e+00
          2     -0.026     4.2862   0.027071     0.2133     0.1461 0.0000e+00
          3     -0.022     4.2865   0.027107     0.2136     0.1464 0.0000e+00
          4     -0.017     4.2870   0.027068     0.2133     0.1461 0.0000e+00
          5     -0.017     4.2879   0.027047     0.2131     0.1460 0.0000e+00
          6     -0.019     4.2890   0.027143     0.2139     0.1466 0.0000e+00
          7     -0.021     4.2906   0.027229     0.2146     0.1471 0.0000e+00
          8     -0.023     4.2927   0.027187     0.2142     0.1468 0.0000e+00
          9     -0.027     4.2948   0.027118     0.2136     0.1463 0.0000e+00
         10     -0.028     4.2964   0.027166     0.2140     0.1466 0.0000e+00
         11     -0.026     4.2971   0.027312     0.2152     0.1476 0.0000e+00
         12     -0.024     4.2972   0.027423     0.2161     0.1483 0.0000e+00
         13     -0.022     4.2969   0.027429     0.2162     0.1484 0.0000e+00
         14     -0.022     4.2966   0.027377     0.2157     0.1480 0.0000e+00
         15     -0.024     4.2965   0.027347     0.2155     0.1478 0.0000e+00
         16     -0.023     4.2966   0.027348     0.2155     0.1478 0.0000e+00
         17     -0.021     4.2973   0.027343     0.2155     0.1478 0.0000e+00
         18     -0.022     4.2995   0.027254     0.2147     0.1472 0.0000e+00
         19     -0.023     4.3028   0.027051     0.2130     0.1458 0.0000e+00
         20     -0.023     4.3059   0.026845     0.2113     0.1444 0.0000e+00
         21     -0.022     4.3078   0.026774     0.2107     0.1439 0.0000e+00
         22     -0.020     4.3083   0.026863     0.2115     0.1445 0.0000e+00
         23     -0.021     4.3085   0.027020     0.2127     0.1456 0.0000e+00
         24     -0.024     4.3088   0.027154     0.2138     0.1464 0.0000e+00
         25     -0.026     4.3085   0.027209     0.2143     0.1468 0.0000e+00
         26     -0.025     4.3072   0.027185     0.2141     0.1467 0.0000e+00
         27     -0.024     4.3058   0.027176     0.2140     0.1466 0.0000e+00
         28     -0.025     4.3047   0.027207     0.2143     0.1468 0.0000e+00
         29     -0.027     4.3039   0.027226     0.2145     0.1470 0.0000e+00
         30     -0.027     4.3037   0.027205     0.2143     0.1468 0.0000e+00
         31     -0.024     4.3041   0.027169     0.2140     0.1466 0.0000e+00
         32     -0.021     4.3043   0.027130     0.2137     0.1463 0.0000e+00
         33     -0.020     4.3041   0.027071     0.2132     0.1459 0.0000e+00
         34     -0.021     4.3044   0.027020     0.2128     0.1456 0.0000e+00
         35     -0.024     4.3056   0.027032     0.2129     0.1457 0.0000e+00
         36     -0.025     4.3068   0.027084     0.2133     0.1460 0.0000e+00
         37     -0.024     4.3072   0.027071     0.2132     0.1459 0.0000e+00
         38     -0.024     4.3074   0.026981     0.2124     0.1453 0.0000e+00
         39     -0.027     4.3075   0.026955     0.2122     0.1451 0.0000e+00
         40     -0.029     4.3073   0.027033     0.2129     0.1457 0.0000e+00
         41     -0.029     4.3070   0.027080     0.2132     0.1460 0.0000e+00
         42     -0.029     4.3067   0.027029     0.2128     0.1456 0.0000e+00
         43     -0.030     4.3065   0.026945     0.2121     0.1451 0.0000e+00
         44     -0.032     4.3060   0.026910     0.2119     0.1449 0.0000e+00
         45     -0.029     4.3053   0.026949     0.2122     0.1451 0.0000e+00
         46     -0.023     4.3049   0.026998     0.2126     0.1454 0.0000e+00
         47     -0.023     4.3047   0.026985     0.2125     0.1454 0.0000e+00
         48     -0.025     4.3043   0.026945     0.2122     0.1451 0.0000e+00
         49     -0.026     4.3041   0.026950     0.2122     0.1451 0.0000e+00
         50     -0.028     4.3041   0.026990     0.2125     0.1454 0.0000e+00
         51     -0.030     4.3041   0.027018     0.2128     0.1456 0.0000e+00
         52     -0.029     4.3039   0.027046     0.2130     0.1458 0.0000e+00
         53     -0.028     4.3034   0.027103     0.2135     0.1462 0.0000e+00
         54     -0.027     4.3030   0.027130     0.2137     0.1463 0.0000e+00
         55     -0.026     4.3026   0.027070     0.2132     0.1459 0.0000e+00
         56     -0.027     4.3023   0.026987     0.2125     0.1454 0.0000e+00
         57     -0.027     4.3022   0.026996     0.2126     0.1455 0.0000e+00
         58     -0.026     4.3022   0.027109     0.2135     0.1462 0.0000e+00
         59     -0.025     4.3024   0.027203     0.2143     0.1468 0.0000e+00
         60     -0.024     4.3025   0.027220     0.2144     0.1469 0.0000e+00
         61     -0.024     4.3022   0.027188     0.2142     0.1467 0.0000e+00
         62     -0.023     4.3019   0.027128     0.2137     0.1463 0.0000e+00
         63     -0.023     4.3018   0.027095     0.2134     0.1461 0.0000e+00
         64     -0.024     4.3019   0.027149     0.2138     0.1465 0.0000e+00
         65     -0.027     4.3022   0.027269     0.2148     0.1473 0.0000e+00
         66     -0.030     4.3025   0.027351     0.2155     0.1478 0.0000e+00
         67     -0.030     4.3026   0.027359     0.2156     0.1478 0.0000e+00
         68     -0.025     4.3026   0.027341     0.2154     0.1477 0.0000e+00
         69     -0.021     4.3025   0.027340     0.2154     0.1477 0.0000e+00
         70     -0.021     4.3025   0.027379     0.2157     0.1480 0.0000e+00
         71     -0.022     4.3025   0.027445     0.2163     0.1484 0.0000e+00
         72     -0.021     4.3025   0.027465     0.2164     0.1485 0.0000e+00
         73     -0.022     4.3024   0.027410     0.2160     0.1482 0.0000e+00
         74     -0.023     4.3022   0.027348     0.2155     0.1478 0.0000e+00
         75     -0.024     4.3021   0.027357     0.2155     0.1478 0.0000e+00
         76     -0.027     4.3020   0.027405     0.2159     0.1482 0.0000e+00
         77     -0.030     4.3022   0.027405     0.2159     0.1482 0.0000e+00
         78     -0.030     4.3026   0.027346     0.2154     0.1478 0.0000e+00
         79     -0.033     4.3030   0.027274     0.2149     0.1473 0.0000e+00
         80     -0.036     4.3034   0.027291     0.2150     0.1474 0.0000e+00
         81     -0.035     4.3038   0.027453     0.2163     0.1484 0.0000e+00
         82     -0.033     4.3041   0.027639     0.2178     0.1497 0.0000e+00
         83     -0.029     4.3043   0.027698     0.2183     0.1501 0.0000e+00
         84     -0.026     4.3045   0.027632     0.2178     0.1496 0.0000e+00
         85     -0.026     4.3046   0.027540     0.2170     0.1490 0.0000e+00
         86     -0.025     4.3048   0.027515     0.2168     0.1488 0.0000e+00
         87     -0.023     4.3051   0.027602     0.2175     0.1494 0.0000e+00
         88     -0.023     4.3055   0.027749     0.2187     0.1504 0.0000e+00
         89     -0.024     4.3057   0.027848     0.2195     0.1510 0.0000e+00
         90     -0.025     4.3060   0.027837     0.2194     0.1509 0.0000e+00
         91     -0.025     4.3063   0.027742     0.2187     0.1503 0.0000e+00
         92     -0.025     4.3065   0.027664     0.2180     0.1498 0.0000e+00
         93     -0.024     4.3070   0.027713     0.2184     0.1501 0.0000e+00
         94     -0.023     4.3076   0.027844     0.2195     0.1510 0.0000e+00
         95     -0.023     4.3083   0.027917     0.2201     0.1515 0.0000e+00
         96     -0.026     4.3087   0.027890     0.2199     0.1513 0.0000e+00
         97     -0.029     4.3089   0.027846     0.2195     0.1510 0.0000e+00
         98     -0.030     4.3093   0.027862     0.2196     0.1511 0.0000e+00
         99     -0.030     4.3096   0.027928     0.2202     0.1515 0.0000e+00
        100     -0.032     4.3101   0.027997     0.2207     0.1520 0.0000e+00
        101     -0.032     4.3105   0.028003     0.2208     0.1520 0.0000e+00
        102     -0.031     4.3109   0.027933     0.2202     0.1515 0.0000e+00
        103     -0.030     4.3110   0.027868     0.2197     0.1511 0.0000e+00
        104     -0.028     4.3111   0.027910     0.2200     0.1514 0.0000e+00
        105     -0.027     4.3114   0.028036     0.2210     0.1522 0.0000e+00
        106     -0.025     4.3116   0.028106     0.2216     0.1527 0.0000e+00
        107     -0.023     4.3118   0.028042     0.2211     0.1522 0.0000e+00
        108     -0.022     4.3120   0.027921     0.2201     0.1514 0.0000e+00
        109     -0.022     4.3123   0.027879     0.2197     0.1512 0.0000e+00
        110     -0.025     4.3125   0.027960     0.2204     0.1517 0.0000e+00
        111     -0.027     4.3127   0.028066     0.2213     0.1524 0.0000e+00
        112     -0.026     4.3130   0.028092     0.2215     0.1525 0.0000e+00
        113     -0.024     4.3132   0.028040     0.2211     0.1522 0.0000e+00
        114     -0.025     4.3133   0.027978     0.2205     0.1518 0.0000e+00
        115     -0.028     4.3136   0.027951     0.2203     0.1516 0.0000e+00
        116     -0.030     4.3140   0.027958     0.2204     0.1517 0.0000e+00
        117     -0.031     4.3144   0.027978     0.2205     0.1518 0.0000e+00
        118     -0.030     4.3147   0.028017     0.2209     0.1520 0.0000e+00
        119     -0.029     4.3149   0.028056     0.2212     0.1523 0.0000e+00
        120     -0.028     4.3152   0.028047     0.2211     0.1522 0.0000e+00
        121     -0.027     4.3154   0.027979     0.2205     0.1518 0.0000e+00
        122     -0.026     4.3156   0.027896     0.2199     0.1512 0.0000e+00
        123     -0.027     4.3161   0.027873     0.2197     0.1511 0.0000e+00
        124     -0.026     4.3165   0.027945     0.2203     0.1515 0.0000e+00
        125     -0.023     4.3169   0.028054     0.2211     0.1523 0.0000e+00
        126     -0.020     4.3171   0.028099     0.2215     0.1525 0.0000e+00
        127     -0.019     4.3172   0.028033     0.2210     0.1521 0.0000e+00
        128     -0.019     4.3175   0.027924     0.2201     0.1514 0.0000e+00
        129     -0.022     4.3178   0.027874     0.2197     0.1511 0.0000e+00
        130     -0.024     4.3180   0.027908     0.2199     0.1513 0.0000e+00
        131     -0.025     4.3182   0.027981     0.2205     0.1518 0.0000e+00
        132     -0.026     4.3184   0.028042     0.2210     0.1522 0.0000e+00
        133     -0.025     4.3186   0.028057     0.2212     0.1523 0.0000e+00
        134     -0.027     4.3188   0.028028     0.2209     0.1521 0.0000e+00
        135     -0.033     4.3191   0.027989     0.2206     0.1518 0.0000e+00
        136     -0.037     4.3193   0.027968     0.2204     0.1517 0.0000e+00
        137     -0.035     4.3195   0.027968     0.2204     0.1517 0.0000e+00
        138     -0.031     4.3198   0.027981     0.2205     0.1517 0.0000e+00
        139     -0.030     4.3202   0.028008     0.2207     0.1519 0.0000e+00
        140     -0.029     4.3208   0.028044     0.2210     0.1521 0.0000e+00
        141     -0.026     4.3211   0.028057     0.2211     0.1522 0.0000e+00
        142     -0.024     4.3215   0.028029     0.2209     0.1520 0.0000e+00
        143     -0.024     4.3217   0.027984     0.2205     0.1517 0.0000e+00
        144     -0.026     4.3220   0.027951     0.2203     0.1515 0.0000e+00
        145     -0.028     4.3226   0.027956     0.2203     0.1515 0.0000e+00
        146     -0.029     4.3234   0.028012     0.2208     0.1519 0.0000e+00
        147     -0.028     4.3243   0.028070     0.2212     0.1523 0.0000e+00
        148     -0.029     4.3251   0.028068     0.2212     0.1523 0.0000e+00
        149     -0.031     4.3255   0.028031     0.2209     0.1520 0.0000e+00
        150     -0.032     4.3255   0.028026     0.2209     0.1520 0.0000e+00
        151     -0.033     4.3254   0.028060     0.2211     0.1522 0.0000e+00
        152     -0.031     4.3255   0.028092     0.2214     0.1524 0.0000e+00
        153     -0.029     4.3257   0.028094     0.2214     0.1524 0.0000e+00
        154     -0.029     4.3262   0.028055     0.2211     0.1522 0.0000e+00
        155     -0.030     4.3266   0.028007     0.2207     0.1518 0.0000e+00
        156     -0.028     4.3269   0.028021     0.2208     0.1519 0.0000e+00
        157     -0.025     4.3270   0.028093     0.2214     0.1524 0.0000e+00
        158     -0.024     4.3270   0.028133     0.2217     0.1527 0.0000e+00
        159     -0.022     4.3272   0.028081     0.2213     0.1523 0.0000e+00
        160     -0.022     4.3276   0.027995     0.2206     0.1517 0.0000e+00
        161     -0.024     4.3280   0.027968     0.2204     0.1516 0.0000e+00
        162     -0.025     4.3285   0.028007     0.2207     0.1518 0.0000e+00
        163     -0.025     4.3288   0.028042     0.2210     0.1520 0.0000e+00
        164     -0.026     4.3289   0.028011     0.2207     0.1518 0.0000e+00
        165     -0.025     4.3289   0.027938     0.2201     0.1514 0.0000e+00
        166     -0.023     4.3289   0.027909     0.2199     0.1512 0.0000e+00
        167     -0.023     4.3289   0.027941     0.2201     0.1514 0.0000e+00
        168     -0.026     4.3290   0.027964     0.2203     0.1515 0.0000e+00
        169     -0.026     4.3293   0.027912     0.2199     0.1512 0.0000e+00
        170     -0.024     4.3299   0.027819     0.2191     0.1506 0.0000e+00
        171     -0.023     4.3302   0.027788     0.2189     0.1504 0.0000e+00
        172     -0.021     4.3304   0.027852     0.2194     0.1508 0.0000e+00
        173     -0.019     4.3302   0.027920     0.2200     0.1512 0.0000e+00
        174     -0.019     4.3302   0.027893     0.2197     0.1510 0.0000e+00
        175     -0.021     4.3305   0.027791     0.2189     0.1504 0.0000e+00
        176     -0.023     4.3308   0.027708     0.2182     0.1498 0.0000e+00
        177     -0.025     4.3308   0.027698     0.2181     0.1498 0.0000e+00
        178     -0.028     4.3308   0.027753     0.2186     0.1501 0.0000e+00
        179     -0.030     4.3312   0.027786     0.2189     0.1503 0.0000e+00
        180     -0.030     4.3317   0.027747     0.2185     0.1501 0.0000e+00
        181     -0.032     4.3321   0.027673     0.2179     0.1496 0.0000e+00
        182     -0.033     4.3323   0.027616     0.2175     0.1492 0.0000e+00
        183     -0.031     4.3324   0.027603     0.2174     0.1491 0.0000e+00
        184     -0.028     4.3328   0.027642     0.2177     0.1494 0.0000e+00
        185     -0.027     4.3336   0.027672     0.2179     0.1496 0.0000e+00
        186     -0.029     4.3342   0.027635     0.2176     0.1493 0.0000e+00
        187     -0.028     4.3346   0.027547     0.2169     0.1487 0.0000e+00
        188     -0.026     4.3348   0.027468     0.2162     0.1482 0.0000e+00
        189     -0.027     4.3351   0.027449     0.2161     0.1481 0.0000e+00
        190     -0.031     4.3353   0.027473     0.2163     0.1482 0.0000e+00
        191     -0.035     4.3355   0.027483     0.2164     0.1483 0.0000e+00
        192     -0.037     4.3358   0.027464     0.2162     0.1482 0.0000e+00
        193     -0.035     4.3361   0.027422     0.2159     0.1479 0.0000e+00
        194     -0.031     4.3364   0.027361     0.2154     0.1475 0.0000e+00
        195     -0.025     4.3365   0.027299     0.2149     0.1471 0.0000e+00
        196     -0.023     4.3365   0.027261     0.2145     0.1468 0.0000e+00
        197     -0.024     4.3365   0.027220     0.2142     0.1466 0.0000e+00
        198     -0.027     4.3365   0.027148     0.2136     0.1461 0.0000e+00
        199     -0.031     4.3365   0.027076     0.2130     0.1456 0.0000e+00
        200     -0.030     4.3368   0.027051     0.2128     0.1454 0.0000e+00
        201     -0.027     4.3370   0.027061     0.2129     0.1455 0.0000e+00
        202     -0.026     4.3373   0.027066     0.2129     0.1455 0.0000e+00
        203     -0.026     4.3374   0.027038     0.2127     0.1453 0.0000e+00
        204     -0.026     4.3376   0.026975     0.2122     0.1449 0.0000e+00
        205     -0.024     4.3379   0.026892     0.2115     0.1444 0.0000e+00
