Datasets/Test_Dataset_39219_tow/tel219_2021_054.cnv
* Sea-Bird SBE19plus Data File:
* Filename = C:/AQUIRE/tel219_2021_054.hex
* Software Version AquireV2 AF V2.0
* Temperature SN =  4020
* Conductivity SN =  4020
* System UpLoad Time = May 13 2021 19:59:13
** VESSEL/TRIP/SEQ STN: tel219_2021_054
** LATITUDE: 45 03.65 N
** LONGITUDE: 55 13.54 W
** DATE/TIME: 2021-05-13 18:20
** SOUNDING DEPTH (M): 0461
** PROBE TYPE: S4020
** CTD NUMBER:  54
** FORMAT: t
** COMMENTS: 
# nquan = 7                                 
# nvalues = 5697                        
# units = specified
# name 0 = scan: Scan Count
# name 1 = prdM: Pressure, Strain Gauge [db]
# name 2 = tv290C: Temperature [ITS-90, deg C]
# name 3 = c0S/m: Conductivity [S/m]
# name 4 = sal00: Salinity, Practical [PSU]
# name 5 = sigma-t00: Density [sigma-t, kg/m^3 ]
# name 6 = flag: flag
# span 0 =          1,       5697       
# span 1 =     -0.731,    489.377       
# span 2 =     1.5989,     9.3956       
# span 3 =   0.007985,   3.765972       
# span 4 =     0.0573,    35.1204       
# span 5 =    -0.0365,    27.5025       
# span 6 = 0.0000e+00, 0.0000e+00       
# interval = seconds: 1
# start_time = May 13 2021 18:20:54 [Instrument's time stamp, header]
# bad_flag = -9.990e-29
*END*
[from data line 4513]
       4514     -0.114     5.5468   0.009522     0.0703     0.0120 0.0000e+00
       4515     -0.115     5.5466   0.009517     0.0702     0.0120 0.0000e+00
       4516     -0.114     5.5465   0.009528     0.0703     0.0121 0.0000e+00
       4517     -0.113     5.5465   0.009536     0.0704     0.0121 0.0000e+00
       4518     -0.114     5.5464   0.009527     0.0703     0.0121 0.0000e+00
       4519     -0.115     5.5462   0.009518     0.0702     0.0120 0.0000e+00
       4520     -0.113     5.5460   0.009526     0.0703     0.0121 0.0000e+00
       4521     -0.111     5.5459   0.009543     0.0704     0.0122 0.0000e+00
       4522     -0.110     5.5458   0.009547     0.0705     0.0122 0.0000e+00
       4523     -0.110     5.5458   0.009543     0.0704     0.0122 0.0000e+00
       4524     -0.114     5.5458   0.009549     0.0705     0.0122 0.0000e+00
       4525     -0.120     5.5457   0.009573     0.0707     0.0124 0.0000e+00
       4526     -0.120     5.5456   0.009597     0.0708     0.0125 0.0000e+00
       4527     -0.117     5.5456   0.009591     0.0708     0.0125 0.0000e+00
       4528     -0.116     5.5457   0.009565     0.0706     0.0123 0.0000e+00
       4529     -0.115     5.5457   0.009558     0.0705     0.0123 0.0000e+00
       4530     -0.112     5.5457   0.009577     0.0707     0.0124 0.0000e+00
       4531     -0.112     5.5458   0.009594     0.0708     0.0125 0.0000e+00
       4532     -0.116     5.5458   0.009580     0.0707     0.0124 0.0000e+00
       4533     -0.121     5.5460   0.009544     0.0704     0.0122 0.0000e+00
       4534     -0.122     5.5461   0.009522     0.0703     0.0121 0.0000e+00
       4535     -0.119     5.5459   0.009526     0.0703     0.0121 0.0000e+00
       4536     -0.118     5.5458   0.009528     0.0703     0.0121 0.0000e+00
       4537     -0.119     5.5458   0.009507     0.0702     0.0120 0.0000e+00
       4538     -0.121     5.5457   0.009467     0.0699     0.0117 0.0000e+00
       4539     -0.120     5.5458   0.009440     0.0696     0.0116 0.0000e+00
       4540     -0.119     5.5458   0.009440     0.0696     0.0116 0.0000e+00
       4541     -0.122     5.5456   0.009457     0.0698     0.0117 0.0000e+00
       4542     -0.125     5.5454   0.009466     0.0698     0.0117 0.0000e+00
       4543     -0.126     5.5454   0.009448     0.0697     0.0116 0.0000e+00
       4544     -0.126     5.5454   0.009415     0.0695     0.0114 0.0000e+00
       4545     -0.125     5.5455   0.009391     0.0693     0.0113 0.0000e+00
       4546     -0.122     5.5457   0.009392     0.0693     0.0113 0.0000e+00
       4547     -0.118     5.5457   0.009411     0.0694     0.0114 0.0000e+00
       4548     -0.118     5.5455   0.009433     0.0696     0.0115 0.0000e+00
       4549     -0.119     5.5453   0.009441     0.0697     0.0116 0.0000e+00
       4550     -0.119     5.5451   0.009428     0.0696     0.0115 0.0000e+00
       4551     -0.119     5.5451   0.009407     0.0694     0.0114 0.0000e+00
       4552     -0.119     5.5453   0.009394     0.0693     0.0113 0.0000e+00
       4553     -0.119     5.5454   0.009400     0.0693     0.0113 0.0000e+00
       4554     -0.119     5.5454   0.009418     0.0695     0.0115 0.0000e+00
       4555     -0.117     5.5454   0.009434     0.0696     0.0115 0.0000e+00
       4556     -0.117     5.5454   0.009430     0.0696     0.0115 0.0000e+00
       4557     -0.118     5.5455   0.009406     0.0694     0.0114 0.0000e+00
       4558     -0.118     5.5457   0.009384     0.0692     0.0112 0.0000e+00
       4559     -0.119     5.5458   0.009377     0.0692     0.0112 0.0000e+00
       4560     -0.120     5.5457   0.009381     0.0692     0.0112 0.0000e+00
       4561     -0.122     5.5455   0.009377     0.0692     0.0112 0.0000e+00
       4562     -0.125     5.5451   0.009360     0.0690     0.0111 0.0000e+00
       4563     -0.127     5.5450   0.009343     0.0689     0.0110 0.0000e+00
       4564     -0.125     5.5448   0.009335     0.0689     0.0110 0.0000e+00
       4565     -0.121     5.5446   0.009337     0.0689     0.0110 0.0000e+00
       4566     -0.119     5.5446   0.009343     0.0689     0.0110 0.0000e+00
       4567     -0.120     5.5444   0.009337     0.0689     0.0110 0.0000e+00
       4568     -0.122     5.5442   0.009326     0.0688     0.0109 0.0000e+00
       4569     -0.122     5.5442   0.009329     0.0688     0.0109 0.0000e+00
       4570     -0.122     5.5440   0.009339     0.0689     0.0110 0.0000e+00
       4571     -0.120     5.5438   0.009340     0.0689     0.0110 0.0000e+00
       4572     -0.117     5.5438   0.009326     0.0688     0.0109 0.0000e+00
       4573     -0.117     5.5438   0.009309     0.0687     0.0108 0.0000e+00
       4574     -0.119     5.5438   0.009310     0.0687     0.0108 0.0000e+00
       4575     -0.119     5.5438   0.009328     0.0688     0.0109 0.0000e+00
       4576     -0.116     5.5436   0.009345     0.0689     0.0111 0.0000e+00
       4577     -0.115     5.5434   0.009348     0.0690     0.0111 0.0000e+00
       4578     -0.116     5.5432   0.009334     0.0689     0.0110 0.0000e+00
       4579     -0.115     5.5430   0.009313     0.0687     0.0109 0.0000e+00
       4580     -0.116     5.5428   0.009297     0.0686     0.0108 0.0000e+00
       4581     -0.119     5.5428   0.009299     0.0686     0.0108 0.0000e+00
       4582     -0.119     5.5430   0.009312     0.0687     0.0109 0.0000e+00
       4583     -0.119     5.5431   0.009315     0.0687     0.0109 0.0000e+00
       4584     -0.120     5.5430   0.009300     0.0686     0.0108 0.0000e+00
       4585     -0.122     5.5428   0.009286     0.0685     0.0107 0.0000e+00
       4586     -0.123     5.5427   0.009286     0.0685     0.0107 0.0000e+00
       4587     -0.119     5.5427   0.009293     0.0685     0.0108 0.0000e+00
       4588     -0.113     5.5426   0.009295     0.0686     0.0108 0.0000e+00
       4589     -0.112     5.5425   0.009291     0.0685     0.0108 0.0000e+00
       4590     -0.116     5.5423   0.009285     0.0685     0.0107 0.0000e+00
       4591     -0.120     5.5422   0.009286     0.0685     0.0107 0.0000e+00
       4592     -0.123     5.5420   0.009300     0.0686     0.0108 0.0000e+00
       4593     -0.123     5.5420   0.009326     0.0688     0.0110 0.0000e+00
       4594     -0.120     5.5420   0.009356     0.0690     0.0112 0.0000e+00
       4595     -0.117     5.5420   0.009367     0.0691     0.0112 0.0000e+00
       4596     -0.113     5.5421   0.009345     0.0689     0.0111 0.0000e+00
       4597     -0.111     5.5420   0.009315     0.0687     0.0109 0.0000e+00
       4598     -0.113     5.5419   0.009307     0.0687     0.0109 0.0000e+00
       4599     -0.114     5.5419   0.009319     0.0687     0.0109 0.0000e+00
       4600     -0.113     5.5419   0.009330     0.0688     0.0110 0.0000e+00
       4601     -0.115     5.5419   0.009318     0.0687     0.0109 0.0000e+00
       4602     -0.120     5.5419   0.009290     0.0685     0.0108 0.0000e+00
       4603     -0.122     5.5419   0.009261     0.0683     0.0106 0.0000e+00
       4604     -0.122     5.5418   0.009243     0.0682     0.0105 0.0000e+00
       4605     -0.124     5.5418   0.009240     0.0682     0.0105 0.0000e+00
       4606     -0.126     5.5416   0.009244     0.0682     0.0105 0.0000e+00
       4607     -0.123     5.5416   0.009243     0.0682     0.0105 0.0000e+00
       4608     -0.118     5.5416   0.009240     0.0682     0.0105 0.0000e+00
       4609     -0.115     5.5416   0.009243     0.0682     0.0105 0.0000e+00
       4610     -0.115     5.5414   0.009243     0.0682     0.0105 0.0000e+00
       4611     -0.115     5.5413   0.009234     0.0681     0.0104 0.0000e+00
       4612     -0.116     5.5414   0.009217     0.0680     0.0103 0.0000e+00
       4613     -0.120     5.5416   0.009202     0.0679     0.0102 0.0000e+00
       4614     -0.123     5.5416   0.009192     0.0678     0.0102 0.0000e+00
       4615     -0.123     5.5416   0.009194     0.0678     0.0102 0.0000e+00
       4616     -0.122     5.5415   0.009205     0.0679     0.0103 0.0000e+00
       4617     -0.119     5.5413   0.009214     0.0680     0.0103 0.0000e+00
       4618     -0.118     5.5412   0.009214     0.0680     0.0103 0.0000e+00
       4619     -0.120     5.5411   0.009210     0.0679     0.0103 0.0000e+00
       4620     -0.122     5.5409   0.009212     0.0679     0.0103 0.0000e+00
       4621     -0.121     5.5408   0.009214     0.0680     0.0103 0.0000e+00
       4622     -0.117     5.5408   0.009214     0.0680     0.0103 0.0000e+00
       4623     -0.115     5.5406   0.009206     0.0679     0.0103 0.0000e+00
       4624     -0.114     5.5404   0.009186     0.0677     0.0102 0.0000e+00
       4625     -0.114     5.5404   0.009175     0.0677     0.0101 0.0000e+00
       4626     -0.117     5.5403   0.009185     0.0677     0.0102 0.0000e+00
       4627     -0.119     5.5403   0.009201     0.0679     0.0103 0.0000e+00
       4628     -0.118     5.5403   0.009197     0.0678     0.0102 0.0000e+00
       4629     -0.118     5.5404   0.009181     0.0677     0.0102 0.0000e+00
       4630     -0.118     5.5404   0.009166     0.0676     0.0101 0.0000e+00
       4631     -0.117     5.5404   0.009154     0.0675     0.0100 0.0000e+00
       4632     -0.115     5.5406   0.009146     0.0674     0.0099 0.0000e+00
       4633     -0.115     5.5407   0.009151     0.0675     0.0100 0.0000e+00
       4634     -0.116     5.5408   0.009170     0.0676     0.0101 0.0000e+00
       4635     -0.118     5.5408   0.009185     0.0677     0.0102 0.0000e+00
       4636     -0.120     5.5410   0.009179     0.0677     0.0101 0.0000e+00
       4637     -0.121     5.5411   0.009162     0.0676     0.0100 0.0000e+00
       4638     -0.122     5.5412   0.009155     0.0675     0.0100 0.0000e+00
       4639     -0.122     5.5412   0.009164     0.0676     0.0100 0.0000e+00
       4640     -0.119     5.5412   0.009183     0.0677     0.0101 0.0000e+00
       4641     -0.114     5.5412   0.009192     0.0678     0.0102 0.0000e+00
       4642     -0.112     5.5412   0.009178     0.0677     0.0101 0.0000e+00
       4643     -0.113     5.5413   0.009160     0.0676     0.0100 0.0000e+00
       4644     -0.114     5.5413   0.009161     0.0676     0.0100 0.0000e+00
       4645     -0.112     5.5413   0.009176     0.0677     0.0101 0.0000e+00
       4646     -0.111     5.5412   0.009181     0.0677     0.0101 0.0000e+00
       4647     -0.112     5.5412   0.009169     0.0676     0.0101 0.0000e+00
       4648     -0.115     5.5412   0.009153     0.0675     0.0100 0.0000e+00
       4649     -0.117     5.5412   0.009144     0.0674     0.0099 0.0000e+00
       4650     -0.119     5.5411   0.009148     0.0675     0.0099 0.0000e+00
       4651     -0.122     5.5411   0.009157     0.0675     0.0100 0.0000e+00
       4652     -0.122     5.5411   0.009157     0.0675     0.0100 0.0000e+00
       4653     -0.119     5.5412   0.009143     0.0674     0.0099 0.0000e+00
       4654     -0.117     5.5412   0.009125     0.0673     0.0098 0.0000e+00
       4655     -0.117     5.5412   0.009112     0.0672     0.0097 0.0000e+00
       4656     -0.117     5.5412   0.009107     0.0672     0.0097 0.0000e+00
       4657     -0.119     5.5414   0.009107     0.0672     0.0097 0.0000e+00
       4658     -0.123     5.5415   0.009106     0.0671     0.0097 0.0000e+00
       4659     -0.125     5.5413   0.009107     0.0672     0.0097 0.0000e+00
       4660     -0.124     5.5413   0.009112     0.0672     0.0097 0.0000e+00
       4661     -0.121     5.5412   0.009111     0.0672     0.0097 0.0000e+00
       4662     -0.119     5.5412   0.009099     0.0671     0.0096 0.0000e+00
       4663     -0.119     5.5412   0.009086     0.0670     0.0096 0.0000e+00
       4664     -0.120     5.5412   0.009085     0.0670     0.0096 0.0000e+00
       4665     -0.120     5.5412   0.009101     0.0671     0.0096 0.0000e+00
       4666     -0.119     5.5412   0.009123     0.0673     0.0098 0.0000e+00
       4667     -0.118     5.5412   0.009140     0.0674     0.0099 0.0000e+00
       4668     -0.115     5.5412   0.009133     0.0673     0.0098 0.0000e+00
       4669     -0.113     5.5412   0.009104     0.0671     0.0097 0.0000e+00
       4670     -0.115     5.5412   0.009081     0.0670     0.0095 0.0000e+00
       4671     -0.119     5.5412   0.009096     0.0671     0.0096 0.0000e+00
       4672     -0.122     5.5412   0.009135     0.0674     0.0099 0.0000e+00
       4673     -0.122     5.5412   0.009155     0.0675     0.0100 0.0000e+00
       4674     -0.122     5.5411   0.009133     0.0673     0.0098 0.0000e+00
       4675     -0.120     5.5411   0.009087     0.0670     0.0096 0.0000e+00
       4676     -0.117     5.5411   0.009054     0.0668     0.0094 0.0000e+00
       4677     -0.119     5.5411   0.009060     0.0668     0.0094 0.0000e+00
       4678     -0.120     5.5410   0.009097     0.0671     0.0096 0.0000e+00
       4679     -0.119     5.5408   0.009126     0.0673     0.0098 0.0000e+00
       4680     -0.120     5.5408   0.009117     0.0672     0.0098 0.0000e+00
       4681     -0.120     5.5408   0.009080     0.0669     0.0095 0.0000e+00
       4682     -0.118     5.5409   0.009046     0.0667     0.0093 0.0000e+00
       4683     -0.119     5.5411   0.009032     0.0666     0.0092 0.0000e+00
       4684     -0.124     5.5411   0.009038     0.0666     0.0093 0.0000e+00
       4685     -0.127     5.5411   0.009046     0.0667     0.0093 0.0000e+00
       4686     -0.126     5.5411   0.009050     0.0667     0.0093 0.0000e+00
       4687     -0.125     5.5411   0.009057     0.0668     0.0094 0.0000e+00
       4688     -0.125     5.5412   0.009063     0.0668     0.0094 0.0000e+00
       4689     -0.123     5.5412   0.009059     0.0668     0.0094 0.0000e+00
       4690     -0.118     5.5414   0.009048     0.0667     0.0093 0.0000e+00
       4691     -0.114     5.5417   0.009038     0.0666     0.0093 0.0000e+00
       4692     -0.114     5.5419   0.009038     0.0666     0.0092 0.0000e+00
       4693     -0.116     5.5419   0.009052     0.0667     0.0093 0.0000e+00
       4694     -0.116     5.5418   0.009072     0.0669     0.0095 0.0000e+00
       4695     -0.115     5.5416   0.009081     0.0670     0.0095 0.0000e+00
       4696     -0.117     5.5416   0.009074     0.0669     0.0095 0.0000e+00
       4697     -0.120     5.5415   0.009053     0.0667     0.0094 0.0000e+00
       4698     -0.121     5.5413   0.009035     0.0666     0.0092 0.0000e+00
       4699     -0.121     5.5412   0.009037     0.0666     0.0093 0.0000e+00
       4700     -0.121     5.5412   0.009063     0.0668     0.0094 0.0000e+00
       4701     -0.120     5.5412   0.009086     0.0670     0.0096 0.0000e+00
       4702     -0.119     5.5414   0.009076     0.0669     0.0095 0.0000e+00
       4703     -0.119     5.5416   0.009044     0.0667     0.0093 0.0000e+00
       4704     -0.118     5.5416   0.009028     0.0666     0.0092 0.0000e+00
       4705     -0.118     5.5418   0.009041     0.0667     0.0093 0.0000e+00
       4706     -0.120     5.5418   0.009056     0.0668     0.0094 0.0000e+00
       4707     -0.120     5.5418   0.009051     0.0667     0.0093 0.0000e+00
       4708     -0.119     5.5419   0.009030     0.0666     0.0092 0.0000e+00
       4709     -0.123     5.5419   0.009008     0.0664     0.0091 0.0000e+00
       4710     -0.126     5.5419   0.009006     0.0664     0.0091 0.0000e+00
       4711     -0.125     5.5418   0.009026     0.0665     0.0092 0.0000e+00
       4712     -0.123     5.5416   0.009052     0.0667     0.0093 0.0000e+00
       4713     -0.122     5.5413   0.009061     0.0668     0.0094 0.0000e+00
       4714     -0.122     5.5413   0.009046     0.0667     0.0093 0.0000e+00
       4715     -0.121     5.5413   0.009021     0.0665     0.0092 0.0000e+00
       4716     -0.118     5.5412   0.009010     0.0664     0.0091 0.0000e+00
       4717     -0.115     5.5412   0.009015     0.0665     0.0091 0.0000e+00
