Datasets/Test_Dataset_39219_tow/tel219_2021_027.cnv
* Sea-Bird SBE19plus Data File:
* Filename = C:/AQUIRE/tel219_2021_027.hex
* Software Version AquireV2 AF V2.0
* Temperature SN =  4020
* Conductivity SN =  4020
* System UpLoad Time = May 08 2021 21:59:41
** VESSEL/TRIP/SEQ STN: tel219_2021_027
** LATITUDE: 46 02.70 N
** LONGITUDE: 56 54.74 W
** DATE/TIME: 2021-05-08 18:26
** SOUNDING DEPTH (M): 0067
** PROBE TYPE: S4020
** CTD NUMBER: 027
** FORMAT: T
** COMMENTS: 
# nquan = 7                                 
# nvalues = 12742                       
# units = specified
# name 0 = scan: Scan Count
# name 1 = prdM: Pressure, Strain Gauge [db]
# name 2 = tv290C: Temperature [ITS-90, deg C]
# name 3 = c0S/m: Conductivity [S/m]
# name 4 = sal00: Salinity, Practical [PSU]
# name 5 = sigma-t00: Density [sigma-t, kg/m^3 ]
# name 6 = flag: flag
# span 0 =          1,      12742       
# span 1 =     -0.299,     62.698       
# span 2 =     2.7885,     3.8600       
# span 3 =   0.005664,   2.988238       
# span 4 =     0.0430,    32.3548       
# span 5 =     0.0092,    25.7672       
# span 6 = 0.0000e+00, 0.0000e+00       
# interval = seconds: 1
# start_time = May 08 2021 18:26:55 [Instrument's time stamp, header]
# bad_flag = -9.990e-29
*END*
[from data line 11693]
      11694     -0.284     3.7528   0.006061     0.0460     0.0118 0.0000e+00
      11695     -0.288     3.7517   0.006096     0.0463     0.0120 0.0000e+00
      11696     -0.288     3.7505   0.006114     0.0465     0.0121 0.0000e+00
      11697     -0.285     3.7496   0.006116     0.0465     0.0121 0.0000e+00
      11698     -0.282     3.7498   0.006109     0.0464     0.0121 0.0000e+00
      11699     -0.282     3.7506   0.006107     0.0464     0.0121 0.0000e+00
      11700     -0.284     3.7515   0.006119     0.0465     0.0122 0.0000e+00
      11701     -0.285     3.7521   0.006122     0.0465     0.0122 0.0000e+00
      11702     -0.283     3.7523   0.006101     0.0464     0.0121 0.0000e+00
      11703     -0.280     3.7523   0.006069     0.0461     0.0118 0.0000e+00
      11704     -0.283     3.7524   0.006050     0.0460     0.0117 0.0000e+00
      11705     -0.289     3.7526   0.006052     0.0460     0.0117 0.0000e+00
      11706     -0.289     3.7525   0.006082     0.0462     0.0119 0.0000e+00
      11707     -0.285     3.7523   0.006121     0.0465     0.0122 0.0000e+00
      11708     -0.283     3.7523   0.006120     0.0465     0.0122 0.0000e+00
      11709     -0.284     3.7525   0.006075     0.0462     0.0119 0.0000e+00
      11710     -0.285     3.7529   0.006038     0.0459     0.0117 0.0000e+00
      11711     -0.287     3.7531   0.006039     0.0459     0.0117 0.0000e+00
      11712     -0.290     3.7530   0.006078     0.0462     0.0119 0.0000e+00
      11713     -0.293     3.7524   0.006133     0.0466     0.0123 0.0000e+00
      11714     -0.292     3.7519   0.006148     0.0467     0.0123 0.0000e+00
      11715     -0.288     3.7512   0.006122     0.0465     0.0122 0.0000e+00
      11716     -0.285     3.7500   0.006108     0.0464     0.0121 0.0000e+00
      11717     -0.284     3.7485   0.006117     0.0465     0.0121 0.0000e+00
      11718     -0.284     3.7475   0.006137     0.0466     0.0123 0.0000e+00
      11719     -0.284     3.7474   0.006157     0.0468     0.0124 0.0000e+00
      11720     -0.287     3.7477   0.006166     0.0469     0.0125 0.0000e+00
      11721     -0.290     3.7482   0.006152     0.0468     0.0124 0.0000e+00
      11722     -0.289     3.7485   0.006125     0.0466     0.0122 0.0000e+00
      11723     -0.285     3.7484   0.006105     0.0464     0.0121 0.0000e+00
      11724     -0.283     3.7481   0.006100     0.0464     0.0120 0.0000e+00
      11725     -0.283     3.7479   0.006125     0.0466     0.0122 0.0000e+00
      11726     -0.283     3.7478   0.006155     0.0468     0.0124 0.0000e+00
      11727     -0.284     3.7481   0.006145     0.0467     0.0123 0.0000e+00
      11728     -0.286     3.7485   0.006106     0.0464     0.0121 0.0000e+00
      11729     -0.287     3.7485   0.006076     0.0462     0.0119 0.0000e+00
      11730     -0.288     3.7481   0.006077     0.0462     0.0119 0.0000e+00
      11731     -0.288     3.7477   0.006087     0.0463     0.0120 0.0000e+00
      11732     -0.287     3.7479   0.006082     0.0462     0.0119 0.0000e+00
      11733     -0.286     3.7480   0.006068     0.0461     0.0118 0.0000e+00
      11734     -0.284     3.7477   0.006073     0.0461     0.0119 0.0000e+00
      11735     -0.282     3.7463   0.006121     0.0465     0.0122 0.0000e+00
      11736     -0.280     3.7443   0.006188     0.0471     0.0126 0.0000e+00
      11737     -0.279     3.7428   0.006209     0.0472     0.0127 0.0000e+00
      11738     -0.281     3.7424   0.006198     0.0471     0.0126 0.0000e+00
      11739     -0.282     3.7419   0.006198     0.0471     0.0126 0.0000e+00
      11740     -0.282     3.7413   0.006202     0.0472     0.0127 0.0000e+00
      11741     -0.282     3.7412   0.006196     0.0471     0.0126 0.0000e+00
      11742     -0.282     3.7416   0.006189     0.0471     0.0126 0.0000e+00
      11743     -0.281     3.7422   0.006173     0.0469     0.0125 0.0000e+00
      11744     -0.281     3.7420   0.006154     0.0468     0.0124 0.0000e+00
      11745     -0.282     3.7413   0.006149     0.0467     0.0123 0.0000e+00
      11746     -0.283     3.7411   0.006153     0.0468     0.0123 0.0000e+00
      11747     -0.286     3.7411   0.006175     0.0470     0.0125 0.0000e+00
      11748     -0.290     3.7411   0.006193     0.0471     0.0126 0.0000e+00
      11749     -0.290     3.7416   0.006170     0.0469     0.0125 0.0000e+00
      11750     -0.287     3.7421   0.006125     0.0466     0.0122 0.0000e+00
      11751     -0.283     3.7420   0.006106     0.0464     0.0121 0.0000e+00
      11752     -0.282     3.7415   0.006117     0.0465     0.0121 0.0000e+00
      11753     -0.286     3.7409   0.006144     0.0467     0.0123 0.0000e+00
      11754     -0.289     3.7405   0.006162     0.0469     0.0124 0.0000e+00
      11755     -0.287     3.7406   0.006158     0.0468     0.0124 0.0000e+00
      11756     -0.285     3.7405   0.006143     0.0467     0.0123 0.0000e+00
      11757     -0.284     3.7403   0.006129     0.0466     0.0122 0.0000e+00
      11758     -0.283     3.7399   0.006121     0.0465     0.0121 0.0000e+00
      11759     -0.284     3.7396   0.006126     0.0466     0.0122 0.0000e+00
      11760     -0.285     3.7398   0.006130     0.0466     0.0122 0.0000e+00
      11761     -0.285     3.7405   0.006124     0.0466     0.0122 0.0000e+00
      11762     -0.283     3.7412   0.006104     0.0464     0.0120 0.0000e+00
      11763     -0.282     3.7415   0.006081     0.0462     0.0119 0.0000e+00
      11764     -0.284     3.7416   0.006067     0.0461     0.0118 0.0000e+00
      11765     -0.283     3.7416   0.006064     0.0461     0.0118 0.0000e+00
      11766     -0.279     3.7414   0.006063     0.0461     0.0118 0.0000e+00
      11767     -0.277     3.7416   0.006050     0.0460     0.0117 0.0000e+00
      11768     -0.279     3.7420   0.006034     0.0458     0.0116 0.0000e+00
      11769     -0.283     3.7419   0.006043     0.0459     0.0117 0.0000e+00
      11770     -0.285     3.7412   0.006079     0.0462     0.0119 0.0000e+00
      11771     -0.287     3.7407   0.006090     0.0463     0.0119 0.0000e+00
      11772     -0.290     3.7406   0.006059     0.0460     0.0118 0.0000e+00
      11773     -0.291     3.7408   0.006032     0.0458     0.0116 0.0000e+00
      11774     -0.291     3.7407   0.006042     0.0459     0.0116 0.0000e+00
      11775     -0.290     3.7402   0.006073     0.0462     0.0118 0.0000e+00
      11776     -0.287     3.7398   0.006082     0.0462     0.0119 0.0000e+00
      11777     -0.284     3.7397   0.006063     0.0461     0.0118 0.0000e+00
      11778     -0.285     3.7396   0.006050     0.0460     0.0117 0.0000e+00
      11779     -0.285     3.7390   0.006080     0.0462     0.0119 0.0000e+00
      11780     -0.281     3.7381   0.006136     0.0467     0.0122 0.0000e+00
      11781     -0.282     3.7375   0.006161     0.0468     0.0124 0.0000e+00
      11782     -0.287     3.7374   0.006145     0.0467     0.0123 0.0000e+00
      11783     -0.289     3.7377   0.006130     0.0466     0.0122 0.0000e+00
      11784     -0.287     3.7382   0.006139     0.0467     0.0123 0.0000e+00
      11785     -0.287     3.7386   0.006160     0.0468     0.0124 0.0000e+00
      11786     -0.288     3.7393   0.006149     0.0468     0.0123 0.0000e+00
      11787     -0.289     3.7401   0.006095     0.0463     0.0120 0.0000e+00
      11788     -0.290     3.7408   0.006044     0.0459     0.0117 0.0000e+00
      11789     -0.292     3.7413   0.006022     0.0458     0.0115 0.0000e+00
      11790     -0.293     3.7416   0.006019     0.0457     0.0115 0.0000e+00
      11791     -0.292     3.7417   0.006030     0.0458     0.0116 0.0000e+00
      11792     -0.288     3.7416   0.006044     0.0459     0.0117 0.0000e+00
      11793     -0.285     3.7416   0.006035     0.0459     0.0116 0.0000e+00
      11794     -0.284     3.7418   0.006004     0.0456     0.0114 0.0000e+00
      11795     -0.280     3.7421   0.005978     0.0454     0.0112 0.0000e+00
      11796     -0.277     3.7425   0.005972     0.0454     0.0112 0.0000e+00
      11797     -0.277     3.7427   0.005979     0.0454     0.0113 0.0000e+00
      11798     -0.278     3.7425   0.005971     0.0454     0.0112 0.0000e+00
      11799     -0.281     3.7423   0.005955     0.0452     0.0111 0.0000e+00
      11800     -0.283     3.7419   0.005960     0.0453     0.0111 0.0000e+00
      11801     -0.286     3.7414   0.005971     0.0454     0.0112 0.0000e+00
      11802     -0.290     3.7414   0.005964     0.0453     0.0112 0.0000e+00
      11803     -0.290     3.7419   0.005943     0.0451     0.0110 0.0000e+00
      11804     -0.286     3.7425   0.005911     0.0449     0.0108 0.0000e+00
      11805     -0.284     3.7430   0.005886     0.0447     0.0107 0.0000e+00
      11806     -0.282     3.7432   0.005888     0.0447     0.0107 0.0000e+00
      11807     -0.285     3.7435   0.005916     0.0449     0.0109 0.0000e+00
      11808     -0.291     3.7439   0.005937     0.0451     0.0110 0.0000e+00
      11809     -0.292     3.7443   0.005921     0.0450     0.0109 0.0000e+00
      11810     -0.288     3.7446   0.005886     0.0447     0.0107 0.0000e+00
      11811     -0.285     3.7445   0.005869     0.0446     0.0106 0.0000e+00
      11812     -0.287     3.7441   0.005887     0.0447     0.0107 0.0000e+00
      11813     -0.291     3.7438   0.005925     0.0450     0.0109 0.0000e+00
      11814     -0.290     3.7437   0.005946     0.0452     0.0110 0.0000e+00
      11815     -0.287     3.7439   0.005915     0.0449     0.0108 0.0000e+00
      11816     -0.283     3.7443   0.005862     0.0445     0.0105 0.0000e+00
      11817     -0.279     3.7444   0.005837     0.0443     0.0104 0.0000e+00
      11818     -0.281     3.7439   0.005863     0.0445     0.0105 0.0000e+00
      11819     -0.286     3.7431   0.005917     0.0449     0.0109 0.0000e+00
      11820     -0.289     3.7430   0.005941     0.0451     0.0110 0.0000e+00
      11821     -0.289     3.7433   0.005905     0.0448     0.0108 0.0000e+00
      11822     -0.287     3.7436   0.005851     0.0444     0.0104 0.0000e+00
      11823     -0.287     3.7436   0.005833     0.0443     0.0103 0.0000e+00
      11824     -0.291     3.7434   0.005857     0.0445     0.0105 0.0000e+00
      11825     -0.294     3.7430   0.005899     0.0448     0.0107 0.0000e+00
      11826     -0.292     3.7424   0.005949     0.0452     0.0111 0.0000e+00
      11827     -0.289     3.7418   0.005973     0.0454     0.0112 0.0000e+00
      11828     -0.285     3.7413   0.005958     0.0453     0.0111 0.0000e+00
      11829     -0.281     3.7409   0.005946     0.0452     0.0110 0.0000e+00
      11830     -0.280     3.7408   0.005955     0.0452     0.0111 0.0000e+00
      11831     -0.283     3.7409   0.005967     0.0453     0.0112 0.0000e+00
      11832     -0.286     3.7413   0.005972     0.0454     0.0112 0.0000e+00
      11833     -0.286     3.7414   0.005970     0.0453     0.0112 0.0000e+00
      11834     -0.284     3.7413   0.005966     0.0453     0.0112 0.0000e+00
      11835     -0.286     3.7410   0.005949     0.0452     0.0111 0.0000e+00
      11836     -0.288     3.7410   0.005923     0.0450     0.0109 0.0000e+00
      11837     -0.287     3.7412   0.005917     0.0449     0.0109 0.0000e+00
      11838     -0.285     3.7411   0.005942     0.0451     0.0110 0.0000e+00
      11839     -0.287     3.7406   0.005983     0.0454     0.0113 0.0000e+00
      11840     -0.292     3.7404   0.005997     0.0456     0.0114 0.0000e+00
      11841     -0.294     3.7407   0.005969     0.0453     0.0112 0.0000e+00
      11842     -0.292     3.7412   0.005921     0.0450     0.0109 0.0000e+00
      11843     -0.288     3.7417   0.005884     0.0447     0.0106 0.0000e+00
      11844     -0.286     3.7419   0.005883     0.0447     0.0106 0.0000e+00
      11845     -0.286     3.7420   0.005906     0.0448     0.0108 0.0000e+00
      11846     -0.284     3.7422   0.005924     0.0450     0.0109 0.0000e+00
      11847     -0.281     3.7425   0.005929     0.0450     0.0109 0.0000e+00
      11848     -0.281     3.7424   0.005914     0.0449     0.0108 0.0000e+00
      11849     -0.285     3.7419   0.005896     0.0448     0.0107 0.0000e+00
      11850     -0.291     3.7413   0.005901     0.0448     0.0108 0.0000e+00
      11851     -0.291     3.7411   0.005924     0.0450     0.0109 0.0000e+00
      11852     -0.288     3.7412   0.005936     0.0451     0.0110 0.0000e+00
      11853     -0.289     3.7413   0.005932     0.0450     0.0109 0.0000e+00
      11854     -0.291     3.7409   0.005919     0.0449     0.0109 0.0000e+00
      11855     -0.292     3.7402   0.005910     0.0449     0.0108 0.0000e+00
      11856     -0.291     3.7397   0.005903     0.0448     0.0108 0.0000e+00
      11857     -0.288     3.7394   0.005913     0.0449     0.0108 0.0000e+00
      11858     -0.286     3.7392   0.005933     0.0451     0.0110 0.0000e+00
      11859     -0.286     3.7394   0.005935     0.0451     0.0110 0.0000e+00
      11860     -0.287     3.7400   0.005915     0.0449     0.0108 0.0000e+00
      11861     -0.289     3.7404   0.005887     0.0447     0.0107 0.0000e+00
      11862     -0.289     3.7404   0.005870     0.0446     0.0106 0.0000e+00
      11863     -0.287     3.7402   0.005873     0.0446     0.0106 0.0000e+00
      11864     -0.285     3.7403   0.005876     0.0446     0.0106 0.0000e+00
      11865     -0.284     3.7407   0.005880     0.0446     0.0106 0.0000e+00
      11866     -0.285     3.7411   0.005891     0.0447     0.0107 0.0000e+00
      11867     -0.285     3.7413   0.005894     0.0448     0.0107 0.0000e+00
      11868     -0.282     3.7414   0.005872     0.0446     0.0106 0.0000e+00
      11869     -0.280     3.7414   0.005847     0.0444     0.0104 0.0000e+00
      11870     -0.279     3.7413   0.005851     0.0444     0.0104 0.0000e+00
      11871     -0.281     3.7413   0.005879     0.0446     0.0106 0.0000e+00
      11872     -0.282     3.7414   0.005893     0.0447     0.0107 0.0000e+00
      11873     -0.282     3.7413   0.005875     0.0446     0.0106 0.0000e+00
      11874     -0.285     3.7406   0.005854     0.0444     0.0105 0.0000e+00
      11875     -0.287     3.7396   0.005854     0.0444     0.0105 0.0000e+00
      11876     -0.289     3.7388   0.005876     0.0446     0.0106 0.0000e+00
      11877     -0.293     3.7382   0.005903     0.0448     0.0108 0.0000e+00
      11878     -0.294     3.7378   0.005908     0.0449     0.0108 0.0000e+00
      11879     -0.291     3.7378   0.005898     0.0448     0.0107 0.0000e+00
      11880     -0.288     3.7377   0.005891     0.0447     0.0107 0.0000e+00
      11881     -0.290     3.7371   0.005895     0.0448     0.0107 0.0000e+00
      11882     -0.292     3.7363   0.005906     0.0448     0.0108 0.0000e+00
      11883     -0.290     3.7360   0.005921     0.0450     0.0109 0.0000e+00
      11884     -0.287     3.7362   0.005949     0.0452     0.0110 0.0000e+00
      11885     -0.288     3.7365   0.005964     0.0453     0.0111 0.0000e+00
      11886     -0.289     3.7370   0.005943     0.0451     0.0110 0.0000e+00
      11887     -0.289     3.7373   0.005916     0.0449     0.0108 0.0000e+00
      11888     -0.290     3.7374   0.005918     0.0449     0.0108 0.0000e+00
      11889     -0.290     3.7372   0.005952     0.0452     0.0111 0.0000e+00
      11890     -0.289     3.7371   0.005990     0.0455     0.0113 0.0000e+00
      11891     -0.287     3.7373   0.005993     0.0455     0.0113 0.0000e+00
      11892     -0.284     3.7376   0.005955     0.0452     0.0111 0.0000e+00
      11893     -0.282     3.7379   0.005923     0.0450     0.0109 0.0000e+00
      11894     -0.282     3.7378   0.005932     0.0451     0.0109 0.0000e+00
      11895     -0.283     3.7374   0.005964     0.0453     0.0111 0.0000e+00
      11896     -0.283     3.7373   0.005983     0.0455     0.0113 0.0000e+00
      11897     -0.285     3.7375   0.005962     0.0453     0.0111 0.0000e+00
