Datasets/Test_Dataset_39219_tow/tel219_2021_022.cnv
* Sea-Bird SBE19plus Data File:
* Filename = C:/AQUIRE/tel219_2021_022.hex
* Software Version AquireV2 AF V2.0
* Temperature SN =  4020
* Conductivity SN =  4020
* System UpLoad Time = May 08 2021 04:51:38
** VESSEL/TRIP/SEQ STN: tel219_2021_022
** LATITUDE: 46 42.48 N
** LONGITUDE: 57 02.35 W
** DATE/TIME: 2021-05-08 04:16
** SOUNDING DEPTH (M): 0082
** PROBE TYPE: S4020
** CTD NUMBER:  22
** FORMAT: T
** COMMENTS: 
# nquan = 7                                 
# nvalues = 2177                        
# units = specified
# name 0 = scan: Scan Count
# name 1 = prdM: Pressure, Strain Gauge [db]
# name 2 = tv290C: Temperature [ITS-90, deg C]
# name 3 = c0S/m: Conductivity [S/m]
# name 4 = sal00: Salinity, Practical [PSU]
# name 5 = sigma-t00: Density [sigma-t, kg/m^3 ]
# name 6 = flag: flag
# span 0 =          1,       2177       
# span 1 =     -0.099,     75.700       
# span 2 =     1.7182,     3.8745       
# span 3 =   0.003548,   2.945862       
# span 4 =     0.0265,    32.3083       
# span 5 =    -0.0037,    25.8337       
# span 6 = 0.0000e+00, 0.0000e+00       
# interval = seconds: 1
# start_time = May 08 2021 04:16:35 [Instrument's time stamp, header]
# bad_flag = -9.990e-29
*END*
[from data line 411]
        412      5.902     3.3034   2.929333    31.8137    25.3162 0.0000e+00
        413      6.161     3.3085   2.929862    31.8149    25.3168 0.0000e+00
        414      6.424     3.3121   2.930217    31.8154    25.3169 0.0000e+00
        415      6.651     3.3118   2.930235    31.8158    25.3172 0.0000e+00
        416      6.842     3.3084   2.929901    31.8151    25.3169 0.0000e+00
        417      7.028     3.3057   2.929679    31.8150    25.3171 0.0000e+00
        418      7.240     3.3034   2.929515    31.8151    25.3174 0.0000e+00
        419      7.489     3.3011   2.929260    31.8142    25.3169 0.0000e+00
        420      7.763     3.3019   2.929396    31.8149    25.3174 0.0000e+00
        421      8.045     3.3034   2.929590    31.8156    25.3178 0.0000e+00
        422      8.314     3.3010   2.929267    31.8140    25.3167 0.0000e+00
        423      8.567     3.2969   2.928897    31.8134    25.3166 0.0000e+00
        424      8.826     3.2970   2.928983    31.8142    25.3173 0.0000e+00
        425      9.101     3.3004   2.929379    31.8155    25.3180 0.0000e+00
        426      9.387     3.3005   2.929422    31.8158    25.3182 0.0000e+00
        427      9.687     3.2945   2.928823    31.8143    25.3176 0.0000e+00
        428     10.017     3.2878   2.928171    31.8129    25.3170 0.0000e+00
        429     10.389     3.2874   2.928159    31.8130    25.3171 0.0000e+00
        430     10.792     3.2931   2.928798    31.8148    25.3181 0.0000e+00
        431     11.181     3.2975   2.929167    31.8147    25.3176 0.0000e+00
        432     11.515     3.2972   2.928970    31.8125    25.3159 0.0000e+00
        433     11.821     3.2958   2.928884    31.8127    25.3161 0.0000e+00
        434     12.122     3.2940   2.928852    31.8139    25.3173 0.0000e+00
        435     12.403     3.2897   2.928453    31.8132    25.3171 0.0000e+00
        436     12.686     3.2854   2.928034    31.8123    25.3167 0.0000e+00
        437     12.997     3.2853   2.928118    31.8132    25.3175 0.0000e+00
        438     13.315     3.2869   2.928445    31.8154    25.3191 0.0000e+00
        439     13.619     3.2839   2.928430    31.8180    25.3214 0.0000e+00
        440     13.934     3.2752   2.928053    31.8219    25.3253 0.0000e+00
        441     14.287     3.2650   2.927668    31.8271    25.3303 0.0000e+00
        442     14.669     3.2574   2.927407    31.8313    25.3343 0.0000e+00
        443     15.064     3.2541   2.927251    31.8324    25.3355 0.0000e+00
        444     15.459     3.2553   2.927225    31.8307    25.3340 0.0000e+00
        445     15.850     3.2594   2.927261    31.8269    25.3307 0.0000e+00
        446     16.240     3.2625   2.927187    31.8228    25.3271 0.0000e+00
        447     16.629     3.2622   2.926888    31.8193    25.3243 0.0000e+00
        448     17.010     3.2608   2.926661    31.8177    25.3232 0.0000e+00
        449     17.378     3.2607   2.926766    31.8189    25.3242 0.0000e+00
        450     17.735     3.2587   2.926963    31.8230    25.3276 0.0000e+00
        451     18.095     3.2518   2.927055    31.8308    25.3344 0.0000e+00
        452     18.477     3.2440   2.927107    31.8389    25.3415 0.0000e+00
        453     18.879     3.2391   2.927078    31.8431    25.3453 0.0000e+00
        454     19.283     3.2363   2.926991    31.8446    25.3468 0.0000e+00
        455     19.672     3.2346   2.927039    31.8467    25.3486 0.0000e+00
        456     20.043     3.2339   2.927236    31.8495    25.3509 0.0000e+00
        457     20.414     3.2338   2.927486    31.8525    25.3532 0.0000e+00
        458     20.798     3.2346   2.927812    31.8554    25.3555 0.0000e+00
        459     21.197     3.2367   2.928238    31.8582    25.3576 0.0000e+00
        460     21.603     3.2384   2.928582    31.8605    25.3592 0.0000e+00
        461     22.004     3.2378   2.928730    31.8626    25.3610 0.0000e+00
        462     22.394     3.2349   2.928809    31.8662    25.3641 0.0000e+00
        463     22.775     3.2308   2.928827    31.8703    25.3677 0.0000e+00
        464     23.155     3.2261   2.928738    31.8737    25.3708 0.0000e+00
        465     23.544     3.2219   2.928621    31.8762    25.3732 0.0000e+00
        466     23.947     3.2191   2.928532    31.8777    25.3746 0.0000e+00
        467     24.356     3.2172   2.928466    31.8785    25.3755 0.0000e+00
        468     24.765     3.2157   2.928422    31.8793    25.3762 0.0000e+00
        469     25.173     3.2139   2.928407    31.8807    25.3774 0.0000e+00
        470     25.581     3.2122   2.928396    31.8820    25.3787 0.0000e+00
        471     25.992     3.2102   2.928327    31.8829    25.3796 0.0000e+00
        472     26.410     3.2081   2.928213    31.8834    25.3801 0.0000e+00
        473     26.833     3.2062   2.928111    31.8838    25.3806 0.0000e+00
        474     27.260     3.2040   2.927994    31.8844    25.3813 0.0000e+00
        475     27.688     3.1993   2.927702    31.8853    25.3824 0.0000e+00
        476     28.108     3.1856   2.926806    31.8878    25.3856 0.0000e+00
        477     28.523     3.1514   2.924231    31.8904    25.3906 0.0000e+00
        478     28.943     3.0929   2.919612    31.8923    25.3971 0.0000e+00
        479     29.370     3.0236   2.914517    31.8992    25.4085 0.0000e+00
        480     29.796     2.9577   2.910131    31.9112    25.4236 0.0000e+00
        481     30.216     2.8956   2.906099    31.9238    25.4388 0.0000e+00
        482     30.627     2.8306   2.901851    31.9366    25.4544 0.0000e+00
        483     31.033     2.7657   2.897598    31.9493    25.4698 0.0000e+00
        484     31.438     2.7085   2.893913    31.9613    25.4840 0.0000e+00
        485     31.848     2.6588   2.890659    31.9710    25.4957 0.0000e+00
        486     32.266     2.6126   2.887373    31.9768    25.5040 0.0000e+00
        487     32.693     2.5694   2.883950    31.9779    25.5083 0.0000e+00
        488     33.119     2.5298   2.880901    31.9800    25.5131 0.0000e+00
        489     33.538     2.4937   2.878550    31.9871    25.5216 0.0000e+00
        490     33.953     2.4574   2.876425    31.9972    25.5325 0.0000e+00
        491     34.367     2.4166   2.874149    32.0100    25.5458 0.0000e+00
        492     34.786     2.3713   2.871671    32.0248    25.5611 0.0000e+00
        493     35.212     2.3263   2.869200    32.0394    25.5762 0.0000e+00
        494     35.642     2.2878   2.867083    32.0518    25.5891 0.0000e+00
        495     36.075     2.2613   2.865707    32.0613    25.5987 0.0000e+00
        496     36.510     2.2485   2.865341    32.0695    25.6062 0.0000e+00
        497     36.947     2.2451   2.865524    32.0749    25.6108 0.0000e+00
        498     37.376     2.2453   2.865711    32.0768    25.6123 0.0000e+00
        499     37.799     2.2463   2.865860    32.0774    25.6127 0.0000e+00
        500     38.222     2.2476   2.865968    32.0772    25.6124 0.0000e+00
        501     38.646     2.2488   2.866033    32.0766    25.6118 0.0000e+00
        502     39.072     2.2498   2.866128    32.0765    25.6117 0.0000e+00
        503     39.499     2.2511   2.866281    32.0769    25.6119 0.0000e+00
        504     39.925     2.2531   2.866484    32.0771    25.6119 0.0000e+00
        505     40.347     2.2549   2.866683    32.0775    25.6121 0.0000e+00
        506     40.765     2.2545   2.866691    32.0778    25.6124 0.0000e+00
        507     41.181     2.2505   2.866400    32.0780    25.6129 0.0000e+00
        508     41.598     2.2443   2.865943    32.0784    25.6136 0.0000e+00
        509     42.021     2.2387   2.865582    32.0794    25.6148 0.0000e+00
        510     42.453     2.2352   2.865396    32.0804    25.6159 0.0000e+00
        511     42.889     2.2321   2.865182    32.0806    25.6163 0.0000e+00
        512     43.326     2.2273   2.864734    32.0797    25.6159 0.0000e+00
        513     43.763     2.2202   2.864141    32.0793    25.6161 0.0000e+00
        514     44.198     2.2077   2.863241    32.0806    25.6181 0.0000e+00
        515     44.631     2.1880   2.861781    32.0822    25.6208 0.0000e+00
        516     45.060     2.1647   2.860206    32.0860    25.6256 0.0000e+00
        517     45.480     2.1422   2.858773    32.0908    25.6311 0.0000e+00
        518     45.888     2.1212   2.857407    32.0949    25.6359 0.0000e+00
        519     46.291     2.0984   2.855994    32.1002    25.6419 0.0000e+00
        520     46.696     2.0717   2.854425    32.1076    25.6497 0.0000e+00
        521     47.106     2.0452   2.853070    32.1174    25.6595 0.0000e+00
        522     47.519     2.0235   2.852184    32.1282    25.6697 0.0000e+00
        523     47.933     2.0060   2.851544    32.1378    25.6786 0.0000e+00
        524     48.345     1.9900   2.850882    32.1456    25.6860 0.0000e+00
        525     48.751     1.9742   2.850251    32.1535    25.6935 0.0000e+00
        526     49.150     1.9586   2.849718    32.1625    25.7018 0.0000e+00
        527     49.540     1.9435   2.849189    32.1711    25.7098 0.0000e+00
        528     49.920     1.9295   2.848563    32.1773    25.7157 0.0000e+00
        529     50.290     1.9167   2.847909    32.1820    25.7204 0.0000e+00
        530     50.647     1.9039   2.847319    32.1875    25.7257 0.0000e+00
        531     50.984     1.8916   2.846719    32.1924    25.7305 0.0000e+00
        532     51.303     1.8832   2.846281    32.1953    25.7334 0.0000e+00
        533     51.611     1.8794   2.846191    32.1979    25.7357 0.0000e+00
        534     51.916     1.8778   2.846399    32.2019    25.7391 0.0000e+00
        535     52.220     1.8761   2.846418    32.2037    25.7407 0.0000e+00
        536     52.514     1.8735   2.845951    32.2004    25.7382 0.0000e+00
        537     52.793     1.8698   2.845458    32.1978    25.7364 0.0000e+00
        538     53.058     1.8643   2.845140    32.1993    25.7380 0.0000e+00
        539     53.307     1.8555   2.844727    32.2030    25.7415 0.0000e+00
        540     53.541     1.8455   2.844192    32.2064    25.7450 0.0000e+00
        541     53.761     1.8395   2.843911    32.2089    25.7474 0.0000e+00
        542     53.967     1.8388   2.843947    32.2100    25.7483 0.0000e+00
        543     54.160     1.8403   2.843985    32.2088    25.7472 0.0000e+00
        544     54.342     1.8416   2.843943    32.2068    25.7456 0.0000e+00
        545     54.518     1.8413   2.843882    32.2063    25.7452 0.0000e+00
        546     54.696     1.8397   2.843849    32.2074    25.7462 0.0000e+00
        547     54.879     1.8385   2.843948    32.2098    25.7481 0.0000e+00
        548     55.063     1.8387   2.844122    32.2116    25.7496 0.0000e+00
        549     55.243     1.8401   2.844110    32.2100    25.7482 0.0000e+00
        550     55.418     1.8413   2.843963    32.2068    25.7456 0.0000e+00
        551     55.591     1.8388   2.843759    32.2067    25.7457 0.0000e+00
        552     55.763     1.8298   2.843312    32.2102    25.7491 0.0000e+00
        553     55.927     1.8193   2.842833    32.2149    25.7536 0.0000e+00
        554     56.083     1.8124   2.842611    32.2190    25.7574 0.0000e+00
        555     56.234     1.8087   2.842491    32.2212    25.7594 0.0000e+00
        556     56.381     1.8065   2.842367    32.2219    25.7601 0.0000e+00
        557     56.528     1.8050   2.842298    32.2224    25.7606 0.0000e+00
        558     56.680     1.8035   2.842302    32.2239    25.7619 0.0000e+00
        559     56.835     1.8016   2.842342    32.2263    25.7640 0.0000e+00
        560     56.986     1.7997   2.842297    32.2276    25.7651 0.0000e+00
        561     57.129     1.7984   2.842165    32.2272    25.7649 0.0000e+00
        562     57.272     1.7986   2.842101    32.2261    25.7640 0.0000e+00
        563     57.422     1.7999   2.842159    32.2254    25.7634 0.0000e+00
        564     57.576     1.8015   2.842221    32.2245    25.7625 0.0000e+00
        565     57.731     1.8028   2.842237    32.2233    25.7614 0.0000e+00
        566     57.886     1.8036   2.842257    32.2226    25.7609 0.0000e+00
        567     58.040     1.8034   2.842255    32.2227    25.7610 0.0000e+00
        568     58.188     1.8015   2.842188    32.2237    25.7619 0.0000e+00
        569     58.332     1.7998   2.842081    32.2240    25.7623 0.0000e+00
        570     58.479     1.8001   2.842046    32.2232    25.7616 0.0000e+00
        571     58.635     1.8008   2.842076    32.2228    25.7612 0.0000e+00
        572     58.801     1.7998   2.842053    32.2234    25.7618 0.0000e+00
        573     58.974     1.7982   2.841994    32.2242    25.7625 0.0000e+00
        574     59.146     1.7977   2.841964    32.2243    25.7626 0.0000e+00
        575     59.317     1.7978   2.842005    32.2246    25.7629 0.0000e+00
        576     59.490     1.7979   2.842042    32.2249    25.7631 0.0000e+00
        577     59.661     1.7975   2.841961    32.2242    25.7625 0.0000e+00
        578     59.827     1.7967   2.841840    32.2234    25.7620 0.0000e+00
        579     59.996     1.7963   2.841778    32.2229    25.7616 0.0000e+00
        580     60.173     1.7961   2.841780    32.2231    25.7617 0.0000e+00
        581     60.356     1.7961   2.841807    32.2233    25.7619 0.0000e+00
        582     60.539     1.7961   2.841823    32.2234    25.7620 0.0000e+00
        583     60.712     1.7953   2.841786    32.2237    25.7623 0.0000e+00
        584     60.882     1.7931   2.841654    32.2242    25.7628 0.0000e+00
        585     61.062     1.7904   2.841502    32.2249    25.7636 0.0000e+00
        586     61.253     1.7881   2.841400    32.2259    25.7646 0.0000e+00
        587     61.452     1.7867   2.841339    32.2264    25.7651 0.0000e+00
        588     61.654     1.7862   2.841339    32.2268    25.7655 0.0000e+00
        589     61.855     1.7857   2.841348    32.2274    25.7659 0.0000e+00
        590     62.056     1.7835   2.841257    32.2284    25.7669 0.0000e+00
        591     62.251     1.7801   2.841120    32.2300    25.7684 0.0000e+00
        592     62.438     1.7777   2.841049    32.2315    25.7698 0.0000e+00
        593     62.620     1.7767   2.841043    32.2323    25.7705 0.0000e+00
        594     62.797     1.7765   2.841034    32.2323    25.7705 0.0000e+00
        595     62.975     1.7764   2.841011    32.2320    25.7703 0.0000e+00
        596     63.156     1.7769   2.841011    32.2314    25.7698 0.0000e+00
        597     63.340     1.7772   2.841019    32.2311    25.7695 0.0000e+00
        598     63.524     1.7763   2.840981    32.2315    25.7698 0.0000e+00
        599     63.698     1.7748   2.840924    32.2322    25.7705 0.0000e+00
        600     63.858     1.7741   2.840922    32.2328    25.7711 0.0000e+00
        601     64.005     1.7739   2.840937    32.2331    25.7713 0.0000e+00
        602     64.142     1.7727   2.840888    32.2336    25.7718 0.0000e+00
        603     64.272     1.7703   2.840799    32.2349    25.7730 0.0000e+00
        604     64.398     1.7681   2.840736    32.2363    25.7743 0.0000e+00
        605     64.518     1.7671   2.840715    32.2370    25.7749 0.0000e+00
        606     64.628     1.7668   2.840718    32.2373    25.7752 0.0000e+00
        607     64.719     1.7667   2.840722    32.2374    25.7752 0.0000e+00
        608     64.787     1.7665   2.840709    32.2374    25.7753 0.0000e+00
        609     64.841     1.7662   2.840691    32.2374    25.7753 0.0000e+00
        610     64.899     1.7659   2.840684    32.2376    25.7755 0.0000e+00
        611     64.967     1.7657   2.840687    32.2378    25.7757 0.0000e+00
        612     65.039     1.7655   2.840698    32.2381    25.7759 0.0000e+00
        613     65.098     1.7651   2.840710    32.2386    25.7764 0.0000e+00
        614     65.137     1.7648   2.840715    32.2390    25.7767 0.0000e+00
        615     65.163     1.7647   2.840713    32.2391    25.7767 0.0000e+00
