Datasets/Test_Dataset_39219_tow/tel219_2021_031.cnv
* Sea-Bird SBE19plus Data File:
* Filename = C:/AQUIRE/tel219_2021_031.hex
* Software Version AquireV2 AF V2.0
* Temperature SN =  4020
* Conductivity SN =  4020
* System UpLoad Time = May 11 2021 00:41:35
** VESSEL/TRIP/SEQ STN: tel219_2021_031
** LATITUDE: 45 33.71 N
** LONGITUDE: 56 33.92 W
** DATE/TIME: 2021-05-10 23:44
** SOUNDING DEPTH (M): 0232
** PROBE TYPE: S4020
** CTD NUMBER: 031
** FORMAT: T
** COMMENTS: 
# nquan = 7                                 
# nvalues = 3471                        
# units = specified
# name 0 = scan: Scan Count
# name 1 = prdM: Pressure, Strain Gauge [db]
# name 2 = tv290C: Temperature [ITS-90, deg C]
# name 3 = c0S/m: Conductivity [S/m]
# name 4 = sal00: Salinity, Practical [PSU]
# name 5 = sigma-t00: Density [sigma-t, kg/m^3 ]
# name 6 = flag: flag
# span 0 =          1,       3471       
# span 1 =     -0.752,    233.884       
# span 2 =     0.6650,     9.4189       
# span 3 =   0.003260,   3.765834       
# span 4 =     0.0243,    35.1264       
# span 5 =    -0.0055,    27.3512       
# span 6 = 0.0000e+00, 0.0000e+00       
# interval = seconds: 1
# start_time = May 10 2021 23:44:56 [Instrument's time stamp, header]
# bad_flag = -9.990e-29
*END*
[from data line 206]
        207     -0.158     3.8439   0.003477     0.0260    -0.0042 0.0000e+00
        208     -0.156     3.8441   0.003481     0.0260    -0.0041 0.0000e+00
        209     -0.157     3.8442   0.003482     0.0260    -0.0041 0.0000e+00
        210     -0.161     3.8442   0.003481     0.0260    -0.0041 0.0000e+00
        211     -0.163     3.8443   0.003479     0.0260    -0.0042 0.0000e+00
        212     -0.164     3.8445   0.003478     0.0260    -0.0042 0.0000e+00
        213     -0.165     3.8445   0.003481     0.0260    -0.0041 0.0000e+00
        214     -0.163     3.8447   0.003489     0.0261    -0.0041 0.0000e+00
        215     -0.161     3.8449   0.003493     0.0261    -0.0041 0.0000e+00
        216     -0.163     3.8450   0.003492     0.0261    -0.0041 0.0000e+00
        217     -0.165     3.8452   0.003488     0.0261    -0.0041 0.0000e+00
        218     -0.166     3.8453   0.003485     0.0260    -0.0041 0.0000e+00
        219     -0.168     3.8453   0.003484     0.0260    -0.0041 0.0000e+00
        220     -0.169     3.8454   0.003485     0.0260    -0.0041 0.0000e+00
        221     -0.170     3.8456   0.003486     0.0260    -0.0041 0.0000e+00
        222     -0.171     3.8457   0.003489     0.0261    -0.0041 0.0000e+00
        223     -0.169     3.8457   0.003493     0.0261    -0.0041 0.0000e+00
        224     -0.165     3.8458   0.003493     0.0261    -0.0041 0.0000e+00
        225     -0.165     3.8459   0.003492     0.0261    -0.0041 0.0000e+00
        226     -0.169     3.8460   0.003491     0.0261    -0.0041 0.0000e+00
        227     -0.171     3.8461   0.003490     0.0261    -0.0041 0.0000e+00
        228     -0.169     3.8461   0.003490     0.0261    -0.0041 0.0000e+00
        229     -0.167     3.8461   0.003487     0.0261    -0.0041 0.0000e+00
        230     -0.167     3.8461   0.003486     0.0260    -0.0041 0.0000e+00
        231     -0.170     3.8461   0.003484     0.0260    -0.0041 0.0000e+00
        232     -0.172     3.8463   0.003483     0.0260    -0.0041 0.0000e+00
        233     -0.170     3.8464   0.003484     0.0260    -0.0041 0.0000e+00
        234     -0.166     3.8464   0.003485     0.0260    -0.0041 0.0000e+00
        235     -0.165     3.8464   0.003484     0.0260    -0.0041 0.0000e+00
        236     -0.167     3.8464   0.003480     0.0260    -0.0041 0.0000e+00
        237     -0.170     3.8464   0.003476     0.0260    -0.0042 0.0000e+00
        238     -0.168     3.8464   0.003475     0.0260    -0.0042 0.0000e+00
        239     -0.166     3.8464   0.003480     0.0260    -0.0041 0.0000e+00
        240     -0.168     3.8464   0.003492     0.0261    -0.0041 0.0000e+00
        241     -0.171     3.8464   0.003502     0.0262    -0.0040 0.0000e+00
        242     -0.171     3.8465   0.003503     0.0262    -0.0040 0.0000e+00
        243     -0.168     3.8465   0.003498     0.0261    -0.0040 0.0000e+00
        244     -0.165     3.8465   0.003490     0.0261    -0.0041 0.0000e+00
        245     -0.164     3.8465   0.003483     0.0260    -0.0041 0.0000e+00
        246     -0.167     3.8464   0.003482     0.0260    -0.0041 0.0000e+00
        247     -0.170     3.8464   0.003488     0.0261    -0.0041 0.0000e+00
        248     -0.171     3.8464   0.003491     0.0261    -0.0041 0.0000e+00
        249     -0.170     3.8464   0.003487     0.0261    -0.0041 0.0000e+00
        250     -0.170     3.8464   0.003481     0.0260    -0.0041 0.0000e+00
        251     -0.171     3.8464   0.003478     0.0260    -0.0042 0.0000e+00
        252     -0.170     3.8464   0.003481     0.0260    -0.0041 0.0000e+00
        253     -0.170     3.8464   0.003484     0.0260    -0.0041 0.0000e+00
        254     -0.170     3.8464   0.003483     0.0260    -0.0041 0.0000e+00
        255     -0.169     3.8464   0.003480     0.0260    -0.0041 0.0000e+00
        256     -0.168     3.8464   0.003478     0.0260    -0.0042 0.0000e+00
        257     -0.167     3.8464   0.003485     0.0260    -0.0041 0.0000e+00
        258     -0.167     3.8464   0.003497     0.0261    -0.0040 0.0000e+00
        259     -0.167     3.8464   0.003506     0.0262    -0.0040 0.0000e+00
        260     -0.167     3.8464   0.003508     0.0262    -0.0040 0.0000e+00
        261     -0.166     3.8463   0.003504     0.0262    -0.0040 0.0000e+00
        262     -0.165     3.8463   0.003500     0.0262    -0.0040 0.0000e+00
        263     -0.164     3.8463   0.003501     0.0262    -0.0040 0.0000e+00
        264     -0.166     3.8463   0.003509     0.0262    -0.0040 0.0000e+00
        265     -0.167     3.8463   0.003521     0.0263    -0.0039 0.0000e+00
        266     -0.165     3.8462   0.003529     0.0264    -0.0038 0.0000e+00
        267     -0.163     3.8462   0.003527     0.0264    -0.0039 0.0000e+00
        268     -0.163     3.8462   0.003517     0.0263    -0.0039 0.0000e+00
        269     -0.163     3.8462   0.003509     0.0262    -0.0040 0.0000e+00
        270     -0.165     3.8463   0.003508     0.0262    -0.0040 0.0000e+00
        271     -0.165     3.8464   0.003508     0.0262    -0.0040 0.0000e+00
        272     -0.164     3.8464   0.003508     0.0262    -0.0040 0.0000e+00
        273     -0.165     3.8464   0.003504     0.0262    -0.0040 0.0000e+00
        274     -0.166     3.8464   0.003498     0.0261    -0.0040 0.0000e+00
        275     -0.166     3.8464   0.003495     0.0261    -0.0041 0.0000e+00
        276     -0.169     3.8464   0.003495     0.0261    -0.0041 0.0000e+00
        277     -0.172     3.8464   0.003495     0.0261    -0.0041 0.0000e+00
        278     -0.171     3.8464   0.003490     0.0261    -0.0041 0.0000e+00
        279     -0.167     3.8464   0.003484     0.0260    -0.0041 0.0000e+00
        280     -0.165     3.8464   0.003480     0.0260    -0.0041 0.0000e+00
        281     -0.163     3.8464   0.003479     0.0260    -0.0042 0.0000e+00
        282     -0.163     3.8464   0.003479     0.0260    -0.0042 0.0000e+00
        283     -0.165     3.8464   0.003476     0.0260    -0.0042 0.0000e+00
        284     -0.166     3.8464   0.003471     0.0259    -0.0042 0.0000e+00
        285     -0.165     3.8464   0.003464     0.0259    -0.0042 0.0000e+00
        286     -0.165     3.8464   0.003458     0.0258    -0.0043 0.0000e+00
        287     -0.166     3.8464   0.003452     0.0258    -0.0043 0.0000e+00
        288     -0.168     3.8465   0.003449     0.0258    -0.0043 0.0000e+00
        289     -0.169     3.8465   0.003446     0.0257    -0.0044 0.0000e+00
        290     -0.168     3.8465   0.003448     0.0258    -0.0043 0.0000e+00
        291     -0.167     3.8466   0.003452     0.0258    -0.0043 0.0000e+00
        292     -0.168     3.8468   0.003456     0.0258    -0.0043 0.0000e+00
        293     -0.167     3.8468   0.003455     0.0258    -0.0043 0.0000e+00
        294     -0.164     3.8468   0.003452     0.0258    -0.0043 0.0000e+00
        295     -0.161     3.8468   0.003449     0.0258    -0.0043 0.0000e+00
        296     -0.161     3.8468   0.003450     0.0258    -0.0043 0.0000e+00
        297     -0.165     3.8469   0.003459     0.0258    -0.0043 0.0000e+00
        298     -0.168     3.8469   0.003471     0.0259    -0.0042 0.0000e+00
        299     -0.171     3.8469   0.003485     0.0260    -0.0041 0.0000e+00
        300     -0.174     3.8470   0.003500     0.0262    -0.0040 0.0000e+00
        301     -0.174     3.8471   0.003516     0.0263    -0.0039 0.0000e+00
        302     -0.173     3.8472   0.003530     0.0264    -0.0038 0.0000e+00
        303     -0.174     3.8472   0.003543     0.0265    -0.0038 0.0000e+00
        304     -0.175     3.8472   0.003554     0.0266    -0.0037 0.0000e+00
        305     -0.172     3.8472   0.003561     0.0266    -0.0036 0.0000e+00
        306     -0.169     3.8472   0.003569     0.0267    -0.0036 0.0000e+00
        307     -0.168     3.8474   0.003580     0.0268    -0.0035 0.0000e+00
        308     -0.169     3.8474   0.003595     0.0269    -0.0034 0.0000e+00
        309     -0.172     3.8474   0.003609     0.0270    -0.0034 0.0000e+00
        310     -0.175     3.8475   0.003623     0.0271    -0.0033 0.0000e+00
        311     -0.174     3.8476   0.003636     0.0272    -0.0032 0.0000e+00
        312     -0.169     3.8476   0.003641     0.0272    -0.0032 0.0000e+00
        313     -0.165     3.8478   0.003645     0.0273    -0.0031 0.0000e+00
        314     -0.162     3.8480   0.003646     0.0273    -0.0031 0.0000e+00
        315     -0.162     3.8480   0.003647     0.0273    -0.0031 0.0000e+00
        316     -0.166     3.8480   0.003653     0.0273    -0.0031 0.0000e+00
        317     -0.167     3.8480   0.003661     0.0274    -0.0030 0.0000e+00
        318     -0.166     3.8481   0.003667     0.0274    -0.0030 0.0000e+00
        319     -0.166     3.8483   0.003673     0.0275    -0.0030 0.0000e+00
        320     -0.167     3.8483   0.003676     0.0275    -0.0029 0.0000e+00
        321     -0.166     3.8484   0.003677     0.0275    -0.0029 0.0000e+00
        322     -0.163     3.8486   0.003677     0.0275    -0.0029 0.0000e+00
        323     -0.163     3.8487   0.003683     0.0276    -0.0029 0.0000e+00
        324     -0.167     3.8489   0.003697     0.0277    -0.0028 0.0000e+00
        325     -0.173     3.8490   0.003710     0.0278    -0.0027 0.0000e+00
        326     -0.178     3.8491   0.003718     0.0278    -0.0027 0.0000e+00
        327     -0.178     3.8491   0.003721     0.0278    -0.0027 0.0000e+00
        328     -0.172     3.8493   0.003722     0.0279    -0.0026 0.0000e+00
        329     -0.167     3.8495   0.003722     0.0279    -0.0026 0.0000e+00
        330     -0.163     3.8495   0.003724     0.0279    -0.0026 0.0000e+00
        331     -0.162     3.8497   0.003728     0.0279    -0.0026 0.0000e+00
        332     -0.163     3.8499   0.003735     0.0280    -0.0026 0.0000e+00
        333     -0.165     3.8499   0.003743     0.0280    -0.0025 0.0000e+00
        334     -0.167     3.8501   0.003752     0.0281    -0.0025 0.0000e+00
        335     -0.168     3.8503   0.003757     0.0281    -0.0024 0.0000e+00
        336     -0.168     3.8503   0.003761     0.0281    -0.0024 0.0000e+00
        337     -0.169     3.8504   0.003765     0.0282    -0.0024 0.0000e+00
        338     -0.169     3.8506   0.003768     0.0282    -0.0024 0.0000e+00
        339     -0.166     3.8507   0.003777     0.0283    -0.0023 0.0000e+00
        340     -0.161     3.8509   0.003794     0.0284    -0.0022 0.0000e+00
        341     -0.160     3.8510   0.003806     0.0285    -0.0021 0.0000e+00
        342     -0.161     3.8511   0.003812     0.0285    -0.0021 0.0000e+00
        343     -0.163     3.8513   0.003815     0.0286    -0.0021 0.0000e+00
        344     -0.164     3.8514   0.003816     0.0286    -0.0021 0.0000e+00
        345     -0.166     3.8516   0.003819     0.0286    -0.0020 0.0000e+00
        346     -0.170     3.8518   0.003827     0.0287    -0.0020 0.0000e+00
        347     -0.172     3.8518   0.003835     0.0287    -0.0019 0.0000e+00
        348     -0.171     3.8520   0.003844     0.0288    -0.0019 0.0000e+00
        349     -0.173     3.8522   0.003851     0.0288    -0.0018 0.0000e+00
        350     -0.177     3.8522   0.003858     0.0289    -0.0018 0.0000e+00
        351     -0.180     3.8524   0.003865     0.0289    -0.0018 0.0000e+00
        352     -0.180     3.8525   0.003867     0.0290    -0.0017 0.0000e+00
        353     -0.177     3.8525   0.003869     0.0290    -0.0017 0.0000e+00
        354     -0.173     3.8527   0.003876     0.0290    -0.0017 0.0000e+00
        355     -0.167     3.8529   0.003886     0.0291    -0.0016 0.0000e+00
        356     -0.163     3.8529   0.003896     0.0292    -0.0016 0.0000e+00
        357     -0.163     3.8531   0.003906     0.0293    -0.0015 0.0000e+00
        358     -0.165     3.8533   0.003917     0.0293    -0.0014 0.0000e+00
        359     -0.167     3.8533   0.003930     0.0294    -0.0014 0.0000e+00
        360     -0.169     3.8534   0.003944     0.0296    -0.0013 0.0000e+00
        361     -0.168     3.8536   0.003955     0.0296    -0.0012 0.0000e+00
        362     -0.167     3.8537   0.003963     0.0297    -0.0011 0.0000e+00
        363     -0.169     3.8537   0.003975     0.0298    -0.0011 0.0000e+00
        364     -0.172     3.8539   0.003991     0.0299    -0.0010 0.0000e+00
        365     -0.173     3.8541   0.004010     0.0301    -0.0009 0.0000e+00
        366     -0.173     3.8541   0.004027     0.0302    -0.0007 0.0000e+00
        367     -0.174     3.8541   0.004039     0.0303    -0.0007 0.0000e+00
        368     -0.175     3.8541   0.004042     0.0303    -0.0007 0.0000e+00
        369     -0.176     3.8542   0.004040     0.0303    -0.0007 0.0000e+00
        370     -0.174     3.8544   0.004030     0.0302    -0.0007 0.0000e+00
        371     -0.172     3.8544   0.004013     0.0301    -0.0008 0.0000e+00
        372     -0.172     3.8544   0.003990     0.0299    -0.0010 0.0000e+00
        373     -0.173     3.8544   0.003972     0.0298    -0.0011 0.0000e+00
        374     -0.172     3.8545   0.003955     0.0296    -0.0012 0.0000e+00
        375     -0.172     3.8545   0.003935     0.0295    -0.0013 0.0000e+00
        376     -0.170     3.8545   0.003915     0.0293    -0.0014 0.0000e+00
        377     -0.166     3.8546   0.003896     0.0292    -0.0016 0.0000e+00
        378     -0.167     3.8546   0.003882     0.0291    -0.0016 0.0000e+00
        379     -0.170     3.8546   0.003867     0.0290    -0.0017 0.0000e+00
        380     -0.169     3.8546   0.003852     0.0288    -0.0018 0.0000e+00
        381     -0.165     3.8546   0.003836     0.0287    -0.0019 0.0000e+00
        382     -0.162     3.8546   0.003819     0.0286    -0.0020 0.0000e+00
        383     -0.159     3.8547   0.003805     0.0285    -0.0021 0.0000e+00
        384     -0.159     3.8546   0.003792     0.0284    -0.0022 0.0000e+00
        385     -0.161     3.8546   0.003780     0.0283    -0.0023 0.0000e+00
        386     -0.161     3.8545   0.003766     0.0282    -0.0024 0.0000e+00
        387     -0.162     3.8544   0.003756     0.0281    -0.0024 0.0000e+00
        388     -0.164     3.8544   0.003745     0.0280    -0.0025 0.0000e+00
        389     -0.165     3.8544   0.003737     0.0280    -0.0025 0.0000e+00
        390     -0.166     3.8544   0.003731     0.0279    -0.0026 0.0000e+00
        391     -0.167     3.8544   0.003723     0.0279    -0.0026 0.0000e+00
        392     -0.168     3.8544   0.003712     0.0278    -0.0027 0.0000e+00
        393     -0.169     3.8544   0.003698     0.0277    -0.0028 0.0000e+00
        394     -0.168     3.8543   0.003684     0.0276    -0.0029 0.0000e+00
        395     -0.168     3.8541   0.003673     0.0275    -0.0029 0.0000e+00
        396     -0.168     3.8541   0.003666     0.0274    -0.0030 0.0000e+00
        397     -0.167     3.8541   0.003660     0.0274    -0.0030 0.0000e+00
        398     -0.168     3.8539   0.003651     0.0273    -0.0031 0.0000e+00
        399     -0.171     3.8537   0.003639     0.0272    -0.0032 0.0000e+00
        400     -0.172     3.8537   0.003629     0.0271    -0.0032 0.0000e+00
        401     -0.172     3.8537   0.003620     0.0271    -0.0033 0.0000e+00
        402     -0.173     3.8535   0.003609     0.0270    -0.0033 0.0000e+00
        403     -0.175     3.8533   0.003599     0.0269    -0.0034 0.0000e+00
        404     -0.174     3.8533   0.003592     0.0269    -0.0034 0.0000e+00
        405     -0.172     3.8532   0.003585     0.0268    -0.0035 0.0000e+00
        406     -0.171     3.8531   0.003577     0.0267    -0.0035 0.0000e+00
        407     -0.172     3.8529   0.003569     0.0267    -0.0036 0.0000e+00
        408     -0.172     3.8527   0.003563     0.0266    -0.0036 0.0000e+00
        409     -0.174     3.8526   0.003556     0.0266    -0.0037 0.0000e+00
        410     -0.177     3.8525   0.003550     0.0265    -0.0037 0.0000e+00
