Datasets/Test_Dataset_39219_tow/tel219_2021_018.cnv
* Sea-Bird SBE19plus Data File:
* Filename = C:/AQUIRE/tel219_2021_018.hex
* Software Version AquireV2 AF V2.0
* Temperature SN =  4020
* Conductivity SN =  4020
* System UpLoad Time = May 07 2021 19:44:13
** VESSEL/TRIP/SEQ STN: tel219_2021_018
** LATITUDE: 46 56.78 N
** LONGITUDE: 56 47.44 W
** DATE/TIME: 2021-05-07 18:39
** SOUNDING DEPTH (M): 0109
** PROBE TYPE: S4020
** CTD NUMBER:  18
** FORMAT: t
** COMMENTS: 
# nquan = 7                                 
# nvalues = 3979                        
# units = specified
# name 0 = scan: Scan Count
# name 1 = prdM: Pressure, Strain Gauge [db]
# name 2 = tv290C: Temperature [ITS-90, deg C]
# name 3 = c0S/m: Conductivity [S/m]
# name 4 = sal00: Salinity, Practical [PSU]
# name 5 = sigma-t00: Density [sigma-t, kg/m^3 ]
# name 6 = flag: flag
# span 0 =          1,       3979       
# span 1 =     -0.137,    106.555       
# span 2 =     1.4470,     4.5854       
# span 3 =   0.004914,   2.961283       
# span 4 =     0.0366,    32.2539       
# span 5 =     0.0024,    25.7936       
# span 6 = 0.0000e+00, 0.0000e+00       
# interval = seconds: 1
# start_time = May 07 2021 18:39:02 [Instrument's time stamp, header]
# bad_flag = -9.990e-29
*END*
[from data line 3488]
       3489     -0.109     3.2629   0.047574     0.3950     0.2903 0.0000e+00
       3490     -0.110     3.2630   0.047599     0.3953     0.2905 0.0000e+00
       3491     -0.110     3.2626   0.047807     0.3971     0.2919 0.0000e+00
       3492     -0.108     3.2618   0.048129     0.3999     0.2942 0.0000e+00
       3493     -0.109     3.2611   0.048378     0.4020     0.2959 0.0000e+00
       3494     -0.115     3.2606   0.048319     0.4015     0.2955 0.0000e+00
       3495     -0.120     3.2606   0.047835     0.3973     0.2921 0.0000e+00
       3496     -0.121     3.2615   0.047356     0.3932     0.2888 0.0000e+00
       3497     -0.122     3.2634   0.047655     0.3957     0.2909 0.0000e+00
       3498     -0.122     3.2651   0.048648     0.4043     0.2978 0.0000e+00
       3499     -0.121     3.2653   0.049401     0.4108     0.3031 0.0000e+00
       3500     -0.116     3.2647   0.049529     0.4119     0.3039 0.0000e+00
       3501     -0.111     3.2639   0.049357     0.4105     0.3027 0.0000e+00
       3502     -0.110     3.2634   0.049071     0.4080     0.3007 0.0000e+00
       3503     -0.112     3.2643   0.048592     0.4038     0.2974 0.0000e+00
       3504     -0.116     3.2671   0.047950     0.3983     0.2929 0.0000e+00
       3505     -0.117     3.2701   0.047895     0.3977     0.2925 0.0000e+00
       3506     -0.114     3.2714   0.048908     0.4065     0.2996 0.0000e+00
       3507     -0.112     3.2711   0.049944     0.4155     0.3068 0.0000e+00
       3508     -0.114     3.2703   0.050233     0.4180     0.3089 0.0000e+00
       3509     -0.119     3.2694   0.050295     0.4185     0.3093 0.0000e+00
       3510     -0.122     3.2686   0.050223     0.4179     0.3088 0.0000e+00
       3511     -0.120     3.2682   0.049535     0.4120     0.3040 0.0000e+00
       3512     -0.115     3.2690   0.048941     0.4068     0.2998 0.0000e+00
       3513     -0.110     3.2714   0.049572     0.4122     0.3042 0.0000e+00
       3514     -0.109     3.2738   0.050685     0.4219     0.3120 0.0000e+00
       3515     -0.110     3.2748   0.051092     0.4254     0.3149 0.0000e+00
       3516     -0.111     3.2746   0.051031     0.4248     0.3145 0.0000e+00
       3517     -0.112     3.2740   0.050680     0.4218     0.3120 0.0000e+00
       3518     -0.113     3.2733   0.049778     0.4140     0.3057 0.0000e+00
       3519     -0.114     3.2729   0.049301     0.4099     0.3024 0.0000e+00
       3520     -0.113     3.2726   0.050219     0.4178     0.3088 0.0000e+00
       3521     -0.109     3.2725   0.051324     0.4274     0.3165 0.0000e+00
       3522     -0.105     3.2727   0.051459     0.4286     0.3175 0.0000e+00
       3523     -0.106     3.2730   0.051160     0.4260     0.3154 0.0000e+00
       3524     -0.110     3.2733   0.050610     0.4212     0.3115 0.0000e+00
       3525     -0.114     3.2737   0.049652     0.4129     0.3048 0.0000e+00
       3526     -0.116     3.2744   0.049010     0.4073     0.3003 0.0000e+00
       3527     -0.115     3.2752   0.049149     0.4085     0.3013 0.0000e+00
       3528     -0.113     3.2769   0.049487     0.4114     0.3037 0.0000e+00
       3529     -0.112     3.2798   0.049493     0.4114     0.3037 0.0000e+00
       3530     -0.111     3.2819   0.049257     0.4094     0.3020 0.0000e+00
       3531     -0.109     3.2820   0.049073     0.4078     0.3008 0.0000e+00
       3532     -0.107     3.2812   0.049156     0.4085     0.3013 0.0000e+00
       3533     -0.107     3.2805   0.049448     0.4110     0.3034 0.0000e+00
       3534     -0.109     3.2801   0.049713     0.4133     0.3052 0.0000e+00
       3535     -0.112     3.2805   0.049697     0.4132     0.3051 0.0000e+00
       3536     -0.116     3.2811   0.049203     0.4089     0.3017 0.0000e+00
       3537     -0.117     3.2813   0.048685     0.4044     0.2981 0.0000e+00
       3538     -0.116     3.2822   0.048776     0.4052     0.2987 0.0000e+00
       3539     -0.115     3.2838   0.049322     0.4099     0.3025 0.0000e+00
       3540     -0.116     3.2851   0.049861     0.4146     0.3063 0.0000e+00
       3541     -0.117     3.2854   0.050118     0.4168     0.3081 0.0000e+00
       3542     -0.116     3.2850   0.049987     0.4157     0.3071 0.0000e+00
       3543     -0.116     3.2844   0.049520     0.4116     0.3039 0.0000e+00
       3544     -0.116     3.2839   0.049013     0.4072     0.3003 0.0000e+00
       3545     -0.116     3.2836   0.048941     0.4066     0.2998 0.0000e+00
       3546     -0.116     3.2839   0.049343     0.4101     0.3026 0.0000e+00
       3547     -0.116     3.2848   0.049778     0.4139     0.3057 0.0000e+00
       3548     -0.115     3.2859   0.049991     0.4157     0.3072 0.0000e+00
       3549     -0.114     3.2876   0.049952     0.4153     0.3069 0.0000e+00
       3550     -0.114     3.2892   0.049431     0.4108     0.3033 0.0000e+00
       3551     -0.114     3.2899   0.048709     0.4045     0.2982 0.0000e+00
       3552     -0.116     3.2900   0.048737     0.4048     0.2984 0.0000e+00
       3553     -0.118     3.2900   0.049448     0.4109     0.3034 0.0000e+00
       3554     -0.120     3.2900   0.049940     0.4152     0.3068 0.0000e+00
       3555     -0.121     3.2901   0.049985     0.4156     0.3071 0.0000e+00
       3556     -0.121     3.2900   0.049579     0.4121     0.3043 0.0000e+00
       3557     -0.121     3.2898   0.048965     0.4068     0.3000 0.0000e+00
       3558     -0.120     3.2904   0.048901     0.4062     0.2996 0.0000e+00
       3559     -0.119     3.2925   0.049258     0.4093     0.3021 0.0000e+00
       3560     -0.118     3.2954   0.049336     0.4099     0.3026 0.0000e+00
       3561     -0.116     3.2969   0.049261     0.4092     0.3021 0.0000e+00
       3562     -0.115     3.2966   0.049315     0.4097     0.3024 0.0000e+00
       3563     -0.112     3.2960   0.049322     0.4098     0.3025 0.0000e+00
       3564     -0.109     3.2959   0.049056     0.4075     0.3006 0.0000e+00
       3565     -0.110     3.2967   0.048500     0.4026     0.2968 0.0000e+00
       3566     -0.111     3.2980   0.048114     0.3993     0.2941 0.0000e+00
       3567     -0.112     3.2994   0.048488     0.4025     0.2967 0.0000e+00
       3568     -0.114     3.2999   0.049317     0.4097     0.3025 0.0000e+00
       3569     -0.117     3.2999   0.049724     0.4132     0.3053 0.0000e+00
       3570     -0.117     3.2995   0.049561     0.4118     0.3042 0.0000e+00
       3571     -0.116     3.2990   0.049264     0.4092     0.3021 0.0000e+00
       3572     -0.118     3.2984   0.049030     0.4072     0.3005 0.0000e+00
       3573     -0.121     3.2978   0.048894     0.4060     0.2995 0.0000e+00
       3574     -0.120     3.2982   0.048893     0.4060     0.2995 0.0000e+00
       3575     -0.116     3.3007   0.048879     0.4059     0.2994 0.0000e+00
       3576     -0.113     3.3054   0.048701     0.4043     0.2982 0.0000e+00
       3577     -0.112     3.3094   0.048502     0.4025     0.2968 0.0000e+00
       3578     -0.111     3.3108   0.048509     0.4026     0.2968 0.0000e+00
       3579     -0.112     3.3102   0.048684     0.4041     0.2980 0.0000e+00
       3580     -0.114     3.3095   0.048808     0.4052     0.2989 0.0000e+00
       3581     -0.112     3.3088   0.048777     0.4049     0.2987 0.0000e+00
       3582     -0.111     3.3083   0.048561     0.4030     0.2972 0.0000e+00
       3583     -0.114     3.3080   0.048158     0.3996     0.2944 0.0000e+00
       3584     -0.117     3.3082   0.047822     0.3966     0.2920 0.0000e+00
       3585     -0.119     3.3090   0.047978     0.3980     0.2931 0.0000e+00
       3586     -0.120     3.3099   0.048790     0.4050     0.2988 0.0000e+00
       3587     -0.122     3.3100   0.049720     0.4130     0.3053 0.0000e+00
       3588     -0.124     3.3094   0.050044     0.4158     0.3075 0.0000e+00
       3589     -0.122     3.3086   0.049883     0.4145     0.3064 0.0000e+00
       3590     -0.119     3.3079   0.049686     0.4128     0.3050 0.0000e+00
       3591     -0.117     3.3079   0.049457     0.4108     0.3034 0.0000e+00
       3592     -0.116     3.3094   0.049100     0.4077     0.3009 0.0000e+00
       3593     -0.117     3.3121   0.048769     0.4048     0.2986 0.0000e+00
       3594     -0.118     3.3151   0.048801     0.4050     0.2988 0.0000e+00
       3595     -0.116     3.3168   0.049347     0.4097     0.3027 0.0000e+00
       3596     -0.113     3.3167   0.049956     0.4150     0.3069 0.0000e+00
       3597     -0.111     3.3160   0.050092     0.4162     0.3079 0.0000e+00
       3598     -0.112     3.3154   0.049800     0.4137     0.3058 0.0000e+00
       3599     -0.115     3.3148   0.049284     0.4092     0.3022 0.0000e+00
       3600     -0.118     3.3148   0.048788     0.4049     0.2988 0.0000e+00
       3601     -0.120     3.3161   0.048654     0.4037     0.2978 0.0000e+00
       3602     -0.118     3.3190   0.048800     0.4050     0.2988 0.0000e+00
       3603     -0.115     3.3229   0.048770     0.4047     0.2986 0.0000e+00
       3604     -0.117     3.3269   0.048372     0.4012     0.2959 0.0000e+00
       3605     -0.122     3.3295   0.048027     0.3982     0.2934 0.0000e+00
       3606     -0.123     3.3297   0.048172     0.3994     0.2945 0.0000e+00
       3607     -0.120     3.3287   0.048624     0.4033     0.2976 0.0000e+00
       3608     -0.115     3.3277   0.048936     0.4060     0.2998 0.0000e+00
       3609     -0.112     3.3266   0.048902     0.4058     0.2995 0.0000e+00
       3610     -0.113     3.3255   0.048617     0.4033     0.2976 0.0000e+00
       3611     -0.117     3.3255   0.048467     0.4020     0.2965 0.0000e+00
       3612     -0.119     3.3270   0.048712     0.4041     0.2982 0.0000e+00
       3613     -0.118     3.3285   0.049076     0.4072     0.3008 0.0000e+00
       3614     -0.113     3.3292   0.049172     0.4081     0.3014 0.0000e+00
       3615     -0.109     3.3294   0.048895     0.4057     0.2995 0.0000e+00
       3616     -0.108     3.3298   0.048337     0.4008     0.2956 0.0000e+00
       3617     -0.106     3.3302   0.047785     0.3961     0.2918 0.0000e+00
       3618     -0.106     3.3306   0.047631     0.3947     0.2907 0.0000e+00
       3619     -0.109     3.3310   0.047979     0.3977     0.2931 0.0000e+00
       3620     -0.113     3.3316   0.048500     0.4022     0.2967 0.0000e+00
       3621     -0.115     3.3324   0.048795     0.4048     0.2988 0.0000e+00
       3622     -0.117     3.3330   0.048742     0.4043     0.2984 0.0000e+00
       3623     -0.118     3.3331   0.048388     0.4012     0.2960 0.0000e+00
       3624     -0.116     3.3333   0.047852     0.3966     0.2922 0.0000e+00
       3625     -0.114     3.3344   0.047428     0.3929     0.2893 0.0000e+00
       3626     -0.115     3.3365   0.047377     0.3925     0.2889 0.0000e+00
       3627     -0.117     3.3381   0.047672     0.3950     0.2910 0.0000e+00
       3628     -0.118     3.3392   0.047989     0.3977     0.2932 0.0000e+00
       3629     -0.120     3.3397   0.047980     0.3976     0.2931 0.0000e+00
       3630     -0.121     3.3398   0.047671     0.3950     0.2910 0.0000e+00
       3631     -0.120     3.3395   0.047485     0.3934     0.2897 0.0000e+00
       3632     -0.118     3.3395   0.047658     0.3949     0.2909 0.0000e+00
       3633     -0.117     3.3398   0.047906     0.3970     0.2926 0.0000e+00
       3634     -0.118     3.3401   0.047916     0.3971     0.2927 0.0000e+00
       3635     -0.120     3.3406   0.047628     0.3946     0.2907 0.0000e+00
       3636     -0.121     3.3416   0.047159     0.3905     0.2874 0.0000e+00
       3637     -0.119     3.3426   0.046862     0.3880     0.2853 0.0000e+00
       3638     -0.116     3.3430   0.047102     0.3900     0.2870 0.0000e+00
       3639     -0.114     3.3429   0.047792     0.3960     0.2918 0.0000e+00
       3640     -0.113     3.3427   0.048392     0.4012     0.2960 0.0000e+00
       3641     -0.114     3.3428   0.048544     0.4025     0.2970 0.0000e+00
       3642     -0.114     3.3430   0.048266     0.4001     0.2951 0.0000e+00
       3643     -0.114     3.3428   0.047728     0.3954     0.2914 0.0000e+00
       3644     -0.115     3.3423   0.047304     0.3918     0.2884 0.0000e+00
       3645     -0.116     3.3422   0.047211     0.3910     0.2878 0.0000e+00
       3646     -0.119     3.3432   0.047315     0.3919     0.2885 0.0000e+00
       3647     -0.122     3.3445   0.047532     0.3937     0.2900 0.0000e+00
       3648     -0.122     3.3452   0.047930     0.3971     0.2928 0.0000e+00
       3649     -0.120     3.3450   0.048340     0.4007     0.2956 0.0000e+00
       3650     -0.119     3.3448   0.048404     0.4012     0.2961 0.0000e+00
       3651     -0.118     3.3449   0.048038     0.3981     0.2935 0.0000e+00
       3652     -0.117     3.3451   0.047514     0.3935     0.2899 0.0000e+00
       3653     -0.116     3.3454   0.047163     0.3905     0.2874 0.0000e+00
       3654     -0.113     3.3457   0.047181     0.3907     0.2875 0.0000e+00
       3655     -0.111     3.3460   0.047543     0.3938     0.2901 0.0000e+00
       3656     -0.110     3.3466   0.047919     0.3970     0.2927 0.0000e+00
       3657     -0.112     3.3480   0.047991     0.3976     0.2932 0.0000e+00
       3658     -0.116     3.3499   0.047754     0.3956     0.2915 0.0000e+00
       3659     -0.118     3.3522   0.047330     0.3919     0.2886 0.0000e+00
       3660     -0.116     3.3549   0.046903     0.3882     0.2856 0.0000e+00
       3661     -0.115     3.3578   0.046663     0.3861     0.2839 0.0000e+00
       3662     -0.114     3.3594   0.046680     0.3862     0.2841 0.0000e+00
       3663     -0.115     3.3594   0.046790     0.3871     0.2848 0.0000e+00
       3664     -0.117     3.3592   0.046731     0.3866     0.2844 0.0000e+00
       3665     -0.117     3.3597   0.046661     0.3860     0.2839 0.0000e+00
       3666     -0.116     3.3605   0.046861     0.3877     0.2853 0.0000e+00
       3667     -0.113     3.3611   0.047133     0.3901     0.2872 0.0000e+00
       3668     -0.110     3.3613   0.047197     0.3906     0.2876 0.0000e+00
       3669     -0.107     3.3617   0.047111     0.3899     0.2870 0.0000e+00
       3670     -0.108     3.3620   0.046993     0.3889     0.2862 0.0000e+00
       3671     -0.113     3.3624   0.046788     0.3871     0.2848 0.0000e+00
       3672     -0.119     3.3640   0.046472     0.3843     0.2826 0.0000e+00
       3673     -0.119     3.3658   0.046187     0.3819     0.2806 0.0000e+00
       3674     -0.117     3.3663   0.046145     0.3815     0.2803 0.0000e+00
       3675     -0.117     3.3657   0.046555     0.3850     0.2832 0.0000e+00
       3676     -0.118     3.3649   0.047208     0.3907     0.2877 0.0000e+00
       3677     -0.117     3.3643   0.047522     0.3934     0.2899 0.0000e+00
       3678     -0.114     3.3634   0.047407     0.3924     0.2891 0.0000e+00
       3679     -0.112     3.3626   0.047339     0.3918     0.2886 0.0000e+00
       3680     -0.113     3.3628   0.047418     0.3925     0.2892 0.0000e+00
       3681     -0.116     3.3643   0.047199     0.3906     0.2877 0.0000e+00
       3682     -0.119     3.3659   0.046642     0.3858     0.2838 0.0000e+00
       3683     -0.118     3.3670   0.046447     0.3841     0.2824 0.0000e+00
       3684     -0.116     3.3677   0.046896     0.3880     0.2855 0.0000e+00
       3685     -0.112     3.3685   0.047394     0.3922     0.2890 0.0000e+00
       3686     -0.110     3.3694   0.047527     0.3934     0.2899 0.0000e+00
       3687     -0.110     3.3697   0.047494     0.3931     0.2897 0.0000e+00
       3688     -0.112     3.3696   0.047400     0.3923     0.2890 0.0000e+00
       3689     -0.112     3.3692   0.047086     0.3896     0.2869 0.0000e+00
       3690     -0.111     3.3687   0.046696     0.3862     0.2842 0.0000e+00
       3691     -0.112     3.3687   0.046612     0.3855     0.2836 0.0000e+00
       3692     -0.112     3.3697   0.046791     0.3870     0.2848 0.0000e+00
