Datasets/Test_Dataset_39219_tow/tel219_2021_005.cnv
* Sea-Bird SBE19plus Data File:
* Filename = C:/AQUIRE/tel219_2021_005.hex
* Software Version AquireV2 AF V2.0
* Temperature SN =  4020
* Conductivity SN =  4020
* System UpLoad Time = May 06 2021 09:08:31
** VESSEL/TRIP/SEQ STN: tel219_2021_005
** LATITUDE: 45 51.93 N
** LONGITUDE: 055 16.13 W
** DATE/TIME: 2021-05-06 08:30
** SOUNDING DEPTH (M): 0158
** PROBE TYPE: S4020
** CTD NUMBER: 005
** FORMAT: T
** COMMENTS: 
# nquan = 7                                 
# nvalues = 2322                        
# units = specified
# name 0 = scan: Scan Count
# name 1 = prdM: Pressure, Strain Gauge [db]
# name 2 = tv290C: Temperature [ITS-90, deg C]
# name 3 = c0S/m: Conductivity [S/m]
# name 4 = sal00: Salinity, Practical [PSU]
# name 5 = sigma-t00: Density [sigma-t, kg/m^3 ]
# name 6 = flag: flag
# span 0 =          1,       2322       
# span 1 =     -0.123,    154.995       
# span 2 =     0.1677,     3.2390       
# span 3 =   0.001643,   2.945911       
# span 4 =     0.0120,    32.6304       
# span 5 =    -0.0238,    26.1852       
# span 6 = 0.0000e+00, 0.0000e+00       
# interval = seconds: 1
# start_time = May 06 2021 08:30:48 [Instrument's time stamp, header]
# bad_flag = -9.990e-29
*END*
[from data line 1847]
       1848     20.801     2.5065   2.885270    32.0635    25.5816 0.0000e+00
       1849     20.629     2.5076   2.886093    32.0725    25.5888 0.0000e+00
       1850     20.466     2.5114   2.887321    32.0839    25.5975 0.0000e+00
       1851     20.293     2.5171   2.888114    32.0880    25.6004 0.0000e+00
       1852     20.061     2.5221   2.888401    32.0866    25.5989 0.0000e+00
       1853     19.726     2.5248   2.888421    32.0843    25.5968 0.0000e+00
       1854     19.296     2.5264   2.888439    32.0831    25.5958 0.0000e+00
       1855     18.795     2.5278   2.888514    32.0829    25.5955 0.0000e+00
       1856     18.244     2.5297   2.888730    32.0839    25.5962 0.0000e+00
       1857     17.663     2.5328   2.889123    32.0860    25.5975 0.0000e+00
       1858     17.053     2.5374   2.889553    32.0869    25.5979 0.0000e+00
       1859     16.415     2.5468   2.890248    32.0863    25.5967 0.0000e+00
       1860     15.769     2.5660   2.891874    32.0873    25.5960 0.0000e+00
       1861     15.136     2.5947   2.894371    32.0894    25.5954 0.0000e+00
       1862     14.521     2.6284   2.897132    32.0897    25.5929 0.0000e+00
       1863     13.922     2.6666   2.900345    32.0910    25.5909 0.0000e+00
       1864     13.333     2.7083   2.903957    32.0936    25.5896 0.0000e+00
       1865     12.734     2.7456   2.906915    32.0926    25.5858 0.0000e+00
       1866     12.129     2.7687   2.908394    32.0878    25.5801 0.0000e+00
       1867     11.557     2.7740   2.908432    32.0833    25.5761 0.0000e+00
       1868     11.043     2.7705   2.907610    32.0770    25.5714 0.0000e+00
       1869     10.587     2.7761   2.906991    32.0641    25.5606 0.0000e+00
       1870     10.199     2.8087   2.909145    32.0580    25.5530 0.0000e+00
       1871      9.879     2.8684   2.914402    32.0624    25.5516 0.0000e+00
       1872      9.622     2.9436   2.920694    32.0638    25.5465 0.0000e+00
       1873      9.410     3.0239   2.927712    32.0689    25.5438 0.0000e+00
       1874      9.214     3.0877   2.933190    32.0717    25.5406 0.0000e+00
       1875      9.027     3.1198   2.935357    32.0660    25.5333 0.0000e+00
       1876      8.862     3.1323   2.936279    32.0648    25.5313 0.0000e+00
       1877      8.734     3.1397   2.936952    32.0656    25.5313 0.0000e+00
       1878      8.636     3.1456   2.937356    32.0647    25.5300 0.0000e+00
       1879      8.540     3.1526   2.937970    32.0652    25.5298 0.0000e+00
       1880      8.442     3.1613   2.938887    32.0676    25.5310 0.0000e+00
       1881      8.341     3.1704   2.939840    32.0701    25.5322 0.0000e+00
       1882      8.212     3.1776   2.940557    32.0717    25.5329 0.0000e+00
       1883      8.060     3.1790   2.940756    32.0728    25.5336 0.0000e+00
       1884      7.911     3.1709   2.940122    32.0732    25.5347 0.0000e+00
       1885      7.767     3.1539   2.938582    32.0717    25.5349 0.0000e+00
       1886      7.623     3.1360   2.937144    32.0722    25.5369 0.0000e+00
       1887      7.485     3.1258   2.936594    32.0758    25.5406 0.0000e+00
       1888      7.355     3.1272   2.936795    32.0769    25.5414 0.0000e+00
       1889      7.226     3.1372   2.937723    32.0782    25.5415 0.0000e+00
       1890      7.109     3.1454   2.938375    32.0780    25.5406 0.0000e+00
       1891      7.007     3.1434   2.938011    32.0756    25.5390 0.0000e+00
       1892      6.904     3.1311   2.936992    32.0756    25.5400 0.0000e+00
       1893      6.797     3.1124   2.935480    32.0760    25.5419 0.0000e+00
       1894      6.732     3.0972   2.934017    32.0735    25.5413 0.0000e+00
       1895      6.757     3.0935   2.933292    32.0684    25.5375 0.0000e+00
       1896      6.843     3.0998   2.933502    32.0647    25.5340 0.0000e+00
       1897      6.911     3.1094   2.934577    32.0681    25.5358 0.0000e+00
       1898      6.891     3.1176   2.935750    32.0741    25.5399 0.0000e+00
       1899      6.772     3.1211   2.936275    32.0770    25.5420 0.0000e+00
       1900      6.589     3.1197   2.936172    32.0772    25.5423 0.0000e+00
       1901      6.375     3.1145   2.935626    32.0759    25.5417 0.0000e+00
       1902      6.136     3.1035   2.934871    32.0779    25.5442 0.0000e+00
       1903      5.848     3.0881   2.934115    32.0842    25.5506 0.0000e+00
       1904      5.512     3.0759   2.933513    32.0893    25.5556 0.0000e+00
       1905      5.134     3.0734   2.933083    32.0868    25.5539 0.0000e+00
       1906      4.686     3.0846   2.933743    32.0838    25.5506 0.0000e+00
       1907      4.195     3.1083   2.935838    32.0858    25.5501 0.0000e+00
       1908      3.710     3.1374   2.938367    32.0876    25.5490 0.0000e+00
       1909      3.236     3.1661   2.940899    32.0898    25.5483 0.0000e+00
       1910      2.797     3.1873   2.942603    32.0895    25.5462 0.0000e+00
       1911      2.395     3.1980   2.943334    32.0879    25.5440 0.0000e+00
       1912      1.991     3.2033   2.943821    32.0887    25.5442 0.0000e+00
       1913      1.561     3.2062   2.944023    32.0885    25.5438 0.0000e+00
       1914      1.118     3.2070   2.943954    32.0871    25.5426 0.0000e+00
       1915      0.743     3.2070   2.943538    32.0823    25.5388 0.0000e+00
       1916      0.514     3.2076   2.940870    32.0497    25.5127 0.0000e+00
       1917      0.404     3.2091   2.903665    31.6010    25.1549 0.0000e+00
       1918      0.344     3.2109   2.573707    27.6688    22.0225 0.0000e+00
       1919      0.309     3.2123   2.052514    21.5956    17.1903 0.0000e+00
       1920      0.295     3.2129   2.100930    22.1520    17.6328 0.0000e+00
       1921      0.290     3.2131   2.629072    28.3218    22.5423 0.0000e+00
       1922      0.291     3.2137   2.876998    31.2765    24.8959 0.0000e+00
       1923      0.305     3.2148   2.727068    29.4839    23.4677 0.0000e+00
       1924      0.321     3.2160   2.569941    27.6199    21.9833 0.0000e+00
       1925      0.329     3.2167   2.603048    28.0106    22.2943 0.0000e+00
       1926      0.336     3.2168   2.678488    28.9045    23.0061 0.0000e+00
       1927      0.349     3.2160   2.709945    29.2791    23.3044 0.0000e+00
       1928      0.395     3.2144   2.656805    28.6493    22.8030 0.0000e+00
       1929      0.482     3.2141   2.684001    28.9724    23.0603 0.0000e+00
       1930      0.554     3.2169   2.833190    30.7484    24.4749 0.0000e+00
       1931      0.553     3.2204   2.921418    31.8031    25.3150 0.0000e+00
       1932      0.512     3.2216   2.942807    32.0591    25.5190 0.0000e+00
       1933      0.504     3.2202   2.942895    32.0616    25.5211 0.0000e+00
       1934      0.515     3.2185   2.943150    32.0663    25.5250 0.0000e+00
       1935      0.489     3.2188   2.908243    31.6464    25.1903 0.0000e+00
       1936      0.417     3.2198   2.548448    27.3630    21.7785 0.0000e+00
       1937      0.340     3.2192   2.111665    22.2713    17.7273 0.0000e+00
       1938      0.289     3.2169   1.686787    17.4373    13.8838 0.0000e+00
       1939      0.253     3.2148   0.850981     8.3250     6.6344 0.0000e+00
       1940      0.229     3.2132   0.276987     2.5127     1.9923 0.0000e+00
       1941      0.219     3.2121   0.198822     1.7697     1.3962 0.0000e+00
       1942      0.215     3.2109   0.156258     1.3730     1.0774 0.0000e+00
       1943      0.213     3.2092   0.130833     1.1393     0.8894 0.0000e+00
       1944      0.212     3.2058   0.111533     0.9637     0.7481 0.0000e+00
       1945      0.213     3.1999   0.093996     0.8057     0.6208 0.0000e+00
       1946      0.217     3.1936   0.081053     0.6902     0.5276 0.0000e+00
       1947      0.221     3.1899   0.072834     0.6173     0.4688 0.0000e+00
       1948      0.219     3.1884   0.066546     0.5618     0.4241 0.0000e+00
       1949      0.217     3.1873   0.061918     0.5211     0.3912 0.0000e+00
       1950      0.219     3.1860   0.058605     0.4921     0.3678 0.0000e+00
       1951      0.221     3.1847   0.056627     0.4748     0.3538 0.0000e+00
       1952      0.223     3.1833   0.056168     0.4708     0.3506 0.0000e+00
       1953      0.226     3.1818   0.059020     0.4958     0.3707 0.0000e+00
       1954      0.229     3.1802   0.061867     0.5208     0.3909 0.0000e+00
       1955      0.230     3.1786   0.058396     0.4904     0.3663 0.0000e+00
       1956      0.234     3.1770   0.052973     0.4430     0.3281 0.0000e+00
       1957      0.237     3.1756   0.049622     0.4139     0.3045 0.0000e+00
       1958      0.237     3.1742   0.046864     0.3900     0.2852 0.0000e+00
       1959      0.235     3.1728   0.044602     0.3704     0.2694 0.0000e+00
       1960      0.233     3.1712   0.042827     0.3551     0.2570 0.0000e+00
       1961      0.233     3.1696   0.041571     0.3443     0.2483 0.0000e+00
       1962      0.236     3.1681   0.040852     0.3381     0.2432 0.0000e+00
       1963      0.239     3.1668   0.040137     0.3320     0.2383 0.0000e+00
       1964      0.240     3.1654   0.038994     0.3221     0.2303 0.0000e+00
       1965      0.240     3.1640   0.037779     0.3117     0.2219 0.0000e+00
       1966      0.241     3.1627   0.036837     0.3037     0.2153 0.0000e+00
       1967      0.240     3.1613   0.036059     0.2970     0.2100 0.0000e+00
       1968      0.237     3.1601   0.035158     0.2893     0.2037 0.0000e+00
       1969      0.235     3.1588   0.034096     0.2802     0.1964 0.0000e+00
       1970      0.235     3.1576   0.033142     0.2721     0.1898 0.0000e+00
       1971      0.237     3.1566   0.032428     0.2660     0.1848 0.0000e+00
       1972      0.239     3.1555   0.031859     0.2612     0.1809 0.0000e+00
       1973      0.243     3.1544   0.031360     0.2569     0.1775 0.0000e+00
       1974      0.247     3.1532   0.030897     0.2530     0.1743 0.0000e+00
       1975      0.250     3.1522   0.030401     0.2488     0.1709 0.0000e+00
       1976      0.251     3.1512   0.029817     0.2438     0.1668 0.0000e+00
       1977      0.249     3.1502   0.029208     0.2387     0.1627 0.0000e+00
       1978      0.246     3.1494   0.028710     0.2344     0.1592 0.0000e+00
       1979      0.247     3.1484   0.028370     0.2316     0.1569 0.0000e+00
       1980      0.247     3.1475   0.028090     0.2292     0.1550 0.0000e+00
       1981      0.244     3.1467   0.027731     0.2262     0.1525 0.0000e+00
       1982      0.239     3.1457   0.027272     0.2223     0.1494 0.0000e+00
       1983      0.237     3.1448   0.026809     0.2184     0.1462 0.0000e+00
       1984      0.238     3.1439   0.026420     0.2151     0.1435 0.0000e+00
       1985      0.239     3.1430   0.026123     0.2126     0.1415 0.0000e+00
       1986      0.240     3.1422   0.025908     0.2108     0.1400 0.0000e+00
       1987      0.241     3.1414   0.025702     0.2090     0.1386 0.0000e+00
       1988      0.241     3.1406   0.025432     0.2067     0.1367 0.0000e+00
       1989      0.240     3.1398   0.025115     0.2041     0.1346 0.0000e+00
       1990      0.240     3.1390   0.024809     0.2015     0.1325 0.0000e+00
       1991      0.241     3.1382   0.024548     0.1993     0.1307 0.0000e+00
       1992      0.242     3.1374   0.024321     0.1974     0.1291 0.0000e+00
       1993      0.239     3.1366   0.024099     0.1955     0.1276 0.0000e+00
       1994      0.235     3.1360   0.023893     0.1938     0.1262 0.0000e+00
       1995      0.235     3.1353   0.023703     0.1922     0.1249 0.0000e+00
       1996      0.236     3.1345   0.023487     0.1904     0.1234 0.0000e+00
       1997      0.237     3.1337   0.023222     0.1882     0.1216 0.0000e+00
       1998      0.236     3.1329   0.022936     0.1858     0.1197 0.0000e+00
       1999      0.234     3.1322   0.022673     0.1836     0.1179 0.0000e+00
       2000      0.234     3.1315   0.022452     0.1817     0.1163 0.0000e+00
       2001      0.234     3.1307   0.022271     0.1802     0.1151 0.0000e+00
       2002      0.232     3.1301   0.022148     0.1792     0.1143 0.0000e+00
       2003      0.231     3.1294   0.022030     0.1782     0.1135 0.0000e+00
       2004      0.231     3.1286   0.021801     0.1762     0.1119 0.0000e+00
       2005      0.231     3.1280   0.021497     0.1737     0.1098 0.0000e+00
       2006      0.232     3.1273   0.021239     0.1715     0.1081 0.0000e+00
       2007      0.233     3.1265   0.021038     0.1699     0.1067 0.0000e+00
       2008      0.234     3.1258   0.020853     0.1683     0.1054 0.0000e+00
       2009      0.235     3.1251   0.020653     0.1666     0.1041 0.0000e+00
       2010      0.232     3.1244   0.020445     0.1649     0.1027 0.0000e+00
       2011      0.227     3.1237   0.020246     0.1632     0.1013 0.0000e+00
       2012      0.222     3.1227   0.020071     0.1618     0.1001 0.0000e+00
       2013      0.218     3.1219   0.019922     0.1605     0.0991 0.0000e+00
       2014      0.215     3.1210   0.019801     0.1595     0.0983 0.0000e+00
       2015      0.217     3.1203   0.019702     0.1587     0.0976 0.0000e+00
       2016      0.221     3.1197   0.019583     0.1577     0.0968 0.0000e+00
       2017      0.223     3.1189   0.019418     0.1563     0.0957 0.0000e+00
       2018      0.227     3.1182   0.019236     0.1548     0.0944 0.0000e+00
       2019      0.231     3.1176   0.019077     0.1535     0.0933 0.0000e+00
       2020      0.230     3.1168   0.018973     0.1526     0.0926 0.0000e+00
       2021      0.227     3.1162   0.018916     0.1522     0.0922 0.0000e+00
       2022      0.225     3.1155   0.018846     0.1516     0.0918 0.0000e+00
       2023      0.221     3.1148   0.018697     0.1503     0.0907 0.0000e+00
       2024      0.218     3.1142   0.018489     0.1486     0.0893 0.0000e+00
       2025      0.216     3.1136   0.018320     0.1472     0.0882 0.0000e+00
       2026      0.214     3.1129   0.018241     0.1465     0.0876 0.0000e+00
       2027      0.214     3.1123   0.018202     0.1462     0.0874 0.0000e+00
       2028      0.216     3.1115   0.018132     0.1456     0.0869 0.0000e+00
       2029      0.215     3.1107   0.018008     0.1446     0.0860 0.0000e+00
       2030      0.212     3.1101   0.017862     0.1434     0.0851 0.0000e+00
       2031      0.210     3.1094   0.017738     0.1424     0.0842 0.0000e+00
       2032      0.209     3.1086   0.017646     0.1416     0.0836 0.0000e+00
       2033      0.207     3.1080   0.017559     0.1409     0.0830 0.0000e+00
       2034      0.206     3.1073   0.017459     0.1400     0.0823 0.0000e+00
       2035      0.205     3.1065   0.017353     0.1392     0.0816 0.0000e+00
       2036      0.203     3.1059   0.017260     0.1384     0.0809 0.0000e+00
       2037      0.202     3.1052   0.017158     0.1375     0.0803 0.0000e+00
       2038      0.202     3.1046   0.017030     0.1365     0.0794 0.0000e+00
       2039      0.201     3.1039   0.016919     0.1356     0.0786 0.0000e+00
       2040      0.197     3.1031   0.016863     0.1351     0.0782 0.0000e+00
       2041      0.196     3.1023   0.016833     0.1349     0.0780 0.0000e+00
       2042      0.197     3.1017   0.016765     0.1343     0.0776 0.0000e+00
       2043      0.197     3.1010   0.016649     0.1333     0.0768 0.0000e+00
       2044      0.195     3.1002   0.016535     0.1324     0.0760 0.0000e+00
       2045      0.195     3.0994   0.016451     0.1317     0.0754 0.0000e+00
       2046      0.196     3.0985   0.016386     0.1311     0.0750 0.0000e+00
       2047      0.195     3.0978   0.016322     0.1306     0.0745 0.0000e+00
       2048      0.193     3.0970   0.016257     0.1301     0.0741 0.0000e+00
       2049      0.193     3.0964   0.016194     0.1296     0.0737 0.0000e+00
       2050      0.192     3.0957   0.016118     0.1289     0.0732 0.0000e+00
       2051      0.189     3.0949   0.016009     0.1280     0.0724 0.0000e+00
