Datasets/Test_Dataset_39219_tow/tel219_2021_082.cnv
* Sea-Bird SBE19plus Data File:
* Filename = C:/AQUIRE/tel219_2021_082.hex
* Software Version AquireV2 AF V2.0
* Temperature SN =  4020
* Conductivity SN =  4020
* System UpLoad Time = May 16 2021 18:33:03
** VESSEL/TRIP/SEQ STN: tel219_2021_082
** LATITUDE: 46 05.64 N
** LONGITUDE: 56 36.83 W
** DATE/TIME: 2021-05-16 17:53
** SOUNDING DEPTH (M): 0054
** PROBE TYPE: S4020
** CTD NUMBER: 082
** FORMAT: T
** COMMENTS: 
# nquan = 7                                 
# nvalues = 2309                        
# units = specified
# name 0 = scan: Scan Count
# name 1 = prdM: Pressure, Strain Gauge [db]
# name 2 = tv290C: Temperature [ITS-90, deg C]
# name 3 = c0S/m: Conductivity [S/m]
# name 4 = sal00: Salinity, Practical [PSU]
# name 5 = sigma-t00: Density [sigma-t, kg/m^3 ]
# name 6 = flag: flag
# span 0 =          1,       2309       
# span 1 =      0.074,     52.350       
# span 2 =     3.2943,     7.9693       
# span 3 =   0.006051,   3.136492       
# span 4 =     0.0425,    32.7310       
# span 5 =    -0.1068,    25.8931       
# span 6 = 0.0000e+00, 0.0000e+00       
# interval = seconds: 1
# start_time = May 16 2021 17:53:55 [Instrument's time stamp, header]
# bad_flag = -9.990e-29
*END*
[from data line 1436]
       1437     51.217     3.3465   2.957081    32.0802    25.5248 0.0000e+00
       1438     51.212     3.3462   2.957062    32.0803    25.5249 0.0000e+00
       1439     51.216     3.3461   2.957051    32.0802    25.5249 0.0000e+00
       1440     51.225     3.3461   2.957060    32.0803    25.5250 0.0000e+00
       1441     51.229     3.3464   2.957090    32.0804    25.5250 0.0000e+00
       1442     51.230     3.3468   2.957115    32.0803    25.5249 0.0000e+00
       1443     51.232     3.3472   2.957137    32.0802    25.5247 0.0000e+00
       1444     51.232     3.3474   2.957150    32.0801    25.5247 0.0000e+00
       1445     51.235     3.3472   2.957136    32.0801    25.5247 0.0000e+00
       1446     51.244     3.3468   2.957104    32.0801    25.5248 0.0000e+00
       1447     51.252     3.3464   2.957080    32.0803    25.5249 0.0000e+00
       1448     51.257     3.3461   2.957066    32.0804    25.5250 0.0000e+00
       1449     51.263     3.3461   2.957052    32.0802    25.5249 0.0000e+00
       1450     51.265     3.3459   2.957047    32.0803    25.5250 0.0000e+00
       1451     51.262     3.3457   2.957038    32.0804    25.5251 0.0000e+00
       1452     51.256     3.3454   2.957011    32.0804    25.5251 0.0000e+00
       1453     51.250     3.3449   2.956981    32.0806    25.5252 0.0000e+00
       1454     51.249     3.3446   2.956956    32.0805    25.5253 0.0000e+00
       1455     51.253     3.3447   2.956957    32.0805    25.5252 0.0000e+00
       1456     51.258     3.3452   2.957005    32.0805    25.5252 0.0000e+00
       1457     51.263     3.3459   2.957069    32.0806    25.5252 0.0000e+00
       1458     51.265     3.3459   2.957077    32.0807    25.5253 0.0000e+00
       1459     51.264     3.3453   2.957007    32.0805    25.5251 0.0000e+00
       1460     51.262     3.3447   2.956958    32.0805    25.5252 0.0000e+00
       1461     51.259     3.3446   2.956973    32.0807    25.5254 0.0000e+00
       1462     51.255     3.3446   2.956978    32.0808    25.5255 0.0000e+00
       1463     51.251     3.3444   2.956955    32.0807    25.5254 0.0000e+00
       1464     51.249     3.3442   2.956940    32.0808    25.5255 0.0000e+00
       1465     51.251     3.3438   2.956915    32.0808    25.5256 0.0000e+00
       1466     51.256     3.3433   2.956870    32.0808    25.5256 0.0000e+00
       1467     51.261     3.3428   2.956839    32.0809    25.5257 0.0000e+00
       1468     51.263     3.3426   2.956834    32.0811    25.5259 0.0000e+00
       1469     51.254     3.3427   2.956835    32.0810    25.5258 0.0000e+00
       1470     51.232     3.3430   2.956854    32.0809    25.5257 0.0000e+00
       1471     51.210     3.3435   2.956882    32.0808    25.5255 0.0000e+00
       1472     51.202     3.3438   2.956899    32.0807    25.5254 0.0000e+00
       1473     51.206     3.3439   2.956926    32.0809    25.5256 0.0000e+00
       1474     51.213     3.3439   2.956935    32.0810    25.5257 0.0000e+00
       1475     51.220     3.3433   2.956887    32.0810    25.5258 0.0000e+00
       1476     51.226     3.3424   2.956818    32.0811    25.5259 0.0000e+00
       1477     51.229     3.3419   2.956777    32.0811    25.5259 0.0000e+00
       1478     51.230     3.3418   2.956767    32.0811    25.5259 0.0000e+00
       1479     51.234     3.3417   2.956769    32.0812    25.5260 0.0000e+00
       1480     51.246     3.3417   2.956770    32.0812    25.5260 0.0000e+00
       1481     51.259     3.3415   2.956759    32.0813    25.5261 0.0000e+00
       1482     51.259     3.3411   2.956720    32.0812    25.5261 0.0000e+00
       1483     51.252     3.3405   2.956675    32.0812    25.5262 0.0000e+00
       1484     51.247     3.3403   2.956662    32.0813    25.5262 0.0000e+00
       1485     51.248     3.3404   2.956684    32.0814    25.5264 0.0000e+00
       1486     51.249     3.3406   2.956701    32.0815    25.5263 0.0000e+00
       1487     51.244     3.3409   2.956701    32.0812    25.5261 0.0000e+00
       1488     51.235     3.3411   2.956720    32.0812    25.5261 0.0000e+00
       1489     51.224     3.3414   2.956753    32.0813    25.5261 0.0000e+00
       1490     51.216     3.3413   2.956744    32.0813    25.5262 0.0000e+00
       1491     51.215     3.3407   2.956689    32.0812    25.5262 0.0000e+00
       1492     51.219     3.3402   2.956646    32.0812    25.5262 0.0000e+00
       1493     51.223     3.3398   2.956626    32.0814    25.5263 0.0000e+00
       1494     51.221     3.3395   2.956610    32.0815    25.5265 0.0000e+00
       1495     51.215     3.3392   2.956589    32.0815    25.5265 0.0000e+00
       1496     51.210     3.3388   2.956553    32.0815    25.5265 0.0000e+00
       1497     51.211     3.3383   2.956519    32.0816    25.5266 0.0000e+00
       1498     51.218     3.3382   2.956518    32.0817    25.5267 0.0000e+00
       1499     51.226     3.3384   2.956535    32.0817    25.5267 0.0000e+00
       1500     51.229     3.3386   2.956550    32.0816    25.5267 0.0000e+00
       1501     51.225     3.3386   2.956551    32.0816    25.5267 0.0000e+00
       1502     51.216     3.3384   2.956535    32.0817    25.5267 0.0000e+00
       1503     51.204     3.3381   2.956512    32.0817    25.5268 0.0000e+00
       1504     51.193     3.3379   2.956493    32.0817    25.5268 0.0000e+00
       1505     51.184     3.3381   2.956518    32.0818    25.5268 0.0000e+00
       1506     51.171     3.3387   2.956567    32.0818    25.5268 0.0000e+00
       1507     51.151     3.3388   2.956574    32.0818    25.5268 0.0000e+00
       1508     51.135     3.3384   2.956533    32.0817    25.5267 0.0000e+00
       1509     51.127     3.3379   2.956497    32.0817    25.5268 0.0000e+00
       1510     51.121     3.3375   2.956474    32.0819    25.5270 0.0000e+00
       1511     51.116     3.3369   2.956437    32.0820    25.5271 0.0000e+00
       1512     51.111     3.3365   2.956399    32.0820    25.5271 0.0000e+00
       1513     51.106     3.3365   2.956384    32.0818    25.5270 0.0000e+00
       1514     51.100     3.3369   2.956416    32.0818    25.5269 0.0000e+00
       1515     51.091     3.3375   2.956477    32.0819    25.5270 0.0000e+00
       1516     51.074     3.3377   2.956503    32.0820    25.5271 0.0000e+00
       1517     51.049     3.3375   2.956477    32.0819    25.5270 0.0000e+00
       1518     51.023     3.3369   2.956421    32.0819    25.5270 0.0000e+00
       1519     51.006     3.3361   2.956360    32.0820    25.5271 0.0000e+00
       1520     51.001     3.3356   2.956325    32.0820    25.5272 0.0000e+00
       1521     51.000     3.3352   2.956309    32.0822    25.5274 0.0000e+00
       1522     50.994     3.3350   2.956292    32.0822    25.5275 0.0000e+00
       1523     50.979     3.3350   2.956284    32.0821    25.5274 0.0000e+00
       1524     50.962     3.3349   2.956278    32.0822    25.5274 0.0000e+00
       1525     50.949     3.3346   2.956253    32.0822    25.5275 0.0000e+00
       1526     50.944     3.3341   2.956216    32.0822    25.5275 0.0000e+00
       1527     50.949     3.3337   2.956181    32.0822    25.5276 0.0000e+00
       1528     50.958     3.3335   2.956173    32.0823    25.5277 0.0000e+00
       1529     50.959     3.3337   2.956188    32.0823    25.5276 0.0000e+00
       1530     50.946     3.3337   2.956191    32.0823    25.5277 0.0000e+00
       1531     50.933     3.3332   2.956162    32.0825    25.5278 0.0000e+00
       1532     50.935     3.3327   2.956129    32.0826    25.5279 0.0000e+00
       1533     50.951     3.3324   2.956114    32.0827    25.5281 0.0000e+00
       1534     50.967     3.3324   2.956118    32.0827    25.5281 0.0000e+00
       1535     50.975     3.3323   2.956121    32.0829    25.5282 0.0000e+00
       1536     50.981     3.3321   2.956090    32.0827    25.5281 0.0000e+00
       1537     50.987     3.3318   2.956048    32.0825    25.5279 0.0000e+00
       1538     50.989     3.3316   2.956034    32.0825    25.5280 0.0000e+00
       1539     50.983     3.3315   2.956027    32.0825    25.5280 0.0000e+00
       1540     50.967     3.3316   2.956026    32.0824    25.5279 0.0000e+00
       1541     50.954     3.3316   2.956039    32.0826    25.5280 0.0000e+00
       1542     50.951     3.3316   2.956041    32.0826    25.5281 0.0000e+00
       1543     50.953     3.3316   2.956037    32.0826    25.5280 0.0000e+00
       1544     50.959     3.3316   2.956043    32.0826    25.5281 0.0000e+00
       1545     50.969     3.3317   2.956051    32.0826    25.5281 0.0000e+00
       1546     50.980     3.3319   2.956063    32.0826    25.5280 0.0000e+00
       1547     50.990     3.3320   2.956072    32.0826    25.5280 0.0000e+00
       1548     50.998     3.3319   2.956062    32.0825    25.5280 0.0000e+00
       1549     51.005     3.3317   2.956053    32.0826    25.5281 0.0000e+00
       1550     51.011     3.3315   2.956044    32.0827    25.5282 0.0000e+00
       1551     51.012     3.3312   2.956021    32.0827    25.5282 0.0000e+00
       1552     51.005     3.3308   2.955993    32.0828    25.5283 0.0000e+00
       1553     50.991     3.3304   2.955962    32.0828    25.5283 0.0000e+00
       1554     50.985     3.3303   2.955958    32.0829    25.5284 0.0000e+00
       1555     50.992     3.3304   2.955970    32.0829    25.5284 0.0000e+00
       1556     51.002     3.3303   2.955961    32.0829    25.5284 0.0000e+00
       1557     51.011     3.3304   2.955966    32.0829    25.5284 0.0000e+00
       1558     51.021     3.3307   2.955994    32.0829    25.5284 0.0000e+00
       1559     51.029     3.3308   2.955993    32.0828    25.5283 0.0000e+00
       1560     51.035     3.3304   2.955959    32.0828    25.5283 0.0000e+00
       1561     51.042     3.3299   2.955923    32.0828    25.5284 0.0000e+00
       1562     51.052     3.3296   2.955895    32.0828    25.5284 0.0000e+00
       1563     51.061     3.3293   2.955868    32.0828    25.5284 0.0000e+00
       1564     51.065     3.3288   2.955836    32.0829    25.5285 0.0000e+00
       1565     51.064     3.3283   2.955801    32.0829    25.5286 0.0000e+00
       1566     51.065     3.3281   2.955789    32.0830    25.5287 0.0000e+00
       1567     51.073     3.3283   2.955808    32.0830    25.5287 0.0000e+00
       1568     51.090     3.3289   2.955849    32.0829    25.5285 0.0000e+00
       1569     51.109     3.3294   2.955895    32.0830    25.5285 0.0000e+00
       1570     51.118     3.3295   2.955902    32.0829    25.5285 0.0000e+00
       1571     51.117     3.3290   2.955859    32.0829    25.5285 0.0000e+00
       1572     51.109     3.3282   2.955803    32.0830    25.5287 0.0000e+00
       1573     51.097     3.3276   2.955763    32.0832    25.5289 0.0000e+00
       1574     51.087     3.3272   2.955735    32.0832    25.5289 0.0000e+00
       1575     51.084     3.3267   2.955713    32.0835    25.5292 0.0000e+00
       1576     51.090     3.3264   2.955697    32.0836    25.5293 0.0000e+00
       1577     51.099     3.3263   2.955692    32.0836    25.5293 0.0000e+00
       1578     51.103     3.3265   2.955670    32.0831    25.5289 0.0000e+00
       1579     51.103     3.3264   2.955632    32.0828    25.5287 0.0000e+00
       1580     51.107     3.3259   2.955614    32.0831    25.5289 0.0000e+00
       1581     51.114     3.3261   2.955632    32.0831    25.5289 0.0000e+00
       1582     51.119     3.3278   2.955754    32.0828    25.5286 0.0000e+00
       1583     51.121     3.3299   2.955930    32.0829    25.5284 0.0000e+00
       1584     51.124     3.3300   2.955930    32.0828    25.5283 0.0000e+00
       1585     51.128     3.3281   2.955770    32.0827    25.5285 0.0000e+00
       1586     51.130     3.3267   2.955667    32.0829    25.5287 0.0000e+00
       1587     51.132     3.3261   2.955648    32.0833    25.5291 0.0000e+00
       1588     51.139     3.3257   2.955624    32.0834    25.5292 0.0000e+00
       1589     51.152     3.3254   2.955597    32.0833    25.5292 0.0000e+00
       1590     51.166     3.3255   2.955620    32.0835    25.5293 0.0000e+00
       1591     51.177     3.3259   2.955658    32.0835    25.5293 0.0000e+00
       1592     51.183     3.3260   2.955670    32.0836    25.5293 0.0000e+00
       1593     51.184     3.3253   2.955612    32.0836    25.5294 0.0000e+00
       1594     51.178     3.3239   2.955500    32.0836    25.5296 0.0000e+00
       1595     51.164     3.3226   2.955406    32.0838    25.5298 0.0000e+00
       1596     51.147     3.3217   2.955342    32.0839    25.5300 0.0000e+00
       1597     51.136     3.3215   2.955333    32.0840    25.5301 0.0000e+00
       1598     51.134     3.3218   2.955369    32.0842    25.5302 0.0000e+00
       1599     51.140     3.3220   2.955391    32.0842    25.5302 0.0000e+00
       1600     51.147     3.3220   2.955388    32.0842    25.5302 0.0000e+00
       1601     51.151     3.3220   2.955379    32.0841    25.5301 0.0000e+00
       1602     51.151     3.3223   2.955389    32.0839    25.5299 0.0000e+00
       1603     51.151     3.3228   2.955425    32.0838    25.5298 0.0000e+00
       1604     51.156     3.3231   2.955460    32.0840    25.5299 0.0000e+00
       1605     51.166     3.3230   2.955450    32.0839    25.5299 0.0000e+00
       1606     51.175     3.3224   2.955401    32.0839    25.5299 0.0000e+00
       1607     51.171     3.3218   2.955351    32.0839    25.5300 0.0000e+00
       1608     51.158     3.3216   2.955328    32.0839    25.5299 0.0000e+00
       1609     51.149     3.3216   2.955334    32.0839    25.5300 0.0000e+00
       1610     51.155     3.3217   2.955350    32.0840    25.5301 0.0000e+00
       1611     51.174     3.3218   2.955359    32.0840    25.5301 0.0000e+00
       1612     51.196     3.3220   2.955376    32.0840    25.5300 0.0000e+00
       1613     51.211     3.3227   2.955427    32.0839    25.5299 0.0000e+00
       1614     51.221     3.3236   2.955504    32.0840    25.5298 0.0000e+00
       1615     51.228     3.3239   2.955524    32.0839    25.5298 0.0000e+00
       1616     51.233     3.3232   2.955455    32.0838    25.5297 0.0000e+00
       1617     51.238     3.3222   2.955383    32.0839    25.5299 0.0000e+00
       1618     51.246     3.3217   2.955348    32.0840    25.5300 0.0000e+00
       1619     51.250     3.3217   2.955341    32.0839    25.5299 0.0000e+00
       1620     51.246     3.3218   2.955360    32.0840    25.5300 0.0000e+00
       1621     51.240     3.3221   2.955394    32.0841    25.5301 0.0000e+00
       1622     51.240     3.3228   2.955439    32.0840    25.5299 0.0000e+00
       1623     51.242     3.3233   2.955477    32.0839    25.5298 0.0000e+00
       1624     51.238     3.3236   2.955496    32.0839    25.5298 0.0000e+00
       1625     51.230     3.3237   2.955503    32.0838    25.5297 0.0000e+00
       1626     51.221     3.3239   2.955516    32.0838    25.5297 0.0000e+00
       1627     51.207     3.3240   2.955529    32.0839    25.5297 0.0000e+00
       1628     51.192     3.3238   2.955525    32.0840    25.5299 0.0000e+00
       1629     51.182     3.3235   2.955506    32.0841    25.5300 0.0000e+00
       1630     51.177     3.3232   2.955481    32.0841    25.5300 0.0000e+00
       1631     51.170     3.3227   2.955452    32.0843    25.5302 0.0000e+00
       1632     51.160     3.3220   2.955407    32.0844    25.5304 0.0000e+00
       1633     51.149     3.3213   2.955349    32.0844    25.5304 0.0000e+00
       1634     51.142     3.3205   2.955302    32.0846    25.5307 0.0000e+00
       1635     51.139     3.3198   2.955257    32.0848    25.5309 0.0000e+00
       1636     51.131     3.3189   2.955178    32.0848    25.5309 0.0000e+00
       1637     51.120     3.3179   2.955093    32.0847    25.5310 0.0000e+00
       1638     51.107     3.3170   2.955030    32.0849    25.5312 0.0000e+00
       1639     51.097     3.3163   2.954982    32.0850    25.5313 0.0000e+00
       1640     51.096     3.3158   2.954939    32.0850    25.5313 0.0000e+00
       1641     51.100     3.3160   2.954950    32.0849    25.5313 0.0000e+00
