Datasets/Test_Dataset_39219_tow/tel219_2021_031.cnv
* Sea-Bird SBE19plus Data File:
* Filename = C:/AQUIRE/tel219_2021_031.hex
* Software Version AquireV2 AF V2.0
* Temperature SN =  4020
* Conductivity SN =  4020
* System UpLoad Time = May 11 2021 00:41:35
** VESSEL/TRIP/SEQ STN: tel219_2021_031
** LATITUDE: 45 33.71 N
** LONGITUDE: 56 33.92 W
** DATE/TIME: 2021-05-10 23:44
** SOUNDING DEPTH (M): 0232
** PROBE TYPE: S4020
** CTD NUMBER: 031
** FORMAT: T
** COMMENTS: 
# nquan = 7                                 
# nvalues = 3471                        
# units = specified
# name 0 = scan: Scan Count
# name 1 = prdM: Pressure, Strain Gauge [db]
# name 2 = tv290C: Temperature [ITS-90, deg C]
# name 3 = c0S/m: Conductivity [S/m]
# name 4 = sal00: Salinity, Practical [PSU]
# name 5 = sigma-t00: Density [sigma-t, kg/m^3 ]
# name 6 = flag: flag
# span 0 =          1,       3471       
# span 1 =     -0.752,    233.884       
# span 2 =     0.6650,     9.4189       
# span 3 =   0.003260,   3.765834       
# span 4 =     0.0243,    35.1264       
# span 5 =    -0.0055,    27.3512       
# span 6 = 0.0000e+00, 0.0000e+00       
# interval = seconds: 1
# start_time = May 10 2021 23:44:56 [Instrument's time stamp, header]
# bad_flag = -9.990e-29
*END*
[from data line 2257]
       2258    233.128     8.6405   3.700506    35.0949    27.2498 0.0000e+00
       2259    233.115     8.6437   3.700790    35.0947    27.2492 0.0000e+00
       2260    233.150     8.6457   3.700949    35.0944    27.2486 0.0000e+00
       2261    233.181     8.6462   3.700908    35.0935    27.2478 0.0000e+00
       2262    233.177     8.6461   3.700841    35.0929    27.2473 0.0000e+00
       2263    233.152     8.6465   3.700876    35.0928    27.2472 0.0000e+00
       2264    233.134     8.6470   3.700965    35.0933    27.2475 0.0000e+00
       2265    233.138     8.6468   3.700981    35.0937    27.2478 0.0000e+00
       2266    233.158     8.6473   3.701002    35.0934    27.2475 0.0000e+00
       2267    233.175     8.6491   3.701090    35.0925    27.2466 0.0000e+00
       2268    233.175     8.6505   3.701111    35.0913    27.2454 0.0000e+00
       2269    233.153     8.6503   3.701092    35.0914    27.2455 0.0000e+00
       2270    233.123     8.6472   3.700965    35.0931    27.2473 0.0000e+00
       2271    233.118     8.6407   3.700500    35.0946    27.2496 0.0000e+00
       2272    233.149     8.6338   3.699966    35.0958    27.2516 0.0000e+00
       2273    233.196     8.6304   3.699805    35.0975    27.2534 0.0000e+00
       2274    233.222     8.6301   3.699890    35.0986    27.2544 0.0000e+00
       2275    233.205     8.6311   3.699953    35.0983    27.2540 0.0000e+00
       2276    233.154     8.6330   3.700020    35.0972    27.2528 0.0000e+00
       2277    233.106     8.6353   3.700169    35.0965    27.2519 0.0000e+00
       2278    233.093     8.6372   3.700304    35.0960    27.2512 0.0000e+00
       2279    233.120     8.6379   3.700340    35.0957    27.2509 0.0000e+00
       2280    233.172     8.6371   3.700288    35.0959    27.2512 0.0000e+00
       2281    233.231     8.6355   3.700150    35.0960    27.2515 0.0000e+00
       2282    233.278     8.6345   3.700054    35.0960    27.2516 0.0000e+00
       2283    233.303     8.6345   3.700064    35.0961    27.2517 0.0000e+00
       2284    233.314     8.6358   3.700134    35.0955    27.2510 0.0000e+00
       2285    233.317     8.6393   3.700354    35.0944    27.2496 0.0000e+00
       2286    233.322     8.6439   3.700735    35.0938    27.2484 0.0000e+00
       2287    233.342     8.6474   3.701021    35.0934    27.2475 0.0000e+00
       2288    233.374     8.6492   3.701119    35.0926    27.2467 0.0000e+00
       2289    233.408     8.6504   3.701186    35.0921    27.2461 0.0000e+00
       2290    233.439     8.6516   3.701290    35.0920    27.2458 0.0000e+00
       2291    233.475     8.6510   3.701309    35.0928    27.2465 0.0000e+00
       2292    233.517     8.6483   3.701106    35.0933    27.2473 0.0000e+00
       2293    233.563     8.6461   3.700883    35.0931    27.2475 0.0000e+00
       2294    233.606     8.6464   3.700890    35.0929    27.2473 0.0000e+00
       2295    233.635     8.6474   3.701014    35.0932    27.2474 0.0000e+00
       2296    233.650     8.6483   3.701097    35.0932    27.2472 0.0000e+00
       2297    233.660     8.6498   3.701204    35.0928    27.2467 0.0000e+00
       2298    233.674     8.6528   3.701447    35.0924    27.2459 0.0000e+00
       2299    233.691     8.6549   3.701680    35.0928    27.2459 0.0000e+00
       2300    233.703     8.6543   3.701686    35.0934    27.2465 0.0000e+00
       2301    233.702     8.6515   3.701498    35.0942    27.2475 0.0000e+00
       2302    233.694     8.6477   3.701184    35.0946    27.2485 0.0000e+00
       2303    233.694     8.6440   3.700854    35.0948    27.2492 0.0000e+00
       2304    233.698     8.6414   3.700661    35.0954    27.2500 0.0000e+00
       2305    233.692     8.6406   3.700612    35.0956    27.2504 0.0000e+00
       2306    233.669     8.6419   3.700690    35.0952    27.2498 0.0000e+00
       2307    233.642     8.6458   3.700959    35.0942    27.2484 0.0000e+00
       2308    233.630     8.6505   3.701344    35.0936    27.2472 0.0000e+00
       2309    233.639     8.6524   3.701525    35.0936    27.2469 0.0000e+00
       2310    233.654     8.6501   3.701331    35.0938    27.2475 0.0000e+00
       2311    233.665     8.6459   3.700992    35.0944    27.2486 0.0000e+00
       2312    233.671     8.6425   3.700724    35.0950    27.2495 0.0000e+00
       2313    233.674     8.6407   3.700583    35.0952    27.2500 0.0000e+00
       2314    233.672     8.6403   3.700575    35.0956    27.2504 0.0000e+00
       2315    233.660     8.6404   3.700606    35.0958    27.2505 0.0000e+00
       2316    233.644     8.6401   3.700584    35.0959    27.2506 0.0000e+00
       2317    233.638     8.6395   3.700501    35.0956    27.2505 0.0000e+00
       2318    233.643     8.6392   3.700440    35.0952    27.2503 0.0000e+00
       2319    233.643     8.6398   3.700482    35.0951    27.2501 0.0000e+00
       2320    233.623     8.6410   3.700590    35.0950    27.2498 0.0000e+00
       2321    233.586     8.6425   3.700688    35.0946    27.2493 0.0000e+00
       2322    233.557     8.6451   3.700872    35.0940    27.2484 0.0000e+00
       2323    233.554     8.6482   3.701157    35.0939    27.2478 0.0000e+00
       2324    233.572     8.6495   3.701275    35.0939    27.2476 0.0000e+00
       2325    233.594     8.6490   3.701202    35.0936    27.2474 0.0000e+00
       2326    233.609     8.6483   3.701132    35.0935    27.2475 0.0000e+00
       2327    233.609     8.6472   3.701084    35.0941    27.2481 0.0000e+00
       2328    233.590     8.6452   3.700953    35.0947    27.2489 0.0000e+00
       2329    233.559     8.6433   3.700776    35.0948    27.2493 0.0000e+00
       2330    233.533     8.6430   3.700742    35.0947    27.2493 0.0000e+00
       2331    233.530     8.6438   3.700820    35.0947    27.2492 0.0000e+00
       2332    233.548     8.6442   3.700834    35.0945    27.2489 0.0000e+00
       2333    233.569     8.6450   3.700869    35.0941    27.2484 0.0000e+00
       2334    233.584     8.6462   3.700970    35.0939    27.2481 0.0000e+00
       2335    233.590     8.6471   3.701036    35.0937    27.2478 0.0000e+00
       2336    233.594     8.6475   3.701082    35.0938    27.2479 0.0000e+00
       2337    233.598     8.6474   3.701092    35.0940    27.2480 0.0000e+00
       2338    233.598     8.6469   3.701038    35.0939    27.2481 0.0000e+00
       2339    233.594     8.6466   3.701017    35.0940    27.2482 0.0000e+00
       2340    233.589     8.6457   3.700988    35.0946    27.2488 0.0000e+00
       2341    233.589     8.6432   3.700769    35.0948    27.2493 0.0000e+00
       2342    233.593     8.6410   3.700533    35.0945    27.2494 0.0000e+00
       2343    233.603     8.6404   3.700533    35.0950    27.2499 0.0000e+00
       2344    233.619     8.6404   3.700570    35.0954    27.2502 0.0000e+00
       2345    233.635     8.6408   3.700588    35.0952    27.2500 0.0000e+00
       2346    233.649     8.6422   3.700693    35.0949    27.2496 0.0000e+00
       2347    233.661     8.6441   3.700782    35.0940    27.2485 0.0000e+00
       2348    233.664     8.6457   3.700854    35.0932    27.2476 0.0000e+00
       2349    233.653     8.6464   3.700921    35.0932    27.2475 0.0000e+00
       2350    233.639     8.6449   3.700844    35.0939    27.2483 0.0000e+00
       2351    233.646     8.6424   3.700668    35.0945    27.2492 0.0000e+00
       2352    233.687     8.6409   3.700596    35.0952    27.2500 0.0000e+00
       2353    233.746     8.6408   3.700623    35.0955    27.2503 0.0000e+00
       2354    233.802     8.6419   3.700666    35.0949    27.2496 0.0000e+00
       2355    233.850     8.6442   3.700832    35.0943    27.2488 0.0000e+00
       2356    233.880     8.6452   3.700906    35.0941    27.2484 0.0000e+00
       2357    233.884     8.6429   3.700630    35.0935    27.2483 0.0000e+00
       2358    233.860     8.6411   3.700478    35.0937    27.2487 0.0000e+00
       2359    233.813     8.6422   3.700637    35.0943    27.2490 0.0000e+00
       2360    233.744     8.6428   3.700682    35.0942    27.2489 0.0000e+00
       2361    233.651     8.6414   3.700551    35.0942    27.2491 0.0000e+00
       2362    233.532     8.6392   3.700394    35.0948    27.2499 0.0000e+00
       2363    233.395     8.6378   3.700277    35.0950    27.2503 0.0000e+00
       2364    233.250     8.6391   3.700337    35.0944    27.2497 0.0000e+00
       2365    233.098     8.6433   3.700686    35.0940    27.2487 0.0000e+00
       2366    232.931     8.6459   3.700931    35.0941    27.2483 0.0000e+00
       2367    232.739     8.6441   3.700712    35.0937    27.2483 0.0000e+00
       2368    232.528     8.6412   3.700431    35.0937    27.2487 0.0000e+00
       2369    232.318     8.6393   3.700343    35.0947    27.2499 0.0000e+00
       2370    232.115     8.6377   3.700265    35.0956    27.2508 0.0000e+00
       2371    231.914     8.6368   3.700203    35.0959    27.2512 0.0000e+00
       2372    231.708     8.6373   3.700196    35.0955    27.2508 0.0000e+00
       2373    231.492     8.6384   3.700206    35.0946    27.2499 0.0000e+00
       2374    231.272     8.6393   3.700228    35.0940    27.2493 0.0000e+00
       2375    231.058     8.6396   3.700239    35.0939    27.2492 0.0000e+00
       2376    230.860     8.6403   3.700272    35.0937    27.2489 0.0000e+00
       2377    230.671     8.6443   3.700586    35.0931    27.2478 0.0000e+00
       2378    230.474     8.6532   3.701326    35.0922    27.2457 0.0000e+00
       2379    230.256     8.6618   3.701988    35.0908    27.2432 0.0000e+00
       2380    230.016     8.6653   3.702118    35.0888    27.2411 0.0000e+00
       2381    229.770     8.6651   3.701937    35.0872    27.2399 0.0000e+00
       2382    229.536     8.6646   3.701811    35.0865    27.2394 0.0000e+00
       2383    229.315     8.6666   3.701965    35.0863    27.2389 0.0000e+00
       2384    229.098     8.6712   3.702410    35.0865    27.2384 0.0000e+00
       2385    228.873     8.6765   3.702890    35.0864    27.2375 0.0000e+00
       2386    228.631     8.6814   3.703219    35.0852    27.2357 0.0000e+00
       2387    228.373     8.6852   3.703333    35.0827    27.2332 0.0000e+00
       2388    228.115     8.6864   3.703201    35.0803    27.2311 0.0000e+00
       2389    227.870     8.6864   3.703038    35.0787    27.2298 0.0000e+00
       2390    227.638     8.6896   3.703208    35.0774    27.2283 0.0000e+00
       2391    227.408     8.6976   3.703910    35.0770    27.2268 0.0000e+00
       2392    227.166     8.7064   3.704737    35.0771    27.2255 0.0000e+00
       2393    226.912     8.7105   3.704948    35.0754    27.2235 0.0000e+00
       2394    226.660     8.7095   3.704693    35.0738    27.2224 0.0000e+00
       2395    226.420     8.7085   3.704592    35.0739    27.2226 0.0000e+00
       2396    226.193     8.7127   3.704967    35.0738    27.2218 0.0000e+00
       2397    225.977     8.7207   3.705746    35.0742    27.2209 0.0000e+00
       2398    225.756     8.7266   3.706237    35.0736    27.2195 0.0000e+00
       2399    225.521     8.7279   3.706200    35.0721    27.2181 0.0000e+00
       2400    225.281     8.7262   3.705955    35.0713    27.2177 0.0000e+00
       2401    225.042     8.7231   3.705643    35.0712    27.2182 0.0000e+00
       2402    224.806     8.7199   3.705439    35.0723    27.2195 0.0000e+00
       2403    224.577     8.7187   3.705375    35.0729    27.2202 0.0000e+00
       2404    224.355     8.7209   3.705311    35.0702    27.2177 0.0000e+00
       2405    224.134     8.7262   3.705373    35.0657    27.2134 0.0000e+00
       2406    223.912     8.7332   3.706047    35.0660    27.2125 0.0000e+00
       2407    223.692     8.7385   3.706927    35.0701    27.2149 0.0000e+00
       2408    223.469     8.7398   3.707090    35.0706    27.2151 0.0000e+00
       2409    223.239     8.7387   3.706719    35.0679    27.2132 0.0000e+00
       2410    222.999     8.7371   3.706371    35.0660    27.2119 0.0000e+00
       2411    222.756     8.7351   3.706198    35.0662    27.2124 0.0000e+00
       2412    222.515     8.7327   3.706099    35.0677    27.2139 0.0000e+00
       2413    222.275     8.7312   3.706131    35.0696    27.2157 0.0000e+00
       2414    222.038     8.7316   3.706220    35.0703    27.2161 0.0000e+00
       2415    221.804     8.7325   3.706177    35.0690    27.2150 0.0000e+00
       2416    221.575     8.7331   3.706119    35.0679    27.2140 0.0000e+00
       2417    221.347     8.7333   3.706088    35.0675    27.2137 0.0000e+00
       2418    221.115     8.7318   3.706055    35.0688    27.2149 0.0000e+00
       2419    220.877     8.7299   3.706137    35.0716    27.2174 0.0000e+00
       2420    220.637     8.7329   3.706460    35.0722    27.2174 0.0000e+00
       2421    220.395     8.7421   3.707171    35.0707    27.2148 0.0000e+00
       2422    220.148     8.7503   3.707665    35.0679    27.2113 0.0000e+00
       2423    219.898     8.7498   3.707380    35.0655    27.2095 0.0000e+00
       2424    219.651     8.7441   3.707158    35.0689    27.2131 0.0000e+00
       2425    219.412     8.7432   3.707346    35.0719    27.2156 0.0000e+00
       2426    219.180     8.7525   3.707998    35.0697    27.2123 0.0000e+00
       2427    218.953     8.7691   3.709136    35.0654    27.2063 0.0000e+00
       2428    218.720     8.7843   3.709814    35.0576    27.1978 0.0000e+00
       2429    218.472     8.7956   3.710125    35.0498    27.1899 0.0000e+00
       2430    218.213     8.8041   3.710417    35.0446    27.1845 0.0000e+00
       2431    217.953     8.8048   3.709940    35.0390    27.1800 0.0000e+00
       2432    217.698     8.7980   3.709324    35.0394    27.1814 0.0000e+00
       2433    217.454     8.7974   3.710358    35.0510    27.1906 0.0000e+00
       2434    217.215     8.8075   3.712679    35.0655    27.2004 0.0000e+00
       2435    216.972     8.8178   3.714226    35.0718    27.2036 0.0000e+00
       2436    216.715     8.8220   3.714447    35.0701    27.2016 0.0000e+00
       2437    216.445     8.8228   3.714306    35.0679    27.1998 0.0000e+00
       2438    216.166     8.8221   3.714241    35.0681    27.2000 0.0000e+00
       2439    215.882     8.8193   3.714030    35.0687    27.2010 0.0000e+00
       2440    215.600     8.8132   3.713448    35.0688    27.2020 0.0000e+00
       2441    215.319     8.8057   3.712900    35.0706    27.2046 0.0000e+00
       2442    215.039     8.8011   3.712893    35.0752    27.2089 0.0000e+00
       2443    214.760     8.8003   3.712995    35.0772    27.2106 0.0000e+00
       2444    214.472     8.8007   3.713122    35.0782    27.2114 0.0000e+00
       2445    214.165     8.8037   3.713917    35.0838    27.2153 0.0000e+00
       2446    213.848     8.8118   3.715218    35.0896    27.2185 0.0000e+00
       2447    213.534     8.8212   3.716157    35.0904    27.2176 0.0000e+00
       2448    213.223     8.8270   3.716447    35.0878    27.2147 0.0000e+00
       2449    212.913     8.8321   3.716292    35.0813    27.2088 0.0000e+00
       2450    212.604     8.8421   3.716307    35.0717    27.1997 0.0000e+00
       2451    212.292     8.8538   3.717304    35.0708    27.1971 0.0000e+00
       2452    211.965     8.8598   3.718373    35.0763    27.2004 0.0000e+00
       2453    211.621     8.8583   3.718379    35.0780    27.2020 0.0000e+00
       2454    211.274     8.8539   3.718035    35.0789    27.2034 0.0000e+00
       2455    210.929     8.8511   3.717818    35.0795    27.2044 0.0000e+00
       2456    210.584     8.8515   3.717524    35.0762    27.2017 0.0000e+00
       2457    210.233     8.8534   3.717510    35.0743    27.1999 0.0000e+00
       2458    209.873     8.8558   3.718483    35.0824    27.2058 0.0000e+00
       2459    209.505     8.8629   3.720344    35.0951    27.2147 0.0000e+00
       2460    209.131     8.8734   3.721515    35.0972    27.2147 0.0000e+00
       2461    208.749     8.8825   3.722330    35.0970    27.2130 0.0000e+00
