Datasets/Test_Dataset_39219_tow/tel219_2021_054.cnv
* Sea-Bird SBE19plus Data File:
* Filename = C:/AQUIRE/tel219_2021_054.hex
* Software Version AquireV2 AF V2.0
* Temperature SN =  4020
* Conductivity SN =  4020
* System UpLoad Time = May 13 2021 19:59:13
** VESSEL/TRIP/SEQ STN: tel219_2021_054
** LATITUDE: 45 03.65 N
** LONGITUDE: 55 13.54 W
** DATE/TIME: 2021-05-13 18:20
** SOUNDING DEPTH (M): 0461
** PROBE TYPE: S4020
** CTD NUMBER:  54
** FORMAT: t
** COMMENTS: 
# nquan = 7                                 
# nvalues = 5697                        
# units = specified
# name 0 = scan: Scan Count
# name 1 = prdM: Pressure, Strain Gauge [db]
# name 2 = tv290C: Temperature [ITS-90, deg C]
# name 3 = c0S/m: Conductivity [S/m]
# name 4 = sal00: Salinity, Practical [PSU]
# name 5 = sigma-t00: Density [sigma-t, kg/m^3 ]
# name 6 = flag: flag
# span 0 =          1,       5697       
# span 1 =     -0.731,    489.377       
# span 2 =     1.5989,     9.3956       
# span 3 =   0.007985,   3.765972       
# span 4 =     0.0573,    35.1204       
# span 5 =    -0.0365,    27.5025       
# span 6 = 0.0000e+00, 0.0000e+00       
# interval = seconds: 1
# start_time = May 13 2021 18:20:54 [Instrument's time stamp, header]
# bad_flag = -9.990e-29
*END*
[from data line 1642]
       1643    423.958     7.0794   3.560960    35.0656    27.4594 0.0000e+00
       1644    424.083     7.0761   3.560690    35.0660    27.4602 0.0000e+00
       1645    424.197     7.0720   3.560303    35.0658    27.4606 0.0000e+00
       1646    424.289     7.0680   3.559916    35.0656    27.4610 0.0000e+00
       1647    424.371     7.0641   3.559489    35.0648    27.4609 0.0000e+00
       1648    424.463     7.0629   3.559360    35.0646    27.4609 0.0000e+00
       1649    424.569     7.0648   3.559746    35.0668    27.4624 0.0000e+00
       1650    424.675     7.0666   3.559815    35.0657    27.4613 0.0000e+00
       1651    424.764     7.0685   3.559920    35.0649    27.4604 0.0000e+00
       1652    424.834     7.0710   3.560307    35.0666    27.4614 0.0000e+00
       1653    424.902     7.0701   3.560207    35.0663    27.4613 0.0000e+00
       1654    424.986     7.0655   3.559596    35.0643    27.4603 0.0000e+00
       1655    425.083     7.0647   3.559467    35.0636    27.4599 0.0000e+00
       1656    425.178     7.0695   3.560181    35.0665    27.4615 0.0000e+00
       1657    425.258     7.0743   3.560698    35.0673    27.4615 0.0000e+00
       1658    425.325     7.0740   3.560578    35.0662    27.4607 0.0000e+00
       1659    425.390     7.0694   3.560022    35.0648    27.4602 0.0000e+00
       1660    425.464     7.0676   3.559808    35.0642    27.4600 0.0000e+00
       1661    425.540     7.0709   3.560300    35.0662    27.4611 0.0000e+00
       1662    425.610     7.0717   3.560410    35.0666    27.4613 0.0000e+00
       1663    425.682     7.0646   3.559637    35.0653    27.4612 0.0000e+00
       1664    425.758     7.0517   3.558213    35.0627    27.4610 0.0000e+00
       1665    425.830     7.0453   3.557522    35.0616    27.4610 0.0000e+00
       1666    425.891     7.0504   3.558366    35.0656    27.4635 0.0000e+00
       1667    425.945     7.0573   3.559138    35.0671    27.4637 0.0000e+00
       1668    426.002     7.0600   3.559235    35.0654    27.4620 0.0000e+00
       1669    426.065     7.0616   3.559350    35.0650    27.4614 0.0000e+00
       1670    426.128     7.0629   3.559548    35.0658    27.4619 0.0000e+00
       1671    426.181     7.0586   3.559246    35.0668    27.4633 0.0000e+00
       1672    426.226     7.0437   3.557563    35.0635    27.4627 0.0000e+00
       1673    426.277     7.0283   3.555669    35.0583    27.4608 0.0000e+00
       1674    426.335     7.0252   3.555712    35.0619    27.4641 0.0000e+00
       1675    426.395     7.0282   3.556320    35.0655    27.4665 0.0000e+00
       1676    426.444     7.0278   3.556039    35.0627    27.4644 0.0000e+00
       1677    426.478     7.0299   3.556252    35.0629    27.4643 0.0000e+00
       1678    426.506     7.0408   3.557538    35.0660    27.4651 0.0000e+00
       1679    426.540     7.0547   3.558946    35.0673    27.4642 0.0000e+00
       1680    426.584     7.0602   3.559501    35.0678    27.4639 0.0000e+00
       1681    426.629     7.0531   3.558599    35.0651    27.4627 0.0000e+00
       1682    426.663     7.0414   3.557177    35.0613    27.4614 0.0000e+00
       1683    426.691     7.0343   3.556718    35.0635    27.4641 0.0000e+00
       1684    426.724     7.0280   3.556284    35.0651    27.4662 0.0000e+00
       1685    426.768     7.0175   3.555038    35.0620    27.4653 0.0000e+00
       1686    426.815     7.0069   3.553988    35.0612    27.4661 0.0000e+00
       1687    426.848     7.0021   3.553596    35.0618    27.4673 0.0000e+00
       1688    426.860     7.0065   3.554106    35.0629    27.4675 0.0000e+00
       1689    426.869     7.0194   3.555570    35.0659    27.4681 0.0000e+00
       1690    426.893     7.0307   3.556686    35.0667    27.4671 0.0000e+00
       1691    426.933     7.0315   3.556547    35.0643    27.4651 0.0000e+00
       1692    426.981     7.0231   3.555636    35.0628    27.4651 0.0000e+00
       1693    427.031     7.0136   3.554699    35.0622    27.4659 0.0000e+00
       1694    427.080     7.0067   3.554090    35.0624    27.4671 0.0000e+00
       1695    427.130     7.0002   3.553447    35.0620    27.4676 0.0000e+00
       1696    427.176     6.9954   3.552955    35.0614    27.4679 0.0000e+00
       1697    427.219     6.9958   3.553139    35.0630    27.4691 0.0000e+00
       1698    427.260     7.0004   3.553628    35.0637    27.4690 0.0000e+00
       1699    427.296     7.0067   3.554232    35.0639    27.4683 0.0000e+00
       1700    427.328     7.0095   3.554584    35.0649    27.4687 0.0000e+00
       1701    427.360     7.0052   3.554018    35.0630    27.4678 0.0000e+00
       1702    427.396     7.0004   3.553476    35.0619    27.4676 0.0000e+00
       1703    427.437     7.0010   3.553694    35.0637    27.4689 0.0000e+00
       1704    427.485     7.0037   3.553951    35.0638    27.4686 0.0000e+00
       1705    427.533     7.0031   3.553941    35.0642    27.4690 0.0000e+00
       1706    427.576     6.9966   3.553325    35.0640    27.4698 0.0000e+00
       1707    427.618     6.9898   3.552409    35.0609    27.4682 0.0000e+00
       1708    427.658     6.9962   3.553034    35.0612    27.4676 0.0000e+00
       1709    427.700     7.0155   3.555255    35.0660    27.4687 0.0000e+00
       1710    427.743     7.0328   3.556835    35.0658    27.4661 0.0000e+00
       1711    427.782     7.0431   3.557500    35.0626    27.4622 0.0000e+00
       1712    427.817     7.0539   3.558449    35.0621    27.4602 0.0000e+00
       1713    427.858     7.0669   3.559828    35.0640    27.4599 0.0000e+00
       1714    427.906     7.0758   3.560830    35.0659    27.4602 0.0000e+00
       1715    427.956     7.0762   3.560794    35.0651    27.4595 0.0000e+00
       1716    428.006     7.0724   3.560280    35.0633    27.4586 0.0000e+00
       1717    428.057     7.0719   3.560238    35.0633    27.4587 0.0000e+00
       1718    428.112     7.0753   3.560686    35.0648    27.4593 0.0000e+00
       1719    428.174     7.0762   3.560809    35.0652    27.4595 0.0000e+00
       1720    428.233     7.0711   3.560268    35.0644    27.4596 0.0000e+00
       1721    428.286     7.0618   3.559366    35.0639    27.4605 0.0000e+00
       1722    428.341     7.0502   3.558219    35.0630    27.4615 0.0000e+00
       1723    428.402     7.0372   3.556956    35.0623    27.4628 0.0000e+00
       1724    428.461     7.0270   3.556061    35.0628    27.4646 0.0000e+00
       1725    428.509     7.0236   3.555818    35.0636    27.4656 0.0000e+00
       1726    428.554     7.0248   3.556027    35.0646    27.4663 0.0000e+00
       1727    428.601     7.0245   3.556006    35.0647    27.4664 0.0000e+00
       1728    428.652     7.0198   3.555413    35.0629    27.4657 0.0000e+00
       1729    428.712     7.0148   3.554865    35.0619    27.4656 0.0000e+00
       1730    428.785     7.0166   3.555176    35.0635    27.4666 0.0000e+00
       1731    428.860     7.0221   3.555893    35.0657    27.4676 0.0000e+00
       1732    428.917     7.0223   3.555896    35.0655    27.4674 0.0000e+00
       1733    428.951     7.0174   3.555213    35.0630    27.4661 0.0000e+00
       1734    428.983     7.0188   3.555239    35.0619    27.4650 0.0000e+00
       1735    429.037     7.0306   3.556639    35.0652    27.4660 0.0000e+00
       1736    429.118     7.0427   3.557889    35.0666    27.4654 0.0000e+00
       1737    429.207     7.0473   3.558179    35.0651    27.4635 0.0000e+00
       1738    429.282     7.0457   3.557956    35.0642    27.4631 0.0000e+00
       1739    429.345     7.0404   3.557416    35.0637    27.4634 0.0000e+00
       1740    429.408     7.0349   3.556897    35.0635    27.4640 0.0000e+00
       1741    429.478     7.0311   3.556462    35.0626    27.4638 0.0000e+00
       1742    429.552     7.0299   3.556322    35.0622    27.4637 0.0000e+00
       1743    429.619     7.0319   3.556696    35.0642    27.4650 0.0000e+00
       1744    429.682     7.0353   3.557056    35.0647    27.4649 0.0000e+00
       1745    429.750     7.0379   3.557256    35.0642    27.4642 0.0000e+00
       1746    429.825     7.0389   3.557341    35.0641    27.4639 0.0000e+00
       1747    429.900     7.0391   3.557337    35.0638    27.4637 0.0000e+00
       1748    429.966     7.0390   3.557362    35.0642    27.4640 0.0000e+00
       1749    430.017     7.0381   3.557337    35.0648    27.4646 0.0000e+00
       1750    430.061     7.0334   3.557076    35.0667    27.4667 0.0000e+00
       1751    430.111     7.0185   3.555605    35.0656    27.4680 0.0000e+00
       1752    430.172     6.9983   3.553301    35.0608    27.4670 0.0000e+00
       1753    430.238     6.9878   3.552309    35.0605    27.4682 0.0000e+00
       1754    430.304     6.9925   3.552986    35.0631    27.4697 0.0000e+00
       1755    430.366     7.0077   3.554429    35.0635    27.4678 0.0000e+00
       1756    430.421     7.0243   3.556094    35.0650    27.4666 0.0000e+00
       1757    430.477     7.0297   3.556797    35.0672    27.4676 0.0000e+00
       1758    430.536     7.0187   3.555547    35.0646    27.4671 0.0000e+00
       1759    430.594     7.0025   3.553721    35.0609    27.4665 0.0000e+00
       1760    430.655     6.9982   3.553395    35.0617    27.4677 0.0000e+00
       1761    430.725     7.0020   3.554047    35.0650    27.4698 0.0000e+00
       1762    430.793     6.9989   3.553830    35.0657    27.4708 0.0000e+00
       1763    430.843     6.9890   3.552835    35.0648    27.4714 0.0000e+00
       1764    430.868     6.9791   3.551979    35.0654    27.4733 0.0000e+00
       1765    430.876     6.9691   3.551002    35.0648    27.4742 0.0000e+00
       1766    430.895     6.9579   3.549701    35.0619    27.4735 0.0000e+00
       1767    430.952     6.9477   3.548575    35.0598    27.4733 0.0000e+00
       1768    431.043     6.9414   3.548052    35.0604    27.4746 0.0000e+00
       1769    431.134     6.9377   3.547921    35.0627    27.4769 0.0000e+00
       1770    431.197     6.9345   3.547693    35.0634    27.4779 0.0000e+00
       1771    431.235     6.9354   3.547626    35.0617    27.4765 0.0000e+00
       1772    431.277     6.9439   3.548315    35.0607    27.4745 0.0000e+00
       1773    431.345     6.9573   3.549749    35.0628    27.4743 0.0000e+00
       1774    431.435     6.9692   3.551150    35.0661    27.4752 0.0000e+00
       1775    431.525     6.9717   3.551326    35.0654    27.4743 0.0000e+00
       1776    431.594     6.9642   3.550359    35.0624    27.4730 0.0000e+00
       1777    431.646     6.9576   3.549611    35.0608    27.4727 0.0000e+00
       1778    431.707     6.9618   3.550047    35.0613    27.4725 0.0000e+00
       1779    431.793     6.9768   3.551635    35.0635    27.4721 0.0000e+00
       1780    431.892     6.9956   3.553421    35.0640    27.4699 0.0000e+00
       1781    431.980     7.0103   3.554667    35.0627    27.4668 0.0000e+00
       1782    432.058     7.0167   3.555233    35.0624    27.4657 0.0000e+00
       1783    432.147     7.0177   3.555295    35.0620    27.4653 0.0000e+00
       1784    432.259     7.0154   3.555198    35.0632    27.4665 0.0000e+00
       1785    432.384     7.0048   3.554346    35.0646    27.4691 0.0000e+00
       1786    432.500     6.9861   3.552301    35.0610    27.4689 0.0000e+00
       1787    432.603     6.9765   3.551208    35.0587    27.4684 0.0000e+00
       1788    432.703     6.9859   3.552387    35.0621    27.4697 0.0000e+00
       1789    432.814     7.0015   3.554115    35.0652    27.4700 0.0000e+00
       1790    432.948     7.0076   3.554693    35.0653    27.4692 0.0000e+00
       1791    433.092     6.9978   3.553639    35.0636    27.4692 0.0000e+00
       1792    433.226     6.9775   3.551555    35.0612    27.4702 0.0000e+00
       1793    433.342     6.9584   3.549635    35.0594    27.4715 0.0000e+00
       1794    433.455     6.9518   3.549028    35.0594    27.4724 0.0000e+00
       1795    433.583     6.9575   3.549931    35.0635    27.4748 0.0000e+00
       1796    433.722     6.9620   3.550554    35.0657    27.4759 0.0000e+00
       1797    433.862     6.9577   3.549843    35.0622    27.4737 0.0000e+00
       1798    433.997     6.9514   3.549236    35.0618    27.4743 0.0000e+00
       1799    434.120     6.9488   3.549009    35.0619    27.4748 0.0000e+00
       1800    434.227     6.9513   3.549088    35.0602    27.4731 0.0000e+00
       1801    434.330     6.9611   3.550176    35.0622    27.4732 0.0000e+00
       1802    434.443     6.9738   3.551525    35.0640    27.4730 0.0000e+00
       1803    434.563     6.9815   3.552164    35.0632    27.4712 0.0000e+00
       1804    434.675     6.9808   3.552074    35.0629    27.4711 0.0000e+00
       1805    434.773     6.9741   3.551332    35.0614    27.4709 0.0000e+00
       1806    434.876     6.9701   3.550841    35.0601    27.4703 0.0000e+00
       1807    435.017     6.9754   3.551582    35.0628    27.4717 0.0000e+00
       1808    435.208     6.9838   3.552481    35.0640    27.4716 0.0000e+00
       1809    435.420     6.9858   3.552598    35.0632    27.4706 0.0000e+00
       1810    435.622     6.9799   3.552033    35.0628    27.4712 0.0000e+00
       1811    435.807     6.9680   3.550833    35.0616    27.4719 0.0000e+00
       1812    435.980     6.9544   3.549415    35.0598    27.4723 0.0000e+00
       1813    436.143     6.9488   3.548846    35.0591    27.4726 0.0000e+00
       1814    436.298     6.9583   3.549985    35.0619    27.4735 0.0000e+00
       1815    436.450     6.9737   3.551770    35.0658    27.4744 0.0000e+00
       1816    436.599     6.9752   3.551848    35.0651    27.4736 0.0000e+00
       1817    436.745     6.9593   3.549954    35.0604    27.4721 0.0000e+00
       1818    436.896     6.9400   3.547988    35.0583    27.4731 0.0000e+00
       1819    437.049     6.9305   3.547189    35.0590    27.4750 0.0000e+00
       1820    437.185     6.9312   3.547501    35.0617    27.4770 0.0000e+00
       1821    437.302     6.9346   3.547872    35.0623    27.4770 0.0000e+00
       1822    437.412     6.9406   3.548312    35.0610    27.4752 0.0000e+00
       1823    437.532     6.9497   3.549363    35.0632    27.4757 0.0000e+00
       1824    437.666     6.9520   3.549574    35.0631    27.4753 0.0000e+00
       1825    437.807     6.9426   3.548406    35.0598    27.4739 0.0000e+00
       1826    437.943     6.9296   3.547062    35.0581    27.4744 0.0000e+00
       1827    438.069     6.9249   3.546660    35.0584    27.4753 0.0000e+00
       1828    438.184     6.9318   3.547627    35.0620    27.4772 0.0000e+00
       1829    438.300     6.9367   3.548204    35.0633    27.4775 0.0000e+00
       1830    438.431     6.9295   3.547256    35.0601    27.4760 0.0000e+00
       1831    438.581     6.9211   3.546334    35.0584    27.4759 0.0000e+00
       1832    438.723     6.9231   3.546664    35.0600    27.4768 0.0000e+00
       1833    438.831     6.9323   3.547612    35.0610    27.4763 0.0000e+00
       1834    438.918     6.9436   3.548573    35.0600    27.4740 0.0000e+00
       1835    439.015     6.9562   3.549898    35.0618    27.4736 0.0000e+00
       1836    439.144     6.9647   3.550852    35.0636    27.4739 0.0000e+00
       1837    439.305     6.9620   3.550428    35.0616    27.4727 0.0000e+00
       1838    439.478     6.9501   3.549080    35.0587    27.4721 0.0000e+00
       1839    439.642     6.9394   3.547925    35.0568    27.4721 0.0000e+00
       1840    439.782     6.9354   3.547646    35.0577    27.4734 0.0000e+00
       1841    439.905     6.9322   3.547559    35.0600    27.4756 0.0000e+00
       1842    440.043     6.9287   3.547049    35.0579    27.4744 0.0000e+00
       1843    440.208     6.9340   3.547705    35.0596    27.4750 0.0000e+00
       1844    440.378     6.9451   3.549401    35.0669    27.4792 0.0000e+00
       1845    440.527     6.9507   3.549755    35.0650    27.4770 0.0000e+00
       1846    440.659     6.9512   3.549426    35.0609    27.4736 0.0000e+00
