Datasets/Test_Dataset_39219_tow/tel219_2021_026.cnv
* Sea-Bird SBE19plus Data File:
* Filename = C:/AQUIRE/tel219_2021_026.hex
* Software Version AquireV2 AF V2.0
* Temperature SN =  4020
* Conductivity SN =  4020
* System UpLoad Time = May 08 2021 16:17:45
** VESSEL/TRIP/SEQ STN: tel219_2021_026
** LATITUDE: 46 16.31 N
** LONGITUDE: 57 16.70 W
** DATE/TIME: 2021-05-08 15:30
** SOUNDING DEPTH (M): 0231
** PROBE TYPE: S4020
** CTD NUMBER: 026
** FORMAT: T
** COMMENTS: 
# nquan = 7                                 
# nvalues = 2883                        
# units = specified
# name 0 = scan: Scan Count
# name 1 = prdM: Pressure, Strain Gauge [db]
# name 2 = tv290C: Temperature [ITS-90, deg C]
# name 3 = c0S/m: Conductivity [S/m]
# name 4 = sal00: Salinity, Practical [PSU]
# name 5 = sigma-t00: Density [sigma-t, kg/m^3 ]
# name 6 = flag: flag
# span 0 =          1,       2883       
# span 1 =     -0.997,    230.347       
# span 2 =     1.7361,     9.2104       
# span 3 =   0.006354,   3.747936       
# span 4 =     0.0478,    35.1344       
# span 5 =     0.0125,    27.2627       
# span 6 = 0.0000e+00, 0.0000e+00       
# interval = seconds: 1
# start_time = May 08 2021 15:30:42 [Instrument's time stamp, header]
# bad_flag = -9.990e-29
*END*
[from data line 1231]
       1232    228.623     8.8617   3.724145    35.1272    27.2400 0.0000e+00
       1233    228.639     8.8617   3.724200    35.1278    27.2405 0.0000e+00
       1234    228.640     8.8615   3.724204    35.1280    27.2407 0.0000e+00
       1235    228.635     8.8609   3.724123    35.1277    27.2406 0.0000e+00
       1236    228.638     8.8604   3.724039    35.1273    27.2404 0.0000e+00
       1237    228.653     8.8599   3.723995    35.1274    27.2405 0.0000e+00
       1238    228.674     8.8596   3.723986    35.1276    27.2407 0.0000e+00
       1239    228.694     8.8595   3.723997    35.1278    27.2408 0.0000e+00
       1240    228.709     8.8593   3.723996    35.1279    27.2410 0.0000e+00
       1241    228.722     8.8592   3.723981    35.1279    27.2410 0.0000e+00
       1242    228.729     8.8590   3.723969    35.1280    27.2411 0.0000e+00
       1243    228.727     8.8587   3.723937    35.1279    27.2411 0.0000e+00
       1244    228.718     8.8579   3.723870    35.1280    27.2413 0.0000e+00
       1245    228.715     8.8571   3.723781    35.1279    27.2413 0.0000e+00
       1246    228.720     8.8560   3.723693    35.1280    27.2416 0.0000e+00
       1247    228.731     8.8551   3.723631    35.1283    27.2419 0.0000e+00
       1248    228.746     8.8544   3.723600    35.1286    27.2423 0.0000e+00
       1249    228.760     8.8541   3.723581    35.1287    27.2424 0.0000e+00
       1250    228.763     8.8538   3.723568    35.1289    27.2426 0.0000e+00
       1251    228.755     8.8535   3.723556    35.1290    27.2428 0.0000e+00
       1252    228.749     8.8530   3.723505    35.1290    27.2428 0.0000e+00
       1253    228.753     8.8527   3.723431    35.1285    27.2425 0.0000e+00
       1254    228.766     8.8527   3.723407    35.1283    27.2423 0.0000e+00
       1255    228.777     8.8529   3.723437    35.1284    27.2424 0.0000e+00
       1256    228.776     8.8531   3.723473    35.1286    27.2425 0.0000e+00
       1257    228.765     8.8532   3.723478    35.1285    27.2424 0.0000e+00
       1258    228.758     8.8534   3.723468    35.1282    27.2422 0.0000e+00
       1259    228.763     8.8539   3.723476    35.1278    27.2418 0.0000e+00
       1260    228.777     8.8543   3.723509    35.1277    27.2416 0.0000e+00
       1261    228.793     8.8545   3.723536    35.1278    27.2417 0.0000e+00
       1262    228.804     8.8546   3.723561    35.1280    27.2418 0.0000e+00
       1263    228.806     8.8545   3.723588    35.1284    27.2421 0.0000e+00
       1264    228.796     8.8544   3.723574    35.1283    27.2421 0.0000e+00
       1265    228.786     8.8541   3.723515    35.1280    27.2419 0.0000e+00
       1266    228.794     8.8537   3.723459    35.1278    27.2418 0.0000e+00
       1267    228.811     8.8531   3.723434    35.1281    27.2421 0.0000e+00
       1268    228.823     8.8527   3.723427    35.1284    27.2424 0.0000e+00
       1269    228.829     8.8522   3.723385    35.1285    27.2426 0.0000e+00
       1270    228.835     8.8517   3.723322    35.1283    27.2425 0.0000e+00
       1271    228.846     8.8518   3.723310    35.1281    27.2423 0.0000e+00
       1272    228.855     8.8522   3.723345    35.1281    27.2422 0.0000e+00
       1273    228.853     8.8525   3.723367    35.1280    27.2421 0.0000e+00
       1274    228.845     8.8527   3.723367    35.1278    27.2419 0.0000e+00
       1275    228.844     8.8528   3.723363    35.1277    27.2418 0.0000e+00
       1276    228.856     8.8528   3.723370    35.1277    27.2419 0.0000e+00
       1277    228.869     8.8528   3.723381    35.1278    27.2420 0.0000e+00
       1278    228.871     8.8528   3.723379    35.1278    27.2419 0.0000e+00
       1279    228.868     8.8525   3.723350    35.1278    27.2420 0.0000e+00
       1280    228.875     8.8522   3.723325    35.1278    27.2421 0.0000e+00
       1281    228.891     8.8522   3.723349    35.1281    27.2422 0.0000e+00
       1282    228.891     8.8525   3.723392    35.1282    27.2423 0.0000e+00
       1283    228.867     8.8528   3.723401    35.1280    27.2421 0.0000e+00
       1284    228.847     8.8525   3.723357    35.1279    27.2421 0.0000e+00
       1285    228.852     8.8517   3.723280    35.1279    27.2422 0.0000e+00
       1286    228.876     8.8512   3.723251    35.1280    27.2424 0.0000e+00
       1287    228.896     8.8512   3.723290    35.1284    27.2427 0.0000e+00
       1288    228.906     8.8512   3.723304    35.1286    27.2428 0.0000e+00
       1289    228.919     8.8507   3.723251    35.1285    27.2428 0.0000e+00
       1290    228.936     8.8500   3.723186    35.1285    27.2429 0.0000e+00
       1291    228.948     8.8498   3.723200    35.1289    27.2432 0.0000e+00
       1292    228.945     8.8499   3.723243    35.1292    27.2435 0.0000e+00
       1293    228.932     8.8497   3.723199    35.1290    27.2433 0.0000e+00
       1294    228.925     8.8488   3.723067    35.1285    27.2431 0.0000e+00
       1295    228.935     8.8481   3.722976    35.1282    27.2430 0.0000e+00
       1296    228.951     8.8480   3.723000    35.1285    27.2433 0.0000e+00
       1297    228.955     8.8482   3.723063    35.1290    27.2436 0.0000e+00
       1298    228.946     8.8482   3.723063    35.1290    27.2436 0.0000e+00
       1299    228.940     8.8479   3.722997    35.1286    27.2433 0.0000e+00
       1300    228.950     8.8475   3.722935    35.1283    27.2432 0.0000e+00
       1301    228.969     8.8471   3.722906    35.1284    27.2433 0.0000e+00
       1302    228.984     8.8469   3.722895    35.1285    27.2434 0.0000e+00
       1303    228.992     8.8468   3.722873    35.1284    27.2433 0.0000e+00
       1304    228.999     8.8466   3.722845    35.1283    27.2433 0.0000e+00
       1305    229.006     8.8462   3.722828    35.1285    27.2435 0.0000e+00
       1306    229.008     8.8458   3.722807    35.1287    27.2437 0.0000e+00
       1307    229.007     8.8454   3.722769    35.1287    27.2438 0.0000e+00
       1308    229.008     8.8450   3.722733    35.1287    27.2439 0.0000e+00
       1309    229.013     8.8446   3.722728    35.1290    27.2442 0.0000e+00
       1310    229.012     8.8445   3.722728    35.1291    27.2443 0.0000e+00
       1311    229.005     8.8445   3.722705    35.1289    27.2441 0.0000e+00
       1312    228.997     8.8445   3.722683    35.1286    27.2439 0.0000e+00
       1313    228.993     8.8445   3.722665    35.1285    27.2438 0.0000e+00
       1314    229.001     8.8445   3.722652    35.1283    27.2437 0.0000e+00
       1315    229.014     8.8442   3.722647    35.1286    27.2439 0.0000e+00
       1316    229.023     8.8439   3.722644    35.1288    27.2441 0.0000e+00
       1317    229.019     8.8437   3.722627    35.1288    27.2442 0.0000e+00
       1318    229.008     8.8435   3.722588    35.1286    27.2441 0.0000e+00
       1319    229.008     8.8432   3.722553    35.1286    27.2441 0.0000e+00
       1320    229.018     8.8432   3.722575    35.1288    27.2442 0.0000e+00
       1321    229.019     8.8435   3.722639    35.1292    27.2445 0.0000e+00
       1322    229.003     8.8436   3.722667    35.1294    27.2446 0.0000e+00
       1323    228.985     8.8433   3.722608    35.1290    27.2444 0.0000e+00
       1324    228.984     8.8426   3.722510    35.1287    27.2443 0.0000e+00
       1325    228.997     8.8421   3.722471    35.1288    27.2444 0.0000e+00
       1326    229.003     8.8418   3.722476    35.1291    27.2447 0.0000e+00
       1327    228.995     8.8417   3.722458    35.1290    27.2447 0.0000e+00
       1328    228.988     8.8420   3.722438    35.1285    27.2442 0.0000e+00
       1329    228.995     8.8422   3.722440    35.1284    27.2441 0.0000e+00
       1330    229.011     8.8423   3.722459    35.1285    27.2441 0.0000e+00
       1331    229.022     8.8424   3.722475    35.1285    27.2442 0.0000e+00
       1332    229.027     8.8423   3.722465    35.1285    27.2442 0.0000e+00
       1333    229.031     8.8420   3.722430    35.1284    27.2442 0.0000e+00
       1334    229.035     8.8416   3.722390    35.1284    27.2442 0.0000e+00
       1335    229.041     8.8413   3.722366    35.1285    27.2443 0.0000e+00
       1336    229.050     8.8409   3.722355    35.1287    27.2446 0.0000e+00
       1337    229.055     8.8407   3.722337    35.1287    27.2446 0.0000e+00
       1338    229.053     8.8406   3.722318    35.1286    27.2445 0.0000e+00
       1339    229.050     8.8405   3.722299    35.1285    27.2445 0.0000e+00
       1340    229.051     8.8404   3.722296    35.1286    27.2445 0.0000e+00
       1341    229.050     8.8404   3.722311    35.1288    27.2447 0.0000e+00
       1342    229.040     8.8404   3.722310    35.1288    27.2447 0.0000e+00
       1343    229.026     8.8403   3.722280    35.1285    27.2445 0.0000e+00
       1344    229.021     8.8403   3.722258    35.1283    27.2443 0.0000e+00
       1345    229.029     8.8406   3.722272    35.1282    27.2442 0.0000e+00
       1346    229.041     8.8408   3.722302    35.1283    27.2442 0.0000e+00
       1347    229.046     8.8409   3.722319    35.1284    27.2443 0.0000e+00
       1348    229.041     8.8410   3.722318    35.1282    27.2442 0.0000e+00
       1349    229.032     8.8413   3.722323    35.1280    27.2439 0.0000e+00
       1350    229.034     8.8414   3.722337    35.1281    27.2440 0.0000e+00
       1351    229.049     8.8414   3.722346    35.1281    27.2440 0.0000e+00
       1352    229.066     8.8415   3.722348    35.1281    27.2439 0.0000e+00
       1353    229.074     8.8415   3.722355    35.1281    27.2440 0.0000e+00
       1354    229.067     8.8415   3.722359    35.1282    27.2440 0.0000e+00
       1355    229.050     8.8413   3.722344    35.1282    27.2441 0.0000e+00
       1356    229.041     8.8409   3.722313    35.1283    27.2442 0.0000e+00
       1357    229.050     8.8407   3.722294    35.1283    27.2442 0.0000e+00
       1358    229.074     8.8407   3.722300    35.1283    27.2443 0.0000e+00
       1359    229.093     8.8407   3.722280    35.1281    27.2441 0.0000e+00
       1360    229.096     8.8407   3.722214    35.1274    27.2436 0.0000e+00
       1361    229.095     8.8403   3.722173    35.1274    27.2436 0.0000e+00
       1362    229.107     8.8393   3.722151    35.1281    27.2444 0.0000e+00
       1363    229.132     8.8383   3.722124    35.1288    27.2451 0.0000e+00
       1364    229.147     8.8378   3.722116    35.1292    27.2455 0.0000e+00
       1365    229.144     8.8375   3.722098    35.1293    27.2456 0.0000e+00
       1366    229.137     8.8369   3.722023    35.1292    27.2455 0.0000e+00
       1367    229.142     8.8360   3.721920    35.1290    27.2455 0.0000e+00
       1368    229.154     8.8354   3.721823    35.1285    27.2453 0.0000e+00
       1369    229.158     8.8352   3.721795    35.1284    27.2452 0.0000e+00
       1370    229.150     8.8347   3.721830    35.1293    27.2460 0.0000e+00
       1371    229.145     8.8341   3.721801    35.1296    27.2463 0.0000e+00
       1372    229.153     8.8333   3.721722    35.1295    27.2464 0.0000e+00
       1373    229.165     8.8331   3.721686    35.1294    27.2463 0.0000e+00
       1374    229.172     8.8330   3.721680    35.1294    27.2463 0.0000e+00
       1375    229.178     8.8331   3.721681    35.1293    27.2462 0.0000e+00
       1376    229.186     8.8331   3.721689    35.1294    27.2463 0.0000e+00
       1377    229.191     8.8331   3.721697    35.1295    27.2464 0.0000e+00
       1378    229.190     8.8331   3.721691    35.1294    27.2463 0.0000e+00
       1379    229.192     8.8331   3.721683    35.1293    27.2463 0.0000e+00
       1380    229.203     8.8331   3.721675    35.1292    27.2462 0.0000e+00
       1381    229.213     8.8331   3.721677    35.1292    27.2462 0.0000e+00
       1382    229.212     8.8331   3.721692    35.1294    27.2463 0.0000e+00
       1383    229.204     8.8330   3.721690    35.1295    27.2464 0.0000e+00
       1384    229.197     8.8327   3.721649    35.1293    27.2464 0.0000e+00
       1385    229.202     8.8321   3.721589    35.1293    27.2464 0.0000e+00
       1386    229.220     8.8316   3.721539    35.1293    27.2465 0.0000e+00
       1387    229.238     8.8311   3.721524    35.1296    27.2468 0.0000e+00
       1388    229.245     8.8308   3.721543    35.1301    27.2472 0.0000e+00
       1389    229.240     8.8305   3.721533    35.1303    27.2474 0.0000e+00
       1390    229.235     8.8302   3.721470    35.1299    27.2472 0.0000e+00
       1391    229.243     8.8298   3.721398    35.1296    27.2470 0.0000e+00
       1392    229.261     8.8291   3.721343    35.1297    27.2472 0.0000e+00
       1393    229.283     8.8286   3.721305    35.1297    27.2473 0.0000e+00
       1394    229.298     8.8284   3.721292    35.1298    27.2474 0.0000e+00
       1395    229.298     8.8282   3.721292    35.1300    27.2476 0.0000e+00
       1396    229.288     8.8280   3.721277    35.1300    27.2476 0.0000e+00
       1397    229.288     8.8279   3.721240    35.1297    27.2474 0.0000e+00
       1398    229.308     8.8278   3.721216    35.1296    27.2473 0.0000e+00
       1399    229.336     8.8278   3.721234    35.1298    27.2475 0.0000e+00
       1400    229.349     8.8278   3.721272    35.1302    27.2478 0.0000e+00
       1401    229.345     8.8278   3.721262    35.1301    27.2477 0.0000e+00
       1402    229.343     8.8274   3.721191    35.1297    27.2475 0.0000e+00
       1403    229.353     8.8270   3.721122    35.1294    27.2473 0.0000e+00
       1404    229.372     8.8265   3.721100    35.1296    27.2476 0.0000e+00
       1405    229.383     8.8262   3.721111    35.1300    27.2479 0.0000e+00
       1406    229.378     8.8261   3.721107    35.1301    27.2480 0.0000e+00
       1407    229.369     8.8257   3.721063    35.1300    27.2480 0.0000e+00
       1408    229.370     8.8254   3.721006    35.1297    27.2478 0.0000e+00
       1409    229.385     8.8250   3.720960    35.1296    27.2478 0.0000e+00
       1410    229.411     8.8244   3.720937    35.1300    27.2482 0.0000e+00
       1411    229.434     8.8241   3.720965    35.1305    27.2487 0.0000e+00
       1412    229.437     8.8242   3.721043    35.1313    27.2492 0.0000e+00
       1413    229.420     8.8245   3.721086    35.1314    27.2493 0.0000e+00
       1414    229.397     8.8243   3.721018    35.1309    27.2489 0.0000e+00
       1415    229.385     8.8237   3.720878    35.1301    27.2483 0.0000e+00
       1416    229.398     8.8229   3.720786    35.1299    27.2483 0.0000e+00
       1417    229.428     8.8226   3.720805    35.1304    27.2487 0.0000e+00
       1418    229.454     8.8229   3.720882    35.1309    27.2491 0.0000e+00
       1419    229.467     8.8235   3.720923    35.1307    27.2489 0.0000e+00
       1420    229.474     8.8235   3.720878    35.1302    27.2485 0.0000e+00
       1421    229.484     8.8227   3.720779    35.1300    27.2484 0.0000e+00
       1422    229.498     8.8221   3.720715    35.1299    27.2484 0.0000e+00
       1423    229.505     8.8217   3.720712    35.1302    27.2488 0.0000e+00
       1424    229.498     8.8212   3.720685    35.1304    27.2490 0.0000e+00
       1425    229.491     8.8207   3.720609    35.1301    27.2489 0.0000e+00
       1426    229.502     8.8200   3.720543    35.1301    27.2490 0.0000e+00
       1427    229.522     8.8194   3.720496    35.1302    27.2492 0.0000e+00
       1428    229.536     8.8190   3.720459    35.1302    27.2492 0.0000e+00
       1429    229.543     8.8186   3.720433    35.1303    27.2494 0.0000e+00
       1430    229.545     8.8183   3.720415    35.1304    27.2495 0.0000e+00
       1431    229.544     8.8179   3.720392    35.1306    27.2497 0.0000e+00
       1432    229.543     8.8176   3.720346    35.1304    27.2496 0.0000e+00
       1433    229.547     8.8170   3.720284    35.1304    27.2496 0.0000e+00
       1434    229.559     8.8165   3.720236    35.1303    27.2497 0.0000e+00
       1435    229.571     8.8161   3.720207    35.1304    27.2498 0.0000e+00
