Datasets/Test_Dataset_39219_tow/tel219_2021_045.cnv
* Sea-Bird SBE19plus Data File:
* Filename = C:/AQUIRE/tel219_2021_045.hex
* Software Version AquireV2 AF V2.0
* Temperature SN =  4020
* Conductivity SN =  4020
* System UpLoad Time = May 12 2021 17:14:53
** VESSEL/TRIP/SEQ STN: tel219_2021_045
** LATITUDE: 45 26.41 N
** LONGITUDE: 55 56.77 W
** DATE/TIME: 2021-05-12 16:41
** SOUNDING DEPTH (M): 0048
** PROBE TYPE: S4020
** CTD NUMBER: 045
** FORMAT: T
** COMMENTS: 
# nquan = 7                                 
# nvalues = 2032                        
# units = specified
# name 0 = scan: Scan Count
# name 1 = prdM: Pressure, Strain Gauge [db]
# name 2 = tv290C: Temperature [ITS-90, deg C]
# name 3 = c0S/m: Conductivity [S/m]
# name 4 = sal00: Salinity, Practical [PSU]
# name 5 = sigma-t00: Density [sigma-t, kg/m^3 ]
# name 6 = flag: flag
# span 0 =          1,       2032       
# span 1 =     -0.206,     41.233       
# span 2 =     3.0683,     4.6586       
# span 3 =   0.009635,   2.996053       
# span 4 =     0.0727,    32.3859       
# span 5 =     0.0299,    25.7608       
# span 6 = 0.0000e+00, 0.0000e+00       
# interval = seconds: 1
# start_time = May 12 2021 16:41:27 [Instrument's time stamp, header]
# bad_flag = -9.990e-29
*END*
[from data line 1847]
       1848     -0.163     3.4847   0.055543     0.4611     0.3454 0.0000e+00
       1849     -0.158     3.4844   0.054978     0.4562     0.3415 0.0000e+00
       1850     -0.155     3.4838   0.055520     0.4609     0.3452 0.0000e+00
       1851     -0.153     3.4831   0.055729     0.4627     0.3467 0.0000e+00
       1852     -0.155     3.4824   0.055103     0.4573     0.3423 0.0000e+00
       1853     -0.159     3.4819   0.054000     0.4478     0.3347 0.0000e+00
       1854     -0.157     3.4818   0.052912     0.4384     0.3271 0.0000e+00
       1855     -0.153     3.4820   0.052091     0.4313     0.3214 0.0000e+00
       1856     -0.151     3.4821   0.051408     0.4254     0.3166 0.0000e+00
       1857     -0.152     3.4821   0.050593     0.4184     0.3110 0.0000e+00
       1858     -0.152     3.4823   0.049738     0.4110     0.3050 0.0000e+00
       1859     -0.152     3.4826   0.049111     0.4056     0.3007 0.0000e+00
       1860     -0.151     3.4831   0.048693     0.4020     0.2978 0.0000e+00
       1861     -0.149     3.4834   0.048376     0.3993     0.2956 0.0000e+00
       1862     -0.147     3.4836   0.048177     0.3976     0.2942 0.0000e+00
       1863     -0.148     3.4834   0.048096     0.3969     0.2936 0.0000e+00
       1864     -0.152     3.4833   0.047858     0.3949     0.2920 0.0000e+00
       1865     -0.158     3.4835   0.047122     0.3885     0.2869 0.0000e+00
       1866     -0.160     3.4842   0.046064     0.3795     0.2796 0.0000e+00
       1867     -0.158     3.4853   0.045231     0.3723     0.2738 0.0000e+00
       1868     -0.155     3.4863   0.044795     0.3686     0.2708 0.0000e+00
       1869     -0.151     3.4868   0.044464     0.3657     0.2685 0.0000e+00
       1870     -0.149     3.4868   0.043960     0.3614     0.2650 0.0000e+00
       1871     -0.152     3.4867   0.043193     0.3548     0.2597 0.0000e+00
       1872     -0.155     3.4867   0.042123     0.3457     0.2524 0.0000e+00
       1873     -0.156     3.4867   0.040832     0.3347     0.2435 0.0000e+00
       1874     -0.159     3.4869   0.039645     0.3246     0.2353 0.0000e+00
       1875     -0.160     3.4874   0.038831     0.3176     0.2297 0.0000e+00
       1876     -0.158     3.4878   0.038312     0.3132     0.2262 0.0000e+00
       1877     -0.157     3.4882   0.037816     0.3090     0.2228 0.0000e+00
       1878     -0.157     3.4884   0.037232     0.3040     0.2188 0.0000e+00
       1879     -0.154     3.4885   0.036774     0.3002     0.2156 0.0000e+00
       1880     -0.151     3.4886   0.036678     0.2993     0.2150 0.0000e+00
       1881     -0.152     3.4888   0.036723     0.2997     0.2153 0.0000e+00
       1882     -0.154     3.4894   0.036395     0.2969     0.2130 0.0000e+00
       1883     -0.154     3.4905   0.035659     0.2907     0.2080 0.0000e+00
       1884     -0.154     3.4918   0.035115     0.2861     0.2043 0.0000e+00
       1885     -0.154     3.4926   0.035301     0.2876     0.2056 0.0000e+00
       1886     -0.153     3.4929   0.036574     0.2984     0.2143 0.0000e+00
       1887     -0.153     3.4930   0.038535     0.3151     0.2277 0.0000e+00
       1888     -0.156     3.4931   0.039772     0.3256     0.2362 0.0000e+00
       1889     -0.159     3.4932   0.039897     0.3267     0.2370 0.0000e+00
       1890     -0.158     3.4937   0.039792     0.3258     0.2363 0.0000e+00
       1891     -0.156     3.4949   0.039877     0.3265     0.2369 0.0000e+00
       1892     -0.154     3.4965   0.040125     0.3286     0.2386 0.0000e+00
       1893     -0.152     3.4977   0.040559     0.3323     0.2416 0.0000e+00
       1894     -0.151     3.4981   0.041040     0.3363     0.2449 0.0000e+00
       1895     -0.152     3.4980   0.041179     0.3375     0.2459 0.0000e+00
       1896     -0.152     3.4977   0.040744     0.3338     0.2429 0.0000e+00
       1897     -0.152     3.4975   0.039931     0.3269     0.2373 0.0000e+00
       1898     -0.151     3.4974   0.039008     0.3191     0.2309 0.0000e+00
       1899     -0.153     3.4977   0.038013     0.3106     0.2241 0.0000e+00
       1900     -0.154     3.4986   0.036986     0.3019     0.2171 0.0000e+00
       1901     -0.153     3.4999   0.036163     0.2949     0.2114 0.0000e+00
       1902     -0.156     3.5010   0.035702     0.2910     0.2083 0.0000e+00
       1903     -0.159     3.5016   0.035420     0.2886     0.2064 0.0000e+00
       1904     -0.158     3.5016   0.035116     0.2860     0.2043 0.0000e+00
       1905     -0.156     3.5013   0.035201     0.2867     0.2049 0.0000e+00
       1906     -0.155     3.5008   0.035930     0.2929     0.2099 0.0000e+00
       1907     -0.153     3.5004   0.036749     0.2998     0.2155 0.0000e+00
       1908     -0.154     3.5003   0.037575     0.3068     0.2211 0.0000e+00
       1909     -0.158     3.5003   0.038475     0.3145     0.2273 0.0000e+00
       1910     -0.159     3.5004   0.039492     0.3231     0.2343 0.0000e+00
       1911     -0.158     3.5008   0.041522     0.3404     0.2482 0.0000e+00
       1912     -0.156     3.5012   0.043503     0.3573     0.2618 0.0000e+00
       1913     -0.153     3.5016   0.043871     0.3605     0.2644 0.0000e+00
       1914     -0.150     3.5024   0.044773     0.3682     0.2706 0.0000e+00
       1915     -0.149     3.5042   0.046012     0.3788     0.2792 0.0000e+00
       1916     -0.151     3.5059   0.044299     0.3641     0.2673 0.0000e+00
       1917     -0.153     3.5066   0.040867     0.3348     0.2437 0.0000e+00
       1918     -0.152     3.5067   0.038387     0.3137     0.2267 0.0000e+00
       1919     -0.151     3.5067   0.036610     0.2986     0.2145 0.0000e+00
       1920     -0.153     3.5067   0.034849     0.2837     0.2025 0.0000e+00
       1921     -0.154     3.5068   0.033127     0.2691     0.1907 0.0000e+00
       1922     -0.155     3.5070   0.031623     0.2564     0.1805 0.0000e+00
       1923     -0.154     3.5075   0.030441     0.2465     0.1724 0.0000e+00
       1924     -0.153     3.5080   0.029571     0.2392     0.1665 0.0000e+00
       1925     -0.150     3.5087   0.028927     0.2338     0.1622 0.0000e+00
       1926     -0.146     3.5092   0.028413     0.2295     0.1587 0.0000e+00
       1927     -0.146     3.5095   0.028016     0.2261     0.1560 0.0000e+00
       1928     -0.151     3.5095   0.027808     0.2244     0.1546 0.0000e+00
       1929     -0.153     3.5095   0.027659     0.2231     0.1536 0.0000e+00
       1930     -0.151     3.5096   0.027250     0.2197     0.1508 0.0000e+00
       1931     -0.151     3.5099   0.026604     0.2143     0.1465 0.0000e+00
       1932     -0.154     3.5104   0.026039     0.2096     0.1427 0.0000e+00
       1933     -0.158     3.5110   0.025797     0.2075     0.1410 0.0000e+00
       1934     -0.159     3.5114   0.025893     0.2083     0.1417 0.0000e+00
       1935     -0.157     3.5116   0.026040     0.2096     0.1427 0.0000e+00
       1936     -0.156     3.5118   0.025934     0.2087     0.1420 0.0000e+00
       1937     -0.158     3.5119   0.025557     0.2055     0.1394 0.0000e+00
       1938     -0.162     3.5122   0.025075     0.2015     0.1362 0.0000e+00
       1939     -0.164     3.5126   0.024666     0.1981     0.1334 0.0000e+00
       1940     -0.165     3.5130   0.024395     0.1958     0.1316 0.0000e+00
       1941     -0.163     3.5134   0.024225     0.1944     0.1304 0.0000e+00
       1942     -0.159     3.5139   0.024108     0.1934     0.1297 0.0000e+00
       1943     -0.157     3.5144   0.023974     0.1923     0.1288 0.0000e+00
       1944     -0.158     3.5148   0.023744     0.1904     0.1272 0.0000e+00
       1945     -0.160     3.5152   0.023506     0.1884     0.1256 0.0000e+00
       1946     -0.163     3.5155   0.023417     0.1877     0.1250 0.0000e+00
       1947     -0.163     3.5157   0.023398     0.1875     0.1249 0.0000e+00
       1948     -0.161     3.5160   0.023209     0.1860     0.1236 0.0000e+00
       1949     -0.161     3.5166   0.022867     0.1831     0.1213 0.0000e+00
       1950     -0.159     3.5170   0.023339     0.1870     0.1245 0.0000e+00
       1951     -0.155     3.5176   0.027037     0.2179     0.1494 0.0000e+00
       1952     -0.152     3.5183   0.036483     0.2974     0.2136 0.0000e+00
       1953     -0.149     3.5190   0.047686     0.3930     0.2907 0.0000e+00
       1954     -0.144     3.5196   0.051665     0.4272     0.3183 0.0000e+00
       1955     -0.142     3.5204   0.048926     0.4036     0.2993 0.0000e+00
       1956     -0.141     3.5214   0.047054     0.3875     0.2863 0.0000e+00
       1957     -0.139     3.5227   0.047108     0.3880     0.2867 0.0000e+00
       1958     -0.141     3.5241   0.045400     0.3733     0.2749 0.0000e+00
       1959     -0.143     3.5251   0.041195     0.3374     0.2459 0.0000e+00
       1960     -0.143     3.5258   0.036883     0.3007     0.2164 0.0000e+00
       1961     -0.147     3.5266   0.033858     0.2751     0.1957 0.0000e+00
       1962     -0.153     3.5274   0.031462     0.2549     0.1794 0.0000e+00
       1963     -0.155     3.5279   0.029055     0.2347     0.1631 0.0000e+00
       1964     -0.153     3.5285   0.026912     0.2168     0.1486 0.0000e+00
       1965     -0.150     3.5289   0.025199     0.2025     0.1370 0.0000e+00
       1966     -0.149     3.5293   0.023778     0.1906     0.1275 0.0000e+00
       1967     -0.150     3.5297   0.022592     0.1808     0.1195 0.0000e+00
       1968     -0.154     3.5299   0.021567     0.1723     0.1127 0.0000e+00
       1969     -0.157     3.5303   0.020676     0.1649     0.1067 0.0000e+00
       1970     -0.158     3.5305   0.019943     0.1588     0.1018 0.0000e+00
       1971     -0.156     3.5308   0.019298     0.1535     0.0975 0.0000e+00
       1972     -0.155     3.5309   0.018771     0.1492     0.0940 0.0000e+00
       1973     -0.156     3.5311   0.018445     0.1465     0.0918 0.0000e+00
       1974     -0.158     3.5311   0.018128     0.1439     0.0897 0.0000e+00
       1975     -0.158     3.5312   0.017650     0.1399     0.0865 0.0000e+00
       1976     -0.156     3.5313   0.017086     0.1353     0.0828 0.0000e+00
       1977     -0.155     3.5317   0.016582     0.1312     0.0795 0.0000e+00
       1978     -0.155     3.5323   0.016194     0.1280     0.0769 0.0000e+00
       1979     -0.155     3.5328   0.015888     0.1255     0.0749 0.0000e+00
       1980     -0.154     3.5331   0.015592     0.1230     0.0729 0.0000e+00
       1981     -0.155     3.5332   0.015203     0.1199     0.0703 0.0000e+00
       1982     -0.158     3.5332   0.014730     0.1160     0.0672 0.0000e+00
       1983     -0.161     3.5334   0.014355     0.1129     0.0647 0.0000e+00
       1984     -0.162     3.5337   0.014144     0.1112     0.0634 0.0000e+00
       1985     -0.163     3.5342   0.013969     0.1098     0.0622 0.0000e+00
       1986     -0.165     3.5347   0.013752     0.1080     0.0608 0.0000e+00
       1987     -0.168     3.5350   0.013515     0.1061     0.0592 0.0000e+00
       1988     -0.169     3.5351   0.013293     0.1043     0.0578 0.0000e+00
       1989     -0.170     3.5352   0.013101     0.1027     0.0565 0.0000e+00
       1990     -0.173     3.5355   0.012959     0.1016     0.0556 0.0000e+00
       1991     -0.172     3.5358   0.012855     0.1007     0.0549 0.0000e+00
       1992     -0.164     3.5363   0.012763     0.1000     0.0543 0.0000e+00
       1993     -0.159     3.5370   0.012653     0.0991     0.0536 0.0000e+00
       1994     -0.160     3.5377   0.012521     0.0980     0.0527 0.0000e+00
       1995     -0.164     3.5384   0.012392     0.0970     0.0519 0.0000e+00
       1996     -0.165     3.5389   0.012295     0.0962     0.0512 0.0000e+00
       1997     -0.165     3.5391   0.012222     0.0956     0.0508 0.0000e+00
       1998     -0.164     3.5394   0.012162     0.0951     0.0504 0.0000e+00
       1999     -0.162     3.5400   0.012100     0.0946     0.0500 0.0000e+00
       2000     -0.160     3.5414   0.012031     0.0940     0.0495 0.0000e+00
       2001     -0.161     3.5435   0.011959     0.0934     0.0491 0.0000e+00
       2002     -0.161     3.5461   0.011891     0.0929     0.0486 0.0000e+00
       2003     -0.158     3.5486   0.011830     0.0924     0.0482 0.0000e+00
       2004     -0.154     3.5502   0.011767     0.0919     0.0478 0.0000e+00
       2005     -0.153     3.5507   0.011700     0.0913     0.0474 0.0000e+00
       2006     -0.154     3.5505   0.011633     0.0908     0.0470 0.0000e+00
       2007     -0.154     3.5501   0.011569     0.0903     0.0465 0.0000e+00
       2008     -0.153     3.5499   0.011511     0.0898     0.0462 0.0000e+00
       2009     -0.154     3.5497   0.011466     0.0894     0.0459 0.0000e+00
       2010     -0.159     3.5496   0.011431     0.0892     0.0456 0.0000e+00
       2011     -0.164     3.5498   0.011403     0.0889     0.0454 0.0000e+00
       2012     -0.165     3.5507   0.011370     0.0887     0.0452 0.0000e+00
       2013     -0.164     3.5524   0.011319     0.0883     0.0449 0.0000e+00
       2014     -0.166     3.5539   0.011257     0.0877     0.0445 0.0000e+00
       2015     -0.171     3.5545   0.011194     0.0872     0.0441 0.0000e+00
       2016     -0.171     3.5541   0.011137     0.0868     0.0437 0.0000e+00
       2017     -0.167     3.5534   0.011096     0.0865     0.0435 0.0000e+00
       2018     -0.165     3.5528   0.011073     0.0863     0.0433 0.0000e+00
       2019     -0.164     3.5527   0.011063     0.0862     0.0432 0.0000e+00
       2020     -0.163     3.5531   0.011048     0.0861     0.0431 0.0000e+00
       2021     -0.161     3.5538   0.011013     0.0858     0.0429 0.0000e+00
       2022     -0.160     3.5546   0.010959     0.0853     0.0426 0.0000e+00
       2023     -0.163     3.5550   0.010900     0.0849     0.0422 0.0000e+00
       2024     -0.166     3.5548   0.010844     0.0844     0.0418 0.0000e+00
       2025     -0.164     3.5541   0.010799     0.0841     0.0415 0.0000e+00
       2026     -0.161     3.5537   0.010783     0.0839     0.0414 0.0000e+00
       2027     -0.164     3.5537   0.010793     0.0840     0.0415 0.0000e+00
       2028     -0.170     3.5540   0.010795     0.0840     0.0415 0.0000e+00
       2029     -0.172     3.5543   0.010758     0.0837     0.0413 0.0000e+00
       2030     -0.170     3.5547   0.010691     0.0832     0.0408 0.0000e+00
       2031     -0.167     3.5550   0.010641     0.0828     0.0405 0.0000e+00
       2032     -0.166 -9.990e-29   0.010622 -9.990e-29 -9.990e-29 0.0000e+00
