Datasets/Test_Dataset_39219_tow/tel219_2021_020.cnv
* Sea-Bird SBE19plus Data File:
* Filename = C:/AQUIRE/tel219_2021_020.hex
* Software Version AquireV2 AF V2.0
* Temperature SN =  4020
* Conductivity SN =  4020
* System UpLoad Time = May 08 2021 00:00:30
** VESSEL/TRIP/SEQ STN: tel219_2021_020
** LATITUDE: 47 01.65 N
** LONGITUDE: 56 55.69 W
** DATE/TIME: 2021-05-07 23:06
** SOUNDING DEPTH (M): 0237
** PROBE TYPE: S4020
** CTD NUMBER:  20
** FORMAT: t
** COMMENTS: 
# nquan = 7                                 
# nvalues = 3272                        
# units = specified
# name 0 = scan: Scan Count
# name 1 = prdM: Pressure, Strain Gauge [db]
# name 2 = tv290C: Temperature [ITS-90, deg C]
# name 3 = c0S/m: Conductivity [S/m]
# name 4 = sal00: Salinity, Practical [PSU]
# name 5 = sigma-t00: Density [sigma-t, kg/m^3 ]
# name 6 = flag: flag
# span 0 =          1,       3272       
# span 1 =     -0.685,    239.822       
# span 2 =     1.3390,     8.6228       
# span 3 =   0.007638,   3.683621       
# span 4 =     0.0590,    35.0031       
# span 5 =     0.0195,    27.2114       
# span 6 = 0.0000e+00, 0.0000e+00       
# interval = seconds: 1
# start_time = May 07 2021 23:06:44 [Instrument's time stamp, header]
# bad_flag = -9.990e-29
*END*
[from data line 1026]
       1027    144.596     3.3367   3.044128    33.0858    26.3271 0.0000e+00
       1028    145.198     3.3594   3.046909    33.0958    26.3329 0.0000e+00
       1029    145.800     3.3777   3.048902    33.1007    26.3352 0.0000e+00
       1030    146.398     3.3940   3.050602    33.1042    26.3364 0.0000e+00
       1031    146.991     3.4121   3.052759    33.1113    26.3404 0.0000e+00
       1032    147.586     3.4325   3.055352    33.1213    26.3465 0.0000e+00
       1033    148.183     3.4522   3.057861    33.1310    26.3524 0.0000e+00
       1034    148.781     3.4710   3.060195    33.1395    26.3574 0.0000e+00
       1035    149.378     3.4911   3.062650    33.1480    26.3624 0.0000e+00
       1036    149.970     3.5144   3.065430    33.1573    26.3675 0.0000e+00
       1037    150.560     3.5429   3.068863    33.1690    26.3741 0.0000e+00
       1038    151.158     3.5758   3.072979    33.1843    26.3833 0.0000e+00
       1039    151.761     3.6069   3.076793    33.1979    26.3911 0.0000e+00
       1040    152.363     3.6322   3.079617    33.2055    26.3947 0.0000e+00
       1041    152.962     3.6528   3.081951    33.2120    26.3980 0.0000e+00
       1042    153.563     3.6706   3.084022    33.2183    26.4012 0.0000e+00
       1043    154.166     3.6908   3.086345    33.2251    26.4047 0.0000e+00
       1044    154.765     3.7327   3.091185    33.2397    26.4123 0.0000e+00
       1045    155.362     3.8144   3.101538    33.2793    26.4359 0.0000e+00
       1046    155.961     3.9203   3.115267    33.3341    26.4690 0.0000e+00
       1047    156.565     4.0191   3.126461    33.3657    26.4842 0.0000e+00
       1048    157.171     4.1098   3.136451    33.3910    26.4952 0.0000e+00
       1049    157.777     4.2016   3.147845    33.4316    26.5180 0.0000e+00
       1050    158.377     4.2841   3.157587    33.4620    26.5336 0.0000e+00
       1051    158.971     4.3531   3.165287    33.4819    26.5422 0.0000e+00
       1052    159.568     4.4165   3.172663    33.5036    26.5528 0.0000e+00
       1053    160.170     4.4734   3.179273    33.5229    26.5620 0.0000e+00
       1054    160.772     4.5272   3.185191    33.5371    26.5676 0.0000e+00
       1055    161.373     4.6006   3.193394    33.5580    26.5763 0.0000e+00
       1056    161.978     4.7122   3.207203    33.6053    26.6016 0.0000e+00
       1057    162.593     4.8408   3.223549    33.6643    26.6342 0.0000e+00
       1058    163.215     4.9470   3.235952    33.6999    26.6505 0.0000e+00
       1059    163.841     5.0237   3.244153    33.7166    26.6551 0.0000e+00
       1060    164.475     5.0901   3.251651    33.7356    26.6625 0.0000e+00
       1061    165.116     5.1593   3.259997    33.7613    26.6750 0.0000e+00
       1062    165.764     5.2336   3.269150    33.7910    26.6899 0.0000e+00
       1063    166.419     5.3141   3.278836    33.8203    26.7037 0.0000e+00
       1064    167.079     5.3985   3.288950    33.8505    26.7176 0.0000e+00
       1065    167.737     5.4724   3.297840    33.8770    26.7299 0.0000e+00
       1066    168.379     5.5216   3.303515    33.8918    26.7356 0.0000e+00
       1067    168.997     5.5521   3.306838    33.8985    26.7373 0.0000e+00
       1068    169.595     5.5786   3.309813    33.9054    26.7395 0.0000e+00
       1069    170.174     5.6096   3.313864    33.9199    26.7473 0.0000e+00
       1070    170.741     5.6497   3.319336    33.9413    26.7594 0.0000e+00
       1071    171.304     5.7036   3.325967    33.9620    26.7692 0.0000e+00
       1072    171.862     5.7768   3.334582    33.9856    26.7788 0.0000e+00
       1073    172.407     5.8642   3.344703    34.0118    26.7887 0.0000e+00
       1074    172.936     5.9499   3.354479    34.0356    26.7969 0.0000e+00
       1075    173.449     6.0282   3.363735    34.0609    26.8070 0.0000e+00
       1076    173.946     6.0964   3.372045    34.0855    26.8178 0.0000e+00
       1077    174.433     6.1450   3.377741    34.1004    26.8234 0.0000e+00
       1078    174.912     6.1749   3.380907    34.1056    26.8237 0.0000e+00
       1079    175.380     6.1968   3.383002    34.1069    26.8219 0.0000e+00
       1080    175.832     6.2153   3.384666    34.1067    26.8194 0.0000e+00
       1081    176.259     6.2324   3.386654    34.1116    26.8210 0.0000e+00
       1082    176.661     6.2539   3.389842    34.1255    26.8292 0.0000e+00
       1083    177.047     6.2835   3.394253    34.1450    26.8408 0.0000e+00
       1084    177.423     6.3153   3.398668    34.1622    26.8503 0.0000e+00
       1085    177.777     6.3381   3.400910    34.1642    26.8489 0.0000e+00
       1086    178.101     6.3499   3.400924    34.1524    26.8380 0.0000e+00
       1087    178.398     6.3651   3.401924    34.1482    26.8327 0.0000e+00
       1088    178.679     6.3964   3.406480    34.1675    26.8439 0.0000e+00
       1089    178.955     6.4387   3.413160    34.1994    26.8635 0.0000e+00
       1090    179.233     6.4775   3.418575    34.2206    26.8752 0.0000e+00
       1091    179.506     6.5086   3.421829    34.2255    26.8749 0.0000e+00
       1092    179.760     6.5378   3.424532    34.2262    26.8716 0.0000e+00
       1093    179.988     6.5631   3.427003    34.2282    26.8698 0.0000e+00
       1094    180.194     6.5776   3.428518    34.2304    26.8696 0.0000e+00
       1095    180.384     6.5849   3.429860    34.2379    26.8746 0.0000e+00
       1096    180.562     6.5942   3.431496    34.2466    26.8802 0.0000e+00
       1097    180.734     6.6055   3.432564    34.2471    26.8791 0.0000e+00
       1098    180.899     6.6137   3.432781    34.2412    26.8734 0.0000e+00
       1099    181.049     6.6197   3.432944    34.2369    26.8692 0.0000e+00
       1100    181.186     6.6300   3.433911    34.2373    26.8681 0.0000e+00
       1101    181.319     6.6505   3.436084    34.2408    26.8681 0.0000e+00
       1102    181.453     6.6821   3.439719    34.2494    26.8707 0.0000e+00
       1103    181.589     6.7230   3.444963    34.2665    26.8786 0.0000e+00
       1104    181.728     6.7664   3.450523    34.2845    26.8870 0.0000e+00
       1105    181.867     6.8008   3.454218    34.2909    26.8874 0.0000e+00
       1106    182.003     6.8215   3.455874    34.2884    26.8826 0.0000e+00
       1107    182.139     6.8326   3.456936    34.2890    26.8816 0.0000e+00
       1108    182.269     6.8402   3.458204    34.2953    26.8855 0.0000e+00
       1109    182.394     6.8467   3.459442    34.3024    26.8902 0.0000e+00
       1110    182.523     6.8511   3.460418    34.3087    26.8946 0.0000e+00
       1111    182.660     6.8541   3.461175    34.3140    26.8983 0.0000e+00
       1112    182.804     6.8574   3.461758    34.3170    26.9003 0.0000e+00
       1113    182.950     6.8609   3.462084    34.3171    26.8998 0.0000e+00
       1114    183.093     6.8632   3.462106    34.3149    26.8979 0.0000e+00
       1115    183.235     6.8642   3.462230    34.3152    26.8980 0.0000e+00
       1116    183.382     6.8659   3.462817    34.3199    26.9014 0.0000e+00
       1117    183.536     6.8691   3.463613    34.3254    26.9053 0.0000e+00
       1118    183.697     6.8728   3.464141    34.3275    26.9064 0.0000e+00
       1119    183.864     6.8782   3.464663    34.3278    26.9059 0.0000e+00
       1120    184.032     6.8864   3.465471    34.3284    26.9053 0.0000e+00
       1121    184.193     6.8958   3.466446    34.3297    26.9050 0.0000e+00
       1122    184.347     6.9045   3.467587    34.3335    26.9068 0.0000e+00
       1123    184.510     6.9123   3.468728    34.3382    26.9094 0.0000e+00
       1124    184.688     6.9226   3.469967    34.3414    26.9106 0.0000e+00
       1125    184.879     6.9371   3.471624    34.3451    26.9115 0.0000e+00
       1126    185.077     6.9516   3.473422    34.3503    26.9136 0.0000e+00
       1127    185.278     6.9614   3.474626    34.3537    26.9149 0.0000e+00
       1128    185.476     6.9668   3.475086    34.3532    26.9138 0.0000e+00
       1129    185.672     6.9706   3.475433    34.3532    26.9133 0.0000e+00
       1130    185.866     6.9752   3.476046    34.3552    26.9143 0.0000e+00
       1131    186.063     6.9823   3.476925    34.3577    26.9152 0.0000e+00
       1132    186.270     6.9952   3.478448    34.3615    26.9164 0.0000e+00
       1133    186.489     7.0172   3.481363    34.3714    26.9212 0.0000e+00
       1134    186.718     7.0429   3.484869    34.3842    26.9277 0.0000e+00
       1135    186.955     7.0614   3.486976    34.3887    26.9287 0.0000e+00
       1136    187.197     7.0692   3.487697    34.3887    26.9277 0.0000e+00
       1137    187.440     7.0720   3.488148    34.3908    26.9289 0.0000e+00
       1138    187.681     7.0743   3.488585    34.3931    26.9304 0.0000e+00
       1139    187.921     7.0759   3.488806    34.3938    26.9308 0.0000e+00
       1140    188.155     7.0749   3.488729    34.3939    26.9309 0.0000e+00
       1141    188.381     7.0720   3.488555    34.3948    26.9320 0.0000e+00
       1142    188.615     7.0697   3.488517    34.3965    26.9337 0.0000e+00
       1143    188.868     7.0680   3.488599    34.3990    26.9359 0.0000e+00
       1144    189.145     7.0632   3.488267    34.4000    26.9374 0.0000e+00
       1145    189.437     7.0541   3.487265    34.3979    26.9370 0.0000e+00
       1146    189.727     7.0470   3.486318    34.3945    26.9353 0.0000e+00
       1147    189.999     7.0471   3.486285    34.3939    26.9348 0.0000e+00
       1148    190.255     7.0506   3.486910    34.3971    26.9369 0.0000e+00
       1149    190.506     7.0476   3.486808    34.3989    26.9387 0.0000e+00
       1150    190.764     7.0365   3.485652    34.3971    26.9388 0.0000e+00
       1151    191.040     7.0256   3.484645    34.3968    26.9401 0.0000e+00
       1152    191.335     7.0208   3.484374    34.3985    26.9421 0.0000e+00
       1153    191.642     7.0217   3.484681    34.4008    26.9438 0.0000e+00
       1154    191.947     7.0254   3.485293    34.4037    26.9455 0.0000e+00
       1155    192.250     7.0290   3.485815    34.4057    26.9466 0.0000e+00
       1156    192.550     7.0317   3.486142    34.4064    26.9468 0.0000e+00
       1157    192.841     7.0347   3.486458    34.4068    26.9466 0.0000e+00
       1158    193.127     7.0402   3.487112    34.4083    26.9471 0.0000e+00
       1159    193.418     7.0489   3.488333    34.4129    26.9495 0.0000e+00
       1160    193.722     7.0595   3.489773    34.4180    26.9520 0.0000e+00
       1161    194.042     7.0700   3.491065    34.4215    26.9533 0.0000e+00
       1162    194.374     7.0793   3.492203    34.4245    26.9544 0.0000e+00
       1163    194.706     7.0860   3.492928    34.4256    26.9544 0.0000e+00
       1164    195.027     7.0892   3.493177    34.4250    26.9534 0.0000e+00
       1165    195.333     7.0904   3.493338    34.4254    26.9536 0.0000e+00
       1166    195.636     7.0917   3.493665    34.4276    26.9551 0.0000e+00
       1167    195.949     7.0942   3.494125    34.4299    26.9566 0.0000e+00
       1168    196.277     7.0983   3.494696    34.4320    26.9577 0.0000e+00
       1169    196.618     7.1072   3.495740    34.4343    26.9583 0.0000e+00
       1170    196.961     7.1233   3.497677    34.4393    26.9600 0.0000e+00
       1171    197.290     7.1413   3.499835    34.4448    26.9618 0.0000e+00
       1172    197.597     7.1529   3.501079    34.4467    26.9617 0.0000e+00
       1173    197.887     7.1577   3.501600    34.4475    26.9616 0.0000e+00
       1174    198.182     7.1599   3.502073    34.4504    26.9636 0.0000e+00
       1175    198.505     7.1628   3.502662    34.4537    26.9658 0.0000e+00
       1176    198.866     7.1686   3.503567    34.4577    26.9681 0.0000e+00
       1177    199.250     7.1769   3.504774    34.4624    26.9707 0.0000e+00
       1178    199.638     7.1845   3.505779    34.4656    26.9721 0.0000e+00
       1179    200.021     7.1885   3.506265    34.4668    26.9725 0.0000e+00
       1180    200.399     7.1868   3.506251    34.4681    26.9738 0.0000e+00
       1181    200.780     7.1767   3.505380    34.4685    26.9755 0.0000e+00
       1182    201.169     7.1607   3.503816    34.4672    26.9767 0.0000e+00
       1183    201.559     7.1460   3.502664    34.4690    26.9802 0.0000e+00
       1184    201.944     7.1342   3.501902    34.4723    26.9844 0.0000e+00
       1185    202.328     7.1236   3.501095    34.4738    26.9871 0.0000e+00
       1186    202.719     7.1177   3.500872    34.4771    26.9905 0.0000e+00
       1187    203.119     7.1192   3.501481    34.4821    26.9942 0.0000e+00
       1188    203.527     7.1250   3.502370    34.4858    26.9963 0.0000e+00
       1189    203.940     7.1318   3.503211    34.4880    26.9971 0.0000e+00
       1190    204.353     7.1397   3.504088    34.4895    26.9972 0.0000e+00
       1191    204.760     7.1503   3.505179    34.4907    26.9967 0.0000e+00
       1192    205.157     7.1658   3.506748    34.4922    26.9957 0.0000e+00
       1193    205.548     7.1886   3.509184    34.4959    26.9954 0.0000e+00
       1194    205.942     7.2179   3.512520    34.5029    26.9968 0.0000e+00
       1195    206.343     7.2520   3.516419    34.5113    26.9986 0.0000e+00
       1196    206.752     7.2916   3.520924    34.5208    27.0005 0.0000e+00
       1197    207.167     7.3339   3.525703    34.5305    27.0021 0.0000e+00
       1198    207.577     7.3744   3.529872    34.5354    27.0002 0.0000e+00
       1199    207.977     7.4157   3.534098    34.5400    26.9980 0.0000e+00
       1200    208.374     7.4635   3.539364    34.5495    26.9986 0.0000e+00
       1201    208.773     7.5252   3.545680    34.5565    26.9952 0.0000e+00
       1202    209.171     7.6193   3.555842    34.5729    26.9944 0.0000e+00
       1203    209.572     7.7474   3.570950    34.6087    27.0039 0.0000e+00
       1204    209.983     7.8712   3.585135    34.6386    27.0091 0.0000e+00
       1205    210.403     7.9602   3.594858    34.6547    27.0086 0.0000e+00
       1206    210.825     8.0233   3.601808    34.6665    27.0085 0.0000e+00
       1207    211.243     8.0840   3.608292    34.6757    27.0066 0.0000e+00
       1208    211.648     8.1530   3.616418    34.6942    27.0107 0.0000e+00
       1209    212.039     8.2194   3.625133    34.7215    27.0220 0.0000e+00
       1210    212.430     8.2682   3.631745    34.7435    27.0319 0.0000e+00
       1211    212.830     8.2985   3.636009    34.7588    27.0393 0.0000e+00
       1212    213.242     8.3168   3.638781    34.7701    27.0453 0.0000e+00
       1213    213.659     8.3282   3.640842    34.7805    27.0517 0.0000e+00
       1214    214.070     8.3382   3.642722    34.7905    27.0580 0.0000e+00
       1215    214.466     8.3527   3.644611    34.7961    27.0601 0.0000e+00
       1216    214.846     8.3743   3.647301    34.8031    27.0624 0.0000e+00
       1217    215.220     8.4000   3.651031    34.8172    27.0695 0.0000e+00
       1218    215.602     8.4234   3.654775    34.8337    27.0788 0.0000e+00
       1219    216.000     8.4419   3.657633    34.8455    27.0852 0.0000e+00
       1220    216.405     8.4543   3.659244    34.8502    27.0870 0.0000e+00
       1221    216.802     8.4589   3.659784    34.8512    27.0870 0.0000e+00
       1222    217.185     8.4576   3.659927    34.8538    27.0893 0.0000e+00
       1223    217.563     8.4553   3.660309    34.8600    27.0945 0.0000e+00
       1224    217.941     8.4552   3.661104    34.8683    27.1010 0.0000e+00
       1225    218.322     8.4581   3.662199    34.8769    27.1073 0.0000e+00
       1226    218.704     8.4621   3.663145    34.8828    27.1113 0.0000e+00
       1227    219.080     8.4639   3.663434    34.8839    27.1119 0.0000e+00
       1228    219.449     8.4621   3.663233    34.8834    27.1118 0.0000e+00
       1229    219.816     8.4584   3.663070    34.8851    27.1137 0.0000e+00
       1230    220.188     8.4558   3.663136    34.8882    27.1165 0.0000e+00
