Datasets/Test_Dataset_39219_tow/tel219_2021_014.cnv
* Sea-Bird SBE19plus Data File:
* Filename = C:/AQUIRE/tel219_2021_014.hex
* Software Version AquireV2 AF V2.0
* Temperature SN =  4020
* Conductivity SN =  4020
* System UpLoad Time = May 07 2021 09:10:48
** VESSEL/TRIP/SEQ STN: tel219_2021_014
** LATITUDE: 46 16.39 N
** LONGITUDE: 56 35.40 W
** DATE/TIME: 2021-05-07 08:26
** SOUNDING DEPTH (M): 0055
** PROBE TYPE: S4020
** CTD NUMBER:  14
** FORMAT: T
** COMMENTS: 
# nquan = 7                                 
# nvalues = 2708                        
# units = specified
# name 0 = scan: Scan Count
# name 1 = prdM: Pressure, Strain Gauge [db]
# name 2 = tv290C: Temperature [ITS-90, deg C]
# name 3 = c0S/m: Conductivity [S/m]
# name 4 = sal00: Salinity, Practical [PSU]
# name 5 = sigma-t00: Density [sigma-t, kg/m^3 ]
# name 6 = flag: flag
# span 0 =          1,       2708       
# span 1 =     -0.234,     51.018       
# span 2 =     2.2531,     3.8942       
# span 3 =   0.003228,   2.940870       
# span 4 =     0.0241,    32.0712       
# span 5 =    -0.0058,    25.6051       
# span 6 = 0.0000e+00, 0.0000e+00       
# interval = seconds: 1
# start_time = May 07 2021 08:26:44 [Instrument's time stamp, header]
# bad_flag = -9.990e-29
*END*
[from data line 206]
        207     -0.204     3.8259   0.003288     0.0245    -0.0054 0.0000e+00
        208     -0.204     3.8261   0.003287     0.0245    -0.0054 0.0000e+00
        209     -0.202     3.8263   0.003289     0.0245    -0.0054 0.0000e+00
        210     -0.200     3.8265   0.003293     0.0246    -0.0053 0.0000e+00
        211     -0.199     3.8268   0.003291     0.0246    -0.0054 0.0000e+00
        212     -0.196     3.8270   0.003288     0.0245    -0.0054 0.0000e+00
        213     -0.193     3.8274   0.003289     0.0245    -0.0054 0.0000e+00
        214     -0.192     3.8278   0.003291     0.0246    -0.0054 0.0000e+00
        215     -0.194     3.8283   0.003295     0.0246    -0.0053 0.0000e+00
        216     -0.197     3.8285   0.003296     0.0246    -0.0053 0.0000e+00
        217     -0.195     3.8286   0.003296     0.0246    -0.0053 0.0000e+00
        218     -0.195     3.8289   0.003295     0.0246    -0.0053 0.0000e+00
        219     -0.197     3.8291   0.003296     0.0246    -0.0053 0.0000e+00
        220     -0.198     3.8293   0.003297     0.0246    -0.0053 0.0000e+00
        221     -0.199     3.8295   0.003299     0.0246    -0.0053 0.0000e+00
        222     -0.198     3.8299   0.003300     0.0246    -0.0053 0.0000e+00
        223     -0.196     3.8304   0.003299     0.0246    -0.0053 0.0000e+00
        224     -0.194     3.8307   0.003298     0.0246    -0.0053 0.0000e+00
        225     -0.193     3.8308   0.003298     0.0246    -0.0053 0.0000e+00
        226     -0.194     3.8312   0.003299     0.0246    -0.0053 0.0000e+00
        227     -0.196     3.8316   0.003304     0.0247    -0.0053 0.0000e+00
        228     -0.198     3.8319   0.003308     0.0247    -0.0052 0.0000e+00
        229     -0.198     3.8321   0.003307     0.0247    -0.0052 0.0000e+00
        230     -0.197     3.8324   0.003306     0.0247    -0.0053 0.0000e+00
        231     -0.195     3.8326   0.003307     0.0247    -0.0052 0.0000e+00
        232     -0.194     3.8330   0.003308     0.0247    -0.0052 0.0000e+00
        233     -0.195     3.8334   0.003310     0.0247    -0.0052 0.0000e+00
        234     -0.196     3.8337   0.003311     0.0247    -0.0052 0.0000e+00
        235     -0.196     3.8339   0.003312     0.0247    -0.0052 0.0000e+00
        236     -0.197     3.8342   0.003310     0.0247    -0.0052 0.0000e+00
        237     -0.198     3.8345   0.003313     0.0247    -0.0052 0.0000e+00
        238     -0.198     3.8348   0.003317     0.0248    -0.0052 0.0000e+00
        239     -0.198     3.8354   0.003320     0.0248    -0.0052 0.0000e+00
        240     -0.197     3.8360   0.003321     0.0248    -0.0052 0.0000e+00
        241     -0.196     3.8362   0.003323     0.0248    -0.0051 0.0000e+00
        242     -0.198     3.8363   0.003323     0.0248    -0.0051 0.0000e+00
        243     -0.200     3.8367   0.003322     0.0248    -0.0051 0.0000e+00
        244     -0.201     3.8369   0.003321     0.0248    -0.0051 0.0000e+00
        245     -0.202     3.8371   0.003324     0.0248    -0.0051 0.0000e+00
        246     -0.200     3.8375   0.003330     0.0249    -0.0051 0.0000e+00
        247     -0.196     3.8379   0.003334     0.0249    -0.0051 0.0000e+00
        248     -0.195     3.8381   0.003337     0.0249    -0.0050 0.0000e+00
        249     -0.196     3.8384   0.003338     0.0249    -0.0050 0.0000e+00
        250     -0.198     3.8388   0.003337     0.0249    -0.0050 0.0000e+00
        251     -0.201     3.8391   0.003336     0.0249    -0.0051 0.0000e+00
        252     -0.203     3.8394   0.003336     0.0249    -0.0051 0.0000e+00
        253     -0.202     3.8398   0.003338     0.0249    -0.0050 0.0000e+00
        254     -0.199     3.8401   0.003342     0.0249    -0.0050 0.0000e+00
        255     -0.197     3.8403   0.003346     0.0250    -0.0050 0.0000e+00
        256     -0.198     3.8404   0.003349     0.0250    -0.0050 0.0000e+00
        257     -0.198     3.8408   0.003355     0.0250    -0.0049 0.0000e+00
        258     -0.198     3.8413   0.003357     0.0251    -0.0049 0.0000e+00
        259     -0.200     3.8416   0.003357     0.0251    -0.0049 0.0000e+00
        260     -0.203     3.8419   0.003355     0.0250    -0.0049 0.0000e+00
        261     -0.204     3.8424   0.003355     0.0250    -0.0049 0.0000e+00
        262     -0.205     3.8426   0.003354     0.0250    -0.0049 0.0000e+00
        263     -0.205     3.8428   0.003356     0.0251    -0.0049 0.0000e+00
        264     -0.204     3.8431   0.003362     0.0251    -0.0049 0.0000e+00
        265     -0.202     3.8436   0.003369     0.0252    -0.0048 0.0000e+00
        266     -0.202     3.8438   0.003370     0.0252    -0.0048 0.0000e+00
        267     -0.204     3.8439   0.003366     0.0251    -0.0049 0.0000e+00
        268     -0.203     3.8441   0.003362     0.0251    -0.0049 0.0000e+00
        269     -0.199     3.8443   0.003362     0.0251    -0.0049 0.0000e+00
        270     -0.200     3.8447   0.003363     0.0251    -0.0049 0.0000e+00
        271     -0.205     3.8451   0.003367     0.0251    -0.0048 0.0000e+00
        272     -0.208     3.8453   0.003370     0.0252    -0.0048 0.0000e+00
        273     -0.207     3.8456   0.003371     0.0252    -0.0048 0.0000e+00
        274     -0.203     3.8456   0.003367     0.0251    -0.0048 0.0000e+00
        275     -0.198     3.8457   0.003372     0.0252    -0.0048 0.0000e+00
        276     -0.197     3.8461   0.003383     0.0253    -0.0047 0.0000e+00
        277     -0.198     3.8464   0.003392     0.0253    -0.0047 0.0000e+00
        278     -0.202     3.8467   0.003392     0.0253    -0.0047 0.0000e+00
        279     -0.205     3.8468   0.003387     0.0253    -0.0047 0.0000e+00
        280     -0.203     3.8470   0.003384     0.0253    -0.0047 0.0000e+00
        281     -0.201     3.8473   0.003385     0.0253    -0.0047 0.0000e+00
        282     -0.201     3.8475   0.003389     0.0253    -0.0047 0.0000e+00
        283     -0.203     3.8476   0.003393     0.0253    -0.0047 0.0000e+00
        284     -0.208     3.8480   0.003397     0.0254    -0.0047 0.0000e+00
        285     -0.211     3.8482   0.003397     0.0254    -0.0047 0.0000e+00
        286     -0.208     3.8483   0.003395     0.0254    -0.0047 0.0000e+00
        287     -0.203     3.8483   0.003392     0.0253    -0.0047 0.0000e+00
        288     -0.201     3.8483   0.003389     0.0253    -0.0047 0.0000e+00
        289     -0.201     3.8487   0.003388     0.0253    -0.0047 0.0000e+00
        290     -0.201     3.8491   0.003390     0.0253    -0.0047 0.0000e+00
        291     -0.200     3.8495   0.003397     0.0254    -0.0047 0.0000e+00
        292     -0.200     3.8498   0.003400     0.0254    -0.0046 0.0000e+00
        293     -0.203     3.8500   0.003400     0.0254    -0.0046 0.0000e+00
        294     -0.206     3.8500   0.003397     0.0254    -0.0047 0.0000e+00
        295     -0.208     3.8499   0.003394     0.0253    -0.0047 0.0000e+00
        296     -0.209     3.8501   0.003391     0.0253    -0.0047 0.0000e+00
        297     -0.207     3.8502   0.003391     0.0253    -0.0047 0.0000e+00
        298     -0.204     3.8504   0.003394     0.0253    -0.0047 0.0000e+00
        299     -0.201     3.8508   0.003396     0.0254    -0.0047 0.0000e+00
        300     -0.200     3.8510   0.003397     0.0254    -0.0047 0.0000e+00
        301     -0.200     3.8513   0.003398     0.0254    -0.0046 0.0000e+00
        302     -0.199     3.8514   0.003400     0.0254    -0.0046 0.0000e+00
        303     -0.199     3.8515   0.003403     0.0254    -0.0046 0.0000e+00
        304     -0.201     3.8517   0.003401     0.0254    -0.0046 0.0000e+00
        305     -0.201     3.8518   0.003396     0.0254    -0.0047 0.0000e+00
        306     -0.199     3.8518   0.003396     0.0254    -0.0047 0.0000e+00
        307     -0.197     3.8518   0.003398     0.0254    -0.0046 0.0000e+00
        308     -0.196     3.8518   0.003401     0.0254    -0.0046 0.0000e+00
        309     -0.197     3.8520   0.003402     0.0254    -0.0046 0.0000e+00
        310     -0.198     3.8523   0.003400     0.0254    -0.0046 0.0000e+00
        311     -0.198     3.8525   0.003400     0.0254    -0.0046 0.0000e+00
        312     -0.198     3.8526   0.003404     0.0254    -0.0046 0.0000e+00
        313     -0.199     3.8529   0.003411     0.0255    -0.0046 0.0000e+00
        314     -0.200     3.8532   0.003416     0.0255    -0.0045 0.0000e+00
        315     -0.199     3.8533   0.003414     0.0255    -0.0045 0.0000e+00
        316     -0.196     3.8533   0.003408     0.0254    -0.0046 0.0000e+00
        317     -0.195     3.8533   0.003407     0.0254    -0.0046 0.0000e+00
        318     -0.199     3.8532   0.003410     0.0255    -0.0046 0.0000e+00
        319     -0.204     3.8533   0.003417     0.0255    -0.0045 0.0000e+00
        320     -0.206     3.8536   0.003418     0.0255    -0.0045 0.0000e+00
        321     -0.206     3.8537   0.003414     0.0255    -0.0045 0.0000e+00
        322     -0.204     3.8540   0.003409     0.0255    -0.0046 0.0000e+00
        323     -0.202     3.8542   0.003409     0.0255    -0.0046 0.0000e+00
        324     -0.203     3.8543   0.003414     0.0255    -0.0045 0.0000e+00
        325     -0.205     3.8542   0.003414     0.0255    -0.0045 0.0000e+00
        326     -0.204     3.8543   0.003410     0.0255    -0.0046 0.0000e+00
        327     -0.204     3.8545   0.003407     0.0254    -0.0046 0.0000e+00
        328     -0.206     3.8547   0.003404     0.0254    -0.0046 0.0000e+00
        329     -0.206     3.8547   0.003405     0.0254    -0.0046 0.0000e+00
        330     -0.204     3.8546   0.003407     0.0254    -0.0046 0.0000e+00
        331     -0.204     3.8548   0.003407     0.0254    -0.0046 0.0000e+00
        332     -0.205     3.8549   0.003407     0.0254    -0.0046 0.0000e+00
        333     -0.204     3.8550   0.003403     0.0254    -0.0046 0.0000e+00
        334     -0.205     3.8552   0.003400     0.0254    -0.0046 0.0000e+00
        335     -0.204     3.8553   0.003400     0.0254    -0.0046 0.0000e+00
        336     -0.203     3.8552   0.003399     0.0254    -0.0046 0.0000e+00
        337     -0.204     3.8552   0.003399     0.0254    -0.0046 0.0000e+00
        338     -0.205     3.8555   0.003400     0.0254    -0.0046 0.0000e+00
        339     -0.204     3.8559   0.003401     0.0254    -0.0046 0.0000e+00
        340     -0.205     3.8560   0.003400     0.0254    -0.0046 0.0000e+00
        341     -0.210     3.8561   0.003401     0.0254    -0.0046 0.0000e+00
        342     -0.215     3.8563   0.003404     0.0254    -0.0046 0.0000e+00
        343     -0.213     3.8563   0.003407     0.0254    -0.0046 0.0000e+00
        344     -0.207     3.8564   0.003404     0.0254    -0.0046 0.0000e+00
        345     -0.205     3.8566   0.003402     0.0254    -0.0046 0.0000e+00
        346     -0.205     3.8567   0.003404     0.0254    -0.0046 0.0000e+00
        347     -0.205     3.8568   0.003410     0.0255    -0.0046 0.0000e+00
        348     -0.204     3.8568   0.003412     0.0255    -0.0046 0.0000e+00
        349     -0.203     3.8571   0.003411     0.0255    -0.0046 0.0000e+00
        350     -0.202     3.8574   0.003408     0.0254    -0.0046 0.0000e+00
        351     -0.200     3.8573   0.003407     0.0254    -0.0046 0.0000e+00
        352     -0.200     3.8573   0.003406     0.0254    -0.0046 0.0000e+00
        353     -0.201     3.8575   0.003409     0.0255    -0.0046 0.0000e+00
        354     -0.203     3.8578   0.003411     0.0255    -0.0046 0.0000e+00
        355     -0.207     3.8578   0.003409     0.0255    -0.0046 0.0000e+00
        356     -0.209     3.8579   0.003408     0.0254    -0.0046 0.0000e+00
        357     -0.211     3.8580   0.003411     0.0255    -0.0046 0.0000e+00
        358     -0.212     3.8582   0.003414     0.0255    -0.0045 0.0000e+00
        359     -0.211     3.8583   0.003413     0.0255    -0.0045 0.0000e+00
        360     -0.210     3.8584   0.003410     0.0255    -0.0046 0.0000e+00
        361     -0.207     3.8586   0.003410     0.0255    -0.0046 0.0000e+00
        362     -0.204     3.8586   0.003411     0.0255    -0.0046 0.0000e+00
        363     -0.206     3.8586   0.003413     0.0255    -0.0045 0.0000e+00
        364     -0.209     3.8586   0.003413     0.0255    -0.0045 0.0000e+00
        365     -0.211     3.8588   0.003411     0.0255    -0.0046 0.0000e+00
        366     -0.212     3.8590   0.003408     0.0254    -0.0046 0.0000e+00
        367     -0.210     3.8593   0.003408     0.0254    -0.0046 0.0000e+00
        368     -0.205     3.8594   0.003408     0.0254    -0.0046 0.0000e+00
        369     -0.204     3.8596   0.003408     0.0254    -0.0046 0.0000e+00
        370     -0.206     3.8598   0.003408     0.0254    -0.0046 0.0000e+00
        371     -0.205     3.8598   0.003409     0.0255    -0.0046 0.0000e+00
        372     -0.204     3.8598   0.003410     0.0255    -0.0046 0.0000e+00
        373     -0.204     3.8597   0.003413     0.0255    -0.0045 0.0000e+00
        374     -0.202     3.8597   0.003412     0.0255    -0.0045 0.0000e+00
        375     -0.201     3.8600   0.003411     0.0255    -0.0046 0.0000e+00
        376     -0.201     3.8604   0.003410     0.0255    -0.0046 0.0000e+00
        377     -0.202     3.8606   0.003411     0.0255    -0.0046 0.0000e+00
        378     -0.204     3.8605   0.003410     0.0255    -0.0046 0.0000e+00
        379     -0.206     3.8606   0.003409     0.0255    -0.0046 0.0000e+00
        380     -0.207     3.8609   0.003410     0.0255    -0.0046 0.0000e+00
        381     -0.204     3.8610   0.003412     0.0255    -0.0045 0.0000e+00
        382     -0.203     3.8611   0.003414     0.0255    -0.0045 0.0000e+00
        383     -0.206     3.8613   0.003413     0.0255    -0.0045 0.0000e+00
        384     -0.207     3.8613   0.003409     0.0255    -0.0046 0.0000e+00
        385     -0.207     3.8616   0.003409     0.0255    -0.0046 0.0000e+00
        386     -0.210     3.8619   0.003416     0.0255    -0.0045 0.0000e+00
        387     -0.212     3.8621   0.003422     0.0256    -0.0045 0.0000e+00
        388     -0.211     3.8621   0.003420     0.0255    -0.0045 0.0000e+00
        389     -0.209     3.8620   0.003414     0.0255    -0.0045 0.0000e+00
        390     -0.208     3.8622   0.003414     0.0255    -0.0045 0.0000e+00
        391     -0.207     3.8625   0.003416     0.0255    -0.0045 0.0000e+00
        392     -0.208     3.8625   0.003422     0.0256    -0.0045 0.0000e+00
        393     -0.209     3.8624   0.003422     0.0256    -0.0045 0.0000e+00
        394     -0.207     3.8626   0.003421     0.0255    -0.0045 0.0000e+00
        395     -0.204     3.8631   0.003420     0.0255    -0.0045 0.0000e+00
        396     -0.205     3.8634   0.003417     0.0255    -0.0045 0.0000e+00
        397     -0.205     3.8635   0.003416     0.0255    -0.0045 0.0000e+00
        398     -0.204     3.8635   0.003416     0.0255    -0.0045 0.0000e+00
        399     -0.203     3.8636   0.003418     0.0255    -0.0045 0.0000e+00
        400     -0.204     3.8636   0.003421     0.0255    -0.0045 0.0000e+00
        401     -0.206     3.8638   0.003421     0.0255    -0.0045 0.0000e+00
        402     -0.207     3.8641   0.003421     0.0255    -0.0045 0.0000e+00
        403     -0.207     3.8644   0.003420     0.0255    -0.0045 0.0000e+00
        404     -0.207     3.8644   0.003414     0.0255    -0.0045 0.0000e+00
        405     -0.206     3.8645   0.003413     0.0255    -0.0045 0.0000e+00
        406     -0.204     3.8649   0.003416     0.0255    -0.0045 0.0000e+00
        407     -0.205     3.8651   0.003418     0.0255    -0.0045 0.0000e+00
        408     -0.209     3.8651   0.003418     0.0255    -0.0045 0.0000e+00
        409     -0.208     3.8651   0.003416     0.0255    -0.0045 0.0000e+00
        410     -0.204     3.8652   0.003415     0.0255    -0.0045 0.0000e+00
