Datasets/Test_Dataset_39219_tow/tel219_2021_076.cnv
* Sea-Bird SBE19plus Data File:
* Filename = C:/AQUIRE/tel219_2021_076.hex
* Software Version AquireV2 AF V2.0
* Temperature SN =  4020
* Conductivity SN =  4020
* System UpLoad Time = May 16 2021 01:01:54
** VESSEL/TRIP/SEQ STN: tel219_2021_076
** LATITUDE: 45 21.85 N
** LONGITUDE: 56 05.53 W
** DATE/TIME: 2021-05-16 00:18
** SOUNDING DEPTH (M): 0065
** PROBE TYPE: S4020
** CTD NUMBER: 076
** FORMAT: t
** COMMENTS: 
# nquan = 7                                 
# nvalues = 2646                        
# units = specified
# name 0 = scan: Scan Count
# name 1 = prdM: Pressure, Strain Gauge [db]
# name 2 = tv290C: Temperature [ITS-90, deg C]
# name 3 = c0S/m: Conductivity [S/m]
# name 4 = sal00: Salinity, Practical [PSU]
# name 5 = sigma-t00: Density [sigma-t, kg/m^3 ]
# name 6 = flag: flag
# span 0 =          1,       2646       
# span 1 =     -0.022,     61.705       
# span 2 =     2.3324,     4.6357       
# span 3 =   0.014294,   3.044441       
# span 4 =     0.1091,    32.2704       
# span 5 =     0.0594,    25.7572       
# span 6 = 0.0000e+00, 0.0000e+00       
# interval = seconds: 1
# start_time = May 16 2021 00:18:54 [Instrument's time stamp, header]
# bad_flag = -9.990e-29
*END*
[from data line 2462]
       2463      0.065     4.0201   0.035990     0.2889     0.2079 0.0000e+00
       2464      0.062     4.0197   0.035923     0.2883     0.2075 0.0000e+00
       2465      0.061     4.0193   0.035916     0.2883     0.2074 0.0000e+00
       2466      0.061     4.0191   0.035925     0.2884     0.2075 0.0000e+00
       2467      0.059     4.0190   0.035894     0.2881     0.2073 0.0000e+00
       2468      0.059     4.0188   0.035791     0.2872     0.2066 0.0000e+00
       2469      0.061     4.0184   0.035660     0.2862     0.2057 0.0000e+00
       2470      0.064     4.0183   0.035578     0.2855     0.2052 0.0000e+00
       2471      0.063     4.0180   0.035555     0.2853     0.2050 0.0000e+00
       2472      0.059     4.0177   0.035546     0.2852     0.2050 0.0000e+00
       2473      0.058     4.0177   0.035521     0.2850     0.2048 0.0000e+00
       2474      0.059     4.0176   0.035459     0.2845     0.2044 0.0000e+00
       2475      0.059     4.0175   0.035353     0.2836     0.2037 0.0000e+00
       2476      0.055     4.0173   0.035250     0.2827     0.2030 0.0000e+00
       2477      0.054     4.0170   0.035189     0.2822     0.2026 0.0000e+00
       2478      0.056     4.0168   0.035146     0.2819     0.2023 0.0000e+00
       2479      0.057     4.0165   0.035096     0.2815     0.2020 0.0000e+00
       2480      0.057     4.0161   0.035053     0.2811     0.2017 0.0000e+00
       2481      0.059     4.0159   0.035002     0.2807     0.2013 0.0000e+00
       2482      0.059     4.0155   0.034916     0.2800     0.2008 0.0000e+00
       2483      0.058     4.0152   0.034831     0.2793     0.2002 0.0000e+00
       2484      0.057     4.0148   0.034794     0.2790     0.2000 0.0000e+00
       2485      0.054     4.0145   0.034790     0.2789     0.1999 0.0000e+00
       2486      0.050     4.0142   0.034775     0.2788     0.1998 0.0000e+00
       2487      0.050     4.0141   0.034722     0.2784     0.1995 0.0000e+00
       2488      0.052     4.0141   0.034644     0.2777     0.1990 0.0000e+00
       2489      0.055     4.0140   0.034568     0.2771     0.1984 0.0000e+00
       2490      0.054     4.0138   0.034499     0.2765     0.1980 0.0000e+00
       2491      0.049     4.0136   0.034442     0.2760     0.1976 0.0000e+00
       2492      0.044     4.0132   0.034402     0.2757     0.1973 0.0000e+00
       2493      0.044     4.0130   0.034353     0.2753     0.1970 0.0000e+00
       2494      0.047     4.0127   0.034265     0.2746     0.1964 0.0000e+00
       2495      0.052     4.0125   0.034168     0.2738     0.1958 0.0000e+00
       2496      0.056     4.0123   0.034084     0.2731     0.1952 0.0000e+00
       2497      0.058     4.0123   0.034021     0.2726     0.1948 0.0000e+00
       2498      0.056     4.0125   0.033996     0.2723     0.1946 0.0000e+00
       2499      0.053     4.0128   0.034020     0.2725     0.1948 0.0000e+00
       2500      0.054     4.0130   0.034074     0.2730     0.1951 0.0000e+00
       2501      0.055     4.0137   0.034133     0.2735     0.1955 0.0000e+00
       2502      0.055     4.0146   0.034187     0.2739     0.1959 0.0000e+00
       2503      0.053     4.0153   0.034216     0.2742     0.1961 0.0000e+00
       2504      0.050     4.0153   0.034224     0.2742     0.1961 0.0000e+00
       2505      0.048     4.0155   0.034243     0.2744     0.1963 0.0000e+00
       2506      0.046     4.0160   0.034263     0.2745     0.1964 0.0000e+00
       2507      0.044     4.0164   0.034274     0.2746     0.1965 0.0000e+00
       2508      0.042     4.0163   0.034300     0.2748     0.1966 0.0000e+00
       2509      0.042     4.0158   0.034352     0.2753     0.1970 0.0000e+00
       2510      0.042     4.0154   0.034527     0.2767     0.1982 0.0000e+00
       2511      0.043     4.0153   0.036143     0.2902     0.2090 0.0000e+00
       2512      0.041     4.0151   0.042455     0.3431     0.2516 0.0000e+00
       2513      0.036     4.0148   0.057333     0.4690     0.3529 0.0000e+00
       2514      0.033     4.0143   0.081597     0.6779     0.5207 0.0000e+00
       2515      0.036     4.0139   0.099203     0.8316     0.6442 0.0000e+00
       2516      0.041     4.0140   0.094854     0.7935     0.6136 0.0000e+00
       2517      0.045     4.0141   0.081851     0.6801     0.5225 0.0000e+00
       2518      0.047     4.0138   0.073763     0.6100     0.4663 0.0000e+00
       2519      0.045     4.0132   0.068696     0.5664     0.4312 0.0000e+00
       2520      0.042     4.0126   0.064072     0.5267     0.3993 0.0000e+00
       2521      0.042     4.0121   0.059888     0.4909     0.3705 0.0000e+00
       2522      0.043     4.0118   0.056743     0.4640     0.3489 0.0000e+00
       2523      0.044     4.0120   0.054166     0.4421     0.3312 0.0000e+00
       2524      0.044     4.0122   0.051618     0.4205     0.3138 0.0000e+00
       2525      0.045     4.0124   0.048980     0.3981     0.2959 0.0000e+00
       2526      0.046     4.0121   0.046448     0.3767     0.2786 0.0000e+00
       2527      0.045     4.0120   0.044313     0.3587     0.2642 0.0000e+00
       2528      0.045     4.0131   0.042569     0.3440     0.2523 0.0000e+00
       2529      0.046     4.0156   0.040996     0.3308     0.2417 0.0000e+00
       2530      0.045     4.0184   0.039608     0.3191     0.2323 0.0000e+00
       2531      0.044     4.0211   0.038474     0.3096     0.2246 0.0000e+00
       2532      0.041     4.0237   0.037481     0.3013     0.2179 0.0000e+00
       2533      0.037     4.0265   0.036716     0.2949     0.2128 0.0000e+00
       2534      0.035     4.0287   0.037765     0.3036     0.2198 0.0000e+00
       2535      0.036     4.0308   0.043329     0.3502     0.2573 0.0000e+00
       2536      0.037     4.0339   0.052991     0.4318     0.3229 0.0000e+00
       2537      0.037     4.0374   0.060878     0.4989     0.3769 0.0000e+00
       2538      0.039     4.0390   0.062737     0.5148     0.3897 0.0000e+00
       2539      0.042     4.0385   0.062189     0.5101     0.3859 0.0000e+00
       2540      0.040     4.0371   0.066695     0.5488     0.4170 0.0000e+00
       2541      0.034     4.0361   0.077579     0.6426     0.4924 0.0000e+00
       2542      0.033     4.0359   0.086153     0.7170     0.5521 0.0000e+00
       2543      0.037     4.0360   0.086982     0.7242     0.5579 0.0000e+00
       2544      0.039     4.0352   0.085031     0.7073     0.5443 0.0000e+00
       2545      0.038     4.0336   0.085505     0.7114     0.5476 0.0000e+00
       2546      0.036     4.0329   0.089706     0.7480     0.5770 0.0000e+00
       2547      0.035     4.0339   0.101507     0.8513     0.6599 0.0000e+00
       2548      0.035     4.0355   0.120419     1.0182     0.7939 0.0000e+00
       2549      0.035     4.0363   0.132551     1.1261     0.8804 0.0000e+00
       2550      0.033     4.0365   0.131676     1.1183     0.8741 0.0000e+00
       2551      0.032     4.0369   0.127502     1.0811     0.8443 0.0000e+00
       2552      0.033     4.0373   0.124540     1.0547     0.8231 0.0000e+00
       2553      0.033     4.0373   0.119944     1.0139     0.7904 0.0000e+00
       2554      0.030     4.0370   0.112678     0.9496     0.7388 0.0000e+00
       2555      0.028     4.0365   0.104203     0.8749     0.6789 0.0000e+00
       2556      0.029     4.0358   0.097690     0.8178     0.6330 0.0000e+00
       2557      0.029     4.0352   0.095240     0.7963     0.6158 0.0000e+00
       2558      0.028     4.0357   0.095582     0.7993     0.6182 0.0000e+00
       2559      0.029     4.0368   0.095775     0.8010     0.6195 0.0000e+00
       2560      0.030     4.0378   0.094724     0.7917     0.6121 0.0000e+00
       2561      0.029     4.0395   0.093718     0.7829     0.6050 0.0000e+00
       2562      0.027     4.0422   0.093542     0.7813     0.6037 0.0000e+00
       2563      0.026     4.0448   0.093742     0.7830     0.6051 0.0000e+00
       2564      0.026     4.0465   0.093659     0.7822     0.6045 0.0000e+00
       2565      0.027     4.0473   0.092662     0.7735     0.5974 0.0000e+00
       2566      0.028     4.0474   0.091502     0.7634     0.5893 0.0000e+00
       2567      0.030     4.0480   0.091312     0.7617     0.5880 0.0000e+00
       2568      0.030     4.0489   0.091394     0.7624     0.5885 0.0000e+00
       2569      0.025     4.0499   0.090600     0.7554     0.5829 0.0000e+00
       2570      0.021     4.0510   0.088545     0.7375     0.5685 0.0000e+00
       2571      0.021     4.0523   0.085582     0.7117     0.5478 0.0000e+00
       2572      0.021     4.0544   0.083116     0.6902     0.5305 0.0000e+00
       2573      0.021     4.0572   0.082555     0.6853     0.5266 0.0000e+00
       2574      0.021     4.0599   0.083229     0.6911     0.5312 0.0000e+00
       2575      0.022     4.0617   0.083197     0.6908     0.5310 0.0000e+00
       2576      0.021     4.0626   0.081688     0.6777     0.5204 0.0000e+00
       2577      0.017     4.0632   0.079184     0.6560     0.5030 0.0000e+00
       2578      0.017     4.0633   0.076552     0.6332     0.4847 0.0000e+00
       2579      0.021     4.0639   0.074542     0.6158     0.4708 0.0000e+00
       2580      0.022     4.0646   0.073233     0.6045     0.4617 0.0000e+00
       2581      0.021     4.0640   0.071979     0.5937     0.4530 0.0000e+00
       2582      0.021     4.0628   0.069977     0.5765     0.4392 0.0000e+00
       2583      0.023     4.0628   0.066936     0.5504     0.4182 0.0000e+00
       2584      0.022     4.0641   0.063758     0.5232     0.3963 0.0000e+00
       2585      0.021     4.0650   0.061971     0.5079     0.3840 0.0000e+00
       2586      0.022     4.0651   0.061967     0.5078     0.3840 0.0000e+00
       2587      0.024     4.0659   0.062901     0.5158     0.3904 0.0000e+00
       2588      0.026     4.0680   0.063333     0.5195     0.3933 0.0000e+00
       2589      0.028     4.0703   0.062110     0.5090     0.3849 0.0000e+00
       2590      0.028     4.0715   0.059904     0.4901     0.3697 0.0000e+00
       2591      0.028     4.0723   0.058330     0.4767     0.3589 0.0000e+00
       2592      0.027     4.0737   0.057885     0.4729     0.3558 0.0000e+00
       2593      0.021     4.0757   0.058130     0.4749     0.3575 0.0000e+00
       2594      0.018     4.0779   0.058598     0.4789     0.3607 0.0000e+00
       2595      0.021     4.0793   0.058545     0.4784     0.3603 0.0000e+00
       2596      0.024     4.0794   0.057534     0.4698     0.3534 0.0000e+00
       2597      0.025     4.0793   0.056361     0.4598     0.3453 0.0000e+00
       2598      0.024     4.0805   0.056016     0.4569     0.3430 0.0000e+00
       2599      0.021     4.0823   0.056504     0.4610     0.3463 0.0000e+00
       2600      0.018     4.0838   0.057131     0.4663     0.3505 0.0000e+00
       2601      0.017     4.0853   0.057342     0.4681     0.3520 0.0000e+00
       2602      0.017     4.0877   0.057777     0.4718     0.3549 0.0000e+00
       2603      0.017     4.0904   0.060094     0.4915     0.3707 0.0000e+00
       2604      0.016     4.0915   0.063282     0.5187     0.3926 0.0000e+00
       2605      0.014     4.0901   0.064564     0.5296     0.4014 0.0000e+00
       2606      0.013     4.0871   0.064036     0.5252     0.3978 0.0000e+00
       2607      0.015     4.0839   0.063439     0.5201     0.3938 0.0000e+00
       2608      0.019     4.0807   0.067066     0.5512     0.4188 0.0000e+00
       2609      0.024     4.0774   0.082328     0.6829     0.5246 0.0000e+00
       2610      0.026     4.0740   0.099862     0.8358     0.6474 0.0000e+00
       2611      0.028     4.0709   0.099811     0.8355     0.6471 0.0000e+00
       2612      0.032     4.0681   0.086726     0.7213     0.5554 0.0000e+00
       2613      0.033     4.0658   0.074097     0.6120     0.4676 0.0000e+00
       2614      0.029     4.0640   0.063955     0.5248     0.3977 0.0000e+00
       2615      0.025     4.0622   0.055840     0.4556     0.3420 0.0000e+00
       2616      0.025     4.0602   0.049740     0.4040     0.3005 0.0000e+00
       2617      0.028     4.0585   0.045772     0.3705     0.2735 0.0000e+00
       2618      0.029     4.0571   0.043330     0.3500     0.2570 0.0000e+00
       2619      0.029     4.0557   0.041512     0.3347     0.2448 0.0000e+00
       2620      0.031     4.0541   0.039941     0.3216     0.2342 0.0000e+00
       2621      0.033     4.0526   0.038549     0.3100     0.2248 0.0000e+00
       2622      0.031     4.0516   0.037338     0.2999     0.2167 0.0000e+00
       2623      0.027     4.0507   0.036227     0.2906     0.2093 0.0000e+00
       2624      0.022     4.0497   0.035126     0.2814     0.2019 0.0000e+00
       2625      0.019     4.0487   0.034095     0.2729     0.1950 0.0000e+00
       2626      0.019     4.0477   0.033267     0.2660     0.1895 0.0000e+00
       2627      0.021     4.0469   0.032569     0.2602     0.1848 0.0000e+00
       2628      0.022     4.0461   0.031732     0.2533     0.1792 0.0000e+00
       2629      0.022     4.0454   0.030594     0.2439     0.1716 0.0000e+00
       2630      0.022     4.0449   0.029327     0.2334     0.1632 0.0000e+00
       2631      0.024     4.0444   0.028233     0.2244     0.1559 0.0000e+00
       2632      0.025     4.0440   0.027374     0.2173     0.1502 0.0000e+00
       2633      0.023     4.0437   0.026628     0.2112     0.1453 0.0000e+00
       2634      0.018     4.0435   0.025906     0.2052     0.1405 0.0000e+00
       2635      0.015     4.0431   0.025210     0.1995     0.1359 0.0000e+00
       2636      0.014     4.0427   0.024616     0.1947     0.1320 0.0000e+00
       2637      0.014     4.0422   0.024166     0.1910     0.1290 0.0000e+00
       2638      0.014     4.0419   0.023810     0.1881     0.1267 0.0000e+00
       2639      0.015     4.0419   0.023454     0.1851     0.1243 0.0000e+00
       2640      0.014     4.0418   0.023049     0.1818     0.1217 0.0000e+00
       2641      0.015     4.0417   0.022633     0.1784     0.1189 0.0000e+00
       2642      0.019     4.0419   0.022307     0.1758     0.1168 0.0000e+00
       2643      0.022     4.0423   0.022119     0.1742     0.1155 0.0000e+00
       2644      0.024     4.0426   0.022001     0.1733     0.1148 0.0000e+00
       2645      0.026     4.0427   0.021885     0.1723     0.1140 0.0000e+00
       2646      0.027 -9.990e-29   0.021828 -9.990e-29 -9.990e-29 0.0000e+00
