Datasets/Test_Dataset_39219_tow/tel219_2021_022.cnv
* Sea-Bird SBE19plus Data File:
* Filename = C:/AQUIRE/tel219_2021_022.hex
* Software Version AquireV2 AF V2.0
* Temperature SN =  4020
* Conductivity SN =  4020
* System UpLoad Time = May 08 2021 04:51:38
** VESSEL/TRIP/SEQ STN: tel219_2021_022
** LATITUDE: 46 42.48 N
** LONGITUDE: 57 02.35 W
** DATE/TIME: 2021-05-08 04:16
** SOUNDING DEPTH (M): 0082
** PROBE TYPE: S4020
** CTD NUMBER:  22
** FORMAT: T
** COMMENTS: 
# nquan = 7                                 
# nvalues = 2177                        
# units = specified
# name 0 = scan: Scan Count
# name 1 = prdM: Pressure, Strain Gauge [db]
# name 2 = tv290C: Temperature [ITS-90, deg C]
# name 3 = c0S/m: Conductivity [S/m]
# name 4 = sal00: Salinity, Practical [PSU]
# name 5 = sigma-t00: Density [sigma-t, kg/m^3 ]
# name 6 = flag: flag
# span 0 =          1,       2177       
# span 1 =     -0.099,     75.700       
# span 2 =     1.7182,     3.8745       
# span 3 =   0.003548,   2.945862       
# span 4 =     0.0265,    32.3083       
# span 5 =    -0.0037,    25.8337       
# span 6 = 0.0000e+00, 0.0000e+00       
# interval = seconds: 1
# start_time = May 08 2021 04:16:35 [Instrument's time stamp, header]
# bad_flag = -9.990e-29
*END*
[from data line 616]
        617     65.231     1.7645   2.840706    32.2391    25.7768 0.0000e+00
        618     65.275     1.7643   2.840702    32.2393    25.7769 0.0000e+00
        619     65.314     1.7640   2.840694    32.2395    25.7771 0.0000e+00
        620     65.349     1.7639   2.840695    32.2396    25.7772 0.0000e+00
        621     65.381     1.7638   2.840695    32.2396    25.7773 0.0000e+00
        622     65.406     1.7637   2.840683    32.2396    25.7772 0.0000e+00
        623     65.429     1.7638   2.840671    32.2393    25.7770 0.0000e+00
        624     65.452     1.7641   2.840671    32.2390    25.7767 0.0000e+00
        625     65.477     1.7645   2.840673    32.2386    25.7764 0.0000e+00
        626     65.500     1.7653   2.840697    32.2381    25.7759 0.0000e+00
        627     65.515     1.7674   2.840770    32.2368    25.7748 0.0000e+00
        628     65.528     1.7702   2.840864    32.2351    25.7732 0.0000e+00
        629     65.555     1.7722   2.840924    32.2338    25.7720 0.0000e+00
        630     65.606     1.7714   2.840891    32.2342    25.7724 0.0000e+00
        631     65.671     1.7680   2.840778    32.2362    25.7742 0.0000e+00
        632     65.733     1.7650   2.840702    32.2383    25.7761 0.0000e+00
        633     65.785     1.7637   2.840686    32.2394    25.7771 0.0000e+00
        634     65.829     1.7633   2.840685    32.2398    25.7774 0.0000e+00
        635     65.868     1.7630   2.840681    32.2400    25.7776 0.0000e+00
        636     65.904     1.7630   2.840676    32.2399    25.7776 0.0000e+00
        637     65.938     1.7632   2.840669    32.2396    25.7773 0.0000e+00
        638     65.973     1.7633   2.840660    32.2394    25.7771 0.0000e+00
        639     66.009     1.7632   2.840668    32.2396    25.7772 0.0000e+00
        640     66.048     1.7629   2.840685    32.2401    25.7777 0.0000e+00
        641     66.094     1.7628   2.840695    32.2403    25.7778 0.0000e+00
        642     66.145     1.7629   2.840703    32.2402    25.7778 0.0000e+00
        643     66.201     1.7630   2.840706    32.2401    25.7777 0.0000e+00
        644     66.257     1.7628   2.840694    32.2402    25.7778 0.0000e+00
        645     66.300     1.7626   2.840685    32.2402    25.7778 0.0000e+00
        646     66.327     1.7625   2.840691    32.2404    25.7780 0.0000e+00
        647     66.347     1.7623   2.840696    32.2407    25.7782 0.0000e+00
        648     66.368     1.7620   2.840696    32.2409    25.7784 0.0000e+00
        649     66.391     1.7618   2.840702    32.2412    25.7787 0.0000e+00
        650     66.422     1.7616   2.840707    32.2415    25.7789 0.0000e+00
        651     66.459     1.7615   2.840699    32.2414    25.7789 0.0000e+00
        652     66.501     1.7611   2.840692    32.2417    25.7791 0.0000e+00
        653     66.551     1.7609   2.840701    32.2420    25.7794 0.0000e+00
        654     66.604     1.7611   2.840722    32.2421    25.7794 0.0000e+00
        655     66.656     1.7613   2.840740    32.2421    25.7794 0.0000e+00
        656     66.703     1.7613   2.840741    32.2420    25.7794 0.0000e+00
        657     66.737     1.7608   2.840726    32.2423    25.7796 0.0000e+00
        658     66.767     1.7603   2.840713    32.2427    25.7799 0.0000e+00
        659     66.809     1.7601   2.840711    32.2428    25.7801 0.0000e+00
        660     66.857     1.7601   2.840716    32.2429    25.7801 0.0000e+00
        661     66.900     1.7601   2.840719    32.2429    25.7801 0.0000e+00
        662     66.941     1.7599   2.840716    32.2430    25.7803 0.0000e+00
        663     66.987     1.7598   2.840716    32.2431    25.7803 0.0000e+00
        664     67.040     1.7595   2.840716    32.2434    25.7806 0.0000e+00
        665     67.095     1.7590   2.840721    32.2439    25.7810 0.0000e+00
        666     67.147     1.7584   2.840725    32.2446    25.7816 0.0000e+00
        667     67.193     1.7582   2.840728    32.2448    25.7818 0.0000e+00
        668     67.231     1.7582   2.840737    32.2449    25.7818 0.0000e+00
        669     67.264     1.7585   2.840747    32.2447    25.7817 0.0000e+00
        670     67.296     1.7587   2.840752    32.2445    25.7815 0.0000e+00
        671     67.329     1.7587   2.840753    32.2445    25.7815 0.0000e+00
        672     67.363     1.7584   2.840755    32.2448    25.7818 0.0000e+00
        673     67.398     1.7579   2.840758    32.2454    25.7823 0.0000e+00
        674     67.438     1.7577   2.840758    32.2455    25.7824 0.0000e+00
        675     67.485     1.7578   2.840757    32.2454    25.7823 0.0000e+00
        676     67.539     1.7578   2.840754    32.2453    25.7822 0.0000e+00
        677     67.594     1.7577   2.840754    32.2454    25.7823 0.0000e+00
        678     67.636     1.7576   2.840760    32.2456    25.7824 0.0000e+00
        679     67.670     1.7576   2.840761    32.2455    25.7824 0.0000e+00
        680     67.707     1.7576   2.840754    32.2454    25.7823 0.0000e+00
        681     67.748     1.7577   2.840754    32.2453    25.7822 0.0000e+00
        682     67.790     1.7579   2.840756    32.2451    25.7821 0.0000e+00
        683     67.828     1.7581   2.840761    32.2449    25.7819 0.0000e+00
        684     67.863     1.7582   2.840775    32.2450    25.7820 0.0000e+00
        685     67.899     1.7582   2.840787    32.2451    25.7821 0.0000e+00
        686     67.942     1.7583   2.840793    32.2451    25.7820 0.0000e+00
        687     67.996     1.7584   2.840804    32.2451    25.7820 0.0000e+00
        688     68.054     1.7585   2.840818    32.2451    25.7820 0.0000e+00
        689     68.103     1.7587   2.840831    32.2451    25.7820 0.0000e+00
        690     68.146     1.7588   2.840843    32.2451    25.7820 0.0000e+00
        691     68.184     1.7587   2.840852    32.2453    25.7821 0.0000e+00
        692     68.219     1.7586   2.840859    32.2455    25.7823 0.0000e+00
        693     68.252     1.7586   2.840860    32.2454    25.7823 0.0000e+00
        694     68.280     1.7584   2.840853    32.2455    25.7824 0.0000e+00
        695     68.303     1.7581   2.840845    32.2457    25.7825 0.0000e+00
        696     68.328     1.7579   2.840843    32.2459    25.7827 0.0000e+00
        697     68.356     1.7578   2.840848    32.2461    25.7828 0.0000e+00
        698     68.381     1.7578   2.840852    32.2461    25.7829 0.0000e+00
        699     68.399     1.7578   2.840855    32.2461    25.7829 0.0000e+00
        700     68.408     1.7578   2.840855    32.2461    25.7829 0.0000e+00
        701     68.406     1.7578   2.840853    32.2461    25.7828 0.0000e+00
        702     68.395     1.7578   2.840849    32.2460    25.7828 0.0000e+00
        703     68.378     1.7579   2.840845    32.2459    25.7827 0.0000e+00
        704     68.366     1.7578   2.840845    32.2460    25.7828 0.0000e+00
        705     68.372     1.7576   2.840849    32.2463    25.7830 0.0000e+00
        706     68.391     1.7576   2.840853    32.2463    25.7830 0.0000e+00
        707     68.410     1.7576   2.840860    32.2464    25.7831 0.0000e+00
        708     68.421     1.7576   2.840864    32.2464    25.7831 0.0000e+00
        709     68.420     1.7576   2.840864    32.2464    25.7831 0.0000e+00
        710     68.422     1.7576   2.840864    32.2464    25.7831 0.0000e+00
        711     68.443     1.7575   2.840865    32.2465    25.7832 0.0000e+00
        712     68.483     1.7573   2.840870    32.2468    25.7834 0.0000e+00
        713     68.527     1.7571   2.840881    32.2471    25.7837 0.0000e+00
        714     68.560     1.7569   2.840889    32.2474    25.7839 0.0000e+00
        715     68.577     1.7567   2.840885    32.2475    25.7841 0.0000e+00
        716     68.584     1.7567   2.840889    32.2476    25.7841 0.0000e+00
        717     68.585     1.7566   2.840901    32.2478    25.7843 0.0000e+00
        718     68.587     1.7567   2.840906    32.2478    25.7843 0.0000e+00
        719     68.600     1.7567   2.840903    32.2477    25.7842 0.0000e+00
        720     68.626     1.7569   2.840903    32.2475    25.7841 0.0000e+00
        721     68.657     1.7571   2.840904    32.2473    25.7839 0.0000e+00
        722     68.680     1.7573   2.840906    32.2471    25.7837 0.0000e+00
        723     68.694     1.7573   2.840905    32.2471    25.7837 0.0000e+00
        724     68.706     1.7573   2.840899    32.2470    25.7836 0.0000e+00
        725     68.723     1.7576   2.840884    32.2465    25.7832 0.0000e+00
        726     68.744     1.7583   2.840859    32.2455    25.7823 0.0000e+00
        727     68.766     1.7593   2.840832    32.2441    25.7811 0.0000e+00
        728     68.789     1.7598   2.840814    32.2433    25.7805 0.0000e+00
        729     68.814     1.7596   2.840822    32.2436    25.7808 0.0000e+00
        730     68.843     1.7589   2.840843    32.2446    25.7816 0.0000e+00
        731     68.881     1.7582   2.840861    32.2455    25.7824 0.0000e+00
        732     68.922     1.7578   2.840890    32.2463    25.7830 0.0000e+00
        733     68.956     1.7576   2.840915    32.2468    25.7834 0.0000e+00
        734     68.979     1.7575   2.840918    32.2469    25.7835 0.0000e+00
        735     68.992     1.7574   2.840907    32.2469    25.7835 0.0000e+00
        736     68.997     1.7574   2.840904    32.2468    25.7835 0.0000e+00
        737     69.004     1.7574   2.840914    32.2469    25.7836 0.0000e+00
        738     69.023     1.7573   2.840930    32.2472    25.7838 0.0000e+00
        739     69.060     1.7571   2.840943    32.2476    25.7841 0.0000e+00
        740     69.111     1.7571   2.840946    32.2476    25.7841 0.0000e+00
        741     69.162     1.7574   2.840929    32.2470    25.7836 0.0000e+00
        742     69.197     1.7582   2.840894    32.2458    25.7826 0.0000e+00
        743     69.214     1.7588   2.840873    32.2449    25.7818 0.0000e+00
        744     69.225     1.7585   2.840893    32.2454    25.7823 0.0000e+00
        745     69.242     1.7578   2.840931    32.2466    25.7833 0.0000e+00
        746     69.269     1.7573   2.840951    32.2474    25.7839 0.0000e+00
        747     69.307     1.7572   2.840959    32.2475    25.7841 0.0000e+00
        748     69.352     1.7570   2.840970    32.2479    25.7843 0.0000e+00
        749     69.402     1.7569   2.840979    32.2480    25.7845 0.0000e+00
        750     69.450     1.7571   2.840968    32.2477    25.7842 0.0000e+00
        751     69.484     1.7574   2.840947    32.2471    25.7837 0.0000e+00
        752     69.508     1.7576   2.840930    32.2467    25.7833 0.0000e+00
        753     69.533     1.7576   2.840939    32.2468    25.7834 0.0000e+00
        754     69.565     1.7574   2.840977    32.2474    25.7839 0.0000e+00
        755     69.600     1.7574   2.840994    32.2476    25.7841 0.0000e+00
        756     69.637     1.7575   2.840985    32.2474    25.7839 0.0000e+00
        757     69.678     1.7575   2.840985    32.2474    25.7839 0.0000e+00
        758     69.720     1.7575   2.840999    32.2475    25.7840 0.0000e+00
        759     69.758     1.7573   2.841016    32.2479    25.7843 0.0000e+00
        760     69.797     1.7571   2.841030    32.2483    25.7846 0.0000e+00
        761     69.841     1.7568   2.841044    32.2487    25.7850 0.0000e+00
        762     69.892     1.7567   2.841059    32.2490    25.7852 0.0000e+00
        763     69.945     1.7567   2.841074    32.2491    25.7854 0.0000e+00
        764     69.991     1.7567   2.841087    32.2493    25.7855 0.0000e+00
        765     70.024     1.7569   2.841087    32.2491    25.7853 0.0000e+00
        766     70.050     1.7569   2.841079    32.2489    25.7852 0.0000e+00
        767     70.076     1.7571   2.841064    32.2485    25.7849 0.0000e+00
        768     70.104     1.7575   2.841046    32.2479    25.7843 0.0000e+00
        769     70.128     1.7576   2.841034    32.2476    25.7841 0.0000e+00
        770     70.143     1.7576   2.841026    32.2475    25.7840 0.0000e+00
        771     70.158     1.7574   2.841034    32.2478    25.7843 0.0000e+00
        772     70.179     1.7570   2.841057    32.2485    25.7848 0.0000e+00
        773     70.206     1.7567   2.841081    32.2491    25.7853 0.0000e+00
        774     70.237     1.7563   2.841097    32.2497    25.7858 0.0000e+00
        775     70.267     1.7561   2.841107    32.2500    25.7861 0.0000e+00
        776     70.295     1.7561   2.841111    32.2500    25.7861 0.0000e+00
        777     70.324     1.7561   2.841115    32.2501    25.7861 0.0000e+00
        778     70.353     1.7561   2.841123    32.2501    25.7862 0.0000e+00
        779     70.382     1.7561   2.841131    32.2502    25.7863 0.0000e+00
        780     70.408     1.7561   2.841134    32.2503    25.7863 0.0000e+00
        781     70.428     1.7561   2.841135    32.2503    25.7863 0.0000e+00
        782     70.441     1.7561   2.841135    32.2502    25.7863 0.0000e+00
        783     70.457     1.7560   2.841135    32.2503    25.7864 0.0000e+00
        784     70.479     1.7558   2.841138    32.2506    25.7866 0.0000e+00
        785     70.497     1.7557   2.841135    32.2506    25.7866 0.0000e+00
        786     70.509     1.7557   2.841129    32.2505    25.7866 0.0000e+00
        787     70.525     1.7557   2.841131    32.2506    25.7866 0.0000e+00
        788     70.552     1.7555   2.841134    32.2508    25.7868 0.0000e+00
        789     70.587     1.7550   2.841134    32.2513    25.7872 0.0000e+00
        790     70.622     1.7548   2.841131    32.2514    25.7873 0.0000e+00
        791     70.647     1.7552   2.841119    32.2509    25.7868 0.0000e+00
        792     70.656     1.7556   2.841108    32.2503    25.7864 0.0000e+00
        793     70.655     1.7559   2.841103    32.2499    25.7861 0.0000e+00
        794     70.660     1.7559   2.841102    32.2499    25.7860 0.0000e+00
        795     70.685     1.7563   2.841097    32.2494    25.7856 0.0000e+00
        796     70.722     1.7570   2.841087    32.2486    25.7849 0.0000e+00
        797     70.748     1.7572   2.841084    32.2483    25.7847 0.0000e+00
        798     70.760     1.7568   2.841093    32.2488    25.7851 0.0000e+00
        799     70.768     1.7561   2.841103    32.2497    25.7858 0.0000e+00
        800     70.784     1.7554   2.841110    32.2505    25.7865 0.0000e+00
        801     70.809     1.7547   2.841116    32.2512    25.7872 0.0000e+00
        802     70.835     1.7543   2.841121    32.2517    25.7876 0.0000e+00
        803     70.853     1.7541   2.841118    32.2519    25.7877 0.0000e+00
        804     70.865     1.7538   2.841121    32.2522    25.7880 0.0000e+00
        805     70.880     1.7536   2.841136    32.2526    25.7883 0.0000e+00
        806     70.907     1.7536   2.841141    32.2526    25.7884 0.0000e+00
        807     70.946     1.7537   2.841143    32.2525    25.7883 0.0000e+00
        808     70.988     1.7540   2.841152    32.2523    25.7881 0.0000e+00
        809     71.024     1.7544   2.841155    32.2519    25.7878 0.0000e+00
        810     71.048     1.7544   2.841148    32.2518    25.7877 0.0000e+00
        811     71.064     1.7542   2.841143    32.2519    25.7878 0.0000e+00
        812     71.084     1.7538   2.841144    32.2524    25.7881 0.0000e+00
        813     71.115     1.7536   2.841152    32.2526    25.7884 0.0000e+00
        814     71.156     1.7535   2.841163    32.2529    25.7886 0.0000e+00
        815     71.198     1.7534   2.841178    32.2531    25.7888 0.0000e+00
        816     71.232     1.7532   2.841184    32.2534    25.7890 0.0000e+00
        817     71.255     1.7529   2.841172    32.2535    25.7892 0.0000e+00
        818     71.269     1.7526   2.841154    32.2536    25.7892 0.0000e+00
        819     71.287     1.7525   2.841145    32.2536    25.7892 0.0000e+00
        820     71.315     1.7525   2.841153    32.2537    25.7893 0.0000e+00
