Datasets/Test_Dataset_39219_tow/tel219_2021_006.cnv
* Sea-Bird SBE19plus Data File:
* Filename = C:/AQUIRE/tel219_2021_006.hex
* Software Version AquireV2 AF V2.0
* Temperature SN =  4020
* Conductivity SN =  4020
* System UpLoad Time = May 06 2021 11:05:39
** VESSEL/TRIP/SEQ STN: tel219_2021_006
** LATITUDE: 45 49.02 N
** LONGITUDE: 55 27.86 W
** DATE/TIME: 2021-05-06 10:20
** SOUNDING DEPTH (M): 0077
** PROBE TYPE: S4020
** CTD NUMBER:   6
** FORMAT: T
** COMMENTS: 
# nquan = 7                                 
# nvalues = 2790                        
# units = specified
# name 0 = scan: Scan Count
# name 1 = prdM: Pressure, Strain Gauge [db]
# name 2 = tv290C: Temperature [ITS-90, deg C]
# name 3 = c0S/m: Conductivity [S/m]
# name 4 = sal00: Salinity, Practical [PSU]
# name 5 = sigma-t00: Density [sigma-t, kg/m^3 ]
# name 6 = flag: flag
# span 0 =          1,       2790       
# span 1 =     -0.149,     75.509       
# span 2 =     0.8808,     3.5997       
# span 3 =   0.002628,   2.952752       
# span 4 =     0.0195,    32.2448       
# span 5 =    -0.0110,    25.8371       
# span 6 = 0.0000e+00, 0.0000e+00       
# interval = seconds: 1
# start_time = May 06 2021 10:20:00 [Instrument's time stamp, header]
# bad_flag = -9.990e-29
*END*
[from data line 821]
        822      1.674     3.1940   2.945082    32.1133    25.5646 0.0000e+00
        823      1.844     3.1933   2.945007    32.1130    25.5644 0.0000e+00
        824      2.045     3.1930   2.944995    32.1131    25.5645 0.0000e+00
        825      2.170     3.1927   2.944982    32.1131    25.5646 0.0000e+00
        826      2.178     3.1915   2.944868    32.1129    25.5645 0.0000e+00
        827      2.119     3.1894   2.944679    32.1128    25.5646 0.0000e+00
        828      2.013     3.1883   2.944597    32.1130    25.5648 0.0000e+00
        829      1.852     3.1887   2.944645    32.1132    25.5650 0.0000e+00
        830      1.660     3.1898   2.944716    32.1131    25.5648 0.0000e+00
        831      1.458     3.1911   2.944826    32.1132    25.5648 0.0000e+00
        832      1.239     3.1924   2.944943    32.1134    25.5649 0.0000e+00
        833      1.026     3.1931   2.944995    32.1135    25.5648 0.0000e+00
        834      0.861     3.1935   2.945004    32.1133    25.5646 0.0000e+00
        835      0.755     3.1940   2.945017    32.1130    25.5644 0.0000e+00
        836      0.713     3.1949   2.945061    32.1127    25.5640 0.0000e+00
        837      0.748     3.1963   2.945201    32.1129    25.5641 0.0000e+00
        838      0.830     3.1979   2.945369    32.1133    25.5643 0.0000e+00
        839      0.887     3.1988   2.945424    32.1131    25.5640 0.0000e+00
        840      0.880     3.1985   2.945383    32.1129    25.5639 0.0000e+00
        841      0.797     3.1969   2.945209    32.1124    25.5636 0.0000e+00
        842      0.656     3.1948   2.944962    32.1116    25.5632 0.0000e+00
        843      0.515     3.1934   2.944851    32.1117    25.5634 0.0000e+00
        844      0.419     3.1931   2.944891    32.1126    25.5641 0.0000e+00
        845      0.388     3.1927   2.944852    32.1125    25.5641 0.0000e+00
        846      0.391     3.1912   2.944642    32.1115    25.5634 0.0000e+00
        847      0.371     3.1894   2.944480    32.1113    25.5634 0.0000e+00
        848      0.339     3.1873   2.944346    32.1118    25.5640 0.0000e+00
        849      0.316     3.1866   2.944257    32.1114    25.5638 0.0000e+00
        850      0.285     3.1885   2.944429    32.1116    25.5638 0.0000e+00
        851      0.252     3.1897   2.944527    32.1116    25.5637 0.0000e+00
        852      0.231     3.1905   2.944590    32.1116    25.5636 0.0000e+00
        853      0.229     3.1946   2.945040    32.1130    25.5643 0.0000e+00
        854      0.235     3.1994   2.945486    32.1136    25.5643 0.0000e+00
        855      0.231     3.2010   2.945542    32.1126    25.5635 0.0000e+00
        856      0.235     3.2012   2.945507    32.1120    25.5630 0.0000e+00
        857      0.247     3.2033   2.945720    32.1125    25.5632 0.0000e+00
        858      0.231     3.2058   2.945945    32.1127    25.5631 0.0000e+00
        859      0.200     3.2059   2.945914    32.1123    25.5627 0.0000e+00
        860      0.176     3.2047   2.945814    32.1123    25.5629 0.0000e+00
        861      0.170     3.2029   2.945646    32.1120    25.5628 0.0000e+00
        862      0.178     3.2007   2.945428    32.1116    25.5627 0.0000e+00
        863      0.182     3.1988   2.945283    32.1117    25.5629 0.0000e+00
        864      0.169     3.1967   2.945089    32.1115    25.5629 0.0000e+00
        865      0.141     3.1944   2.944862    32.1111    25.5628 0.0000e+00
        866      0.116     3.1929   2.944749    32.1112    25.5630 0.0000e+00
        867      0.107     3.1932   2.944816    32.1117    25.5634 0.0000e+00
        868      0.105     3.1959   2.945075    32.1122    25.5635 0.0000e+00
        869      0.098     3.1989   2.945333    32.1123    25.5634 0.0000e+00
        870      0.090     3.2008   2.945455    32.1119    25.5629 0.0000e+00
        871      0.099     3.2017   2.945519    32.1117    25.5627 0.0000e+00
        872      0.136     3.2022   2.945557    32.1117    25.5626 0.0000e+00
        873      0.193     3.2026   2.945581    32.1115    25.5625 0.0000e+00
        874      0.257     3.2027   2.945621    32.1119    25.5627 0.0000e+00
        875      0.332     3.2023   2.945595    32.1119    25.5628 0.0000e+00
        876      0.420     3.2005   2.945394    32.1113    25.5624 0.0000e+00
        877      0.493     3.1967   2.945051    32.1109    25.5624 0.0000e+00
        878      0.565     3.1930   2.944753    32.1109    25.5628 0.0000e+00
        879      0.664     3.1917   2.944643    32.1108    25.5628 0.0000e+00
        880      0.748     3.1924   2.944732    32.1112    25.5630 0.0000e+00
        881      0.826     3.1940   2.944924    32.1118    25.5635 0.0000e+00
        882      0.948     3.1927   2.944741    32.1109    25.5628 0.0000e+00
        883      1.072     3.1871   2.944163    32.1094    25.5621 0.0000e+00
        884      1.165     3.1852   2.944100    32.1105    25.5631 0.0000e+00
        885      1.260     3.1890   2.944626    32.1130    25.5648 0.0000e+00
        886      1.377     3.1913   2.944784    32.1126    25.5643 0.0000e+00
        887      1.524     3.1895   2.944402    32.1097    25.5621 0.0000e+00
        888      1.692     3.1860   2.944044    32.1087    25.5617 0.0000e+00
        889      1.909     3.1825   2.943836    32.1096    25.5627 0.0000e+00
        890      2.234     3.1819   2.943888    32.1107    25.5636 0.0000e+00
        891      2.649     3.1861   2.944299    32.1112    25.5636 0.0000e+00
        892      3.066     3.1866   2.944443    32.1122    25.5644 0.0000e+00
        893      3.400     3.1646   2.942209    32.1070    25.5622 0.0000e+00
        894      3.589     3.1250   2.938329    32.0996    25.5596 0.0000e+00
        895      3.617     3.1022   2.936228    32.0969    25.5595 0.0000e+00
        896      3.571     3.1082   2.937191    32.1026    25.5635 0.0000e+00
        897      3.559     3.1189   2.939332    32.1177    25.5747 0.0000e+00
        898      3.589     3.1207   2.939282    32.1153    25.5726 0.0000e+00
        899      3.618     3.1246   2.938920    32.1071    25.5656 0.0000e+00
        900      3.611     3.1224   2.938685    32.1064    25.5653 0.0000e+00
        901      3.519     3.0983   2.936258    32.1012    25.5632 0.0000e+00
        902      3.377     3.0643   2.933130    32.0973    25.5631 0.0000e+00
        903      3.304     3.0322   2.930398    32.0963    25.5650 0.0000e+00
        904      3.351     3.0125   2.928889    32.0977    25.5677 0.0000e+00
        905      3.516     3.0181   2.929198    32.0958    25.5657 0.0000e+00
        906      3.785     3.0408   2.932272    32.1102    25.5753 0.0000e+00
        907      4.091     3.0489   2.933230    32.1135    25.5773 0.0000e+00
        908      4.408     3.0366   2.930467    32.0922    25.5613 0.0000e+00
        909      4.783     3.0426   2.931878    32.1031    25.5695 0.0000e+00
        910      5.213     3.0729   2.935491    32.1163    25.5775 0.0000e+00
        911      5.640     3.0831   2.935807    32.1098    25.5714 0.0000e+00
        912      6.019     3.0322   2.930650    32.0979    25.5663 0.0000e+00
        913      6.346     2.9251   2.920655    32.0836    25.5638 0.0000e+00
        914      6.661     2.8259   2.912318    32.0812    25.5702 0.0000e+00
        915      7.004     2.7988   2.911155    32.0940    25.5826 0.0000e+00
        916      7.383     2.8363   2.915700    32.1116    25.5936 0.0000e+00
        917      7.784     2.8722   2.918810    32.1132    25.5919 0.0000e+00
        918      8.187     2.8564   2.917136    32.1085    25.5894 0.0000e+00
        919      8.586     2.7943   2.911533    32.1023    25.5896 0.0000e+00
        920      8.985     2.7258   2.905511    32.0973    25.5912 0.0000e+00
        921      9.391     2.6864   2.902966    32.1055    25.6009 0.0000e+00
        922      9.815     2.6755   2.902727    32.1133    25.6080 0.0000e+00
        923     10.263     2.6829   2.903268    32.1122    25.6066 0.0000e+00
        924     10.717     2.7028   2.905009    32.1133    25.6058 0.0000e+00
        925     11.162     2.7098   2.905707    32.1146    25.6063 0.0000e+00
        926     11.604     2.6982   2.904536    32.1117    25.6049 0.0000e+00
        927     12.051     2.7012   2.905009    32.1142    25.6067 0.0000e+00
        928     12.496     2.7219   2.907034    32.1179    25.6080 0.0000e+00
        929     12.940     2.7245   2.907154    32.1165    25.6067 0.0000e+00
        930     13.393     2.7042   2.905388    32.1151    25.6072 0.0000e+00
        931     13.861     2.6872   2.904348    32.1192    25.6118 0.0000e+00
        932     14.334     2.6810   2.904188    32.1232    25.6155 0.0000e+00
        933     14.805     2.6788   2.903995    32.1228    25.6154 0.0000e+00
        934     15.277     2.6782   2.904077    32.1242    25.6165 0.0000e+00
        935     15.748     2.6776   2.904260    32.1268    25.6186 0.0000e+00
        936     16.216     2.6745   2.904200    32.1289    25.6206 0.0000e+00
        937     16.686     2.6681   2.903896    32.1313    25.6230 0.0000e+00
        938     17.159     2.6616   2.903497    32.1327    25.6247 0.0000e+00
        939     17.633     2.6572   2.903238    32.1337    25.6258 0.0000e+00
        940     18.105     2.6526   2.903001    32.1352    25.6274 0.0000e+00
        941     18.571     2.6459   2.902449    32.1349    25.6277 0.0000e+00
        942     19.029     2.6386   2.901916    32.1355    25.6287 0.0000e+00
        943     19.487     2.6317   2.901513    32.1373    25.6307 0.0000e+00
        944     19.953     2.6241   2.900936    32.1376    25.6316 0.0000e+00
        945     20.428     2.6160   2.900279    32.1375    25.6321 0.0000e+00
        946     20.916     2.6065   2.899504    32.1373    25.6327 0.0000e+00
        947     21.420     2.5952   2.898597    32.1373    25.6336 0.0000e+00
        948     21.946     2.5834   2.897700    32.1379    25.6350 0.0000e+00
        949     22.491     2.5714   2.896789    32.1385    25.6365 0.0000e+00
        950     23.047     2.5591   2.895788    32.1383    25.6373 0.0000e+00
        951     23.604     2.5522   2.895284    32.1388    25.6382 0.0000e+00
        952     24.160     2.5570   2.895818    32.1402    25.6390 0.0000e+00
        953     24.711     2.5639   2.896530    32.1417    25.6396 0.0000e+00
        954     25.262     2.5570   2.895944    32.1411    25.6397 0.0000e+00
        955     25.825     2.5390   2.894237    32.1380    25.6387 0.0000e+00
        956     26.405     2.5254   2.893183    32.1385    25.6401 0.0000e+00
        957     26.997     2.5213   2.893087    32.1411    25.6425 0.0000e+00
        958     27.595     2.5217   2.893167    32.1414    25.6427 0.0000e+00
        959     28.195     2.5223   2.893214    32.1410    25.6424 0.0000e+00
        960     28.796     2.5224   2.893224    32.1407    25.6421 0.0000e+00
        961     29.398     2.5227   2.893261    32.1406    25.6420 0.0000e+00
        962     29.998     2.5233   2.893354    32.1408    25.6421 0.0000e+00
        963     30.600     2.5236   2.893418    32.1409    25.6422 0.0000e+00
        964     31.208     2.5223   2.893304    32.1405    25.6420 0.0000e+00
        965     31.821     2.5191   2.893033    32.1401    25.6419 0.0000e+00
        966     32.437     2.5152   2.892727    32.1399    25.6420 0.0000e+00
        967     33.058     2.5114   2.892423    32.1397    25.6422 0.0000e+00
        968     33.682     2.5074   2.892123    32.1397    25.6425 0.0000e+00
        969     34.308     2.5034   2.891825    32.1397    25.6428 0.0000e+00
        970     34.932     2.4997   2.891551    32.1398    25.6431 0.0000e+00
        971     35.552     2.4970   2.891369    32.1399    25.6435 0.0000e+00
        972     36.172     2.4954   2.891277    32.1401    25.6437 0.0000e+00
        973     36.794     2.4943   2.891214    32.1401    25.6438 0.0000e+00
        974     37.417     2.4935   2.891165    32.1399    25.6438 0.0000e+00
        975     38.042     2.4930   2.891141    32.1398    25.6437 0.0000e+00
        976     38.671     2.4928   2.891149    32.1398    25.6437 0.0000e+00
        977     39.299     2.4927   2.891172    32.1398    25.6437 0.0000e+00
        978     39.920     2.4920   2.891142    32.1398    25.6438 0.0000e+00
        979     40.536     2.4905   2.891028    32.1396    25.6437 0.0000e+00
        980     41.149     2.4884   2.890882    32.1396    25.6439 0.0000e+00
        981     41.763     2.4863   2.890729    32.1395    25.6440 0.0000e+00
        982     42.385     2.4848   2.890623    32.1394    25.6440 0.0000e+00
        983     43.016     2.4839   2.890584    32.1395    25.6441 0.0000e+00
        984     43.653     2.4833   2.890557    32.1394    25.6441 0.0000e+00
        985     44.285     2.4826   2.890521    32.1393    25.6441 0.0000e+00
        986     44.899     2.4818   2.890488    32.1394    25.6442 0.0000e+00
        987     45.483     2.4810   2.890449    32.1394    25.6443 0.0000e+00
        988     46.032     2.4800   2.890390    32.1394    25.6444 0.0000e+00
        989     46.551     2.4791   2.890350    32.1396    25.6446 0.0000e+00
        990     47.058     2.4785   2.890339    32.1398    25.6448 0.0000e+00
        991     47.577     2.4782   2.890324    32.1396    25.6447 0.0000e+00
        992     48.111     2.4778   2.890305    32.1395    25.6446 0.0000e+00
        993     48.654     2.4775   2.890295    32.1394    25.6445 0.0000e+00
        994     49.198     2.4772   2.890299    32.1394    25.6446 0.0000e+00
        995     49.735     2.4771   2.890306    32.1393    25.6445 0.0000e+00
        996     50.263     2.4766   2.890294    32.1394    25.6446 0.0000e+00
        997     50.793     2.4755   2.890220    32.1393    25.6447 0.0000e+00
        998     51.341     2.4731   2.890031    32.1391    25.6447 0.0000e+00
        999     51.904     2.4692   2.889724    32.1390    25.6449 0.0000e+00
       1000     52.472     2.4619   2.889168    32.1392    25.6456 0.0000e+00
       1001     53.036     2.4440   2.887704    32.1389    25.6468 0.0000e+00
       1002     53.589     2.4030   2.884283    32.1379    25.6492 0.0000e+00
       1003     54.125     2.3308   2.878246    32.1362    25.6533 0.0000e+00
       1004     54.638     2.2436   2.871151    32.1364    25.6601 0.0000e+00
       1005     55.127     2.1715   2.865752    32.1423    25.6702 0.0000e+00
       1006     55.607     2.1223   2.862338    32.1496    25.6797 0.0000e+00
       1007     56.101     2.0814   2.859201    32.1519    25.6845 0.0000e+00
       1008     56.626     2.0369   2.855465    32.1504    25.6865 0.0000e+00
       1009     57.180     1.9789   2.850586    32.1483    25.6890 0.0000e+00
       1010     57.750     1.8980   2.843628    32.1436    25.6910 0.0000e+00
       1011     58.327     1.8082   2.836249    32.1426    25.6964 0.0000e+00
       1012     58.909     1.7381   2.831114    32.1494    25.7067 0.0000e+00
       1013     59.482     1.6929   2.828021    32.1565    25.7155 0.0000e+00
       1014     60.022     1.6539   2.825155    32.1601    25.7210 0.0000e+00
       1015     60.525     1.5945   2.820401    32.1608    25.7255 0.0000e+00
       1016     60.996     1.4995   2.812511    32.1584    25.7299 0.0000e+00
       1017     61.436     1.3937   2.803990    32.1591    25.7373 0.0000e+00
       1018     61.853     1.3152   2.798266    32.1670    25.7486 0.0000e+00
       1019     62.253     1.2682   2.795134    32.1754    25.7583 0.0000e+00
       1020     62.629     1.2382   2.793199    32.1816    25.7651 0.0000e+00
       1021     62.972     1.2187   2.791947    32.1855    25.7695 0.0000e+00
       1022     63.282     1.2073   2.791297    32.1889    25.7728 0.0000e+00
       1023     63.564     1.1995   2.790914    32.1919    25.7757 0.0000e+00
       1024     63.818     1.1921   2.790444    32.1934    25.7774 0.0000e+00
       1025     64.051     1.1864   2.790127    32.1951    25.7791 0.0000e+00
