Datasets/Test_Dataset_39219_tow/tel219_2021_079.cnv
* Sea-Bird SBE19plus Data File:
* Filename = C:/AQUIRE/tel219_2021_079.hex
* Software Version AquireV2 AF V2.0
* Temperature SN =  4020
* Conductivity SN =  4020
* System UpLoad Time = May 16 2021 10:10:17
** VESSEL/TRIP/SEQ STN: tel219_2021_079
** LATITUDE: 45 46.38 N
** LONGITUDE: 55 48.62 W
** DATE/TIME: 2021-05-16 09:40
** SOUNDING DEPTH (M): 0054
** PROBE TYPE: S4020
** CTD NUMBER:  79
** FORMAT: T
** COMMENTS: 
# nquan = 7                                 
# nvalues = 1797                        
# units = specified
# name 0 = scan: Scan Count
# name 1 = prdM: Pressure, Strain Gauge [db]
# name 2 = tv290C: Temperature [ITS-90, deg C]
# name 3 = c0S/m: Conductivity [S/m]
# name 4 = sal00: Salinity, Practical [PSU]
# name 5 = sigma-t00: Density [sigma-t, kg/m^3 ]
# name 6 = flag: flag
# span 0 =          1,       1797       
# span 1 =      0.016,     51.134       
# span 2 =     2.7797,     5.1340       
# span 3 =   0.006144,   3.036686       
# span 4 =     0.0454,    32.2308       
# span 5 =     0.0012,    25.6050       
# span 6 = 0.0000e+00, 0.0000e+00       
# interval = seconds: 1
# start_time = May 16 2021 09:40:28 [Instrument's time stamp, header]
# bad_flag = -9.990e-29
*END*
[from data line 1231]
       1232     32.321     3.5733   2.972845    32.0542    25.4837 0.0000e+00
       1233     31.881     3.5785   2.973176    32.0533    25.4824 0.0000e+00
       1234     31.436     3.5831   2.973557    32.0535    25.4822 0.0000e+00
       1235     30.986     3.5873   2.973882    32.0535    25.4818 0.0000e+00
       1236     30.528     3.5910   2.974009    32.0516    25.4799 0.0000e+00
       1237     30.056     3.5946   2.974029    32.0485    25.4772 0.0000e+00
       1238     29.565     3.5987   2.974332    32.0483    25.4767 0.0000e+00
       1239     29.056     3.6038   2.974959    32.0510    25.4783 0.0000e+00
       1240     28.545     3.6075   2.975357    32.0524    25.4791 0.0000e+00
       1241     28.058     3.6069   2.975216    32.0516    25.4785 0.0000e+00
       1242     27.599     3.6053   2.974892    32.0495    25.4770 0.0000e+00
       1243     27.139     3.6090   2.975143    32.0491    25.4763 0.0000e+00
       1244     26.696     3.6170   2.975965    32.0512    25.4773 0.0000e+00
       1245     26.310     3.6233   2.976473    32.0513    25.4767 0.0000e+00
       1246     25.984     3.6263   2.976547    32.0494    25.4749 0.0000e+00
       1247     25.696     3.6280   2.976599    32.0485    25.4740 0.0000e+00
       1248     25.431     3.6301   2.976734    32.0481    25.4736 0.0000e+00
       1249     25.188     3.6330   2.976966    32.0482    25.4733 0.0000e+00
       1250     24.962     3.6359   2.977227    32.0485    25.4734 0.0000e+00
       1251     24.750     3.6388   2.977460    32.0485    25.4731 0.0000e+00
       1252     24.547     3.6444   2.977876    32.0481    25.4722 0.0000e+00
       1253     24.338     3.6567   2.978733    32.0463    25.4697 0.0000e+00
       1254     24.115     3.6770   2.980065    32.0422    25.4646 0.0000e+00
       1255     23.883     3.7022   2.981792    32.0381    25.4589 0.0000e+00
       1256     23.649     3.7289   2.983908    32.0371    25.4556 0.0000e+00
       1257     23.418     3.7547   2.986206    32.0391    25.4548 0.0000e+00
       1258     23.180     3.7741   2.988047    32.0420    25.4553 0.0000e+00
       1259     22.919     3.7820   2.988735    32.0425    25.4549 0.0000e+00
       1260     22.631     3.7817   2.988446    32.0395    25.4526 0.0000e+00
       1261     22.323     3.7824   2.988404    32.0385    25.4517 0.0000e+00
       1262     22.009     3.7873   2.988902    32.0397    25.4522 0.0000e+00
       1263     21.709     3.7921   2.989137    32.0379    25.4504 0.0000e+00
       1264     21.437     3.7939   2.988714    32.0313    25.4449 0.0000e+00
       1265     21.191     3.7908   2.987539    32.0206    25.4367 0.0000e+00
       1266     20.962     3.7804   2.986230    32.0154    25.4335 0.0000e+00
       1267     20.757     3.7679   2.985902    32.0239    25.4415 0.0000e+00
       1268     20.592     3.7633   2.986558    32.0363    25.4517 0.0000e+00
       1269     20.466     3.7664   2.987227    32.0412    25.4554 0.0000e+00
       1270     20.364     3.7680   2.987291    32.0404    25.4546 0.0000e+00
       1271     20.279     3.7646   2.986950    32.0398    25.4544 0.0000e+00
       1272     20.214     3.7597   2.986678    32.0414    25.4562 0.0000e+00
       1273     20.169     3.7572   2.986672    32.0438    25.4583 0.0000e+00
       1274     20.141     3.7558   2.986697    32.0455    25.4598 0.0000e+00
       1275     20.128     3.7537   2.986329    32.0432    25.4582 0.0000e+00
       1276     20.123     3.7527   2.985568    32.0352    25.4519 0.0000e+00
       1277     20.115     3.7559   2.985010    32.0254    25.4438 0.0000e+00
       1278     20.104     3.7606   2.984789    32.0182    25.4376 0.0000e+00
       1279     20.098     3.7587   2.984613    32.0180    25.4376 0.0000e+00
       1280     20.094     3.7475   2.984536    32.0281    25.4467 0.0000e+00
       1281     20.093     3.7355   2.984501    32.0394    25.4569 0.0000e+00
       1282     20.102     3.7291   2.984263    32.0429    25.4602 0.0000e+00
       1283     20.121     3.7280   2.983905    32.0397    25.4578 0.0000e+00
       1284     20.147     3.7290   2.983707    32.0364    25.4551 0.0000e+00
       1285     20.176     3.7287   2.983652    32.0360    25.4548 0.0000e+00
       1286     20.202     3.7290   2.983528    32.0342    25.4533 0.0000e+00
       1287     20.218     3.7319   2.983378    32.0296    25.4494 0.0000e+00
       1288     20.220     3.7317   2.983525    32.0315    25.4509 0.0000e+00
       1289     20.212     3.7247   2.984239    32.0469    25.4638 0.0000e+00
       1290     20.195     3.7186   2.985294    32.0654    25.4791 0.0000e+00
       1291     20.168     3.7192   2.985662    32.0692    25.4821 0.0000e+00
       1292     20.128     3.7249   2.984932    32.0550    25.4702 0.0000e+00
       1293     20.075     3.7311   2.984280    32.0411    25.4587 0.0000e+00
       1294     20.010     3.7331   2.984585    32.0428    25.4598 0.0000e+00
       1295     19.930     3.7336   2.985708    32.0557    25.4700 0.0000e+00
       1296     19.836     3.7410   2.987132    32.0654    25.4770 0.0000e+00
       1297     19.734     3.7539   2.988186    32.0652    25.4757 0.0000e+00
       1298     19.627     3.7641   2.988098    32.0542    25.4660 0.0000e+00
       1299     19.516     3.7698   2.987239    32.0385    25.4529 0.0000e+00
       1300     19.393     3.7721   2.987428    32.0385    25.4527 0.0000e+00
       1301     19.253     3.7725   2.988907    32.0557    25.4664 0.0000e+00
       1302     19.101     3.7762   2.989703    32.0616    25.4707 0.0000e+00
       1303     18.945     3.7930   2.989812    32.0465    25.4571 0.0000e+00
       1304     18.787     3.8318   2.992100    32.0356    25.4447 0.0000e+00
       1305     18.627     3.8798   2.996225    32.0373    25.4416 0.0000e+00
       1306     18.458     3.9147   2.999088    32.0370    25.4380 0.0000e+00
       1307     18.275     3.9328   3.000328    32.0340    25.4339 0.0000e+00
       1308     18.082     3.9417   3.000963    32.0329    25.4321 0.0000e+00
       1309     17.889     3.9469   3.001454    32.0337    25.4322 0.0000e+00
       1310     17.694     3.9486   3.001783    32.0360    25.4339 0.0000e+00
       1311     17.490     3.9466   3.001719    32.0373    25.4352 0.0000e+00
       1312     17.274     3.9455   3.001806    32.0395    25.4370 0.0000e+00
       1313     17.029     3.9500   3.002461    32.0430    25.4393 0.0000e+00
       1314     16.738     3.9557   3.003034    32.0443    25.4398 0.0000e+00
       1315     16.390     3.9564   3.002976    32.0431    25.4388 0.0000e+00
       1316     15.977     3.9534   3.002656    32.0425    25.4386 0.0000e+00
       1317     15.507     3.9535   3.002734    32.0435    25.4394 0.0000e+00
       1318     14.990     3.9573   3.003060    32.0439    25.4394 0.0000e+00
       1319     14.436     3.9607   3.003227    32.0429    25.4382 0.0000e+00
       1320     13.859     3.9623   3.003279    32.0422    25.4375 0.0000e+00
       1321     13.281     3.9632   3.003326    32.0422    25.4374 0.0000e+00
       1322     12.717     3.9647   3.003424    32.0421    25.4373 0.0000e+00
       1323     12.163     3.9678   3.003613    32.0416    25.4365 0.0000e+00
       1324     11.612     3.9753   3.004177    32.0412    25.4355 0.0000e+00
       1325     11.043     3.9885   3.005312    32.0419    25.4348 0.0000e+00
       1326     10.454     4.0012   3.006383    32.0424    25.4340 0.0000e+00
       1327      9.898     4.0074   3.006795    32.0415    25.4326 0.0000e+00
       1328      9.401     4.0089   3.006770    32.0400    25.4313 0.0000e+00
       1329      8.944     4.0089   3.006624    32.0385    25.4301 0.0000e+00
       1330      8.526     4.0080   3.006516    32.0383    25.4300 0.0000e+00
       1331      8.096     4.0069   3.006493    32.0394    25.4310 0.0000e+00
       1332      7.590     4.0072   3.006558    32.0401    25.4315 0.0000e+00
       1333      7.060     4.0088   3.006670    32.0401    25.4314 0.0000e+00
       1334      6.580     4.0098   3.006658    32.0392    25.4306 0.0000e+00
       1335      6.177     4.0100   3.006632    32.0389    25.4303 0.0000e+00
       1336      5.839     4.0102   3.006682    32.0395    25.4308 0.0000e+00
       1337      5.532     4.0100   3.006646    32.0394    25.4307 0.0000e+00
       1338      5.247     4.0089   3.006516    32.0391    25.4306 0.0000e+00
       1339      4.980     4.0068   3.006329    32.0391    25.4308 0.0000e+00
       1340      4.725     4.0054   3.006228    32.0394    25.4312 0.0000e+00
       1341      4.476     4.0054   3.006295    32.0403    25.4319 0.0000e+00
       1342      4.213     4.0046   3.006198    32.0401    25.4318 0.0000e+00
       1343      3.957     4.0025   3.005915    32.0390    25.4311 0.0000e+00
       1344      3.739     4.0020   3.005861    32.0389    25.4311 0.0000e+00
       1345      3.552     4.0036   3.006031    32.0395    25.4314 0.0000e+00
       1346      3.399     4.0050   3.006150    32.0396    25.4313 0.0000e+00
       1347      3.284     4.0056   3.006221    32.0399    25.4315 0.0000e+00
       1348      3.166     4.0061   3.006292    32.0403    25.4318 0.0000e+00
       1349      3.010     4.0068   3.006329    32.0401    25.4316 0.0000e+00
       1350      2.825     4.0075   3.006351    32.0398    25.4313 0.0000e+00
       1351      2.655     4.0088   3.006420    32.0394    25.4308 0.0000e+00
       1352      2.506     4.0099   3.006534    32.0398    25.4310 0.0000e+00
       1353      2.359     4.0103   3.006572    32.0399    25.4311 0.0000e+00
       1354      2.237     4.0108   3.006619    32.0400    25.4311 0.0000e+00
       1355      2.153     4.0122   3.006769    32.0405    25.4313 0.0000e+00
       1356      2.053     4.0131   3.006839    32.0405    25.4312 0.0000e+00
       1357      1.909     4.0123   3.006720    32.0399    25.4309 0.0000e+00
       1358      1.762     4.0105   3.006528    32.0395    25.4307 0.0000e+00
       1359      1.643     4.0089   3.006411    32.0397    25.4311 0.0000e+00
       1360      1.538     4.0091   3.006442    32.0400    25.4312 0.0000e+00
       1361      1.443     4.0111   3.006637    32.0403    25.4313 0.0000e+00
       1362      1.403     4.0136   3.006872    32.0407    25.4314 0.0000e+00
       1363      1.418     4.0156   3.007056    32.0409    25.4313 0.0000e+00
       1364      1.392     4.0166   3.007141    32.0409    25.4313 0.0000e+00
       1365      1.271     4.0160   3.007060    32.0406    25.4311 0.0000e+00
       1366      1.097     4.0140   3.006832    32.0400    25.4308 0.0000e+00
       1367      0.908     4.0121   3.006648    32.0398    25.4308 0.0000e+00
       1368      0.711     4.0114   3.006451    32.0382    25.4296 0.0000e+00
       1369      0.512     4.0115   3.002567    31.9925    25.3933 0.0000e+00
       1370      0.346     4.0119   2.939076    31.2458    24.7998 0.0000e+00
       1371      0.246     4.0126   2.472131    25.8280    20.4977 0.0000e+00
       1372      0.209     4.0132   1.719144    17.3707    13.7914 0.0000e+00
       1373      0.209     4.0134   1.774938    17.9847    14.2781 0.0000e+00
       1374      0.214     4.0133   2.581391    27.0835    21.4940 0.0000e+00
       1375      0.211     4.0130   2.994573    31.8971    25.3173 0.0000e+00
       1376      0.203     4.0127   2.961112    31.5039    25.0048 0.0000e+00
       1377      0.196     4.0128   2.518123    26.3557    20.9165 0.0000e+00
       1378      0.197     4.0131   1.886581    19.2199    15.2572 0.0000e+00
       1379      0.201     4.0137   2.003455    20.5212    16.2888 0.0000e+00
       1380      0.204     4.0141   2.180016    22.5039    17.8608 0.0000e+00
       1381      0.214     4.0146   1.616498    16.2458    12.8997 0.0000e+00
       1382      0.229     4.0150   1.620832    16.2930    12.9370 0.0000e+00
       1383      0.239     4.0158   2.464929    25.7429    20.4299 0.0000e+00
       1384      0.241     4.0172   2.949355    31.3615    24.8912 0.0000e+00
       1385      0.241     4.0191   2.915969    30.9680    24.5783 0.0000e+00
       1386      0.244     4.0212   2.805594    29.6758    23.5516 0.0000e+00
       1387      0.246     4.0228   2.796265    29.5657    23.4640 0.0000e+00
       1388      0.238     4.0240   2.770233    29.2615    23.2223 0.0000e+00
       1389      0.220     4.0244   2.675334    28.1596    22.3473 0.0000e+00
       1390      0.203     4.0240   2.458559    25.6635    20.3663 0.0000e+00
       1391      0.193     4.0229   2.118049    21.7999    17.3020 0.0000e+00
       1392      0.182     4.0221   1.580415    15.8488    12.5846 0.0000e+00
       1393      0.182     4.0217   1.004543     9.7084     7.7153 0.0000e+00
       1394      0.210     4.0211   1.439698    14.3245    11.3763 0.0000e+00
       1395      0.261     4.0200   2.516756    26.3342    20.8988 0.0000e+00
       1396      0.303     4.0193   2.977766    31.6932    25.1547 0.0000e+00
       1397      0.323     4.0191   2.992113    31.8622    25.2889 0.0000e+00
       1398      0.344     4.0191   2.986666    31.7981    25.2380 0.0000e+00
       1399      0.371     4.0190   2.993244    31.8755    25.2996 0.0000e+00
       1400      0.391     4.0187   3.001292    31.9705    25.3751 0.0000e+00
       1401      0.393     4.0181   3.003918    32.0020    25.4002 0.0000e+00
       1402      0.358     4.0171   2.948042    31.3461    24.8790 0.0000e+00
       1403      0.286     4.0159   2.364188    24.5915    19.5164 0.0000e+00
       1404      0.216     4.0147   1.791407    18.1656    14.4214 0.0000e+00
       1405      0.176     4.0135   1.926680    19.6653    15.6103 0.0000e+00
       1406      0.155     4.0125   1.526478    15.2672    12.1240 0.0000e+00
       1407      0.143     4.0121   0.582192     5.4063     4.2971 0.0000e+00
       1408      0.136     4.0119   0.189640     1.6428     1.2944 0.0000e+00
       1409      0.134     4.0118   0.149680     1.2805     1.0042 0.0000e+00
       1410      0.134     4.0117   0.131567     1.1182     0.8741 0.0000e+00
       1411      0.131     4.0115   0.115815     0.9781     0.7618 0.0000e+00
       1412      0.125     4.0113   0.100370     0.8419     0.6525 0.0000e+00
       1413      0.122     4.0109   0.087734     0.7313     0.5637 0.0000e+00
       1414      0.122     4.0107   0.078700     0.6528     0.5006 0.0000e+00
       1415      0.121     4.0105   0.071973     0.5946     0.4539 0.0000e+00
       1416      0.117     4.0102   0.067577     0.5568     0.4235 0.0000e+00
       1417      0.115     4.0099   0.064505     0.5304     0.4023 0.0000e+00
       1418      0.117     4.0096   0.061803     0.5073     0.3837 0.0000e+00
       1419      0.117     4.0092   0.061141     0.5016     0.3791 0.0000e+00
       1420      0.116     4.0090   0.067756     0.5584     0.4247 0.0000e+00
       1421      0.119     4.0086   0.076896     0.6372     0.4881 0.0000e+00
       1422      0.120     4.0083   0.076623     0.6349     0.4862 0.0000e+00
       1423      0.118     4.0079   0.070227     0.5796     0.4418 0.0000e+00
       1424      0.117     4.0076   0.064350     0.5291     0.4012 0.0000e+00
       1425      0.118     4.0073   0.059310     0.4860     0.3666 0.0000e+00
       1426      0.120     4.0069   0.055806     0.4561     0.3425 0.0000e+00
       1427      0.123     4.0067   0.053972     0.4405     0.3300 0.0000e+00
       1428      0.126     4.0063   0.053112     0.4332     0.3241 0.0000e+00
       1429      0.128     4.0061   0.051953     0.4234     0.3162 0.0000e+00
       1430      0.127     4.0057   0.050075     0.4075     0.3034 0.0000e+00
       1431      0.125     4.0054   0.048343     0.3928     0.2916 0.0000e+00
       1432      0.124     4.0051   0.047363     0.3845     0.2849 0.0000e+00
       1433      0.124     4.0047   0.046674     0.3787     0.2803 0.0000e+00
       1434      0.123     4.0045   0.045662     0.3702     0.2734 0.0000e+00
       1435      0.120     4.0043   0.044495     0.3603     0.2655 0.0000e+00
