Datasets/Test_Dataset_39219_tow/tel219_2021_058.cnv
* Sea-Bird SBE19plus Data File:
* Filename = C:/AQUIRE/tel219_2021_058.hex
* Software Version AquireV2 AF V2.0
* Temperature SN =  4020
* Conductivity SN =  4020
* System UpLoad Time = May 14 2021 05:40:44
** VESSEL/TRIP/SEQ STN: tel219_2021_058
** LATITUDE: 45 07.69 N
** LONGITUDE: 54 53.00 W
** DATE/TIME: 2021-05-14 05:01
** SOUNDING DEPTH (M): 0100
** PROBE TYPE: S4020
** CTD NUMBER:  58
** FORMAT: T
** COMMENTS: 
# nquan = 7                                 
# nvalues = 2448                        
# units = specified
# name 0 = scan: Scan Count
# name 1 = prdM: Pressure, Strain Gauge [db]
# name 2 = tv290C: Temperature [ITS-90, deg C]
# name 3 = c0S/m: Conductivity [S/m]
# name 4 = sal00: Salinity, Practical [PSU]
# name 5 = sigma-t00: Density [sigma-t, kg/m^3 ]
# name 6 = flag: flag
# span 0 =          1,       2448       
# span 1 =     -0.093,     98.827       
# span 2 =     0.4461,     4.2797       
# span 3 =   0.014356,   3.062412       
# span 4 =     0.1120,    32.8926       
# span 5 =     0.0653,    26.3796       
# span 6 = 0.0000e+00, 0.0000e+00       
# interval = seconds: 1
# start_time = May 14 2021 05:01:24 [Instrument's time stamp, header]
# bad_flag = -9.990e-29
*END*
[from data line 1847]
       1848     61.895     1.0743   2.822285    32.7232    26.2102 0.0000e+00
       1849     61.229     1.0789   2.822753    32.7247    26.2112 0.0000e+00
       1850     60.550     1.0846   2.823106    32.7236    26.2100 0.0000e+00
       1851     59.859     1.0898   2.823067    32.7180    26.2052 0.0000e+00
       1852     59.153     1.0944   2.823017    32.7130    26.2008 0.0000e+00
       1853     58.428     1.0995   2.823290    32.7115    26.1993 0.0000e+00
       1854     57.686     1.1038   2.823636    32.7118    26.1993 0.0000e+00
       1855     56.942     1.1062   2.823369    32.7063    26.1947 0.0000e+00
       1856     56.200     1.1084   2.823098    32.7010    26.1903 0.0000e+00
       1857     55.450     1.1131   2.823985    32.7078    26.1955 0.0000e+00
       1858     54.693     1.1197   2.825051    32.7149    26.2008 0.0000e+00
       1859     53.938     1.1255   2.825424    32.7140    26.1997 0.0000e+00
       1860     53.190     1.1294   2.825576    32.7123    26.1981 0.0000e+00
       1861     52.447     1.1321   2.825768    32.7123    26.1980 0.0000e+00
       1862     51.719     1.1346   2.825827    32.7109    26.1966 0.0000e+00
       1863     51.029     1.1372   2.825721    32.7072    26.1935 0.0000e+00
       1864     50.383     1.1406   2.825802    32.7050    26.1916 0.0000e+00
       1865     49.787     1.1452   2.826138    32.7048    26.1911 0.0000e+00
       1866     49.251     1.1504   2.826595    32.7055    26.1914 0.0000e+00
       1867     48.772     1.1555   2.827060    32.7064    26.1917 0.0000e+00
       1868     48.343     1.1601   2.827416    32.7063    26.1914 0.0000e+00
       1869     47.952     1.1638   2.827652    32.7057    26.1907 0.0000e+00
       1870     47.579     1.1664   2.827748    32.7044    26.1895 0.0000e+00
       1871     47.211     1.1687   2.827776    32.7025    26.1878 0.0000e+00
       1872     46.843     1.1725   2.828000    32.7016    26.1869 0.0000e+00
       1873     46.476     1.1779   2.828435    32.7017    26.1866 0.0000e+00
       1874     46.114     1.1840   2.828828    32.7005    26.1853 0.0000e+00
       1875     45.762     1.1917   2.829213    32.6976    26.1824 0.0000e+00
       1876     45.420     1.2029   2.829927    32.6951    26.1797 0.0000e+00
       1877     45.084     1.2159   2.830850    32.6935    26.1776 0.0000e+00
       1878     44.751     1.2294   2.831579    32.6888    26.1730 0.0000e+00
       1879     44.417     1.2519   2.832816    32.6812    26.1655 0.0000e+00
       1880     44.076     1.2890   2.835406    32.6756    26.1585 0.0000e+00
       1881     43.731     1.3325   2.838500    32.6696    26.1510 0.0000e+00
       1882     43.379     1.3727   2.841068    32.6604    26.1410 0.0000e+00
       1883     43.018     1.4076   2.843290    32.6524    26.1323 0.0000e+00
       1884     42.639     1.4365   2.845297    32.6479    26.1268 0.0000e+00
       1885     42.235     1.4565   2.846764    32.6459    26.1238 0.0000e+00
       1886     41.802     1.4679   2.847522    32.6439    26.1214 0.0000e+00
       1887     41.349     1.4751   2.847849    32.6408    26.1185 0.0000e+00
       1888     40.896     1.4840   2.848240    32.6367    26.1146 0.0000e+00
       1889     40.459     1.4986   2.849137    32.6331    26.1107 0.0000e+00
       1890     40.039     1.5162   2.850495    32.6322    26.1088 0.0000e+00
       1891     39.626     1.5308   2.851686    32.6323    26.1079 0.0000e+00
       1892     39.204     1.5347   2.852183    32.6347    26.1096 0.0000e+00
       1893     38.762     1.5281   2.851774    32.6367    26.1116 0.0000e+00
       1894     38.307     1.5259   2.851422    32.6348    26.1103 0.0000e+00
       1895     37.851     1.5380   2.852307    32.6336    26.1085 0.0000e+00
       1896     37.386     1.5557   2.853799    32.6343    26.1079 0.0000e+00
       1897     36.894     1.5692   2.854926    32.6348    26.1074 0.0000e+00
       1898     36.374     1.5768   2.855427    32.6335    26.1058 0.0000e+00
       1899     35.835     1.5800   2.855249    32.6282    26.1014 0.0000e+00
       1900     35.285     1.5802   2.854641    32.6207    26.0953 0.0000e+00
       1901     34.741     1.5774   2.853896    32.6145    26.0905 0.0000e+00
       1902     34.235     1.5673   2.852708    32.6103    26.0878 0.0000e+00
       1903     33.793     1.5490   2.851430    32.6134    26.0916 0.0000e+00
       1904     33.401     1.5358   2.851118    32.6234    26.1005 0.0000e+00
       1905     33.034     1.5368   2.851153    32.6230    26.1001 0.0000e+00
       1906     32.709     1.5395   2.850907    32.6173    26.0953 0.0000e+00
       1907     32.442     1.5348   2.850883    32.6220    26.0994 0.0000e+00
       1908     32.207     1.5279   2.850799    32.6282    26.1049 0.0000e+00
       1909     31.975     1.5244   2.850313    32.6259    26.1032 0.0000e+00
       1910     31.731     1.5277   2.850130    32.6203    26.0985 0.0000e+00
       1911     31.471     1.5376   2.850708    32.6174    26.0956 0.0000e+00
       1912     31.205     1.5418   2.851052    32.6175    26.0954 0.0000e+00
       1913     30.955     1.5315   2.850873    32.6261    26.1030 0.0000e+00
       1914     30.733     1.5185   2.851288    32.6450    26.1190 0.0000e+00
       1915     30.535     1.5158   2.851983    32.6567    26.1285 0.0000e+00
       1916     30.348     1.5190   2.851973    32.6534    26.1256 0.0000e+00
       1917     30.158     1.5197   2.851423    32.6458    26.1195 0.0000e+00
       1918     29.964     1.5189   2.851187    32.6437    26.1179 0.0000e+00
       1919     29.782     1.5210   2.851923    32.6510    26.1236 0.0000e+00
       1920     29.635     1.5276   2.853145    32.6596    26.1301 0.0000e+00
       1921     29.525     1.5351   2.853621    32.6579    26.1282 0.0000e+00
       1922     29.422     1.5381   2.852879    32.6454    26.1180 0.0000e+00
       1923     29.302     1.5376   2.851770    32.6320    26.1073 0.0000e+00
       1924     29.173     1.5359   2.851189    32.6265    26.1030 0.0000e+00
       1925     29.050     1.5335   2.850960    32.6262    26.1029 0.0000e+00
       1926     28.928     1.5333   2.850709    32.6233    26.1006 0.0000e+00
       1927     28.803     1.5360   2.850526    32.6183    26.0964 0.0000e+00
       1928     28.683     1.5352   2.850553    32.6195    26.0974 0.0000e+00
       1929     28.572     1.5271   2.850730    32.6302    26.1065 0.0000e+00
       1930     28.462     1.5183   2.850671    32.6387    26.1139 0.0000e+00
       1931     28.340     1.5143   2.850356    32.6389    26.1144 0.0000e+00
       1932     28.205     1.5124   2.850379    32.6413    26.1164 0.0000e+00
       1933     28.072     1.5107   2.851146    32.6528    26.1258 0.0000e+00
       1934     27.948     1.5124   2.852453    32.6676    26.1375 0.0000e+00
       1935     27.824     1.5170   2.853282    32.6734    26.1418 0.0000e+00
       1936     27.693     1.5182   2.852877    32.6671    26.1367 0.0000e+00
       1937     27.554     1.5165   2.852502    32.6642    26.1345 0.0000e+00
       1938     27.409     1.5208   2.853744    32.6755    26.1433 0.0000e+00
       1939     27.254     1.5360   2.855874    32.6867    26.1512 0.0000e+00
       1940     27.090     1.5545   2.857093    32.6829    26.1469 0.0000e+00
       1941     26.924     1.5634   2.856881    32.6710    26.1368 0.0000e+00
       1942     26.748     1.5600   2.855935    32.6627    26.1304 0.0000e+00
       1943     26.561     1.5529   2.855010    32.6585    26.1275 0.0000e+00
       1944     26.368     1.5505   2.854887    32.6596    26.1285 0.0000e+00
       1945     26.175     1.5667   2.857088    32.6706    26.1363 0.0000e+00
       1946     25.986     1.6195   2.862877    32.6888    26.1473 0.0000e+00
       1947     25.798     1.6921   2.868579    32.6852    26.1394 0.0000e+00
       1948     25.602     1.7763   2.870129    32.6175    26.0792 0.0000e+00
       1949     25.393     1.9265   2.878507    32.5674    26.0284 0.0000e+00
       1950     25.177     2.1215   2.896389    32.5895    26.0318 0.0000e+00
       1951     24.953     2.2432   2.905301    32.5752    26.0111 0.0000e+00
       1952     24.696     2.2756   2.903820    32.5238    25.9676 0.0000e+00
       1953     24.385     2.3046   2.905220    32.5117    25.9556 0.0000e+00
       1954     24.029     2.3615   2.910719    32.5216    25.9592 0.0000e+00
       1955     23.667     2.4110   2.913587    32.5066    25.9433 0.0000e+00
       1956     23.324     2.4510   2.915512    32.4897    25.9267 0.0000e+00
       1957     22.977     2.5160   2.921277    32.4946    25.9254 0.0000e+00
       1958     22.588     2.6052   2.927342    32.4785    25.9054 0.0000e+00
       1959     22.136     2.6998   2.932480    32.4456    25.8715 0.0000e+00
       1960     21.607     2.7958   2.940249    32.4436    25.8619 0.0000e+00
       1961     21.006     2.8935   2.949497    32.4577    25.8650 0.0000e+00
       1962     20.356     3.0099   2.958343    32.4479    25.8474 0.0000e+00
       1963     19.675     3.1609   2.969446    32.4306    25.8205 0.0000e+00
       1964     18.966     3.3233   2.982258    32.4223    25.7995 0.0000e+00
       1965     18.234     3.4643   2.993172    32.4125    25.7789 0.0000e+00
       1966     17.490     3.5720   3.001505    32.4049    25.7630 0.0000e+00
       1967     16.747     3.6354   3.006446    32.4011    25.7540 0.0000e+00
       1968     16.015     3.6645   3.007631    32.3866    25.7398 0.0000e+00
       1969     15.302     3.7249   3.011299    32.3705    25.7213 0.0000e+00
       1970     14.616     3.8468   3.020628    32.3606    25.7018 0.0000e+00
       1971     13.967     3.9647   3.027999    32.3314    25.6672 0.0000e+00
       1972     13.346     4.0386   3.033000    32.3177    25.6491 0.0000e+00
       1973     12.739     4.0812   3.037122    32.3246    25.6504 0.0000e+00
       1974     12.166     4.1021   3.036641    32.2986    25.6277 0.0000e+00
       1975     11.636     4.1231   3.037599    32.2895    25.6183 0.0000e+00
       1976     11.164     4.1569   3.043651    32.3275    25.6452 0.0000e+00
       1977     10.768     4.1929   3.049996    32.3667    25.6728 0.0000e+00
       1978     10.433     4.2223   3.053774    32.3823    25.6822 0.0000e+00
       1979     10.133     4.2410   3.054505    32.3726    25.6726 0.0000e+00
       1980      9.839     4.2494   3.053549    32.3532    25.6564 0.0000e+00
       1981      9.532     4.2519   3.053107    32.3458    25.6502 0.0000e+00
       1982      9.210     4.2523   3.053981    32.3558    25.6581 0.0000e+00
       1983      8.884     4.2529   3.055342    32.3713    25.6704 0.0000e+00
       1984      8.572     4.2485   3.055075    32.3727    25.6719 0.0000e+00
       1985      8.307     4.2348   3.052607    32.3574    25.6611 0.0000e+00
       1986      8.135     4.2278   3.051020    32.3457    25.6526 0.0000e+00
       1987      8.073     4.2376   3.052310    32.3512    25.6560 0.0000e+00
       1988      8.058     4.2493   3.054823    32.3692    25.6691 0.0000e+00
       1989      7.981     4.2531   3.054961    32.3671    25.6670 0.0000e+00
       1990      7.778     4.2536   3.052543    32.3384    25.6442 0.0000e+00
       1991      7.436     4.2541   3.053024    32.3437    25.6483 0.0000e+00
       1992      6.982     4.2552   3.057215    32.3919    25.6866 0.0000e+00
       1993      6.481     4.2578   3.060117    32.4236    25.7115 0.0000e+00
       1994      6.001     4.2610   3.060802    32.4288    25.7152 0.0000e+00
       1995      5.558     4.2618   3.061034    32.4309    25.7168 0.0000e+00
       1996      5.083     4.2617   3.061029    32.4312    25.7171 0.0000e+00
       1997      4.524     4.2614   3.060360    32.4239    25.7113 0.0000e+00
       1998      3.970     4.2590   3.059380    32.4151    25.7046 0.0000e+00
       1999      3.516     4.2590   3.059335    32.4148    25.7043 0.0000e+00
       2000      3.124     4.2637   3.060180    32.4203    25.7082 0.0000e+00
       2001      2.728     4.2675   3.060681    32.4226    25.7097 0.0000e+00
       2002      2.341     4.2679   3.060575    32.4212    25.7085 0.0000e+00
       2003      2.024     4.2683   3.060654    32.4219    25.7090 0.0000e+00
       2004      1.788     4.2703   3.061292    32.4275    25.7133 0.0000e+00
       2005      1.608     4.2724   3.061900    32.4326    25.7171 0.0000e+00
       2006      1.458     4.2738   3.061955    32.4320    25.7165 0.0000e+00
       2007      1.294     4.2738   3.061639    32.4284    25.7136 0.0000e+00
       2008      1.140     4.2733   3.061547    32.4279    25.7132 0.0000e+00
       2009      1.044     4.2744   3.061926    32.4313    25.7158 0.0000e+00
       2010      0.950     4.2769   3.062334    32.4336    25.7175 0.0000e+00
       2011      0.795     4.2782   3.062412    32.4333    25.7171 0.0000e+00
       2012      0.616     4.2784   3.062351    32.4325    25.7164 0.0000e+00
       2013      0.462     4.2792   3.007194    31.7867    25.2034 0.0000e+00
       2014      0.347     4.2797   2.396066    24.7555    19.6259 0.0000e+00
       2015      0.277     4.2775   1.263499    12.3396     9.7918 0.0000e+00
       2016      0.239     4.2731   0.609124     5.6294     4.4690 0.0000e+00
       2017      0.232     4.2700   0.693101     6.4654     5.1334 0.0000e+00
       2018      0.244     4.2704   0.873548     8.2892     6.5812 0.0000e+00
       2019      0.242     4.2726   0.937287     8.9413     7.0984 0.0000e+00
       2020      0.228     4.2740   1.140860    11.0516     8.7714 0.0000e+00
       2021      0.226     4.2733   1.192621    11.5945     9.2016 0.0000e+00
       2022      0.243     4.2689   1.400182    13.7943    10.9446 0.0000e+00
       2023      0.273     4.2636   2.241596    23.0245    18.2554 0.0000e+00
       2024      0.294     4.2617   2.905490    30.6180    24.2773 0.0000e+00
       2025      0.299     4.2622   3.043792    32.2313    25.5582 0.0000e+00
       2026      0.295     4.2647   3.049426    32.2948    25.6084 0.0000e+00
       2027      0.286     4.2695   3.040057    32.1804    25.5171 0.0000e+00
       2028      0.280     4.2736   2.880059    30.3115    24.0329 0.0000e+00
       2029      0.284     4.2757   2.653385    27.6928    21.9550 0.0000e+00
       2030      0.291     4.2767   2.620432    27.3141    21.6545 0.0000e+00
       2031      0.290     4.2774   2.531524    26.2970    20.8480 0.0000e+00
       2032      0.288     4.2780   2.150242    21.9907    17.4353 0.0000e+00
       2033      0.293     4.2784   2.024765    20.5928    16.3280 0.0000e+00
       2034      0.294     4.2788   2.472046    25.6185    20.3100 0.0000e+00
       2035      0.289     4.2786   2.785928    29.2167    23.1636 0.0000e+00
       2036      0.280     4.2775   2.383143    24.6109    19.5114 0.0000e+00
       2037      0.280     4.2758   1.768482    17.7709    14.0933 0.0000e+00
       2038      0.290     4.2745   1.802423    18.1431    14.3881 0.0000e+00
       2039      0.294     4.2750   2.314534    23.8375    18.8987 0.0000e+00
       2040      0.290     4.2764   2.217859    22.7490    18.0362 0.0000e+00
       2041      0.277     4.2769   1.572101    15.6364    12.4031 0.0000e+00
       2042      0.259     4.2758   1.113341    10.7635     8.5430 0.0000e+00
       2043      0.250     4.2733   0.651630     6.0510     4.8041 0.0000e+00
       2044      0.248     4.2700   0.288303     2.5380     2.0075 0.0000e+00
       2045      0.250     4.2660   0.186672     1.6032     1.2608 0.0000e+00
       2046      0.254     4.2617   0.134860     1.1389     0.8892 0.0000e+00
       2047      0.256     4.2573   0.116075     0.9731     0.7564 0.0000e+00
       2048      0.255     4.2530   0.109564     0.9161     0.7107 0.0000e+00
       2049      0.254     4.2487   0.106275     0.8874     0.6878 0.0000e+00
       2050      0.255     4.2447   0.103452     0.8629     0.6681 0.0000e+00
       2051      0.258     4.2407   0.100915     0.8408     0.6504 0.0000e+00
