Datasets/Test_Dataset_39219_tow/tel219_2021_080.cnv
* Sea-Bird SBE19plus Data File:
* Filename = C:/AQUIRE/tel219_2021_080.hex
* Software Version AquireV2 AF V2.0
* Temperature SN =  4020
* Conductivity SN =  4020
* System UpLoad Time = May 16 2021 12:27:46
** VESSEL/TRIP/SEQ STN: tel219_2021_080
** LATITUDE: 45 48.49 N
** LONGITUDE: 56 14.56 W
** DATE/TIME: 2021-05-16 11:52
** SOUNDING DEPTH (M): 0054
** PROBE TYPE: S4020
** CTD NUMBER:  80
** FORMAT: T
** COMMENTS: 
# nquan = 7                                 
# nvalues = 2174                        
# units = specified
# name 0 = scan: Scan Count
# name 1 = prdM: Pressure, Strain Gauge [db]
# name 2 = tv290C: Temperature [ITS-90, deg C]
# name 3 = c0S/m: Conductivity [S/m]
# name 4 = sal00: Salinity, Practical [PSU]
# name 5 = sigma-t00: Density [sigma-t, kg/m^3 ]
# name 6 = flag: flag
# span 0 =          1,       2174       
# span 1 =     -0.001,     51.652       
# span 2 =     3.6295,     5.2634       
# span 3 =   0.008625,   3.067058       
# span 4 =     0.0640,    32.3559       
# span 5 =     0.0135,    25.7138       
# span 6 = 0.0000e+00, 0.0000e+00       
# interval = seconds: 1
# start_time = May 16 2021 11:52:35 [Instrument's time stamp, header]
# bad_flag = -9.990e-29
*END*
[from data line 1847]
       1848      0.055     4.4022   0.022622     0.1765     0.1158 0.0000e+00
       1849      0.054     4.4025   0.022517     0.1757     0.1151 0.0000e+00
       1850      0.054     4.4030   0.022422     0.1749     0.1145 0.0000e+00
       1851      0.057     4.4034   0.022321     0.1741     0.1138 0.0000e+00
       1852      0.060     4.4039   0.022230     0.1733     0.1132 0.0000e+00
       1853      0.060     4.4040   0.022172     0.1729     0.1128 0.0000e+00
       1854      0.057     4.4038   0.022115     0.1724     0.1125 0.0000e+00
       1855      0.053     4.4038   0.022018     0.1716     0.1118 0.0000e+00
       1856      0.051     4.4041   0.021908     0.1707     0.1111 0.0000e+00
       1857      0.050     4.4050   0.021832     0.1701     0.1106 0.0000e+00
       1858      0.050     4.4062   0.021780     0.1697     0.1103 0.0000e+00
       1859      0.049     4.4069   0.021701     0.1691     0.1097 0.0000e+00
       1860      0.048     4.4070   0.021594     0.1682     0.1090 0.0000e+00
       1861      0.049     4.4068   0.021507     0.1675     0.1085 0.0000e+00
       1862      0.051     4.4066   0.021454     0.1671     0.1081 0.0000e+00
       1863      0.052     4.4066   0.021403     0.1667     0.1078 0.0000e+00
       1864      0.053     4.4069   0.021327     0.1660     0.1073 0.0000e+00
       1865      0.053     4.4071   0.021237     0.1653     0.1067 0.0000e+00
       1866      0.053     4.4072   0.021173     0.1648     0.1063 0.0000e+00
       1867      0.053     4.4072   0.021131     0.1645     0.1060 0.0000e+00
       1868      0.052     4.4074   0.021062     0.1639     0.1056 0.0000e+00
       1869      0.050     4.4074   0.020968     0.1631     0.1050 0.0000e+00
       1870      0.050     4.4072   0.020901     0.1626     0.1045 0.0000e+00
       1871      0.049     4.4071   0.020879     0.1624     0.1044 0.0000e+00
       1872      0.048     4.4074   0.020865     0.1623     0.1043 0.0000e+00
       1873      0.048     4.4079   0.020812     0.1619     0.1040 0.0000e+00
       1874      0.047     4.4085   0.020703     0.1610     0.1032 0.0000e+00
       1875      0.047     4.4090   0.020584     0.1600     0.1025 0.0000e+00
       1876      0.047     4.4093   0.020512     0.1595     0.1020 0.0000e+00
       1877      0.046     4.4098   0.020505     0.1594     0.1019 0.0000e+00
       1878      0.045     4.4105   0.020512     0.1595     0.1020 0.0000e+00
       1879      0.045     4.4115   0.020441     0.1589     0.1015 0.0000e+00
       1880      0.047     4.4125   0.020289     0.1577     0.1005 0.0000e+00
       1881      0.049     4.4135   0.020168     0.1567     0.0997 0.0000e+00
       1882      0.050     4.4143   0.020154     0.1566     0.0996 0.0000e+00
       1883      0.052     4.4153   0.020208     0.1570     0.1000 0.0000e+00
       1884      0.055     4.4163   0.020212     0.1570     0.1000 0.0000e+00
       1885      0.054     4.4172   0.020099     0.1561     0.0992 0.0000e+00
       1886      0.052     4.4176   0.019946     0.1549     0.0982 0.0000e+00
       1887      0.050     4.4178   0.019875     0.1543     0.0978 0.0000e+00
       1888      0.047     4.4181   0.019905     0.1545     0.0980 0.0000e+00
       1889      0.046     4.4181   0.019951     0.1549     0.0983 0.0000e+00
       1890      0.045     4.4179   0.019900     0.1545     0.0979 0.0000e+00
       1891      0.044     4.4177   0.019766     0.1534     0.0971 0.0000e+00
       1892      0.043     4.4177   0.019682     0.1528     0.0965 0.0000e+00
       1893      0.040     4.4178   0.019696     0.1529     0.0966 0.0000e+00
       1894      0.040     4.4182   0.019723     0.1531     0.0968 0.0000e+00
       1895      0.044     4.4187   0.019667     0.1526     0.0964 0.0000e+00
       1896      0.045     4.4193   0.019547     0.1517     0.0956 0.0000e+00
       1897      0.046     4.4202   0.019447     0.1509     0.0950 0.0000e+00
       1898      0.047     4.4211   0.019390     0.1504     0.0946 0.0000e+00
       1899      0.046     4.4214   0.019353     0.1501     0.0944 0.0000e+00
       1900      0.043     4.4211   0.019315     0.1498     0.0941 0.0000e+00
       1901      0.040     4.4209   0.019258     0.1493     0.0938 0.0000e+00
       1902      0.039     4.4212   0.019183     0.1487     0.0933 0.0000e+00
       1903      0.038     4.4221   0.019106     0.1481     0.0928 0.0000e+00
       1904      0.039     4.4230   0.019050     0.1477     0.0924 0.0000e+00
       1905      0.041     4.4238   0.019015     0.1474     0.0922 0.0000e+00
       1906      0.041     4.4247   0.018963     0.1470     0.0918 0.0000e+00
       1907      0.042     4.4260   0.018875     0.1462     0.0912 0.0000e+00
       1908      0.046     4.4270   0.018792     0.1456     0.0907 0.0000e+00
       1909      0.048     4.4275   0.018753     0.1453     0.0904 0.0000e+00
       1910      0.047     4.4276   0.018726     0.1450     0.0903 0.0000e+00
       1911      0.046     4.4278   0.018668     0.1446     0.0899 0.0000e+00
       1912      0.045     4.4284   0.018585     0.1439     0.0893 0.0000e+00
       1913      0.046     4.4296   0.018530     0.1435     0.0890 0.0000e+00
       1914      0.048     4.4310   0.018518     0.1434     0.0889 0.0000e+00
       1915      0.048     4.4321   0.018501     0.1432     0.0888 0.0000e+00
       1916      0.046     4.4328   0.018431     0.1427     0.0883 0.0000e+00
       1917      0.045     4.4329   0.018328     0.1418     0.0876 0.0000e+00
       1918      0.044     4.4331   0.018248     0.1412     0.0871 0.0000e+00
       1919      0.044     4.4334   0.018226     0.1410     0.0870 0.0000e+00
       1920      0.041     4.4335   0.018245     0.1412     0.0871 0.0000e+00
       1921      0.035     4.4335   0.018250     0.1412     0.0871 0.0000e+00
       1922      0.033     4.4336   0.018198     0.1408     0.0868 0.0000e+00
       1923      0.033     4.4338   0.018114     0.1401     0.0862 0.0000e+00
       1924      0.033     4.4347   0.018056     0.1397     0.0859 0.0000e+00
       1925      0.034     4.4360   0.018028     0.1394     0.0857 0.0000e+00
       1926      0.037     4.4368   0.017994     0.1392     0.0854 0.0000e+00
       1927      0.039     4.4373   0.017942     0.1387     0.0851 0.0000e+00
       1928      0.040     4.4376   0.017899     0.1384     0.0848 0.0000e+00
       1929      0.041     4.4381   0.017890     0.1383     0.0848 0.0000e+00
       1930      0.042     4.4385   0.017865     0.1381     0.0846 0.0000e+00
       1931      0.041     4.4392   0.017778     0.1374     0.0840 0.0000e+00
       1932      0.038     4.4405   0.017683     0.1367     0.0834 0.0000e+00
       1933      0.036     4.4416   0.017661     0.1365     0.0832 0.0000e+00
       1934      0.034     4.4424   0.017707     0.1368     0.0835 0.0000e+00
       1935      0.032     4.4427   0.017741     0.1371     0.0838 0.0000e+00
       1936      0.031     4.4424   0.017696     0.1368     0.0835 0.0000e+00
       1937      0.031     4.4422   0.017595     0.1359     0.0828 0.0000e+00
       1938      0.032     4.4425   0.017525     0.1354     0.0824 0.0000e+00
       1939      0.033     4.4433   0.017510     0.1353     0.0823 0.0000e+00
       1940      0.033     4.4440   0.017512     0.1353     0.0823 0.0000e+00
       1941      0.033     4.4447   0.017491     0.1351     0.0821 0.0000e+00
       1942      0.032     4.4452   0.017441     0.1347     0.0818 0.0000e+00
       1943      0.032     4.4457   0.017380     0.1342     0.0814 0.0000e+00
       1944      0.032     4.4459   0.017326     0.1338     0.0810 0.0000e+00
       1945      0.031     4.4457   0.017286     0.1335     0.0808 0.0000e+00
       1946      0.031     4.4451   0.017264     0.1333     0.0807 0.0000e+00
       1947      0.031     4.4445   0.017250     0.1332     0.0806 0.0000e+00
       1948      0.032     4.4443   0.017234     0.1331     0.0805 0.0000e+00
       1949      0.033     4.4443   0.017215     0.1329     0.0804 0.0000e+00
       1950      0.032     4.4441   0.017192     0.1327     0.0802 0.0000e+00
       1951      0.030     4.4441   0.017150     0.1324     0.0799 0.0000e+00
       1952      0.029     4.4446   0.017091     0.1319     0.0796 0.0000e+00
       1953      0.028     4.4457   0.017049     0.1316     0.0793 0.0000e+00
       1954      0.028     4.4470   0.017033     0.1314     0.0792 0.0000e+00
       1955      0.030     4.4481   0.017012     0.1313     0.0790 0.0000e+00
       1956      0.034     4.4485   0.016975     0.1310     0.0788 0.0000e+00
       1957      0.035     4.4486   0.016946     0.1307     0.0786 0.0000e+00
       1958      0.034     4.4485   0.016929     0.1306     0.0785 0.0000e+00
       1959      0.034     4.4485   0.016892     0.1303     0.0782 0.0000e+00
       1960      0.035     4.4487   0.016832     0.1298     0.0778 0.0000e+00
       1961      0.034     4.4490   0.016795     0.1295     0.0776 0.0000e+00
       1962      0.032     4.4493   0.016815     0.1297     0.0777 0.0000e+00
       1963      0.032     4.4492   0.016858     0.1300     0.0780 0.0000e+00
       1964      0.032     4.4491   0.016851     0.1300     0.0780 0.0000e+00
       1965      0.033     4.4495   0.016781     0.1294     0.0775 0.0000e+00
       1966      0.034     4.4504   0.016721     0.1289     0.0771 0.0000e+00
       1967      0.033     4.4515   0.016719     0.1289     0.0771 0.0000e+00
       1968      0.029     4.4528   0.016744     0.1291     0.0772 0.0000e+00
       1969      0.026     4.4541   0.016729     0.1290     0.0771 0.0000e+00
       1970      0.024     4.4550   0.016664     0.1285     0.0767 0.0000e+00
       1971      0.025     4.4557   0.016599     0.1280     0.0763 0.0000e+00
       1972      0.028     4.4563   0.016570     0.1277     0.0761 0.0000e+00
       1973      0.029     4.4566   0.016573     0.1277     0.0761 0.0000e+00
       1974      0.028     4.4568   0.016578     0.1278     0.0761 0.0000e+00
       1975      0.028     4.4574   0.016544     0.1275     0.0759 0.0000e+00
       1976      0.028     4.4586   0.016490     0.1271     0.0755 0.0000e+00
       1977      0.028     4.4598   0.016448     0.1267     0.0753 0.0000e+00
       1978      0.028     4.4608   0.016422     0.1265     0.0751 0.0000e+00
       1979      0.029     4.4611   0.016394     0.1263     0.0749 0.0000e+00
       1980      0.029     4.4613   0.016354     0.1260     0.0746 0.0000e+00
       1981      0.028     4.4621   0.016313     0.1257     0.0744 0.0000e+00
       1982      0.028     4.4636   0.016288     0.1254     0.0742 0.0000e+00
       1983      0.027     4.4652   0.016271     0.1253     0.0741 0.0000e+00
       1984      0.027     4.4665   0.016238     0.1250     0.0738 0.0000e+00
       1985      0.027     4.4673   0.016185     0.1246     0.0735 0.0000e+00
       1986      0.027     4.4676   0.016140     0.1243     0.0732 0.0000e+00
       1987      0.027     4.4676   0.016118     0.1241     0.0731 0.0000e+00
       1988      0.028     4.4681   0.016103     0.1240     0.0730 0.0000e+00
       1989      0.028     4.4689   0.016081     0.1238     0.0728 0.0000e+00
       1990      0.029     4.4694   0.016049     0.1235     0.0726 0.0000e+00
       1991      0.030     4.4696   0.016013     0.1232     0.0724 0.0000e+00
       1992      0.031     4.4699   0.015986     0.1230     0.0722 0.0000e+00
       1993      0.027     4.4702   0.015971     0.1229     0.0721 0.0000e+00
       1994      0.022     4.4701   0.015955     0.1228     0.0720 0.0000e+00
       1995      0.018     4.4697   0.015932     0.1226     0.0719 0.0000e+00
       1996      0.016     4.4694   0.015917     0.1225     0.0718 0.0000e+00
       1997      0.019     4.4692   0.015919     0.1225     0.0718 0.0000e+00
       1998      0.021     4.4695   0.015914     0.1225     0.0717 0.0000e+00
       1999      0.020     4.4701   0.015877     0.1222     0.0715 0.0000e+00
       2000      0.020     4.4706   0.015835     0.1218     0.0712 0.0000e+00
       2001      0.021     4.4710   0.015826     0.1218     0.0712 0.0000e+00
       2002      0.023     4.4714   0.015837     0.1218     0.0712 0.0000e+00
       2003      0.023     4.4718   0.015820     0.1217     0.0711 0.0000e+00
       2004      0.022     4.4722   0.015770     0.1213     0.0708 0.0000e+00
       2005      0.021     4.4729   0.015729     0.1210     0.0705 0.0000e+00
       2006      0.023     4.4741   0.015720     0.1209     0.0705 0.0000e+00
       2007      0.026     4.4753   0.015723     0.1209     0.0705 0.0000e+00
       2008      0.027     4.4759   0.015710     0.1208     0.0704 0.0000e+00
       2009      0.025     4.4762   0.015664     0.1204     0.0701 0.0000e+00
       2010      0.021     4.4768   0.015617     0.1201     0.0698 0.0000e+00
       2011      0.019     4.4776   0.015612     0.1200     0.0697 0.0000e+00
       2012      0.018     4.4783   0.015635     0.1202     0.0699 0.0000e+00
       2013      0.019     4.4786   0.015626     0.1201     0.0698 0.0000e+00
       2014      0.022     4.4787   0.015572     0.1197     0.0695 0.0000e+00
       2015      0.026     4.4788   0.015522     0.1193     0.0691 0.0000e+00
       2016      0.027     4.4793   0.015507     0.1192     0.0690 0.0000e+00
       2017      0.025     4.4801   0.015517     0.1193     0.0691 0.0000e+00
       2018      0.024     4.4809   0.015528     0.1194     0.0691 0.0000e+00
       2019      0.024     4.4811   0.015512     0.1192     0.0690 0.0000e+00
       2020      0.022     4.4812   0.015460     0.1188     0.0687 0.0000e+00
       2021      0.022     4.4821   0.015401     0.1183     0.0683 0.0000e+00
       2022      0.023     4.4848   0.015382     0.1182     0.0682 0.0000e+00
       2023      0.022     4.4885   0.015508     0.1192     0.0689 0.0000e+00
       2024      0.020     4.4911   0.015733     0.1209     0.0703 0.0000e+00
       2025      0.017     4.4920   0.015810     0.1216     0.0708 0.0000e+00
       2026      0.013     4.4920   0.015716     0.1208     0.0702 0.0000e+00
       2027      0.014     4.4920   0.015613     0.1200     0.0696 0.0000e+00
       2028      0.016     4.4921   0.015556     0.1195     0.0692 0.0000e+00
       2029      0.016     4.4924   0.015524     0.1193     0.0690 0.0000e+00
       2030      0.017     4.4930   0.015484     0.1190     0.0687 0.0000e+00
       2031      0.016     4.4939   0.015438     0.1186     0.0684 0.0000e+00
       2032      0.015     4.4957   0.015412     0.1184     0.0682 0.0000e+00
       2033      0.014     4.4977   0.015399     0.1183     0.0681 0.0000e+00
       2034      0.011     4.4985   0.015371     0.1180     0.0680 0.0000e+00
       2035      0.010     4.4981   0.015324     0.1177     0.0677 0.0000e+00
       2036      0.010     4.4977   0.015282     0.1173     0.0674 0.0000e+00
       2037      0.009     4.4978   0.015258     0.1172     0.0672 0.0000e+00
       2038      0.006     4.4991   0.015247     0.1171     0.0672 0.0000e+00
       2039      0.007     4.5005   0.015240     0.1170     0.0671 0.0000e+00
       2040      0.013     4.5013   0.015236     0.1170     0.0671 0.0000e+00
       2041      0.015     4.5020   0.015221     0.1168     0.0670 0.0000e+00
       2042      0.016     4.5036   0.015291     0.1174     0.0674 0.0000e+00
       2043      0.017     4.5058   0.016100     0.1238     0.0725 0.0000e+00
       2044      0.016     4.5076   0.019005     0.1470     0.0911 0.0000e+00
       2045      0.013     4.5086   0.028255     0.2215     0.1511 0.0000e+00
       2046      0.012     4.5092   0.051066     0.4097     0.3022 0.0000e+00
       2047      0.012     4.5097   0.074979     0.6114     0.4641 0.0000e+00
       2048      0.012     4.5096   0.077439     0.6323     0.4809 0.0000e+00
       2049      0.013     4.5092   0.066812     0.5420     0.4085 0.0000e+00
       2050      0.013     4.5090   0.060056     0.4850     0.3627 0.0000e+00
       2051      0.009     4.5092   0.057405     0.4627     0.3448 0.0000e+00
