Datasets/Test_Dataset_39219_tow/tel219_2021_061.cnv
* Sea-Bird SBE19plus Data File:
* Filename = C:/AQUIRE/tel219_2021_061.hex
* Software Version AquireV2 AF V2.0
* Temperature SN =  4020
* Conductivity SN =  4020
* System UpLoad Time = May 14 2021 14:37:52
** VESSEL/TRIP/SEQ STN: tel219_2021_061
** LATITUDE: 45 22.83 N
** LONGITUDE: 54 41.58 W
** DATE/TIME: 2021-05-14 14:03
** SOUNDING DEPTH (M): 0082
** PROBE TYPE: S4020
** CTD NUMBER: 061
** FORMAT: T
** COMMENTS: 
# nquan = 7                                 
# nvalues = 2137                        
# units = specified
# name 0 = scan: Scan Count
# name 1 = prdM: Pressure, Strain Gauge [db]
# name 2 = tv290C: Temperature [ITS-90, deg C]
# name 3 = c0S/m: Conductivity [S/m]
# name 4 = sal00: Salinity, Practical [PSU]
# name 5 = sigma-t00: Density [sigma-t, kg/m^3 ]
# name 6 = flag: flag
# span 0 =          1,       2137       
# span 1 =     -0.234,     80.904       
# span 2 =     0.4441,     7.0085       
# span 3 =   0.018318,   3.075492       
# span 4 =     0.1452,    32.8139       
# span 5 =     0.0753,    26.3175       
# span 6 = 0.0000e+00, 0.0000e+00       
# interval = seconds: 1
# start_time = May 14 2021 14:03:10 [Instrument's time stamp, header]
# bad_flag = -9.990e-29
*END*
          1     -0.104     6.9980   0.032499     0.2386     0.0945 0.0000e+00
          2     -0.103     6.9946   0.032633     0.2397     0.0955 0.0000e+00
          3     -0.103     6.9918   0.032776     0.2408     0.0965 0.0000e+00
          4     -0.104     6.9906   0.032879     0.2416     0.0972 0.0000e+00
          5     -0.107     6.9871   0.033020     0.2427     0.0982 0.0000e+00
          6     -0.110     6.9806   0.033242     0.2444     0.0999 0.0000e+00
          7     -0.110     6.9756   0.033501     0.2464     0.1017 0.0000e+00
          8     -0.109     6.9760   0.033662     0.2476     0.1027 0.0000e+00
          9     -0.112     6.9803   0.033628     0.2473     0.1022 0.0000e+00
         10     -0.115     6.9858   0.033550     0.2467     0.1015 0.0000e+00
         11     -0.115     6.9901   0.033555     0.2467     0.1013 0.0000e+00
         12     -0.112     6.9923   0.033578     0.2469     0.1013 0.0000e+00
         13     -0.106     6.9932   0.033508     0.2463     0.1008 0.0000e+00
         14     -0.103     6.9947   0.033324     0.2449     0.0996 0.0000e+00
         15     -0.105     6.9977   0.033139     0.2435     0.0984 0.0000e+00
         16     -0.105     7.0007   0.033040     0.2427     0.0976 0.0000e+00
         17     -0.102     7.0029   0.032977     0.2422     0.0971 0.0000e+00
         18     -0.100     7.0046   0.032856     0.2413     0.0963 0.0000e+00
         19     -0.100     7.0065   0.032651     0.2397     0.0949 0.0000e+00
         20     -0.100     7.0081   0.032408     0.2379     0.0934 0.0000e+00
         21     -0.102     7.0085   0.032236     0.2366     0.0923 0.0000e+00
         22     -0.102     7.0075   0.032203     0.2363     0.0922 0.0000e+00
         23     -0.099     7.0055   0.032261     0.2368     0.0926 0.0000e+00
         24     -0.098     7.0037   0.032291     0.2370     0.0929 0.0000e+00
         25     -0.098     7.0030   0.032200     0.2363     0.0924 0.0000e+00
         26     -0.099     7.0040   0.032017     0.2349     0.0913 0.0000e+00
         27     -0.101     7.0052   0.031905     0.2341     0.0905 0.0000e+00
         28     -0.105     7.0037   0.031967     0.2346     0.0910 0.0000e+00
         29     -0.109     6.9999   0.032092     0.2355     0.0919 0.0000e+00
         30     -0.107     6.9974   0.032095     0.2356     0.0921 0.0000e+00
         31     -0.104     6.9974   0.031990     0.2348     0.0914 0.0000e+00
         32     -0.102     6.9987   0.031942     0.2344     0.0911 0.0000e+00
         33     -0.100     6.9999   0.031950     0.2345     0.0911 0.0000e+00
         34     -0.102     7.0000   0.031877     0.2339     0.0906 0.0000e+00
         35     -0.105     6.9993   0.031686     0.2325     0.0895 0.0000e+00
         36     -0.107     6.9971   0.031536     0.2313     0.0887 0.0000e+00
         37     -0.106     6.9934   0.031618     0.2320     0.0894 0.0000e+00
         38     -0.101     6.9905   0.031837     0.2337     0.0909 0.0000e+00
         39     -0.098     6.9905   0.031876     0.2340     0.0911 0.0000e+00
         40     -0.100     6.9922   0.031608     0.2319     0.0894 0.0000e+00
         41     -0.102     6.9939   0.031272     0.2294     0.0873 0.0000e+00
         42     -0.103     6.9956   0.031127     0.2282     0.0863 0.0000e+00
         43     -0.105     6.9959   0.031155     0.2285     0.0865 0.0000e+00
         44     -0.108     6.9935   0.031236     0.2291     0.0871 0.0000e+00
         45     -0.109     6.9907   0.031247     0.2292     0.0873 0.0000e+00
         46     -0.111     6.9902   0.031088     0.2280     0.0864 0.0000e+00
         47     -0.112     6.9909   0.030859     0.2262     0.0849 0.0000e+00
         48     -0.112     6.9909   0.030770     0.2256     0.0844 0.0000e+00
         49     -0.109     6.9901   0.030851     0.2262     0.0849 0.0000e+00
         50     -0.105     6.9890   0.030949     0.2269     0.0856 0.0000e+00
         51     -0.103     6.9863   0.030950     0.2270     0.0857 0.0000e+00
         52     -0.104     6.9806   0.030909     0.2267     0.0858 0.0000e+00
         53     -0.105     6.9746   0.030957     0.2271     0.0864 0.0000e+00
         54     -0.106     6.9722   0.031049     0.2278     0.0871 0.0000e+00
         55     -0.107     6.9727   0.031063     0.2279     0.0871 0.0000e+00
         56     -0.106     6.9736   0.030995     0.2274     0.0867 0.0000e+00
         57     -0.104     6.9740   0.030877     0.2265     0.0859 0.0000e+00
         58     -0.103     6.9739   0.030761     0.2256     0.0852 0.0000e+00
         59     -0.102     6.9741   0.030665     0.2249     0.0846 0.0000e+00
         60     -0.101     6.9752   0.030526     0.2238     0.0837 0.0000e+00
         61     -0.100     6.9768   0.030329     0.2223     0.0825 0.0000e+00
         62     -0.102     6.9780   0.030128     0.2208     0.0812 0.0000e+00
         63     -0.104     6.9788   0.029966     0.2196     0.0802 0.0000e+00
         64     -0.105     6.9794   0.029829     0.2185     0.0793 0.0000e+00
         65     -0.107     6.9800   0.029709     0.2176     0.0786 0.0000e+00
         66     -0.109     6.9800   0.029634     0.2170     0.0781 0.0000e+00
         67     -0.109     6.9790   0.029569     0.2166     0.0778 0.0000e+00
         68     -0.105     6.9768   0.029487     0.2159     0.0774 0.0000e+00
         69     -0.102     6.9745   0.029399     0.2153     0.0770 0.0000e+00
         70     -0.104     6.9733   0.029328     0.2148     0.0766 0.0000e+00
         71     -0.107     6.9726   0.029330     0.2148     0.0767 0.0000e+00
         72     -0.109     6.9719   0.029398     0.2153     0.0771 0.0000e+00
         73     -0.110     6.9715   0.029423     0.2155     0.0773 0.0000e+00
         74     -0.112     6.9714   0.029322     0.2147     0.0767 0.0000e+00
         75     -0.114     6.9712   0.029156     0.2135     0.0757 0.0000e+00
         76     -0.116     6.9705   0.029083     0.2129     0.0753 0.0000e+00
         77     -0.116     6.9667   0.029275     0.2144     0.0766 0.0000e+00
         78     -0.113     6.9572   0.029722     0.2178     0.0798 0.0000e+00
         79     -0.110     6.9450   0.030156     0.2212     0.0831 0.0000e+00
         80     -0.110     6.9343   0.030425     0.2233     0.0852 0.0000e+00
         81     -0.113     6.9238   0.030812     0.2263     0.0881 0.0000e+00
         82     -0.114     6.9107   0.032402     0.2385     0.0984 0.0000e+00
         83     -0.113     6.8940   0.037060     0.2741     0.1275 0.0000e+00
         84     -0.111     6.8737   0.044684     0.3330     0.1753 0.0000e+00
         85     -0.108     6.8537   0.057392     0.4321     0.2550 0.0000e+00
         86     -0.107     6.8408   0.079008     0.6031     0.3915 0.0000e+00
         87     -0.108     6.8398   0.097453     0.7509     0.5090 0.0000e+00
         88     -0.111     6.8469   0.103353     0.7984     0.5463 0.0000e+00
         89     -0.115     6.8558   0.104306     0.8059     0.5519 0.0000e+00
         90     -0.114     6.8644   0.096650     0.7439     0.5023 0.0000e+00
         91     -0.108     6.8718   0.110914     0.8590     0.5933 0.0000e+00
         92     -0.103     6.8754   0.340512     2.8028     2.1312 0.0000e+00
         93     -0.098     6.8744   0.579348     4.9382     3.8149 0.0000e+00
         94     -0.088     6.7718   0.682932     5.9069     4.5837 0.0000e+00
         95     -0.071     6.2668   1.441974    13.4155    10.5228 0.0000e+00
         96     -0.052     5.3080   2.565393    25.8684    20.4158 0.0000e+00
         97     -0.042     4.4624   2.720936    28.3089    22.4266 0.0000e+00
         98     -0.036     4.1640   2.468645    25.6694    20.3597 0.0000e+00
         99     -0.021     4.2073   2.780792    29.2208    23.1734 0.0000e+00
        100      0.006     4.2741   3.067975    32.5030    25.7728 0.0000e+00
        101      0.042     4.2579   3.075492    32.6071    25.8572 0.0000e+00
        102      0.086     4.1337   3.075457    32.7302    25.9675 0.0000e+00
        103      0.132     3.9154   3.056191    32.7209    25.9818 0.0000e+00
        104      0.167     3.7041   3.031759    32.6425    25.9397 0.0000e+00
        105      0.182     3.5830   3.019351    32.6160    25.9301 0.0000e+00
        106      0.182     3.5306   3.015295    32.6202    25.9382 0.0000e+00
        107      0.173     3.5065   3.013474    32.6226    25.9424 0.0000e+00
        108      0.157     3.4966   3.010903    32.6018    25.9267 0.0000e+00
        109      0.149     3.4988   3.009654    32.5847    25.9129 0.0000e+00
        110      0.172     3.5430   3.013945    32.5916    25.9143 0.0000e+00
        111      0.237     3.6354   3.019031    32.5597    25.8803 0.0000e+00
        112      0.329     3.6861   3.017692    32.4930    25.8224 0.0000e+00
        113      0.394     3.6532   3.015394    32.4984    25.8299 0.0000e+00
        114      0.417     3.6303   3.015873    32.5270    25.8548 0.0000e+00
        115      0.444     3.6616   3.018727    32.5297    25.8540 0.0000e+00
        116      0.488     3.6780   3.021824    32.5502    25.8687 0.0000e+00
        117      0.517     3.6311   3.017734    32.5484    25.8717 0.0000e+00
        118      0.505     3.5526   3.006301    32.4905    25.8329 0.0000e+00
        119      0.435     3.4994   2.997981    32.4443    25.8010 0.0000e+00
        120      0.362     3.4905   2.998586    32.4604    25.8147 0.0000e+00
        121      0.364     3.5021   3.003686    32.5098    25.8530 0.0000e+00
        122      0.408     3.5094   3.008374    32.5586    25.8911 0.0000e+00
        123      0.447     3.5081   3.009616    32.5747    25.9041 0.0000e+00
        124      0.475     3.5012   3.006400    32.5431    25.8796 0.0000e+00
        125      0.476     3.4911   3.002123    32.5021    25.8478 0.0000e+00
        126      0.466     3.4860   3.001383    32.4983    25.8453 0.0000e+00
        127      0.487     3.4927   3.003886    32.5216    25.8632 0.0000e+00
        128      0.527     3.4988   3.004941    32.5281    25.8678 0.0000e+00
        129      0.541     3.4917   3.002740    32.5088    25.8531 0.0000e+00
        130      0.513     3.4785   2.999203    32.4797    25.8312 0.0000e+00
        131      0.424     3.4698   2.996350    32.4544    25.8118 0.0000e+00
        132      0.290     3.4714   2.995666    32.4446    25.8039 0.0000e+00
        133      0.190     3.4802   2.997133    32.4534    25.8101 0.0000e+00
        134      0.151     3.4825   2.997880    32.4601    25.8152 0.0000e+00
        135      0.126     3.4728   2.996102    32.4485    25.8069 0.0000e+00
        136      0.103     3.4625   2.995000    32.4457    25.8055 0.0000e+00
        137      0.091     3.4595   2.996208    32.4631    25.8197 0.0000e+00
        138      0.086     3.4592   2.996448    32.4663    25.8223 0.0000e+00
        139      0.079     3.4571   2.994971    32.4507    25.8100 0.0000e+00
        140      0.066     3.4551   2.994069    32.4419    25.8032 0.0000e+00
        141      0.059     3.4588   2.994403    32.4422    25.8031 0.0000e+00
        142      0.083     3.4707   2.995268    32.4407    25.8008 0.0000e+00
        143      0.141     3.4806   2.996029    32.4399    25.7992 0.0000e+00
        144      0.185     3.4786   2.996325    32.4454    25.8038 0.0000e+00
        145      0.186     3.4699   2.995839    32.4483    25.8069 0.0000e+00
        146      0.173     3.4664   2.995795    32.4512    25.8096 0.0000e+00
        147      0.191     3.4744   2.997035    32.4581    25.8143 0.0000e+00
        148      0.259     3.4894   2.998070    32.4554    25.8108 0.0000e+00
        149      0.348     3.4983   2.998168    32.4476    25.8038 0.0000e+00
        150      0.387     3.4917   2.997274    32.4435    25.8011 0.0000e+00
        151      0.339     3.4752   2.995411    32.4378    25.7980 0.0000e+00
        152      0.271     3.4646   2.994185    32.4337    25.7958 0.0000e+00
        153      0.262     3.4701   2.994153    32.4278    25.7906 0.0000e+00
        154      0.338     3.4806   2.994232    32.4183    25.7820 0.0000e+00
        155      0.477     3.4769   2.993868    32.4175    25.7818 0.0000e+00
        156      0.675     3.4609   2.993044    32.4235    25.7880 0.0000e+00
        157      0.951     3.4486   2.992629    32.4307    25.7949 0.0000e+00
        158      1.201     3.4442   2.992951    32.4389    25.8018 0.0000e+00
        159      1.292     3.4433   2.993390    32.4450    25.8067 0.0000e+00
        160      1.255     3.4448   2.993975    32.4505    25.8110 0.0000e+00
        161      1.190     3.4482   2.994406    32.4523    25.8121 0.0000e+00
        162      1.145     3.4515   2.994022    32.4444    25.8055 0.0000e+00
        163      1.152     3.4511   2.993184    32.4348    25.7979 0.0000e+00
        164      1.200     3.4408   2.991919    32.4299    25.7949 0.0000e+00
        165      1.210     3.4194   2.989852    32.4265    25.7942 0.0000e+00
        166      1.157     3.4005   2.988162    32.4252    25.7949 0.0000e+00
        167      1.066     3.3981   2.988194    32.4280    25.7973 0.0000e+00
        168      0.986     3.4096   2.989397    32.4310    25.7986 0.0000e+00
        169      0.947     3.4242   2.990588    32.4307    25.7971 0.0000e+00
        170      0.907     3.4363   2.991520    32.4298    25.7952 0.0000e+00
        171      0.826     3.4436   2.992146    32.4300    25.7948 0.0000e+00
        172      0.743     3.4449   2.992129    32.4286    25.7935 0.0000e+00
        173      0.707     3.4432   2.991866    32.4271    25.7925 0.0000e+00
        174      0.683     3.4417   2.991823    32.4281    25.7934 0.0000e+00
        175      0.617     3.4378   2.991528    32.4285    25.7941 0.0000e+00
        176      0.540     3.4322   2.990935    32.4271    25.7934 0.0000e+00
        177      0.506     3.4306   2.990782    32.4268    25.7934 0.0000e+00
        178      0.481     3.4333   2.991157    32.4287    25.7946 0.0000e+00
        179      0.428     3.4358   2.991333    32.4283    25.7941 0.0000e+00
        180      0.387     3.4364   2.991274    32.4270    25.7930 0.0000e+00
        181      0.355     3.4346   2.991210    32.4281    25.7940 0.0000e+00
        182      0.312     3.4322   2.991040    32.4284    25.7945 0.0000e+00
        183      0.282     3.4322   2.990998    32.4280    25.7942 0.0000e+00
        184      0.280     3.4331   2.991005    32.4271    25.7934 0.0000e+00
        185      0.316     3.4332   2.991014    32.4271    25.7934 0.0000e+00
        186      0.382     3.4322   2.991009    32.4280    25.7942 0.0000e+00
        187      0.407     3.4280   2.990580    32.4271    25.7938 0.0000e+00
        188      0.337     3.4217   2.989955    32.4259    25.7935 0.0000e+00
        189      0.237     3.4184   2.989685    32.4260    25.7939 0.0000e+00
        190      0.224     3.4207   2.989918    32.4265    25.7941 0.0000e+00
        191      0.288     3.4251   2.990393    32.4278    25.7947 0.0000e+00
        192      0.291     3.4272   2.990568    32.4278    25.7945 0.0000e+00
        193      0.218     3.4265   2.990401    32.4265    25.7935 0.0000e+00
        194      0.172     3.4288   2.990530    32.4258    25.7928 0.0000e+00
        195      0.181     3.4394   2.991471    32.4265    25.7923 0.0000e+00
        196      0.192     3.4549   2.992847    32.4274    25.7917 0.0000e+00
        197      0.174     3.4659   2.993726    32.4270    25.7903 0.0000e+00
        198      0.152     3.4676   2.993759    32.4257    25.7891 0.0000e+00
        199      0.165     3.4625   2.993242    32.4246    25.7887 0.0000e+00
        200      0.199     3.4564   2.992738    32.4246    25.7893 0.0000e+00
        201      0.189     3.4532   2.992539    32.4255    25.7903 0.0000e+00
        202      0.116     3.4536   2.992596    32.4258    25.7905 0.0000e+00
        203      0.038     3.4557   2.992792    32.4261    25.7905 0.0000e+00
        204     -0.003     3.4562   2.992817    32.4259    25.7903 0.0000e+00
        205     -0.034     3.4550   2.992665    32.4253    25.7900 0.0000e+00
