Datasets/Test_Dataset_39219_tow/tel219_2021_006.cnv
* Sea-Bird SBE19plus Data File:
* Filename = C:/AQUIRE/tel219_2021_006.hex
* Software Version AquireV2 AF V2.0
* Temperature SN =  4020
* Conductivity SN =  4020
* System UpLoad Time = May 06 2021 11:05:39
** VESSEL/TRIP/SEQ STN: tel219_2021_006
** LATITUDE: 45 49.02 N
** LONGITUDE: 55 27.86 W
** DATE/TIME: 2021-05-06 10:20
** SOUNDING DEPTH (M): 0077
** PROBE TYPE: S4020
** CTD NUMBER:   6
** FORMAT: T
** COMMENTS: 
# nquan = 7                                 
# nvalues = 2790                        
# units = specified
# name 0 = scan: Scan Count
# name 1 = prdM: Pressure, Strain Gauge [db]
# name 2 = tv290C: Temperature [ITS-90, deg C]
# name 3 = c0S/m: Conductivity [S/m]
# name 4 = sal00: Salinity, Practical [PSU]
# name 5 = sigma-t00: Density [sigma-t, kg/m^3 ]
# name 6 = flag: flag
# span 0 =          1,       2790       
# span 1 =     -0.149,     75.509       
# span 2 =     0.8808,     3.5997       
# span 3 =   0.002628,   2.952752       
# span 4 =     0.0195,    32.2448       
# span 5 =    -0.0110,    25.8371       
# span 6 = 0.0000e+00, 0.0000e+00       
# interval = seconds: 1
# start_time = May 06 2021 10:20:00 [Instrument's time stamp, header]
# bad_flag = -9.990e-29
*END*
[from data line 411]
        412     -0.110     3.5899   0.002682     0.0200    -0.0101 0.0000e+00
        413     -0.111     3.5897   0.002681     0.0199    -0.0101 0.0000e+00
        414     -0.113     3.5895   0.002685     0.0200    -0.0101 0.0000e+00
        415     -0.111     3.5893   0.002686     0.0200    -0.0101 0.0000e+00
        416     -0.108     3.5892   0.002682     0.0200    -0.0101 0.0000e+00
        417     -0.109     3.5892   0.002682     0.0200    -0.0101 0.0000e+00
        418     -0.110     3.5892   0.002687     0.0200    -0.0101 0.0000e+00
        419     -0.109     3.5894   0.002693     0.0200    -0.0100 0.0000e+00
        420     -0.109     3.5893   0.002693     0.0200    -0.0100 0.0000e+00
        421     -0.109     3.5892   0.002691     0.0200    -0.0101 0.0000e+00
        422     -0.107     3.5892   0.002691     0.0200    -0.0101 0.0000e+00
        423     -0.107     3.5895   0.002696     0.0201    -0.0100 0.0000e+00
        424     -0.106     3.5900   0.002701     0.0201    -0.0100 0.0000e+00
        425     -0.104     3.5903   0.002704     0.0201    -0.0100 0.0000e+00
        426     -0.106     3.5906   0.002703     0.0201    -0.0100 0.0000e+00
        427     -0.108     3.5908   0.002702     0.0201    -0.0100 0.0000e+00
        428     -0.108     3.5910   0.002702     0.0201    -0.0100 0.0000e+00
        429     -0.108     3.5911   0.002702     0.0201    -0.0100 0.0000e+00
        430     -0.109     3.5914   0.002702     0.0201    -0.0100 0.0000e+00
        431     -0.112     3.5919   0.002703     0.0201    -0.0100 0.0000e+00
        432     -0.118     3.5922   0.002703     0.0201    -0.0100 0.0000e+00
        433     -0.122     3.5926   0.002702     0.0201    -0.0100 0.0000e+00
        434     -0.124     3.5929   0.002700     0.0201    -0.0100 0.0000e+00
        435     -0.122     3.5931   0.002700     0.0201    -0.0100 0.0000e+00
        436     -0.119     3.5933   0.002700     0.0201    -0.0100 0.0000e+00
        437     -0.119     3.5934   0.002700     0.0201    -0.0100 0.0000e+00
        438     -0.122     3.5934   0.002699     0.0201    -0.0100 0.0000e+00
        439     -0.123     3.5934   0.002698     0.0201    -0.0100 0.0000e+00
        440     -0.122     3.5934   0.002698     0.0201    -0.0100 0.0000e+00
        441     -0.119     3.5936   0.002698     0.0201    -0.0100 0.0000e+00
        442     -0.115     3.5938   0.002698     0.0201    -0.0100 0.0000e+00
        443     -0.112     3.5940   0.002699     0.0201    -0.0100 0.0000e+00
        444     -0.110     3.5942   0.002699     0.0201    -0.0100 0.0000e+00
        445     -0.109     3.5942   0.002698     0.0201    -0.0100 0.0000e+00
        446     -0.111     3.5939   0.002697     0.0201    -0.0100 0.0000e+00
        447     -0.114     3.5934   0.002694     0.0200    -0.0100 0.0000e+00
        448     -0.114     3.5929   0.002692     0.0200    -0.0100 0.0000e+00
        449     -0.115     3.5927   0.002692     0.0200    -0.0100 0.0000e+00
        450     -0.119     3.5929   0.002692     0.0200    -0.0100 0.0000e+00
        451     -0.122     3.5928   0.002690     0.0200    -0.0100 0.0000e+00
        452     -0.122     3.5923   0.002686     0.0200    -0.0101 0.0000e+00
        453     -0.119     3.5918   0.002683     0.0200    -0.0101 0.0000e+00
        454     -0.117     3.5913   0.002682     0.0200    -0.0101 0.0000e+00
        455     -0.118     3.5909   0.002681     0.0199    -0.0101 0.0000e+00
        456     -0.118     3.5907   0.002681     0.0199    -0.0101 0.0000e+00
        457     -0.120     3.5909   0.002682     0.0200    -0.0101 0.0000e+00
        458     -0.122     3.5910   0.002684     0.0200    -0.0101 0.0000e+00
        459     -0.120     3.5910   0.002686     0.0200    -0.0101 0.0000e+00
        460     -0.118     3.5910   0.002687     0.0200    -0.0101 0.0000e+00
        461     -0.115     3.5908   0.002685     0.0200    -0.0101 0.0000e+00
        462     -0.114     3.5907   0.002683     0.0200    -0.0101 0.0000e+00
        463     -0.114     3.5905   0.002682     0.0200    -0.0101 0.0000e+00
        464     -0.113     3.5904   0.002684     0.0200    -0.0101 0.0000e+00
        465     -0.115     3.5903   0.002684     0.0200    -0.0101 0.0000e+00
        466     -0.116     3.5902   0.002687     0.0200    -0.0101 0.0000e+00
        467     -0.115     3.5900   0.002687     0.0200    -0.0101 0.0000e+00
        468     -0.114     3.5900   0.002685     0.0200    -0.0101 0.0000e+00
        469     -0.113     3.5899   0.002684     0.0200    -0.0101 0.0000e+00
        470     -0.110     3.5896   0.002681     0.0199    -0.0101 0.0000e+00
        471     -0.107     3.5894   0.002680     0.0199    -0.0101 0.0000e+00
        472     -0.106     3.5890   0.002679     0.0199    -0.0101 0.0000e+00
        473     -0.109     3.5884   0.002680     0.0199    -0.0101 0.0000e+00
        474     -0.113     3.5873   0.002678     0.0199    -0.0101 0.0000e+00
        475     -0.117     3.5863   0.002675     0.0199    -0.0102 0.0000e+00
        476     -0.118     3.5859   0.002674     0.0199    -0.0102 0.0000e+00
        477     -0.120     3.5859   0.002677     0.0199    -0.0102 0.0000e+00
        478     -0.121     3.5860   0.002678     0.0199    -0.0102 0.0000e+00
        479     -0.119     3.5857   0.002675     0.0199    -0.0102 0.0000e+00
        480     -0.116     3.5846   0.002672     0.0199    -0.0102 0.0000e+00
        481     -0.114     3.5824   0.002668     0.0198    -0.0102 0.0000e+00
        482     -0.114     3.5803   0.002666     0.0198    -0.0103 0.0000e+00
        483     -0.114     3.5797   0.002667     0.0198    -0.0103 0.0000e+00
        484     -0.114     3.5801   0.002669     0.0199    -0.0102 0.0000e+00
        485     -0.115     3.5806   0.002671     0.0199    -0.0102 0.0000e+00
        486     -0.115     3.5807   0.002672     0.0199    -0.0102 0.0000e+00
        487     -0.115     3.5807   0.002672     0.0199    -0.0102 0.0000e+00
        488     -0.115     3.5807   0.002670     0.0199    -0.0102 0.0000e+00
        489     -0.114     3.5808   0.002672     0.0199    -0.0102 0.0000e+00
        490     -0.113     3.5810   0.002677     0.0199    -0.0102 0.0000e+00
        491     -0.111     3.5809   0.002679     0.0199    -0.0102 0.0000e+00
        492     -0.112     3.5807   0.002677     0.0199    -0.0102 0.0000e+00
        493     -0.115     3.5805   0.002672     0.0199    -0.0102 0.0000e+00
        494     -0.114     3.5804   0.002671     0.0199    -0.0102 0.0000e+00
        495     -0.112     3.5804   0.002674     0.0199    -0.0102 0.0000e+00
        496     -0.114     3.5804   0.002679     0.0199    -0.0102 0.0000e+00
        497     -0.117     3.5803   0.002683     0.0200    -0.0102 0.0000e+00
        498     -0.120     3.5800   0.002680     0.0199    -0.0102 0.0000e+00
        499     -0.121     3.5793   0.002673     0.0199    -0.0102 0.0000e+00
        500     -0.121     3.5786   0.002671     0.0199    -0.0102 0.0000e+00
        501     -0.118     3.5782   0.002672     0.0199    -0.0102 0.0000e+00
        502     -0.115     3.5782   0.002676     0.0199    -0.0102 0.0000e+00
        503     -0.115     3.5783   0.002679     0.0199    -0.0102 0.0000e+00
        504     -0.119     3.5782   0.002679     0.0199    -0.0102 0.0000e+00
        505     -0.121     3.5781   0.002678     0.0199    -0.0102 0.0000e+00
        506     -0.122     3.5781   0.002678     0.0199    -0.0102 0.0000e+00
        507     -0.122     3.5778   0.002678     0.0199    -0.0102 0.0000e+00
        508     -0.122     3.5774   0.002678     0.0199    -0.0102 0.0000e+00
        509     -0.122     3.5770   0.002678     0.0199    -0.0102 0.0000e+00
        510     -0.122     3.5768   0.002678     0.0199    -0.0102 0.0000e+00
        511     -0.122     3.5761   0.002677     0.0199    -0.0102 0.0000e+00
        512     -0.121     3.5751   0.002677     0.0199    -0.0102 0.0000e+00
        513     -0.119     3.5745   0.002676     0.0199    -0.0102 0.0000e+00
        514     -0.119     3.5742   0.002671     0.0199    -0.0103 0.0000e+00
        515     -0.120     3.5740   0.002670     0.0199    -0.0103 0.0000e+00
        516     -0.121     3.5740   0.002672     0.0199    -0.0103 0.0000e+00
        517     -0.119     3.5741   0.002675     0.0199    -0.0102 0.0000e+00
        518     -0.118     3.5741   0.002679     0.0199    -0.0102 0.0000e+00
        519     -0.118     3.5740   0.002679     0.0199    -0.0102 0.0000e+00
        520     -0.118     3.5736   0.002675     0.0199    -0.0102 0.0000e+00
        521     -0.117     3.5731   0.002672     0.0199    -0.0103 0.0000e+00
        522     -0.116     3.5725   0.002670     0.0199    -0.0103 0.0000e+00
        523     -0.117     3.5721   0.002667     0.0198    -0.0103 0.0000e+00
        524     -0.119     3.5719   0.002668     0.0199    -0.0103 0.0000e+00
        525     -0.120     3.5715   0.002669     0.0199    -0.0103 0.0000e+00
        526     -0.118     3.5713   0.002668     0.0199    -0.0103 0.0000e+00
        527     -0.116     3.5711   0.002673     0.0199    -0.0103 0.0000e+00
        528     -0.116     3.5708   0.002677     0.0199    -0.0103 0.0000e+00
        529     -0.119     3.5706   0.002679     0.0199    -0.0102 0.0000e+00
        530     -0.120     3.5703   0.002681     0.0199    -0.0102 0.0000e+00
        531     -0.119     3.5701   0.002680     0.0199    -0.0102 0.0000e+00
        532     -0.117     3.5699   0.002677     0.0199    -0.0103 0.0000e+00
        533     -0.116     3.5698   0.002677     0.0199    -0.0103 0.0000e+00
        534     -0.114     3.5696   0.002676     0.0199    -0.0103 0.0000e+00
        535     -0.115     3.5691   0.002669     0.0199    -0.0103 0.0000e+00
        536     -0.119     3.5685   0.002661     0.0198    -0.0104 0.0000e+00
        537     -0.121     3.5679   0.002657     0.0198    -0.0104 0.0000e+00
        538     -0.123     3.5675   0.002658     0.0198    -0.0104 0.0000e+00
        539     -0.124     3.5673   0.002661     0.0198    -0.0104 0.0000e+00
        540     -0.121     3.5669   0.002664     0.0198    -0.0104 0.0000e+00
        541     -0.117     3.5665   0.002670     0.0199    -0.0103 0.0000e+00
        542     -0.116     3.5661   0.002674     0.0199    -0.0103 0.0000e+00
        543     -0.115     3.5660   0.002676     0.0199    -0.0103 0.0000e+00
        544     -0.115     3.5660   0.002676     0.0199    -0.0103 0.0000e+00
        545     -0.118     3.5660   0.002676     0.0199    -0.0103 0.0000e+00
        546     -0.120     3.5659   0.002675     0.0199    -0.0103 0.0000e+00
        547     -0.120     3.5659   0.002677     0.0199    -0.0103 0.0000e+00
        548     -0.119     3.5657   0.002678     0.0199    -0.0103 0.0000e+00
        549     -0.119     3.5656   0.002678     0.0199    -0.0103 0.0000e+00
        550     -0.122     3.5655   0.002679     0.0199    -0.0103 0.0000e+00
        551     -0.127     3.5652   0.002678     0.0199    -0.0103 0.0000e+00
        552     -0.128     3.5649   0.002679     0.0199    -0.0103 0.0000e+00
        553     -0.127     3.5644   0.002679     0.0199    -0.0103 0.0000e+00
        554     -0.126     3.5641   0.002678     0.0199    -0.0103 0.0000e+00
        555     -0.125     3.5639   0.002678     0.0199    -0.0103 0.0000e+00
        556     -0.123     3.5636   0.002680     0.0199    -0.0103 0.0000e+00
        557     -0.121     3.5631   0.002679     0.0199    -0.0103 0.0000e+00
        558     -0.120     3.5621   0.002676     0.0199    -0.0103 0.0000e+00
        559     -0.121     3.5602   0.002674     0.0199    -0.0103 0.0000e+00
        560     -0.123     3.5575   0.002669     0.0199    -0.0104 0.0000e+00
        561     -0.124     3.5554   0.002663     0.0198    -0.0104 0.0000e+00
        562     -0.126     3.5549   0.002660     0.0198    -0.0105 0.0000e+00
        563     -0.126     3.5552   0.002663     0.0198    -0.0104 0.0000e+00
        564     -0.123     3.5555   0.002668     0.0199    -0.0104 0.0000e+00
        565     -0.123     3.5558   0.002671     0.0199    -0.0104 0.0000e+00
        566     -0.124     3.5560   0.002674     0.0199    -0.0104 0.0000e+00
        567     -0.124     3.5560   0.002677     0.0199    -0.0104 0.0000e+00
        568     -0.123     3.5561   0.002677     0.0199    -0.0104 0.0000e+00
        569     -0.120     3.5561   0.002678     0.0199    -0.0103 0.0000e+00
        570     -0.118     3.5559   0.002679     0.0199    -0.0103 0.0000e+00
        571     -0.118     3.5552   0.002677     0.0199    -0.0104 0.0000e+00
        572     -0.121     3.5541   0.002677     0.0199    -0.0104 0.0000e+00
        573     -0.122     3.5535   0.002674     0.0199    -0.0104 0.0000e+00
        574     -0.122     3.5534   0.002672     0.0199    -0.0104 0.0000e+00
        575     -0.121     3.5535   0.002674     0.0199    -0.0104 0.0000e+00
        576     -0.120     3.5536   0.002678     0.0199    -0.0104 0.0000e+00
        577     -0.120     3.5536   0.002680     0.0199    -0.0103 0.0000e+00
        578     -0.121     3.5536   0.002680     0.0199    -0.0103 0.0000e+00
        579     -0.123     3.5536   0.002681     0.0200    -0.0103 0.0000e+00
        580     -0.125     3.5537   0.002681     0.0200    -0.0103 0.0000e+00
        581     -0.128     3.5537   0.002679     0.0199    -0.0104 0.0000e+00
        582     -0.129     3.5537   0.002677     0.0199    -0.0104 0.0000e+00
        583     -0.127     3.5535   0.002679     0.0199    -0.0104 0.0000e+00
        584     -0.128     3.5532   0.002680     0.0199    -0.0104 0.0000e+00
        585     -0.133     3.5528   0.002679     0.0199    -0.0104 0.0000e+00
        586     -0.135     3.5525   0.002677     0.0199    -0.0104 0.0000e+00
        587     -0.132     3.5522   0.002676     0.0199    -0.0104 0.0000e+00
        588     -0.130     3.5518   0.002674     0.0199    -0.0104 0.0000e+00
        589     -0.127     3.5513   0.002674     0.0199    -0.0104 0.0000e+00
        590     -0.124     3.5509   0.002675     0.0199    -0.0104 0.0000e+00
        591     -0.123     3.5506   0.002675     0.0199    -0.0104 0.0000e+00
        592     -0.124     3.5499   0.002673     0.0199    -0.0104 0.0000e+00
        593     -0.123     3.5491   0.002670     0.0199    -0.0104 0.0000e+00
        594     -0.124     3.5487   0.002668     0.0199    -0.0105 0.0000e+00
        595     -0.130     3.5485   0.002667     0.0198    -0.0105 0.0000e+00
        596     -0.133     3.5482   0.002668     0.0199    -0.0105 0.0000e+00
        597     -0.130     3.5476   0.002667     0.0198    -0.0105 0.0000e+00
        598     -0.128     3.5465   0.002665     0.0198    -0.0105 0.0000e+00
        599     -0.129     3.5456   0.002666     0.0198    -0.0105 0.0000e+00
        600     -0.130     3.5451   0.002669     0.0199    -0.0105 0.0000e+00
        601     -0.129     3.5450   0.002671     0.0199    -0.0105 0.0000e+00
        602     -0.127     3.5450   0.002674     0.0199    -0.0104 0.0000e+00
        603     -0.126     3.5450   0.002672     0.0199    -0.0105 0.0000e+00
        604     -0.126     3.5448   0.002669     0.0199    -0.0105 0.0000e+00
        605     -0.124     3.5446   0.002669     0.0199    -0.0105 0.0000e+00
        606     -0.121     3.5446   0.002670     0.0199    -0.0105 0.0000e+00
        607     -0.121     3.5446   0.002670     0.0199    -0.0105 0.0000e+00
        608     -0.122     3.5446   0.002666     0.0198    -0.0105 0.0000e+00
        609     -0.125     3.5439   0.002664     0.0198    -0.0105 0.0000e+00
        610     -0.129     3.5414   0.002662     0.0198    -0.0105 0.0000e+00
        611     -0.128     3.5374   0.002660     0.0198    -0.0106 0.0000e+00
        612     -0.126     3.5346   0.002657     0.0198    -0.0106 0.0000e+00
        613     -0.129     3.5342   0.002660     0.0198    -0.0106 0.0000e+00
        614     -0.134     3.5348   0.002665     0.0198    -0.0106 0.0000e+00
        615     -0.135     3.5354   0.002669     0.0199    -0.0105 0.0000e+00
