Datasets/Test_Dataset_39219_tow/tel219_2021_051.cnv
* Sea-Bird SBE19plus Data File:
* Filename = C:/AQUIRE/tel219_2021_051.hex
* Software Version AquireV2 AF V2.0
* Temperature SN =  4020
* Conductivity SN =  4020
* System UpLoad Time = May 13 2021 09:31:28
** VESSEL/TRIP/SEQ STN: tel219_2021_051
** LATITUDE: 45 02.49 N
** LONGITUDE: 55 24.80 W
** DATE/TIME: 2021-05-13 08:41
** SOUNDING DEPTH (M): 0199
** PROBE TYPE: S4020
** CTD NUMBER:  51
** FORMAT: T
** COMMENTS: 
# nquan = 7                                 
# nvalues = 3042                        
# units = specified
# name 0 = scan: Scan Count
# name 1 = prdM: Pressure, Strain Gauge [db]
# name 2 = tv290C: Temperature [ITS-90, deg C]
# name 3 = c0S/m: Conductivity [S/m]
# name 4 = sal00: Salinity, Practical [PSU]
# name 5 = sigma-t00: Density [sigma-t, kg/m^3 ]
# name 6 = flag: flag
# span 0 =          1,       3042       
# span 1 =     -0.349,    200.438       
# span 2 =     0.9886,     8.7244       
# span 3 =   0.012797,   3.699471       
# span 4 =     0.0988,    35.0182       
# span 5 =     0.0547,    27.1901       
# span 6 = 0.0000e+00, 0.0000e+00       
# interval = seconds: 1
# start_time = May 13 2021 08:41:44 [Instrument's time stamp, header]
# bad_flag = -9.990e-29
*END*
[from data line 821]
        822     71.056     1.3505   2.859047    32.8963    26.3318 0.0000e+00
        823     71.630     1.4583   2.870212    32.9243    26.3471 0.0000e+00
        824     72.204     1.6176   2.885608    32.9514    26.3580 0.0000e+00
        825     72.780     1.8328   2.906646    32.9904    26.3740 0.0000e+00
        826     73.357     2.0966   2.934210    33.0590    26.4094 0.0000e+00
        827     73.936     2.3645   2.962854    33.1349    26.4494 0.0000e+00
        828     74.519     2.5851   2.985838    33.1886    26.4745 0.0000e+00
        829     75.110     2.7458   3.002988    33.2319    26.4957 0.0000e+00
        830     75.707     2.8550   3.015258    33.2684    26.5155 0.0000e+00
        831     76.300     2.9207   3.022097    33.2834    26.5218 0.0000e+00
        832     76.888     2.9596   3.025696    33.2866    26.5210 0.0000e+00
        833     77.475     2.9894   3.028916    33.2947    26.5248 0.0000e+00
        834     78.068     3.0139   3.031872    33.3049    26.5308 0.0000e+00
        835     78.667     3.0341   3.034080    33.3106    26.5335 0.0000e+00
        836     79.261     3.0575   3.036568    33.3163    26.5360 0.0000e+00
        837     79.842     3.0823   3.039380    33.3244    26.5403 0.0000e+00
        838     80.417     3.0985   3.041077    33.3280    26.5417 0.0000e+00
        839     81.003     3.1082   3.042189    33.3311    26.5433 0.0000e+00
        840     81.613     3.1192   3.043895    33.3401    26.5495 0.0000e+00
        841     82.242     3.1300   3.045462    33.3476    26.5545 0.0000e+00
        842     82.871     3.1364   3.046156    33.3490    26.5551 0.0000e+00
        843     83.492     3.1379   3.046419    33.3503    26.5560 0.0000e+00
        844     84.122     3.1354   3.046522    33.3538    26.5590 0.0000e+00
        845     84.773     3.1308   3.046482    33.3577    26.5625 0.0000e+00
        846     85.437     3.1271   3.046490    33.3613    26.5657 0.0000e+00
        847     86.102     3.1279   3.046828    33.3642    26.5680 0.0000e+00
        848     86.764     3.1387   3.048207    33.3694    26.5711 0.0000e+00
        849     87.436     3.1601   3.050819    33.3785    26.5765 0.0000e+00
        850     88.125     3.1849   3.053695    33.3873    26.5813 0.0000e+00
        851     88.823     3.2065   3.056024    33.3928    26.5837 0.0000e+00
        852     89.519     3.2226   3.057708    33.3961    26.5849 0.0000e+00
        853     90.209     3.2347   3.059090    33.4000    26.5868 0.0000e+00
        854     90.894     3.2462   3.060582    33.4057    26.5904 0.0000e+00
        855     91.577     3.2608   3.062377    33.4120    26.5940 0.0000e+00
        856     92.267     3.2803   3.064737    33.4199    26.5986 0.0000e+00
        857     92.968     3.3011   3.067337    33.4294    26.6042 0.0000e+00
        858     93.677     3.3179   3.069233    33.4346    26.6068 0.0000e+00
        859     94.386     3.3300   3.070361    33.4353    26.6062 0.0000e+00
        860     95.089     3.3409   3.071427    33.4365    26.6062 0.0000e+00
        861     95.792     3.3543   3.072924    33.4403    26.6080 0.0000e+00
        862     96.498     3.3655   3.074402    33.4462    26.6116 0.0000e+00
        863     97.205     3.3662   3.074680    33.4484    26.6134 0.0000e+00
        864     97.905     3.3593   3.073867    33.4454    26.6116 0.0000e+00
        865     98.600     3.3567   3.073643    33.4450    26.6115 0.0000e+00
        866     99.301     3.3638   3.074645    33.4494    26.6143 0.0000e+00
        867    100.015     3.3814   3.076440    33.4524    26.6151 0.0000e+00
        868    100.734     3.4188   3.080095    33.4574    26.6156 0.0000e+00
        869    101.450     3.4821   3.086824    33.4726    26.6218 0.0000e+00
        870    102.161     3.5566   3.094749    33.4905    26.6289 0.0000e+00
        871    102.874     3.6214   3.101401    33.5030    26.6327 0.0000e+00
        872    103.594     3.6676   3.106245    33.5130    26.6362 0.0000e+00
        873    104.316     3.6959   3.109265    33.5196    26.6387 0.0000e+00
        874    105.033     3.7121   3.111096    33.5244    26.6409 0.0000e+00
        875    105.746     3.7218   3.112535    33.5312    26.6454 0.0000e+00
        876    106.466     3.7283   3.113780    33.5390    26.6510 0.0000e+00
        877    107.193     3.7332   3.114747    33.5451    26.6554 0.0000e+00
        878    107.911     3.7389   3.115342    33.5459    26.6555 0.0000e+00
        879    108.613     3.7569   3.116770    33.5441    26.6522 0.0000e+00
        880    109.310     3.8015   3.121519    33.5544    26.6561 0.0000e+00
        881    110.015     3.8636   3.128993    33.5791    26.6696 0.0000e+00
        882    110.735     3.9219   3.135487    33.5960    26.6772 0.0000e+00
        883    111.463     3.9751   3.140822    33.6043    26.6784 0.0000e+00
        884    112.184     4.0295   3.146627    33.6169    26.6829 0.0000e+00
        885    112.892     4.0781   3.151911    33.6291    26.6877 0.0000e+00
        886    113.594     4.1174   3.155964    33.6364    26.6895 0.0000e+00
        887    114.304     4.1704   3.160988    33.6410    26.6877 0.0000e+00
        888    115.029     4.2691   3.171350    33.6616    26.6938 0.0000e+00
        889    115.758     4.4028   3.186633    33.7040    26.7134 0.0000e+00
        890    116.483     4.5235   3.199972    33.7365    26.7263 0.0000e+00
        891    117.204     4.6149   3.208942    33.7476    26.7252 0.0000e+00
        892    117.927     4.7102   3.218511    33.7615    26.7258 0.0000e+00
        893    118.658     4.8365   3.232859    33.7992    26.7417 0.0000e+00
        894    119.390     4.9758   3.249497    33.8497    26.7661 0.0000e+00
        895    120.115     5.0966   3.263238    33.8851    26.7803 0.0000e+00
        896    120.836     5.1942   3.273515    33.9039    26.7839 0.0000e+00
        897    121.564     5.2778   3.282430    33.9211    26.7878 0.0000e+00
        898    122.303     5.3492   3.289861    33.9335    26.7892 0.0000e+00
        899    123.042     5.4031   3.294934    33.9366    26.7853 0.0000e+00
        900    123.763     5.4387   3.298497    33.9410    26.7845 0.0000e+00
        901    124.472     5.4676   3.302003    33.9514    26.7893 0.0000e+00
        902    125.189     5.5007   3.306146    33.9648    26.7959 0.0000e+00
        903    125.913     5.5357   3.310594    33.9797    26.8036 0.0000e+00
        904    126.631     5.5631   3.314248    33.9933    26.8110 0.0000e+00
        905    127.340     5.5785   3.316578    34.0039    26.8175 0.0000e+00
        906    128.050     5.5881   3.318144    34.0116    26.8225 0.0000e+00
        907    128.769     5.6047   3.320159    34.0174    26.8250 0.0000e+00
        908    129.493     5.6319   3.323474    34.0272    26.8295 0.0000e+00
        909    130.211     5.6612   3.327251    34.0402    26.8362 0.0000e+00
        910    130.915     5.6875   3.330338    34.0483    26.8394 0.0000e+00
        911    131.613     5.7124   3.333141    34.0546    26.8413 0.0000e+00
        912    132.320     5.7333   3.335975    34.0652    26.8472 0.0000e+00
        913    133.038     5.7479   3.338425    34.0779    26.8554 0.0000e+00
        914    133.752     5.7586   3.340123    34.0860    26.8604 0.0000e+00
        915    134.451     5.7668   3.340846    34.0855    26.8591 0.0000e+00
        916    135.142     5.7730   3.341333    34.0844    26.8574 0.0000e+00
        917    135.837     5.7789   3.342260    34.0886    26.8600 0.0000e+00
        918    136.542     5.7844   3.343319    34.0947    26.8642 0.0000e+00
        919    137.247     5.7885   3.344028    34.0982    26.8664 0.0000e+00
        920    137.941     5.7916   3.344453    34.0995    26.8671 0.0000e+00
        921    138.626     5.7945   3.345069    34.1032    26.8697 0.0000e+00
        922    139.315     5.7988   3.346046    34.1096    26.8742 0.0000e+00
        923    140.017     5.8097   3.347427    34.1139    26.8762 0.0000e+00
        924    140.723     5.8375   3.350527    34.1205    26.8780 0.0000e+00
        925    141.419     5.8821   3.355970    34.1366    26.8852 0.0000e+00
        926    142.104     5.9268   3.361344    34.1518    26.8916 0.0000e+00
        927    142.786     5.9611   3.365074    34.1589    26.8929 0.0000e+00
        928    143.470     5.9944   3.368809    34.1671    26.8952 0.0000e+00
        929    144.156     6.0383   3.374102    34.1820    26.9014 0.0000e+00
        930    144.840     6.0976   3.380637    34.1954    26.9045 0.0000e+00
        931    145.521     6.1766   3.389106    34.2105    26.9063 0.0000e+00
        932    146.203     6.2732   3.400369    34.2391    26.9164 0.0000e+00
        933    146.889     6.3758   3.412560    34.2718    26.9289 0.0000e+00
        934    147.582     6.4770   3.424431    34.3020    26.9395 0.0000e+00
        935    148.280     6.5730   3.435529    34.3287    26.9478 0.0000e+00
        936    148.978     6.6612   3.445373    34.3490    26.9520 0.0000e+00
        937    149.674     6.7455   3.455146    34.3724    26.9591 0.0000e+00
        938    150.367     6.8294   3.465286    34.4000    26.9695 0.0000e+00
        939    151.056     6.9059   3.474469    34.4243    26.9782 0.0000e+00
        940    151.741     6.9646   3.481054    34.4377    26.9807 0.0000e+00
        941    152.423     7.0058   3.485559    34.4457    26.9813 0.0000e+00
        942    153.103     7.0378   3.489759    34.4595    26.9877 0.0000e+00
        943    153.787     7.0659   3.493661    34.4739    26.9952 0.0000e+00
        944    154.475     7.0907   3.497253    34.4881    27.0030 0.0000e+00
        945    155.161     7.1108   3.500352    34.5017    27.0108 0.0000e+00
        946    155.845     7.1239   3.501996    34.5063    27.0126 0.0000e+00
        947    156.534     7.1305   3.502723    34.5073    27.0125 0.0000e+00
        948    157.227     7.1345   3.503354    34.5099    27.0140 0.0000e+00
        949    157.918     7.1391   3.503933    34.5113    27.0144 0.0000e+00
        950    158.604     7.1485   3.505089    34.5142    27.0154 0.0000e+00
        951    159.289     7.1696   3.507809    34.5225    27.0190 0.0000e+00
        952    159.977     7.2039   3.512222    34.5362    27.0250 0.0000e+00
        953    160.664     7.2427   3.516911    34.5484    27.0291 0.0000e+00
        954    161.348     7.2796   3.520930    34.5551    27.0291 0.0000e+00
        955    162.028     7.3157   3.525085    34.5640    27.0311 0.0000e+00
        956    162.707     7.3522   3.529558    34.5760    27.0353 0.0000e+00
        957    163.389     7.3941   3.534604    34.5888    27.0394 0.0000e+00
        958    164.071     7.4467   3.541164    34.6074    27.0465 0.0000e+00
        959    164.743     7.5013   3.547608    34.6226    27.0507 0.0000e+00
        960    165.414     7.5495   3.552836    34.6310    27.0503 0.0000e+00
        961    166.117     7.5949   3.558398    34.6457    27.0553 0.0000e+00
        962    166.872     7.6348   3.563896    34.6651    27.0648 0.0000e+00
        963    167.665     7.6634   3.567666    34.6771    27.0700 0.0000e+00
        964    168.458     7.6996   3.570965    34.6763    27.0641 0.0000e+00
        965    169.223     7.7887   3.580755    34.6930    27.0641 0.0000e+00
        966    169.973     7.9498   3.600336    34.7433    27.0797 0.0000e+00
        967    170.735     8.1403   3.622874    34.7954    27.0921 0.0000e+00
        968    171.506     8.3067   3.641190    34.8257    27.0905 0.0000e+00
        969    172.246     8.4119   3.651782    34.8340    27.0808 0.0000e+00
        970    172.939     8.4396   3.655162    34.8421    27.0829 0.0000e+00
        971    173.614     8.4260   3.654829    34.8517    27.0925 0.0000e+00
        972    174.294     8.4169   3.653976    34.8513    27.0936 0.0000e+00
        973    174.965     8.4126   3.653354    34.8487    27.0922 0.0000e+00
        974    175.598     8.3996   3.652241    34.8494    27.0948 0.0000e+00
        975    176.188     8.3849   3.651345    34.8541    27.1008 0.0000e+00
        976    176.758     8.3754   3.650046    34.8494    27.0985 0.0000e+00
        977    177.322     8.3592   3.647738    34.8406    27.0941 0.0000e+00
        978    177.865     8.3348   3.646784    34.8544    27.1087 0.0000e+00
        979    178.370     8.3202   3.646278    34.8632    27.1178 0.0000e+00
        980    178.830     8.3208   3.644042    34.8386    27.0984 0.0000e+00
        981    179.257     8.3174   3.642223    34.8224    27.0862 0.0000e+00
        982    179.659     8.3004   3.643170    34.8491    27.1098 0.0000e+00
        983    180.031     8.2900   3.646584    34.8956    27.1479 0.0000e+00
        984    180.366     8.2998   3.650265    34.9250    27.1694 0.0000e+00
        985    180.665     8.3127   3.651691    34.9272    27.1692 0.0000e+00
        986    180.932     8.3177   3.651652    34.9217    27.1641 0.0000e+00
        987    181.171     8.3270   3.652881    34.9254    27.1656 0.0000e+00
        988    181.380     8.3415   3.654575    34.9290    27.1662 0.0000e+00
        989    181.560     8.3510   3.655420    34.9285    27.1643 0.0000e+00
        990    181.713     8.3581   3.655724    34.9246    27.1602 0.0000e+00
        991    181.838     8.3656   3.655242    34.9120    27.1491 0.0000e+00
        992    181.941     8.3754   3.654167    34.8908    27.1310 0.0000e+00
        993    182.030     8.3993   3.655970    34.8862    27.1237 0.0000e+00
        994    182.105     8.4378   3.661622    34.9081    27.1350 0.0000e+00
        995    182.157     8.4715   3.665726    34.9183    27.1377 0.0000e+00
        996    182.184     8.4894   3.667033    34.9145    27.1319 0.0000e+00
        997    182.190     8.4992   3.667998    34.9150    27.1308 0.0000e+00
        998    182.180     8.5072   3.668933    34.9170    27.1311 0.0000e+00
        999    182.150     8.5137   3.669679    34.9185    27.1313 0.0000e+00
       1000    182.092     8.5198   3.670459    34.9207    27.1321 0.0000e+00
       1001    182.010     8.5257   3.671398    34.9249    27.1345 0.0000e+00
       1002    181.919     8.5274   3.671677    34.9262    27.1352 0.0000e+00
       1003    181.824     8.5254   3.671150    34.9227    27.1328 0.0000e+00
       1004    181.729     8.5270   3.671272    34.9224    27.1323 0.0000e+00
       1005    181.624     8.5335   3.672455    34.9286    27.1361 0.0000e+00
       1006    181.498     8.5351   3.672835    34.9311    27.1378 0.0000e+00
       1007    181.359     8.5239   3.671003    34.9228    27.1331 0.0000e+00
       1008    181.216     8.5043   3.668213    34.9127    27.1282 0.0000e+00
       1009    181.062     8.4873   3.666580    34.9123    27.1305 0.0000e+00
       1010    180.896     8.4781   3.665731    34.9124    27.1321 0.0000e+00
       1011    180.728     8.4752   3.665149    34.9092    27.1300 0.0000e+00
       1012    180.563     8.4770   3.665291    34.9090    27.1296 0.0000e+00
       1013    180.399     8.4800   3.665484    34.9082    27.1285 0.0000e+00
       1014    180.221     8.4827   3.665760    34.9085    27.1283 0.0000e+00
       1015    180.027     8.4869   3.666334    34.9105    27.1292 0.0000e+00
       1016    179.838     8.4930   3.667006    34.9117    27.1292 0.0000e+00
       1017    179.666     8.5018   3.667978    34.9134    27.1292 0.0000e+00
       1018    179.511     8.5088   3.668673    34.9139    27.1285 0.0000e+00
       1019    179.367     8.5090   3.668452    34.9115    27.1265 0.0000e+00
       1020    179.224     8.5065   3.668187    34.9112    27.1267 0.0000e+00
       1021    179.084     8.5070   3.668338    34.9124    27.1275 0.0000e+00
       1022    178.949     8.5097   3.668531    34.9118    27.1267 0.0000e+00
       1023    178.822     8.5098   3.668663    34.9132    27.1277 0.0000e+00
       1024    178.712     8.5065   3.668344    34.9131    27.1282 0.0000e+00
       1025    178.620     8.5087   3.668683    34.9146    27.1290 0.0000e+00
