Datasets/Test_Dataset_39219_tow/tel219_2021_084.cnv
* Sea-Bird SBE19plus Data File:
* Filename = C:/AQUIRE/tel219_2021_084.hex
* Software Version AquireV2 AF V2.0
* Temperature SN =  4020
* Conductivity SN =  4020
* System UpLoad Time = May 17 2021 00:56:47
** VESSEL/TRIP/SEQ STN: tel219_2021_084
** LATITUDE: 46 20.26 N
** LONGITUDE: 55 44.63 W
** DATE/TIME: 2021-05-17 00:16
** SOUNDING DEPTH (M): 0143
** PROBE TYPE: S4020
** CTD NUMBER: 074
** FORMAT: T
** COMMENTS: 
# nquan = 7                                 
# nvalues = 2462                        
# units = specified
# name 0 = scan: Scan Count
# name 1 = prdM: Pressure, Strain Gauge [db]
# name 2 = tv290C: Temperature [ITS-90, deg C]
# name 3 = c0S/m: Conductivity [S/m]
# name 4 = sal00: Salinity, Practical [PSU]
# name 5 = sigma-t00: Density [sigma-t, kg/m^3 ]
# name 6 = flag: flag
# span 0 =          1,       2462       
# span 1 =      0.051,    140.177       
# span 2 =     0.1817,     5.2980       
# span 3 =   0.006660,   3.093165       
# span 4 =     0.0491,    32.5870       
# span 5 =     0.0008,    26.1479       
# span 6 = 0.0000e+00, 0.0000e+00       
# interval = seconds: 1
# start_time = May 17 2021 00:16:27 [Instrument's time stamp, header]
# bad_flag = -9.990e-29
*END*
[from data line 206]
        207      1.654     4.6952   3.065559    32.0621    25.3794 0.0000e+00
        208      1.913     4.7016   3.065800    32.0585    25.3759 0.0000e+00
        209      2.210     4.7172   3.067102    32.0583    25.3741 0.0000e+00
        210      2.437     4.7228   3.067239    32.0544    25.3704 0.0000e+00
        211      2.537     4.7045   3.065646    32.0536    25.3717 0.0000e+00
        212      2.528     4.6578   3.061663    32.0528    25.3759 0.0000e+00
        213      2.427     4.6111   3.057072    32.0449    25.3745 0.0000e+00
        214      2.247     4.6272   3.058813    32.0495    25.3766 0.0000e+00
        215      2.030     4.7158   3.068151    32.0719    25.3850 0.0000e+00
        216      1.845     4.7916   3.074765    32.0751    25.3794 0.0000e+00
        217      1.713     4.7992   3.073352    32.0515    25.3599 0.0000e+00
        218      1.613     4.7961   3.072766    32.0478    25.3573 0.0000e+00
        219      1.509     4.8200   3.076378    32.0664    25.3695 0.0000e+00
        220      1.349     4.8327   3.077156    32.0632    25.3656 0.0000e+00
        221      1.131     4.8213   3.075364    32.0536    25.3593 0.0000e+00
        222      0.928     4.7994   3.073327    32.0514    25.3598 0.0000e+00
        223      0.792     4.7880   3.071941    32.0465    25.3572 0.0000e+00
        224      0.715     4.8131   3.074833    32.0556    25.3617 0.0000e+00
        225      0.658     4.8490   3.078515    32.0634    25.3641 0.0000e+00
        226      0.596     4.8550   3.078470    32.0571    25.3585 0.0000e+00
        227      0.518     4.8362   3.076378    32.0512    25.3558 0.0000e+00
        228      0.429     4.8145   3.074275    32.0480    25.3555 0.0000e+00
        229      0.361     4.8032   3.073413    32.0490    25.3575 0.0000e+00
        230      0.314     4.8053   3.073849    32.0520    25.3597 0.0000e+00
        231      0.269     4.8133   3.074586    32.0528    25.3595 0.0000e+00
        232      0.237     4.8187   3.074936    32.0516    25.3580 0.0000e+00
        233      0.241     4.8201   3.074890    32.0498    25.3563 0.0000e+00
        234      0.280     4.8200   3.074754    32.0483    25.3552 0.0000e+00
        235      0.348     4.8192   3.074443    32.0454    25.3530 0.0000e+00
        236      0.457     4.8177   3.072983    32.0300    25.3409 0.0000e+00
        237      0.597     4.8160   3.068698    31.9822    25.3032 0.0000e+00
        238      0.712     4.8150   3.064849    31.9387    25.2689 0.0000e+00
        239      0.772     4.8148   3.067343    31.9676    25.2918 0.0000e+00
        240      0.802     4.8152   3.072701    32.0290    25.3404 0.0000e+00
        241      0.825     4.8156   3.074784    32.0526    25.3591 0.0000e+00
        242      0.835     4.8156   3.074767    32.0524    25.3589 0.0000e+00
        243      0.835     4.8152   3.074732    32.0524    25.3589 0.0000e+00
        244      0.845     4.8146   3.074699    32.0526    25.3592 0.0000e+00
        245      0.869     4.8140   3.074659    32.0527    25.3593 0.0000e+00
        246      0.902     4.8134   3.074646    32.0531    25.3597 0.0000e+00
        247      0.949     4.8125   3.074641    32.0539    25.3604 0.0000e+00
        248      0.990     4.8063   3.074268    32.0555    25.3624 0.0000e+00
        249      0.988     4.7891   3.072833    32.0556    25.3643 0.0000e+00
        250      0.993     4.7675   3.070794    32.0530    25.3645 0.0000e+00
        251      1.121     4.7540   3.069597    32.0521    25.3653 0.0000e+00
        252      1.394     4.7346   3.068511    32.0582    25.3721 0.0000e+00
        253      1.694     4.6827   3.063706    32.0527    25.3733 0.0000e+00
        254      1.889     4.6244   3.057590    32.0383    25.3679 0.0000e+00
        255      1.951     4.6098   3.057215    32.0480    25.3772 0.0000e+00
        256      1.945     4.6170   3.059484    32.0673    25.3917 0.0000e+00
        257      1.930     4.5865   3.056922    32.0672    25.3948 0.0000e+00
        258      1.935     4.5345   3.051223    32.0515    25.3878 0.0000e+00
        259      1.955     4.5253   3.050572    32.0529    25.3898 0.0000e+00
        260      1.960     4.5569   3.054533    32.0682    25.3987 0.0000e+00
        261      1.921     4.5821   3.056440    32.0659    25.3942 0.0000e+00
        262      1.827     4.5905   3.056191    32.0549    25.3847 0.0000e+00
        263      1.705     4.5924   3.055943    32.0503    25.3808 0.0000e+00
        264      1.603     4.5844   3.055828    32.0567    25.3867 0.0000e+00
        265      1.551     4.5609   3.053480    32.0523    25.3857 0.0000e+00
        266      1.551     4.5440   3.051220    32.0425    25.3796 0.0000e+00
        267      1.589     4.5579   3.053641    32.0571    25.3897 0.0000e+00
        268      1.642     4.5733   3.055949    32.0689    25.3975 0.0000e+00
        269      1.682     4.5445   3.052639    32.0584    25.3922 0.0000e+00
        270      1.681     4.4721   3.046140    32.0531    25.3955 0.0000e+00
        271      1.640     4.3892   3.040499    32.0681    25.4158 0.0000e+00
        272      1.591     4.3303   3.036383    32.0774    25.4292 0.0000e+00
        273      1.548     4.2937   3.033629    32.0809    25.4357 0.0000e+00
        274      1.506     4.2637   3.030657    32.0755    25.4343 0.0000e+00
        275      1.478     4.2753   3.030643    32.0640    25.4241 0.0000e+00
        276      1.459     4.3390   3.036600    32.0715    25.4236 0.0000e+00
        277      1.428     4.3967   3.041435    32.0718    25.4180 0.0000e+00
        278      1.382     4.4391   3.043710    32.0571    25.4020 0.0000e+00
        279      1.328     4.5030   3.048860    32.0549    25.3937 0.0000e+00
        280      1.281     4.5770   3.055257    32.0574    25.3881 0.0000e+00
        281      1.266     4.6319   3.059503    32.0535    25.3792 0.0000e+00
        282      1.281     4.6588   3.061788    32.0539    25.3767 0.0000e+00
        283      1.279     4.6544   3.061072    32.0498    25.3739 0.0000e+00
        284      1.227     4.6343   3.058593    32.0406    25.3687 0.0000e+00
        285      1.147     4.6286   3.058223    32.0419    25.3703 0.0000e+00
        286      1.074     4.6455   3.060149    32.0479    25.3733 0.0000e+00
        287      1.032     4.6726   3.062790    32.0522    25.3739 0.0000e+00
        288      1.016     4.6964   3.064988    32.0546    25.3733 0.0000e+00
        289      1.001     4.6957   3.064959    32.0550    25.3737 0.0000e+00
        290      0.963     4.6627   3.061940    32.0520    25.3748 0.0000e+00
        291      0.898     4.6311   3.058858    32.0470    25.3741 0.0000e+00
        292      0.831     4.6309   3.058918    32.0479    25.3749 0.0000e+00
        293      0.790     4.6535   3.061098    32.0513    25.3752 0.0000e+00
        294      0.768     4.6767   3.063134    32.0524    25.3736 0.0000e+00
        295      0.727     4.6815   3.063548    32.0525    25.3732 0.0000e+00
        296      0.645     4.6495   3.060821    32.0520    25.3762 0.0000e+00
        297      0.549     4.5709   3.054220    32.0517    25.3841 0.0000e+00
        298      0.479     4.4849   3.046810    32.0491    25.3910 0.0000e+00
        299      0.438     4.4615   3.044969    32.0504    25.3944 0.0000e+00
        300      0.421     4.5134   3.050408    32.0633    25.3993 0.0000e+00
        301      0.414     4.5922   3.057554    32.0698    25.3963 0.0000e+00
        302      0.386     4.6514   3.061573    32.0590    25.3815 0.0000e+00
        303      0.348     4.6765   3.063046    32.0518    25.3731 0.0000e+00
        304      0.326     4.6635   3.062136    32.0538    25.3762 0.0000e+00
        305      0.313     4.6104   3.057306    32.0493    25.3781 0.0000e+00
        306      0.298     4.5421   3.051102    32.0436    25.3807 0.0000e+00
        307      0.296     4.4995   3.047775    32.0462    25.3872 0.0000e+00
        308      0.322     4.5028   3.048520    32.0517    25.3912 0.0000e+00
        309      0.379     4.5277   3.050967    32.0559    25.3920 0.0000e+00
        310      0.464     4.5285   3.050985    32.0553    25.3914 0.0000e+00
        311      0.562     4.4995   3.048031    32.0491    25.3895 0.0000e+00
        312      0.653     4.4744   3.045931    32.0490    25.3920 0.0000e+00
        313      0.743     4.4631   3.045793    32.0583    25.4005 0.0000e+00
        314      0.852     4.4523   3.044882    32.0582    25.4015 0.0000e+00
        315      0.985     4.4549   3.044837    32.0550    25.3988 0.0000e+00
        316      1.135     4.4795   3.047184    32.0584    25.3989 0.0000e+00
        317      1.308     4.5109   3.049381    32.0533    25.3916 0.0000e+00
        318      1.491     4.5307   3.051464    32.0582    25.3935 0.0000e+00
        319      1.670     4.5196   3.051174    32.0655    25.4004 0.0000e+00
        320      1.858     4.4943   3.048170    32.0551    25.3948 0.0000e+00
        321      2.057     4.4793   3.047163    32.0579    25.3985 0.0000e+00
        322      2.285     4.4469   3.045611    32.0712    25.4124 0.0000e+00
        323      2.583     4.3824   3.040372    32.0727    25.4202 0.0000e+00
        324      2.947     4.3236   3.034895    32.0659    25.4207 0.0000e+00
        325      3.345     4.2803   3.031203    32.0647    25.4241 0.0000e+00
        326      3.705     4.2106   3.024883    32.0586    25.4262 0.0000e+00
        327      3.945     4.1098   3.014509    32.0352    25.4176 0.0000e+00
        328      4.090     4.0335   3.007515    32.0274    25.4189 0.0000e+00
        329      4.234     4.0299   3.008545    32.0430    25.4316 0.0000e+00
        330      4.411     4.0811   3.014288    32.0604    25.4404 0.0000e+00
        331      4.559     4.1208   3.017410    32.0582    25.4348 0.0000e+00
        332      4.588     4.1179   3.016715    32.0528    25.4308 0.0000e+00
        333      4.483     4.0735   3.012935    32.0519    25.4344 0.0000e+00
        334      4.307     3.9932   3.004980    32.0369    25.4303 0.0000e+00
        335      4.134     3.9140   2.998295    32.0357    25.4370 0.0000e+00
        336      4.017     3.8766   2.996376    32.0498    25.4518 0.0000e+00
        337      3.997     3.8826   2.997727    32.0598    25.4592 0.0000e+00
        338      4.086     3.9071   2.999979    32.0624    25.4589 0.0000e+00
        339      4.259     3.9238   3.001068    32.0588    25.4544 0.0000e+00
        340      4.473     3.9181   3.000183    32.0538    25.4510 0.0000e+00
        341      4.712     3.9067   2.998819    32.0487    25.4481 0.0000e+00
        342      4.967     3.9118   2.999660    32.0535    25.4514 0.0000e+00
        343      5.192     3.9152   3.000119    32.0555    25.4526 0.0000e+00
        344      5.383     3.9107   2.999348    32.0507    25.4493 0.0000e+00
        345      5.584     3.9215   3.000548    32.0542    25.4510 0.0000e+00
        346      5.808     3.9419   3.002598    32.0583    25.4523 0.0000e+00
        347      6.046     3.9503   3.003363    32.0589    25.4520 0.0000e+00
        348      6.292     3.9354   3.001978    32.0571    25.4520 0.0000e+00
        349      6.546     3.9054   2.999220    32.0538    25.4522 0.0000e+00
        350      6.810     3.8876   2.997683    32.0530    25.4533 0.0000e+00
        351      7.103     3.8898   2.998039    32.0549    25.4546 0.0000e+00
        352      7.451     3.8946   2.998829    32.0593    25.4576 0.0000e+00
        353      7.837     3.8841   2.998029    32.0600    25.4592 0.0000e+00
        354      8.233     3.8569   2.995204    32.0531    25.4563 0.0000e+00
        355      8.645     3.8388   2.993466    32.0501    25.4556 0.0000e+00
        356      9.061     3.8462   2.994721    32.0574    25.4608 0.0000e+00
        357      9.425     3.8558   2.995832    32.0610    25.4626 0.0000e+00
        358      9.715     3.8426   2.994337    32.0561    25.4600 0.0000e+00
        359      9.983     3.8157   2.991954    32.0542    25.4610 0.0000e+00
        360     10.271     3.7941   2.990434    32.0572    25.4655 0.0000e+00
        361     10.589     3.7803   2.989451    32.0590    25.4682 0.0000e+00
        362     10.940     3.7686   2.988553    32.0597    25.4699 0.0000e+00
        363     11.319     3.7569   2.987556    32.0592    25.4706 0.0000e+00
        364     11.722     3.7466   2.986677    32.0586    25.4711 0.0000e+00
        365     12.152     3.7378   2.985999    32.0590    25.4723 0.0000e+00
        366     12.612     3.7285   2.985225    32.0588    25.4729 0.0000e+00
        367     13.099     3.7188   2.984443    32.0588    25.4738 0.0000e+00
        368     13.603     3.7104   2.983823    32.0594    25.4751 0.0000e+00
        369     14.115     3.7031   2.983364    32.0609    25.4770 0.0000e+00
        370     14.630     3.6925   2.982638    32.0624    25.4792 0.0000e+00
        371     15.150     3.6739   2.981094    32.0621    25.4807 0.0000e+00
        372     15.683     3.6486   2.978851    32.0601    25.4814 0.0000e+00
        373     16.235     3.6221   2.976575    32.0589    25.4829 0.0000e+00
        374     16.807     3.5957   2.974407    32.0588    25.4852 0.0000e+00
        375     17.396     3.5696   2.972288    32.0590    25.4878 0.0000e+00
        376     17.999     3.5473   2.970548    32.0599    25.4906 0.0000e+00
        377     18.611     3.5292   2.969257    32.0621    25.4940 0.0000e+00
        378     19.223     3.5096   2.967797    32.0637    25.4970 0.0000e+00
        379     19.825     3.4855   2.965852    32.0640    25.4994 0.0000e+00
        380     20.414     3.4587   2.963794    32.0655    25.5031 0.0000e+00
        381     20.995     3.4325   2.961757    32.0668    25.5065 0.0000e+00
        382     21.573     3.4105   2.959865    32.0656    25.5075 0.0000e+00
        383     22.149     3.3973   2.958807    32.0657    25.5087 0.0000e+00
        384     22.727     3.3921   2.958585    32.0679    25.5110 0.0000e+00
        385     23.305     3.3878   2.958267    32.0680    25.5115 0.0000e+00
        386     23.883     3.3815   2.957662    32.0667    25.5110 0.0000e+00
        387     24.459     3.3752   2.957118    32.0662    25.5111 0.0000e+00
        388     25.029     3.3706   2.956733    32.0658    25.5112 0.0000e+00
        389     25.591     3.3673   2.956475    32.0657    25.5114 0.0000e+00
        390     26.146     3.3619   2.955980    32.0648    25.5112 0.0000e+00
        391     26.696     3.3533   2.955162    32.0632    25.5107 0.0000e+00
        392     27.246     3.3441   2.954467    32.0637    25.5119 0.0000e+00
        393     27.797     3.3330   2.953724    32.0655    25.5143 0.0000e+00
        394     28.347     3.3102   2.951973    32.0668    25.5174 0.0000e+00
        395     28.896     3.2704   2.948620    32.0657    25.5200 0.0000e+00
        396     29.442     3.2268   2.944930    32.0643    25.5227 0.0000e+00
        397     29.989     3.1970   2.942710    32.0669    25.5274 0.0000e+00
        398     30.538     3.1818   2.941744    32.0701    25.5312 0.0000e+00
        399     31.085     3.1709   2.940929    32.0708    25.5327 0.0000e+00
        400     31.632     3.1582   2.939919    32.0710    25.5340 0.0000e+00
        401     32.178     3.1426   2.938800    32.0727    25.5367 0.0000e+00
        402     32.721     3.1216   2.937252    32.0746    25.5400 0.0000e+00
        403     33.266     3.0947   2.935065    32.0747    25.5424 0.0000e+00
        404     33.817     3.0679   2.932908    32.0750    25.5450 0.0000e+00
        405     34.372     3.0457   2.931226    32.0765    25.5480 0.0000e+00
        406     34.927     3.0259   2.929806    32.0788    25.5515 0.0000e+00
        407     35.485     3.0031   2.928047    32.0799    25.5544 0.0000e+00
        408     36.046     2.9744   2.925619    32.0788    25.5559 0.0000e+00
        409     36.605     2.9448   2.923234    32.0792    25.5587 0.0000e+00
        410     37.160     2.9216   2.921580    32.0820    25.5629 0.0000e+00
