Datasets/Test_Dataset_39219_tow/tel219_2021_022.cnv
* Sea-Bird SBE19plus Data File:
* Filename = C:/AQUIRE/tel219_2021_022.hex
* Software Version AquireV2 AF V2.0
* Temperature SN =  4020
* Conductivity SN =  4020
* System UpLoad Time = May 08 2021 04:51:38
** VESSEL/TRIP/SEQ STN: tel219_2021_022
** LATITUDE: 46 42.48 N
** LONGITUDE: 57 02.35 W
** DATE/TIME: 2021-05-08 04:16
** SOUNDING DEPTH (M): 0082
** PROBE TYPE: S4020
** CTD NUMBER:  22
** FORMAT: T
** COMMENTS: 
# nquan = 7                                 
# nvalues = 2177                        
# units = specified
# name 0 = scan: Scan Count
# name 1 = prdM: Pressure, Strain Gauge [db]
# name 2 = tv290C: Temperature [ITS-90, deg C]
# name 3 = c0S/m: Conductivity [S/m]
# name 4 = sal00: Salinity, Practical [PSU]
# name 5 = sigma-t00: Density [sigma-t, kg/m^3 ]
# name 6 = flag: flag
# span 0 =          1,       2177       
# span 1 =     -0.099,     75.700       
# span 2 =     1.7182,     3.8745       
# span 3 =   0.003548,   2.945862       
# span 4 =     0.0265,    32.3083       
# span 5 =    -0.0037,    25.8337       
# span 6 = 0.0000e+00, 0.0000e+00       
# interval = seconds: 1
# start_time = May 08 2021 04:16:35 [Instrument's time stamp, header]
# bad_flag = -9.990e-29
*END*
[from data line 2052]
       2053     -0.016     3.3651   0.022742     0.1829     0.1199 0.0000e+00
       2054     -0.018     3.3647   0.022456     0.1805     0.1180 0.0000e+00
       2055     -0.022     3.3658   0.021931     0.1761     0.1145 0.0000e+00
       2056     -0.024     3.3667   0.021653     0.1738     0.1126 0.0000e+00
       2057     -0.024     3.3668   0.021777     0.1748     0.1134 0.0000e+00
       2058     -0.021     3.3659   0.022047     0.1771     0.1152 0.0000e+00
       2059     -0.020     3.3639   0.022281     0.1790     0.1168 0.0000e+00
       2060     -0.025     3.3614   0.022416     0.1802     0.1177 0.0000e+00
       2061     -0.028     3.3603   0.022392     0.1800     0.1175 0.0000e+00
       2062     -0.025     3.3610   0.022194     0.1783     0.1162 0.0000e+00
       2063     -0.024     3.3624   0.021824     0.1752     0.1137 0.0000e+00
       2064     -0.025     3.3632   0.021456     0.1722     0.1112 0.0000e+00
       2065     -0.025     3.3620   0.021493     0.1725     0.1115 0.0000e+00
       2066     -0.025     3.3588   0.022008     0.1768     0.1149 0.0000e+00
       2067     -0.027     3.3563   0.022504     0.1809     0.1183 0.0000e+00
       2068     -0.028     3.3556   0.022589     0.1817     0.1188 0.0000e+00
       2069     -0.027     3.3566   0.022340     0.1796     0.1172 0.0000e+00
       2070     -0.026     3.3586   0.021982     0.1766     0.1148 0.0000e+00
       2071     -0.025     3.3602   0.021683     0.1741     0.1128 0.0000e+00
       2072     -0.024     3.3611   0.021517     0.1727     0.1116 0.0000e+00
       2073     -0.024     3.3609   0.021482     0.1724     0.1114 0.0000e+00
       2074     -0.025     3.3602   0.021562     0.1731     0.1119 0.0000e+00
       2075     -0.027     3.3602   0.021610     0.1735     0.1123 0.0000e+00
       2076     -0.030     3.3613   0.021363     0.1714     0.1106 0.0000e+00
       2077     -0.032     3.3621   0.020919     0.1677     0.1076 0.0000e+00
       2078     -0.034     3.3610   0.020771     0.1665     0.1066 0.0000e+00
       2079     -0.033     3.3585   0.021016     0.1685     0.1083 0.0000e+00
       2080     -0.030     3.3553   0.021367     0.1715     0.1106 0.0000e+00
       2081     -0.029     3.3521   0.021718     0.1744     0.1129 0.0000e+00
       2082     -0.030     3.3503   0.022040     0.1771     0.1151 0.0000e+00
       2083     -0.032     3.3510   0.022198     0.1784     0.1162 0.0000e+00
       2084     -0.035     3.3531   0.022104     0.1776     0.1156 0.0000e+00
       2085     -0.038     3.3546   0.021913     0.1760     0.1143 0.0000e+00
       2086     -0.039     3.3548   0.021820     0.1752     0.1137 0.0000e+00
       2087     -0.038     3.3543   0.021763     0.1748     0.1133 0.0000e+00
       2088     -0.040     3.3536   0.021686     0.1741     0.1127 0.0000e+00
       2089     -0.043     3.3532   0.021627     0.1736     0.1123 0.0000e+00
       2090     -0.044     3.3538   0.021640     0.1737     0.1124 0.0000e+00
       2091     -0.040     3.3546   0.021868     0.1756     0.1140 0.0000e+00
       2092     -0.034     3.3539   0.022393     0.1800     0.1175 0.0000e+00
       2093     -0.031     3.3512   0.022961     0.1848     0.1213 0.0000e+00
       2094     -0.033     3.3477   0.023162     0.1865     0.1227 0.0000e+00
       2095     -0.035     3.3445   0.023034     0.1854     0.1218 0.0000e+00
       2096     -0.037     3.3423   0.023250     0.1872     0.1232 0.0000e+00
       2097     -0.039     3.3418   0.024033     0.1938     0.1285 0.0000e+00
       2098     -0.039     3.3433   0.024494     0.1977     0.1317 0.0000e+00
       2099     -0.037     3.3468   0.024137     0.1946     0.1293 0.0000e+00
       2100     -0.034     3.3504   0.023531     0.1896     0.1252 0.0000e+00
       2101     -0.032     3.3528   0.023157     0.1864     0.1227 0.0000e+00
       2102     -0.031     3.3546   0.022936     0.1846     0.1212 0.0000e+00
       2103     -0.030     3.3569   0.022635     0.1820     0.1192 0.0000e+00
       2104     -0.030     3.3593   0.022198     0.1784     0.1162 0.0000e+00
       2105     -0.032     3.3609   0.021888     0.1758     0.1141 0.0000e+00
       2106     -0.036     3.3617   0.021892     0.1758     0.1142 0.0000e+00
       2107     -0.040     3.3621   0.022022     0.1769     0.1151 0.0000e+00
       2108     -0.043     3.3624   0.022087     0.1774     0.1155 0.0000e+00
       2109     -0.043     3.3629   0.022074     0.1773     0.1154 0.0000e+00
       2110     -0.042     3.3640   0.022095     0.1775     0.1156 0.0000e+00
       2111     -0.041     3.3653   0.022235     0.1786     0.1165 0.0000e+00
       2112     -0.039     3.3662   0.022379     0.1798     0.1175 0.0000e+00
       2113     -0.038     3.3665   0.022363     0.1797     0.1174 0.0000e+00
       2114     -0.042     3.3665   0.022185     0.1782     0.1162 0.0000e+00
       2115     -0.048     3.3663   0.021970     0.1764     0.1147 0.0000e+00
       2116     -0.051     3.3660   0.022013     0.1768     0.1150 0.0000e+00
       2117     -0.051     3.3649   0.022747     0.1829     0.1200 0.0000e+00
       2118     -0.048     3.3625   0.023920     0.1927     0.1279 0.0000e+00
       2119     -0.044     3.3598   0.024513     0.1977     0.1319 0.0000e+00
       2120     -0.045     3.3573   0.024314     0.1961     0.1305 0.0000e+00
       2121     -0.046     3.3553   0.024058     0.1939     0.1288 0.0000e+00
       2122     -0.045     3.3544   0.024246     0.1955     0.1300 0.0000e+00
       2123     -0.046     3.3556   0.024489     0.1975     0.1317 0.0000e+00
       2124     -0.047     3.3589   0.024106     0.1943     0.1291 0.0000e+00
       2125     -0.048     3.3624   0.023366     0.1881     0.1241 0.0000e+00
       2126     -0.051     3.3640   0.022891     0.1841     0.1209 0.0000e+00
       2127     -0.053     3.3633   0.022750     0.1830     0.1200 0.0000e+00
       2128     -0.053     3.3626   0.022773     0.1832     0.1201 0.0000e+00
       2129     -0.053     3.3635   0.022760     0.1830     0.1200 0.0000e+00
       2130     -0.051     3.3654   0.022513     0.1810     0.1184 0.0000e+00
       2131     -0.051     3.3675   0.022082     0.1774     0.1155 0.0000e+00
       2132     -0.053     3.3692   0.021699     0.1742     0.1129 0.0000e+00
       2133     -0.052     3.3696   0.021512     0.1726     0.1117 0.0000e+00
       2134     -0.051     3.3682   0.021572     0.1731     0.1121 0.0000e+00
       2135     -0.051     3.3656   0.021926     0.1761     0.1144 0.0000e+00
       2136     -0.050     3.3639   0.022565     0.1814     0.1187 0.0000e+00
       2137     -0.049     3.3649   0.023020     0.1852     0.1218 0.0000e+00
       2138     -0.047     3.3678   0.022811     0.1834     0.1204 0.0000e+00
       2139     -0.045     3.3696   0.022406     0.1801     0.1177 0.0000e+00
       2140     -0.045     3.3688   0.022676     0.1823     0.1195 0.0000e+00
       2141     -0.047     3.3660   0.023424     0.1886     0.1245 0.0000e+00
       2142     -0.046     3.3628   0.023818     0.1919     0.1272 0.0000e+00
       2143     -0.045     3.3603   0.024523     0.1978     0.1319 0.0000e+00
       2144     -0.049     3.3588   0.025834     0.2088     0.1408 0.0000e+00
       2145     -0.052     3.3582   0.026269     0.2124     0.1438 0.0000e+00
       2146     -0.051     3.3579   0.025817     0.2087     0.1407 0.0000e+00
       2147     -0.051     3.3571   0.025485     0.2059     0.1384 0.0000e+00
       2148     -0.051     3.3553   0.025696     0.2077     0.1399 0.0000e+00
       2149     -0.050     3.3536   0.026165     0.2116     0.1430 0.0000e+00
       2150     -0.052     3.3525   0.026179     0.2117     0.1431 0.0000e+00
       2151     -0.056     3.3516   0.026198     0.2119     0.1432 0.0000e+00
       2152     -0.057     3.3506   0.026455     0.2141     0.1450 0.0000e+00
       2153     -0.056     3.3494   0.026249     0.2123     0.1436 0.0000e+00
       2154     -0.056     3.3482   0.025631     0.2072     0.1394 0.0000e+00
       2155     -0.057     3.3468   0.025089     0.2026     0.1357 0.0000e+00
       2156     -0.058     3.3454   0.024846     0.2006     0.1340 0.0000e+00
       2157     -0.056     3.3444   0.025269     0.2041     0.1369 0.0000e+00
       2158     -0.052     3.3440   0.026140     0.2115     0.1428 0.0000e+00
       2159     -0.051     3.3437   0.026367     0.2134     0.1444 0.0000e+00
       2160     -0.053     3.3433   0.025781     0.2084     0.1404 0.0000e+00
       2161     -0.053     3.3428   0.025063     0.2024     0.1355 0.0000e+00
       2162     -0.052     3.3424   0.024557     0.1982     0.1321 0.0000e+00
       2163     -0.054     3.3422   0.024150     0.1948     0.1293 0.0000e+00
       2164     -0.057     3.3423   0.023626     0.1904     0.1258 0.0000e+00
       2165     -0.057     3.3430   0.023090     0.1859     0.1222 0.0000e+00
       2166     -0.055     3.3434   0.022636     0.1821     0.1191 0.0000e+00
       2167     -0.054     3.3433   0.022183     0.1783     0.1160 0.0000e+00
       2168     -0.053     3.3428   0.021716     0.1744     0.1129 0.0000e+00
       2169     -0.053     3.3428   0.021299     0.1710     0.1101 0.0000e+00
       2170     -0.054     3.3430   0.020947     0.1680     0.1077 0.0000e+00
       2171     -0.054     3.3431   0.020647     0.1655     0.1057 0.0000e+00
       2172     -0.056     3.3432   0.020425     0.1637     0.1042 0.0000e+00
       2173     -0.060     3.3430   0.020300     0.1626     0.1034 0.0000e+00
       2174     -0.063     3.3424   0.020210     0.1619     0.1027 0.0000e+00
       2175     -0.061     3.3418   0.020038     0.1605     0.1016 0.0000e+00
       2176     -0.058     3.3413   0.019670     0.1574     0.0991 0.0000e+00
       2177     -0.057 -9.990e-29   0.019431 -9.990e-29 -9.990e-29 0.0000e+00
