Datasets/Test_Dataset_39219_tow/tel219_2021_037.cnv
* Sea-Bird SBE19plus Data File:
* Filename = C:/AQUIRE/tel219_2021_037.hex
* Software Version AquireV2 AF V2.0
* Temperature SN =  4020
* Conductivity SN =  4020
* System UpLoad Time = May 11 2021 17:38:07
** VESSEL/TRIP/SEQ STN: tel219_2021_037
** LATITUDE: 45 17.30 N
** LONGITUDE: 56 58.17 W
** DATE/TIME: 2021-05-11 16:31
** SOUNDING DEPTH (M): 0425
** PROBE TYPE: S4020
** CTD NUMBER:  37
** FORMAT: t
** COMMENTS: 
# nquan = 7                                 
# nvalues = 4101                        
# units = specified
# name 0 = scan: Scan Count
# name 1 = prdM: Pressure, Strain Gauge [db]
# name 2 = tv290C: Temperature [ITS-90, deg C]
# name 3 = c0S/m: Conductivity [S/m]
# name 4 = sal00: Salinity, Practical [PSU]
# name 5 = sigma-t00: Density [sigma-t, kg/m^3 ]
# name 6 = flag: flag
# span 0 =          1,       4101       
# span 1 =     -0.568,    431.285       
# span 2 =     1.1953,    11.4398       
# span 3 =   0.010973,   3.982962       
# span 4 =     0.0786,    35.3337       
# span 5 =    -0.0290,    27.6453       
# span 6 = 0.0000e+00, 0.0000e+00       
# interval = seconds: 1
# start_time = May 11 2021 16:31:09 [Instrument's time stamp, header]
# bad_flag = -9.990e-29
*END*
          1     -0.160     6.6604   0.012713     0.0918    -0.0076 0.0000e+00
          2     -0.165     6.6637   0.012850     0.0928    -0.0070 0.0000e+00
          3     -0.166     6.6656   0.013013     0.0940    -0.0061 0.0000e+00
          4     -0.163     6.6595   0.013019     0.0941    -0.0058 0.0000e+00
          5     -0.160     6.6457   0.012822     0.0927    -0.0063 0.0000e+00
          6     -0.158     6.6372   0.012609     0.0911    -0.0072 0.0000e+00
          7     -0.154     6.6426   0.012515     0.0904    -0.0080 0.0000e+00
          8     -0.155     6.6541   0.012516     0.0904    -0.0085 0.0000e+00
          9     -0.161     6.6606   0.012554     0.0906    -0.0086 0.0000e+00
         10     -0.162     6.6587   0.012605     0.0910    -0.0082 0.0000e+00
         11     -0.158     6.6526   0.012622     0.0912    -0.0078 0.0000e+00
         12     -0.155     6.6464   0.012534     0.0905    -0.0081 0.0000e+00
         13     -0.154     6.6392   0.012337     0.0891    -0.0089 0.0000e+00
         14     -0.154     6.6323   0.012182     0.0880    -0.0095 0.0000e+00
         15     -0.157     6.6307   0.012194     0.0881    -0.0094 0.0000e+00
         16     -0.157     6.6333   0.012262     0.0886    -0.0091 0.0000e+00
         17     -0.154     6.6376   0.012271     0.0886    -0.0092 0.0000e+00
         18     -0.154     6.6450   0.012271     0.0886    -0.0095 0.0000e+00
         19     -0.156     6.6547   0.012317     0.0889    -0.0097 0.0000e+00
         20     -0.157     6.6622   0.012397     0.0895    -0.0095 0.0000e+00
         21     -0.158     6.6641   0.012471     0.0900    -0.0092 0.0000e+00
         22     -0.159     6.6620   0.012479     0.0901    -0.0091 0.0000e+00
         23     -0.159     6.6612   0.012397     0.0895    -0.0095 0.0000e+00
         24     -0.158     6.6645   0.012298     0.0888    -0.0102 0.0000e+00
         25     -0.157     6.6683   0.012285     0.0886    -0.0105 0.0000e+00
         26     -0.156     6.6681   0.012350     0.0891    -0.0101 0.0000e+00
         27     -0.157     6.6632   0.012380     0.0894    -0.0097 0.0000e+00
         28     -0.159     6.6570   0.012312     0.0889    -0.0098 0.0000e+00
         29     -0.160     6.6548   0.012227     0.0883    -0.0102 0.0000e+00
         30     -0.160     6.6580   0.012227     0.0882    -0.0104 0.0000e+00
         31     -0.159     6.6617   0.012282     0.0886    -0.0102 0.0000e+00
         32     -0.159     6.6629   0.012323     0.0889    -0.0100 0.0000e+00
         33     -0.160     6.6595   0.012277     0.0886    -0.0101 0.0000e+00
         34     -0.159     6.6486   0.012088     0.0872    -0.0108 0.0000e+00
         35     -0.157     6.6353   0.011930     0.0861    -0.0111 0.0000e+00
         36     -0.158     6.6307   0.012005     0.0867    -0.0105 0.0000e+00
         37     -0.162     6.6334   0.012160     0.0878    -0.0097 0.0000e+00
         38     -0.164     6.6313   0.012146     0.0877    -0.0097 0.0000e+00
         39     -0.163     6.6212   0.011980     0.0865    -0.0102 0.0000e+00
         40     -0.162     6.6114   0.011865     0.0857    -0.0105 0.0000e+00
         41     -0.161     6.6089   0.011920     0.0861    -0.0101 0.0000e+00
         42     -0.161     6.6115   0.012043     0.0870    -0.0095 0.0000e+00
         43     -0.164     6.6161   0.012101     0.0874    -0.0093 0.0000e+00
         44     -0.166     6.6208   0.012074     0.0872    -0.0097 0.0000e+00
         45     -0.167     6.6212   0.011981     0.0865    -0.0102 0.0000e+00
         46     -0.166     6.6183   0.011920     0.0861    -0.0105 0.0000e+00
         47     -0.163     6.6178   0.011991     0.0866    -0.0100 0.0000e+00
         48     -0.160     6.6188   0.012105     0.0874    -0.0094 0.0000e+00
         49     -0.159     6.6175   0.012118     0.0875    -0.0093 0.0000e+00
         50     -0.158     6.6131   0.012008     0.0867    -0.0097 0.0000e+00
         51     -0.156     6.6086   0.011912     0.0860    -0.0101 0.0000e+00
         52     -0.156     6.6070   0.011931     0.0862    -0.0099 0.0000e+00
         53     -0.158     6.6026   0.011923     0.0861    -0.0098 0.0000e+00
         54     -0.161     6.5932   0.011812     0.0853    -0.0100 0.0000e+00
         55     -0.163     6.5867   0.011703     0.0845    -0.0104 0.0000e+00
         56     -0.164     6.5837   0.011634     0.0840    -0.0107 0.0000e+00
         57     -0.162     6.5801   0.011676     0.0844    -0.0103 0.0000e+00
         58     -0.158     6.5756   0.011818     0.0854    -0.0093 0.0000e+00
         59     -0.157     6.5657   0.011808     0.0854    -0.0089 0.0000e+00
         60     -0.161     6.5487   0.011569     0.0836    -0.0096 0.0000e+00
         61     -0.165     6.5349   0.011340     0.0820    -0.0104 0.0000e+00
         62     -0.167     6.5308   0.011304     0.0817    -0.0104 0.0000e+00
         63     -0.168     6.5297   0.011387     0.0823    -0.0099 0.0000e+00
         64     -0.169     6.5256   0.011460     0.0829    -0.0093 0.0000e+00
         65     -0.170     6.5183   0.011474     0.0830    -0.0089 0.0000e+00
         66     -0.170     6.5087   0.011407     0.0825    -0.0089 0.0000e+00
         67     -0.170     6.5047   0.011403     0.0825    -0.0088 0.0000e+00
         68     -0.166     6.5175   0.011604     0.0840    -0.0081 0.0000e+00
         69     -0.163     6.5396   0.011845     0.0857    -0.0076 0.0000e+00
         70     -0.165     6.5504   0.011856     0.0857    -0.0080 0.0000e+00
         71     -0.166     6.5448   0.011665     0.0844    -0.0089 0.0000e+00
         72     -0.164     6.5394   0.011578     0.0837    -0.0092 0.0000e+00
         73     -0.162     6.5463   0.011694     0.0846    -0.0088 0.0000e+00
         74     -0.164     6.5597   0.011884     0.0859    -0.0082 0.0000e+00
         75     -0.167     6.5712   0.012068     0.0873    -0.0076 0.0000e+00
         76     -0.168     6.5748   0.012126     0.0877    -0.0074 0.0000e+00
         77     -0.167     6.5690   0.011991     0.0867    -0.0080 0.0000e+00
         78     -0.162     6.5624   0.011838     0.0856    -0.0086 0.0000e+00
         79     -0.157     6.5637   0.011861     0.0858    -0.0085 0.0000e+00
         80     -0.155     6.5684   0.011967     0.0865    -0.0081 0.0000e+00
         81     -0.155     6.5720   0.012022     0.0869    -0.0079 0.0000e+00
         82     -0.158     6.5785   0.012057     0.0872    -0.0080 0.0000e+00
         83     -0.161     6.5877   0.012073     0.0873    -0.0083 0.0000e+00
         84     -0.162     6.5962   0.012087     0.0873    -0.0085 0.0000e+00
         85     -0.164     6.6045   0.012181     0.0880    -0.0083 0.0000e+00
         86     -0.166     6.6082   0.012267     0.0886    -0.0080 0.0000e+00
         87     -0.169     6.6016   0.012200     0.0882    -0.0081 0.0000e+00
         88     -0.171     6.5866   0.011998     0.0867    -0.0087 0.0000e+00
         89     -0.170     6.5711   0.011791     0.0852    -0.0092 0.0000e+00
         90     -0.166     6.5643   0.011708     0.0846    -0.0094 0.0000e+00
         91     -0.163     6.5681   0.011779     0.0851    -0.0092 0.0000e+00
         92     -0.160     6.5743   0.011940     0.0863    -0.0085 0.0000e+00
         93     -0.158     6.5743   0.012066     0.0872    -0.0078 0.0000e+00
         94     -0.159     6.5637   0.011956     0.0865    -0.0080 0.0000e+00
         95     -0.157     6.5477   0.011678     0.0844    -0.0089 0.0000e+00
         96     -0.154     6.5403   0.011571     0.0837    -0.0092 0.0000e+00
         97     -0.156     6.5456   0.011693     0.0846    -0.0087 0.0000e+00
         98     -0.159     6.5553   0.011864     0.0858    -0.0081 0.0000e+00
         99     -0.158     6.5593   0.011910     0.0861    -0.0080 0.0000e+00
        100     -0.157     6.5536   0.011815     0.0854    -0.0084 0.0000e+00
        101     -0.160     6.5452   0.011749     0.0850    -0.0084 0.0000e+00
        102     -0.164     6.5397   0.011743     0.0849    -0.0082 0.0000e+00
        103     -0.165     6.5381   0.011748     0.0850    -0.0081 0.0000e+00
        104     -0.164     6.5426   0.011792     0.0853    -0.0080 0.0000e+00
        105     -0.164     6.5500   0.011827     0.0855    -0.0081 0.0000e+00
        106     -0.164     6.5548   0.011841     0.0856    -0.0083 0.0000e+00
        107     -0.164     6.5555   0.011891     0.0860    -0.0080 0.0000e+00
        108     -0.166     6.5500   0.011893     0.0860    -0.0078 0.0000e+00
        109     -0.167     6.5366   0.011774     0.0852    -0.0079 0.0000e+00
        110     -0.165     6.5205   0.011599     0.0839    -0.0083 0.0000e+00
        111     -0.164     6.5103   0.011486     0.0831    -0.0085 0.0000e+00
        112     -0.162     6.5113   0.011492     0.0831    -0.0085 0.0000e+00
        113     -0.160     6.5199   0.011573     0.0837    -0.0084 0.0000e+00
        114     -0.160     6.5263   0.011667     0.0844    -0.0081 0.0000e+00
        115     -0.160     6.5222   0.011695     0.0846    -0.0078 0.0000e+00
        116     -0.159     6.5074   0.011583     0.0838    -0.0078 0.0000e+00
        117     -0.157     6.4898   0.011374     0.0823    -0.0083 0.0000e+00
        118     -0.159     6.4821   0.011293     0.0817    -0.0085 0.0000e+00
        119     -0.164     6.4910   0.011459     0.0829    -0.0079 0.0000e+00
        120     -0.168     6.5067   0.011678     0.0845    -0.0072 0.0000e+00
        121     -0.170     6.5137   0.011740     0.0850    -0.0072 0.0000e+00
        122     -0.167     6.5065   0.011598     0.0839    -0.0077 0.0000e+00
        123     -0.161     6.4915   0.011395     0.0825    -0.0083 0.0000e+00
        124     -0.161     6.4836   0.011375     0.0823    -0.0081 0.0000e+00
        125     -0.166     6.4920   0.011652     0.0844    -0.0068 0.0000e+00
        126     -0.166     6.5115   0.012047     0.0872    -0.0053 0.0000e+00
        127     -0.163     6.5307   0.012239     0.0886    -0.0049 0.0000e+00
        128     -0.164     6.5427   0.012142     0.0879    -0.0060 0.0000e+00
        129     -0.168     6.5472   0.011992     0.0868    -0.0071 0.0000e+00
        130     -0.170     6.5491   0.012043     0.0871    -0.0068 0.0000e+00
        131     -0.169     6.5493   0.012214     0.0884    -0.0058 0.0000e+00
        132     -0.168     6.5450   0.012256     0.0887    -0.0054 0.0000e+00
        133     -0.167     6.5413   0.012180     0.0882    -0.0057 0.0000e+00
        134     -0.167     6.5454   0.012142     0.0879    -0.0061 0.0000e+00
        135     -0.167     6.5549   0.012165     0.0880    -0.0064 0.0000e+00
        136     -0.169     6.5590   0.012145     0.0879    -0.0066 0.0000e+00
        137     -0.171     6.5476   0.011999     0.0868    -0.0070 0.0000e+00
        138     -0.170     6.5291   0.011876     0.0859    -0.0070 0.0000e+00
        139     -0.168     6.5228   0.011930     0.0864    -0.0064 0.0000e+00
        140     -0.168     6.5308   0.012074     0.0874    -0.0059 0.0000e+00
        141     -0.170     6.5423   0.012162     0.0880    -0.0059 0.0000e+00
        142     -0.172     6.5502   0.012149     0.0879    -0.0063 0.0000e+00
        143     -0.170     6.5522   0.012088     0.0875    -0.0067 0.0000e+00
        144     -0.169     6.5510   0.012101     0.0876    -0.0066 0.0000e+00
        145     -0.168     6.5477   0.012164     0.0880    -0.0061 0.0000e+00
        146     -0.167     6.5385   0.012117     0.0877    -0.0060 0.0000e+00
        147     -0.167     6.5268   0.011972     0.0867    -0.0063 0.0000e+00
        148     -0.168     6.5204   0.011876     0.0860    -0.0066 0.0000e+00
        149     -0.168     6.5206   0.011893     0.0861    -0.0065 0.0000e+00
        150     -0.168     6.5248   0.011991     0.0868    -0.0061 0.0000e+00
        151     -0.168     6.5280   0.012073     0.0874    -0.0058 0.0000e+00
        152     -0.170     6.5254   0.012037     0.0871    -0.0059 0.0000e+00
        153     -0.172     6.5184   0.011879     0.0860    -0.0065 0.0000e+00
        154     -0.173     6.5161   0.011782     0.0853    -0.0070 0.0000e+00
        155     -0.172     6.5233   0.011892     0.0861    -0.0067 0.0000e+00
        156     -0.169     6.5332   0.012123     0.0878    -0.0057 0.0000e+00
        157     -0.169     6.5403   0.012302     0.0891    -0.0049 0.0000e+00
        158     -0.171     6.5482   0.012359     0.0895    -0.0049 0.0000e+00
        159     -0.172     6.5590   0.012314     0.0891    -0.0057 0.0000e+00
        160     -0.172     6.5694   0.012239     0.0885    -0.0065 0.0000e+00
        161     -0.171     6.5750   0.012263     0.0887    -0.0066 0.0000e+00
        162     -0.170     6.5704   0.012344     0.0893    -0.0060 0.0000e+00
        163     -0.168     6.5526   0.012280     0.0889    -0.0056 0.0000e+00
        164     -0.168     6.5284   0.012026     0.0870    -0.0061 0.0000e+00
        165     -0.170     6.5104   0.011766     0.0852    -0.0069 0.0000e+00
        166     -0.170     6.5065   0.011724     0.0849    -0.0070 0.0000e+00
        167     -0.171     6.5141   0.011880     0.0860    -0.0064 0.0000e+00
        168     -0.171     6.5259   0.012039     0.0871    -0.0059 0.0000e+00
        169     -0.170     6.5327   0.012057     0.0873    -0.0061 0.0000e+00
        170     -0.169     6.5294   0.011998     0.0868    -0.0063 0.0000e+00
        171     -0.169     6.5246   0.012054     0.0873    -0.0058 0.0000e+00
        172     -0.168     6.5228   0.012143     0.0879    -0.0052 0.0000e+00
        173     -0.167     6.5134   0.011942     0.0865    -0.0060 0.0000e+00
        174     -0.169     6.4961   0.011600     0.0840    -0.0073 0.0000e+00
        175     -0.171     6.4897   0.011604     0.0840    -0.0070 0.0000e+00
        176     -0.170     6.4962   0.011829     0.0857    -0.0059 0.0000e+00
        177     -0.168     6.4928   0.011826     0.0856    -0.0058 0.0000e+00
        178     -0.168     6.4755   0.011627     0.0842    -0.0063 0.0000e+00
        179     -0.169     6.4642   0.011547     0.0836    -0.0063 0.0000e+00
        180     -0.169     6.4711   0.011714     0.0849    -0.0056 0.0000e+00
        181     -0.169     6.4872   0.011962     0.0867    -0.0048 0.0000e+00
        182     -0.169     6.4979   0.012077     0.0875    -0.0045 0.0000e+00
        183     -0.169     6.4979   0.012010     0.0870    -0.0049 0.0000e+00
        184     -0.170     6.4897   0.011831     0.0857    -0.0056 0.0000e+00
        185     -0.171     6.4798   0.011684     0.0846    -0.0061 0.0000e+00
        186     -0.171     6.4758   0.011740     0.0850    -0.0056 0.0000e+00
        187     -0.169     6.4791   0.011980     0.0868    -0.0043 0.0000e+00
        188     -0.169     6.4874   0.012189     0.0883    -0.0034 0.0000e+00
        189     -0.172     6.4982   0.012234     0.0886    -0.0036 0.0000e+00
        190     -0.174     6.5076   0.012158     0.0881    -0.0044 0.0000e+00
        191     -0.173     6.5112   0.012067     0.0874    -0.0051 0.0000e+00
        192     -0.173     6.5050   0.012032     0.0871    -0.0051 0.0000e+00
        193     -0.174     6.4954   0.012096     0.0876    -0.0043 0.0000e+00
        194     -0.173     6.4943   0.012201     0.0884    -0.0036 0.0000e+00
        195     -0.172     6.5023   0.012225     0.0886    -0.0038 0.0000e+00
        196     -0.174     6.5147   0.012175     0.0882    -0.0046 0.0000e+00
        197     -0.176     6.5291   0.012172     0.0881    -0.0052 0.0000e+00
        198     -0.176     6.5422   0.012305     0.0891    -0.0050 0.0000e+00
        199     -0.174     6.5513   0.012565     0.0910    -0.0039 0.0000e+00
        200     -0.174     6.5525   0.012719     0.0921    -0.0030 0.0000e+00
        201     -0.175     6.5422   0.012541     0.0908    -0.0036 0.0000e+00
        202     -0.177     6.5266   0.012196     0.0883    -0.0050 0.0000e+00
        203     -0.180     6.5149   0.011983     0.0868    -0.0058 0.0000e+00
        204     -0.183     6.5084   0.011984     0.0868    -0.0055 0.0000e+00
        205     -0.182     6.5043   0.012125     0.0878    -0.0045 0.0000e+00
