Datasets/Test_Dataset_39219_tow/tel219_2021_064.cnv
* Sea-Bird SBE19plus Data File:
* Filename = C:/AQUIRE/tel219_2021_064.hex
* Software Version AquireV2 AF V2.0
* Temperature SN =  4020
* Conductivity SN =  4020
* System UpLoad Time = May 14 2021 21:34:41
** VESSEL/TRIP/SEQ STN: tel219_2021_064
** LATITUDE: 45 44.71 N
** LONGITUDE: 54 35.23 W
** DATE/TIME: 2021-05-14 20:59
** SOUNDING DEPTH (M): 0085
** PROBE TYPE: S4020
** CTD NUMBER: 064
** FORMAT: T
** COMMENTS: 
# nquan = 7                                 
# nvalues = 2188                        
# units = specified
# name 0 = scan: Scan Count
# name 1 = prdM: Pressure, Strain Gauge [db]
# name 2 = tv290C: Temperature [ITS-90, deg C]
# name 3 = c0S/m: Conductivity [S/m]
# name 4 = sal00: Salinity, Practical [PSU]
# name 5 = sigma-t00: Density [sigma-t, kg/m^3 ]
# name 6 = flag: flag
# span 0 =          1,       2188       
# span 1 =     -0.094,     81.850       
# span 2 =     0.6351,     5.2020       
# span 3 =   0.004748,   3.041037       
# span 4 =     0.0350,    32.9874       
# span 5 =    -0.0087,    26.3941       
# span 6 = 0.0000e+00, 0.0000e+00       
# interval = seconds: 1
# start_time = May 14 2021 20:59:49 [Instrument's time stamp, header]
# bad_flag = -9.990e-29
*END*
[from data line 616]
        617     81.764     0.6404   2.781012    32.6378    26.1669 0.0000e+00
        618     81.743     0.6409   2.781018    32.6373    26.1665 0.0000e+00
        619     81.709     0.6409   2.781002    32.6371    26.1663 0.0000e+00
        620     81.680     0.6405   2.780976    32.6372    26.1664 0.0000e+00
        621     81.669     0.6402   2.780947    32.6372    26.1664 0.0000e+00
        622     81.668     0.6402   2.780959    32.6373    26.1665 0.0000e+00
        623     81.657     0.6402   2.780981    32.6376    26.1668 0.0000e+00
        624     81.632     0.6402   2.780975    32.6376    26.1667 0.0000e+00
        625     81.601     0.6402   2.780957    32.6373    26.1665 0.0000e+00
        626     81.574     0.6403   2.780941    32.6371    26.1663 0.0000e+00
        627     81.556     0.6403   2.780927    32.6369    26.1662 0.0000e+00
        628     81.548     0.6403   2.780924    32.6368    26.1661 0.0000e+00
        629     81.543     0.6403   2.780933    32.6370    26.1662 0.0000e+00
        630     81.533     0.6403   2.780940    32.6371    26.1663 0.0000e+00
        631     81.514     0.6404   2.780944    32.6370    26.1663 0.0000e+00
        632     81.489     0.6404   2.780940    32.6370    26.1662 0.0000e+00
        633     81.471     0.6404   2.780932    32.6369    26.1662 0.0000e+00
        634     81.465     0.6404   2.780930    32.6369    26.1661 0.0000e+00
        635     81.460     0.6404   2.780935    32.6369    26.1662 0.0000e+00
        636     81.442     0.6404   2.780939    32.6370    26.1662 0.0000e+00
        637     81.416     0.6404   2.780937    32.6370    26.1662 0.0000e+00
        638     81.399     0.6405   2.780934    32.6368    26.1661 0.0000e+00
        639     81.399     0.6407   2.780938    32.6367    26.1660 0.0000e+00
        640     81.413     0.6409   2.780947    32.6366    26.1659 0.0000e+00
        641     81.426     0.6409   2.780957    32.6367    26.1660 0.0000e+00
        642     81.421     0.6409   2.780967    32.6368    26.1661 0.0000e+00
        643     81.398     0.6409   2.780967    32.6369    26.1661 0.0000e+00
        644     81.373     0.6409   2.780957    32.6367    26.1660 0.0000e+00
        645     81.363     0.6409   2.780951    32.6367    26.1659 0.0000e+00
        646     81.362     0.6409   2.780953    32.6367    26.1660 0.0000e+00
        647     81.354     0.6410   2.780958    32.6367    26.1659 0.0000e+00
        648     81.337     0.6411   2.780961    32.6366    26.1659 0.0000e+00
        649     81.326     0.6412   2.780965    32.6366    26.1658 0.0000e+00
        650     81.327     0.6412   2.780971    32.6366    26.1659 0.0000e+00
        651     81.337     0.6412   2.780976    32.6367    26.1660 0.0000e+00
        652     81.342     0.6412   2.780977    32.6367    26.1660 0.0000e+00
        653     81.332     0.6412   2.780976    32.6367    26.1660 0.0000e+00
        654     81.314     0.6412   2.780976    32.6367    26.1660 0.0000e+00
        655     81.305     0.6412   2.780978    32.6367    26.1660 0.0000e+00
        656     81.310     0.6412   2.780979    32.6367    26.1660 0.0000e+00
        657     81.320     0.6412   2.780979    32.6367    26.1660 0.0000e+00
        658     81.327     0.6413   2.780988    32.6367    26.1660 0.0000e+00
        659     81.329     0.6417   2.781000    32.6365    26.1658 0.0000e+00
        660     81.330     0.6418   2.781008    32.6365    26.1657 0.0000e+00
        661     81.331     0.6418   2.781011    32.6365    26.1658 0.0000e+00
        662     81.327     0.6418   2.781010    32.6365    26.1658 0.0000e+00
        663     81.321     0.6419   2.781014    32.6365    26.1657 0.0000e+00
        664     81.320     0.6420   2.781023    32.6365    26.1657 0.0000e+00
        665     81.322     0.6420   2.781029    32.6365    26.1658 0.0000e+00
        666     81.317     0.6421   2.781031    32.6365    26.1657 0.0000e+00
        667     81.303     0.6422   2.781036    32.6364    26.1657 0.0000e+00
        668     81.292     0.6422   2.781042    32.6365    26.1658 0.0000e+00
        669     81.295     0.6422   2.781041    32.6365    26.1657 0.0000e+00
        670     81.308     0.6422   2.781043    32.6365    26.1658 0.0000e+00
        671     81.312     0.6422   2.781054    32.6367    26.1659 0.0000e+00
        672     81.306     0.6423   2.781060    32.6366    26.1658 0.0000e+00
        673     81.306     0.6423   2.781062    32.6367    26.1659 0.0000e+00
        674     81.317     0.6424   2.781064    32.6366    26.1658 0.0000e+00
        675     81.325     0.6425   2.781073    32.6366    26.1658 0.0000e+00
        676     81.318     0.6425   2.781081    32.6367    26.1659 0.0000e+00
        677     81.306     0.6425   2.781086    32.6368    26.1659 0.0000e+00
        678     81.308     0.6424   2.781081    32.6368    26.1660 0.0000e+00
        679     81.326     0.6424   2.781077    32.6367    26.1659 0.0000e+00
        680     81.350     0.6425   2.781087    32.6367    26.1659 0.0000e+00
        681     81.376     0.6429   2.781104    32.6365    26.1657 0.0000e+00
        682     81.402     0.6432   2.781114    32.6363    26.1655 0.0000e+00
        683     81.417     0.6432   2.781114    32.6363    26.1655 0.0000e+00
        684     81.424     0.6430   2.781106    32.6364    26.1656 0.0000e+00
        685     81.433     0.6429   2.781098    32.6364    26.1656 0.0000e+00
        686     81.445     0.6429   2.781098    32.6364    26.1656 0.0000e+00
        687     81.453     0.6430   2.781103    32.6364    26.1656 0.0000e+00
        688     81.453     0.6431   2.781111    32.6364    26.1656 0.0000e+00
        689     81.448     0.6432   2.781118    32.6364    26.1656 0.0000e+00
        690     81.447     0.6432   2.781121    32.6364    26.1656 0.0000e+00
        691     81.454     0.6432   2.781126    32.6365    26.1656 0.0000e+00
        692     81.466     0.6433   2.781130    32.6364    26.1656 0.0000e+00
        693     81.477     0.6434   2.781138    32.6364    26.1656 0.0000e+00
        694     81.488     0.6435   2.781149    32.6364    26.1656 0.0000e+00
        695     81.498     0.6434   2.781148    32.6365    26.1657 0.0000e+00
        696     81.508     0.6434   2.781144    32.6364    26.1656 0.0000e+00
        697     81.514     0.6434   2.781143    32.6364    26.1656 0.0000e+00
        698     81.512     0.6434   2.781144    32.6364    26.1656 0.0000e+00
        699     81.504     0.6435   2.781150    32.6364    26.1656 0.0000e+00
        700     81.499     0.6437   2.781163    32.6364    26.1656 0.0000e+00
        701     81.505     0.6439   2.781176    32.6363    26.1655 0.0000e+00
        702     81.517     0.6440   2.781183    32.6363    26.1655 0.0000e+00
        703     81.524     0.6440   2.781186    32.6363    26.1655 0.0000e+00
        704     81.522     0.6440   2.781190    32.6364    26.1656 0.0000e+00
        705     81.522     0.6440   2.781184    32.6363    26.1655 0.0000e+00
        706     81.533     0.6439   2.781175    32.6363    26.1655 0.0000e+00
        707     81.553     0.6439   2.781181    32.6364    26.1655 0.0000e+00
        708     81.568     0.6440   2.781194    32.6364    26.1656 0.0000e+00
        709     81.568     0.6442   2.781204    32.6363    26.1655 0.0000e+00
        710     81.557     0.6442   2.781208    32.6364    26.1656 0.0000e+00
        711     81.545     0.6442   2.781206    32.6364    26.1655 0.0000e+00
        712     81.542     0.6444   2.781207    32.6362    26.1654 0.0000e+00
        713     81.549     0.6445   2.781214    32.6362    26.1653 0.0000e+00
        714     81.557     0.6446   2.781221    32.6361    26.1653 0.0000e+00
        715     81.558     0.6446   2.781222    32.6362    26.1653 0.0000e+00
        716     81.554     0.6446   2.781223    32.6362    26.1653 0.0000e+00
        717     81.551     0.6446   2.781229    32.6363    26.1654 0.0000e+00
        718     81.552     0.6446   2.781233    32.6363    26.1655 0.0000e+00
        719     81.557     0.6447   2.781234    32.6362    26.1654 0.0000e+00
        720     81.555     0.6449   2.781241    32.6361    26.1653 0.0000e+00
        721     81.544     0.6449   2.781247    32.6362    26.1653 0.0000e+00
        722     81.533     0.6450   2.781251    32.6361    26.1653 0.0000e+00
        723     81.531     0.6450   2.781258    32.6362    26.1654 0.0000e+00
        724     81.537     0.6450   2.781259    32.6362    26.1654 0.0000e+00
        725     81.537     0.6451   2.781256    32.6361    26.1652 0.0000e+00
        726     81.525     0.6451   2.781257    32.6361    26.1653 0.0000e+00
        727     81.510     0.6452   2.781270    32.6362    26.1653 0.0000e+00
        728     81.502     0.6452   2.781272    32.6362    26.1653 0.0000e+00
        729     81.498     0.6452   2.781267    32.6361    26.1653 0.0000e+00
        730     81.491     0.6453   2.781269    32.6361    26.1652 0.0000e+00
        731     81.485     0.6453   2.781275    32.6361    26.1653 0.0000e+00
        732     81.487     0.6454   2.781277    32.6361    26.1652 0.0000e+00
        733     81.486     0.6455   2.781280    32.6360    26.1652 0.0000e+00
        734     81.469     0.6455   2.781284    32.6361    26.1652 0.0000e+00
        735     81.442     0.6455   2.781288    32.6361    26.1653 0.0000e+00
        736     81.423     0.6456   2.781288    32.6360    26.1652 0.0000e+00
        737     81.418     0.6458   2.781292    32.6359    26.1650 0.0000e+00
        738     81.423     0.6458   2.781297    32.6359    26.1651 0.0000e+00
        739     81.430     0.6459   2.781303    32.6359    26.1651 0.0000e+00
        740     81.431     0.6459   2.781311    32.6360    26.1651 0.0000e+00
        741     81.419     0.6459   2.781313    32.6360    26.1652 0.0000e+00
        742     81.396     0.6459   2.781308    32.6360    26.1651 0.0000e+00
        743     81.379     0.6459   2.781302    32.6359    26.1651 0.0000e+00
        744     81.376     0.6458   2.781301    32.6360    26.1652 0.0000e+00
        745     81.375     0.6458   2.781308    32.6361    26.1652 0.0000e+00
        746     81.366     0.6459   2.781321    32.6362    26.1653 0.0000e+00
        747     81.348     0.6460   2.781326    32.6361    26.1652 0.0000e+00
        748     81.325     0.6460   2.781321    32.6361    26.1652 0.0000e+00
        749     81.310     0.6460   2.781315    32.6360    26.1652 0.0000e+00
        750     81.309     0.6460   2.781317    32.6361    26.1652 0.0000e+00
        751     81.310     0.6461   2.781321    32.6360    26.1651 0.0000e+00
        752     81.295     0.6461   2.781323    32.6360    26.1652 0.0000e+00
        753     81.269     0.6461   2.781325    32.6361    26.1652 0.0000e+00
        754     81.254     0.6462   2.781331    32.6361    26.1652 0.0000e+00
        755     81.263     0.6464   2.781348    32.6361    26.1652 0.0000e+00
        756     81.282     0.6467   2.781359    32.6359    26.1650 0.0000e+00
        757     81.286     0.6467   2.781361    32.6359    26.1650 0.0000e+00
        758     81.269     0.6466   2.781364    32.6361    26.1651 0.0000e+00
        759     81.247     0.6467   2.781369    32.6360    26.1651 0.0000e+00
        760     81.239     0.6469   2.781372    32.6359    26.1650 0.0000e+00
        761     81.238     0.6470   2.781377    32.6358    26.1649 0.0000e+00
        762     81.229     0.6470   2.781378    32.6358    26.1649 0.0000e+00
        763     81.212     0.6470   2.781378    32.6358    26.1649 0.0000e+00
        764     81.203     0.6470   2.781383    32.6359    26.1650 0.0000e+00
        765     81.207     0.6471   2.781386    32.6358    26.1649 0.0000e+00
        766     81.213     0.6472   2.781383    32.6357    26.1648 0.0000e+00
        767     81.212     0.6472   2.781380    32.6357    26.1648 0.0000e+00
        768     81.205     0.6472   2.781386    32.6357    26.1649 0.0000e+00
        769     81.198     0.6474   2.781402    32.6357    26.1648 0.0000e+00
        770     81.200     0.6477   2.781420    32.6357    26.1648 0.0000e+00
        771     81.211     0.6480   2.781439    32.6356    26.1647 0.0000e+00
        772     81.222     0.6482   2.781458    32.6356    26.1647 0.0000e+00
        773     81.223     0.6482   2.781464    32.6357    26.1648 0.0000e+00
        774     81.210     0.6482   2.781462    32.6357    26.1647 0.0000e+00
        775     81.188     0.6482   2.781462    32.6357    26.1647 0.0000e+00
        776     81.173     0.6483   2.781471    32.6357    26.1648 0.0000e+00
        777     81.169     0.6484   2.781483    32.6357    26.1648 0.0000e+00
        778     81.175     0.6485   2.781494    32.6358    26.1648 0.0000e+00
        779     81.184     0.6485   2.781497    32.6358    26.1648 0.0000e+00
        780     81.189     0.6486   2.781492    32.6356    26.1647 0.0000e+00
        781     81.190     0.6486   2.781488    32.6356    26.1647 0.0000e+00
        782     81.191     0.6489   2.781495    32.6354    26.1645 0.0000e+00
        783     81.196     0.6490   2.781508    32.6354    26.1645 0.0000e+00
        784     81.200     0.6488   2.781513    32.6357    26.1647 0.0000e+00
        785     81.193     0.6486   2.781510    32.6359    26.1649 0.0000e+00
        786     81.174     0.6487   2.781509    32.6358    26.1648 0.0000e+00
        787     81.153     0.6490   2.781511    32.6355    26.1646 0.0000e+00
        788     81.141     0.6490   2.781509    32.6355    26.1645 0.0000e+00
        789     81.140     0.6490   2.781505    32.6354    26.1645 0.0000e+00
        790     81.134     0.6490   2.781500    32.6354    26.1644 0.0000e+00
        791     81.119     0.6490   2.781501    32.6354    26.1645 0.0000e+00
        792     81.109     0.6490   2.781509    32.6355    26.1645 0.0000e+00
        793     81.115     0.6489   2.781514    32.6357    26.1647 0.0000e+00
        794     81.131     0.6486   2.781506    32.6359    26.1649 0.0000e+00
        795     81.146     0.6485   2.781498    32.6358    26.1649 0.0000e+00
        796     81.152     0.6485   2.781499    32.6359    26.1649 0.0000e+00
        797     81.147     0.6485   2.781503    32.6359    26.1649 0.0000e+00
        798     81.136     0.6486   2.781509    32.6359    26.1649 0.0000e+00
        799     81.125     0.6491   2.781528    32.6356    26.1646 0.0000e+00
        800     81.117     0.6496   2.781561    32.6355    26.1645 0.0000e+00
        801     81.114     0.6499   2.781586    32.6355    26.1645 0.0000e+00
        802     81.117     0.6500   2.781588    32.6354    26.1645 0.0000e+00
        803     81.122     0.6500   2.781584    32.6354    26.1644 0.0000e+00
        804     81.122     0.6500   2.781586    32.6354    26.1644 0.0000e+00
        805     81.119     0.6500   2.781583    32.6354    26.1644 0.0000e+00
        806     81.116     0.6499   2.781574    32.6354    26.1644 0.0000e+00
        807     81.114     0.6497   2.781569    32.6355    26.1645 0.0000e+00
        808     81.114     0.6495   2.781569    32.6357    26.1647 0.0000e+00
        809     81.113     0.6497   2.781574    32.6356    26.1646 0.0000e+00
        810     81.106     0.6499   2.781582    32.6355    26.1645 0.0000e+00
        811     81.095     0.6500   2.781589    32.6355    26.1645 0.0000e+00
        812     81.084     0.6500   2.781587    32.6355    26.1645 0.0000e+00
        813     81.074     0.6501   2.781587    32.6354    26.1644 0.0000e+00
        814     81.068     0.6502   2.781599    32.6354    26.1644 0.0000e+00
        815     81.074     0.6505   2.781622    32.6354    26.1644 0.0000e+00
        816     81.086     0.6508   2.781642    32.6353    26.1643 0.0000e+00
        817     81.093     0.6509   2.781648    32.6353    26.1643 0.0000e+00
        818     81.091     0.6509   2.781646    32.6353    26.1643 0.0000e+00
        819     81.079     0.6509   2.781644    32.6352    26.1643 0.0000e+00
        820     81.058     0.6510   2.781647    32.6352    26.1642 0.0000e+00
