Datasets/Test_Dataset_39219_tow/tel219_2021_070.cnv
* Sea-Bird SBE19plus Data File:
* Filename = C:/AQUIRE/tel219_2021_070.hex
* Software Version AquireV2 AF V2.0
* Temperature SN =  4020
* Conductivity SN =  4020
* System UpLoad Time = May 15 2021 10:49:53
** VESSEL/TRIP/SEQ STN: tel219_2021_070
** LATITUDE: 45 58.72 N
** LONGITUDE: 54 45.09 W
** DATE/TIME: 2021-05-15 10:08
** SOUNDING DEPTH (M): 0075
** PROBE TYPE: S4020
** CTD NUMBER:  70
** FORMAT: T
** COMMENTS: 
# nquan = 7                                 
# nvalues = 2585                        
# units = specified
# name 0 = scan: Scan Count
# name 1 = prdM: Pressure, Strain Gauge [db]
# name 2 = tv290C: Temperature [ITS-90, deg C]
# name 3 = c0S/m: Conductivity [S/m]
# name 4 = sal00: Salinity, Practical [PSU]
# name 5 = sigma-t00: Density [sigma-t, kg/m^3 ]
# name 6 = flag: flag
# span 0 =          1,       2585       
# span 1 =     -0.045,     72.790       
# span 2 =     0.4831,     4.4124       
# span 3 =   0.013689,   2.999598       
# span 4 =     0.1079,    32.6414       
# span 5 =     0.0597,    26.1783       
# span 6 = 0.0000e+00, 0.0000e+00       
# interval = seconds: 1
# start_time = May 15 2021 10:08:07 [Instrument's time stamp, header]
# bad_flag = -9.990e-29
*END*
[from data line 616]
        617      0.469     3.5703   2.987395    32.2472    25.6376 0.0000e+00
        618      0.486     3.5630   2.987550    32.2563    25.6455 0.0000e+00
        619      0.530     3.5699   2.989727    32.2754    25.6600 0.0000e+00
        620      0.609     3.5880   2.993291    32.2999    25.6779 0.0000e+00
        621      0.698     3.5972   2.993251    32.2902    25.6693 0.0000e+00
        622      0.763     3.5890   2.990225    32.2622    25.6478 0.0000e+00
        623      0.805     3.5859   2.990258    32.2657    25.6508 0.0000e+00
        624      0.849     3.6026   2.993267    32.2849    25.6646 0.0000e+00
        625      0.896     3.6256   2.995102    32.2839    25.6617 0.0000e+00
        626      0.942     3.6453   2.995188    32.2654    25.6451 0.0000e+00
        627      0.988     3.6666   2.995215    32.2446    25.6266 0.0000e+00
        628      1.024     3.6845   2.996193    32.2385    25.6200 0.0000e+00
        629      1.044     3.6867   2.995002    32.2221    25.6068 0.0000e+00
        630      1.048     3.6678   2.968429    31.9249    25.3721 0.0000e+00
        631      1.035     3.6372   2.912154    31.2867    24.8670 0.0000e+00
        632      1.013     3.6177   2.877560    30.8954    24.5574 0.0000e+00
        633      0.996     3.6178   2.908605    31.2633    24.8501 0.0000e+00
        634      0.978     3.6224   2.969084    31.9773    25.4180 0.0000e+00
        635      0.952     3.6311   2.995665    32.2852    25.6622 0.0000e+00
        636      0.919     3.6487   2.995568    32.2666    25.6457 0.0000e+00
        637      0.822     3.6442   2.991905    32.2275    25.6150 0.0000e+00
        638      0.610     3.6065   2.985026    32.1830    25.5831 0.0000e+00
        639      0.372     3.5749   2.981228    32.1691    25.5750 0.0000e+00
        640      0.257     3.5690   2.981027    32.1726    25.5783 0.0000e+00
        641      0.293     3.5738   2.981613    32.1749    25.5797 0.0000e+00
        642      0.407     3.5765   2.982319    32.1805    25.5839 0.0000e+00
        643      0.546     3.5754   2.983163    32.1916    25.5929 0.0000e+00
        644      0.671     3.5719   2.984064    32.2058    25.6044 0.0000e+00
        645      0.753     3.5682   2.984433    32.2138    25.6112 0.0000e+00
        646      0.797     3.5667   2.984517    32.2163    25.6133 0.0000e+00
        647      0.828     3.5677   2.985158    32.2229    25.6185 0.0000e+00
        648      0.869     3.5693   2.986108    32.2326    25.6261 0.0000e+00
        649      0.921     3.5707   2.986838    32.2399    25.6317 0.0000e+00
        650      0.966     3.5720   2.986967    32.2401    25.6318 0.0000e+00
        651      0.974     3.5709   2.985926    32.2288    25.6229 0.0000e+00
        652      0.926     3.5667   2.984291    32.2135    25.6111 0.0000e+00
        653      0.836     3.5628   2.983842    32.2121    25.6103 0.0000e+00
        654      0.715     3.5608   2.983916    32.2150    25.6128 0.0000e+00
        655      0.550     3.5579   2.982863    32.2054    25.6054 0.0000e+00
        656      0.386     3.5537   2.981756    32.1964    25.5987 0.0000e+00
        657      0.302     3.5496   2.981327    32.1954    25.5983 0.0000e+00
        658      0.303     3.5462   2.981015    32.1951    25.5983 0.0000e+00
        659      0.335     3.5441   2.980827    32.1949    25.5983 0.0000e+00
        660      0.358     3.5434   2.980811    32.1954    25.5988 0.0000e+00
        661      0.369     3.5432   2.980798    32.1954    25.5988 0.0000e+00
        662      0.373     3.5430   2.980688    32.1943    25.5980 0.0000e+00
        663      0.354     3.5435   2.980556    32.1922    25.5963 0.0000e+00
        664      0.330     3.5452   2.980537    32.1903    25.5946 0.0000e+00
        665      0.354     3.5471   2.980690    32.1903    25.5944 0.0000e+00
        666      0.428     3.5485   2.980969    32.1922    25.5958 0.0000e+00
        667      0.487     3.5494   2.981306    32.1953    25.5982 0.0000e+00
        668      0.486     3.5488   2.981622    32.1996    25.6017 0.0000e+00
        669      0.438     3.5471   2.981735    32.2027    25.6043 0.0000e+00
        670      0.377     3.5458   2.981626    32.2027    25.6044 0.0000e+00
        671      0.339     3.5471   2.981591    32.2010    25.6029 0.0000e+00
        672      0.370     3.5506   2.981582    32.1974    25.5998 0.0000e+00
        673      0.484     3.5519   2.981387    32.1938    25.5967 0.0000e+00
        674      0.616     3.5494   2.981237    32.1944    25.5974 0.0000e+00
        675      0.695     3.5472   2.981242    32.1966    25.5994 0.0000e+00
        676      0.761     3.5484   2.981355    32.1967    25.5994 0.0000e+00
        677      0.887     3.5496   2.981343    32.1953    25.5982 0.0000e+00
        678      1.088     3.5469   2.981040    32.1943    25.5976 0.0000e+00
        679      1.343     3.5432   2.980888    32.1960    25.5993 0.0000e+00
        680      1.626     3.5423   2.981063    32.1988    25.6016 0.0000e+00
        681      1.897     3.5420   2.980948    32.1976    25.6007 0.0000e+00
        682      2.082     3.5409   2.980565    32.1940    25.5979 0.0000e+00
        683      2.141     3.5413   2.980439    32.1921    25.5964 0.0000e+00
        684      2.127     3.5425   2.980403    32.1905    25.5950 0.0000e+00
        685      2.121     3.5419   2.980397    32.1910    25.5954 0.0000e+00
        686      2.163     3.5397   2.980413    32.1934    25.5975 0.0000e+00
        687      2.237     3.5375   2.980264    32.1937    25.5980 0.0000e+00
        688      2.315     3.5360   2.980097    32.1932    25.5977 0.0000e+00
        689      2.381     3.5353   2.980032    32.1931    25.5977 0.0000e+00
        690      2.418     3.5350   2.980012    32.1931    25.5977 0.0000e+00
        691      2.398     3.5350   2.980025    32.1933    25.5979 0.0000e+00
        692      2.311     3.5353   2.980050    32.1933    25.5979 0.0000e+00
        693      2.189     3.5351   2.980007    32.1931    25.5977 0.0000e+00
        694      2.080     3.5339   2.979865    32.1926    25.5975 0.0000e+00
        695      2.007     3.5331   2.979767    32.1923    25.5973 0.0000e+00
        696      1.950     3.5335   2.979831    32.1927    25.5975 0.0000e+00
        697      1.879     3.5342   2.979889    32.1927    25.5975 0.0000e+00
        698      1.816     3.5348   2.979888    32.1921    25.5970 0.0000e+00
        699      1.786     3.5353   2.979956    32.1925    25.5972 0.0000e+00
        700      1.744     3.5353   2.979991    32.1929    25.5976 0.0000e+00
        701      1.648     3.5349   2.979946    32.1928    25.5975 0.0000e+00
        702      1.515     3.5347   2.979917    32.1927    25.5975 0.0000e+00
        703      1.398     3.5347   2.979910    32.1927    25.5975 0.0000e+00
        704      1.331     3.5347   2.979921    32.1929    25.5976 0.0000e+00
        705      1.282     3.5343   2.979908    32.1931    25.5978 0.0000e+00
        706      1.208     3.5332   2.979810    32.1931    25.5979 0.0000e+00
        707      1.123     3.5320   2.979675    32.1927    25.5977 0.0000e+00
        708      1.053     3.5320   2.979641    32.1924    25.5974 0.0000e+00
        709      1.002     3.5331   2.979739    32.1925    25.5974 0.0000e+00
        710      0.951     3.5343   2.979868    32.1928    25.5976 0.0000e+00
        711      0.881     3.5345   2.979891    32.1929    25.5977 0.0000e+00
        712      0.804     3.5341   2.979819    32.1925    25.5974 0.0000e+00
        713      0.747     3.5340   2.979794    32.1924    25.5972 0.0000e+00
        714      0.719     3.5343   2.979838    32.1926    25.5974 0.0000e+00
        715      0.685     3.5344   2.979870    32.1929    25.5976 0.0000e+00
        716      0.622     3.5343   2.979858    32.1929    25.5976 0.0000e+00
        717      0.544     3.5338   2.979787    32.1926    25.5974 0.0000e+00
        718      0.485     3.5325   2.979688    32.1927    25.5977 0.0000e+00
        719      0.469     3.5312   2.979591    32.1929    25.5979 0.0000e+00
        720      0.481     3.5308   2.979528    32.1925    25.5976 0.0000e+00
        721      0.485     3.5310   2.979542    32.1925    25.5976 0.0000e+00
        722      0.457     3.5313   2.979583    32.1927    25.5977 0.0000e+00
        723      0.397     3.5316   2.979605    32.1927    25.5977 0.0000e+00
        724      0.328     3.5317   2.979606    32.1926    25.5977 0.0000e+00
        725      0.276     3.5317   2.979607    32.1926    25.5977 0.0000e+00
        726      0.251     3.5315   2.979624    32.1931    25.5980 0.0000e+00
        727      0.250     3.5313   2.979604    32.1930    25.5980 0.0000e+00
        728      0.256     3.5312   2.979571    32.1927    25.5978 0.0000e+00
        729      0.267     3.5315   2.979608    32.1929    25.5979 0.0000e+00
        730      0.297     3.5318   2.979636    32.1929    25.5979 0.0000e+00
        731      0.342     3.5320   2.979613    32.1924    25.5975 0.0000e+00
        732      0.386     3.5318   2.979591    32.1923    25.5974 0.0000e+00
        733      0.441     3.5317   2.979557    32.1920    25.5971 0.0000e+00
        734      0.540     3.5317   2.979523    32.1915    25.5968 0.0000e+00
        735      0.681     3.5318   2.979560    32.1918    25.5970 0.0000e+00
        736      0.829     3.5321   2.979626    32.1922    25.5973 0.0000e+00
        737      0.954     3.5319   2.979636    32.1924    25.5975 0.0000e+00
        738      1.038     3.5296   2.979438    32.1923    25.5976 0.0000e+00
        739      1.100     3.5261   2.979109    32.1918    25.5975 0.0000e+00
        740      1.185     3.5242   2.979009    32.1925    25.5982 0.0000e+00
        741      1.323     3.5247   2.979116    32.1932    25.5988 0.0000e+00
        742      1.519     3.5261   2.979208    32.1928    25.5983 0.0000e+00
        743      1.733     3.5275   2.979319    32.1926    25.5980 0.0000e+00
        744      1.917     3.5282   2.979376    32.1925    25.5979 0.0000e+00
        745      2.116     3.5274   2.979280    32.1920    25.5976 0.0000e+00
        746      2.441     3.5259   2.979190    32.1923    25.5979 0.0000e+00
        747      2.900     3.5250   2.979170    32.1927    25.5983 0.0000e+00
        748      3.407     3.5250   2.979210    32.1929    25.5985 0.0000e+00
        749      3.857     3.5256   2.979305    32.1932    25.5987 0.0000e+00
        750      4.147     3.5262   2.979390    32.1935    25.5989 0.0000e+00
        751      4.297     3.5266   2.979445    32.1937    25.5990 0.0000e+00
        752      4.392     3.5266   2.979455    32.1937    25.5990 0.0000e+00
        753      4.461     3.5263   2.979432    32.1937    25.5990 0.0000e+00
        754      4.564     3.5259   2.979407    32.1938    25.5991 0.0000e+00
        755      4.758     3.5257   2.979379    32.1935    25.5989 0.0000e+00
        756      4.998     3.5257   2.979384    32.1935    25.5989 0.0000e+00
        757      5.192     3.5259   2.979439    32.1938    25.5992 0.0000e+00
        758      5.294     3.5256   2.979411    32.1937    25.5991 0.0000e+00
        759      5.359     3.5244   2.979285    32.1934    25.5989 0.0000e+00
        760      5.451     3.5231   2.979188    32.1935    25.5991 0.0000e+00
        761      5.561     3.5219   2.979099    32.1935    25.5993 0.0000e+00
        762      5.666     3.5200   2.978923    32.1933    25.5993 0.0000e+00
        763      5.793     3.5172   2.978646    32.1927    25.5990 0.0000e+00
        764      5.957     3.5163   2.978553    32.1924    25.5989 0.0000e+00
        765      6.158     3.5187   2.978854    32.1935    25.5995 0.0000e+00
        766      6.424     3.5223   2.979242    32.1944    25.5999 0.0000e+00
        767      6.770     3.5254   2.979513    32.1944    25.5996 0.0000e+00
        768      7.141     3.5272   2.979672    32.1943    25.5994 0.0000e+00
        769      7.435     3.5265   2.979603    32.1940    25.5993 0.0000e+00
        770      7.618     3.5228   2.979259    32.1935    25.5992 0.0000e+00
        771      7.770     3.5180   2.978836    32.1931    25.5993 0.0000e+00
        772      7.969     3.5157   2.978641    32.1930    25.5994 0.0000e+00
        773      8.220     3.5179   2.978878    32.1935    25.5996 0.0000e+00
        774      8.495     3.5227   2.979364    32.1944    25.5999 0.0000e+00
        775      8.788     3.5263   2.979697    32.1946    25.5998 0.0000e+00
        776      9.114     3.5273   2.979772    32.1944    25.5995 0.0000e+00
        777      9.429     3.5259   2.979641    32.1940    25.5993 0.0000e+00
        778      9.656     3.5231   2.979378    32.1936    25.5992 0.0000e+00
        779      9.812     3.5196   2.979069    32.1933    25.5993 0.0000e+00
        780      9.972     3.5171   2.978844    32.1930    25.5993 0.0000e+00
        781     10.186     3.5161   2.978828    32.1936    25.5999 0.0000e+00
        782     10.465     3.5153   2.978788    32.1938    25.6001 0.0000e+00
        783     10.792     3.5133   2.978578    32.1931    25.5997 0.0000e+00
        784     11.150     3.5124   2.978515    32.1931    25.5998 0.0000e+00
        785     11.529     3.5134   2.978657    32.1936    25.6001 0.0000e+00
        786     11.914     3.5141   2.978765    32.1940    25.6004 0.0000e+00
        787     12.296     3.5141   2.978728    32.1933    25.5998 0.0000e+00
        788     12.670     3.5146   2.978769    32.1931    25.5996 0.0000e+00
        789     13.033     3.5159   2.978984    32.1942    25.6004 0.0000e+00
        790     13.396     3.5156   2.978974    32.1942    25.6004 0.0000e+00
        791     13.767     3.5132   2.978690    32.1930    25.5997 0.0000e+00
        792     14.148     3.5122   2.978634    32.1931    25.5999 0.0000e+00
        793     14.537     3.5149   2.978969    32.1943    25.6005 0.0000e+00
        794     14.928     3.5181   2.979305    32.1949    25.6007 0.0000e+00
        795     15.318     3.5181   2.979300    32.1946    25.6005 0.0000e+00
        796     15.707     3.5122   2.978755    32.1938    25.6004 0.0000e+00
        797     16.095     3.4992   2.977541    32.1920    25.6001 0.0000e+00
        798     16.484     3.4828   2.976016    32.1898    25.5999 0.0000e+00
        799     16.873     3.4711   2.975078    32.1900    25.6011 0.0000e+00
        800     17.266     3.4657   2.974837    32.1923    25.6034 0.0000e+00
        801     17.669     3.4604   2.974452    32.1927    25.6042 0.0000e+00
        802     18.082     3.4529   2.973797    32.1921    25.6044 0.0000e+00
        803     18.497     3.4451   2.973108    32.1914    25.6046 0.0000e+00
        804     18.911     3.4376   2.972499    32.1913    25.6052 0.0000e+00
        805     19.322     3.4307   2.972065    32.1928    25.6070 0.0000e+00
        806     19.731     3.4242   2.971621    32.1937    25.6083 0.0000e+00
        807     20.144     3.4189   2.971256    32.1944    25.6093 0.0000e+00
        808     20.563     3.4138   2.970972    32.1958    25.6109 0.0000e+00
        809     20.990     3.4068   2.970439    32.1962    25.6118 0.0000e+00
        810     21.419     3.3987   2.969793    32.1962    25.6126 0.0000e+00
        811     21.846     3.3923   2.969374    32.1974    25.6141 0.0000e+00
        812     22.278     3.3868   2.969067    32.1989    25.6158 0.0000e+00
        813     22.720     3.3786   2.968508    32.2001    25.6175 0.0000e+00
        814     23.170     3.3679   2.967722    32.2011    25.6193 0.0000e+00
        815     23.623     3.3559   2.966964    32.2037    25.6224 0.0000e+00
        816     24.073     3.3386   2.965831    32.2071    25.6266 0.0000e+00
        817     24.524     3.3148   2.964177    32.2107    25.6316 0.0000e+00
        818     24.979     3.2921   2.962774    32.2162    25.6380 0.0000e+00
        819     25.433     3.2763   2.961943    32.2217    25.6438 0.0000e+00
        820     25.882     3.2649   2.961347    32.2257    25.6480 0.0000e+00
