Datasets/Test_Dataset_39219_tow/tel219_2021_030.cnv
* Sea-Bird SBE19plus Data File:
* Filename = C:/AQUIRE/tel219_2021_030.hex
* Software Version AquireV2 AF V2.0
* Temperature SN =  4020
* Conductivity SN =  4020
* System UpLoad Time = May 10 2021 22:13:29
** VESSEL/TRIP/SEQ STN: tel219_2021_030
** LATITUDE: 45 43.97 N
** LONGITUDE: 56 21.65 W
** DATE/TIME: 2021-05-10 19:31
** SOUNDING DEPTH (M): 0041
** PROBE TYPE: S4020
** CTD NUMBER:  30
** FORMAT: T
** COMMENTS: Set 30
# nquan = 7                                 
# nvalues = 8454                        
# units = specified
# name 0 = scan: Scan Count
# name 1 = prdM: Pressure, Strain Gauge [db]
# name 2 = tv290C: Temperature [ITS-90, deg C]
# name 3 = c0S/m: Conductivity [S/m]
# name 4 = sal00: Salinity, Practical [PSU]
# name 5 = sigma-t00: Density [sigma-t, kg/m^3 ]
# name 6 = flag: flag
# span 0 =          1,       8454       
# span 1 =     -0.282,     40.653       
# span 2 =     3.3619,     6.0341       
# span 3 =   0.000832,   3.004702       
# span 4 =     0.0072,    32.5029       
# span 5 =    -0.0517,    25.8474       
# span 6 = 0.0000e+00, 0.0000e+00       
# interval = seconds: 1
# start_time = May 10 2021 19:31:04 [Instrument's time stamp, header]
# bad_flag = -9.990e-29
*END*
[from data line 6975]
       6976     -0.229     4.8085   0.001758     0.0132    -0.0198 0.0000e+00
       6977     -0.229     4.8087   0.001758     0.0132    -0.0198 0.0000e+00
       6978     -0.231     4.8088   0.001759     0.0132    -0.0198 0.0000e+00
       6979     -0.232     4.8091   0.001756     0.0132    -0.0199 0.0000e+00
       6980     -0.229     4.8093   0.001756     0.0132    -0.0199 0.0000e+00
       6981     -0.226     4.8095   0.001756     0.0132    -0.0199 0.0000e+00
       6982     -0.227     4.8097   0.001756     0.0132    -0.0199 0.0000e+00
       6983     -0.231     4.8100   0.001756     0.0132    -0.0199 0.0000e+00
       6984     -0.232     4.8102   0.001756     0.0132    -0.0199 0.0000e+00
       6985     -0.231     4.8103   0.001756     0.0132    -0.0199 0.0000e+00
       6986     -0.232     4.8105   0.001756     0.0132    -0.0199 0.0000e+00
       6987     -0.232     4.8107   0.001756     0.0132    -0.0199 0.0000e+00
       6988     -0.231     4.8109   0.001756     0.0132    -0.0199 0.0000e+00
       6989     -0.233     4.8111   0.001755     0.0132    -0.0199 0.0000e+00
       6990     -0.236     4.8114   0.001753     0.0132    -0.0199 0.0000e+00
       6991     -0.236     4.8116   0.001751     0.0132    -0.0199 0.0000e+00
       6992     -0.235     4.8118   0.001750     0.0131    -0.0199 0.0000e+00
       6993     -0.234     4.8119   0.001749     0.0131    -0.0199 0.0000e+00
       6994     -0.232     4.8121   0.001750     0.0131    -0.0199 0.0000e+00
       6995     -0.232     4.8124   0.001752     0.0132    -0.0199 0.0000e+00
       6996     -0.233     4.8126   0.001753     0.0132    -0.0199 0.0000e+00
       6997     -0.234     4.8129   0.001755     0.0132    -0.0199 0.0000e+00
       6998     -0.232     4.8131   0.001756     0.0132    -0.0199 0.0000e+00
       6999     -0.229     4.8133   0.001755     0.0132    -0.0199 0.0000e+00
       7000     -0.227     4.8135   0.001753     0.0132    -0.0199 0.0000e+00
       7001     -0.227     4.8137   0.001752     0.0132    -0.0199 0.0000e+00
       7002     -0.229     4.8139   0.001750     0.0131    -0.0200 0.0000e+00
       7003     -0.233     4.8140   0.001749     0.0131    -0.0200 0.0000e+00
       7004     -0.234     4.8142   0.001750     0.0131    -0.0200 0.0000e+00
       7005     -0.229     4.8145   0.001751     0.0132    -0.0200 0.0000e+00
       7006     -0.224     4.8148   0.001752     0.0132    -0.0200 0.0000e+00
       7007     -0.222     4.8150   0.001755     0.0132    -0.0199 0.0000e+00
       7008     -0.222     4.8152   0.001755     0.0132    -0.0199 0.0000e+00
       7009     -0.222     4.8154   0.001753     0.0132    -0.0200 0.0000e+00
       7010     -0.224     4.8156   0.001753     0.0132    -0.0200 0.0000e+00
       7011     -0.228     4.8158   0.001752     0.0132    -0.0200 0.0000e+00
       7012     -0.231     4.8160   0.001750     0.0131    -0.0200 0.0000e+00
       7013     -0.232     4.8162   0.001749     0.0131    -0.0200 0.0000e+00
       7014     -0.232     4.8164   0.001749     0.0131    -0.0200 0.0000e+00
       7015     -0.231     4.8166   0.001751     0.0132    -0.0200 0.0000e+00
       7016     -0.231     4.8169   0.001752     0.0132    -0.0200 0.0000e+00
       7017     -0.232     4.8171   0.001751     0.0132    -0.0200 0.0000e+00
       7018     -0.232     4.8172   0.001749     0.0131    -0.0200 0.0000e+00
       7019     -0.229     4.8174   0.001748     0.0131    -0.0200 0.0000e+00
       7020     -0.227     4.8176   0.001750     0.0131    -0.0200 0.0000e+00
       7021     -0.229     4.8178   0.001752     0.0132    -0.0200 0.0000e+00
       7022     -0.231     4.8180   0.001750     0.0132    -0.0200 0.0000e+00
       7023     -0.230     4.8182   0.001749     0.0131    -0.0200 0.0000e+00
       7024     -0.227     4.8184   0.001749     0.0131    -0.0200 0.0000e+00
       7025     -0.225     4.8186   0.001748     0.0131    -0.0200 0.0000e+00
       7026     -0.225     4.8188   0.001747     0.0131    -0.0200 0.0000e+00
       7027     -0.230     4.8190   0.001748     0.0131    -0.0200 0.0000e+00
       7028     -0.236     4.8192   0.001750     0.0132    -0.0200 0.0000e+00
       7029     -0.235     4.8194   0.001750     0.0132    -0.0200 0.0000e+00
       7030     -0.231     4.8195   0.001748     0.0131    -0.0200 0.0000e+00
       7031     -0.230     4.8197   0.001748     0.0131    -0.0200 0.0000e+00
       7032     -0.231     4.8199   0.001748     0.0131    -0.0200 0.0000e+00
       7033     -0.231     4.8201   0.001746     0.0131    -0.0201 0.0000e+00
       7034     -0.232     4.8202   0.001742     0.0131    -0.0201 0.0000e+00
       7035     -0.233     4.8204   0.001744     0.0131    -0.0201 0.0000e+00
       7036     -0.232     4.8206   0.001747     0.0131    -0.0201 0.0000e+00
       7037     -0.229     4.8208   0.001746     0.0131    -0.0201 0.0000e+00
       7038     -0.229     4.8209   0.001743     0.0131    -0.0201 0.0000e+00
       7039     -0.231     4.8211   0.001744     0.0131    -0.0201 0.0000e+00
       7040     -0.229     4.8213   0.001746     0.0131    -0.0201 0.0000e+00
       7041     -0.226     4.8215   0.001745     0.0131    -0.0201 0.0000e+00
       7042     -0.226     4.8217   0.001745     0.0131    -0.0201 0.0000e+00
       7043     -0.227     4.8218   0.001745     0.0131    -0.0201 0.0000e+00
       7044     -0.227     4.8220   0.001745     0.0131    -0.0201 0.0000e+00
       7045     -0.227     4.8221   0.001745     0.0131    -0.0201 0.0000e+00
       7046     -0.228     4.8223   0.001743     0.0131    -0.0201 0.0000e+00
       7047     -0.231     4.8225   0.001742     0.0131    -0.0201 0.0000e+00
       7048     -0.232     4.8227   0.001744     0.0131    -0.0201 0.0000e+00
       7049     -0.232     4.8229   0.001745     0.0131    -0.0201 0.0000e+00
       7050     -0.230     4.8231   0.001743     0.0131    -0.0201 0.0000e+00
       7051     -0.227     4.8232   0.001742     0.0131    -0.0201 0.0000e+00
       7052     -0.227     4.8233   0.001742     0.0131    -0.0201 0.0000e+00
       7053     -0.230     4.8235   0.001743     0.0131    -0.0201 0.0000e+00
       7054     -0.233     4.8236   0.001744     0.0131    -0.0201 0.0000e+00
       7055     -0.234     4.8238   0.001743     0.0131    -0.0201 0.0000e+00
       7056     -0.233     4.8240   0.001742     0.0131    -0.0201 0.0000e+00
       7057     -0.229     4.8242   0.001744     0.0131    -0.0201 0.0000e+00
       7058     -0.226     4.8244   0.001745     0.0131    -0.0201 0.0000e+00
       7059     -0.228     4.8246   0.001742     0.0131    -0.0201 0.0000e+00
       7060     -0.230     4.8247   0.001741     0.0131    -0.0201 0.0000e+00
       7061     -0.232     4.8248   0.001740     0.0131    -0.0202 0.0000e+00
       7062     -0.234     4.8250   0.001739     0.0131    -0.0202 0.0000e+00
       7063     -0.237     4.8252   0.001739     0.0131    -0.0202 0.0000e+00
       7064     -0.238     4.8254   0.001740     0.0131    -0.0202 0.0000e+00
       7065     -0.234     4.8256   0.001741     0.0131    -0.0202 0.0000e+00
       7066     -0.232     4.8258   0.001739     0.0131    -0.0202 0.0000e+00
       7067     -0.234     4.8260   0.001739     0.0131    -0.0202 0.0000e+00
       7068     -0.236     4.8262   0.001739     0.0131    -0.0202 0.0000e+00
       7069     -0.235     4.8262   0.001739     0.0131    -0.0202 0.0000e+00
       7070     -0.233     4.8264   0.001738     0.0131    -0.0202 0.0000e+00
       7071     -0.230     4.8267   0.001738     0.0131    -0.0202 0.0000e+00
       7072     -0.231     4.8269   0.001738     0.0131    -0.0202 0.0000e+00
       7073     -0.233     4.8270   0.001738     0.0131    -0.0202 0.0000e+00
       7074     -0.232     4.8272   0.001738     0.0131    -0.0202 0.0000e+00
       7075     -0.228     4.8274   0.001737     0.0131    -0.0202 0.0000e+00
       7076     -0.227     4.8276   0.001738     0.0131    -0.0202 0.0000e+00
       7077     -0.227     4.8278   0.001737     0.0131    -0.0202 0.0000e+00
       7078     -0.224     4.8279   0.001736     0.0131    -0.0202 0.0000e+00
       7079     -0.222     4.8281   0.001735     0.0130    -0.0202 0.0000e+00
       7080     -0.224     4.8284   0.001735     0.0130    -0.0202 0.0000e+00
       7081     -0.227     4.8285   0.001734     0.0130    -0.0202 0.0000e+00
       7082     -0.228     4.8287   0.001735     0.0130    -0.0202 0.0000e+00
       7083     -0.228     4.8289   0.001737     0.0131    -0.0202 0.0000e+00
       7084     -0.229     4.8291   0.001739     0.0131    -0.0202 0.0000e+00
       7085     -0.231     4.8293   0.001739     0.0131    -0.0202 0.0000e+00
       7086     -0.231     4.8294   0.001739     0.0131    -0.0202 0.0000e+00
       7087     -0.229     4.8296   0.001737     0.0131    -0.0202 0.0000e+00
       7088     -0.229     4.8298   0.001735     0.0130    -0.0202 0.0000e+00
       7089     -0.230     4.8300   0.001736     0.0131    -0.0202 0.0000e+00
       7090     -0.229     4.8302   0.001737     0.0131    -0.0202 0.0000e+00
       7091     -0.230     4.8304   0.001737     0.0131    -0.0202 0.0000e+00
       7092     -0.232     4.8306   0.001738     0.0131    -0.0202 0.0000e+00
       7093     -0.232     4.8308   0.001737     0.0131    -0.0202 0.0000e+00
       7094     -0.232     4.8309   0.001735     0.0130    -0.0203 0.0000e+00
       7095     -0.233     4.8312   0.001735     0.0130    -0.0203 0.0000e+00
       7096     -0.232     4.8314   0.001736     0.0131    -0.0203 0.0000e+00
       7097     -0.229     4.8316   0.001736     0.0131    -0.0203 0.0000e+00
       7098     -0.226     4.8318   0.001735     0.0130    -0.0203 0.0000e+00
       7099     -0.225     4.8320   0.001735     0.0130    -0.0203 0.0000e+00
       7100     -0.226     4.8322   0.001735     0.0130    -0.0203 0.0000e+00
       7101     -0.228     4.8323   0.001734     0.0130    -0.0203 0.0000e+00
       7102     -0.231     4.8325   0.001736     0.0131    -0.0203 0.0000e+00
       7103     -0.231     4.8328   0.001739     0.0131    -0.0203 0.0000e+00
       7104     -0.229     4.8330   0.001737     0.0131    -0.0203 0.0000e+00
       7105     -0.229     4.8331   0.001734     0.0130    -0.0203 0.0000e+00
       7106     -0.232     4.8332   0.001735     0.0130    -0.0203 0.0000e+00
       7107     -0.235     4.8335   0.001736     0.0131    -0.0203 0.0000e+00
       7108     -0.237     4.8337   0.001735     0.0130    -0.0203 0.0000e+00
       7109     -0.237     4.8339   0.001735     0.0130    -0.0203 0.0000e+00
       7110     -0.236     4.8340   0.001733     0.0130    -0.0203 0.0000e+00
       7111     -0.235     4.8342   0.001732     0.0130    -0.0203 0.0000e+00
       7112     -0.234     4.8344   0.001731     0.0130    -0.0203 0.0000e+00
       7113     -0.232     4.8346   0.001730     0.0130    -0.0203 0.0000e+00
       7114     -0.228     4.8348   0.001734     0.0130    -0.0203 0.0000e+00
       7115     -0.226     4.8350   0.001735     0.0130    -0.0203 0.0000e+00
       7116     -0.226     4.8352   0.001735     0.0130    -0.0203 0.0000e+00
       7117     -0.228     4.8354   0.001733     0.0130    -0.0203 0.0000e+00
       7118     -0.231     4.8356   0.001732     0.0130    -0.0203 0.0000e+00
       7119     -0.233     4.8358   0.001730     0.0130    -0.0204 0.0000e+00
       7120     -0.234     4.8359   0.001729     0.0130    -0.0204 0.0000e+00
       7121     -0.234     4.8361   0.001730     0.0130    -0.0204 0.0000e+00
       7122     -0.234     4.8363   0.001729     0.0130    -0.0204 0.0000e+00
       7123     -0.233     4.8366   0.001730     0.0130    -0.0204 0.0000e+00
       7124     -0.231     4.8368   0.001730     0.0130    -0.0204 0.0000e+00
       7125     -0.228     4.8369   0.001731     0.0130    -0.0204 0.0000e+00
       7126     -0.226     4.8370   0.001730     0.0130    -0.0204 0.0000e+00
       7127     -0.227     4.8372   0.001729     0.0130    -0.0204 0.0000e+00
       7128     -0.229     4.8374   0.001729     0.0130    -0.0204 0.0000e+00
       7129     -0.231     4.8376   0.001729     0.0130    -0.0204 0.0000e+00
       7130     -0.232     4.8377   0.001729     0.0130    -0.0204 0.0000e+00
       7131     -0.231     4.8379   0.001732     0.0130    -0.0204 0.0000e+00
       7132     -0.231     4.8381   0.001731     0.0130    -0.0204 0.0000e+00
       7133     -0.231     4.8383   0.001729     0.0130    -0.0204 0.0000e+00
       7134     -0.229     4.8385   0.001730     0.0130    -0.0204 0.0000e+00
       7135     -0.229     4.8387   0.001730     0.0130    -0.0204 0.0000e+00
       7136     -0.228     4.8388   0.001729     0.0130    -0.0204 0.0000e+00
       7137     -0.226     4.8390   0.001729     0.0130    -0.0204 0.0000e+00
       7138     -0.224     4.8392   0.001728     0.0130    -0.0204 0.0000e+00
       7139     -0.226     4.8393   0.001726     0.0130    -0.0204 0.0000e+00
       7140     -0.230     4.8395   0.001726     0.0130    -0.0204 0.0000e+00
       7141     -0.233     4.8397   0.001726     0.0130    -0.0204 0.0000e+00
       7142     -0.234     4.8399   0.001726     0.0130    -0.0204 0.0000e+00
       7143     -0.234     4.8400   0.001727     0.0130    -0.0204 0.0000e+00
       7144     -0.233     4.8402   0.001726     0.0130    -0.0204 0.0000e+00
       7145     -0.232     4.8404   0.001726     0.0130    -0.0204 0.0000e+00
       7146     -0.229     4.8406   0.001726     0.0130    -0.0204 0.0000e+00
       7147     -0.226     4.8407   0.001725     0.0130    -0.0205 0.0000e+00
       7148     -0.225     4.8409   0.001723     0.0130    -0.0205 0.0000e+00
       7149     -0.226     4.8411   0.001724     0.0130    -0.0205 0.0000e+00
       7150     -0.228     4.8411   0.001725     0.0130    -0.0205 0.0000e+00
       7151     -0.229     4.8413   0.001726     0.0130    -0.0205 0.0000e+00
       7152     -0.230     4.8415   0.001725     0.0130    -0.0205 0.0000e+00
       7153     -0.231     4.8417   0.001725     0.0130    -0.0205 0.0000e+00
       7154     -0.231     4.8419   0.001727     0.0130    -0.0205 0.0000e+00
       7155     -0.230     4.8420   0.001726     0.0130    -0.0205 0.0000e+00
       7156     -0.230     4.8422   0.001723     0.0130    -0.0205 0.0000e+00
       7157     -0.231     4.8422   0.001720     0.0129    -0.0205 0.0000e+00
       7158     -0.230     4.8424   0.001721     0.0129    -0.0205 0.0000e+00
       7159     -0.230     4.8426   0.001721     0.0129    -0.0205 0.0000e+00
       7160     -0.232     4.8427   0.001718     0.0129    -0.0205 0.0000e+00
       7161     -0.232     4.8429   0.001719     0.0129    -0.0205 0.0000e+00
       7162     -0.230     4.8430   0.001720     0.0129    -0.0205 0.0000e+00
       7163     -0.231     4.8432   0.001722     0.0130    -0.0205 0.0000e+00
       7164     -0.233     4.8434   0.001722     0.0130    -0.0205 0.0000e+00
       7165     -0.234     4.8435   0.001722     0.0130    -0.0205 0.0000e+00
       7166     -0.234     4.8437   0.001722     0.0130    -0.0205 0.0000e+00
       7167     -0.229     4.8438   0.001722     0.0130    -0.0205 0.0000e+00
       7168     -0.224     4.8440   0.001724     0.0130    -0.0205 0.0000e+00
       7169     -0.224     4.8442   0.001723     0.0130    -0.0205 0.0000e+00
       7170     -0.228     4.8442   0.001724     0.0130    -0.0205 0.0000e+00
       7171     -0.231     4.8444   0.001725     0.0130    -0.0205 0.0000e+00
       7172     -0.235     4.8445   0.001724     0.0130    -0.0205 0.0000e+00
       7173     -0.236     4.8445   0.001722     0.0130    -0.0205 0.0000e+00
       7174     -0.235     4.8447   0.001722     0.0130    -0.0205 0.0000e+00
       7175     -0.233     4.8449   0.001720     0.0129    -0.0205 0.0000e+00
       7176     -0.232     4.8451   0.001718     0.0129    -0.0206 0.0000e+00
       7177     -0.230     4.8453   0.001719     0.0129    -0.0205 0.0000e+00
       7178     -0.228     4.8453   0.001718     0.0129    -0.0206 0.0000e+00
       7179     -0.227     4.8455   0.001718     0.0129    -0.0206 0.0000e+00
