Datasets/Test_Dataset_39219_tow/tel219_2021_028.cnv
* Sea-Bird SBE19plus Data File:
* Filename = C:/AQUIRE/tel219_2021_028.hex
* Software Version AquireV2 AF V2.0
* Temperature SN =  4020
* Conductivity SN =  4020
* System UpLoad Time = May 09 2021 05:48:35
** VESSEL/TRIP/SEQ STN: tel219_2021_028
** LATITUDE: 45 57.56 N
** LONGITUDE: 56 54.84 W
** DATE/TIME: 2021-05-09 05:10
** SOUNDING DEPTH (M): 0171
** PROBE TYPE: S4020
** CTD NUMBER:  28
** FORMAT: T
** COMMENTS: 
# nquan = 7                                 
# nvalues = 2325                        
# units = specified
# name 0 = scan: Scan Count
# name 1 = prdM: Pressure, Strain Gauge [db]
# name 2 = tv290C: Temperature [ITS-90, deg C]
# name 3 = c0S/m: Conductivity [S/m]
# name 4 = sal00: Salinity, Practical [PSU]
# name 5 = sigma-t00: Density [sigma-t, kg/m^3 ]
# name 6 = flag: flag
# span 0 =          1,       2325       
# span 1 =     -0.212,    162.924       
# span 2 =     1.6105,     5.8526       
# span 3 =   0.005699,   3.071180       
# span 4 =     0.0415,    33.2630       
# span 5 =    -0.0188,    26.4572       
# span 6 = 0.0000e+00, 0.0000e+00       
# interval = seconds: 1
# start_time = May 09 2021 05:10:53 [Instrument's time stamp, header]
# bad_flag = -9.990e-29
*END*
[from data line 1642]
       1643    116.181     1.8428   2.860725    32.3815    25.8854 0.0000e+00
       1644    115.652     1.8346   2.859444    32.3742    25.8801 0.0000e+00
       1645    115.111     1.8248   2.858142    32.3682    25.8761 0.0000e+00
       1646    114.528     1.8193   2.857533    32.3666    25.8751 0.0000e+00
       1647    113.895     1.8187   2.857564    32.3679    25.8762 0.0000e+00
       1648    113.250     1.8202   2.857868    32.3705    25.8782 0.0000e+00
       1649    112.629     1.8202   2.857968    32.3721    25.8795 0.0000e+00
       1650    112.029     1.8139   2.857178    32.3690    25.8775 0.0000e+00
       1651    111.427     1.8018   2.855558    32.3615    25.8723 0.0000e+00
       1652    110.806     1.7944   2.854455    32.3556    25.8681 0.0000e+00
       1653    110.152     1.8016   2.855015    32.3556    25.8676 0.0000e+00
       1654    109.472     1.8192   2.856595    32.3577    25.8680 0.0000e+00
       1655    108.788     1.8340   2.857537    32.3547    25.8646 0.0000e+00
       1656    108.113     1.8415   2.857803    32.3507    25.8609 0.0000e+00
       1657    107.448     1.8472   2.858307    32.3515    25.8611 0.0000e+00
       1658    106.789     1.8544   2.859019    32.3534    25.8621 0.0000e+00
       1659    106.125     1.8618   2.859632    32.3539    25.8619 0.0000e+00
       1660    105.444     1.8677   2.860030    32.3532    25.8610 0.0000e+00
       1661    104.743     1.8728   2.860264    32.3512    25.8591 0.0000e+00
       1662    104.020     1.8786   2.860540    32.3491    25.8570 0.0000e+00
       1663    103.278     1.8849   2.860910    32.3477    25.8554 0.0000e+00
       1664    102.527     1.8900   2.861187    32.3464    25.8539 0.0000e+00
       1665    101.780     1.8936   2.861312    32.3447    25.8523 0.0000e+00
       1666    101.037     1.8991   2.861594    32.3430    25.8506 0.0000e+00
       1667    100.285     1.9099   2.862370    32.3420    25.8490 0.0000e+00
       1668     99.506     1.9227   2.863306    32.3410    25.8473 0.0000e+00
       1669     98.686     1.9312   2.863647    32.3370    25.8435 0.0000e+00
       1670     97.837     1.9339   2.863286    32.3302    25.8379 0.0000e+00
       1671     96.994     1.9335   2.862755    32.3245    25.8333 0.0000e+00
       1672     96.177     1.9392   2.863135    32.3238    25.8324 0.0000e+00
       1673     95.379     1.9612   2.865424    32.3303    25.8360 0.0000e+00
       1674     94.569     1.9931   2.868511    32.3366    25.8387 0.0000e+00
       1675     93.707     2.0187   2.870484    32.3355    25.8360 0.0000e+00
       1676     92.773     2.0350   2.871379    32.3305    25.8308 0.0000e+00
       1677     91.784     2.0463   2.871790    32.3246    25.8252 0.0000e+00
       1678     90.805     2.0532   2.871344    32.3125    25.8151 0.0000e+00
       1679     89.897     2.0573   2.870764    32.3016    25.8061 0.0000e+00
       1680     89.046     2.0660   2.871868    32.3069    25.8097 0.0000e+00
       1681     88.183     2.0814   2.874241    32.3212    25.8200 0.0000e+00
       1682     87.252     2.0970   2.875910    32.3265    25.8231 0.0000e+00
       1683     86.234     2.1071   2.876403    32.3229    25.8194 0.0000e+00
       1684     85.146     2.1128   2.876495    32.3188    25.8157 0.0000e+00
       1685     84.031     2.1162   2.876657    32.3180    25.8148 0.0000e+00
       1686     82.939     2.1185   2.876758    32.3175    25.8142 0.0000e+00
       1687     81.914     2.1208   2.876765    32.3158    25.8127 0.0000e+00
       1688     80.966     2.1243   2.876952    32.3150    25.8119 0.0000e+00
       1689     80.053     2.1290   2.877479    32.3173    25.8133 0.0000e+00
       1690     79.083     2.1341   2.878130    32.3207    25.8157 0.0000e+00
       1691     77.972     2.1383   2.878482    32.3214    25.8159 0.0000e+00
       1692     76.729     2.1420   2.878528    32.3188    25.8136 0.0000e+00
       1693     75.464     2.1451   2.878491    32.3159    25.8110 0.0000e+00
       1694     74.338     2.1458   2.878410    32.3148    25.8101 0.0000e+00
       1695     73.455     2.1441   2.878324    32.3159    25.8111 0.0000e+00
       1696     72.754     2.1430   2.878155    32.3153    25.8107 0.0000e+00
       1697     72.060     2.1454   2.878090    32.3125    25.8083 0.0000e+00
       1698     71.267     2.1543   2.878869    32.3135    25.8084 0.0000e+00
       1699     70.409     2.1673   2.880226    32.3175    25.8107 0.0000e+00
       1700     69.554     2.1772   2.880984    32.3173    25.8098 0.0000e+00
       1701     68.747     2.1807   2.880894    32.3131    25.8061 0.0000e+00
       1702     68.045     2.1790   2.880578    32.3113    25.8048 0.0000e+00
       1703     67.464     2.1755   2.880444    32.3135    25.8068 0.0000e+00
       1704     66.943     2.1734   2.880319    32.3144    25.8077 0.0000e+00
       1705     66.379     2.1746   2.880200    32.3120    25.8057 0.0000e+00
       1706     65.693     2.1795   2.880558    32.3118    25.8052 0.0000e+00
       1707     64.901     2.1864   2.881247    32.3137    25.8062 0.0000e+00
       1708     64.092     2.1915   2.881474    32.3118    25.8043 0.0000e+00
       1709     63.366     2.1917   2.881271    32.3095    25.8024 0.0000e+00
       1710     62.780     2.1894   2.881146    32.3106    25.8035 0.0000e+00
       1711     62.297     2.1879   2.881071    32.3114    25.8043 0.0000e+00
       1712     61.815     2.1883   2.880909    32.3093    25.8025 0.0000e+00
       1713     61.217     2.1898   2.880881    32.3077    25.8012 0.0000e+00
       1714     60.442     2.1918   2.881103    32.3089    25.8019 0.0000e+00
       1715     59.565     2.1934   2.881171    32.3086    25.8016 0.0000e+00
       1716     58.729     2.1934   2.881018    32.3071    25.8004 0.0000e+00
       1717     58.043     2.1920   2.880939    32.3079    25.8012 0.0000e+00
       1718     57.510     2.1910   2.880898    32.3087    25.8019 0.0000e+00
       1719     57.033     2.1912   2.880804    32.3076    25.8010 0.0000e+00
       1720     56.474     2.1917   2.880732    32.3065    25.8001 0.0000e+00
       1721     55.727     2.1917   2.880703    32.3066    25.8001 0.0000e+00
       1722     54.854     2.1910   2.880578    32.3062    25.7999 0.0000e+00
       1723     54.026     2.1898   2.880367    32.3053    25.7992 0.0000e+00
       1724     53.313     2.1885   2.880234    32.3053    25.7993 0.0000e+00
       1725     52.671     2.1878   2.880150    32.3054    25.7994 0.0000e+00
       1726     52.023     2.1886   2.880082    32.3041    25.7983 0.0000e+00
       1727     51.329     2.1917   2.880255    32.3034    25.7976 0.0000e+00
       1728     50.586     2.1965   2.880663    32.3040    25.7977 0.0000e+00
       1729     49.794     2.2009   2.880997    32.3041    25.7974 0.0000e+00
       1730     48.962     2.2033   2.881103    32.3034    25.7967 0.0000e+00
       1731     48.160     2.2029   2.880973    32.3026    25.7961 0.0000e+00
       1732     47.486     2.2005   2.880827    32.3036    25.7971 0.0000e+00
       1733     46.941     2.1986   2.880811    32.3057    25.7988 0.0000e+00
       1734     46.439     2.1980   2.880681    32.3049    25.7983 0.0000e+00
       1735     45.930     2.1981   2.880404    32.3017    25.7957 0.0000e+00
       1736     45.414     2.1989   2.880276    32.2996    25.7939 0.0000e+00
       1737     44.880     2.2011   2.880451    32.2998    25.7940 0.0000e+00
       1738     44.338     2.2035   2.880614    32.2996    25.7937 0.0000e+00
       1739     43.833     2.2043   2.880446    32.2970    25.7915 0.0000e+00
       1740     43.389     2.2032   2.880213    32.2955    25.7904 0.0000e+00
       1741     43.002     2.2009   2.880135    32.2971    25.7918 0.0000e+00
       1742     42.662     2.1982   2.880144    32.3001    25.7945 0.0000e+00
       1743     42.355     2.1967   2.880183    32.3023    25.7963 0.0000e+00
       1744     42.059     2.1963   2.880145    32.3024    25.7964 0.0000e+00
       1745     41.748     2.1972   2.880060    32.3006    25.7949 0.0000e+00
       1746     41.417     2.1998   2.880086    32.2985    25.7930 0.0000e+00
       1747     41.098     2.2015   2.880129    32.2974    25.7921 0.0000e+00
       1748     40.824     2.1997   2.880068    32.2987    25.7932 0.0000e+00
       1749     40.597     2.1966   2.880016    32.3013    25.7955 0.0000e+00
       1750     40.395     2.1948   2.879992    32.3029    25.7970 0.0000e+00
       1751     40.180     2.1944   2.879921    32.3026    25.7967 0.0000e+00
       1752     39.932     2.1950   2.879894    32.3018    25.7960 0.0000e+00
       1753     39.673     2.1962   2.880035    32.3024    25.7964 0.0000e+00
       1754     39.441     2.1985   2.880281    32.3033    25.7969 0.0000e+00
       1755     39.244     2.2019   2.880449    32.3020    25.7957 0.0000e+00
       1756     39.051     2.2043   2.880413    32.2992    25.7933 0.0000e+00
       1757     38.837     2.2043   2.880315    32.2981    25.7924 0.0000e+00
       1758     38.614     2.2039   2.880388    32.2995    25.7936 0.0000e+00
       1759     38.408     2.2055   2.880595    32.3006    25.7943 0.0000e+00
       1760     38.215     2.2089   2.880722    32.2988    25.7926 0.0000e+00
       1761     38.001     2.2110   2.880609    32.2954    25.7897 0.0000e+00
       1762     37.746     2.2104   2.880427    32.2939    25.7885 0.0000e+00
       1763     37.478     2.2099   2.880591    32.2966    25.7907 0.0000e+00
       1764     37.237     2.2131   2.881213    32.3011    25.7942 0.0000e+00
       1765     37.040     2.2212   2.882007    32.3028    25.7949 0.0000e+00
       1766     36.880     2.2318   2.882563    32.2990    25.7911 0.0000e+00
       1767     36.724     2.2397   2.882533    32.2907    25.7838 0.0000e+00
       1768     36.527     2.2431   2.882194    32.2832    25.7775 0.0000e+00
       1769     36.283     2.2438   2.882259    32.2834    25.7776 0.0000e+00
       1770     36.028     2.2449   2.882722    32.2881    25.7814 0.0000e+00
       1771     35.783     2.2491   2.883337    32.2916    25.7838 0.0000e+00
       1772     35.560     2.2569   2.883967    32.2916    25.7832 0.0000e+00
       1773     35.358     2.2639   2.884036    32.2855    25.7778 0.0000e+00
       1774     35.157     2.2666   2.883444    32.2755    25.7696 0.0000e+00
       1775     34.952     2.2663   2.882849    32.2686    25.7641 0.0000e+00
       1776     34.754     2.2646   2.882636    32.2678    25.7636 0.0000e+00
       1777     34.562     2.2608   2.882784    32.2736    25.7685 0.0000e+00
       1778     34.361     2.2712   2.883377    32.2704    25.7652 0.0000e+00
       1779     34.128     2.3327   2.887245    32.2559    25.7489 0.0000e+00
       1780     33.853     2.4404   2.895334    32.2466    25.7332 0.0000e+00
       1781     33.549     2.5285   2.900904    32.2262    25.7099 0.0000e+00
       1782     33.244     2.5474   2.899746    32.1931    25.6820 0.0000e+00
       1783     32.969     2.5152   2.897318    32.1960    25.6868 0.0000e+00
       1784     32.737     2.4888   2.898636    32.2389    25.7232 0.0000e+00
       1785     32.512     2.5011   2.900617    32.2509    25.7318 0.0000e+00
       1786     32.227     2.5538   2.903365    32.2316    25.7122 0.0000e+00
       1787     31.847     2.6411   2.910681    32.2333    25.7067 0.0000e+00
       1788     31.383     2.7407   2.919185    32.2371    25.7016 0.0000e+00
       1789     30.827     2.8213   2.924813    32.2250    25.6853 0.0000e+00
       1790     30.161     2.8670   2.927388    32.2108    25.6702 0.0000e+00
       1791     29.400     2.8902   2.928509    32.2016    25.6609 0.0000e+00
       1792     28.600     2.9143   2.930045    32.1965    25.6548 0.0000e+00
       1793     27.799     2.9493   2.932874    32.1962    25.6516 0.0000e+00
       1794     26.996     2.9968   2.937591    32.2062    25.6556 0.0000e+00
       1795     26.168     3.0465   2.942380    32.2149    25.6583 0.0000e+00
       1796     25.273     3.0841   2.944983    32.2092    25.6506 0.0000e+00
       1797     24.294     3.1141   2.946662    32.2001    25.6407 0.0000e+00
       1798     23.264     3.1496   2.949375    32.1979    25.6359 0.0000e+00
       1799     22.222     3.1917   2.953039    32.2006    25.6344 0.0000e+00
       1800     21.197     3.2325   2.956651    32.2040    25.6335 0.0000e+00
       1801     20.223     3.2655   2.959371    32.2043    25.6309 0.0000e+00
       1802     19.322     3.2886   2.960796    32.1989    25.6245 0.0000e+00
       1803     18.522     3.3009   2.961105    32.1908    25.6170 0.0000e+00
       1804     17.841     3.3047   2.960400    32.1789    25.6072 0.0000e+00
       1805     17.234     3.3112   2.960114    32.1693    25.5990 0.0000e+00
       1806     16.643     3.3341   2.962466    32.1751    25.6015 0.0000e+00
       1807     16.065     3.3678   2.965969    32.1839    25.6056 0.0000e+00
       1808     15.530     3.3935   2.967562    32.1778    25.5984 0.0000e+00
       1809     15.061     3.4073   2.967836    32.1676    25.5890 0.0000e+00
       1810     14.668     3.4170   2.968644    32.1679    25.5883 0.0000e+00
       1811     14.352     3.4255   2.969492    32.1697    25.5891 0.0000e+00
       1812     14.090     3.4330   2.969605    32.1638    25.5837 0.0000e+00
       1813     13.841     3.4394   2.969578    32.1572    25.5779 0.0000e+00
       1814     13.574     3.4421   2.970080    32.1607    25.5804 0.0000e+00
       1815     13.279     3.4399   2.970829    32.1720    25.5896 0.0000e+00
       1816     12.970     3.4359   2.971189    32.1804    25.5967 0.0000e+00
       1817     12.673     3.4347   2.971216    32.1821    25.5981 0.0000e+00
       1818     12.405     3.4374   2.971266    32.1802    25.5963 0.0000e+00
       1819     12.166     3.4417   2.971348    32.1770    25.5934 0.0000e+00
       1820     11.941     3.4458   2.971523    32.1752    25.5916 0.0000e+00
       1821     11.700     3.4512   2.972444    32.1809    25.5957 0.0000e+00
       1822     11.419     3.4594   2.973949    32.1909    25.6029 0.0000e+00
       1823     11.080     3.4689   2.974864    32.1926    25.6034 0.0000e+00
       1824     10.628     3.4755   2.975157    32.1898    25.6006 0.0000e+00
       1825     10.030     3.4764   2.975213    32.1899    25.6005 0.0000e+00
       1826      9.338     3.4749   2.975291    32.1927    25.6029 0.0000e+00
       1827      8.637     3.4768   2.975776    32.1970    25.6061 0.0000e+00
       1828      7.967     3.4825   2.976346    32.1985    25.6068 0.0000e+00
       1829      7.320     3.4872   2.976606    32.1973    25.6054 0.0000e+00
       1830      6.675     3.4907   2.976699    32.1952    25.6035 0.0000e+00
       1831      6.025     3.4946   2.976873    32.1938    25.6020 0.0000e+00
       1832      5.375     3.4989   2.977149    32.1932    25.6011 0.0000e+00
       1833      4.712     3.5027   2.977480    32.1937    25.6012 0.0000e+00
       1834      4.052     3.5057   2.977757    32.1944    25.6014 0.0000e+00
       1835      3.449     3.5076   2.977894    32.1944    25.6013 0.0000e+00
       1836      2.906     3.5086   2.977956    32.1945    25.6012 0.0000e+00
       1837      2.376     3.5088   2.977895    32.1938    25.6007 0.0000e+00
       1838      1.826     3.5092   2.977799    32.1926    25.5997 0.0000e+00
       1839      1.252     3.5096   2.977893    32.1936    25.6005 0.0000e+00
       1840      0.702     3.5092   2.974884    32.1583    25.5724 0.0000e+00
       1841      0.269     3.5083   2.888387    31.1287    24.7527 0.0000e+00
       1842      0.007     3.5077   2.252699    23.6908    18.8376 0.0000e+00
       1843     -0.115     3.5066   1.261300    12.6107    10.0368 0.0000e+00
       1844     -0.165     3.5038   1.051631    10.3636     8.2509 0.0000e+00
       1845     -0.188     3.5021   1.226348    12.2351     9.7384 0.0000e+00
       1846     -0.201     3.5023   0.844049     8.1790     6.5132 0.0000e+00
