Datasets/Test_Dataset_39219_tow/tel219_2021_067.cnv
* Sea-Bird SBE19plus Data File:
* Filename = C:/AQUIRE/tel219_2021_067.hex
* Software Version AquireV2 AF V2.0
* Temperature SN =  4020
* Conductivity SN =  4020
* System UpLoad Time = May 15 2021 03:04:49
** VESSEL/TRIP/SEQ STN: tel219_2021_067
** LATITUDE: 45 32.98 N
** LONGITUDE: 54 26.70 W
** DATE/TIME: 2021-05-15 02:28
** SOUNDING DEPTH (M): 0086
** PROBE TYPE: S4020
** CTD NUMBER:  67
** FORMAT: T
** COMMENTS: 
# nquan = 7                                 
# nvalues = 2215                        
# units = specified
# name 0 = scan: Scan Count
# name 1 = prdM: Pressure, Strain Gauge [db]
# name 2 = tv290C: Temperature [ITS-90, deg C]
# name 3 = c0S/m: Conductivity [S/m]
# name 4 = sal00: Salinity, Practical [PSU]
# name 5 = sigma-t00: Density [sigma-t, kg/m^3 ]
# name 6 = flag: flag
# span 0 =          1,       2215       
# span 1 =     -0.066,     80.007       
# span 2 =     0.2861,     4.4038       
# span 3 =   0.006908,   3.009475       
# span 4 =     0.0520,    32.7796       
# span 5 =     0.0156,    26.2994       
# span 6 = 0.0000e+00, 0.0000e+00       
# interval = seconds: 1
# start_time = May 15 2021 02:28:51 [Instrument's time stamp, header]
# bad_flag = -9.990e-29
*END*
[from data line 411]
        412     47.311     0.7091   2.781966    32.5974    26.1305 0.0000e+00
        413     47.740     0.6900   2.780441    32.5975    26.1317 0.0000e+00
        414     48.165     0.6812   2.779957    32.6003    26.1344 0.0000e+00
        415     48.579     0.6778   2.779993    32.6041    26.1377 0.0000e+00
        416     48.986     0.6772   2.780414    32.6100    26.1424 0.0000e+00
        417     49.394     0.6785   2.780881    32.6144    26.1459 0.0000e+00
        418     49.808     0.6809   2.781224    32.6161    26.1471 0.0000e+00
        419     50.221     0.6851   2.781705    32.6176    26.1482 0.0000e+00
        420     50.628     0.6902   2.782247    32.6190    26.1490 0.0000e+00
        421     51.035     0.6937   2.782664    32.6205    26.1500 0.0000e+00
        422     51.445     0.6972   2.783266    32.6243    26.1529 0.0000e+00
        423     51.847     0.7035   2.784106    32.6283    26.1557 0.0000e+00
        424     52.232     0.7122   2.784933    32.6296    26.1563 0.0000e+00
        425     52.596     0.7207   2.785691    32.6302    26.1563 0.0000e+00
        426     52.942     0.7259   2.786184    32.6309    26.1566 0.0000e+00
        427     53.269     0.7276   2.786284    32.6302    26.1559 0.0000e+00
        428     53.581     0.7285   2.786307    32.6294    26.1552 0.0000e+00
        429     53.882     0.7308   2.786588    32.6304    26.1559 0.0000e+00
        430     54.167     0.7346   2.787095    32.6328    26.1576 0.0000e+00
        431     54.434     0.7380   2.787540    32.6348    26.1590 0.0000e+00
        432     54.688     0.7393   2.787766    32.6362    26.1601 0.0000e+00
        433     54.933     0.7390   2.787863    32.6376    26.1612 0.0000e+00
        434     55.169     0.7378   2.787897    32.6392    26.1626 0.0000e+00
        435     55.394     0.7363   2.787860    32.6402    26.1634 0.0000e+00
        436     55.607     0.7349   2.787734    32.6399    26.1633 0.0000e+00
        437     55.812     0.7339   2.787573    32.6388    26.1624 0.0000e+00
        438     56.005     0.7331   2.787513    32.6387    26.1625 0.0000e+00
        439     56.177     0.7327   2.787548    32.6395    26.1631 0.0000e+00
        440     56.326     0.7319   2.787541    32.6402    26.1637 0.0000e+00
        441     56.464     0.7306   2.787452    32.6403    26.1639 0.0000e+00
        442     56.594     0.7289   2.787320    32.6403    26.1640 0.0000e+00
        443     56.709     0.7264   2.787173    32.6410    26.1647 0.0000e+00
        444     56.814     0.7225   2.786974    32.6425    26.1661 0.0000e+00
        445     56.909     0.7176   2.786622    32.6431    26.1668 0.0000e+00
        446     56.991     0.7130   2.786185    32.6422    26.1664 0.0000e+00
        447     57.065     0.7095   2.785896    32.6421    26.1665 0.0000e+00
        448     57.135     0.7069   2.785793    32.6435    26.1678 0.0000e+00
        449     57.200     0.7048   2.785736    32.6449    26.1690 0.0000e+00
        450     57.257     0.7034   2.785639    32.6451    26.1693 0.0000e+00
        451     57.306     0.7031   2.785599    32.6449    26.1691 0.0000e+00
        452     57.348     0.7043   2.785711    32.6451    26.1692 0.0000e+00
        453     57.384     0.7060   2.785884    32.6455    26.1694 0.0000e+00
        454     57.415     0.7063   2.785978    32.6464    26.1701 0.0000e+00
        455     57.444     0.7045   2.785898    32.6472    26.1709 0.0000e+00
        456     57.473     0.7026   2.785769    32.6475    26.1713 0.0000e+00
        457     57.497     0.7027   2.785810    32.6479    26.1716 0.0000e+00
        458     57.515     0.7045   2.785945    32.6478    26.1713 0.0000e+00
        459     57.530     0.7055   2.785912    32.6463    26.1701 0.0000e+00
        460     57.542     0.7048   2.785706    32.6444    26.1686 0.0000e+00
        461     57.551     0.7036   2.785533    32.6434    26.1679 0.0000e+00
        462     57.564     0.7027   2.785439    32.6431    26.1677 0.0000e+00
        463     57.581     0.7023   2.785382    32.6428    26.1675 0.0000e+00
        464     57.598     0.7019   2.785358    32.6429    26.1676 0.0000e+00
        465     57.613     0.7017   2.785340    32.6429    26.1675 0.0000e+00
        466     57.625     0.7017   2.785327    32.6427    26.1674 0.0000e+00
        467     57.637     0.7019   2.785325    32.6424    26.1672 0.0000e+00
        468     57.655     0.7023   2.785344    32.6422    26.1670 0.0000e+00
        469     57.677     0.7026   2.785394    32.6426    26.1673 0.0000e+00
        470     57.700     0.7027   2.785444    32.6431    26.1677 0.0000e+00
        471     57.725     0.7027   2.785449    32.6431    26.1677 0.0000e+00
        472     57.750     0.7026   2.785403    32.6426    26.1673 0.0000e+00
        473     57.771     0.7025   2.785360    32.6422    26.1670 0.0000e+00
        474     57.793     0.7025   2.785351    32.6421    26.1669 0.0000e+00
        475     57.824     0.7026   2.785354    32.6420    26.1668 0.0000e+00
        476     57.863     0.7029   2.785347    32.6415    26.1664 0.0000e+00
        477     57.902     0.7033   2.785335    32.6409    26.1659 0.0000e+00
        478     57.938     0.7036   2.785332    32.6406    26.1656 0.0000e+00
        479     57.973     0.7035   2.785325    32.6406    26.1656 0.0000e+00
        480     58.013     0.7030   2.785310    32.6409    26.1659 0.0000e+00
        481     58.062     0.7025   2.785295    32.6412    26.1661 0.0000e+00
        482     58.119     0.7020   2.785294    32.6417    26.1666 0.0000e+00
        483     58.181     0.7012   2.785330    32.6429    26.1676 0.0000e+00
        484     58.244     0.6966   2.785178    32.6458    26.1702 0.0000e+00
        485     58.306     0.6831   2.784312    32.6488    26.1734 0.0000e+00
        486     58.371     0.6624   2.782804    32.6511    26.1764 0.0000e+00
        487     58.445     0.6432   2.781458    32.6539    26.1797 0.0000e+00
        488     58.534     0.6310   2.780682    32.6567    26.1826 0.0000e+00
        489     58.635     0.6253   2.780369    32.6586    26.1845 0.0000e+00
        490     58.741     0.6234   2.780303    32.6597    26.1855 0.0000e+00
        491     58.854     0.6230   2.780300    32.6600    26.1857 0.0000e+00
        492     58.977     0.6229   2.780295    32.6600    26.1857 0.0000e+00
        493     59.104     0.6230   2.780305    32.6600    26.1857 0.0000e+00
        494     59.234     0.6230   2.780342    32.6604    26.1860 0.0000e+00
        495     59.369     0.6230   2.780369    32.6606    26.1862 0.0000e+00
        496     59.513     0.6232   2.780388    32.6606    26.1862 0.0000e+00
        497     59.666     0.6236   2.780436    32.6607    26.1862 0.0000e+00
        498     59.822     0.6240   2.780505    32.6611    26.1865 0.0000e+00
        499     59.974     0.6243   2.780574    32.6616    26.1869 0.0000e+00
        500     60.126     0.6250   2.780658    32.6618    26.1871 0.0000e+00
        501     60.288     0.6259   2.780775    32.6623    26.1874 0.0000e+00
        502     60.463     0.6268   2.780892    32.6628    26.1877 0.0000e+00
        503     60.648     0.6277   2.780990    32.6630    26.1879 0.0000e+00
        504     60.840     0.6285   2.781082    32.6632    26.1880 0.0000e+00
        505     61.031     0.6294   2.781176    32.6634    26.1881 0.0000e+00
        506     61.220     0.6303   2.781275    32.6636    26.1882 0.0000e+00
        507     61.413     0.6311   2.781355    32.6637    26.1882 0.0000e+00
        508     61.615     0.6318   2.781401    32.6634    26.1880 0.0000e+00
        509     61.828     0.6322   2.781449    32.6635    26.1880 0.0000e+00
        510     62.045     0.6329   2.781519    32.6635    26.1880 0.0000e+00
        511     62.256     0.6336   2.781588    32.6636    26.1880 0.0000e+00
        512     62.461     0.6340   2.781634    32.6636    26.1880 0.0000e+00
        513     62.668     0.6343   2.781686    32.6639    26.1882 0.0000e+00
        514     62.884     0.6349   2.781794    32.6645    26.1887 0.0000e+00
        515     63.112     0.6358   2.781940    32.6653    26.1893 0.0000e+00
        516     63.349     0.6367   2.782069    32.6659    26.1897 0.0000e+00
        517     63.589     0.6379   2.782196    32.6661    26.1898 0.0000e+00
        518     63.829     0.6395   2.782378    32.6666    26.1902 0.0000e+00
        519     64.073     0.6418   2.782631    32.6674    26.1906 0.0000e+00
        520     64.326     0.6443   2.782958    32.6688    26.1916 0.0000e+00
        521     64.581     0.6465   2.783312    32.6709    26.1932 0.0000e+00
        522     64.828     0.6466   2.783447    32.6724    26.1944 0.0000e+00
        523     65.072     0.6434   2.783238    32.6729    26.1950 0.0000e+00
        524     65.318     0.6378   2.782844    32.6736    26.1959 0.0000e+00
        525     65.567     0.6311   2.782377    32.6745    26.1970 0.0000e+00
        526     65.823     0.6243   2.781899    32.6754    26.1980 0.0000e+00
        527     66.087     0.6185   2.781481    32.6759    26.1988 0.0000e+00
        528     66.356     0.6139   2.781157    32.6764    26.1995 0.0000e+00
        529     66.624     0.6094   2.780861    32.6772    26.2003 0.0000e+00
        530     66.891     0.6040   2.780468    32.6777    26.2010 0.0000e+00
        531     67.164     0.5991   2.780083    32.6777    26.2013 0.0000e+00
        532     67.442     0.5958   2.779860    32.6782    26.2018 0.0000e+00
        533     67.721     0.5935   2.779725    32.6787    26.2024 0.0000e+00
        534     67.993     0.5919   2.779608    32.6787    26.2025 0.0000e+00
        535     68.258     0.5913   2.779554    32.6785    26.2023 0.0000e+00
        536     68.528     0.5910   2.779538    32.6784    26.2023 0.0000e+00
        537     68.809     0.5904   2.779491    32.6783    26.2022 0.0000e+00
        538     69.095     0.5893   2.779387    32.6780    26.2020 0.0000e+00
        539     69.381     0.5881   2.779284    32.6777    26.2019 0.0000e+00
        540     69.666     0.5876   2.779250    32.6777    26.2019 0.0000e+00
        541     69.950     0.5873   2.779236    32.6776    26.2019 0.0000e+00
        542     70.239     0.5849   2.779088    32.6781    26.2024 0.0000e+00
        543     70.535     0.5780   2.778561    32.6784    26.2030 0.0000e+00
        544     70.834     0.5674   2.777726    32.6786    26.2037 0.0000e+00
        545     71.129     0.5555   2.776928    32.6807    26.2060 0.0000e+00
        546     71.416     0.5414   2.775989    32.6832    26.2089 0.0000e+00
        547     71.700     0.5237   2.774709    32.6852    26.2114 0.0000e+00
        548     71.984     0.5051   2.773467    32.6886    26.2152 0.0000e+00
        549     72.270     0.4889   2.772552    32.6937    26.2201 0.0000e+00
        550     72.556     0.4757   2.771894    32.6990    26.2251 0.0000e+00
        551     72.839     0.4643   2.771389    32.7044    26.2300 0.0000e+00
        552     73.118     0.4527   2.770906    32.7102    26.2354 0.0000e+00
        553     73.399     0.4401   2.770332    32.7160    26.2407 0.0000e+00
        554     73.686     0.4272   2.769734    32.7217    26.2460 0.0000e+00
        555     73.980     0.4148   2.769183    32.7275    26.2513 0.0000e+00
        556     74.272     0.4036   2.768776    32.7340    26.2571 0.0000e+00
        557     74.545     0.3942   2.768526    32.7405    26.2629 0.0000e+00
        558     74.794     0.3866   2.768301    32.7455    26.2673 0.0000e+00
        559     75.035     0.3798   2.768007    32.7488    26.2703 0.0000e+00
        560     75.282     0.3729   2.767666    32.7516    26.2728 0.0000e+00
        561     75.536     0.3660   2.767393    32.7552    26.2761 0.0000e+00
        562     75.780     0.3603   2.767234    32.7590    26.2795 0.0000e+00
        563     76.004     0.3562   2.767206    32.7629    26.2829 0.0000e+00
        564     76.211     0.3535   2.767196    32.7655    26.2851 0.0000e+00
        565     76.412     0.3511   2.767010    32.7655    26.2853 0.0000e+00
        566     76.619     0.3481   2.766676    32.7643    26.2844 0.0000e+00
        567     76.837     0.3448   2.766390    32.7639    26.2843 0.0000e+00
        568     77.057     0.3417   2.766246    32.7652    26.2855 0.0000e+00
        569     77.257     0.3387   2.766194    32.7676    26.2876 0.0000e+00
        570     77.426     0.3355   2.766089    32.7696    26.2893 0.0000e+00
        571     77.578     0.3319   2.765868    32.7704    26.2902 0.0000e+00
        572     77.726     0.3282   2.765600    32.7708    26.2906 0.0000e+00
        573     77.871     0.3250   2.765403    32.7715    26.2914 0.0000e+00
        574     78.014     0.3226   2.765324    32.7730    26.2927 0.0000e+00
        575     78.158     0.3206   2.765199    32.7734    26.2931 0.0000e+00
        576     78.301     0.3183   2.765001    32.7732    26.2931 0.0000e+00
        577     78.432     0.3152   2.764825    32.7741    26.2940 0.0000e+00
        578     78.545     0.3114   2.764648    32.7758    26.2955 0.0000e+00
        579     78.647     0.3076   2.764462    32.7773    26.2970 0.0000e+00
        580     78.744     0.3042   2.764236    32.7779    26.2976 0.0000e+00
        581     78.841     0.3017   2.764015    32.7777    26.2976 0.0000e+00
        582     78.935     0.3004   2.763890    32.7774    26.2974 0.0000e+00
        583     79.021     0.2994   2.763825    32.7775    26.2976 0.0000e+00
        584     79.093     0.2983   2.763791    32.7782    26.2982 0.0000e+00
        585     79.149     0.2970   2.763784    32.7795    26.2993 0.0000e+00
        586     79.192     0.2960   2.763718    32.7796    26.2994 0.0000e+00
        587     79.235     0.2952   2.763538    32.7781    26.2983 0.0000e+00
        588     79.286     0.2941   2.763360    32.7769    26.2974 0.0000e+00
        589     79.342     0.2933   2.763294    32.7769    26.2974 0.0000e+00
        590     79.392     0.2927   2.763281    32.7773    26.2978 0.0000e+00
        591     79.434     0.2919   2.763214    32.7773    26.2978 0.0000e+00
        592     79.475     0.2911   2.763126    32.7770    26.2975 0.0000e+00
        593     79.514     0.2905   2.763076    32.7769    26.2975 0.0000e+00
        594     79.552     0.2903   2.763063    32.7770    26.2976 0.0000e+00
        595     79.585     0.2900   2.763050    32.7771    26.2977 0.0000e+00
        596     79.605     0.2894   2.762990    32.7769    26.2976 0.0000e+00
        597     79.613     0.2884   2.762907    32.7769    26.2976 0.0000e+00
        598     79.620     0.2879   2.762850    32.7767    26.2975 0.0000e+00
        599     79.635     0.2880   2.762828    32.7763    26.2971 0.0000e+00
        600     79.655     0.2883   2.762834    32.7760    26.2969 0.0000e+00
        601     79.676     0.2885   2.762853    32.7761    26.2969 0.0000e+00
        602     79.697     0.2885   2.762843    32.7759    26.2968 0.0000e+00
        603     79.722     0.2883   2.762786    32.7754    26.2964 0.0000e+00
        604     79.758     0.2880   2.762740    32.7751    26.2962 0.0000e+00
        605     79.797     0.2877   2.762730    32.7752    26.2963 0.0000e+00
        606     79.825     0.2873   2.762751    32.7759    26.2969 0.0000e+00
        607     79.837     0.2867   2.762773    32.7768    26.2977 0.0000e+00
        608     79.836     0.2864   2.762734    32.7766    26.2975 0.0000e+00
        609     79.830     0.2863   2.762665    32.7759    26.2969 0.0000e+00
        610     79.830     0.2863   2.762623    32.7753    26.2964 0.0000e+00
        611     79.838     0.2864   2.762628    32.7753    26.2964 0.0000e+00
        612     79.844     0.2868   2.762661    32.7753    26.2964 0.0000e+00
        613     79.851     0.2869   2.762661    32.7752    26.2963 0.0000e+00
        614     79.868     0.2868   2.762620    32.7747    26.2959 0.0000e+00
        615     79.899     0.2863   2.762570    32.7746    26.2959 0.0000e+00
