Datasets/Test_Dataset_39219_tow/tel219_2021_039.cnv
* Sea-Bird SBE19plus Data File:
* Filename = C:/AQUIRE/tel219_2021_039.hex
* Software Version AquireV2 AF V2.0
* Temperature SN =  4020
* Conductivity SN =  4020
* System UpLoad Time = May 12 2021 00:21:16
** VESSEL/TRIP/SEQ STN: tel219_2021_039
** LATITUDE: 44 54.39 N
** LONGITUDE: 56 15.83 W
** DATE/TIME: 2021-05-11 23:24
** SOUNDING DEPTH (M): 0339
** PROBE TYPE: S4020
** CTD NUMBER:  39
** FORMAT: t
** COMMENTS: 
# nquan = 7                                 
# nvalues = 3401                        
# units = specified
# name 0 = scan: Scan Count
# name 1 = prdM: Pressure, Strain Gauge [db]
# name 2 = tv290C: Temperature [ITS-90, deg C]
# name 3 = c0S/m: Conductivity [S/m]
# name 4 = sal00: Salinity, Practical [PSU]
# name 5 = sigma-t00: Density [sigma-t, kg/m^3 ]
# name 6 = flag: flag
# span 0 =          1,       3401       
# span 1 =     -0.454,    343.595       
# span 2 =     4.7090,     9.7255       
# span 3 =   0.006003,   3.807068       
# span 4 =     0.0445,    35.1755       
# span 5 =     0.0028,    27.4780       
# span 6 = 0.0000e+00, 0.0000e+00       
# interval = seconds: 1
# start_time = May 11 2021 23:24:52 [Instrument's time stamp, header]
# bad_flag = -9.990e-29
*END*
[from data line 1231]
       1232     31.134     5.3819   3.169970    32.5790    25.7132 0.0000e+00
       1233     31.581     5.3885   3.170621    32.5798    25.7130 0.0000e+00
       1234     32.042     5.3964   3.171464    32.5814    25.7135 0.0000e+00
       1235     32.523     5.4041   3.172299    32.5832    25.7140 0.0000e+00
       1236     33.018     5.4086   3.172711    32.5833    25.7135 0.0000e+00
       1237     33.512     5.4101   3.172833    32.5830    25.7131 0.0000e+00
       1238     33.999     5.4110   3.172929    32.5829    25.7130 0.0000e+00
       1239     34.477     5.4121   3.173054    32.5831    25.7129 0.0000e+00
       1240     34.945     5.4135   3.173245    32.5836    25.7132 0.0000e+00
       1241     35.404     5.4151   3.173428    32.5839    25.7133 0.0000e+00
       1242     35.858     5.4163   3.173558    32.5840    25.7132 0.0000e+00
       1243     36.312     5.4177   3.173736    32.5845    25.7134 0.0000e+00
       1244     36.771     5.4197   3.173977    32.5850    25.7136 0.0000e+00
       1245     37.242     5.4217   3.174223    32.5856    25.7139 0.0000e+00
       1246     37.726     5.4229   3.174357    32.5858    25.7138 0.0000e+00
       1247     38.219     5.4225   3.174308    32.5853    25.7135 0.0000e+00
       1248     38.721     5.4215   3.174254    32.5855    25.7137 0.0000e+00
       1249     39.226     5.4200   3.174155    32.5855    25.7140 0.0000e+00
       1250     39.726     5.4180   3.173938    32.5848    25.7136 0.0000e+00
       1251     40.214     5.4186   3.174042    32.5851    25.7138 0.0000e+00
       1252     40.689     5.4246   3.174780    32.5874    25.7150 0.0000e+00
       1253     41.158     5.4387   3.176314    32.5909    25.7161 0.0000e+00
       1254     41.628     5.4642   3.179216    32.5989    25.7195 0.0000e+00
       1255     42.101     5.5012   3.183603    32.6125    25.7259 0.0000e+00
       1256     42.578     5.5457   3.188829    32.6283    25.7332 0.0000e+00
       1257     43.059     5.5916   3.194817    32.6514    25.7461 0.0000e+00
       1258     43.547     5.6228   3.200190    32.6816    25.7663 0.0000e+00
       1259     44.046     5.6123   3.201700    32.7087    25.7890 0.0000e+00
       1260     44.553     5.5572   3.199246    32.7342    25.8157 0.0000e+00
       1261     45.058     5.4986   3.196771    32.7630    25.8453 0.0000e+00
       1262     45.556     5.4705   3.196618    32.7885    25.8687 0.0000e+00
       1263     46.045     5.4630   3.197459    32.8051    25.8827 0.0000e+00
       1264     46.526     5.4581   3.198024    32.8161    25.8920 0.0000e+00
       1265     47.004     5.4522   3.198383    32.8257    25.9003 0.0000e+00
       1266     47.482     5.4468   3.198812    32.8356    25.9088 0.0000e+00
       1267     47.956     5.4459   3.200762    32.8585    25.9269 0.0000e+00
       1268     48.429     5.4541   3.205075    32.8992    25.9582 0.0000e+00
       1269     48.907     5.4701   3.210280    32.9425    25.9906 0.0000e+00
       1270     49.398     5.4861   3.215702    32.9882    26.0249 0.0000e+00
       1271     49.901     5.4904   3.220353    33.0365    26.0626 0.0000e+00
       1272     50.407     5.4795   3.222596    33.0725    26.0924 0.0000e+00
       1273     50.911     5.4651   3.223494    33.0967    26.1132 0.0000e+00
       1274     51.409     5.4534   3.224876    33.1237    26.1359 0.0000e+00
       1275     51.898     5.4169   3.224600    33.1564    26.1661 0.0000e+00
       1276     52.384     5.3203   3.217140    33.1666    26.1854 0.0000e+00
       1277     52.872     5.1959   3.205872    33.1608    26.1951 0.0000e+00
       1278     53.355     5.1130   3.199963    33.1751    26.2159 0.0000e+00
       1279     53.836     5.0814   3.198562    33.1902    26.2314 0.0000e+00
       1280     54.318     5.0698   3.197832    33.1931    26.2350 0.0000e+00
       1281     54.806     5.0626   3.197491    33.1961    26.2382 0.0000e+00
       1282     55.311     5.0663   3.198267    33.2011    26.2417 0.0000e+00
       1283     55.837     5.1235   3.206701    33.2408    26.2667 0.0000e+00
       1284     56.378     5.2611   3.226464    33.3300    26.3216 0.0000e+00
       1285     56.927     5.4111   3.245785    33.4011    26.3604 0.0000e+00
       1286     57.478     5.5013   3.255263    33.4190    26.3640 0.0000e+00
       1287     58.030     5.5527   3.260855    33.4312    26.3675 0.0000e+00
       1288     58.584     5.6045   3.267697    33.4571    26.3818 0.0000e+00
       1289     59.136     5.6573   3.274166    33.4777    26.3918 0.0000e+00
       1290     59.684     5.7035   3.279411    33.4910    26.3967 0.0000e+00
       1291     60.231     5.7416   3.283731    33.5017    26.4006 0.0000e+00
       1292     60.781     5.7741   3.287312    33.5097    26.4029 0.0000e+00
       1293     61.333     5.8089   3.291280    33.5197    26.4065 0.0000e+00
       1294     61.890     5.8495   3.296268    33.5354    26.4140 0.0000e+00
       1295     62.450     5.8861   3.300615    33.5478    26.4193 0.0000e+00
       1296     63.013     5.9071   3.302726    33.5505    26.4188 0.0000e+00
       1297     63.577     5.9163   3.303531    33.5501    26.4174 0.0000e+00
       1298     64.139     5.9272   3.304966    33.5552    26.4200 0.0000e+00
       1299     64.699     5.9429   3.307338    33.5660    26.4267 0.0000e+00
       1300     65.256     5.9547   3.309099    33.5739    26.4314 0.0000e+00
       1301     65.807     5.9567   3.309470    33.5758    26.4327 0.0000e+00
       1302     66.349     5.9490   3.308928    33.5771    26.4346 0.0000e+00
       1303     66.888     5.9291   3.307130    33.5763    26.4365 0.0000e+00
       1304     67.428     5.9002   3.304311    33.5730    26.4374 0.0000e+00
       1305     67.977     5.8746   3.302107    33.5733    26.4408 0.0000e+00
       1306     68.537     5.8522   3.300406    33.5761    26.4458 0.0000e+00
       1307     69.107     5.8089   3.296222    33.5716    26.4476 0.0000e+00
       1308     69.683     5.7138   3.286718    33.5584    26.4488 0.0000e+00
       1309     70.261     5.5793   3.273438    33.5415    26.4516 0.0000e+00
       1310     70.834     5.4770   3.264429    33.5409    26.4633 0.0000e+00
       1311     71.402     5.4458   3.263694    33.5634    26.4848 0.0000e+00
       1312     71.972     5.4549   3.265637    33.5762    26.4938 0.0000e+00
       1313     72.550     5.4734   3.267741    33.5813    26.4957 0.0000e+00
       1314     73.137     5.4914   3.269876    33.5874    26.4984 0.0000e+00
       1315     73.731     5.5069   3.271313    33.5879    26.4970 0.0000e+00
       1316     74.334     5.5259   3.273464    33.5931    26.4988 0.0000e+00
       1317     74.947     5.5502   3.276407    33.6020    26.5029 0.0000e+00
       1318     75.567     5.5739   3.279190    33.6096    26.5061 0.0000e+00
       1319     76.189     5.5913   3.281148    33.6142    26.5076 0.0000e+00
       1320     76.808     5.6001   3.282020    33.6150    26.5072 0.0000e+00
       1321     77.420     5.6039   3.282377    33.6149    26.5067 0.0000e+00
       1322     78.024     5.6109   3.283323    33.6184    26.5086 0.0000e+00
       1323     78.622     5.6228   3.284822    33.6232    26.5110 0.0000e+00
       1324     79.221     5.6357   3.286283    33.6266    26.5121 0.0000e+00
       1325     79.820     5.6465   3.287563    33.6300    26.5135 0.0000e+00
       1326     80.417     5.6541   3.288604    33.6339    26.5157 0.0000e+00
       1327     81.017     5.6638   3.289699    33.6364    26.5164 0.0000e+00
       1328     81.627     5.6906   3.292553    33.6416    26.5174 0.0000e+00
       1329     82.251     5.7398   3.298612    33.6608    26.5266 0.0000e+00
       1330     82.885     5.7974   3.305501    33.6810    26.5354 0.0000e+00
       1331     83.524     5.8562   3.311651    33.6914    26.5365 0.0000e+00
       1332     84.163     5.9329   3.319986    33.7087    26.5406 0.0000e+00
       1333     84.795     6.0424   3.332428    33.7393    26.5511 0.0000e+00
       1334     85.416     6.1695   3.346474    33.7701    26.5594 0.0000e+00
       1335     86.027     6.2782   3.357849    33.7890    26.5604 0.0000e+00
       1336     86.635     6.3458   3.364271    33.7932    26.5551 0.0000e+00
       1337     87.247     6.3796   3.367328    33.7935    26.5509 0.0000e+00
       1338     87.864     6.3967   3.368980    33.7946    26.5496 0.0000e+00
       1339     88.486     6.4095   3.370207    33.7953    26.5484 0.0000e+00
       1340     89.112     6.4283   3.372725    33.8043    26.5532 0.0000e+00
       1341     89.742     6.4612   3.377017    33.8192    26.5606 0.0000e+00
       1342     90.377     6.5123   3.383530    33.8406    26.5708 0.0000e+00
       1343     91.019     6.5640   3.390436    33.8657    26.5838 0.0000e+00
       1344     91.663     6.5901   3.393845    33.8773    26.5895 0.0000e+00
       1345     92.300     6.5874   3.393896    33.8802    26.5922 0.0000e+00
       1346     92.925     6.5723   3.392746    33.8821    26.5957 0.0000e+00
       1347     93.539     6.5597   3.391932    33.8853    26.5998 0.0000e+00
       1348     94.148     6.5403   3.390523    33.8886    26.6050 0.0000e+00
       1349     94.756     6.4905   3.385276    33.8794    26.6043 0.0000e+00
       1350     95.365     6.4325   3.379078    33.8678    26.6026 0.0000e+00
       1351     95.980     6.4253   3.380514    33.8906    26.6216 0.0000e+00
       1352     96.607     6.4718   3.388417    33.9320    26.6482 0.0000e+00
       1353     97.244     6.5224   3.394294    33.9467    26.6531 0.0000e+00
       1354     97.888     6.5662   3.398983    33.9549    26.6539 0.0000e+00
       1355     98.530     6.6206   3.406085    33.9793    26.6659 0.0000e+00
       1356     99.164     6.6730   3.412223    33.9949    26.6712 0.0000e+00
       1357     99.792     6.7108   3.416028    33.9992    26.6695 0.0000e+00
       1358    100.412     6.7478   3.420364    34.0101    26.6732 0.0000e+00
       1359    101.023     6.7913   3.425760    34.0262    26.6800 0.0000e+00
       1360    101.630     6.8354   3.431068    34.0407    26.6855 0.0000e+00
       1361    102.245     6.8776   3.435910    34.0519    26.6886 0.0000e+00
       1362    102.872     6.9182   3.440730    34.0645    26.6930 0.0000e+00
       1363    103.509     6.9538   3.445137    34.0773    26.6983 0.0000e+00
       1364    104.152     6.9804   3.448080    34.0830    26.6991 0.0000e+00
       1365    104.796     7.0097   3.451357    34.0897    26.7003 0.0000e+00
       1366    105.438     7.0633   3.458295    34.1124    26.7108 0.0000e+00
       1367    106.075     7.1395   3.468158    34.1447    26.7257 0.0000e+00
       1368    106.706     7.2187   3.477276    34.1657    26.7312 0.0000e+00
       1369    107.331     7.2977   3.486096    34.1836    26.7342 0.0000e+00
       1370    107.953     7.3750   3.495452    34.2088    26.7431 0.0000e+00
       1371    108.579     7.4307   3.501852    34.2231    26.7465 0.0000e+00
       1372    109.211     7.4565   3.504328    34.2242    26.7437 0.0000e+00
       1373    109.850     7.4662   3.505230    34.2241    26.7422 0.0000e+00
       1374    110.491     7.4729   3.505994    34.2255    26.7423 0.0000e+00
       1375    111.133     7.4810   3.507025    34.2284    26.7434 0.0000e+00
       1376    111.780     7.4922   3.508457    34.2325    26.7451 0.0000e+00
       1377    112.430     7.5069   3.510375    34.2385    26.7477 0.0000e+00
       1378    113.080     7.5214   3.512224    34.2440    26.7499 0.0000e+00
       1379    113.724     7.5319   3.513306    34.2450    26.7493 0.0000e+00
       1380    114.359     7.5401   3.514089    34.2451    26.7482 0.0000e+00
       1381    114.985     7.5482   3.515079    34.2476    26.7489 0.0000e+00
       1382    115.608     7.5549   3.515888    34.2494    26.7494 0.0000e+00
       1383    116.236     7.5591   3.516322    34.2497    26.7490 0.0000e+00
       1384    116.871     7.5619   3.516657    34.2502    26.7490 0.0000e+00
       1385    117.509     7.5656   3.517189    34.2520    26.7499 0.0000e+00
       1386    118.150     7.5720   3.517983    34.2540    26.7506 0.0000e+00
       1387    118.798     7.5820   3.519169    34.2567    26.7512 0.0000e+00
       1388    119.453     7.5945   3.520746    34.2611    26.7529 0.0000e+00
       1389    120.111     7.6088   3.522407    34.2647    26.7536 0.0000e+00
       1390    120.765     7.6325   3.525314    34.2725    26.7563 0.0000e+00
       1391    121.406     7.6720   3.530425    34.2885    26.7632 0.0000e+00
       1392    122.032     7.7128   3.535329    34.3009    26.7671 0.0000e+00
       1393    122.649     7.7383   3.537954    34.3039    26.7656 0.0000e+00
       1394    123.265     7.7520   3.539340    34.3050    26.7646 0.0000e+00
       1395    123.882     7.7629   3.540634    34.3079    26.7653 0.0000e+00
       1396    124.503     7.7728   3.541832    34.3108    26.7661 0.0000e+00
       1397    125.130     7.7832   3.543104    34.3140    26.7670 0.0000e+00
       1398    125.765     7.7955   3.544666    34.3184    26.7687 0.0000e+00
       1399    126.405     7.8089   3.546273    34.3222    26.7697 0.0000e+00
       1400    127.048     7.8247   3.548097    34.3260    26.7704 0.0000e+00
       1401    127.691     7.8432   3.550424    34.3325    26.7728 0.0000e+00
       1402    128.331     7.8607   3.552573    34.3381    26.7746 0.0000e+00
       1403    128.959     7.8735   3.553962    34.3402    26.7743 0.0000e+00
       1404    129.573     7.8840   3.555121    34.3420    26.7742 0.0000e+00
       1405    130.184     7.8971   3.556721    34.3460    26.7755 0.0000e+00
       1406    130.800     7.9150   3.558978    34.3524    26.7778 0.0000e+00
       1407    131.424     7.9404   3.562179    34.3615    26.7812 0.0000e+00
       1408    132.056     7.9788   3.566730    34.3723    26.7840 0.0000e+00
       1409    132.694     8.0328   3.573023    34.3864    26.7870 0.0000e+00
       1410    133.333     8.0992   3.581244    34.4088    26.7947 0.0000e+00
       1411    133.966     8.1771   3.590836    34.4345    26.8032 0.0000e+00
       1412    134.586     8.2635   3.601209    34.4601    26.8101 0.0000e+00
       1413    135.200     8.3452   3.611289    34.4870    26.8188 0.0000e+00
       1414    135.819     8.4052   3.618423    34.5037    26.8227 0.0000e+00
       1415    136.449     8.4416   3.622087    34.5066    26.8194 0.0000e+00
       1416    137.080     8.4742   3.625729    34.5130    26.8194 0.0000e+00
       1417    137.698     8.5269   3.632169    34.5294    26.8241 0.0000e+00
       1418    138.307     8.6053   3.642134    34.5578    26.8342 0.0000e+00
       1419    138.918     8.6871   3.652632    34.5883    26.8453 0.0000e+00
       1420    139.534     8.7459   3.659157    34.5994    26.8447 0.0000e+00
       1421    140.150     8.7858   3.662953    34.6001    26.8390 0.0000e+00
       1422    140.768     8.8314   3.668619    34.6148    26.8434 0.0000e+00
       1423    141.392     8.8838   3.676048    34.6414    26.8559 0.0000e+00
       1424    142.026     8.9212   3.680619    34.6526    26.8587 0.0000e+00
       1425    142.661     8.9376   3.682024    34.6510    26.8549 0.0000e+00
       1426    143.288     8.9515   3.683676    34.6545    26.8554 0.0000e+00
       1427    143.906     8.9798   3.687550    34.6672    26.8608 0.0000e+00
       1428    144.521     9.0126   3.692363    34.6853    26.8697 0.0000e+00
       1429    145.139     9.0211   3.693635    34.6901    26.8721 0.0000e+00
       1430    145.765     8.9975   3.690688    34.6819    26.8695 0.0000e+00
       1431    146.395     8.9646   3.687414    34.6794    26.8728 0.0000e+00
       1432    147.023     8.9415   3.685317    34.6797    26.8767 0.0000e+00
       1433    147.649     8.9294   3.684146    34.6789    26.8780 0.0000e+00
       1434    148.280     8.9229   3.683716    34.6805    26.8803 0.0000e+00
       1435    148.915     8.9160   3.683056    34.6800    26.8810 0.0000e+00
