Datasets/Test_Dataset_39219_tow/tel219_2021_058.cnv
* Sea-Bird SBE19plus Data File:
* Filename = C:/AQUIRE/tel219_2021_058.hex
* Software Version AquireV2 AF V2.0
* Temperature SN =  4020
* Conductivity SN =  4020
* System UpLoad Time = May 14 2021 05:40:44
** VESSEL/TRIP/SEQ STN: tel219_2021_058
** LATITUDE: 45 07.69 N
** LONGITUDE: 54 53.00 W
** DATE/TIME: 2021-05-14 05:01
** SOUNDING DEPTH (M): 0100
** PROBE TYPE: S4020
** CTD NUMBER:  58
** FORMAT: T
** COMMENTS: 
# nquan = 7                                 
# nvalues = 2448                        
# units = specified
# name 0 = scan: Scan Count
# name 1 = prdM: Pressure, Strain Gauge [db]
# name 2 = tv290C: Temperature [ITS-90, deg C]
# name 3 = c0S/m: Conductivity [S/m]
# name 4 = sal00: Salinity, Practical [PSU]
# name 5 = sigma-t00: Density [sigma-t, kg/m^3 ]
# name 6 = flag: flag
# span 0 =          1,       2448       
# span 1 =     -0.093,     98.827       
# span 2 =     0.4461,     4.2797       
# span 3 =   0.014356,   3.062412       
# span 4 =     0.1120,    32.8926       
# span 5 =     0.0653,    26.3796       
# span 6 = 0.0000e+00, 0.0000e+00       
# interval = seconds: 1
# start_time = May 14 2021 05:01:24 [Instrument's time stamp, header]
# bad_flag = -9.990e-29
*END*
          1     -0.082     4.1567   0.029039     0.2303     0.1604 0.0000e+00
          2     -0.084     4.1567   0.029194     0.2315     0.1614 0.0000e+00
          3     -0.084     4.1567   0.029310     0.2325     0.1622 0.0000e+00
          4     -0.084     4.1569   0.029298     0.2324     0.1621 0.0000e+00
          5     -0.081     4.1570   0.029241     0.2319     0.1617 0.0000e+00
          6     -0.078     4.1572   0.029255     0.2320     0.1618 0.0000e+00
          7     -0.079     4.1574   0.029359     0.2329     0.1625 0.0000e+00
          8     -0.081     4.1575   0.029494     0.2340     0.1634 0.0000e+00
          9     -0.079     4.1577   0.029616     0.2350     0.1642 0.0000e+00
         10     -0.075     4.1579   0.029713     0.2358     0.1648 0.0000e+00
         11     -0.075     4.1581   0.029777     0.2363     0.1653 0.0000e+00
         12     -0.075     4.1583   0.029808     0.2366     0.1655 0.0000e+00
         13     -0.074     4.1585   0.029795     0.2365     0.1654 0.0000e+00
         14     -0.074     4.1586   0.029761     0.2362     0.1651 0.0000e+00
         15     -0.074     4.1587   0.029774     0.2363     0.1652 0.0000e+00
         16     -0.075     4.1591   0.029845     0.2369     0.1657 0.0000e+00
         17     -0.076     4.1593   0.029937     0.2376     0.1663 0.0000e+00
         18     -0.074     4.1594   0.030010     0.2382     0.1668 0.0000e+00
         19     -0.073     4.1597   0.029979     0.2380     0.1666 0.0000e+00
         20     -0.076     4.1601   0.029839     0.2368     0.1657 0.0000e+00
         21     -0.078     4.1606   0.029706     0.2357     0.1648 0.0000e+00
         22     -0.077     4.1613   0.029657     0.2353     0.1644 0.0000e+00
         23     -0.075     4.1620   0.029688     0.2356     0.1646 0.0000e+00
         24     -0.075     4.1627   0.029676     0.2355     0.1645 0.0000e+00
         25     -0.078     4.1639   0.029454     0.2336     0.1631 0.0000e+00
         26     -0.080     4.1658   0.029030     0.2301     0.1602 0.0000e+00
         27     -0.079     4.1682   0.028559     0.2262     0.1571 0.0000e+00
         28     -0.080     4.1704   0.028137     0.2228     0.1543 0.0000e+00
         29     -0.085     4.1719   0.027823     0.2202     0.1522 0.0000e+00
         30     -0.085     4.1727   0.027635     0.2186     0.1510 0.0000e+00
         31     -0.081     4.1732   0.027487     0.2174     0.1500 0.0000e+00
         32     -0.078     4.1737   0.027271     0.2156     0.1485 0.0000e+00
         33     -0.075     4.1744   0.026982     0.2133     0.1466 0.0000e+00
         34     -0.072     4.1752   0.026732     0.2112     0.1450 0.0000e+00
         35     -0.072     4.1759   0.026625     0.2103     0.1443 0.0000e+00
         36     -0.072     4.1762   0.026696     0.2109     0.1447 0.0000e+00
         37     -0.071     4.1761   0.026799     0.2118     0.1454 0.0000e+00
         38     -0.073     4.1763   0.026659     0.2106     0.1445 0.0000e+00
         39     -0.076     4.1769   0.026276     0.2075     0.1419 0.0000e+00
         40     -0.077     4.1775   0.025925     0.2046     0.1396 0.0000e+00
         41     -0.075     4.1779   0.025768     0.2033     0.1386 0.0000e+00
         42     -0.074     4.1779   0.025806     0.2036     0.1388 0.0000e+00
         43     -0.075     4.1777   0.025939     0.2047     0.1397 0.0000e+00
         44     -0.077     4.1775   0.025930     0.2046     0.1397 0.0000e+00
         45     -0.080     4.1775   0.025705     0.2028     0.1382 0.0000e+00
         46     -0.082     4.1776   0.025494     0.2011     0.1368 0.0000e+00
         47     -0.082     4.1779   0.025438     0.2006     0.1364 0.0000e+00
         48     -0.083     4.1781   0.025522     0.2013     0.1370 0.0000e+00
         49     -0.085     4.1780   0.025714     0.2029     0.1382 0.0000e+00
         50     -0.082     4.1777   0.025866     0.2041     0.1392 0.0000e+00
         51     -0.077     4.1776   0.025837     0.2039     0.1390 0.0000e+00
         52     -0.075     4.1778   0.025708     0.2028     0.1382 0.0000e+00
         53     -0.075     4.1779   0.025653     0.2024     0.1378 0.0000e+00
         54     -0.076     4.1777   0.025730     0.2030     0.1383 0.0000e+00
         55     -0.076     4.1777   0.025911     0.2045     0.1395 0.0000e+00
         56     -0.073     4.1779   0.026157     0.2065     0.1412 0.0000e+00
         57     -0.073     4.1780   0.026383     0.2083     0.1426 0.0000e+00
         58     -0.074     4.1779   0.026496     0.2093     0.1434 0.0000e+00
         59     -0.075     4.1777   0.026580     0.2100     0.1439 0.0000e+00
         60     -0.076     4.1776   0.026760     0.2114     0.1451 0.0000e+00
         61     -0.076     4.1774   0.027016     0.2135     0.1468 0.0000e+00
         62     -0.077     4.1772   0.027174     0.2148     0.1479 0.0000e+00
         63     -0.080     4.1772   0.027180     0.2149     0.1479 0.0000e+00
         64     -0.080     4.1772   0.027219     0.2152     0.1482 0.0000e+00
         65     -0.078     4.1772   0.027385     0.2166     0.1493 0.0000e+00
         66     -0.079     4.1770   0.027670     0.2189     0.1511 0.0000e+00
         67     -0.079     4.1769   0.027995     0.2216     0.1533 0.0000e+00
         68     -0.076     4.1769   0.028135     0.2227     0.1542 0.0000e+00
         69     -0.073     4.1769   0.028090     0.2223     0.1539 0.0000e+00
         70     -0.072     4.1769   0.028106     0.2225     0.1540 0.0000e+00
         71     -0.071     4.1769   0.028290     0.2240     0.1552 0.0000e+00
         72     -0.071     4.1769   0.028517     0.2258     0.1567 0.0000e+00
         73     -0.071     4.1769   0.028526     0.2259     0.1568 0.0000e+00
         74     -0.072     4.1770   0.028372     0.2247     0.1558 0.0000e+00
         75     -0.075     4.1772   0.028445     0.2253     0.1563 0.0000e+00
         76     -0.076     4.1775   0.028790     0.2281     0.1585 0.0000e+00
         77     -0.076     4.1776   0.029158     0.2311     0.1610 0.0000e+00
         78     -0.077     4.1778   0.029461     0.2336     0.1630 0.0000e+00
         79     -0.078     4.1780   0.029565     0.2345     0.1637 0.0000e+00
         80     -0.077     4.1780   0.029467     0.2336     0.1630 0.0000e+00
         81     -0.077     4.1779   0.029443     0.2335     0.1629 0.0000e+00
         82     -0.078     4.1777   0.029558     0.2344     0.1636 0.0000e+00
         83     -0.076     4.1776   0.029766     0.2361     0.1650 0.0000e+00
         84     -0.072     4.1775   0.029955     0.2377     0.1663 0.0000e+00
         85     -0.071     4.1773   0.029928     0.2374     0.1661 0.0000e+00
         86     -0.074     4.1772   0.029760     0.2361     0.1650 0.0000e+00
         87     -0.077     4.1775   0.029638     0.2351     0.1642 0.0000e+00
         88     -0.079     4.1778   0.029622     0.2349     0.1640 0.0000e+00
         89     -0.082     4.1783   0.029661     0.2352     0.1643 0.0000e+00
         90     -0.083     4.1787   0.029577     0.2345     0.1637 0.0000e+00
         91     -0.081     4.1790   0.029315     0.2324     0.1620 0.0000e+00
         92     -0.077     4.1791   0.029070     0.2304     0.1604 0.0000e+00
         93     -0.076     4.1792   0.028987     0.2297     0.1598 0.0000e+00
         94     -0.078     4.1792   0.029035     0.2301     0.1601 0.0000e+00
         95     -0.077     4.1794   0.028994     0.2297     0.1599 0.0000e+00
         96     -0.076     4.1797   0.028733     0.2276     0.1581 0.0000e+00
         97     -0.078     4.1797   0.028499     0.2257     0.1566 0.0000e+00
         98     -0.079     4.1798   0.028472     0.2255     0.1564 0.0000e+00
         99     -0.079     4.1799   0.028532     0.2259     0.1568 0.0000e+00
        100     -0.080     4.1801   0.028566     0.2262     0.1570 0.0000e+00
        101     -0.079     4.1803   0.028442     0.2252     0.1562 0.0000e+00
        102     -0.078     4.1801   0.028059     0.2221     0.1537 0.0000e+00
        103     -0.078     4.1797   0.027595     0.2183     0.1506 0.0000e+00
        104     -0.078     4.1793   0.027333     0.2161     0.1489 0.0000e+00
        105     -0.075     4.1793   0.027276     0.2156     0.1485 0.0000e+00
        106     -0.072     4.1795   0.027250     0.2154     0.1483 0.0000e+00
        107     -0.075     4.1795   0.027168     0.2148     0.1478 0.0000e+00
        108     -0.081     4.1797   0.027051     0.2138     0.1470 0.0000e+00
        109     -0.084     4.1799   0.026933     0.2128     0.1463 0.0000e+00
        110     -0.085     4.1800   0.026822     0.2119     0.1455 0.0000e+00
        111     -0.085     4.1801   0.026718     0.2111     0.1448 0.0000e+00
        112     -0.084     4.1802   0.026607     0.2102     0.1441 0.0000e+00
        113     -0.082     4.1802   0.026477     0.2091     0.1432 0.0000e+00
        114     -0.080     4.1800   0.026360     0.2081     0.1425 0.0000e+00
        115     -0.079     4.1799   0.026312     0.2077     0.1422 0.0000e+00
        116     -0.081     4.1799   0.026340     0.2080     0.1423 0.0000e+00
        117     -0.082     4.1799   0.026317     0.2078     0.1422 0.0000e+00
        118     -0.083     4.1799   0.026134     0.2063     0.1410 0.0000e+00
        119     -0.085     4.1799   0.025921     0.2045     0.1396 0.0000e+00
        120     -0.086     4.1798   0.025860     0.2040     0.1392 0.0000e+00
        121     -0.086     4.1796   0.025953     0.2048     0.1398 0.0000e+00
        122     -0.083     4.1794   0.026105     0.2061     0.1408 0.0000e+00
        123     -0.079     4.1792   0.026185     0.2067     0.1413 0.0000e+00
        124     -0.077     4.1791   0.026109     0.2061     0.1408 0.0000e+00
        125     -0.080     4.1790   0.025944     0.2047     0.1397 0.0000e+00
        126     -0.084     4.1788   0.025833     0.2038     0.1390 0.0000e+00
        127     -0.085     4.1786   0.025808     0.2036     0.1388 0.0000e+00
        128     -0.080     4.1784   0.025784     0.2034     0.1387 0.0000e+00
        129     -0.076     4.1781   0.025696     0.2027     0.1381 0.0000e+00
        130     -0.078     4.1780   0.025595     0.2019     0.1375 0.0000e+00
        131     -0.081     4.1778   0.025574     0.2017     0.1373 0.0000e+00
        132     -0.081     4.1776   0.025663     0.2025     0.1379 0.0000e+00
        133     -0.082     4.1775   0.025818     0.2037     0.1389 0.0000e+00
        134     -0.086     4.1773   0.025919     0.2045     0.1396 0.0000e+00
        135     -0.087     4.1772   0.025815     0.2037     0.1389 0.0000e+00
        136     -0.085     4.1770   0.025584     0.2018     0.1374 0.0000e+00
        137     -0.082     4.1768   0.025509     0.2012     0.1369 0.0000e+00
        138     -0.081     4.1766   0.025646     0.2023     0.1378 0.0000e+00
        139     -0.082     4.1765   0.025810     0.2037     0.1389 0.0000e+00
        140     -0.081     4.1765   0.025885     0.2043     0.1394 0.0000e+00
        141     -0.077     4.1764   0.025820     0.2037     0.1389 0.0000e+00
        142     -0.075     4.1762   0.025629     0.2022     0.1377 0.0000e+00
        143     -0.077     4.1761   0.025471     0.2009     0.1367 0.0000e+00
        144     -0.079     4.1761   0.025440     0.2006     0.1364 0.0000e+00
        145     -0.079     4.1761   0.025486     0.2010     0.1368 0.0000e+00
        146     -0.079     4.1760   0.025540     0.2015     0.1371 0.0000e+00
        147     -0.081     4.1758   0.025564     0.2017     0.1373 0.0000e+00
        148     -0.083     4.1755   0.025562     0.2016     0.1373 0.0000e+00
        149     -0.082     4.1753   0.025571     0.2017     0.1373 0.0000e+00
        150     -0.081     4.1750   0.025581     0.2018     0.1374 0.0000e+00
        151     -0.084     4.1747   0.025554     0.2016     0.1372 0.0000e+00
        152     -0.086     4.1746   0.025480     0.2010     0.1367 0.0000e+00
        153     -0.086     4.1744   0.025417     0.2005     0.1363 0.0000e+00
        154     -0.086     4.1742   0.025427     0.2005     0.1364 0.0000e+00
        155     -0.086     4.1742   0.025467     0.2009     0.1366 0.0000e+00
        156     -0.084     4.1739   0.025428     0.2006     0.1364 0.0000e+00
        157     -0.083     4.1734   0.025268     0.1992     0.1353 0.0000e+00
        158     -0.085     4.1722   0.025024     0.1973     0.1337 0.0000e+00
        159     -0.087     4.1711   0.024801     0.1954     0.1323 0.0000e+00
        160     -0.087     4.1705   0.024692     0.1946     0.1316 0.0000e+00
        161     -0.085     4.1702   0.024648     0.1942     0.1313 0.0000e+00
        162     -0.082     4.1700   0.024577     0.1936     0.1308 0.0000e+00
        163     -0.077     4.1699   0.024517     0.1931     0.1304 0.0000e+00
        164     -0.074     4.1696   0.024526     0.1932     0.1305 0.0000e+00
        165     -0.074     4.1696   0.024571     0.1936     0.1308 0.0000e+00
        166     -0.076     4.1696   0.024580     0.1936     0.1308 0.0000e+00
        167     -0.077     4.1696   0.024520     0.1932     0.1304 0.0000e+00
        168     -0.078     4.1694   0.024423     0.1924     0.1298 0.0000e+00
        169     -0.079     4.1691   0.024358     0.1918     0.1294 0.0000e+00
        170     -0.078     4.1687   0.024344     0.1917     0.1293 0.0000e+00
        171     -0.076     4.1686   0.024347     0.1918     0.1293 0.0000e+00
        172     -0.074     4.1686   0.024303     0.1914     0.1290 0.0000e+00
        173     -0.075     4.1685   0.024218     0.1907     0.1285 0.0000e+00
        174     -0.079     4.1685   0.024182     0.1904     0.1282 0.0000e+00
        175     -0.081     4.1685   0.024228     0.1908     0.1285 0.0000e+00
        176     -0.079     4.1685   0.024301     0.1914     0.1290 0.0000e+00
        177     -0.080     4.1684   0.024337     0.1917     0.1293 0.0000e+00
        178     -0.083     4.1683   0.024330     0.1916     0.1292 0.0000e+00
        179     -0.084     4.1681   0.024316     0.1915     0.1291 0.0000e+00
        180     -0.083     4.1679   0.024303     0.1914     0.1290 0.0000e+00
        181     -0.082     4.1677   0.024272     0.1911     0.1288 0.0000e+00
        182     -0.081     4.1677   0.024212     0.1907     0.1284 0.0000e+00
        183     -0.079     4.1675   0.024147     0.1901     0.1280 0.0000e+00
        184     -0.077     4.1672   0.024155     0.1902     0.1281 0.0000e+00
        185     -0.076     4.1669   0.024249     0.1910     0.1287 0.0000e+00
        186     -0.076     4.1667   0.024359     0.1919     0.1294 0.0000e+00
        187     -0.077     4.1665   0.024429     0.1924     0.1299 0.0000e+00
        188     -0.079     4.1663   0.024446     0.1926     0.1300 0.0000e+00
        189     -0.081     4.1661   0.024464     0.1927     0.1301 0.0000e+00
        190     -0.081     4.1658   0.024544     0.1934     0.1306 0.0000e+00
        191     -0.081     4.1656   0.024658     0.1943     0.1314 0.0000e+00
        192     -0.080     4.1654   0.024772     0.1952     0.1321 0.0000e+00
        193     -0.076     4.1650   0.024908     0.1964     0.1330 0.0000e+00
        194     -0.071     4.1647   0.025076     0.1977     0.1341 0.0000e+00
        195     -0.070     4.1645   0.025223     0.1989     0.1351 0.0000e+00
        196     -0.073     4.1641   0.025320     0.1997     0.1358 0.0000e+00
        197     -0.076     4.1639   0.025437     0.2007     0.1365 0.0000e+00
        198     -0.080     4.1637   0.025602     0.2020     0.1376 0.0000e+00
        199     -0.082     4.1634   0.025779     0.2035     0.1388 0.0000e+00
        200     -0.081     4.1631   0.025963     0.2050     0.1400 0.0000e+00
        201     -0.080     4.1631   0.026166     0.2067     0.1413 0.0000e+00
        202     -0.082     4.1633   0.026378     0.2084     0.1427 0.0000e+00
        203     -0.083     4.1635   0.026585     0.2101     0.1441 0.0000e+00
        204     -0.083     4.1634   0.026799     0.2118     0.1455 0.0000e+00
        205     -0.085     4.1632   0.027070     0.2141     0.1473 0.0000e+00
