Datasets/Test_Dataset_39219_tow/tel219_2021_014.cnv
* Sea-Bird SBE19plus Data File:
* Filename = C:/AQUIRE/tel219_2021_014.hex
* Software Version AquireV2 AF V2.0
* Temperature SN =  4020
* Conductivity SN =  4020
* System UpLoad Time = May 07 2021 09:10:48
** VESSEL/TRIP/SEQ STN: tel219_2021_014
** LATITUDE: 46 16.39 N
** LONGITUDE: 56 35.40 W
** DATE/TIME: 2021-05-07 08:26
** SOUNDING DEPTH (M): 0055
** PROBE TYPE: S4020
** CTD NUMBER:  14
** FORMAT: T
** COMMENTS: 
# nquan = 7                                 
# nvalues = 2708                        
# units = specified
# name 0 = scan: Scan Count
# name 1 = prdM: Pressure, Strain Gauge [db]
# name 2 = tv290C: Temperature [ITS-90, deg C]
# name 3 = c0S/m: Conductivity [S/m]
# name 4 = sal00: Salinity, Practical [PSU]
# name 5 = sigma-t00: Density [sigma-t, kg/m^3 ]
# name 6 = flag: flag
# span 0 =          1,       2708       
# span 1 =     -0.234,     51.018       
# span 2 =     2.2531,     3.8942       
# span 3 =   0.003228,   2.940870       
# span 4 =     0.0241,    32.0712       
# span 5 =    -0.0058,    25.6051       
# span 6 = 0.0000e+00, 0.0000e+00       
# interval = seconds: 1
# start_time = May 07 2021 08:26:44 [Instrument's time stamp, header]
# bad_flag = -9.990e-29
*END*
[from data line 616]
        617     -0.208     3.8862   0.003456     0.0258    -0.0042 0.0000e+00
        618     -0.207     3.8864   0.003454     0.0258    -0.0042 0.0000e+00
        619     -0.209     3.8864   0.003448     0.0257    -0.0043 0.0000e+00
        620     -0.210     3.8862   0.003443     0.0257    -0.0043 0.0000e+00
        621     -0.211     3.8861   0.003444     0.0257    -0.0043 0.0000e+00
        622     -0.213     3.8863   0.003446     0.0257    -0.0043 0.0000e+00
        623     -0.213     3.8864   0.003446     0.0257    -0.0043 0.0000e+00
        624     -0.211     3.8864   0.003444     0.0257    -0.0043 0.0000e+00
        625     -0.209     3.8865   0.003443     0.0257    -0.0043 0.0000e+00
        626     -0.210     3.8867   0.003444     0.0257    -0.0043 0.0000e+00
        627     -0.212     3.8868   0.003445     0.0257    -0.0043 0.0000e+00
        628     -0.215     3.8868   0.003445     0.0257    -0.0043 0.0000e+00
        629     -0.219     3.8869   0.003443     0.0257    -0.0043 0.0000e+00
        630     -0.221     3.8869   0.003441     0.0257    -0.0043 0.0000e+00
        631     -0.219     3.8868   0.003443     0.0257    -0.0043 0.0000e+00
        632     -0.218     3.8868   0.003446     0.0257    -0.0043 0.0000e+00
        633     -0.217     3.8868   0.003447     0.0257    -0.0043 0.0000e+00
        634     -0.216     3.8870   0.003445     0.0257    -0.0043 0.0000e+00
        635     -0.216     3.8872   0.003443     0.0257    -0.0043 0.0000e+00
        636     -0.216     3.8874   0.003441     0.0257    -0.0043 0.0000e+00
        637     -0.218     3.8875   0.003444     0.0257    -0.0043 0.0000e+00
        638     -0.221     3.8875   0.003450     0.0258    -0.0043 0.0000e+00
        639     -0.220     3.8875   0.003457     0.0258    -0.0042 0.0000e+00
        640     -0.219     3.8876   0.003456     0.0258    -0.0042 0.0000e+00
        641     -0.220     3.8876   0.003449     0.0258    -0.0043 0.0000e+00
        642     -0.217     3.8876   0.003445     0.0257    -0.0043 0.0000e+00
        643     -0.213     3.8878   0.003448     0.0257    -0.0043 0.0000e+00
        644     -0.214     3.8878   0.003455     0.0258    -0.0042 0.0000e+00
        645     -0.215     3.8878   0.003457     0.0258    -0.0042 0.0000e+00
        646     -0.213     3.8879   0.003453     0.0258    -0.0043 0.0000e+00
        647     -0.212     3.8880   0.003447     0.0257    -0.0043 0.0000e+00
        648     -0.215     3.8881   0.003445     0.0257    -0.0043 0.0000e+00
        649     -0.220     3.8883   0.003447     0.0257    -0.0043 0.0000e+00
        650     -0.221     3.8883   0.003451     0.0258    -0.0043 0.0000e+00
        651     -0.216     3.8883   0.003449     0.0258    -0.0043 0.0000e+00
        652     -0.211     3.8884   0.003445     0.0257    -0.0043 0.0000e+00
        653     -0.211     3.8887   0.003442     0.0257    -0.0043 0.0000e+00
        654     -0.211     3.8887   0.003442     0.0257    -0.0043 0.0000e+00
        655     -0.209     3.8886   0.003443     0.0257    -0.0043 0.0000e+00
        656     -0.208     3.8885   0.003439     0.0257    -0.0043 0.0000e+00
        657     -0.209     3.8886   0.003437     0.0257    -0.0044 0.0000e+00
        658     -0.210     3.8887   0.003440     0.0257    -0.0043 0.0000e+00
        659     -0.212     3.8887   0.003439     0.0257    -0.0043 0.0000e+00
        660     -0.213     3.8887   0.003440     0.0257    -0.0043 0.0000e+00
        661     -0.214     3.8889   0.003439     0.0257    -0.0043 0.0000e+00
        662     -0.217     3.8892   0.003438     0.0257    -0.0043 0.0000e+00
        663     -0.218     3.8893   0.003438     0.0257    -0.0043 0.0000e+00
        664     -0.218     3.8893   0.003437     0.0257    -0.0043 0.0000e+00
        665     -0.220     3.8894   0.003439     0.0257    -0.0043 0.0000e+00
        666     -0.218     3.8895   0.003440     0.0257    -0.0043 0.0000e+00
        667     -0.213     3.8895   0.003437     0.0257    -0.0043 0.0000e+00
        668     -0.211     3.8895   0.003434     0.0256    -0.0044 0.0000e+00
        669     -0.212     3.8895   0.003434     0.0256    -0.0044 0.0000e+00
        670     -0.213     3.8894   0.003437     0.0257    -0.0043 0.0000e+00
        671     -0.213     3.8895   0.003439     0.0257    -0.0043 0.0000e+00
        672     -0.217     3.8895   0.003438     0.0257    -0.0043 0.0000e+00
        673     -0.222     3.8897   0.003439     0.0257    -0.0043 0.0000e+00
        674     -0.222     3.8899   0.003440     0.0257    -0.0043 0.0000e+00
        675     -0.219     3.8902   0.003440     0.0257    -0.0043 0.0000e+00
        676     -0.216     3.8901   0.003439     0.0257    -0.0043 0.0000e+00
        677     -0.214     3.8899   0.003441     0.0257    -0.0043 0.0000e+00
        678     -0.215     3.8900   0.003445     0.0257    -0.0043 0.0000e+00
        679     -0.218     3.8901   0.003448     0.0257    -0.0043 0.0000e+00
        680     -0.219     3.8900   0.003450     0.0258    -0.0043 0.0000e+00
        681     -0.218     3.8901   0.003447     0.0257    -0.0043 0.0000e+00
        682     -0.216     3.8903   0.003448     0.0257    -0.0043 0.0000e+00
        683     -0.216     3.8904   0.003456     0.0258    -0.0042 0.0000e+00
        684     -0.216     3.8906   0.003462     0.0259    -0.0042 0.0000e+00
        685     -0.216     3.8906   0.003463     0.0259    -0.0042 0.0000e+00
        686     -0.214     3.8907   0.003459     0.0258    -0.0042 0.0000e+00
        687     -0.214     3.8907   0.003453     0.0258    -0.0042 0.0000e+00
        688     -0.218     3.8907   0.003451     0.0258    -0.0043 0.0000e+00
        689     -0.223     3.8908   0.003452     0.0258    -0.0043 0.0000e+00
        690     -0.224     3.8911   0.003459     0.0258    -0.0042 0.0000e+00
        691     -0.222     3.8913   0.003461     0.0258    -0.0042 0.0000e+00
        692     -0.219     3.8914   0.003458     0.0258    -0.0042 0.0000e+00
        693     -0.215     3.8914   0.003455     0.0258    -0.0042 0.0000e+00
        694     -0.213     3.8914   0.003453     0.0258    -0.0042 0.0000e+00
        695     -0.215     3.8914   0.003448     0.0257    -0.0043 0.0000e+00
        696     -0.216     3.8914   0.003446     0.0257    -0.0043 0.0000e+00
        697     -0.216     3.8916   0.003446     0.0257    -0.0043 0.0000e+00
        698     -0.216     3.8918   0.003447     0.0257    -0.0043 0.0000e+00
        699     -0.215     3.8918   0.003446     0.0257    -0.0043 0.0000e+00
        700     -0.212     3.8920   0.003446     0.0257    -0.0043 0.0000e+00
        701     -0.209     3.8921   0.003443     0.0257    -0.0043 0.0000e+00
        702     -0.208     3.8920   0.003442     0.0257    -0.0043 0.0000e+00
        703     -0.210     3.8921   0.003445     0.0257    -0.0043 0.0000e+00
        704     -0.212     3.8923   0.003446     0.0257    -0.0043 0.0000e+00
        705     -0.213     3.8925   0.003445     0.0257    -0.0043 0.0000e+00
        706     -0.213     3.8925   0.003446     0.0257    -0.0043 0.0000e+00
        707     -0.214     3.8926   0.003449     0.0258    -0.0043 0.0000e+00
        708     -0.217     3.8926   0.003453     0.0258    -0.0042 0.0000e+00
        709     -0.220     3.8927   0.003453     0.0258    -0.0042 0.0000e+00
        710     -0.222     3.8929   0.003456     0.0258    -0.0042 0.0000e+00
        711     -0.224     3.8929   0.003492     0.0261    -0.0040 0.0000e+00
        712     -0.224     3.8931   0.003558     0.0266    -0.0036 0.0000e+00
        713     -0.222     3.8932   0.003591     0.0268    -0.0034 0.0000e+00
        714     -0.221     3.8932   0.003606     0.0269    -0.0033 0.0000e+00
        715     -0.221     3.8933   0.003651     0.0273    -0.0030 0.0000e+00
        716     -0.218     3.8935   0.003723     0.0278    -0.0026 0.0000e+00
        717     -0.214     3.8937   0.003779     0.0283    -0.0022 0.0000e+00
        718     -0.214     3.8939   0.003789     0.0283    -0.0022 0.0000e+00
        719     -0.217     3.8939   0.003787     0.0283    -0.0022 0.0000e+00
        720     -0.220     3.8939   0.003814     0.0285    -0.0020 0.0000e+00
        721     -0.225     3.8940   0.003984     0.0298    -0.0010 0.0000e+00
        722     -0.229     3.8941   0.006134     0.0465     0.0125 0.0000e+00
        723     -0.231     3.8941   0.021394     0.1690     0.1114 0.0000e+00
        724     -0.234     3.8942   0.046287     0.3767     0.2787 0.0000e+00
        725     -0.232     3.8903   0.057201     0.4697     0.3536 0.0000e+00
        726     -0.218     3.8401   0.055651     0.4571     0.3434 0.0000e+00
        727     -0.195     3.7093   0.052450     0.4314     0.3225 0.0000e+00
        728     -0.169     3.5696   0.121571     1.0431     0.8142 0.0000e+00
        729     -0.133     3.4822   0.912030     8.8953     7.0836 0.0000e+00
        730     -0.086     3.4091   2.281511    24.0957    19.1661 0.0000e+00
        731     -0.049     3.3291   2.933652    31.8432    25.3376 0.0000e+00
        732     -0.036     3.2677   2.898919    31.4870    25.0591 0.0000e+00
        733     -0.033     3.2381   2.829189    30.6807    24.4191 0.0000e+00
        734     -0.030     3.2256   2.827505    30.6724    24.4136 0.0000e+00
        735     -0.047     3.2144   2.879409    31.3049    24.9185 0.0000e+00
        736     -0.084     3.2054   2.722003    29.4324    23.4274 0.0000e+00
        737     -0.113     3.2037   2.120152    22.3800    17.8147 0.0000e+00
        738     -0.101     3.2110   1.721520    17.8314    14.1974 0.0000e+00
        739     -0.024     3.2268   2.080113    21.9031    17.4341 0.0000e+00
        740      0.097     3.2390   2.568947    27.5887    21.9567 0.0000e+00
        741      0.193     3.2319   2.831756    30.7172    24.4487 0.0000e+00
        742      0.227     3.2191   2.938793    32.0135    25.4828 0.0000e+00
        743      0.249     3.2253   2.939066    32.0106    25.4800 0.0000e+00
        744      0.314     3.2397   2.939417    32.0005    25.4707 0.0000e+00
        745      0.409     3.2385   2.939986    32.0085    25.4772 0.0000e+00
        746      0.504     3.2240   2.940374    32.0275    25.4936 0.0000e+00
        747      0.580     3.2111   2.940194    32.0381    25.5031 0.0000e+00
        748      0.616     3.2062   2.940497    32.0465    25.5103 0.0000e+00
        749      0.621     3.2049   2.940870    32.0523    25.5151 0.0000e+00
        750      0.622     3.2031   2.940050    32.0442    25.5088 0.0000e+00
        751      0.620     3.2039   2.939810    32.0406    25.5058 0.0000e+00
        752      0.604     3.2081   2.940145    32.0404    25.5053 0.0000e+00
        753      0.560     3.2126   2.939652    32.0301    25.4966 0.0000e+00
        754      0.509     3.2188   2.939894    32.0268    25.4935 0.0000e+00
        755      0.491     3.2260   2.940351    32.0252    25.4916 0.0000e+00
        756      0.528     3.2296   2.940070    32.0182    25.4857 0.0000e+00
        757      0.603     3.2268   2.939444    32.0135    25.4822 0.0000e+00
        758      0.665     3.2177   2.938595    32.0122    25.4820 0.0000e+00
        759      0.677     3.2073   2.937686    32.0116    25.4824 0.0000e+00
        760      0.625     3.1994   2.935838    31.9972    25.4716 0.0000e+00
        761      0.533     3.1951   2.928105    31.9085    25.4012 0.0000e+00
        762      0.470     3.1942   2.920567    31.8187    25.3298 0.0000e+00
        763      0.452     3.1938   2.925627    31.8800    25.3786 0.0000e+00
        764      0.432     3.1933   2.933676    31.9773    25.4563 0.0000e+00
        765      0.415     3.1951   2.935790    32.0010    25.4750 0.0000e+00
        766      0.453     3.1985   2.936261    32.0033    25.4765 0.0000e+00
        767      0.528     3.1994   2.936485    32.0050    25.4778 0.0000e+00
        768      0.581     3.1971   2.936263    32.0046    25.4777 0.0000e+00
        769      0.600     3.1943   2.935853    32.0025    25.4762 0.0000e+00
        770      0.597     3.1925   2.935629    32.0015    25.4757 0.0000e+00
        771      0.552     3.1919   2.935433    31.9998    25.4743 0.0000e+00
        772      0.424     3.1916   2.935258    31.9981    25.4730 0.0000e+00
        773      0.258     3.1926   2.935421    31.9991    25.4737 0.0000e+00
        774      0.151     3.1954   2.935862    32.0017    25.4755 0.0000e+00
        775      0.123     3.1991   2.936236    32.0026    25.4759 0.0000e+00
        776      0.134     3.2027   2.936395    32.0009    25.4743 0.0000e+00
        777      0.175     3.2052   2.936376    31.9982    25.4719 0.0000e+00
        778      0.245     3.2055   2.936297    31.9969    25.4708 0.0000e+00
        779      0.316     3.2023   2.936014    31.9966    25.4709 0.0000e+00
        780      0.390     3.1977   2.935518    31.9952    25.4701 0.0000e+00
        781      0.476     3.1944   2.935253    31.9952    25.4704 0.0000e+00
        782      0.591     3.1933   2.935242    31.9961    25.4712 0.0000e+00
        783      0.760     3.1938   2.935380    31.9972    25.4721 0.0000e+00
        784      0.906     3.1951   2.935669    31.9993    25.4736 0.0000e+00
        785      0.935     3.1960   2.935703    31.9988    25.4732 0.0000e+00
        786      0.899     3.1957   2.935437    31.9959    25.4709 0.0000e+00
        787      0.899     3.1952   2.935345    31.9953    25.4704 0.0000e+00
        788      0.917     3.1955   2.935464    31.9964    25.4713 0.0000e+00
        789      0.908     3.1972   2.935594    31.9963    25.4711 0.0000e+00
        790      0.896     3.1991   2.935658    31.9952    25.4700 0.0000e+00
        791      0.894     3.1997   2.935655    31.9946    25.4695 0.0000e+00
        792      0.873     3.1989   2.935699    31.9959    25.4706 0.0000e+00
        793      0.774     3.1978   2.935709    31.9972    25.4717 0.0000e+00
        794      0.597     3.1970   2.935595    31.9967    25.4714 0.0000e+00
        795      0.441     3.1974   2.935554    31.9959    25.4707 0.0000e+00
        796      0.397     3.1984   2.935628    31.9958    25.4706 0.0000e+00
        797      0.458     3.1987   2.935679    31.9961    25.4708 0.0000e+00
        798      0.573     3.1991   2.935711    31.9960    25.4707 0.0000e+00
        799      0.732     3.2005   2.935717    31.9946    25.4694 0.0000e+00
        800      0.941     3.2012   2.935679    31.9933    25.4684 0.0000e+00
        801      1.192     3.2005   2.935692    31.9941    25.4690 0.0000e+00
        802      1.501     3.1991   2.935677    31.9951    25.4700 0.0000e+00
        803      1.858     3.1971   2.935536    31.9952    25.4702 0.0000e+00
        804      2.181     3.1954   2.935402    31.9951    25.4703 0.0000e+00
        805      2.414     3.1946   2.935359    31.9953    25.4705 0.0000e+00
        806      2.575     3.1947   2.935409    31.9957    25.4708 0.0000e+00
        807      2.699     3.1951   2.935489    31.9962    25.4712 0.0000e+00
        808      2.803     3.1955   2.935512    31.9960    25.4710 0.0000e+00
        809      2.880     3.1958   2.935501    31.9955    25.4706 0.0000e+00
        810      2.912     3.1961   2.935529    31.9956    25.4706 0.0000e+00
        811      2.889     3.1967   2.935606    31.9959    25.4708 0.0000e+00
        812      2.813     3.1973   2.935682    31.9963    25.4710 0.0000e+00
        813      2.712     3.1977   2.935722    31.9964    25.4711 0.0000e+00
        814      2.667     3.1974   2.935658    31.9960    25.4708 0.0000e+00
        815      2.764     3.1966   2.935509    31.9949    25.4700 0.0000e+00
        816      2.962     3.1955   2.935418    31.9948    25.4700 0.0000e+00
        817      3.133     3.1950   2.935416    31.9952    25.4704 0.0000e+00
        818      3.228     3.1949   2.935442    31.9955    25.4707 0.0000e+00
        819      3.280     3.1950   2.935438    31.9954    25.4705 0.0000e+00
        820      3.295     3.1948   2.935402    31.9951    25.4703 0.0000e+00
