Datasets/Test_Dataset_39219_tow/tel219_2021_027.cnv
* Sea-Bird SBE19plus Data File:
* Filename = C:/AQUIRE/tel219_2021_027.hex
* Software Version AquireV2 AF V2.0
* Temperature SN =  4020
* Conductivity SN =  4020
* System UpLoad Time = May 08 2021 21:59:41
** VESSEL/TRIP/SEQ STN: tel219_2021_027
** LATITUDE: 46 02.70 N
** LONGITUDE: 56 54.74 W
** DATE/TIME: 2021-05-08 18:26
** SOUNDING DEPTH (M): 0067
** PROBE TYPE: S4020
** CTD NUMBER: 027
** FORMAT: T
** COMMENTS: 
# nquan = 7                                 
# nvalues = 12742                       
# units = specified
# name 0 = scan: Scan Count
# name 1 = prdM: Pressure, Strain Gauge [db]
# name 2 = tv290C: Temperature [ITS-90, deg C]
# name 3 = c0S/m: Conductivity [S/m]
# name 4 = sal00: Salinity, Practical [PSU]
# name 5 = sigma-t00: Density [sigma-t, kg/m^3 ]
# name 6 = flag: flag
# span 0 =          1,      12742       
# span 1 =     -0.299,     62.698       
# span 2 =     2.7885,     3.8600       
# span 3 =   0.005664,   2.988238       
# span 4 =     0.0430,    32.3548       
# span 5 =     0.0092,    25.7672       
# span 6 = 0.0000e+00, 0.0000e+00       
# interval = seconds: 1
# start_time = May 08 2021 18:26:55 [Instrument's time stamp, header]
# bad_flag = -9.990e-29
*END*
[from data line 11283]
      11284     -0.290     3.7757   0.006226     0.0473     0.0129 0.0000e+00
      11285     -0.294     3.7756   0.006231     0.0474     0.0129 0.0000e+00
      11286     -0.297     3.7756   0.006210     0.0472     0.0128 0.0000e+00
      11287     -0.295     3.7756   0.006189     0.0470     0.0127 0.0000e+00
      11288     -0.292     3.7755   0.006186     0.0470     0.0126 0.0000e+00
      11289     -0.288     3.7754   0.006199     0.0471     0.0127 0.0000e+00
      11290     -0.287     3.7754   0.006197     0.0471     0.0127 0.0000e+00
      11291     -0.288     3.7754   0.006177     0.0469     0.0126 0.0000e+00
      11292     -0.289     3.7752   0.006166     0.0468     0.0125 0.0000e+00
      11293     -0.287     3.7749   0.006185     0.0470     0.0126 0.0000e+00
      11294     -0.286     3.7748   0.006207     0.0472     0.0128 0.0000e+00
      11295     -0.286     3.7748   0.006208     0.0472     0.0128 0.0000e+00
      11296     -0.288     3.7746   0.006195     0.0471     0.0127 0.0000e+00
      11297     -0.289     3.7741   0.006191     0.0470     0.0127 0.0000e+00
      11298     -0.287     3.7738   0.006203     0.0471     0.0128 0.0000e+00
      11299     -0.287     3.7738   0.006213     0.0472     0.0128 0.0000e+00
      11300     -0.288     3.7744   0.006203     0.0471     0.0128 0.0000e+00
      11301     -0.285     3.7751   0.006167     0.0469     0.0125 0.0000e+00
      11302     -0.281     3.7755   0.006127     0.0465     0.0123 0.0000e+00
      11303     -0.279     3.7756   0.006112     0.0464     0.0122 0.0000e+00
      11304     -0.278     3.7752   0.006127     0.0465     0.0123 0.0000e+00
      11305     -0.279     3.7743   0.006180     0.0470     0.0126 0.0000e+00
      11306     -0.280     3.7733   0.006237     0.0474     0.0130 0.0000e+00
      11307     -0.281     3.7726   0.006250     0.0475     0.0130 0.0000e+00
      11308     -0.281     3.7723   0.006232     0.0474     0.0129 0.0000e+00
      11309     -0.282     3.7721   0.006221     0.0473     0.0129 0.0000e+00
      11310     -0.285     3.7721   0.006219     0.0473     0.0128 0.0000e+00
      11311     -0.288     3.7720   0.006227     0.0473     0.0129 0.0000e+00
      11312     -0.289     3.7718   0.006239     0.0474     0.0130 0.0000e+00
      11313     -0.286     3.7717   0.006237     0.0474     0.0130 0.0000e+00
      11314     -0.280     3.7717   0.006218     0.0473     0.0128 0.0000e+00
      11315     -0.277     3.7717   0.006200     0.0471     0.0127 0.0000e+00
      11316     -0.277     3.7716   0.006198     0.0471     0.0127 0.0000e+00
      11317     -0.280     3.7714   0.006212     0.0472     0.0128 0.0000e+00
      11318     -0.283     3.7715   0.006248     0.0475     0.0130 0.0000e+00
      11319     -0.284     3.7716   0.006296     0.0479     0.0133 0.0000e+00
      11320     -0.285     3.7714   0.006304     0.0479     0.0134 0.0000e+00
      11321     -0.286     3.7714   0.006278     0.0477     0.0132 0.0000e+00
      11322     -0.287     3.7714   0.006267     0.0476     0.0132 0.0000e+00
      11323     -0.287     3.7714   0.006293     0.0478     0.0133 0.0000e+00
      11324     -0.286     3.7716   0.006356     0.0483     0.0137 0.0000e+00
      11325     -0.284     3.7720   0.006393     0.0486     0.0140 0.0000e+00
      11326     -0.282     3.7726   0.006356     0.0483     0.0137 0.0000e+00
      11327     -0.282     3.7731   0.006295     0.0479     0.0133 0.0000e+00
      11328     -0.285     3.7733   0.006269     0.0477     0.0132 0.0000e+00
      11329     -0.288     3.7734   0.006277     0.0477     0.0132 0.0000e+00
      11330     -0.289     3.7736   0.006310     0.0480     0.0134 0.0000e+00
      11331     -0.290     3.7740   0.006344     0.0482     0.0136 0.0000e+00
      11332     -0.287     3.7746   0.006331     0.0481     0.0136 0.0000e+00
      11333     -0.282     3.7750   0.006275     0.0477     0.0132 0.0000e+00
      11334     -0.281     3.7752   0.006233     0.0474     0.0129 0.0000e+00
      11335     -0.282     3.7750   0.006221     0.0473     0.0129 0.0000e+00
      11336     -0.283     3.7744   0.006250     0.0475     0.0131 0.0000e+00
      11337     -0.286     3.7736   0.006315     0.0480     0.0135 0.0000e+00
      11338     -0.290     3.7729   0.006357     0.0483     0.0137 0.0000e+00
      11339     -0.290     3.7729   0.006335     0.0482     0.0136 0.0000e+00
      11340     -0.285     3.7732   0.006284     0.0478     0.0133 0.0000e+00
      11341     -0.281     3.7733   0.006246     0.0475     0.0130 0.0000e+00
      11342     -0.284     3.7735   0.006234     0.0474     0.0129 0.0000e+00
      11343     -0.289     3.7736   0.006244     0.0475     0.0130 0.0000e+00
      11344     -0.291     3.7735   0.006249     0.0475     0.0130 0.0000e+00
      11345     -0.289     3.7733   0.006206     0.0472     0.0128 0.0000e+00
      11346     -0.287     3.7735   0.006145     0.0467     0.0124 0.0000e+00
      11347     -0.286     3.7738   0.006106     0.0464     0.0121 0.0000e+00
      11348     -0.283     3.7740   0.006098     0.0463     0.0121 0.0000e+00
      11349     -0.282     3.7739   0.006122     0.0465     0.0122 0.0000e+00
      11350     -0.284     3.7733   0.006176     0.0469     0.0126 0.0000e+00
      11351     -0.285     3.7728   0.006209     0.0472     0.0128 0.0000e+00
      11352     -0.284     3.7728   0.006186     0.0470     0.0126 0.0000e+00
      11353     -0.287     3.7728   0.006154     0.0468     0.0124 0.0000e+00
      11354     -0.290     3.7728   0.006155     0.0468     0.0124 0.0000e+00
      11355     -0.290     3.7727   0.006181     0.0470     0.0126 0.0000e+00
      11356     -0.287     3.7723   0.006210     0.0472     0.0128 0.0000e+00
      11357     -0.283     3.7722   0.006199     0.0471     0.0127 0.0000e+00
      11358     -0.281     3.7725   0.006154     0.0468     0.0124 0.0000e+00
      11359     -0.282     3.7727   0.006127     0.0465     0.0123 0.0000e+00
      11360     -0.286     3.7724   0.006148     0.0467     0.0124 0.0000e+00
      11361     -0.291     3.7718   0.006219     0.0473     0.0128 0.0000e+00
      11362     -0.295     3.7716   0.006297     0.0479     0.0133 0.0000e+00
      11363     -0.293     3.7717   0.006311     0.0480     0.0134 0.0000e+00
      11364     -0.289     3.7720   0.006267     0.0476     0.0132 0.0000e+00
      11365     -0.287     3.7721   0.006239     0.0474     0.0130 0.0000e+00
      11366     -0.284     3.7719   0.006257     0.0476     0.0131 0.0000e+00
      11367     -0.284     3.7717   0.006310     0.0480     0.0134 0.0000e+00
      11368     -0.288     3.7718   0.006356     0.0483     0.0137 0.0000e+00
      11369     -0.290     3.7722   0.006343     0.0482     0.0136 0.0000e+00
      11370     -0.288     3.7727   0.006273     0.0477     0.0132 0.0000e+00
      11371     -0.284     3.7728   0.006217     0.0473     0.0128 0.0000e+00
      11372     -0.281     3.7728   0.006217     0.0473     0.0128 0.0000e+00
      11373     -0.279     3.7723   0.006266     0.0476     0.0131 0.0000e+00
      11374     -0.278     3.7716   0.006346     0.0483     0.0137 0.0000e+00
      11375     -0.278     3.7711   0.006394     0.0486     0.0140 0.0000e+00
      11376     -0.279     3.7712   0.006360     0.0484     0.0137 0.0000e+00
      11377     -0.280     3.7714   0.006303     0.0479     0.0134 0.0000e+00
      11378     -0.282     3.7716   0.006281     0.0478     0.0132 0.0000e+00
      11379     -0.283     3.7717   0.006295     0.0479     0.0133 0.0000e+00
      11380     -0.285     3.7718   0.006330     0.0481     0.0136 0.0000e+00
      11381     -0.287     3.7720   0.006352     0.0483     0.0137 0.0000e+00
      11382     -0.288     3.7721   0.006328     0.0481     0.0135 0.0000e+00
      11383     -0.288     3.7721   0.006279     0.0477     0.0132 0.0000e+00
      11384     -0.287     3.7721   0.006251     0.0475     0.0131 0.0000e+00
      11385     -0.287     3.7721   0.006251     0.0475     0.0131 0.0000e+00
      11386     -0.287     3.7723   0.006266     0.0476     0.0131 0.0000e+00
      11387     -0.287     3.7725   0.006288     0.0478     0.0133 0.0000e+00
      11388     -0.288     3.7726   0.006284     0.0478     0.0133 0.0000e+00
      11389     -0.286     3.7728   0.006237     0.0474     0.0130 0.0000e+00
      11390     -0.283     3.7728   0.006188     0.0470     0.0127 0.0000e+00
      11391     -0.284     3.7728   0.006176     0.0469     0.0126 0.0000e+00
      11392     -0.288     3.7727   0.006201     0.0471     0.0127 0.0000e+00
      11393     -0.291     3.7727   0.006258     0.0476     0.0131 0.0000e+00
      11394     -0.290     3.7726   0.006309     0.0480     0.0134 0.0000e+00
      11395     -0.288     3.7727   0.006296     0.0479     0.0133 0.0000e+00
      11396     -0.287     3.7729   0.006237     0.0474     0.0130 0.0000e+00
      11397     -0.287     3.7727   0.006198     0.0471     0.0127 0.0000e+00
      11398     -0.289     3.7722   0.006206     0.0472     0.0128 0.0000e+00
      11399     -0.291     3.7718   0.006238     0.0474     0.0130 0.0000e+00
      11400     -0.291     3.7717   0.006255     0.0476     0.0131 0.0000e+00
      11401     -0.289     3.7719   0.006237     0.0474     0.0130 0.0000e+00
      11402     -0.286     3.7720   0.006188     0.0470     0.0127 0.0000e+00
      11403     -0.285     3.7719   0.006141     0.0467     0.0124 0.0000e+00
      11404     -0.286     3.7718   0.006114     0.0464     0.0122 0.0000e+00
      11405     -0.287     3.7719   0.006108     0.0464     0.0121 0.0000e+00
      11406     -0.289     3.7718   0.006120     0.0465     0.0122 0.0000e+00
      11407     -0.292     3.7717   0.006150     0.0467     0.0124 0.0000e+00
      11408     -0.293     3.7717   0.006180     0.0470     0.0126 0.0000e+00
      11409     -0.291     3.7718   0.006163     0.0468     0.0125 0.0000e+00
      11410     -0.289     3.7716   0.006107     0.0464     0.0121 0.0000e+00
      11411     -0.289     3.7710   0.006079     0.0462     0.0120 0.0000e+00
      11412     -0.290     3.7702   0.006099     0.0463     0.0121 0.0000e+00
      11413     -0.292     3.7698   0.006157     0.0468     0.0125 0.0000e+00
      11414     -0.293     3.7698   0.006225     0.0473     0.0129 0.0000e+00
      11415     -0.293     3.7696   0.006239     0.0474     0.0130 0.0000e+00
      11416     -0.291     3.7694   0.006173     0.0469     0.0126 0.0000e+00
      11417     -0.288     3.7691   0.006109     0.0464     0.0121 0.0000e+00
      11418     -0.289     3.7686   0.006104     0.0464     0.0121 0.0000e+00
      11419     -0.292     3.7683   0.006148     0.0467     0.0124 0.0000e+00
      11420     -0.294     3.7684   0.006222     0.0473     0.0129 0.0000e+00
      11421     -0.292     3.7686   0.006272     0.0477     0.0132 0.0000e+00
      11422     -0.289     3.7687   0.006254     0.0475     0.0131 0.0000e+00
      11423     -0.288     3.7689   0.006197     0.0471     0.0127 0.0000e+00
      11424     -0.288     3.7689   0.006157     0.0468     0.0124 0.0000e+00
      11425     -0.288     3.7688   0.006155     0.0468     0.0124 0.0000e+00
      11426     -0.289     3.7686   0.006190     0.0470     0.0127 0.0000e+00
      11427     -0.291     3.7683   0.006238     0.0474     0.0130 0.0000e+00
      11428     -0.290     3.7679   0.006262     0.0476     0.0131 0.0000e+00
      11429     -0.287     3.7674   0.006249     0.0475     0.0130 0.0000e+00
      11430     -0.287     3.7671   0.006224     0.0473     0.0129 0.0000e+00
      11431     -0.289     3.7670   0.006211     0.0472     0.0128 0.0000e+00
      11432     -0.291     3.7671   0.006221     0.0473     0.0129 0.0000e+00
      11433     -0.294     3.7673   0.006258     0.0476     0.0131 0.0000e+00
      11434     -0.296     3.7675   0.006299     0.0479     0.0133 0.0000e+00
      11435     -0.296     3.7676   0.006290     0.0478     0.0133 0.0000e+00
      11436     -0.296     3.7676   0.006241     0.0474     0.0130 0.0000e+00
      11437     -0.294     3.7676   0.006203     0.0471     0.0127 0.0000e+00
      11438     -0.290     3.7676   0.006188     0.0470     0.0126 0.0000e+00
      11439     -0.288     3.7679   0.006184     0.0470     0.0126 0.0000e+00
      11440     -0.288     3.7682   0.006179     0.0470     0.0126 0.0000e+00
      11441     -0.291     3.7683   0.006165     0.0468     0.0125 0.0000e+00
      11442     -0.293     3.7683   0.006149     0.0467     0.0124 0.0000e+00
      11443     -0.294     3.7685   0.006131     0.0466     0.0123 0.0000e+00
      11444     -0.295     3.7687   0.006114     0.0464     0.0122 0.0000e+00
      11445     -0.297     3.7687   0.006102     0.0464     0.0121 0.0000e+00
      11446     -0.296     3.7686   0.006095     0.0463     0.0121 0.0000e+00
      11447     -0.294     3.7687   0.006100     0.0463     0.0121 0.0000e+00
      11448     -0.294     3.7688   0.006107     0.0464     0.0121 0.0000e+00
      11449     -0.294     3.7691   0.006098     0.0463     0.0121 0.0000e+00
      11450     -0.293     3.7693   0.006068     0.0461     0.0119 0.0000e+00
      11451     -0.291     3.7694   0.006041     0.0459     0.0117 0.0000e+00
      11452     -0.290     3.7693   0.006034     0.0458     0.0117 0.0000e+00
      11453     -0.288     3.7693   0.006034     0.0458     0.0117 0.0000e+00
      11454     -0.287     3.7694   0.006027     0.0458     0.0116 0.0000e+00
      11455     -0.288     3.7695   0.006008     0.0456     0.0115 0.0000e+00
      11456     -0.290     3.7695   0.005982     0.0454     0.0113 0.0000e+00
      11457     -0.290     3.7697   0.005954     0.0452     0.0112 0.0000e+00
      11458     -0.287     3.7699   0.005935     0.0450     0.0110 0.0000e+00
      11459     -0.284     3.7700   0.005932     0.0450     0.0110 0.0000e+00
      11460     -0.283     3.7699   0.005935     0.0450     0.0110 0.0000e+00
      11461     -0.282     3.7699   0.005929     0.0450     0.0110 0.0000e+00
      11462     -0.281     3.7701   0.005913     0.0449     0.0109 0.0000e+00
      11463     -0.281     3.7702   0.005890     0.0447     0.0108 0.0000e+00
      11464     -0.283     3.7700   0.005877     0.0446     0.0107 0.0000e+00
      11465     -0.285     3.7701   0.005891     0.0447     0.0108 0.0000e+00
      11466     -0.287     3.7702   0.005924     0.0450     0.0110 0.0000e+00
      11467     -0.288     3.7702   0.005951     0.0452     0.0111 0.0000e+00
      11468     -0.288     3.7702   0.005944     0.0451     0.0111 0.0000e+00
      11469     -0.289     3.7702   0.005919     0.0449     0.0109 0.0000e+00
      11470     -0.293     3.7702   0.005905     0.0448     0.0109 0.0000e+00
      11471     -0.293     3.7704   0.005924     0.0450     0.0110 0.0000e+00
      11472     -0.290     3.7704   0.005971     0.0453     0.0113 0.0000e+00
      11473     -0.286     3.7705   0.006008     0.0456     0.0115 0.0000e+00
      11474     -0.285     3.7705   0.005995     0.0455     0.0114 0.0000e+00
      11475     -0.289     3.7706   0.005960     0.0452     0.0112 0.0000e+00
      11476     -0.294     3.7706   0.005941     0.0451     0.0111 0.0000e+00
      11477     -0.297     3.7706   0.005946     0.0451     0.0111 0.0000e+00
      11478     -0.296     3.7706   0.005955     0.0452     0.0112 0.0000e+00
      11479     -0.292     3.7707   0.005955     0.0452     0.0112 0.0000e+00
      11480     -0.288     3.7709   0.005943     0.0451     0.0111 0.0000e+00
      11481     -0.286     3.7710   0.005921     0.0449     0.0110 0.0000e+00
      11482     -0.287     3.7707   0.005904     0.0448     0.0109 0.0000e+00
      11483     -0.289     3.7701   0.005911     0.0449     0.0109 0.0000e+00
      11484     -0.290     3.7697   0.005922     0.0449     0.0110 0.0000e+00
      11485     -0.290     3.7697   0.005930     0.0450     0.0110 0.0000e+00
      11486     -0.287     3.7698   0.005943     0.0451     0.0111 0.0000e+00
      11487     -0.285     3.7698   0.005940     0.0451     0.0111 0.0000e+00
