Datasets/Test_Dataset_39219_tow/tel219_2021_030.cnv
* Sea-Bird SBE19plus Data File:
* Filename = C:/AQUIRE/tel219_2021_030.hex
* Software Version AquireV2 AF V2.0
* Temperature SN =  4020
* Conductivity SN =  4020
* System UpLoad Time = May 10 2021 22:13:29
** VESSEL/TRIP/SEQ STN: tel219_2021_030
** LATITUDE: 45 43.97 N
** LONGITUDE: 56 21.65 W
** DATE/TIME: 2021-05-10 19:31
** SOUNDING DEPTH (M): 0041
** PROBE TYPE: S4020
** CTD NUMBER:  30
** FORMAT: T
** COMMENTS: Set 30
# nquan = 7                                 
# nvalues = 8454                        
# units = specified
# name 0 = scan: Scan Count
# name 1 = prdM: Pressure, Strain Gauge [db]
# name 2 = tv290C: Temperature [ITS-90, deg C]
# name 3 = c0S/m: Conductivity [S/m]
# name 4 = sal00: Salinity, Practical [PSU]
# name 5 = sigma-t00: Density [sigma-t, kg/m^3 ]
# name 6 = flag: flag
# span 0 =          1,       8454       
# span 1 =     -0.282,     40.653       
# span 2 =     3.3619,     6.0341       
# span 3 =   0.000832,   3.004702       
# span 4 =     0.0072,    32.5029       
# span 5 =    -0.0517,    25.8474       
# span 6 = 0.0000e+00, 0.0000e+00       
# interval = seconds: 1
# start_time = May 10 2021 19:31:04 [Instrument's time stamp, header]
# bad_flag = -9.990e-29
*END*
[from data line 7795]
       7796     -0.243     4.8012   0.001617     0.0122    -0.0206 0.0000e+00
       7797     -0.242     4.8007   0.001617     0.0122    -0.0205 0.0000e+00
       7798     -0.243     4.8001   0.001616     0.0122    -0.0205 0.0000e+00
       7799     -0.244     4.7996   0.001616     0.0122    -0.0205 0.0000e+00
       7800     -0.243     4.7991   0.001615     0.0122    -0.0205 0.0000e+00
       7801     -0.243     4.7984   0.001613     0.0122    -0.0205 0.0000e+00
       7802     -0.245     4.7978   0.001613     0.0122    -0.0205 0.0000e+00
       7803     -0.246     4.7972   0.001614     0.0122    -0.0205 0.0000e+00
       7804     -0.245     4.7965   0.001613     0.0122    -0.0205 0.0000e+00
       7805     -0.244     4.7959   0.001614     0.0122    -0.0205 0.0000e+00
       7806     -0.243     4.7954   0.001614     0.0122    -0.0205 0.0000e+00
       7807     -0.242     4.7948   0.001612     0.0122    -0.0205 0.0000e+00
       7808     -0.241     4.7942   0.001612     0.0122    -0.0205 0.0000e+00
       7809     -0.241     4.7935   0.001610     0.0121    -0.0205 0.0000e+00
       7810     -0.242     4.7927   0.001608     0.0121    -0.0205 0.0000e+00
       7811     -0.244     4.7921   0.001611     0.0122    -0.0205 0.0000e+00
       7812     -0.245     4.7915   0.001611     0.0122    -0.0205 0.0000e+00
       7813     -0.245     4.7908   0.001611     0.0122    -0.0205 0.0000e+00
       7814     -0.246     4.7900   0.001609     0.0121    -0.0205 0.0000e+00
       7815     -0.244     4.7893   0.001609     0.0121    -0.0204 0.0000e+00
       7816     -0.239     4.7886   0.001612     0.0122    -0.0204 0.0000e+00
       7817     -0.239     4.7880   0.001613     0.0122    -0.0204 0.0000e+00
       7818     -0.243     4.7873   0.001611     0.0122    -0.0204 0.0000e+00
       7819     -0.243     4.7866   0.001610     0.0121    -0.0204 0.0000e+00
       7820     -0.240     4.7858   0.001609     0.0121    -0.0204 0.0000e+00
       7821     -0.240     4.7851   0.001608     0.0121    -0.0204 0.0000e+00
       7822     -0.240     4.7843   0.001608     0.0121    -0.0204 0.0000e+00
       7823     -0.240     4.7836   0.001609     0.0121    -0.0204 0.0000e+00
       7824     -0.240     4.7828   0.001606     0.0121    -0.0204 0.0000e+00
       7825     -0.244     4.7820   0.001605     0.0121    -0.0204 0.0000e+00
       7826     -0.249     4.7813   0.001605     0.0121    -0.0204 0.0000e+00
       7827     -0.250     4.7805   0.001605     0.0121    -0.0204 0.0000e+00
       7828     -0.249     4.7797   0.001605     0.0121    -0.0203 0.0000e+00
       7829     -0.248     4.7789   0.001604     0.0121    -0.0203 0.0000e+00
       7830     -0.247     4.7781   0.001604     0.0121    -0.0203 0.0000e+00
       7831     -0.248     4.7773   0.001604     0.0121    -0.0203 0.0000e+00
       7832     -0.247     4.7765   0.001602     0.0121    -0.0203 0.0000e+00
       7833     -0.244     4.7756   0.001600     0.0121    -0.0203 0.0000e+00
       7834     -0.243     4.7748   0.001600     0.0121    -0.0203 0.0000e+00
       7835     -0.242     4.7740   0.001601     0.0121    -0.0203 0.0000e+00
       7836     -0.241     4.7732   0.001601     0.0121    -0.0203 0.0000e+00
       7837     -0.241     4.7722   0.001600     0.0121    -0.0203 0.0000e+00
       7838     -0.242     4.7714   0.001600     0.0121    -0.0203 0.0000e+00
       7839     -0.244     4.7705   0.001601     0.0121    -0.0203 0.0000e+00
       7840     -0.243     4.7695   0.001603     0.0121    -0.0202 0.0000e+00
       7841     -0.239     4.7687   0.001603     0.0121    -0.0202 0.0000e+00
       7842     -0.238     4.7679   0.001601     0.0121    -0.0202 0.0000e+00
       7843     -0.241     4.7671   0.001599     0.0121    -0.0202 0.0000e+00
       7844     -0.244     4.7661   0.001598     0.0121    -0.0202 0.0000e+00
       7845     -0.243     4.7652   0.001598     0.0121    -0.0202 0.0000e+00
       7846     -0.241     4.7643   0.001599     0.0121    -0.0202 0.0000e+00
       7847     -0.241     4.7634   0.001601     0.0121    -0.0202 0.0000e+00
       7848     -0.244     4.7624   0.001600     0.0121    -0.0202 0.0000e+00
       7849     -0.246     4.7615   0.001600     0.0121    -0.0202 0.0000e+00
       7850     -0.243     4.7606   0.001599     0.0121    -0.0201 0.0000e+00
       7851     -0.239     4.7597   0.001599     0.0121    -0.0201 0.0000e+00
       7852     -0.237     4.7588   0.001601     0.0121    -0.0201 0.0000e+00
       7853     -0.236     4.7578   0.001601     0.0121    -0.0201 0.0000e+00
       7854     -0.238     4.7569   0.001600     0.0121    -0.0201 0.0000e+00
       7855     -0.241     4.7559   0.001599     0.0121    -0.0201 0.0000e+00
       7856     -0.244     4.7550   0.001600     0.0121    -0.0201 0.0000e+00
       7857     -0.247     4.7540   0.001599     0.0121    -0.0201 0.0000e+00
       7858     -0.249     4.7531   0.001598     0.0121    -0.0201 0.0000e+00
       7859     -0.251     4.7521   0.001597     0.0120    -0.0201 0.0000e+00
       7860     -0.253     4.7511   0.001598     0.0121    -0.0200 0.0000e+00
       7861     -0.254     4.7501   0.001599     0.0121    -0.0200 0.0000e+00
       7862     -0.253     4.7491   0.001598     0.0121    -0.0200 0.0000e+00
       7863     -0.250     4.7480   0.001596     0.0120    -0.0200 0.0000e+00
       7864     -0.249     4.7470   0.001594     0.0120    -0.0200 0.0000e+00
       7865     -0.251     4.7461   0.001593     0.0120    -0.0200 0.0000e+00
       7866     -0.251     4.7451   0.001592     0.0120    -0.0200 0.0000e+00
       7867     -0.247     4.7441   0.001592     0.0120    -0.0200 0.0000e+00
       7868     -0.243     4.7432   0.001594     0.0120    -0.0200 0.0000e+00
       7869     -0.240     4.7422   0.001595     0.0120    -0.0199 0.0000e+00
       7870     -0.239     4.7411   0.001594     0.0120    -0.0199 0.0000e+00
       7871     -0.240     4.7401   0.001593     0.0120    -0.0199 0.0000e+00
       7872     -0.244     4.7393   0.001594     0.0120    -0.0199 0.0000e+00
       7873     -0.247     4.7383   0.001595     0.0120    -0.0199 0.0000e+00
       7874     -0.247     4.7373   0.001595     0.0120    -0.0199 0.0000e+00
       7875     -0.245     4.7363   0.001594     0.0120    -0.0199 0.0000e+00
       7876     -0.243     4.7353   0.001591     0.0120    -0.0199 0.0000e+00
       7877     -0.241     4.7343   0.001590     0.0120    -0.0199 0.0000e+00
       7878     -0.241     4.7333   0.001593     0.0120    -0.0199 0.0000e+00
       7879     -0.242     4.7325   0.001595     0.0120    -0.0198 0.0000e+00
       7880     -0.243     4.7315   0.001594     0.0120    -0.0198 0.0000e+00
       7881     -0.243     4.7305   0.001592     0.0120    -0.0198 0.0000e+00
       7882     -0.244     4.7295   0.001592     0.0120    -0.0198 0.0000e+00
       7883     -0.247     4.7285   0.001592     0.0120    -0.0198 0.0000e+00
       7884     -0.252     4.7275   0.001592     0.0120    -0.0198 0.0000e+00
       7885     -0.254     4.7267   0.001591     0.0120    -0.0198 0.0000e+00
       7886     -0.251     4.7257   0.001591     0.0120    -0.0198 0.0000e+00
       7887     -0.246     4.7247   0.001592     0.0120    -0.0198 0.0000e+00
       7888     -0.246     4.7237   0.001591     0.0120    -0.0198 0.0000e+00
       7889     -0.248     4.7227   0.001591     0.0120    -0.0197 0.0000e+00
       7890     -0.248     4.7218   0.001591     0.0120    -0.0197 0.0000e+00
       7891     -0.244     4.7209   0.001588     0.0120    -0.0197 0.0000e+00
       7892     -0.241     4.7199   0.001588     0.0120    -0.0197 0.0000e+00
       7893     -0.242     4.7190   0.001589     0.0120    -0.0197 0.0000e+00
       7894     -0.247     4.7180   0.001590     0.0120    -0.0197 0.0000e+00
       7895     -0.250     4.7170   0.001590     0.0120    -0.0197 0.0000e+00
       7896     -0.250     4.7161   0.001589     0.0120    -0.0197 0.0000e+00
       7897     -0.249     4.7151   0.001588     0.0120    -0.0197 0.0000e+00
       7898     -0.249     4.7142   0.001588     0.0120    -0.0197 0.0000e+00
       7899     -0.251     4.7133   0.001588     0.0120    -0.0196 0.0000e+00
       7900     -0.253     4.7123   0.001588     0.0120    -0.0196 0.0000e+00
       7901     -0.252     4.7113   0.001589     0.0120    -0.0196 0.0000e+00
       7902     -0.247     4.7104   0.001590     0.0120    -0.0196 0.0000e+00
       7903     -0.243     4.7094   0.001589     0.0120    -0.0196 0.0000e+00
       7904     -0.247     4.7084   0.001588     0.0120    -0.0196 0.0000e+00
       7905     -0.253     4.7074   0.001588     0.0120    -0.0196 0.0000e+00
       7906     -0.254     4.7065   0.001588     0.0120    -0.0196 0.0000e+00
       7907     -0.253     4.7056   0.001590     0.0120    -0.0196 0.0000e+00
       7908     -0.254     4.7045   0.001591     0.0120    -0.0195 0.0000e+00
       7909     -0.256     4.7035   0.001591     0.0120    -0.0195 0.0000e+00
       7910     -0.254     4.7025   0.001591     0.0120    -0.0195 0.0000e+00
       7911     -0.253     4.7015   0.001590     0.0120    -0.0195 0.0000e+00
       7912     -0.256     4.7005   0.001589     0.0120    -0.0195 0.0000e+00
       7913     -0.255     4.6996   0.001589     0.0120    -0.0195 0.0000e+00
       7914     -0.251     4.6986   0.001587     0.0120    -0.0195 0.0000e+00
       7915     -0.247     4.6975   0.001586     0.0120    -0.0195 0.0000e+00
       7916     -0.244     4.6965   0.001587     0.0120    -0.0195 0.0000e+00
       7917     -0.244     4.6954   0.001586     0.0120    -0.0195 0.0000e+00
       7918     -0.247     4.6944   0.001584     0.0119    -0.0195 0.0000e+00
       7919     -0.251     4.6933   0.001584     0.0119    -0.0194 0.0000e+00
       7920     -0.254     4.6922   0.001583     0.0119    -0.0194 0.0000e+00
       7921     -0.255     4.6913   0.001586     0.0120    -0.0194 0.0000e+00
       7922     -0.256     4.6903   0.001588     0.0120    -0.0194 0.0000e+00
       7923     -0.257     4.6893   0.001588     0.0120    -0.0194 0.0000e+00
       7924     -0.256     4.6883   0.001586     0.0120    -0.0194 0.0000e+00
       7925     -0.253     4.6872   0.001584     0.0119    -0.0194 0.0000e+00
       7926     -0.249     4.6862   0.001584     0.0119    -0.0194 0.0000e+00
       7927     -0.247     4.6852   0.001584     0.0119    -0.0194 0.0000e+00
       7928     -0.246     4.6842   0.001584     0.0119    -0.0193 0.0000e+00
       7929     -0.248     4.6831   0.001585     0.0119    -0.0193 0.0000e+00
       7930     -0.250     4.6821   0.001586     0.0120    -0.0193 0.0000e+00
       7931     -0.248     4.6811   0.001586     0.0120    -0.0193 0.0000e+00
       7932     -0.244     4.6801   0.001585     0.0119    -0.0193 0.0000e+00
       7933     -0.243     4.6791   0.001584     0.0119    -0.0193 0.0000e+00
       7934     -0.245     4.6781   0.001584     0.0119    -0.0193 0.0000e+00
       7935     -0.246     4.6770   0.001583     0.0119    -0.0193 0.0000e+00
       7936     -0.247     4.6761   0.001584     0.0119    -0.0193 0.0000e+00
       7937     -0.251     4.6751   0.001584     0.0119    -0.0192 0.0000e+00
       7938     -0.255     4.6741   0.001584     0.0119    -0.0192 0.0000e+00
       7939     -0.256     4.6731   0.001584     0.0119    -0.0192 0.0000e+00
       7940     -0.256     4.6721   0.001584     0.0119    -0.0192 0.0000e+00
       7941     -0.257     4.6711   0.001584     0.0119    -0.0192 0.0000e+00
       7942     -0.258     4.6701   0.001584     0.0119    -0.0192 0.0000e+00
       7943     -0.258     4.6692   0.001584     0.0119    -0.0192 0.0000e+00
       7944     -0.259     4.6682   0.001584     0.0119    -0.0192 0.0000e+00
       7945     -0.261     4.6672   0.001584     0.0119    -0.0192 0.0000e+00
       7946     -0.259     4.6662   0.001583     0.0119    -0.0192 0.0000e+00
       7947     -0.255     4.6653   0.001583     0.0119    -0.0191 0.0000e+00
       7948     -0.254     4.6643   0.001582     0.0119    -0.0191 0.0000e+00
       7949     -0.256     4.6633   0.001581     0.0119    -0.0191 0.0000e+00
       7950     -0.258     4.6624   0.001584     0.0119    -0.0191 0.0000e+00
       7951     -0.257     4.6615   0.001585     0.0119    -0.0191 0.0000e+00
       7952     -0.253     4.6605   0.001585     0.0119    -0.0191 0.0000e+00
       7953     -0.248     4.6596   0.001586     0.0119    -0.0191 0.0000e+00
       7954     -0.248     4.6586   0.001585     0.0119    -0.0191 0.0000e+00
       7955     -0.251     4.6578   0.001585     0.0119    -0.0191 0.0000e+00
       7956     -0.253     4.6568   0.001585     0.0119    -0.0190 0.0000e+00
       7957     -0.254     4.6559   0.001584     0.0119    -0.0190 0.0000e+00
       7958     -0.254     4.6549   0.001583     0.0119    -0.0190 0.0000e+00
       7959     -0.254     4.6540   0.001584     0.0119    -0.0190 0.0000e+00
       7960     -0.255     4.6532   0.001586     0.0119    -0.0190 0.0000e+00
       7961     -0.257     4.6522   0.001584     0.0119    -0.0190 0.0000e+00
       7962     -0.259     4.6513   0.001583     0.0119    -0.0190 0.0000e+00
       7963     -0.258     4.6505   0.001583     0.0119    -0.0190 0.0000e+00
       7964     -0.254     4.6495   0.001582     0.0119    -0.0190 0.0000e+00
       7965     -0.254     4.6487   0.001582     0.0119    -0.0190 0.0000e+00
       7966     -0.255     4.6479   0.001583     0.0119    -0.0190 0.0000e+00
       7967     -0.256     4.6470   0.001584     0.0119    -0.0189 0.0000e+00
       7968     -0.258     4.6461   0.001583     0.0119    -0.0189 0.0000e+00
       7969     -0.260     4.6453   0.001582     0.0119    -0.0189 0.0000e+00
       7970     -0.259     4.6445   0.001584     0.0119    -0.0189 0.0000e+00
       7971     -0.253     4.6437   0.001584     0.0119    -0.0189 0.0000e+00
       7972     -0.248     4.6429   0.001584     0.0119    -0.0189 0.0000e+00
       7973     -0.248     4.6421   0.001583     0.0119    -0.0189 0.0000e+00
       7974     -0.248     4.6412   0.001582     0.0119    -0.0189 0.0000e+00
       7975     -0.247     4.6403   0.001584     0.0119    -0.0189 0.0000e+00
       7976     -0.249     4.6395   0.001584     0.0119    -0.0189 0.0000e+00
       7977     -0.252     4.6387   0.001585     0.0119    -0.0189 0.0000e+00
       7978     -0.254     4.6379   0.001585     0.0119    -0.0188 0.0000e+00
       7979     -0.252     4.6372   0.001584     0.0119    -0.0188 0.0000e+00
       7980     -0.251     4.6364   0.001584     0.0119    -0.0188 0.0000e+00
       7981     -0.254     4.6356   0.001585     0.0119    -0.0188 0.0000e+00
       7982     -0.256     4.6349   0.001584     0.0119    -0.0188 0.0000e+00
       7983     -0.257     4.6342   0.001582     0.0119    -0.0188 0.0000e+00
       7984     -0.258     4.6334   0.001582     0.0119    -0.0188 0.0000e+00
       7985     -0.259     4.6326   0.001582     0.0119    -0.0188 0.0000e+00
       7986     -0.258     4.6318   0.001583     0.0119    -0.0188 0.0000e+00
       7987     -0.257     4.6311   0.001585     0.0119    -0.0188 0.0000e+00
       7988     -0.258     4.6303   0.001585     0.0119    -0.0188 0.0000e+00
       7989     -0.258     4.6296   0.001585     0.0119    -0.0188 0.0000e+00
       7990     -0.259     4.6288   0.001586     0.0119    -0.0187 0.0000e+00
       7991     -0.261     4.6281   0.001586     0.0119    -0.0187 0.0000e+00
       7992     -0.263     4.6273   0.001584     0.0119    -0.0187 0.0000e+00
       7993     -0.262     4.6265   0.001583     0.0119    -0.0187 0.0000e+00
       7994     -0.258     4.6258   0.001583     0.0119    -0.0187 0.0000e+00
       7995     -0.255     4.6250   0.001583     0.0119    -0.0187 0.0000e+00
       7996     -0.256     4.6244   0.001584     0.0119    -0.0187 0.0000e+00
       7997     -0.259     4.6238   0.001585     0.0119    -0.0187 0.0000e+00
       7998     -0.259     4.6231   0.001585     0.0119    -0.0187 0.0000e+00
       7999     -0.256     4.6223   0.001587     0.0119    -0.0187 0.0000e+00
       8000     -0.253     4.6216   0.001586     0.0119    -0.0187 0.0000e+00
