Datasets/Test_Dataset_39219_tow/tel219_2021_067.cnv
* Sea-Bird SBE19plus Data File:
* Filename = C:/AQUIRE/tel219_2021_067.hex
* Software Version AquireV2 AF V2.0
* Temperature SN =  4020
* Conductivity SN =  4020
* System UpLoad Time = May 15 2021 03:04:49
** VESSEL/TRIP/SEQ STN: tel219_2021_067
** LATITUDE: 45 32.98 N
** LONGITUDE: 54 26.70 W
** DATE/TIME: 2021-05-15 02:28
** SOUNDING DEPTH (M): 0086
** PROBE TYPE: S4020
** CTD NUMBER:  67
** FORMAT: T
** COMMENTS: 
# nquan = 7                                 
# nvalues = 2215                        
# units = specified
# name 0 = scan: Scan Count
# name 1 = prdM: Pressure, Strain Gauge [db]
# name 2 = tv290C: Temperature [ITS-90, deg C]
# name 3 = c0S/m: Conductivity [S/m]
# name 4 = sal00: Salinity, Practical [PSU]
# name 5 = sigma-t00: Density [sigma-t, kg/m^3 ]
# name 6 = flag: flag
# span 0 =          1,       2215       
# span 1 =     -0.066,     80.007       
# span 2 =     0.2861,     4.4038       
# span 3 =   0.006908,   3.009475       
# span 4 =     0.0520,    32.7796       
# span 5 =     0.0156,    26.2994       
# span 6 = 0.0000e+00, 0.0000e+00       
# interval = seconds: 1
# start_time = May 15 2021 02:28:51 [Instrument's time stamp, header]
# bad_flag = -9.990e-29
*END*
          1     -0.066     4.3932   0.007057     0.0531     0.0165 0.0000e+00
          2     -0.062     4.3930   0.007055     0.0531     0.0164 0.0000e+00
          3     -0.060     4.3935   0.007052     0.0531     0.0164 0.0000e+00
          4     -0.058     4.3941   0.007043     0.0530     0.0164 0.0000e+00
          5     -0.054     4.3939   0.007030     0.0529     0.0163 0.0000e+00
          6     -0.049     4.3935   0.007022     0.0528     0.0162 0.0000e+00
          7     -0.049     4.3937   0.007026     0.0529     0.0163 0.0000e+00
          8     -0.052     4.3936   0.007030     0.0529     0.0163 0.0000e+00
          9     -0.053     4.3933   0.007027     0.0529     0.0163 0.0000e+00
         10     -0.053     4.3929   0.007022     0.0528     0.0162 0.0000e+00
         11     -0.055     4.3931   0.007018     0.0528     0.0162 0.0000e+00
         12     -0.056     4.3939   0.007016     0.0528     0.0162 0.0000e+00
         13     -0.053     4.3948   0.007018     0.0528     0.0162 0.0000e+00
         14     -0.050     4.3956   0.007020     0.0528     0.0162 0.0000e+00
         15     -0.049     4.3965   0.007021     0.0528     0.0162 0.0000e+00
         16     -0.049     4.3974   0.007019     0.0528     0.0162 0.0000e+00
         17     -0.047     4.3972   0.007008     0.0527     0.0161 0.0000e+00
         18     -0.045     4.3964   0.006993     0.0526     0.0160 0.0000e+00
         19     -0.046     4.3962   0.006990     0.0526     0.0160 0.0000e+00
         20     -0.051     4.3964   0.006993     0.0526     0.0160 0.0000e+00
         21     -0.055     4.3964   0.006995     0.0526     0.0160 0.0000e+00
         22     -0.055     4.3964   0.006993     0.0526     0.0160 0.0000e+00
         23     -0.054     4.3967   0.006990     0.0526     0.0160 0.0000e+00
         24     -0.053     4.3975   0.006988     0.0526     0.0160 0.0000e+00
         25     -0.051     4.3979   0.006991     0.0526     0.0160 0.0000e+00
         26     -0.050     4.3969   0.006989     0.0526     0.0160 0.0000e+00
         27     -0.050     4.3942   0.006977     0.0525     0.0159 0.0000e+00
         28     -0.051     4.3920   0.006969     0.0524     0.0159 0.0000e+00
         29     -0.051     4.3922   0.006970     0.0524     0.0159 0.0000e+00
         30     -0.051     4.3942   0.006975     0.0525     0.0159 0.0000e+00
         31     -0.049     4.3959   0.006976     0.0525     0.0159 0.0000e+00
         32     -0.048     4.3958   0.006970     0.0524     0.0159 0.0000e+00
         33     -0.049     4.3942   0.006957     0.0523     0.0158 0.0000e+00
         34     -0.051     4.3925   0.006943     0.0522     0.0158 0.0000e+00
         35     -0.052     4.3914   0.006934     0.0522     0.0157 0.0000e+00
         36     -0.054     4.3911   0.006930     0.0521     0.0157 0.0000e+00
         37     -0.058     4.3915   0.006928     0.0521     0.0157 0.0000e+00
         38     -0.060     4.3906   0.006925     0.0521     0.0157 0.0000e+00
         39     -0.061     4.3874   0.006916     0.0520     0.0156 0.0000e+00
         40     -0.062     4.3842   0.006908     0.0520     0.0156 0.0000e+00
         41     -0.062     4.3838   0.006912     0.0520     0.0156 0.0000e+00
         42     -0.060     4.3854   0.006921     0.0521     0.0157 0.0000e+00
         43     -0.058     4.3868   0.006924     0.0521     0.0157 0.0000e+00
         44     -0.055     4.3877   0.006920     0.0521     0.0156 0.0000e+00
         45     -0.050     4.3893   0.006919     0.0521     0.0156 0.0000e+00
         46     -0.048     4.3907   0.006926     0.0521     0.0157 0.0000e+00
         47     -0.049     4.3911   0.006932     0.0522     0.0157 0.0000e+00
         48     -0.052     4.3919   0.006934     0.0522     0.0157 0.0000e+00
         49     -0.054     4.3937   0.006938     0.0522     0.0157 0.0000e+00
         50     -0.053     4.3958   0.006938     0.0522     0.0157 0.0000e+00
         51     -0.051     4.3973   0.006940     0.0522     0.0157 0.0000e+00
         52     -0.049     4.3984   0.006940     0.0522     0.0157 0.0000e+00
         53     -0.048     4.3996   0.006941     0.0522     0.0157 0.0000e+00
         54     -0.049     4.4006   0.006937     0.0522     0.0157 0.0000e+00
         55     -0.048     4.4002   0.006928     0.0521     0.0156 0.0000e+00
         56     -0.049     4.3989   0.006937     0.0522     0.0157 0.0000e+00
         57     -0.049     4.3981   0.006969     0.0524     0.0159 0.0000e+00
         58     -0.049     4.3981   0.006994     0.0526     0.0160 0.0000e+00
         59     -0.052     4.3986   0.007003     0.0527     0.0161 0.0000e+00
         60     -0.056     4.4000   0.007018     0.0528     0.0162 0.0000e+00
         61     -0.056     4.4017   0.007073     0.0532     0.0165 0.0000e+00
         62     -0.054     4.4030   0.007165     0.0539     0.0170 0.0000e+00
         63     -0.054     4.4037   0.007252     0.0546     0.0176 0.0000e+00
         64     -0.055     4.4038   0.007350     0.0554     0.0182 0.0000e+00
         65     -0.057     4.4032   0.007469     0.0563     0.0189 0.0000e+00
         66     -0.059     4.4022   0.007532     0.0568     0.0193 0.0000e+00
         67     -0.061     4.4008   0.007530     0.0568     0.0193 0.0000e+00
         68     -0.058     4.3992   0.007630     0.0575     0.0200 0.0000e+00
         69     -0.053     4.3962   0.008184     0.0618     0.0235 0.0000e+00
         70     -0.051     4.3918   0.009067     0.0687     0.0290 0.0000e+00
         71     -0.044     4.3882   0.009096     0.0689     0.0292 0.0000e+00
         72     -0.024     4.3506   0.078479     0.6443     0.4919 0.0000e+00
         73      0.034     4.1754   0.897324     8.5570     6.7966 0.0000e+00
         74      0.139     3.8645   2.325368    24.2615    19.2659 0.0000e+00
         75      0.230     3.6152   3.001517    32.3711    25.7320 0.0000e+00
         76      0.261     3.5212   2.999499    32.4407    25.7962 0.0000e+00
         77      0.257     3.4855   3.005027    32.5426    25.8806 0.0000e+00
         78      0.245     3.4520   3.009475    32.6295    25.9529 0.0000e+00
         79      0.232     3.4273   3.006420    32.6177    25.9458 0.0000e+00
         80      0.235     3.4120   3.000697    32.5645    25.9048 0.0000e+00
         81      0.265     3.4028   2.996374    32.5219    25.8716 0.0000e+00
         82      0.305     3.4062   2.997358    32.5302    25.8780 0.0000e+00
         83      0.344     3.4346   3.003247    32.5723    25.9089 0.0000e+00
         84      0.380     3.4708   3.006930    32.5800    25.9118 0.0000e+00
         85      0.409     3.4749   3.005626    32.5603    25.8957 0.0000e+00
         86      0.429     3.4500   3.002317    32.5456    25.8863 0.0000e+00
         87      0.456     3.4463   3.002045    32.5461    25.8870 0.0000e+00
         88      0.504     3.4940   3.006366    32.5499    25.8857 0.0000e+00
         89      0.554     3.5504   3.009371    32.5293    25.8640 0.0000e+00
         90      0.585     3.5522   3.009376    32.5276    25.8625 0.0000e+00
         91      0.612     3.5034   3.006164    32.5380    25.8753 0.0000e+00
         92      0.635     3.4501   2.999489    32.5116    25.8591 0.0000e+00
         93      0.633     3.4170   2.994616    32.4863    25.8421 0.0000e+00
         94      0.622     3.4027   2.994344    32.4974    25.8522 0.0000e+00
         95      0.618     3.3963   2.995075    32.5126    25.8649 0.0000e+00
         96      0.616     3.3939   2.995054    32.5148    25.8668 0.0000e+00
         97      0.634     3.4068   2.997733    32.5340    25.8809 0.0000e+00
         98      0.694     3.4337   3.000812    32.5438    25.8863 0.0000e+00
         99      0.762     3.4436   2.998815    32.5099    25.8584 0.0000e+00
        100      0.797     3.4249   2.994438    32.4762    25.8333 0.0000e+00
        101      0.799     3.4018   2.991841    32.4682    25.8290 0.0000e+00
        102      0.780     3.3893   2.990156    32.4605    25.8240 0.0000e+00
        103      0.751     3.3845   2.988384    32.4441    25.8114 0.0000e+00
        104      0.691     3.3825   2.986787    32.4270    25.7979 0.0000e+00
        105      0.583     3.3804   2.985805    32.4174    25.7904 0.0000e+00
        106      0.484     3.3779   2.985457    32.4157    25.7894 0.0000e+00
        107      0.452     3.3756   2.985354    32.4168    25.7904 0.0000e+00
        108      0.468     3.3739   2.985433    32.4195    25.7927 0.0000e+00
        109      0.504     3.3728   2.985724    32.4240    25.7964 0.0000e+00
        110      0.570     3.3739   2.986319    32.4300    25.8011 0.0000e+00
        111      0.662     3.3818   2.987320    32.4341    25.8036 0.0000e+00
        112      0.756     3.3950   2.988313    32.4327    25.8013 0.0000e+00
        113      0.829     3.4053   2.988847    32.4288    25.7973 0.0000e+00
        114      0.869     3.4075   2.989238    32.4313    25.7990 0.0000e+00
        115      0.881     3.4031   2.989639    32.4405    25.8068 0.0000e+00
        116      0.882     3.3956   2.989639    32.4480    25.8134 0.0000e+00
        117      0.872     3.3880   2.988737    32.4448    25.8116 0.0000e+00
        118      0.846     3.3859   2.987993    32.4380    25.8063 0.0000e+00
        119      0.838     3.3930   2.988250    32.4339    25.8025 0.0000e+00
        120      0.869     3.4023   2.988494    32.4275    25.7965 0.0000e+00
        121      0.891     3.4031   2.988286    32.4242    25.7938 0.0000e+00
        122      0.876     3.3954   2.987736    32.4254    25.7954 0.0000e+00
        123      0.868     3.3863   2.987222    32.4283    25.7986 0.0000e+00
        124      0.902     3.3808   2.987038    32.4316    25.8017 0.0000e+00
        125      0.978     3.3798   2.987080    32.4331    25.8030 0.0000e+00
        126      1.107     3.3832   2.987627    32.4361    25.8051 0.0000e+00
        127      1.295     3.3868   2.987724    32.4336    25.8028 0.0000e+00
        128      1.521     3.3840   2.986389    32.4203    25.7924 0.0000e+00
        129      1.765     3.3766   2.985099    32.4121    25.7865 0.0000e+00
        130      2.008     3.3715   2.984824    32.4138    25.7883 0.0000e+00
        131      2.213     3.3699   2.984926    32.4165    25.7907 0.0000e+00
        132      2.355     3.3699   2.985005    32.4173    25.7913 0.0000e+00
        133      2.440     3.3700   2.985056    32.4178    25.7917 0.0000e+00
        134      2.474     3.3697   2.985110    32.4187    25.7925 0.0000e+00
        135      2.441     3.3692   2.985039    32.4184    25.7923 0.0000e+00
        136      2.345     3.3689   2.984822    32.4162    25.7905 0.0000e+00
        137      2.249     3.3686   2.984650    32.4144    25.7892 0.0000e+00
        138      2.198     3.3684   2.984595    32.4140    25.7888 0.0000e+00
        139      2.162     3.3685   2.984680    32.4149    25.7896 0.0000e+00
        140      2.131     3.3703   2.985045    32.4175    25.7915 0.0000e+00
        141      2.125     3.3741   2.985497    32.4192    25.7924 0.0000e+00
        142      2.141     3.3771   2.985668    32.4182    25.7914 0.0000e+00
        143      2.182     3.3779   2.985669    32.4174    25.7907 0.0000e+00
        144      2.274     3.3786   2.985723    32.4173    25.7905 0.0000e+00
        145      2.401     3.3785   2.985680    32.4168    25.7901 0.0000e+00
        146      2.511     3.3756   2.985414    32.4165    25.7901 0.0000e+00
        147      2.608     3.3734   2.985295    32.4172    25.7909 0.0000e+00
        148      2.718     3.3744   2.985528    32.4189    25.7922 0.0000e+00
        149      2.831     3.3763   2.985739    32.4195    25.7925 0.0000e+00
        150      2.967     3.3785   2.985846    32.4185    25.7915 0.0000e+00
        151      3.165     3.3819   2.985960    32.4164    25.7895 0.0000e+00
        152      3.413     3.3845   2.986052    32.4147    25.7880 0.0000e+00
        153      3.659     3.3840   2.986136    32.4161    25.7891 0.0000e+00
        154      3.865     3.3808   2.986168    32.4196    25.7922 0.0000e+00
        155      4.039     3.3778   2.986178    32.4226    25.7948 0.0000e+00
        156      4.206     3.3754   2.985815    32.4206    25.7934 0.0000e+00
        157      4.381     3.3714   2.984928    32.4138    25.7884 0.0000e+00
        158      4.573     3.3667   2.984282    32.4107    25.7863 0.0000e+00
        159      4.769     3.3638   2.984097    32.4113    25.7871 0.0000e+00
        160      4.930     3.3625   2.984035    32.4118    25.7876 0.0000e+00
        161      5.042     3.3621   2.984023    32.4119    25.7878 0.0000e+00
        162      5.109     3.3623   2.984022    32.4117    25.7875 0.0000e+00
        163      5.117     3.3623   2.984003    32.4115    25.7874 0.0000e+00
        164      5.057     3.3614   2.983944    32.4117    25.7876 0.0000e+00
        165      4.963     3.3598   2.983857    32.4123    25.7882 0.0000e+00
        166      4.880     3.3584   2.983802    32.4131    25.7890 0.0000e+00
        167      4.812     3.3580   2.983776    32.4132    25.7891 0.0000e+00
        168      4.738     3.3583   2.983761    32.4128    25.7887 0.0000e+00
        169      4.655     3.3590   2.983722    32.4116    25.7878 0.0000e+00
        170      4.604     3.3594   2.983693    32.4109    25.7872 0.0000e+00
        171      4.619     3.3597   2.983713    32.4109    25.7871 0.0000e+00
        172      4.650     3.3600   2.983746    32.4109    25.7871 0.0000e+00
        173      4.634     3.3607   2.983811    32.4110    25.7871 0.0000e+00
        174      4.587     3.3615   2.983882    32.4111    25.7871 0.0000e+00
        175      4.535     3.3617   2.983892    32.4110    25.7871 0.0000e+00
        176      4.462     3.3615   2.983858    32.4109    25.7869 0.0000e+00
        177      4.371     3.3613   2.983824    32.4107    25.7868 0.0000e+00
        178      4.265     3.3612   2.983798    32.4106    25.7867 0.0000e+00
        179      4.139     3.3611   2.983781    32.4105    25.7867 0.0000e+00
        180      4.022     3.3612   2.983787    32.4106    25.7867 0.0000e+00
        181      3.940     3.3612   2.983800    32.4108    25.7869 0.0000e+00
        182      3.872     3.3609   2.983789    32.4110    25.7871 0.0000e+00
        183      3.780     3.3598   2.983691    32.4109    25.7871 0.0000e+00
        184      3.663     3.3586   2.983579    32.4109    25.7872 0.0000e+00
        185      3.548     3.3583   2.983580    32.4112    25.7875 0.0000e+00
        186      3.462     3.3582   2.983586    32.4114    25.7877 0.0000e+00
        187      3.411     3.3578   2.983522    32.4111    25.7875 0.0000e+00
        188      3.368     3.3577   2.983491    32.4109    25.7873 0.0000e+00
        189      3.309     3.3584   2.983549    32.4109    25.7872 0.0000e+00
        190      3.229     3.3596   2.983640    32.4108    25.7871 0.0000e+00
        191      3.128     3.3606   2.983720    32.4108    25.7870 0.0000e+00
        192      3.022     3.3617   2.983800    32.4107    25.7868 0.0000e+00
        193      2.934     3.3628   2.983884    32.4107    25.7867 0.0000e+00
        194      2.867     3.3635   2.983955    32.4109    25.7868 0.0000e+00
        195      2.804     3.3639   2.984002    32.4111    25.7869 0.0000e+00
        196      2.734     3.3640   2.984018    32.4112    25.7870 0.0000e+00
        197      2.657     3.3640   2.983996    32.4110    25.7868 0.0000e+00
        198      2.568     3.3638   2.983956    32.4107    25.7866 0.0000e+00
        199      2.481     3.3636   2.983921    32.4106    25.7865 0.0000e+00
        200      2.411     3.3632   2.983884    32.4106    25.7866 0.0000e+00
        201      2.349     3.3629   2.983847    32.4105    25.7865 0.0000e+00
        202      2.281     3.3626   2.983824    32.4105    25.7866 0.0000e+00
        203      2.205     3.3621   2.983797    32.4107    25.7868 0.0000e+00
        204      2.131     3.3613   2.983734    32.4108    25.7869 0.0000e+00
        205      2.064     3.3608   2.983679    32.4107    25.7869 0.0000e+00
