Datasets/Test_Dataset_39219_tow/tel219_2021_018.cnv
* Sea-Bird SBE19plus Data File:
* Filename = C:/AQUIRE/tel219_2021_018.hex
* Software Version AquireV2 AF V2.0
* Temperature SN =  4020
* Conductivity SN =  4020
* System UpLoad Time = May 07 2021 19:44:13
** VESSEL/TRIP/SEQ STN: tel219_2021_018
** LATITUDE: 46 56.78 N
** LONGITUDE: 56 47.44 W
** DATE/TIME: 2021-05-07 18:39
** SOUNDING DEPTH (M): 0109
** PROBE TYPE: S4020
** CTD NUMBER:  18
** FORMAT: t
** COMMENTS: 
# nquan = 7                                 
# nvalues = 3979                        
# units = specified
# name 0 = scan: Scan Count
# name 1 = prdM: Pressure, Strain Gauge [db]
# name 2 = tv290C: Temperature [ITS-90, deg C]
# name 3 = c0S/m: Conductivity [S/m]
# name 4 = sal00: Salinity, Practical [PSU]
# name 5 = sigma-t00: Density [sigma-t, kg/m^3 ]
# name 6 = flag: flag
# span 0 =          1,       3979       
# span 1 =     -0.137,    106.555       
# span 2 =     1.4470,     4.5854       
# span 3 =   0.004914,   2.961283       
# span 4 =     0.0366,    32.2539       
# span 5 =     0.0024,    25.7936       
# span 6 = 0.0000e+00, 0.0000e+00       
# interval = seconds: 1
# start_time = May 07 2021 18:39:02 [Instrument's time stamp, header]
# bad_flag = -9.990e-29
*END*
[from data line 1436]
       1437     77.522     1.4525   2.808928    32.1523    25.7280 0.0000e+00
       1438     77.763     1.4490   2.808807    32.1542    25.7298 0.0000e+00
       1439     77.990     1.4474   2.808755    32.1551    25.7306 0.0000e+00
       1440     78.212     1.4470   2.808774    32.1556    25.7310 0.0000e+00
       1441     78.438     1.4471   2.808878    32.1567    25.7319 0.0000e+00
       1442     78.675     1.4489   2.809312    32.1602    25.7346 0.0000e+00
       1443     78.913     1.4525   2.809849    32.1632    25.7367 0.0000e+00
       1444     79.131     1.4555   2.810152    32.1638    25.7371 0.0000e+00
       1445     79.322     1.4588   2.810647    32.1665    25.7391 0.0000e+00
       1446     79.502     1.4625   2.811145    32.1689    25.7407 0.0000e+00
       1447     79.687     1.4625   2.811064    32.1678    25.7398 0.0000e+00
       1448     79.879     1.4601   2.810664    32.1651    25.7378 0.0000e+00
       1449     80.072     1.4611   2.810892    32.1669    25.7392 0.0000e+00
       1450     80.259     1.4645   2.811446    32.1703    25.7417 0.0000e+00
       1451     80.437     1.4653   2.811343    32.1680    25.7398 0.0000e+00
       1452     80.610     1.4647   2.811266    32.1676    25.7395 0.0000e+00
       1453     80.787     1.4632   2.811197    32.1682    25.7401 0.0000e+00
       1454     80.979     1.4585   2.810518    32.1643    25.7373 0.0000e+00
       1455     81.183     1.4531   2.809882    32.1617    25.7355 0.0000e+00
       1456     81.378     1.4535   2.809967    32.1623    25.7360 0.0000e+00
       1457     81.556     1.4623   2.811194    32.1686    25.7405 0.0000e+00
       1458     81.723     1.4733   2.812714    32.1764    25.7460 0.0000e+00
       1459     81.884     1.4792   2.813209    32.1765    25.7457 0.0000e+00
       1460     82.050     1.4800   2.813131    32.1746    25.7442 0.0000e+00
       1461     82.229     1.4794   2.813051    32.1741    25.7438 0.0000e+00
       1462     82.425     1.4786   2.812962    32.1737    25.7435 0.0000e+00
       1463     82.636     1.4783   2.812944    32.1737    25.7435 0.0000e+00
       1464     82.857     1.4786   2.812963    32.1735    25.7434 0.0000e+00
       1465     83.077     1.4788   2.813021    32.1739    25.7437 0.0000e+00
       1466     83.286     1.4779   2.812913    32.1734    25.7433 0.0000e+00
       1467     83.479     1.4764   2.812703    32.1721    25.7424 0.0000e+00
       1468     83.670     1.4742   2.812495    32.1717    25.7422 0.0000e+00
       1469     83.873     1.4690   2.811868    32.1690    25.7404 0.0000e+00
       1470     84.087     1.4619   2.810895    32.1639    25.7367 0.0000e+00
       1471     84.307     1.4571   2.810386    32.1622    25.7357 0.0000e+00
       1472     84.531     1.4556   2.810397    32.1638    25.7371 0.0000e+00
       1473     84.751     1.4555   2.810365    32.1634    25.7367 0.0000e+00
       1474     84.961     1.4578   2.810676    32.1648    25.7377 0.0000e+00
       1475     85.169     1.4623   2.811287    32.1678    25.7398 0.0000e+00
       1476     85.383     1.4667   2.811728    32.1687    25.7403 0.0000e+00
       1477     85.603     1.4722   2.812463    32.1723    25.7428 0.0000e+00
       1478     85.829     1.4766   2.813039    32.1749    25.7446 0.0000e+00
       1479     86.060     1.4764   2.812874    32.1729    25.7430 0.0000e+00
       1480     86.294     1.4729   2.812398    32.1703    25.7412 0.0000e+00
       1481     86.526     1.4682   2.811811    32.1676    25.7393 0.0000e+00
       1482     86.759     1.4659   2.811562    32.1667    25.7387 0.0000e+00
       1483     86.995     1.4680   2.811976    32.1697    25.7410 0.0000e+00
       1484     87.235     1.4719   2.812493    32.1720    25.7426 0.0000e+00
       1485     87.476     1.4747   2.812778    32.1726    25.7429 0.0000e+00
       1486     87.710     1.4757   2.812853    32.1724    25.7427 0.0000e+00
       1487     87.944     1.4758   2.812830    32.1719    25.7423 0.0000e+00
       1488     88.190     1.4756   2.812872    32.1725    25.7427 0.0000e+00
       1489     88.448     1.4750   2.812787    32.1719    25.7423 0.0000e+00
       1490     88.703     1.4738   2.812573    32.1703    25.7411 0.0000e+00
       1491     88.951     1.4737   2.812611    32.1707    25.7415 0.0000e+00
       1492     89.201     1.4763   2.812997    32.1728    25.7429 0.0000e+00
       1493     89.454     1.4801   2.813450    32.1745    25.7440 0.0000e+00
       1494     89.704     1.4826   2.813745    32.1755    25.7447 0.0000e+00
       1495     89.947     1.4837   2.813858    32.1757    25.7448 0.0000e+00
       1496     90.185     1.4846   2.813924    32.1755    25.7445 0.0000e+00
       1497     90.427     1.4850   2.813981    32.1756    25.7446 0.0000e+00
       1498     90.682     1.4842   2.813895    32.1752    25.7444 0.0000e+00
       1499     90.947     1.4822   2.813648    32.1740    25.7435 0.0000e+00
       1500     91.206     1.4803   2.813446    32.1733    25.7431 0.0000e+00
       1501     91.454     1.4797   2.813431    32.1736    25.7433 0.0000e+00
       1502     91.701     1.4806   2.813546    32.1739    25.7436 0.0000e+00
       1503     91.954     1.4832   2.813844    32.1749    25.7442 0.0000e+00
       1504     92.207     1.4871   2.814331    32.1769    25.7455 0.0000e+00
       1505     92.458     1.4907   2.814759    32.1785    25.7466 0.0000e+00
       1506     92.711     1.4927   2.814963    32.1789    25.7467 0.0000e+00
       1507     92.965     1.4937   2.815021    32.1784    25.7463 0.0000e+00
       1508     93.225     1.4944   2.815099    32.1785    25.7464 0.0000e+00
       1509     93.499     1.4947   2.815140    32.1786    25.7464 0.0000e+00
       1510     93.789     1.4954   2.815249    32.1791    25.7468 0.0000e+00
       1511     94.098     1.4971   2.815508    32.1805    25.7477 0.0000e+00
       1512     94.427     1.4993   2.815738    32.1809    25.7480 0.0000e+00
       1513     94.773     1.5011   2.815942    32.1815    25.7483 0.0000e+00
       1514     95.125     1.5026   2.816118    32.1819    25.7486 0.0000e+00
       1515     95.469     1.5037   2.816262    32.1824    25.7489 0.0000e+00
       1516     95.795     1.5041   2.816324    32.1826    25.7490 0.0000e+00
       1517     96.115     1.5034   2.816202    32.1816    25.7483 0.0000e+00
       1518     96.444     1.5021   2.816067    32.1811    25.7479 0.0000e+00
       1519     96.774     1.5017   2.816048    32.1811    25.7479 0.0000e+00
       1520     97.091     1.5041   2.816314    32.1818    25.7483 0.0000e+00
       1521     97.389     1.5097   2.817105    32.1859    25.7512 0.0000e+00
       1522     97.672     1.5160   2.817925    32.1896    25.7538 0.0000e+00
       1523     97.950     1.5214   2.818450    32.1905    25.7542 0.0000e+00
       1524     98.223     1.5281   2.819141    32.1922    25.7551 0.0000e+00
       1525     98.484     1.5360   2.820005    32.1948    25.7567 0.0000e+00
       1526     98.739     1.5408   2.820556    32.1967    25.7579 0.0000e+00
       1527     98.997     1.5398   2.820429    32.1960    25.7574 0.0000e+00
       1528     99.252     1.5364   2.819945    32.1933    25.7554 0.0000e+00
       1529     99.494     1.5382   2.820184    32.1943    25.7561 0.0000e+00
       1530     99.728     1.5481   2.821601    32.2019    25.7615 0.0000e+00
       1531     99.962     1.5567   2.822672    32.2064    25.7646 0.0000e+00
       1532    100.187     1.5539   2.822045    32.2013    25.7607 0.0000e+00
       1533    100.392     1.5445   2.820840    32.1956    25.7568 0.0000e+00
       1534    100.585     1.5375   2.820094    32.1933    25.7554 0.0000e+00
       1535    100.780     1.5344   2.819757    32.1921    25.7546 0.0000e+00
       1536    100.976     1.5371   2.820229    32.1952    25.7569 0.0000e+00
       1537    101.168     1.5486   2.821744    32.2024    25.7619 0.0000e+00
       1538    101.356     1.5642   2.823602    32.2097    25.7667 0.0000e+00
       1539    101.536     1.5740   2.824535    32.2113    25.7674 0.0000e+00
       1540    101.700     1.5757   2.824523    32.2093    25.7657 0.0000e+00
       1541    101.849     1.5758   2.824610    32.2102    25.7664 0.0000e+00
       1542    101.988     1.5792   2.825042    32.2121    25.7677 0.0000e+00
       1543    102.118     1.5856   2.825735    32.2141    25.7689 0.0000e+00
       1544    102.236     1.5909   2.826367    32.2166    25.7705 0.0000e+00
       1545    102.333     1.5935   2.826593    32.2167    25.7704 0.0000e+00
       1546    102.409     1.5956   2.826781    32.2169    25.7704 0.0000e+00
       1547    102.479     1.5989   2.827205    32.2188    25.7718 0.0000e+00
       1548    102.556     1.6017   2.827529    32.2200    25.7725 0.0000e+00
       1549    102.642     1.6023   2.827581    32.2200    25.7725 0.0000e+00
       1550    102.729     1.6025   2.827608    32.2200    25.7725 0.0000e+00
       1551    102.805     1.6029   2.827688    32.2206    25.7729 0.0000e+00
       1552    102.864     1.6035   2.827731    32.2205    25.7728 0.0000e+00
       1553    102.918     1.6036   2.827730    32.2204    25.7727 0.0000e+00
       1554    102.986     1.6029   2.827658    32.2201    25.7726 0.0000e+00
       1555    103.066     1.6023   2.827598    32.2199    25.7724 0.0000e+00
       1556    103.140     1.6032   2.827745    32.2208    25.7731 0.0000e+00
       1557    103.198     1.6051   2.827988    32.2219    25.7738 0.0000e+00
       1558    103.242     1.6056   2.827954    32.2209    25.7730 0.0000e+00
       1559    103.284     1.6060   2.827953    32.2205    25.7726 0.0000e+00
       1560    103.337     1.6074   2.828259    32.2229    25.7745 0.0000e+00
       1561    103.399     1.6063   2.828084    32.2218    25.7736 0.0000e+00
       1562    103.458     1.6038   2.827750    32.2201    25.7725 0.0000e+00
       1563    103.511     1.6016   2.827627    32.2208    25.7732 0.0000e+00
       1564    103.559     1.5991   2.827179    32.2177    25.7708 0.0000e+00
       1565    103.601     1.6013   2.827434    32.2186    25.7714 0.0000e+00
       1566    103.635     1.6086   2.828562    32.2253    25.7763 0.0000e+00
       1567    103.667     1.6131   2.828999    32.2262    25.7767 0.0000e+00
       1568    103.707     1.6133   2.828821    32.2237    25.7747 0.0000e+00
       1569    103.752     1.6131   2.828845    32.2242    25.7751 0.0000e+00
       1570    103.787     1.6121   2.828791    32.2245    25.7754 0.0000e+00
       1571    103.811     1.6090   2.828360    32.2222    25.7738 0.0000e+00
       1572    103.834     1.6061   2.828010    32.2208    25.7729 0.0000e+00
       1573    103.866     1.6060   2.828074    32.2217    25.7736 0.0000e+00
       1574    103.906     1.6079   2.828305    32.2226    25.7742 0.0000e+00
       1575    103.941     1.6103   2.828572    32.2235    25.7748 0.0000e+00
       1576    103.970     1.6117   2.828761    32.2244    25.7754 0.0000e+00
       1577    103.998     1.6109   2.828636    32.2237    25.7749 0.0000e+00
       1578    104.028     1.6081   2.828267    32.2219    25.7736 0.0000e+00
       1579    104.060     1.6052   2.827920    32.2205    25.7727 0.0000e+00
       1580    104.091     1.6053   2.827945    32.2207    25.7728 0.0000e+00
       1581    104.117     1.6090   2.828496    32.2238    25.7751 0.0000e+00
       1582    104.138     1.6126   2.828925    32.2255    25.7762 0.0000e+00
       1583    104.153     1.6140   2.828949    32.2243    25.7752 0.0000e+00
       1584    104.171     1.6147   2.829063    32.2250    25.7757 0.0000e+00
       1585    104.200     1.6155   2.829203    32.2260    25.7764 0.0000e+00
       1586    104.232     1.6157   2.829180    32.2255    25.7760 0.0000e+00
       1587    104.255     1.6159   2.829203    32.2255    25.7760 0.0000e+00
       1588    104.268     1.6164   2.829280    32.2260    25.7763 0.0000e+00
       1589    104.281     1.6168   2.829312    32.2260    25.7763 0.0000e+00
       1590    104.296     1.6169   2.829338    32.2262    25.7765 0.0000e+00
       1591    104.312     1.6163   2.829266    32.2259    25.7763 0.0000e+00
       1592    104.320     1.6146   2.829023    32.2246    25.7753 0.0000e+00
       1593    104.318     1.6132   2.828849    32.2238    25.7748 0.0000e+00
       1594    104.314     1.6136   2.828952    32.2247    25.7755 0.0000e+00
       1595    104.321     1.6151   2.829160    32.2258    25.7763 0.0000e+00
       1596    104.337     1.6162   2.829263    32.2259    25.7763 0.0000e+00
       1597    104.350     1.6164   2.829281    32.2259    25.7763 0.0000e+00
       1598    104.351     1.6164   2.829271    32.2258    25.7762 0.0000e+00
       1599    104.339     1.6163   2.829246    32.2256    25.7761 0.0000e+00
       1600    104.330     1.6160   2.829205    32.2254    25.7759 0.0000e+00
       1601    104.338     1.6155   2.829156    32.2253    25.7759 0.0000e+00
       1602    104.367     1.6151   2.829122    32.2253    25.7759 0.0000e+00
       1603    104.407     1.6145   2.829074    32.2253    25.7759 0.0000e+00
       1604    104.438     1.6134   2.828900    32.2242    25.7751 0.0000e+00
       1605    104.451     1.6124   2.828754    32.2234    25.7745 0.0000e+00
       1606    104.451     1.6123   2.828795    32.2240    25.7750 0.0000e+00
       1607    104.451     1.6123   2.828811    32.2242    25.7752 0.0000e+00
       1608    104.462     1.6120   2.828768    32.2239    25.7750 0.0000e+00
       1609    104.476     1.6119   2.828756    32.2239    25.7750 0.0000e+00
       1610    104.482     1.6115   2.828732    32.2240    25.7751 0.0000e+00
       1611    104.480     1.6115   2.828723    32.2239    25.7750 0.0000e+00
       1612    104.476     1.6120   2.828782    32.2241    25.7751 0.0000e+00
       1613    104.477     1.6128   2.828880    32.2245    25.7754 0.0000e+00
       1614    104.487     1.6140   2.829015    32.2250    25.7757 0.0000e+00
       1615    104.505     1.6154   2.829179    32.2256    25.7761 0.0000e+00
       1616    104.526     1.6162   2.829263    32.2258    25.7762 0.0000e+00
       1617    104.540     1.6159   2.829200    32.2253    25.7759 0.0000e+00
       1618    104.542     1.6151   2.829115    32.2251    25.7757 0.0000e+00
       1619    104.537     1.6149   2.829114    32.2253    25.7759 0.0000e+00
       1620    104.535     1.6151   2.829144    32.2255    25.7760 0.0000e+00
       1621    104.543     1.6147   2.829083    32.2251    25.7757 0.0000e+00
       1622    104.559     1.6132   2.828897    32.2243    25.7752 0.0000e+00
       1623    104.577     1.6121   2.828741    32.2234    25.7746 0.0000e+00
       1624    104.588     1.6126   2.828809    32.2238    25.7748 0.0000e+00
       1625    104.587     1.6144   2.829074    32.2253    25.7759 0.0000e+00
       1626    104.582     1.6168   2.829355    32.2263    25.7766 0.0000e+00
       1627    104.585     1.6189   2.829590    32.2271    25.7771 0.0000e+00
       1628    104.596     1.6193   2.829622    32.2271    25.7771 0.0000e+00
       1629    104.606     1.6185   2.829452    32.2258    25.7761 0.0000e+00
       1630    104.611     1.6182   2.829415    32.2256    25.7760 0.0000e+00
       1631    104.613     1.6183   2.829516    32.2268    25.7769 0.0000e+00
       1632    104.615     1.6165   2.829296    32.2259    25.7763 0.0000e+00
       1633    104.614     1.6123   2.828719    32.2229    25.7742 0.0000e+00
       1634    104.615     1.6100   2.828467    32.2221    25.7737 0.0000e+00
       1635    104.626     1.6126   2.828899    32.2249    25.7757 0.0000e+00
       1636    104.637     1.6177   2.829524    32.2275    25.7775 0.0000e+00
       1637    104.629     1.6210   2.829862    32.2284    25.7780 0.0000e+00
       1638    104.602     1.6214   2.829853    32.2279    25.7775 0.0000e+00
       1639    104.577     1.6203   2.829684    32.2269    25.7768 0.0000e+00
       1640    104.569     1.6196   2.829597    32.2265    25.7766 0.0000e+00
       1641    104.570     1.6203   2.829700    32.2271    25.7770 0.0000e+00
