Datasets/Test_Dataset_39219_tow/tel219_2021_013.cnv
* Sea-Bird SBE19plus Data File:
* Filename = C:/AQUIRE/tel219_2021_013.hex
* Software Version AquireV2 AF V2.0
* Temperature SN =  4020
* Conductivity SN =  4020
* System UpLoad Time = May 07 2021 02:42:05
** VESSEL/TRIP/SEQ STN: tel219_2021_013
** LATITUDE: 46 04.98 N
** LONGITUDE: 56 19.32 W
** DATE/TIME: 2021-05-07 02:04
** SOUNDING DEPTH (M): 0053
** PROBE TYPE: S4020
** CTD NUMBER:  13
** FORMAT: T
** COMMENTS: 
# nquan = 7                                 
# nvalues = 2297                        
# units = specified
# name 0 = scan: Scan Count
# name 1 = prdM: Pressure, Strain Gauge [db]
# name 2 = tv290C: Temperature [ITS-90, deg C]
# name 3 = c0S/m: Conductivity [S/m]
# name 4 = sal00: Salinity, Practical [PSU]
# name 5 = sigma-t00: Density [sigma-t, kg/m^3 ]
# name 6 = flag: flag
# span 0 =          1,       2297       
# span 1 =     -0.240,     49.840       
# span 2 =     2.0899,     3.8430       
# span 3 =   0.004651,   2.955994       
# span 4 =     0.0350,    32.0847       
# span 5 =     0.0030,    25.6299       
# span 6 = 0.0000e+00, 0.0000e+00       
# interval = seconds: 1
# start_time = May 07 2021 02:04:55 [Instrument's time stamp, header]
# bad_flag = -9.990e-29
*END*
[from data line 206]
        207     -0.229     3.8020   0.004701     0.0354     0.0034 0.0000e+00
        208     -0.231     3.8025   0.004700     0.0354     0.0034 0.0000e+00
        209     -0.230     3.8030   0.004699     0.0354     0.0033 0.0000e+00
        210     -0.226     3.8034   0.004699     0.0354     0.0033 0.0000e+00
        211     -0.224     3.8037   0.004703     0.0354     0.0034 0.0000e+00
        212     -0.226     3.8038   0.004707     0.0355     0.0034 0.0000e+00
        213     -0.227     3.8035   0.004703     0.0354     0.0034 0.0000e+00
        214     -0.226     3.8028   0.004694     0.0354     0.0033 0.0000e+00
        215     -0.223     3.8015   0.004682     0.0353     0.0032 0.0000e+00
        216     -0.223     3.8003   0.004678     0.0352     0.0032 0.0000e+00
        217     -0.227     3.7997   0.004685     0.0353     0.0032 0.0000e+00
        218     -0.234     3.7995   0.004695     0.0354     0.0033 0.0000e+00
        219     -0.235     3.7993   0.004693     0.0354     0.0033 0.0000e+00
        220     -0.231     3.7992   0.004684     0.0353     0.0032 0.0000e+00
        221     -0.228     3.7992   0.004677     0.0352     0.0032 0.0000e+00
        222     -0.230     3.7988   0.004679     0.0352     0.0032 0.0000e+00
        223     -0.235     3.7984   0.004687     0.0353     0.0033 0.0000e+00
        224     -0.234     3.7982   0.004690     0.0353     0.0033 0.0000e+00
        225     -0.228     3.7974   0.004679     0.0352     0.0032 0.0000e+00
        226     -0.224     3.7959   0.004666     0.0351     0.0031 0.0000e+00
        227     -0.222     3.7948   0.004662     0.0351     0.0031 0.0000e+00
        228     -0.224     3.7944   0.004662     0.0351     0.0031 0.0000e+00
        229     -0.227     3.7947   0.004665     0.0351     0.0031 0.0000e+00
        230     -0.226     3.7954   0.004671     0.0352     0.0032 0.0000e+00
        231     -0.226     3.7961   0.004675     0.0352     0.0032 0.0000e+00
        232     -0.229     3.7965   0.004672     0.0352     0.0032 0.0000e+00
        233     -0.231     3.7961   0.004664     0.0351     0.0031 0.0000e+00
        234     -0.232     3.7953   0.004661     0.0351     0.0031 0.0000e+00
        235     -0.232     3.7947   0.004664     0.0351     0.0031 0.0000e+00
        236     -0.232     3.7946   0.004669     0.0352     0.0031 0.0000e+00
        237     -0.234     3.7944   0.004665     0.0351     0.0031 0.0000e+00
        238     -0.234     3.7942   0.004662     0.0351     0.0031 0.0000e+00
        239     -0.233     3.7940   0.004668     0.0352     0.0031 0.0000e+00
        240     -0.234     3.7934   0.004677     0.0352     0.0032 0.0000e+00
        241     -0.231     3.7923   0.004674     0.0352     0.0032 0.0000e+00
        242     -0.227     3.7910   0.004662     0.0351     0.0031 0.0000e+00
        243     -0.226     3.7906   0.004656     0.0351     0.0030 0.0000e+00
        244     -0.227     3.7910   0.004666     0.0351     0.0031 0.0000e+00
        245     -0.227     3.7912   0.004683     0.0353     0.0032 0.0000e+00
        246     -0.227     3.7908   0.004691     0.0353     0.0033 0.0000e+00
        247     -0.228     3.7902   0.004683     0.0353     0.0032 0.0000e+00
        248     -0.228     3.7902   0.004668     0.0352     0.0031 0.0000e+00
        249     -0.225     3.7902   0.004661     0.0351     0.0031 0.0000e+00
        250     -0.221     3.7892   0.004662     0.0351     0.0031 0.0000e+00
        251     -0.223     3.7874   0.004667     0.0352     0.0031 0.0000e+00
        252     -0.228     3.7862   0.004674     0.0352     0.0031 0.0000e+00
        253     -0.232     3.7858   0.004674     0.0352     0.0031 0.0000e+00
        254     -0.232     3.7858   0.004666     0.0352     0.0031 0.0000e+00
        255     -0.232     3.7858   0.004654     0.0351     0.0030 0.0000e+00
        256     -0.232     3.7858   0.004651     0.0350     0.0030 0.0000e+00
        257     -0.230     3.7858   0.004662     0.0351     0.0031 0.0000e+00
        258     -0.228     3.7858   0.004674     0.0352     0.0031 0.0000e+00
        259     -0.228     3.7858   0.004678     0.0352     0.0032 0.0000e+00
        260     -0.228     3.7859   0.004676     0.0352     0.0032 0.0000e+00
        261     -0.227     3.7862   0.004672     0.0352     0.0031 0.0000e+00
        262     -0.230     3.7864   0.004669     0.0352     0.0031 0.0000e+00
        263     -0.234     3.7865   0.004672     0.0352     0.0031 0.0000e+00
        264     -0.236     3.7865   0.004674     0.0352     0.0031 0.0000e+00
        265     -0.234     3.7857   0.004672     0.0352     0.0031 0.0000e+00
        266     -0.233     3.7845   0.004671     0.0352     0.0031 0.0000e+00
        267     -0.234     3.7841   0.004675     0.0352     0.0031 0.0000e+00
        268     -0.234     3.7847   0.004680     0.0353     0.0032 0.0000e+00
        269     -0.233     3.7858   0.004679     0.0353     0.0032 0.0000e+00
        270     -0.233     3.7870   0.004677     0.0352     0.0032 0.0000e+00
        271     -0.232     3.7883   0.004681     0.0353     0.0032 0.0000e+00
        272     -0.233     3.7895   0.004694     0.0354     0.0033 0.0000e+00
        273     -0.236     3.7906   0.004714     0.0355     0.0034 0.0000e+00
        274     -0.233     3.7912   0.004722     0.0356     0.0035 0.0000e+00
        275     -0.228     3.7911   0.004712     0.0355     0.0034 0.0000e+00
        276     -0.227     3.7905   0.004698     0.0354     0.0033 0.0000e+00
        277     -0.227     3.7900   0.004691     0.0353     0.0033 0.0000e+00
        278     -0.226     3.7895   0.004693     0.0354     0.0033 0.0000e+00
        279     -0.223     3.7893   0.004700     0.0354     0.0033 0.0000e+00
        280     -0.222     3.7896   0.004709     0.0355     0.0034 0.0000e+00
        281     -0.225     3.7901   0.004711     0.0355     0.0034 0.0000e+00
        282     -0.227     3.7904   0.004701     0.0354     0.0033 0.0000e+00
        283     -0.227     3.7900   0.004682     0.0353     0.0032 0.0000e+00
        284     -0.230     3.7895   0.004678     0.0352     0.0032 0.0000e+00
        285     -0.232     3.7893   0.004695     0.0354     0.0033 0.0000e+00
        286     -0.231     3.7895   0.004730     0.0356     0.0035 0.0000e+00
        287     -0.228     3.7897   0.004765     0.0359     0.0037 0.0000e+00
        288     -0.226     3.7900   0.004784     0.0361     0.0038 0.0000e+00
        289     -0.229     3.7905   0.004787     0.0361     0.0039 0.0000e+00
        290     -0.232     3.7908   0.004798     0.0362     0.0039 0.0000e+00
        291     -0.231     3.7909   0.004829     0.0364     0.0041 0.0000e+00
        292     -0.228     3.7902   0.004870     0.0367     0.0044 0.0000e+00
        293     -0.224     3.7892   0.004919     0.0371     0.0047 0.0000e+00
        294     -0.222     3.7884   0.004960     0.0374     0.0049 0.0000e+00
        295     -0.224     3.7875   0.004981     0.0376     0.0051 0.0000e+00
        296     -0.225     3.7862   0.005003     0.0378     0.0052 0.0000e+00
        297     -0.227     3.7852   0.005084     0.0384     0.0057 0.0000e+00
        298     -0.232     3.7843   0.005223     0.0395     0.0066 0.0000e+00
        299     -0.237     3.7821   0.005450     0.0412     0.0080 0.0000e+00
        300     -0.237     3.7780   0.005946     0.0451     0.0111 0.0000e+00
        301     -0.232     3.7733   0.006577     0.0501     0.0151 0.0000e+00
        302     -0.222     3.7698   0.006905     0.0527     0.0172 0.0000e+00
        303     -0.208     3.7641   0.058668     0.4841     0.3650 0.0000e+00
        304     -0.182     3.7293   0.647366     6.1095     4.8617 0.0000e+00
        305     -0.132     3.6430   1.849204    19.0200    15.1200 0.0000e+00
        306     -0.070     3.5496   2.682909    28.6614    22.7860 0.0000e+00
        307     -0.029     3.5007   2.865424    30.8631    24.5420 0.0000e+00
        308     -0.027     3.4791   2.910250    31.4172    24.9850 0.0000e+00
        309     -0.058     3.4561   2.947966    31.8896    25.3632 0.0000e+00
        310     -0.079     3.4390   2.954596    31.9857    25.4413 0.0000e+00
        311     -0.048     3.4434   2.951593    31.9455    25.4088 0.0000e+00
        312      0.029     3.4609   2.945487    31.8552    25.3354 0.0000e+00
        313      0.122     3.4726   2.945823    31.8477    25.3284 0.0000e+00
        314      0.214     3.4757   2.952485    31.9242    25.3890 0.0000e+00
        315      0.291     3.4763   2.955979    31.9653    25.4217 0.0000e+00
        316      0.319     3.4719   2.955994    31.9698    25.4256 0.0000e+00
        317      0.261     3.4577   2.954753    31.9690    25.4263 0.0000e+00
        318      0.144     3.4403   2.952522    31.9595    25.4203 0.0000e+00
        319      0.056     3.4341   2.950607    31.9428    25.4075 0.0000e+00
        320      0.062     3.4398   2.950089    31.9310    25.3976 0.0000e+00
        321      0.160     3.4448   2.951188    31.9391    25.4037 0.0000e+00
        322      0.319     3.4444   2.952513    31.9553    25.4166 0.0000e+00
        323      0.493     3.4417   2.953568    31.9705    25.4289 0.0000e+00
        324      0.608     3.4371   2.953440    31.9734    25.4317 0.0000e+00
        325      0.646     3.4329   2.944012    31.8648    25.3455 0.0000e+00
        326      0.669     3.4351   2.934108    31.7443    25.2494 0.0000e+00
        327      0.735     3.4450   2.941164    31.8189    25.3079 0.0000e+00
        328      0.847     3.4550   2.951333    31.9305    25.3959 0.0000e+00
        329      0.965     3.4589   2.953557    31.9531    25.4136 0.0000e+00
        330      1.068     3.4586   2.954091    31.9598    25.4189 0.0000e+00
        331      1.140     3.4533   2.954221    31.9665    25.4247 0.0000e+00
        332      1.123     3.4378   2.953260    31.9703    25.4291 0.0000e+00
        333      1.017     3.4169   2.951452    31.9693    25.4302 0.0000e+00
        334      0.918     3.4017   2.950352    31.9712    25.4331 0.0000e+00
        335      0.922     3.3970   2.950372    31.9761    25.4374 0.0000e+00
        336      1.045     3.4000   2.950525    31.9749    25.4362 0.0000e+00
        337      1.215     3.4042   2.950574    31.9713    25.4329 0.0000e+00
        338      1.365     3.4057   2.950774    31.9721    25.4334 0.0000e+00
        339      1.497     3.4063   2.950763    31.9713    25.4327 0.0000e+00
        340      1.639     3.4082   2.950871    31.9706    25.4320 0.0000e+00
        341      1.798     3.4105   2.951549    31.9764    25.4364 0.0000e+00
        342      1.961     3.4118   2.952069    31.9813    25.4402 0.0000e+00
        343      2.104     3.4109   2.952063    31.9820    25.4409 0.0000e+00
        344      2.222     3.4101   2.951875    31.9805    25.4397 0.0000e+00
        345      2.364     3.4137   2.951470    31.9720    25.4326 0.0000e+00
        346      2.557     3.4187   2.950616    31.9568    25.4201 0.0000e+00
        347      2.749     3.4180   2.950019    31.9502    25.4149 0.0000e+00
        348      2.918     3.4130   2.949879    31.9534    25.4179 0.0000e+00
        349      3.138     3.4110   2.949852    31.9549    25.4193 0.0000e+00
        350      3.455     3.4141   2.950272    31.9567    25.4204 0.0000e+00
        351      3.820     3.4177   2.950293    31.9532    25.4173 0.0000e+00
        352      4.146     3.4173   2.949517    31.9442    25.4101 0.0000e+00
        353      4.385     3.4129   2.948932    31.9414    25.4083 0.0000e+00
        354      4.570     3.4097   2.949155    31.9471    25.4132 0.0000e+00
        355      4.757     3.4105   2.950224    31.9590    25.4226 0.0000e+00
        356      4.948     3.4128   2.951253    31.9690    25.4303 0.0000e+00
        357      5.141     3.4148   2.951510    31.9700    25.4309 0.0000e+00
        358      5.367     3.4163   2.951196    31.9646    25.4265 0.0000e+00
        359      5.609     3.4152   2.950821    31.9611    25.4238 0.0000e+00
        360      5.792     3.4106   2.950517    31.9619    25.4249 0.0000e+00
        361      5.883     3.4049   2.950121    31.9627    25.4260 0.0000e+00
        362      5.920     3.4010   2.949895    31.9638    25.4273 0.0000e+00
        363      5.931     3.3993   2.949873    31.9652    25.4285 0.0000e+00
        364      5.897     3.3988   2.949892    31.9660    25.4292 0.0000e+00
        365      5.813     3.3986   2.949991    31.9674    25.4303 0.0000e+00
        366      5.712     3.3984   2.950082    31.9688    25.4314 0.0000e+00
        367      5.621     3.3985   2.950150    31.9695    25.4320 0.0000e+00
        368      5.557     3.3994   2.950264    31.9700    25.4323 0.0000e+00
        369      5.543     3.4005   2.950395    31.9705    25.4326 0.0000e+00
        370      5.575     3.4010   2.950483    31.9711    25.4330 0.0000e+00
        371      5.647     3.4013   2.950525    31.9712    25.4331 0.0000e+00
        372      5.784     3.4017   2.950580    31.9714    25.4332 0.0000e+00
        373      5.974     3.4018   2.950648    31.9720    25.4337 0.0000e+00
        374      6.163     3.4010   2.950618    31.9724    25.4341 0.0000e+00
        375      6.318     3.3996   2.950470    31.9719    25.4338 0.0000e+00
        376      6.436     3.3984   2.950304    31.9710    25.4332 0.0000e+00
        377      6.533     3.3977   2.950212    31.9706    25.4329 0.0000e+00
        378      6.629     3.3973   2.950240    31.9712    25.4335 0.0000e+00
        379      6.727     3.3972   2.950363    31.9728    25.4347 0.0000e+00
        380      6.823     3.3973   2.950397    31.9730    25.4349 0.0000e+00
        381      6.923     3.3970   2.950229    31.9713    25.4335 0.0000e+00
        382      7.068     3.3960   2.950044    31.9700    25.4326 0.0000e+00
        383      7.288     3.3948   2.949978    31.9702    25.4329 0.0000e+00
        384      7.531     3.3936   2.949962    31.9711    25.4337 0.0000e+00
        385      7.708     3.3924   2.949929    31.9718    25.4344 0.0000e+00
        386      7.780     3.3913   2.949877    31.9722    25.4348 0.0000e+00
        387      7.761     3.3913   2.949886    31.9723    25.4349 0.0000e+00
        388      7.685     3.3929   2.949958    31.9717    25.4342 0.0000e+00
        389      7.611     3.3943   2.949992    31.9707    25.4334 0.0000e+00
        390      7.624     3.3934   2.949933    31.9709    25.4336 0.0000e+00
        391      7.750     3.3912   2.949794    31.9713    25.4341 0.0000e+00
        392      7.909     3.3895   2.949719    31.9720    25.4348 0.0000e+00
        393      8.001     3.3895   2.949790    31.9728    25.4355 0.0000e+00
        394      8.021     3.3907   2.949847    31.9723    25.4350 0.0000e+00
        395      8.031     3.3912   2.949828    31.9716    25.4343 0.0000e+00
        396      8.081     3.3900   2.949749    31.9718    25.4346 0.0000e+00
        397      8.166     3.3883   2.949597    31.9716    25.4346 0.0000e+00
        398      8.248     3.3876   2.949552    31.9717    25.4348 0.0000e+00
        399      8.281     3.3882   2.949640    31.9722    25.4351 0.0000e+00
        400      8.232     3.3893   2.949685    31.9717    25.4345 0.0000e+00
        401      8.096     3.3899   2.949688    31.9712    25.4341 0.0000e+00
        402      7.901     3.3898   2.949666    31.9711    25.4341 0.0000e+00
        403      7.725     3.3892   2.949614    31.9712    25.4342 0.0000e+00
        404      7.639     3.3887   2.949574    31.9712    25.4343 0.0000e+00
        405      7.627     3.3884   2.949571    31.9715    25.4345 0.0000e+00
        406      7.598     3.3883   2.949599    31.9720    25.4349 0.0000e+00
        407      7.473     3.3886   2.949643    31.9722    25.4351 0.0000e+00
        408      7.240     3.3893   2.949696    31.9723    25.4351 0.0000e+00
        409      6.939     3.3898   2.949705    31.9721    25.4348 0.0000e+00
        410      6.656     3.3897   2.949671    31.9719    25.4347 0.0000e+00
