Datasets/Test_Dataset_39219_tow/tel219_2021_081.cnv
* Sea-Bird SBE19plus Data File:
* Filename = C:/AQUIRE/tel219_2021_081.hex
* Software Version AquireV2 AF V2.0
* Temperature SN =  4020
* Conductivity SN =  4020
* System UpLoad Time = May 16 2021 16:45:53
** VESSEL/TRIP/SEQ STN: tel219_2021_081
** LATITUDE: 46 04.58 N
** LONGITUDE: 59 47.63 W
** DATE/TIME: 2021-05-16 16:02
** SOUNDING DEPTH (M): 0053
** PROBE TYPE: S4020
** CTD NUMBER: 081
** FORMAT: T
** COMMENTS: 
# nquan = 7                                 
# nvalues = 2715                        
# units = specified
# name 0 = scan: Scan Count
# name 1 = prdM: Pressure, Strain Gauge [db]
# name 2 = tv290C: Temperature [ITS-90, deg C]
# name 3 = c0S/m: Conductivity [S/m]
# name 4 = sal00: Salinity, Practical [PSU]
# name 5 = sigma-t00: Density [sigma-t, kg/m^3 ]
# name 6 = flag: flag
# span 0 =          1,       2715       
# span 1 =     -0.123,     48.274       
# span 2 =     3.2282,     7.7344       
# span 3 =   0.017324,   3.103363       
# span 4 =     0.1319,    32.1885       
# span 5 =     0.0041,    25.6215       
# span 6 = 0.0000e+00, 0.0000e+00       
# interval = seconds: 1
# start_time = May 16 2021 16:02:08 [Instrument's time stamp, header]
# bad_flag = -9.990e-29
*END*
[from data line 1436]
       1437     48.095     3.2443   2.956735    32.1791    25.6127 0.0000e+00
       1438     48.108     3.2442   2.956737    32.1792    25.6128 0.0000e+00
       1439     48.116     3.2425   2.956667    32.1801    25.6136 0.0000e+00
       1440     48.116     3.2393   2.956529    32.1816    25.6151 0.0000e+00
       1441     48.112     3.2366   2.956422    32.1830    25.6165 0.0000e+00
       1442     48.106     3.2362   2.956425    32.1834    25.6168 0.0000e+00
       1443     48.096     3.2375   2.956497    32.1830    25.6164 0.0000e+00
       1444     48.082     3.2390   2.956561    32.1823    25.6157 0.0000e+00
       1445     48.069     3.2397   2.956570    32.1817    25.6152 0.0000e+00
       1446     48.061     3.2393   2.956541    32.1818    25.6152 0.0000e+00
       1447     48.059     3.2389   2.956532    32.1821    25.6155 0.0000e+00
       1448     48.058     3.2394   2.956556    32.1819    25.6153 0.0000e+00
       1449     48.056     3.2412   2.956627    32.1809    25.6144 0.0000e+00
       1450     48.054     3.2432   2.956717    32.1800    25.6135 0.0000e+00
       1451     48.053     3.2445   2.956772    32.1794    25.6129 0.0000e+00
       1452     48.055     3.2451   2.956799    32.1791    25.6126 0.0000e+00
       1453     48.059     3.2452   2.956819    32.1792    25.6127 0.0000e+00
       1454     48.063     3.2447   2.956810    32.1796    25.6131 0.0000e+00
       1455     48.066     3.2437   2.956769    32.1801    25.6135 0.0000e+00
       1456     48.069     3.2433   2.956758    32.1804    25.6138 0.0000e+00
       1457     48.070     3.2445   2.956829    32.1801    25.6134 0.0000e+00
       1458     48.067     3.2469   2.956940    32.1790    25.6124 0.0000e+00
       1459     48.066     3.2496   2.957045    32.1776    25.6110 0.0000e+00
       1460     48.070     3.2513   2.957129    32.1769    25.6103 0.0000e+00
       1461     48.074     3.2509   2.957125    32.1772    25.6106 0.0000e+00
       1462     48.071     3.2492   2.957022    32.1777    25.6111 0.0000e+00
       1463     48.063     3.2481   2.956971    32.1782    25.6116 0.0000e+00
       1464     48.056     3.2489   2.957031    32.1781    25.6115 0.0000e+00
       1465     48.050     3.2500   2.957092    32.1778    25.6111 0.0000e+00
       1466     48.044     3.2511   2.957119    32.1770    25.6104 0.0000e+00
       1467     48.041     3.2539   2.957237    32.1756    25.6090 0.0000e+00
       1468     48.041     3.2586   2.957463    32.1737    25.6071 0.0000e+00
       1469     48.043     3.2630   2.957647    32.1715    25.6050 0.0000e+00
       1470     48.042     3.2658   2.957758    32.1700    25.6036 0.0000e+00
       1471     48.041     3.2663   2.957798    32.1700    25.6035 0.0000e+00
       1472     48.046     3.2639   2.957681    32.1710    25.6045 0.0000e+00
       1473     48.056     3.2597   2.957468    32.1726    25.6061 0.0000e+00
       1474     48.061     3.2551   2.957276    32.1749    25.6084 0.0000e+00
       1475     48.061     3.2498   2.957056    32.1775    25.6109 0.0000e+00
       1476     48.059     3.2453   2.956839    32.1794    25.6128 0.0000e+00
       1477     48.050     3.2438   2.956780    32.1802    25.6136 0.0000e+00
       1478     48.033     3.2445   2.956823    32.1800    25.6134 0.0000e+00
       1479     48.016     3.2453   2.956846    32.1795    25.6129 0.0000e+00
       1480     48.009     3.2465   2.956887    32.1788    25.6122 0.0000e+00
       1481     48.009     3.2487   2.956986    32.1778    25.6112 0.0000e+00
       1482     48.013     3.2510   2.957092    32.1768    25.6102 0.0000e+00
       1483     48.016     3.2521   2.957127    32.1761    25.6096 0.0000e+00
       1484     48.012     3.2522   2.957109    32.1758    25.6093 0.0000e+00
       1485     47.999     3.2527   2.957143    32.1757    25.6092 0.0000e+00
       1486     47.984     3.2544   2.957246    32.1753    25.6087 0.0000e+00
       1487     47.977     3.2557   2.957320    32.1749    25.6083 0.0000e+00
       1488     47.976     3.2565   2.957333    32.1742    25.6077 0.0000e+00
       1489     47.972     3.2592   2.957458    32.1730    25.6065 0.0000e+00
       1490     47.957     3.2631   2.957673    32.1718    25.6052 0.0000e+00
       1491     47.935     3.2649   2.957739    32.1708    25.6042 0.0000e+00
       1492     47.916     3.2645   2.957682    32.1705    25.6040 0.0000e+00
       1493     47.907     3.2648   2.957730    32.1708    25.6042 0.0000e+00
       1494     47.906     3.2649   2.957757    32.1710    25.6044 0.0000e+00
       1495     47.910     3.2618   2.957568    32.1718    25.6053 0.0000e+00
       1496     47.916     3.2572   2.957362    32.1739    25.6074 0.0000e+00
       1497     47.919     3.2547   2.957284    32.1755    25.6088 0.0000e+00
       1498     47.920     3.2531   2.957221    32.1763    25.6097 0.0000e+00
       1499     47.923     3.2500   2.957052    32.1773    25.6108 0.0000e+00
       1500     47.928     3.2471   2.956909    32.1785    25.6119 0.0000e+00
       1501     47.931     3.2466   2.956922    32.1792    25.6125 0.0000e+00
       1502     47.927     3.2459   2.956907    32.1797    25.6130 0.0000e+00
       1503     47.916     3.2438   2.956793    32.1804    25.6137 0.0000e+00
       1504     47.899     3.2423   2.956727    32.1811    25.6144 0.0000e+00
       1505     47.880     3.2427   2.956758    32.1811    25.6144 0.0000e+00
       1506     47.868     3.2432   2.956780    32.1809    25.6142 0.0000e+00
       1507     47.862     3.2430   2.956739    32.1806    25.6140 0.0000e+00
       1508     47.861     3.2435   2.956738    32.1801    25.6135 0.0000e+00
       1509     47.860     3.2455   2.956832    32.1792    25.6126 0.0000e+00
       1510     47.857     3.2485   2.956948    32.1776    25.6111 0.0000e+00
       1511     47.856     3.2512   2.957057    32.1762    25.6098 0.0000e+00
       1512     47.855     3.2529   2.957121    32.1753    25.6089 0.0000e+00
       1513     47.849     3.2532   2.957125    32.1751    25.6087 0.0000e+00
       1514     47.838     3.2527   2.957132    32.1757    25.6092 0.0000e+00
       1515     47.828     3.2508   2.957055    32.1766    25.6101 0.0000e+00
       1516     47.827     3.2481   2.956907    32.1775    25.6111 0.0000e+00
       1517     47.828     3.2470   2.956865    32.1781    25.6117 0.0000e+00
       1518     47.823     3.2489   2.956954    32.1773    25.6108 0.0000e+00
       1519     47.811     3.2515   2.957060    32.1760    25.6096 0.0000e+00
       1520     47.798     3.2538   2.957139    32.1747    25.6083 0.0000e+00
       1521     47.786     3.2557   2.957215    32.1737    25.6074 0.0000e+00
       1522     47.778     3.2553   2.957197    32.1739    25.6075 0.0000e+00
       1523     47.775     3.2516   2.957015    32.1754    25.6091 0.0000e+00
       1524     47.773     3.2478   2.956831    32.1770    25.6106 0.0000e+00
       1525     47.770     3.2475   2.956848    32.1775    25.6111 0.0000e+00
       1526     47.762     3.2499   2.956985    32.1767    25.6103 0.0000e+00
       1527     47.747     3.2531   2.957101    32.1749    25.6086 0.0000e+00
       1528     47.729     3.2570   2.957255    32.1729    25.6066 0.0000e+00
       1529     47.716     3.2603   2.957404    32.1714    25.6051 0.0000e+00
       1530     47.716     3.2622   2.957460    32.1702    25.6040 0.0000e+00
       1531     47.730     3.2630   2.957502    32.1699    25.6037 0.0000e+00
       1532     47.750     3.2627   2.957493    32.1701    25.6039 0.0000e+00
       1533     47.764     3.2615   2.957415    32.1703    25.6042 0.0000e+00
       1534     47.768     3.2595   2.957336    32.1714    25.6052 0.0000e+00
       1535     47.763     3.2580   2.957280    32.1722    25.6060 0.0000e+00
       1536     47.753     3.2601   2.957384    32.1714    25.6051 0.0000e+00
       1537     47.743     3.2660   2.957648    32.1687    25.6025 0.0000e+00
       1538     47.735     3.2719   2.957891    32.1657    25.5996 0.0000e+00
       1539     47.729     3.2764   2.958075    32.1635    25.5974 0.0000e+00
       1540     47.724     3.2782   2.958137    32.1624    25.5964 0.0000e+00
       1541     47.713     3.2783   2.958097    32.1619    25.5959 0.0000e+00
       1542     47.697     3.2809   2.958216    32.1607    25.5948 0.0000e+00
       1543     47.684     3.2847   2.958440    32.1596    25.5936 0.0000e+00
       1544     47.676     3.2839   2.958374    32.1596    25.5937 0.0000e+00
       1545     47.671     3.2792   2.958121    32.1613    25.5954 0.0000e+00
       1546     47.672     3.2755   2.957970    32.1631    25.5972 0.0000e+00
       1547     47.676     3.2747   2.957961    32.1638    25.5978 0.0000e+00
       1548     47.678     3.2731   2.957979    32.1656    25.5994 0.0000e+00
       1549     47.677     3.2659   2.957662    32.1690    25.6027 0.0000e+00
       1550     47.670     3.2556   2.957152    32.1731    25.6069 0.0000e+00
       1551     47.654     3.2497   2.956928    32.1763    25.6100 0.0000e+00
       1552     47.637     3.2504   2.957000    32.1765    25.6100 0.0000e+00
       1553     47.626     3.2533   2.957166    32.1756    25.6091 0.0000e+00
       1554     47.619     3.2528   2.957174    32.1762    25.6096 0.0000e+00
       1555     47.614     3.2488   2.956953    32.1775    25.6110 0.0000e+00
       1556     47.609     3.2449   2.956763    32.1791    25.6126 0.0000e+00
       1557     47.603     3.2427   2.956691    32.1804    25.6139 0.0000e+00
       1558     47.598     3.2417   2.956654    32.1810    25.6144 0.0000e+00
       1559     47.592     3.2414   2.956642    32.1811    25.6145 0.0000e+00
       1560     47.585     3.2417   2.956657    32.1810    25.6144 0.0000e+00
       1561     47.574     3.2425   2.956695    32.1807    25.6141 0.0000e+00
       1562     47.559     3.2434   2.956732    32.1803    25.6137 0.0000e+00
       1563     47.545     3.2439   2.956745    32.1799    25.6134 0.0000e+00
       1564     47.534     3.2442   2.956753    32.1797    25.6132 0.0000e+00
       1565     47.526     3.2448   2.956777    32.1794    25.6129 0.0000e+00
       1566     47.521     3.2454   2.956801    32.1791    25.6126 0.0000e+00
       1567     47.520     3.2453   2.956789    32.1791    25.6126 0.0000e+00
       1568     47.515     3.2448   2.956763    32.1793    25.6127 0.0000e+00
       1569     47.507     3.2446   2.956756    32.1794    25.6129 0.0000e+00
       1570     47.498     3.2447   2.956759    32.1793    25.6128 0.0000e+00
       1571     47.491     3.2451   2.956781    32.1792    25.6127 0.0000e+00
       1572     47.490     3.2458   2.956807    32.1788    25.6123 0.0000e+00
       1573     47.489     3.2464   2.956830    32.1785    25.6120 0.0000e+00
       1574     47.484     3.2468   2.956847    32.1783    25.6118 0.0000e+00
       1575     47.480     3.2471   2.956861    32.1782    25.6117 0.0000e+00
       1576     47.479     3.2474   2.956882    32.1781    25.6116 0.0000e+00
       1577     47.473     3.2473   2.956874    32.1781    25.6116 0.0000e+00
       1578     47.455     3.2474   2.956867    32.1780    25.6115 0.0000e+00
       1579     47.431     3.2486   2.956918    32.1774    25.6109 0.0000e+00
       1580     47.407     3.2497   2.956967    32.1769    25.6104 0.0000e+00
       1581     47.388     3.2496   2.956952    32.1768    25.6104 0.0000e+00
       1582     47.378     3.2486   2.956906    32.1773    25.6108 0.0000e+00
       1583     47.377     3.2481   2.956889    32.1776    25.6111 0.0000e+00
       1584     47.379     3.2481   2.956890    32.1776    25.6111 0.0000e+00
       1585     47.383     3.2483   2.956890    32.1774    25.6109 0.0000e+00
       1586     47.388     3.2489   2.956920    32.1771    25.6107 0.0000e+00
       1587     47.389     3.2502   2.956989    32.1767    25.6102 0.0000e+00
       1588     47.386     3.2511   2.957022    32.1762    25.6097 0.0000e+00
       1589     47.381     3.2511   2.957005    32.1760    25.6096 0.0000e+00
       1590     47.374     3.2511   2.957001    32.1759    25.6095 0.0000e+00
       1591     47.367     3.2512   2.957007    32.1759    25.6095 0.0000e+00
       1592     47.365     3.2515   2.957025    32.1758    25.6094 0.0000e+00
       1593     47.364     3.2524   2.957072    32.1755    25.6091 0.0000e+00
       1594     47.359     3.2526   2.957086    32.1755    25.6090 0.0000e+00
       1595     47.354     3.2515   2.957030    32.1759    25.6095 0.0000e+00
       1596     47.353     3.2507   2.956987    32.1762    25.6098 0.0000e+00
       1597     47.352     3.2516   2.957029    32.1758    25.6094 0.0000e+00
       1598     47.348     3.2542   2.957151    32.1747    25.6083 0.0000e+00
       1599     47.346     3.2568   2.957268    32.1735    25.6071 0.0000e+00
       1600     47.347     3.2586   2.957326    32.1724    25.6061 0.0000e+00
       1601     47.344     3.2601   2.957387    32.1716    25.6053 0.0000e+00
       1602     47.334     3.2611   2.957435    32.1712    25.6049 0.0000e+00
       1603     47.317     3.2606   2.957402    32.1713    25.6050 0.0000e+00
       1604     47.297     3.2596   2.957348    32.1717    25.6054 0.0000e+00
       1605     47.286     3.2609   2.957408    32.1711    25.6048 0.0000e+00
       1606     47.288     3.2649   2.957598    32.1694    25.6031 0.0000e+00
       1607     47.291     3.2694   2.957795    32.1673    25.6011 0.0000e+00
       1608     47.290     3.2729   2.957912    32.1652    25.5991 0.0000e+00
       1609     47.284     3.2760   2.958034    32.1636    25.5975 0.0000e+00
       1610     47.279     3.2773   2.958128    32.1635    25.5973 0.0000e+00
       1611     47.280     3.2748   2.958013    32.1646    25.5984 0.0000e+00
       1612     47.285     3.2710   2.957823    32.1661    25.5999 0.0000e+00
       1613     47.291     3.2687   2.957751    32.1675    25.6013 0.0000e+00
       1614     47.293     3.2661   2.957655    32.1689    25.6026 0.0000e+00
       1615     47.290     3.2628   2.957490    32.1702    25.6039 0.0000e+00
       1616     47.286     3.2614   2.957429    32.1709    25.6046 0.0000e+00
       1617     47.283     3.2625   2.957495    32.1706    25.6043 0.0000e+00
       1618     47.277     3.2644   2.957588    32.1698    25.6035 0.0000e+00
       1619     47.269     3.2654   2.957627    32.1693    25.6030 0.0000e+00
       1620     47.263     3.2653   2.957611    32.1692    25.6029 0.0000e+00
       1621     47.262     3.2652   2.957595    32.1691    25.6029 0.0000e+00
       1622     47.261     3.2660   2.957624    32.1686    25.6024 0.0000e+00
       1623     47.254     3.2678   2.957715    32.1680    25.6017 0.0000e+00
       1624     47.248     3.2700   2.957823    32.1671    25.6008 0.0000e+00
       1625     47.248     3.2721   2.957910    32.1660    25.5998 0.0000e+00
       1626     47.252     3.2738   2.957979    32.1652    25.5990 0.0000e+00
       1627     47.246     3.2763   2.958058    32.1636    25.5975 0.0000e+00
       1628     47.223     3.2812   2.958259    32.1612    25.5951 0.0000e+00
       1629     47.192     3.2859   2.958496    32.1594    25.5933 0.0000e+00
       1630     47.165     3.2858   2.958497    32.1595    25.5934 0.0000e+00
       1631     47.154     3.2826   2.958341    32.1608    25.5947 0.0000e+00
       1632     47.160     3.2845   2.958403    32.1597    25.5936 0.0000e+00
       1633     47.174     3.2968   2.958985    32.1544    25.5884 0.0000e+00
       1634     47.190     3.3146   2.959850    32.1471    25.5810 0.0000e+00
       1635     47.201     3.3294   2.960530    32.1406    25.5744 0.0000e+00
       1636     47.208     3.3380   2.960932    32.1369    25.5707 0.0000e+00
       1637     47.212     3.3418   2.961122    32.1354    25.5692 0.0000e+00
       1638     47.211     3.3452   2.961287    32.1340    25.5678 0.0000e+00
       1639     47.201     3.3491   2.961479    32.1324    25.5662 0.0000e+00
       1640     47.183     3.3479   2.961419    32.1329    25.5667 0.0000e+00
       1641     47.172     3.3371   2.960879    32.1371    25.5710 0.0000e+00
