Datasets/Test_Dataset_39219_tow/tel219_2021_006.cnv
* Sea-Bird SBE19plus Data File:
* Filename = C:/AQUIRE/tel219_2021_006.hex
* Software Version AquireV2 AF V2.0
* Temperature SN =  4020
* Conductivity SN =  4020
* System UpLoad Time = May 06 2021 11:05:39
** VESSEL/TRIP/SEQ STN: tel219_2021_006
** LATITUDE: 45 49.02 N
** LONGITUDE: 55 27.86 W
** DATE/TIME: 2021-05-06 10:20
** SOUNDING DEPTH (M): 0077
** PROBE TYPE: S4020
** CTD NUMBER:   6
** FORMAT: T
** COMMENTS: 
# nquan = 7                                 
# nvalues = 2790                        
# units = specified
# name 0 = scan: Scan Count
# name 1 = prdM: Pressure, Strain Gauge [db]
# name 2 = tv290C: Temperature [ITS-90, deg C]
# name 3 = c0S/m: Conductivity [S/m]
# name 4 = sal00: Salinity, Practical [PSU]
# name 5 = sigma-t00: Density [sigma-t, kg/m^3 ]
# name 6 = flag: flag
# span 0 =          1,       2790       
# span 1 =     -0.149,     75.509       
# span 2 =     0.8808,     3.5997       
# span 3 =   0.002628,   2.952752       
# span 4 =     0.0195,    32.2448       
# span 5 =    -0.0110,    25.8371       
# span 6 = 0.0000e+00, 0.0000e+00       
# interval = seconds: 1
# start_time = May 06 2021 10:20:00 [Instrument's time stamp, header]
# bad_flag = -9.990e-29
*END*
[from data line 616]
        617     -0.125     3.5364   0.002672     0.0199    -0.0105 0.0000e+00
        618     -0.121     3.5368   0.002671     0.0199    -0.0105 0.0000e+00
        619     -0.123     3.5370   0.002672     0.0199    -0.0105 0.0000e+00
        620     -0.128     3.5373   0.002674     0.0199    -0.0105 0.0000e+00
        621     -0.131     3.5374   0.002675     0.0199    -0.0105 0.0000e+00
        622     -0.131     3.5374   0.002672     0.0199    -0.0105 0.0000e+00
        623     -0.130     3.5375   0.002670     0.0199    -0.0105 0.0000e+00
        624     -0.132     3.5376   0.002672     0.0199    -0.0105 0.0000e+00
        625     -0.136     3.5376   0.002677     0.0199    -0.0105 0.0000e+00
        626     -0.135     3.5377   0.002679     0.0199    -0.0105 0.0000e+00
        627     -0.128     3.5378   0.002679     0.0199    -0.0105 0.0000e+00
        628     -0.123     3.5378   0.002676     0.0199    -0.0105 0.0000e+00
        629     -0.124     3.5378   0.002676     0.0199    -0.0105 0.0000e+00
        630     -0.129     3.5378   0.002678     0.0199    -0.0105 0.0000e+00
        631     -0.132     3.5374   0.002679     0.0199    -0.0105 0.0000e+00
        632     -0.133     3.5365   0.002679     0.0199    -0.0105 0.0000e+00
        633     -0.135     3.5355   0.002677     0.0199    -0.0105 0.0000e+00
        634     -0.134     3.5350   0.002677     0.0199    -0.0105 0.0000e+00
        635     -0.131     3.5349   0.002677     0.0199    -0.0105 0.0000e+00
        636     -0.131     3.5350   0.002674     0.0199    -0.0105 0.0000e+00
        637     -0.132     3.5350   0.002668     0.0199    -0.0106 0.0000e+00
        638     -0.133     3.5347   0.002665     0.0198    -0.0106 0.0000e+00
        639     -0.132     3.5343   0.002668     0.0199    -0.0106 0.0000e+00
        640     -0.131     3.5339   0.002672     0.0199    -0.0105 0.0000e+00
        641     -0.132     3.5334   0.002675     0.0199    -0.0105 0.0000e+00
        642     -0.132     3.5330   0.002677     0.0199    -0.0105 0.0000e+00
        643     -0.133     3.5328   0.002679     0.0199    -0.0105 0.0000e+00
        644     -0.134     3.5328   0.002680     0.0199    -0.0105 0.0000e+00
        645     -0.135     3.5328   0.002681     0.0200    -0.0105 0.0000e+00
        646     -0.137     3.5328   0.002681     0.0200    -0.0105 0.0000e+00
        647     -0.137     3.5328   0.002680     0.0199    -0.0105 0.0000e+00
        648     -0.131     3.5328   0.002678     0.0199    -0.0105 0.0000e+00
        649     -0.126     3.5328   0.002678     0.0199    -0.0105 0.0000e+00
        650     -0.126     3.5328   0.002681     0.0200    -0.0105 0.0000e+00
        651     -0.129     3.5327   0.002681     0.0200    -0.0105 0.0000e+00
        652     -0.130     3.5327   0.002681     0.0200    -0.0105 0.0000e+00
        653     -0.130     3.5327   0.002681     0.0200    -0.0105 0.0000e+00
        654     -0.129     3.5324   0.002678     0.0199    -0.0105 0.0000e+00
        655     -0.129     3.5320   0.002675     0.0199    -0.0105 0.0000e+00
        656     -0.130     3.5317   0.002670     0.0199    -0.0106 0.0000e+00
        657     -0.130     3.5312   0.002668     0.0199    -0.0106 0.0000e+00
        658     -0.129     3.5304   0.002669     0.0199    -0.0106 0.0000e+00
        659     -0.127     3.5297   0.002671     0.0199    -0.0106 0.0000e+00
        660     -0.126     3.5290   0.002670     0.0199    -0.0106 0.0000e+00
        661     -0.127     3.5284   0.002671     0.0199    -0.0106 0.0000e+00
        662     -0.130     3.5279   0.002672     0.0199    -0.0106 0.0000e+00
        663     -0.131     3.5279   0.002673     0.0199    -0.0106 0.0000e+00
        664     -0.131     3.5281   0.002670     0.0199    -0.0106 0.0000e+00
        665     -0.130     3.5282   0.002670     0.0199    -0.0106 0.0000e+00
        666     -0.129     3.5284   0.002668     0.0199    -0.0106 0.0000e+00
        667     -0.132     3.5284   0.002669     0.0199    -0.0106 0.0000e+00
        668     -0.135     3.5283   0.002670     0.0199    -0.0106 0.0000e+00
        669     -0.136     3.5281   0.002670     0.0199    -0.0106 0.0000e+00
        670     -0.137     3.5279   0.002669     0.0199    -0.0106 0.0000e+00
        671     -0.136     3.5278   0.002670     0.0199    -0.0106 0.0000e+00
        672     -0.134     3.5278   0.002670     0.0199    -0.0106 0.0000e+00
        673     -0.133     3.5278   0.002662     0.0198    -0.0106 0.0000e+00
        674     -0.133     3.5277   0.002653     0.0197    -0.0107 0.0000e+00
        675     -0.132     3.5275   0.002650     0.0197    -0.0107 0.0000e+00
        676     -0.131     3.5274   0.002653     0.0197    -0.0107 0.0000e+00
        677     -0.131     3.5272   0.002657     0.0198    -0.0107 0.0000e+00
        678     -0.132     3.5271   0.002660     0.0198    -0.0107 0.0000e+00
        679     -0.132     3.5271   0.002663     0.0198    -0.0106 0.0000e+00
        680     -0.135     3.5271   0.002665     0.0198    -0.0106 0.0000e+00
        681     -0.139     3.5270   0.002663     0.0198    -0.0106 0.0000e+00
        682     -0.141     3.5267   0.002659     0.0198    -0.0107 0.0000e+00
        683     -0.140     3.5264   0.002657     0.0198    -0.0107 0.0000e+00
        684     -0.137     3.5260   0.002659     0.0198    -0.0107 0.0000e+00
        685     -0.132     3.5258   0.002662     0.0198    -0.0107 0.0000e+00
        686     -0.130     3.5256   0.002662     0.0198    -0.0107 0.0000e+00
        687     -0.132     3.5252   0.002660     0.0198    -0.0107 0.0000e+00
        688     -0.136     3.5248   0.002659     0.0198    -0.0107 0.0000e+00
        689     -0.138     3.5245   0.002661     0.0198    -0.0107 0.0000e+00
        690     -0.138     3.5244   0.002663     0.0198    -0.0107 0.0000e+00
        691     -0.138     3.5244   0.002660     0.0198    -0.0107 0.0000e+00
        692     -0.138     3.5243   0.002659     0.0198    -0.0107 0.0000e+00
        693     -0.138     3.5241   0.002657     0.0198    -0.0107 0.0000e+00
        694     -0.137     3.5240   0.002659     0.0198    -0.0107 0.0000e+00
        695     -0.137     3.5240   0.002661     0.0198    -0.0107 0.0000e+00
        696     -0.137     3.5238   0.002659     0.0198    -0.0107 0.0000e+00
        697     -0.135     3.5236   0.002659     0.0198    -0.0107 0.0000e+00
        698     -0.134     3.5233   0.002660     0.0198    -0.0107 0.0000e+00
        699     -0.136     3.5229   0.002659     0.0198    -0.0107 0.0000e+00
        700     -0.136     3.5228   0.002659     0.0198    -0.0107 0.0000e+00
        701     -0.135     3.5227   0.002659     0.0198    -0.0107 0.0000e+00
        702     -0.136     3.5227   0.002656     0.0198    -0.0107 0.0000e+00
        703     -0.140     3.5225   0.002654     0.0197    -0.0107 0.0000e+00
        704     -0.142     3.5224   0.002654     0.0197    -0.0107 0.0000e+00
        705     -0.140     3.5221   0.002656     0.0198    -0.0107 0.0000e+00
        706     -0.138     3.5216   0.002658     0.0198    -0.0107 0.0000e+00
        707     -0.138     3.5209   0.002659     0.0198    -0.0107 0.0000e+00
        708     -0.137     3.5206   0.002659     0.0198    -0.0107 0.0000e+00
        709     -0.134     3.5206   0.002660     0.0198    -0.0107 0.0000e+00
        710     -0.133     3.5206   0.002658     0.0198    -0.0107 0.0000e+00
        711     -0.133     3.5206   0.002654     0.0197    -0.0107 0.0000e+00
        712     -0.130     3.5204   0.002653     0.0197    -0.0107 0.0000e+00
        713     -0.129     3.5202   0.002652     0.0197    -0.0108 0.0000e+00
        714     -0.129     3.5200   0.002654     0.0197    -0.0107 0.0000e+00
        715     -0.130     3.5198   0.002658     0.0198    -0.0107 0.0000e+00
        716     -0.131     3.5196   0.002659     0.0198    -0.0107 0.0000e+00
        717     -0.131     3.5195   0.002658     0.0198    -0.0107 0.0000e+00
        718     -0.135     3.5194   0.002657     0.0198    -0.0107 0.0000e+00
        719     -0.140     3.5192   0.002657     0.0198    -0.0107 0.0000e+00
        720     -0.141     3.5190   0.002657     0.0198    -0.0107 0.0000e+00
        721     -0.138     3.5187   0.002656     0.0198    -0.0107 0.0000e+00
        722     -0.135     3.5187   0.002657     0.0198    -0.0107 0.0000e+00
        723     -0.135     3.5187   0.002657     0.0198    -0.0107 0.0000e+00
        724     -0.137     3.5187   0.002654     0.0197    -0.0108 0.0000e+00
        725     -0.138     3.5185   0.002650     0.0197    -0.0108 0.0000e+00
        726     -0.137     3.5183   0.002652     0.0197    -0.0108 0.0000e+00
        727     -0.135     3.5182   0.002654     0.0197    -0.0108 0.0000e+00
        728     -0.132     3.5180   0.002655     0.0198    -0.0108 0.0000e+00
        729     -0.132     3.5179   0.002658     0.0198    -0.0107 0.0000e+00
        730     -0.135     3.5177   0.002661     0.0198    -0.0107 0.0000e+00
        731     -0.138     3.5175   0.002660     0.0198    -0.0107 0.0000e+00
        732     -0.140     3.5171   0.002656     0.0198    -0.0108 0.0000e+00
        733     -0.141     3.5161   0.002649     0.0197    -0.0108 0.0000e+00
        734     -0.139     3.5141   0.002638     0.0196    -0.0109 0.0000e+00
        735     -0.139     3.5115   0.002628     0.0195    -0.0110 0.0000e+00
        736     -0.143     3.5101   0.002631     0.0196    -0.0110 0.0000e+00
        737     -0.145     3.5101   0.002642     0.0197    -0.0109 0.0000e+00
        738     -0.143     3.5104   0.002654     0.0197    -0.0108 0.0000e+00
        739     -0.138     3.5107   0.002663     0.0198    -0.0108 0.0000e+00
        740     -0.135     3.5110   0.002672     0.0199    -0.0107 0.0000e+00
        741     -0.138     3.5113   0.002677     0.0199    -0.0107 0.0000e+00
        742     -0.142     3.5115   0.002686     0.0200    -0.0106 0.0000e+00
        743     -0.146     3.5115   0.002703     0.0201    -0.0105 0.0000e+00
        744     -0.149     3.5115   0.002727     0.0203    -0.0104 0.0000e+00
        745     -0.149     3.5117   0.002756     0.0205    -0.0102 0.0000e+00
        746     -0.145     3.5116   0.002804     0.0209    -0.0099 0.0000e+00
        747     -0.141     3.5114   0.002898     0.0216    -0.0093 0.0000e+00
        748     -0.138     3.5113   0.003006     0.0224    -0.0086 0.0000e+00
        749     -0.135     3.5115   0.003048     0.0228    -0.0084 0.0000e+00
        750     -0.134     3.5117   0.003042     0.0227    -0.0084 0.0000e+00
        751     -0.130     3.5118   0.003038     0.0227    -0.0084 0.0000e+00
        752     -0.124     3.5119   0.003038     0.0227    -0.0084 0.0000e+00
        753     -0.117     3.5121   0.006407     0.0490     0.0129 0.0000e+00
        754     -0.106     3.5031   0.099847     0.8504     0.6590 0.0000e+00
        755     -0.083     3.4603   0.798181     7.7123     6.1424 0.0000e+00
        756     -0.053     3.3815   2.053398    21.4932    17.0992 0.0000e+00
        757     -0.035     3.3102   2.826324    30.5782    24.3315 0.0000e+00
        758     -0.036     3.2724   2.952752    32.1285    25.5699 0.0000e+00
        759     -0.044     3.2510   2.952452    32.1462    25.5859 0.0000e+00
        760     -0.038     3.2325   2.951723    32.1558    25.5952 0.0000e+00
        761     -0.007     3.2188   2.951476    32.1665    25.6048 0.0000e+00
        762      0.042     3.2117   2.950695    32.1641    25.6036 0.0000e+00
        763      0.111     3.2094   2.950515    32.1642    25.6039 0.0000e+00
        764      0.205     3.2081   2.950719    32.1679    25.6069 0.0000e+00
        765      0.309     3.2083   2.950268    32.1622    25.6024 0.0000e+00
        766      0.394     3.2157   2.950328    32.1555    25.5964 0.0000e+00
        767      0.451     3.2297   2.951204    32.1521    25.5924 0.0000e+00
        768      0.486     3.2350   2.951132    32.1460    25.5871 0.0000e+00
        769      0.490     3.2245   2.949834    32.1408    25.5839 0.0000e+00
        770      0.480     3.2119   2.949068    32.1441    25.5876 0.0000e+00
        771      0.495     3.2058   2.949228    32.1521    25.5945 0.0000e+00
        772      0.541     3.2028   2.949090    32.1534    25.5958 0.0000e+00
        773      0.605     3.1997   2.948127    32.1449    25.5893 0.0000e+00
        774      0.697     3.1963   2.946722    32.1313    25.5787 0.0000e+00
        775      0.828     3.1936   2.945571    32.1200    25.5700 0.0000e+00
        776      0.939     3.1919   2.945143    32.1165    25.5674 0.0000e+00
        777      0.969     3.1910   2.945170    32.1177    25.5684 0.0000e+00
        778      0.942     3.1906   2.945222    32.1188    25.5693 0.0000e+00
        779      0.913     3.1905   2.945118    32.1176    25.5684 0.0000e+00
        780      0.883     3.1911   2.945076    32.1165    25.5674 0.0000e+00
        781      0.827     3.1924   2.945193    32.1167    25.5674 0.0000e+00
        782      0.745     3.1935   2.945344    32.1174    25.5680 0.0000e+00
        783      0.668     3.1941   2.945512    32.1189    25.5691 0.0000e+00
        784      0.620     3.1946   2.945635    32.1199    25.5698 0.0000e+00
        785      0.573     3.1959   2.945711    32.1196    25.5694 0.0000e+00
        786      0.528     3.1982   2.945822    32.1186    25.5685 0.0000e+00
        787      0.526     3.1995   2.945947    32.1189    25.5686 0.0000e+00
        788      0.550     3.1998   2.946154    32.1210    25.5703 0.0000e+00
        789      0.566     3.2007   2.946379    32.1228    25.5716 0.0000e+00
        790      0.578     3.2023   2.946519    32.1229    25.5716 0.0000e+00
        791      0.591     3.2034   2.946632    32.1232    25.5717 0.0000e+00
        792      0.602     3.2030   2.946565    32.1228    25.5714 0.0000e+00
        793      0.604     3.2019   2.946374    32.1216    25.5705 0.0000e+00
        794      0.591     3.2025   2.946442    32.1218    25.5706 0.0000e+00
        795      0.585     3.2047   2.946696    32.1227    25.5711 0.0000e+00
        796      0.606     3.2068   2.946835    32.1222    25.5706 0.0000e+00
        797      0.657     3.2085   2.946855    32.1208    25.5693 0.0000e+00
        798      0.722     3.2091   2.946891    32.1206    25.5691 0.0000e+00
        799      0.782     3.2069   2.946794    32.1216    25.5701 0.0000e+00
        800      0.828     3.2024   2.946393    32.1212    25.5702 0.0000e+00
        801      0.861     3.1982   2.945927    32.1197    25.5694 0.0000e+00
        802      0.902     3.1961   2.945656    32.1185    25.5686 0.0000e+00
        803      1.002     3.1956   2.945496    32.1170    25.5675 0.0000e+00
        804      1.170     3.1959   2.945376    32.1152    25.5660 0.0000e+00
        805      1.342     3.1966   2.945382    32.1145    25.5653 0.0000e+00
        806      1.463     3.1970   2.945412    32.1144    25.5652 0.0000e+00
        807      1.510     3.1969   2.945374    32.1140    25.5649 0.0000e+00
        808      1.479     3.1971   2.945395    32.1141    25.5650 0.0000e+00
        809      1.385     3.1978   2.945467    32.1143    25.5651 0.0000e+00
        810      1.252     3.1980   2.945465    32.1142    25.5649 0.0000e+00
        811      1.107     3.1976   2.945415    32.1140    25.5649 0.0000e+00
        812      0.979     3.1969   2.945351    32.1140    25.5649 0.0000e+00
        813      0.881     3.1962   2.945268    32.1138    25.5648 0.0000e+00
        814      0.824     3.1952   2.945210    32.1141    25.5651 0.0000e+00
        815      0.823     3.1950   2.945274    32.1151    25.5659 0.0000e+00
        816      0.883     3.1957   2.945450    32.1165    25.5670 0.0000e+00
        817      1.004     3.1963   2.945545    32.1169    25.5673 0.0000e+00
        818      1.174     3.1959   2.945439    32.1160    25.5666 0.0000e+00
        819      1.348     3.1953   2.945247    32.1142    25.5652 0.0000e+00
        820      1.478     3.1951   2.945165    32.1133    25.5645 0.0000e+00
