Datasets/Test_Dataset_39219_tow/tel219_2021_058.cnv
* Sea-Bird SBE19plus Data File:
* Filename = C:/AQUIRE/tel219_2021_058.hex
* Software Version AquireV2 AF V2.0
* Temperature SN =  4020
* Conductivity SN =  4020
* System UpLoad Time = May 14 2021 05:40:44
** VESSEL/TRIP/SEQ STN: tel219_2021_058
** LATITUDE: 45 07.69 N
** LONGITUDE: 54 53.00 W
** DATE/TIME: 2021-05-14 05:01
** SOUNDING DEPTH (M): 0100
** PROBE TYPE: S4020
** CTD NUMBER:  58
** FORMAT: T
** COMMENTS: 
# nquan = 7                                 
# nvalues = 2448                        
# units = specified
# name 0 = scan: Scan Count
# name 1 = prdM: Pressure, Strain Gauge [db]
# name 2 = tv290C: Temperature [ITS-90, deg C]
# name 3 = c0S/m: Conductivity [S/m]
# name 4 = sal00: Salinity, Practical [PSU]
# name 5 = sigma-t00: Density [sigma-t, kg/m^3 ]
# name 6 = flag: flag
# span 0 =          1,       2448       
# span 1 =     -0.093,     98.827       
# span 2 =     0.4461,     4.2797       
# span 3 =   0.014356,   3.062412       
# span 4 =     0.1120,    32.8926       
# span 5 =     0.0653,    26.3796       
# span 6 = 0.0000e+00, 0.0000e+00       
# interval = seconds: 1
# start_time = May 14 2021 05:01:24 [Instrument's time stamp, header]
# bad_flag = -9.990e-29
*END*
[from data line 1026]
       1027     98.554     0.5385   2.791466    32.8716    26.3607 0.0000e+00
       1028     98.524     0.5382   2.791451    32.8718    26.3609 0.0000e+00
       1029     98.498     0.5374   2.791400    32.8720    26.3611 0.0000e+00
       1030     98.486     0.5372   2.791353    32.8716    26.3608 0.0000e+00
       1031     98.487     0.5391   2.791497    32.8714    26.3605 0.0000e+00
       1032     98.493     0.5427   2.791803    32.8716    26.3605 0.0000e+00
       1033     98.496     0.5460   2.792057    32.8713    26.3601 0.0000e+00
       1034     98.498     0.5481   2.792200    32.8710    26.3597 0.0000e+00
       1035     98.499     0.5491   2.792258    32.8707    26.3594 0.0000e+00
       1036     98.501     0.5497   2.792306    32.8706    26.3593 0.0000e+00
       1037     98.506     0.5504   2.792378    32.8708    26.3594 0.0000e+00
       1038     98.512     0.5502   2.792375    32.8710    26.3596 0.0000e+00
       1039     98.512     0.5489   2.792257    32.8708    26.3595 0.0000e+00
       1040     98.502     0.5472   2.792118    32.8709    26.3596 0.0000e+00
       1041     98.488     0.5459   2.792032    32.8711    26.3599 0.0000e+00
       1042     98.476     0.5453   2.791974    32.8710    26.3599 0.0000e+00
       1043     98.464     0.5448   2.791934    32.8710    26.3599 0.0000e+00
       1044     98.448     0.5445   2.791920    32.8712    26.3601 0.0000e+00
       1045     98.427     0.5444   2.791913    32.8712    26.3601 0.0000e+00
       1046     98.408     0.5443   2.791902    32.8712    26.3601 0.0000e+00
       1047     98.399     0.5439   2.791873    32.8712    26.3601 0.0000e+00
       1048     98.403     0.5437   2.791850    32.8712    26.3601 0.0000e+00
       1049     98.412     0.5439   2.791871    32.8712    26.3601 0.0000e+00
       1050     98.419     0.5443   2.791914    32.8713    26.3602 0.0000e+00
       1051     98.421     0.5445   2.791927    32.8713    26.3602 0.0000e+00
       1052     98.419     0.5449   2.791951    32.8712    26.3600 0.0000e+00
       1053     98.421     0.5454   2.792003    32.8713    26.3601 0.0000e+00
       1054     98.428     0.5455   2.792012    32.8713    26.3601 0.0000e+00
       1055     98.432     0.5448   2.791950    32.8713    26.3601 0.0000e+00
       1056     98.433     0.5434   2.791835    32.8713    26.3602 0.0000e+00
       1057     98.439     0.5417   2.791702    32.8713    26.3603 0.0000e+00
       1058     98.445     0.5405   2.791599    32.8713    26.3604 0.0000e+00
       1059     98.444     0.5400   2.791558    32.8713    26.3604 0.0000e+00
       1060     98.435     0.5399   2.791566    32.8715    26.3606 0.0000e+00
       1061     98.421     0.5396   2.791557    32.8717    26.3607 0.0000e+00
       1062     98.402     0.5391   2.791496    32.8715    26.3606 0.0000e+00
       1063     98.384     0.5386   2.791441    32.8713    26.3605 0.0000e+00
       1064     98.376     0.5383   2.791430    32.8715    26.3606 0.0000e+00
       1065     98.379     0.5377   2.791394    32.8716    26.3608 0.0000e+00
       1066     98.383     0.5370   2.791322    32.8714    26.3607 0.0000e+00
       1067     98.379     0.5364   2.791275    32.8715    26.3607 0.0000e+00
       1068     98.364     0.5362   2.791260    32.8715    26.3608 0.0000e+00
       1069     98.344     0.5363   2.791265    32.8715    26.3607 0.0000e+00
       1070     98.329     0.5363   2.791269    32.8715    26.3608 0.0000e+00
       1071     98.330     0.5363   2.791257    32.8714    26.3607 0.0000e+00
       1072     98.345     0.5363   2.791254    32.8713    26.3606 0.0000e+00
       1073     98.356     0.5363   2.791263    32.8714    26.3607 0.0000e+00
       1074     98.352     0.5363   2.791262    32.8714    26.3607 0.0000e+00
       1075     98.340     0.5363   2.791251    32.8713    26.3606 0.0000e+00
       1076     98.335     0.5363   2.791243    32.8712    26.3605 0.0000e+00
       1077     98.341     0.5363   2.791252    32.8713    26.3606 0.0000e+00
       1078     98.355     0.5364   2.791272    32.8714    26.3607 0.0000e+00
       1079     98.366     0.5363   2.791259    32.8714    26.3607 0.0000e+00
       1080     98.363     0.5358   2.791217    32.8714    26.3607 0.0000e+00
       1081     98.359     0.5354   2.791185    32.8714    26.3607 0.0000e+00
       1082     98.367     0.5353   2.791172    32.8713    26.3607 0.0000e+00
       1083     98.389     0.5353   2.791166    32.8712    26.3606 0.0000e+00
       1084     98.419     0.5357   2.791190    32.8711    26.3605 0.0000e+00
       1085     98.446     0.5369   2.791295    32.8712    26.3605 0.0000e+00
       1086     98.467     0.5384   2.791426    32.8713    26.3605 0.0000e+00
       1087     98.489     0.5396   2.791510    32.8711    26.3602 0.0000e+00
       1088     98.516     0.5409   2.791608    32.8709    26.3601 0.0000e+00
       1089     98.545     0.5424   2.791733    32.8709    26.3600 0.0000e+00
       1090     98.564     0.5435   2.791821    32.8709    26.3599 0.0000e+00
       1091     98.567     0.5442   2.791867    32.8708    26.3597 0.0000e+00
       1092     98.566     0.5441   2.791864    32.8708    26.3598 0.0000e+00
       1093     98.568     0.5434   2.791800    32.8707    26.3598 0.0000e+00
       1094     98.571     0.5431   2.791757    32.8705    26.3596 0.0000e+00
       1095     98.570     0.5436   2.791802    32.8705    26.3596 0.0000e+00
       1096     98.567     0.5453   2.791944    32.8706    26.3595 0.0000e+00
       1097     98.569     0.5473   2.792127    32.8708    26.3596 0.0000e+00
       1098     98.579     0.5483   2.792198    32.8707    26.3594 0.0000e+00
       1099     98.589     0.5483   2.792162    32.8702    26.3591 0.0000e+00
       1100     98.592     0.5483   2.792158    32.8702    26.3590 0.0000e+00
       1101     98.587     0.5489   2.792221    32.8703    26.3591 0.0000e+00
       1102     98.588     0.5496   2.792288    32.8705    26.3592 0.0000e+00
       1103     98.601     0.5501   2.792321    32.8703    26.3591 0.0000e+00
       1104     98.608     0.5502   2.792322    32.8702    26.3590 0.0000e+00
       1105     98.600     0.5494   2.792274    32.8705    26.3592 0.0000e+00
       1106     98.588     0.5476   2.792138    32.8706    26.3595 0.0000e+00
       1107     98.587     0.5447   2.791893    32.8705    26.3595 0.0000e+00
       1108     98.594     0.5418   2.791647    32.8704    26.3596 0.0000e+00
       1109     98.593     0.5397   2.791502    32.8708    26.3600 0.0000e+00
       1110     98.581     0.5382   2.791398    32.8710    26.3603 0.0000e+00
       1111     98.570     0.5368   2.791288    32.8711    26.3604 0.0000e+00
       1112     98.570     0.5358   2.791192    32.8709    26.3603 0.0000e+00
       1113     98.576     0.5353   2.791147    32.8709    26.3603 0.0000e+00
       1114     98.578     0.5348   2.791125    32.8711    26.3605 0.0000e+00
       1115     98.574     0.5340   2.791063    32.8712    26.3606 0.0000e+00
       1116     98.570     0.5335   2.791014    32.8711    26.3606 0.0000e+00
       1117     98.570     0.5333   2.791006    32.8712    26.3607 0.0000e+00
       1118     98.579     0.5331   2.790983    32.8711    26.3606 0.0000e+00
       1119     98.592     0.5325   2.790924    32.8709    26.3605 0.0000e+00
       1120     98.603     0.5315   2.790843    32.8710    26.3606 0.0000e+00
       1121     98.613     0.5306   2.790753    32.8707    26.3605 0.0000e+00
       1122     98.620     0.5307   2.790752    32.8706    26.3604 0.0000e+00
       1123     98.616     0.5319   2.790875    32.8709    26.3605 0.0000e+00
       1124     98.606     0.5331   2.790977    32.8710    26.3605 0.0000e+00
       1125     98.596     0.5336   2.791005    32.8708    26.3604 0.0000e+00
       1126     98.587     0.5341   2.791033    32.8707    26.3602 0.0000e+00
       1127     98.573     0.5343   2.791055    32.8707    26.3603 0.0000e+00
       1128     98.556     0.5343   2.791054    32.8707    26.3603 0.0000e+00
       1129     98.548     0.5344   2.791054    32.8706    26.3602 0.0000e+00
       1130     98.553     0.5351   2.791099    32.8705    26.3600 0.0000e+00
       1131     98.565     0.5364   2.791207    32.8705    26.3599 0.0000e+00
       1132     98.578     0.5379   2.791321    32.8704    26.3598 0.0000e+00
       1133     98.586     0.5388   2.791382    32.8702    26.3596 0.0000e+00
       1134     98.587     0.5392   2.791403    32.8700    26.3594 0.0000e+00
       1135     98.582     0.5392   2.791409    32.8701    26.3595 0.0000e+00
       1136     98.572     0.5390   2.791401    32.8702    26.3596 0.0000e+00
       1137     98.560     0.5384   2.791354    32.8703    26.3597 0.0000e+00
       1138     98.550     0.5374   2.791267    32.8702    26.3597 0.0000e+00
       1139     98.545     0.5359   2.791150    32.8703    26.3598 0.0000e+00
       1140     98.538     0.5339   2.790995    32.8704    26.3600 0.0000e+00
       1141     98.520     0.5321   2.790850    32.8705    26.3601 0.0000e+00
       1142     98.497     0.5313   2.790792    32.8706    26.3603 0.0000e+00
       1143     98.485     0.5318   2.790853    32.8708    26.3605 0.0000e+00
       1144     98.492     0.5326   2.790945    32.8712    26.3607 0.0000e+00
       1145     98.512     0.5318   2.790855    32.8708    26.3605 0.0000e+00
       1146     98.526     0.5300   2.790664    32.8703    26.3601 0.0000e+00
       1147     98.526     0.5289   2.790592    32.8705    26.3604 0.0000e+00
       1148     98.522     0.5275   2.790494    32.8707    26.3606 0.0000e+00
       1149     98.520     0.5254   2.790272    32.8701    26.3602 0.0000e+00
       1150     98.512     0.5237   2.790146    32.8703    26.3604 0.0000e+00
       1151     98.486     0.5232   2.790152    32.8709    26.3610 0.0000e+00
       1152     98.450     0.5233   2.790153    32.8708    26.3609 0.0000e+00
       1153     98.422     0.5235   2.790143    32.8705    26.3606 0.0000e+00
       1154     98.406     0.5246   2.790216    32.8703    26.3604 0.0000e+00
       1155     98.396     0.5258   2.790349    32.8707    26.3607 0.0000e+00
       1156     98.381     0.5252   2.790294    32.8707    26.3607 0.0000e+00
       1157     98.371     0.5227   2.790050    32.8702    26.3604 0.0000e+00
       1158     98.382     0.5202   2.789871    32.8705    26.3608 0.0000e+00
       1159     98.408     0.5182   2.789739    32.8709    26.3613 0.0000e+00
       1160     98.426     0.5169   2.789625    32.8708    26.3612 0.0000e+00
       1161     98.419     0.5171   2.789629    32.8706    26.3611 0.0000e+00
       1162     98.398     0.5190   2.789780    32.8706    26.3610 0.0000e+00
       1163     98.380     0.5200   2.789843    32.8703    26.3607 0.0000e+00
       1164     98.372     0.5188   2.789653    32.8691    26.3598 0.0000e+00
       1165     98.367     0.5182   2.789568    32.8687    26.3595 0.0000e+00
       1166     98.349     0.5204   2.789780    32.8691    26.3597 0.0000e+00
       1167     98.321     0.5246   2.790103    32.8688    26.3593 0.0000e+00
       1168     98.301     0.5310   2.790602    32.8685    26.3587 0.0000e+00
       1169     98.301     0.5387   2.791258    32.8689    26.3585 0.0000e+00
       1170     98.314     0.5446   2.791718    32.8685    26.3579 0.0000e+00
       1171     98.326     0.5475   2.791892    32.8677    26.3571 0.0000e+00
       1172     98.326     0.5486   2.791952    32.8673    26.3567 0.0000e+00
       1173     98.316     0.5493   2.792016    32.8674    26.3568 0.0000e+00
       1174     98.305     0.5504   2.792144    32.8679    26.3571 0.0000e+00
       1175     98.305     0.5515   2.792278    32.8685    26.3575 0.0000e+00
       1176     98.309     0.5522   2.792324    32.8683    26.3573 0.0000e+00
       1177     98.294     0.5518   2.792274    32.8681    26.3572 0.0000e+00
       1178     98.261     0.5509   2.792199    32.8681    26.3572 0.0000e+00
       1179     98.241     0.5499   2.792137    32.8684    26.3575 0.0000e+00
       1180     98.248     0.5489   2.792060    32.8684    26.3576 0.0000e+00
       1181     98.268     0.5482   2.792002    32.8684    26.3576 0.0000e+00
       1182     98.283     0.5487   2.792052    32.8685    26.3577 0.0000e+00
       1183     98.292     0.5496   2.792152    32.8689    26.3579 0.0000e+00
       1184     98.307     0.5498   2.792173    32.8689    26.3579 0.0000e+00
       1185     98.334     0.5490   2.792089    32.8687    26.3578 0.0000e+00
       1186     98.360     0.5479   2.791993    32.8686    26.3578 0.0000e+00
       1187     98.369     0.5473   2.791942    32.8685    26.3578 0.0000e+00
       1188     98.359     0.5469   2.791921    32.8687    26.3579 0.0000e+00
       1189     98.338     0.5461   2.791867    32.8689    26.3581 0.0000e+00
       1190     98.316     0.5454   2.791788    32.8686    26.3579 0.0000e+00
       1191     98.304     0.5452   2.791780    32.8687    26.3580 0.0000e+00
       1192     98.309     0.5454   2.791819    32.8690    26.3583 0.0000e+00
       1193     98.322     0.5458   2.791846    32.8689    26.3582 0.0000e+00
       1194     98.331     0.5462   2.791868    32.8688    26.3580 0.0000e+00
       1195     98.328     0.5465   2.791894    32.8688    26.3580 0.0000e+00
       1196     98.318     0.5461   2.791875    32.8690    26.3582 0.0000e+00
       1197     98.315     0.5450   2.791768    32.8688    26.3581 0.0000e+00
       1198     98.326     0.5439   2.791674    32.8687    26.3581 0.0000e+00
       1199     98.341     0.5433   2.791646    32.8690    26.3583 0.0000e+00
       1200     98.342     0.5427   2.791598    32.8690    26.3584 0.0000e+00
       1201     98.329     0.5419   2.791531    32.8690    26.3584 0.0000e+00
       1202     98.316     0.5417   2.791517    32.8690    26.3585 0.0000e+00
       1203     98.316     0.5421   2.791549    32.8690    26.3584 0.0000e+00
       1204     98.327     0.5427   2.791589    32.8689    26.3583 0.0000e+00
       1205     98.339     0.5431   2.791624    32.8689    26.3583 0.0000e+00
       1206     98.345     0.5424   2.791591    32.8692    26.3586 0.0000e+00
       1207     98.346     0.5405   2.791420    32.8690    26.3585 0.0000e+00
       1208     98.345     0.5389   2.791247    32.8685    26.3582 0.0000e+00
       1209     98.342     0.5388   2.791251    32.8686    26.3583 0.0000e+00
       1210     98.340     0.5394   2.791339    32.8691    26.3587 0.0000e+00
       1211     98.342     0.5392   2.791329    32.8692    26.3588 0.0000e+00
       1212     98.345     0.5383   2.791222    32.8688    26.3585 0.0000e+00
       1213     98.341     0.5379   2.791179    32.8687    26.3584 0.0000e+00
       1214     98.330     0.5387   2.791250    32.8687    26.3584 0.0000e+00
       1215     98.319     0.5402   2.791372    32.8687    26.3583 0.0000e+00
       1216     98.320     0.5414   2.791474    32.8688    26.3583 0.0000e+00
       1217     98.327     0.5415   2.791491    32.8689    26.3584 0.0000e+00
       1218     98.327     0.5397   2.791359    32.8691    26.3586 0.0000e+00
       1219     98.321     0.5361   2.791059    32.8690    26.3588 0.0000e+00
       1220     98.319     0.5317   2.790691    32.8689    26.3589 0.0000e+00
       1221     98.321     0.5281   2.790397    32.8689    26.3592 0.0000e+00
       1222     98.313     0.5259   2.790253    32.8694    26.3597 0.0000e+00
       1223     98.285     0.5247   2.790160    32.8695    26.3598 0.0000e+00
       1224     98.250     0.5234   2.790042    32.8694    26.3598 0.0000e+00
       1225     98.230     0.5222   2.789932    32.8692    26.3597 0.0000e+00
       1226     98.223     0.5211   2.789818    32.8689    26.3595 0.0000e+00
       1227     98.209     0.5202   2.789744    32.8689    26.3596 0.0000e+00
       1228     98.184     0.5201   2.789737    32.8690    26.3596 0.0000e+00
       1229     98.167     0.5200   2.789720    32.8689    26.3595 0.0000e+00
       1230     98.174     0.5194   2.789659    32.8687    26.3594 0.0000e+00
