Datasets/Test_Dataset_39219_tow/tel219_2021_037.cnv
* Sea-Bird SBE19plus Data File:
* Filename = C:/AQUIRE/tel219_2021_037.hex
* Software Version AquireV2 AF V2.0
* Temperature SN =  4020
* Conductivity SN =  4020
* System UpLoad Time = May 11 2021 17:38:07
** VESSEL/TRIP/SEQ STN: tel219_2021_037
** LATITUDE: 45 17.30 N
** LONGITUDE: 56 58.17 W
** DATE/TIME: 2021-05-11 16:31
** SOUNDING DEPTH (M): 0425
** PROBE TYPE: S4020
** CTD NUMBER:  37
** FORMAT: t
** COMMENTS: 
# nquan = 7                                 
# nvalues = 4101                        
# units = specified
# name 0 = scan: Scan Count
# name 1 = prdM: Pressure, Strain Gauge [db]
# name 2 = tv290C: Temperature [ITS-90, deg C]
# name 3 = c0S/m: Conductivity [S/m]
# name 4 = sal00: Salinity, Practical [PSU]
# name 5 = sigma-t00: Density [sigma-t, kg/m^3 ]
# name 6 = flag: flag
# span 0 =          1,       4101       
# span 1 =     -0.568,    431.285       
# span 2 =     1.1953,    11.4398       
# span 3 =   0.010973,   3.982962       
# span 4 =     0.0786,    35.3337       
# span 5 =    -0.0290,    27.6453       
# span 6 = 0.0000e+00, 0.0000e+00       
# interval = seconds: 1
# start_time = May 11 2021 16:31:09 [Instrument's time stamp, header]
# bad_flag = -9.990e-29
*END*
[from data line 2667]
       2668    429.023     5.6378   3.423806    35.0091    27.6057 0.0000e+00
       2669    429.028     5.6381   3.423849    35.0093    27.6058 0.0000e+00
       2670    429.035     5.6386   3.423884    35.0092    27.6056 0.0000e+00
       2671    429.037     5.6387   3.423887    35.0091    27.6056 0.0000e+00
       2672    429.037     5.6385   3.423870    35.0091    27.6056 0.0000e+00
       2673    429.040     5.6382   3.423850    35.0092    27.6057 0.0000e+00
       2674    429.046     5.6380   3.423834    35.0092    27.6058 0.0000e+00
       2675    429.052     5.6380   3.423825    35.0091    27.6057 0.0000e+00
       2676    429.055     5.6379   3.423820    35.0092    27.6057 0.0000e+00
       2677    429.048     5.6377   3.423813    35.0093    27.6059 0.0000e+00
       2678    429.035     5.6376   3.423795    35.0092    27.6058 0.0000e+00
       2679    429.022     5.6374   3.423774    35.0092    27.6058 0.0000e+00
       2680    429.017     5.6372   3.423759    35.0092    27.6059 0.0000e+00
       2681    429.024     5.6370   3.423741    35.0092    27.6059 0.0000e+00
       2682    429.038     5.6367   3.423721    35.0093    27.6060 0.0000e+00
       2683    429.054     5.6366   3.423714    35.0093    27.6060 0.0000e+00
       2684    429.068     5.6365   3.423709    35.0094    27.6060 0.0000e+00
       2685    429.075     5.6365   3.423691    35.0092    27.6059 0.0000e+00
       2686    429.074     5.6363   3.423669    35.0091    27.6059 0.0000e+00
       2687    429.070     5.6361   3.423651    35.0091    27.6059 0.0000e+00
       2688    429.067     5.6361   3.423646    35.0091    27.6059 0.0000e+00
       2689    429.063     5.6359   3.423643    35.0092    27.6060 0.0000e+00
       2690    429.057     5.6358   3.423643    35.0093    27.6061 0.0000e+00
       2691    429.052     5.6359   3.423645    35.0093    27.6060 0.0000e+00
       2692    429.049     5.6362   3.423655    35.0091    27.6058 0.0000e+00
       2693    429.050     5.6363   3.423667    35.0091    27.6059 0.0000e+00
       2694    429.054     5.6364   3.423677    35.0091    27.6059 0.0000e+00
       2695    429.060     5.6365   3.423692    35.0092    27.6059 0.0000e+00
       2696    429.067     5.6367   3.423712    35.0092    27.6059 0.0000e+00
       2697    429.071     5.6368   3.423721    35.0092    27.6059 0.0000e+00
       2698    429.069     5.6369   3.423724    35.0091    27.6058 0.0000e+00
       2699    429.065     5.6368   3.423716    35.0091    27.6058 0.0000e+00
       2700    429.058     5.6366   3.423706    35.0092    27.6059 0.0000e+00
       2701    429.049     5.6365   3.423704    35.0093    27.6060 0.0000e+00
       2702    429.043     5.6365   3.423699    35.0093    27.6060 0.0000e+00
       2703    429.041     5.6365   3.423696    35.0092    27.6059 0.0000e+00
       2704    429.045     5.6363   3.423682    35.0093    27.6060 0.0000e+00
       2705    429.056     5.6361   3.423653    35.0091    27.6059 0.0000e+00
       2706    429.067     5.6358   3.423633    35.0092    27.6060 0.0000e+00
       2707    429.079     5.6357   3.423619    35.0092    27.6060 0.0000e+00
       2708    429.089     5.6359   3.423615    35.0089    27.6058 0.0000e+00
       2709    429.090     5.6364   3.423650    35.0088    27.6056 0.0000e+00
       2710    429.081     5.6368   3.423698    35.0089    27.6057 0.0000e+00
       2711    429.070     5.6372   3.423728    35.0088    27.6056 0.0000e+00
       2712    429.065     5.6375   3.423761    35.0089    27.6056 0.0000e+00
       2713    429.065     5.6372   3.423759    35.0092    27.6058 0.0000e+00
       2714    429.065     5.6365   3.423688    35.0091    27.6059 0.0000e+00
       2715    429.069     5.6358   3.423607    35.0089    27.6058 0.0000e+00
       2716    429.078     5.6353   3.423565    35.0090    27.6059 0.0000e+00
       2717    429.087     5.6350   3.423555    35.0092    27.6061 0.0000e+00
       2718    429.091     5.6349   3.423559    35.0093    27.6062 0.0000e+00
       2719    429.090     5.6349   3.423559    35.0093    27.6062 0.0000e+00
       2720    429.089     5.6349   3.423556    35.0093    27.6062 0.0000e+00
       2721    429.092     5.6349   3.423556    35.0093    27.6062 0.0000e+00
       2722    429.095     5.6349   3.423550    35.0092    27.6061 0.0000e+00
       2723    429.093     5.6349   3.423545    35.0091    27.6061 0.0000e+00
       2724    429.085     5.6349   3.423536    35.0090    27.6060 0.0000e+00
       2725    429.075     5.6347   3.423522    35.0091    27.6061 0.0000e+00
       2726    429.067     5.6346   3.423518    35.0092    27.6061 0.0000e+00
       2727    429.065     5.6345   3.423515    35.0092    27.6062 0.0000e+00
       2728    429.066     5.6343   3.423494    35.0092    27.6062 0.0000e+00
       2729    429.070     5.6341   3.423457    35.0090    27.6060 0.0000e+00
       2730    429.078     5.6338   3.423429    35.0090    27.6061 0.0000e+00
       2731    429.089     5.6340   3.423439    35.0089    27.6060 0.0000e+00
       2732    429.099     5.6345   3.423485    35.0089    27.6059 0.0000e+00
       2733    429.100     5.6349   3.423538    35.0091    27.6060 0.0000e+00
       2734    429.094     5.6350   3.423552    35.0091    27.6060 0.0000e+00
       2735    429.087     5.6347   3.423523    35.0091    27.6061 0.0000e+00
       2736    429.083     5.6344   3.423498    35.0091    27.6061 0.0000e+00
       2737    429.083     5.6343   3.423494    35.0092    27.6062 0.0000e+00
       2738    429.094     5.6343   3.423485    35.0091    27.6061 0.0000e+00
       2739    429.125     5.6341   3.423450    35.0089    27.6060 0.0000e+00
       2740    429.172     5.6337   3.423418    35.0089    27.6060 0.0000e+00
       2741    429.221     5.6336   3.423417    35.0090    27.6061 0.0000e+00
       2742    429.264     5.6342   3.423464    35.0089    27.6059 0.0000e+00
       2743    429.296     5.6348   3.423534    35.0090    27.6060 0.0000e+00
       2744    429.311     5.6352   3.423563    35.0089    27.6059 0.0000e+00
       2745    429.307     5.6351   3.423552    35.0089    27.6059 0.0000e+00
       2746    429.282     5.6349   3.423535    35.0089    27.6059 0.0000e+00
       2747    429.234     5.6347   3.423517    35.0090    27.6059 0.0000e+00
       2748    429.169     5.6343   3.423487    35.0091    27.6061 0.0000e+00
       2749    429.089     5.6340   3.423445    35.0089    27.6060 0.0000e+00
       2750    428.996     5.6338   3.423418    35.0089    27.6060 0.0000e+00
       2751    428.895     5.6338   3.423409    35.0088    27.6060 0.0000e+00
       2752    428.784     5.6338   3.423397    35.0088    27.6059 0.0000e+00
       2753    428.654     5.6338   3.423390    35.0087    27.6059 0.0000e+00
       2754    428.507     5.6338   3.423392    35.0088    27.6060 0.0000e+00
       2755    428.348     5.6338   3.423388    35.0089    27.6060 0.0000e+00
       2756    428.184     5.6338   3.423382    35.0089    27.6060 0.0000e+00
       2757    428.017     5.6338   3.423374    35.0089    27.6060 0.0000e+00
       2758    427.844     5.6338   3.423359    35.0088    27.6059 0.0000e+00
       2759    427.664     5.6336   3.423340    35.0089    27.6060 0.0000e+00
       2760    427.480     5.6335   3.423320    35.0089    27.6060 0.0000e+00
       2761    427.289     5.6337   3.423327    35.0088    27.6060 0.0000e+00
       2762    427.091     5.6340   3.423356    35.0089    27.6060 0.0000e+00
       2763    426.888     5.6340   3.423348    35.0090    27.6060 0.0000e+00
       2764    426.682     5.6337   3.423302    35.0088    27.6060 0.0000e+00
       2765    426.470     5.6334   3.423263    35.0088    27.6060 0.0000e+00
       2766    426.248     5.6335   3.423257    35.0088    27.6059 0.0000e+00
       2767    426.020     5.6340   3.423290    35.0087    27.6059 0.0000e+00
       2768    425.795     5.6343   3.423331    35.0090    27.6060 0.0000e+00
       2769    425.572     5.6345   3.423330    35.0089    27.6059 0.0000e+00
       2770    425.350     5.6348   3.423321    35.0086    27.6057 0.0000e+00
       2771    425.128     5.6361   3.423420    35.0085    27.6054 0.0000e+00
       2772    424.904     5.6387   3.423690    35.0090    27.6055 0.0000e+00
       2773    424.678     5.6409   3.423919    35.0094    27.6055 0.0000e+00
       2774    424.454     5.6410   3.423887    35.0091    27.6053 0.0000e+00
       2775    424.232     5.6400   3.423757    35.0087    27.6051 0.0000e+00
       2776    424.008     5.6391   3.423689    35.0090    27.6054 0.0000e+00
       2777    423.784     5.6384   3.423620    35.0091    27.6056 0.0000e+00
       2778    423.567     5.6379   3.423553    35.0089    27.6055 0.0000e+00
       2779    423.351     5.6376   3.423512    35.0089    27.6055 0.0000e+00
       2780    423.131     5.6371   3.423465    35.0090    27.6057 0.0000e+00
       2781    422.907     5.6367   3.423403    35.0088    27.6056 0.0000e+00
       2782    422.681     5.6369   3.423396    35.0086    27.6054 0.0000e+00
       2783    422.452     5.6376   3.423442    35.0086    27.6053 0.0000e+00
       2784    422.221     5.6386   3.423492    35.0082    27.6049 0.0000e+00
       2785    421.990     5.6403   3.423594    35.0077    27.6043 0.0000e+00
       2786    421.764     5.6422   3.423731    35.0074    27.6038 0.0000e+00
       2787    421.545     5.6434   3.423844    35.0076    27.6038 0.0000e+00
       2788    421.329     5.6441   3.423933    35.0080    27.6040 0.0000e+00
       2789    421.114     5.6441   3.423956    35.0083    27.6043 0.0000e+00
       2790    420.904     5.6439   3.423922    35.0083    27.6043 0.0000e+00
       2791    420.694     5.6435   3.423895    35.0085    27.6045 0.0000e+00
       2792    420.481     5.6433   3.423872    35.0085    27.6046 0.0000e+00
       2793    420.268     5.6432   3.423853    35.0085    27.6046 0.0000e+00
       2794    420.054     5.6439   3.423902    35.0085    27.6044 0.0000e+00
       2795    419.841     5.6450   3.424007    35.0086    27.6044 0.0000e+00
       2796    419.631     5.6455   3.424053    35.0088    27.6044 0.0000e+00
       2797    419.420     5.6452   3.424004    35.0086    27.6044 0.0000e+00
       2798    419.206     5.6448   3.423950    35.0085    27.6044 0.0000e+00
       2799    418.992     5.6450   3.423928    35.0082    27.6041 0.0000e+00
       2800    418.778     5.6454   3.423910    35.0077    27.6036 0.0000e+00
       2801    418.569     5.6454   3.423866    35.0073    27.6033 0.0000e+00
       2802    418.368     5.6454   3.423840    35.0071    27.6031 0.0000e+00
       2803    418.174     5.6470   3.424023    35.0076    27.6033 0.0000e+00
       2804    417.983     5.6496   3.424349    35.0087    27.6039 0.0000e+00
       2805    417.794     5.6513   3.424495    35.0087    27.6037 0.0000e+00
       2806    417.600     5.6517   3.424410    35.0074    27.6026 0.0000e+00
       2807    417.398     5.6511   3.424239    35.0062    27.6017 0.0000e+00
       2808    417.194     5.6509   3.424148    35.0055    27.6012 0.0000e+00
       2809    416.994     5.6535   3.424388    35.0056    27.6010 0.0000e+00
       2810    416.798     5.6597   3.425068    35.0070    27.6013 0.0000e+00
       2811    416.603     5.6660   3.425730    35.0081    27.6014 0.0000e+00
       2812    416.408     5.6688   3.425857    35.0068    27.6000 0.0000e+00
       2813    416.213     5.6680   3.425576    35.0045    27.5983 0.0000e+00
       2814    416.020     5.6660   3.425326    35.0038    27.5980 0.0000e+00
       2815    415.829     5.6677   3.425555    35.0048    27.5985 0.0000e+00
       2816    415.643     5.6752   3.426422    35.0069    27.5993 0.0000e+00
       2817    415.463     5.6843   3.427362    35.0083    27.5993 0.0000e+00
       2818    415.287     5.6900   3.427807    35.0075    27.5979 0.0000e+00
       2819    415.107     5.6923   3.427826    35.0055    27.5960 0.0000e+00
       2820    414.921     5.6931   3.427669    35.0029    27.5939 0.0000e+00
       2821    414.734     5.6939   3.427677    35.0023    27.5933 0.0000e+00
       2822    414.548     5.6957   3.428005    35.0043    27.5946 0.0000e+00
       2823    414.364     5.6981   3.428354    35.0058    27.5956 0.0000e+00
       2824    414.181     5.7001   3.428467    35.0051    27.5948 0.0000e+00
       2825    414.001     5.7017   3.428533    35.0043    27.5939 0.0000e+00
       2826    413.825     5.7036   3.428792    35.0054    27.5945 0.0000e+00
       2827    413.651     5.7060   3.429152    35.0071    27.5956 0.0000e+00
       2828    413.477     5.7081   3.429402    35.0078    27.5959 0.0000e+00
       2829    413.300     5.7093   3.429443    35.0071    27.5952 0.0000e+00
       2830    413.125     5.7096   3.429334    35.0057    27.5940 0.0000e+00
       2831    412.955     5.7096   3.429198    35.0042    27.5929 0.0000e+00
       2832    412.789     5.7097   3.429207    35.0043    27.5929 0.0000e+00
       2833    412.624     5.7102   3.429430    35.0064    27.5945 0.0000e+00
       2834    412.457     5.7113   3.429657    35.0079    27.5956 0.0000e+00
       2835    412.285     5.7127   3.429734    35.0074    27.5950 0.0000e+00
       2836    412.107     5.7131   3.429531    35.0048    27.5929 0.0000e+00
       2837    411.925     5.7110   3.429107    35.0023    27.5912 0.0000e+00
       2838    411.746     5.7075   3.428824    35.0028    27.5920 0.0000e+00
       2839    411.573     5.7066   3.428817    35.0037    27.5928 0.0000e+00
       2840    411.410     5.7111   3.429288    35.0045    27.5929 0.0000e+00
       2841    411.253     5.7192   3.430244    35.0070    27.5939 0.0000e+00
       2842    411.093     5.7260   3.430980    35.0084    27.5942 0.0000e+00
       2843    410.930     5.7291   3.430991    35.0054    27.5914 0.0000e+00
       2844    410.760     5.7279   3.430504    35.0012    27.5882 0.0000e+00
       2845    410.581     5.7239   3.430111    35.0010    27.5885 0.0000e+00
       2846    410.400     5.7221   3.430188    35.0038    27.5910 0.0000e+00
       2847    410.223     5.7262   3.430794    35.0066    27.5926 0.0000e+00
       2848    410.049     5.7334   3.431576    35.0081    27.5929 0.0000e+00
       2849    409.873     5.7389   3.431972    35.0070    27.5914 0.0000e+00
       2850    409.689     5.7409   3.431832    35.0034    27.5883 0.0000e+00
       2851    409.499     5.7401   3.431380    34.9992    27.5851 0.0000e+00
       2852    409.308     5.7388   3.431205    34.9986    27.5848 0.0000e+00
       2853    409.122     5.7411   3.431754    35.0026    27.5876 0.0000e+00
       2854    408.937     5.7462   3.432545    35.0064    27.5900 0.0000e+00
       2855    408.750     5.7499   3.432811    35.0057    27.5890 0.0000e+00
       2856    408.559     5.7505   3.432463    35.0012    27.5854 0.0000e+00
       2857    408.365     5.7500   3.432127    34.9980    27.5829 0.0000e+00
       2858    408.170     5.7509   3.432288    34.9990    27.5836 0.0000e+00
       2859    407.979     5.7557   3.432952    35.0017    27.5851 0.0000e+00
       2860    407.793     5.7649   3.434057    35.0048    27.5864 0.0000e+00
       2861    407.603     5.7760   3.435232    35.0067    27.5865 0.0000e+00
       2862    407.400     5.7856   3.435939    35.0049    27.5839 0.0000e+00
       2863    407.189     5.7915   3.435966    34.9992    27.5786 0.0000e+00
       2864    406.977     5.7924   3.435310    34.9910    27.5720 0.0000e+00
       2865    406.768     5.7873   3.434432    34.9864    27.5690 0.0000e+00
       2866    406.564     5.7778   3.434037    34.9918    27.5745 0.0000e+00
       2867    406.364     5.7710   3.434103    34.9997    27.5816 0.0000e+00
       2868    406.168     5.7741   3.434547    35.0016    27.5827 0.0000e+00
       2869    405.972     5.7866   3.435623    35.0010    27.5807 0.0000e+00
       2870    405.770     5.8020   3.436956    35.0003    27.5782 0.0000e+00
       2871    405.560     5.8110   3.437301    34.9950    27.5729 0.0000e+00
