Datasets/Test_Dataset_39219_tow/tel219_2021_029.cnv
* Sea-Bird SBE19plus Data File:
* Filename = C:/AQUIRE/tel219_2021_029.hex
* Software Version AquireV2 AF V2.0
* Temperature SN =  4020
* Conductivity SN =  4020
* System UpLoad Time = May 09 2021 09:27:05
** VESSEL/TRIP/SEQ STN: tel219_2021_029
** LATITUDE: 45 54.07 N
** LONGITUDE: 57 06.82 W
** DATE/TIME: 2021-05-09 08:24
** SOUNDING DEPTH (M): 0396
** PROBE TYPE: S4020
** CTD NUMBER:  29
** FORMAT: T
** COMMENTS: 
# nquan = 7                                 
# nvalues = 3827                        
# units = specified
# name 0 = scan: Scan Count
# name 1 = prdM: Pressure, Strain Gauge [db]
# name 2 = tv290C: Temperature [ITS-90, deg C]
# name 3 = c0S/m: Conductivity [S/m]
# name 4 = sal00: Salinity, Practical [PSU]
# name 5 = sigma-t00: Density [sigma-t, kg/m^3 ]
# name 6 = flag: flag
# span 0 =          1,       3827       
# span 1 =     -0.573,    396.208       
# span 2 =     1.0217,     9.4619       
# span 3 =   0.003434,   3.779262       
# span 4 =     0.0252,    35.1567       
# span 5 =    -0.0271,    27.5725       
# span 6 = 0.0000e+00, 0.0000e+00       
# interval = seconds: 1
# start_time = May 09 2021 08:24:29 [Instrument's time stamp, header]
# bad_flag = -9.990e-29
*END*
[from data line 3077]
       3078    137.053     5.7216   3.326401    33.9661    26.7702 0.0000e+00
       3079    135.886     5.5949   3.306648    33.8701    26.7096 0.0000e+00
       3080    134.645     5.3991   3.277853    33.7396    26.6298 0.0000e+00
       3081    133.362     5.1612   3.250272    33.6639    26.5976 0.0000e+00
       3082    132.096     4.9219   3.228656    33.6570    26.6194 0.0000e+00
       3083    130.872     4.7093   3.210546    33.6631    26.6478 0.0000e+00
       3084    129.665     4.5176   3.189075    33.6083    26.6252 0.0000e+00
       3085    128.431     4.3358   3.164785    33.5095    26.5660 0.0000e+00
       3086    127.160     4.1716   3.145968    33.4560    26.5405 0.0000e+00
       3087    125.895     4.0327   3.135034    33.4692    26.5652 0.0000e+00
       3088    124.674     3.9102   3.126116    33.4894    26.5936 0.0000e+00
       3089    123.478     3.7510   3.109525    33.4559    26.5826 0.0000e+00
       3090    122.252     3.5061   3.078724    33.3397    26.5136 0.0000e+00
       3091    120.966     3.2368   3.044052    33.1997    26.4270 0.0000e+00
       3092    119.640     3.0409   3.024075    33.1600    26.4128 0.0000e+00
       3093    118.321     2.9238   3.017296    33.1990    26.4541 0.0000e+00
       3094    117.036     2.8447   3.013038    33.2295    26.4853 0.0000e+00
       3095    115.771     2.7689   3.005015    33.2107    26.4767 0.0000e+00
       3096    114.472     2.6529   2.987960    33.1226    26.4162 0.0000e+00
       3097    113.114     2.4791   2.965638    33.0290    26.3555 0.0000e+00
       3098    111.758     2.3156   2.952504    33.0370    26.3750 0.0000e+00
       3099    110.491     2.2336   2.954640    33.1494    26.4713 0.0000e+00
       3100    109.322     2.1702   2.950763    33.1681    26.4912 0.0000e+00
       3101    108.177     2.0400   2.928678    33.0298    26.3904 0.0000e+00
       3102    106.986     1.8836   2.906271    32.9137    26.3089 0.0000e+00
       3103    105.714     1.7676   2.892204    32.8590    26.2734 0.0000e+00
       3104    104.372     1.6861   2.882043    32.8170    26.2455 0.0000e+00
       3105    103.020     1.6078   2.875695    32.8195    26.2529 0.0000e+00
       3106    101.731     1.5324   2.876149    32.9048    26.3264 0.0000e+00
       3107    100.533     1.4604   2.875433    32.9719    26.3852 0.0000e+00
       3108     99.378     1.3658   2.860243    32.8794    26.3172 0.0000e+00
       3109     98.174     1.2434   2.836605    32.7081    26.1876 0.0000e+00
       3110     96.863     1.1283   2.818911    32.6037    26.1110 0.0000e+00
       3111     95.476     1.0532   2.812020    32.5950    26.1086 0.0000e+00
       3112     94.118     1.0253   2.814430    32.6559    26.1591 0.0000e+00
       3113     92.885     1.0354   2.821507    32.7365    26.2234 0.0000e+00
       3114     91.766     1.0482   2.823769    32.7526    26.2355 0.0000e+00
       3115     90.668     1.0368   2.817775    32.6885    26.1847 0.0000e+00
       3116     89.510     1.0217   2.811200    32.6209    26.1313 0.0000e+00
       3117     88.258     1.0269   2.808537    32.5821    26.0997 0.0000e+00
       3118     86.941     1.0471   2.809524    32.5743    26.0923 0.0000e+00
       3119     85.649     1.0709   2.813374    32.5994    26.1110 0.0000e+00
       3120     84.443     1.0957   2.817151    32.6224    26.1279 0.0000e+00
       3121     83.285     1.1282   2.819105    32.6140    26.1192 0.0000e+00
       3122     82.096     1.1728   2.821055    32.5929    26.0995 0.0000e+00
       3123     80.849     1.2163   2.823433    32.5785    26.0852 0.0000e+00
       3124     79.577     1.2384   2.824998    32.5761    26.0819 0.0000e+00
       3125     78.332     1.2310   2.824667    32.5803    26.0857 0.0000e+00
       3126     77.104     1.2043   2.821009    32.5623    26.0729 0.0000e+00
       3127     75.828     1.1893   2.817036    32.5280    26.0463 0.0000e+00
       3128     74.455     1.2081   2.816933    32.5079    26.0290 0.0000e+00
       3129     73.024     1.2405   2.819265    32.5047    26.0244 0.0000e+00
       3130     71.665     1.2622   2.821559    32.5120    26.0289 0.0000e+00
       3131     70.495     1.2760   2.822907    32.5154    26.0308 0.0000e+00
       3132     69.506     1.2746   2.822966    32.5182    26.0331 0.0000e+00
       3133     68.578     1.2430   2.819478    32.5073    26.0263 0.0000e+00
       3134     67.635     1.1987   2.812972    32.4711    26.0000 0.0000e+00
       3135     66.714     1.1740   2.810225    32.4623    25.9945 0.0000e+00
       3136     65.883     1.1757   2.812069    32.4845    26.0122 0.0000e+00
       3137     65.163     1.1919   2.814207    32.4953    26.0199 0.0000e+00
       3138     64.508     1.2051   2.814703    32.4882    26.0134 0.0000e+00
       3139     63.845     1.2043   2.813237    32.4707    25.9994 0.0000e+00
       3140     63.152     1.1952   2.811267    32.4555    25.9878 0.0000e+00
       3141     62.446     1.1864   2.810615    32.4568    25.9893 0.0000e+00
       3142     61.736     1.1896   2.811445    32.4644    25.9952 0.0000e+00
       3143     61.033     1.2363   2.814725    32.4580    25.9872 0.0000e+00
       3144     60.345     1.3478   2.822391    32.4400    25.9657 0.0000e+00
       3145     59.659     1.4936   2.832742    32.4205    25.9405 0.0000e+00
       3146     58.945     1.6152   2.841029    32.3999    25.9159 0.0000e+00
       3147     58.195     1.6810   2.844389    32.3748    25.8913 0.0000e+00
       3148     57.454     1.6967   2.844015    32.3544    25.8738 0.0000e+00
       3149     56.773     1.6852   2.843332    32.3580    25.8775 0.0000e+00
       3150     56.137     1.6788   2.843813    32.3710    25.8884 0.0000e+00
       3151     55.480     1.6975   2.845139    32.3687    25.8853 0.0000e+00
       3152     54.775     1.7363   2.847650    32.3608    25.8762 0.0000e+00
       3153     54.018     1.7866   2.851029    32.3519    25.8656 0.0000e+00
       3154     53.204     1.8375   2.853872    32.3357    25.8491 0.0000e+00
       3155     52.375     1.8656   2.854471    32.3149    25.8305 0.0000e+00
       3156     51.570     1.8938   2.855189    32.2955    25.8129 0.0000e+00
       3157     50.771     2.0022   2.864441    32.3005    25.8092 0.0000e+00
       3158     49.944     2.1953   2.882191    32.3245    25.8141 0.0000e+00
       3159     49.069     2.3823   2.897398    32.3227    25.7985 0.0000e+00
       3160     48.151     2.5004   2.903959    32.2842    25.7585 0.0000e+00
       3161     47.223     2.5449   2.902788    32.2254    25.7080 0.0000e+00
       3162     46.307     2.5420   2.901120    32.2084    25.6947 0.0000e+00
       3163     45.383     2.5331   2.903108    32.2422    25.7224 0.0000e+00
       3164     44.440     2.5504   2.906151    32.2626    25.7373 0.0000e+00
       3165     43.484     2.6001   2.911242    32.2753    25.7435 0.0000e+00
       3166     42.503     2.6568   2.917315    32.2929    25.7530 0.0000e+00
       3167     41.486     2.6952   2.920742    32.2966    25.7528 0.0000e+00
       3168     40.447     2.7150   2.921968    32.2921    25.7476 0.0000e+00
       3169     39.400     2.7279   2.922876    32.2908    25.7455 0.0000e+00
       3170     38.356     2.7585   2.925348    32.2906    25.7429 0.0000e+00
       3171     37.309     2.8481   2.933808    32.3040    25.7462 0.0000e+00
       3172     36.248     2.9881   2.946693    32.3203    25.7474 0.0000e+00
       3173     35.246     3.0882   2.953542    32.3033    25.7252 0.0000e+00
       3174     34.400     3.1021   2.952161    32.2731    25.7000 0.0000e+00
       3175     33.691     3.0793   2.948056    32.2467    25.6809 0.0000e+00
       3176     33.019     3.0770   2.945629    32.2200    25.6598 0.0000e+00
       3177     32.303     3.1377   2.950830    32.2226    25.6566 0.0000e+00
       3178     31.571     3.2656   2.962977    32.2416    25.6606 0.0000e+00
       3179     30.905     3.3912   2.972218    32.2278    25.6384 0.0000e+00
       3180     30.315     3.4679   2.976349    32.2013    25.6104 0.0000e+00
       3181     29.758     3.5196   2.980559    32.2006    25.6052 0.0000e+00
       3182     29.217     3.5644   2.984593    32.2047    25.6042 0.0000e+00
       3183     28.694     3.6020   2.987827    32.2062    25.6020 0.0000e+00
       3184     28.188     3.6392   2.991531    32.2138    25.6046 0.0000e+00
       3185     27.675     3.6752   2.994746    32.2166    25.6035 0.0000e+00
       3186     27.129     3.7012   2.996326    32.2100    25.5958 0.0000e+00
       3187     26.573     3.7146   2.996577    32.2000    25.5866 0.0000e+00
       3188     26.038     3.7191   2.996767    32.1981    25.5847 0.0000e+00
       3189     25.525     3.7187   2.997194    32.2038    25.5893 0.0000e+00
       3190     25.020     3.7168   2.997556    32.2103    25.5946 0.0000e+00
       3191     24.512     3.7142   2.997237    32.2093    25.5940 0.0000e+00
       3192     24.004     3.7100   2.995867    32.1975    25.5850 0.0000e+00
       3193     23.504     3.7028   2.995046    32.1951    25.5838 0.0000e+00
       3194     23.010     3.6933   2.995598    32.2113    25.5976 0.0000e+00
       3195     22.508     3.6871   2.996297    32.2260    25.6098 0.0000e+00
       3196     21.999     3.6868   2.996306    32.2266    25.6104 0.0000e+00
       3197     21.506     3.6891   2.995906    32.2199    25.6048 0.0000e+00
       3198     21.048     3.6910   2.996214    32.2219    25.6062 0.0000e+00
       3199     20.606     3.6924   2.997189    32.2323    25.6144 0.0000e+00
       3200     20.139     3.6930   2.997416    32.2347    25.6162 0.0000e+00
       3201     19.628     3.6925   2.996057    32.2193    25.6040 0.0000e+00
       3202     19.097     3.6909   2.993452    32.1902    25.5810 0.0000e+00
       3203     18.586     3.6882   2.992587    32.1828    25.5754 0.0000e+00
       3204     18.109     3.6871   2.994996    32.2128    25.5994 0.0000e+00
       3205     17.650     3.6886   2.997227    32.2381    25.6193 0.0000e+00
       3206     17.183     3.6849   2.996630    32.2349    25.6171 0.0000e+00
       3207     16.698     3.6738   2.994517    32.2210    25.6071 0.0000e+00
       3208     16.189     3.6685   2.993405    32.2133    25.6015 0.0000e+00
       3209     15.659     3.6793   2.994702    32.2183    25.6045 0.0000e+00
       3210     15.130     3.6994   2.997627    32.2334    25.6146 0.0000e+00
       3211     14.609     3.7152   2.999154    32.2362    25.6154 0.0000e+00
       3212     14.103     3.7218   2.999009    32.2282    25.6084 0.0000e+00
       3213     13.645     3.7228   2.999558    32.2340    25.6129 0.0000e+00
       3214     13.254     3.7228   3.000405    32.2443    25.6210 0.0000e+00
       3215     12.915     3.7245   3.000663    32.2458    25.6221 0.0000e+00
       3216     12.616     3.7277   3.000620    32.2423    25.6190 0.0000e+00
       3217     12.353     3.7314   3.000567    32.2381    25.6154 0.0000e+00
       3218     12.091     3.7349   3.000940    32.2392    25.6159 0.0000e+00
       3219     11.769     3.7375   3.001734    32.2463    25.6213 0.0000e+00
       3220     11.350     3.7393   3.002235    32.2507    25.6246 0.0000e+00
       3221     10.846     3.7401   3.002110    32.2486    25.6229 0.0000e+00
       3222     10.312     3.7399   3.001905    32.2467    25.6214 0.0000e+00
       3223      9.806     3.7400   3.002067    32.2488    25.6230 0.0000e+00
       3224      9.348     3.7408   3.002289    32.2508    25.6246 0.0000e+00
       3225      8.929     3.7403   3.002011    32.2483    25.6226 0.0000e+00
       3226      8.532     3.7361   3.001383    32.2452    25.6205 0.0000e+00
       3227      8.139     3.7304   3.001064    32.2472    25.6227 0.0000e+00
       3228      7.738     3.7294   3.001492    32.2535    25.6278 0.0000e+00
       3229      7.364     3.7337   3.002354    32.2597    25.6323 0.0000e+00
       3230      7.108     3.7382   3.002809    32.2608    25.6327 0.0000e+00
       3231      6.994     3.7406   3.002743    32.2577    25.6300 0.0000e+00
       3232      6.929     3.7413   3.002552    32.2547    25.6276 0.0000e+00
       3233      6.807     3.7398   3.002237    32.2525    25.6260 0.0000e+00
       3234      6.592     3.7353   3.001764    32.2515    25.6256 0.0000e+00
       3235      6.312     3.7291   3.001318    32.2525    25.6270 0.0000e+00
       3236      6.021     3.7243   3.001136    32.2552    25.6296 0.0000e+00
       3237      5.753     3.7222   3.001144    32.2575    25.6317 0.0000e+00
       3238      5.508     3.7226   3.001039    32.2560    25.6304 0.0000e+00
       3239      5.273     3.7248   3.001364    32.2578    25.6316 0.0000e+00
       3240      5.024     3.7285   3.002251    32.2648    25.6369 0.0000e+00
       3241      4.750     3.7332   3.002746    32.2662    25.6375 0.0000e+00
       3242      4.479     3.7368   3.002783    32.2632    25.6348 0.0000e+00
       3243      4.242     3.7376   3.002756    32.2622    25.6339 0.0000e+00
       3244      4.057     3.7366   3.002688    32.2625    25.6342 0.0000e+00
       3245      3.916     3.7355   3.002521    32.2617    25.6337 0.0000e+00
       3246      3.810     3.7348   3.002141    32.2579    25.6308 0.0000e+00
       3247      3.760     3.7332   3.001748    32.2548    25.6285 0.0000e+00
       3248      3.777     3.7306   3.001542    32.2550    25.6288 0.0000e+00
       3249      3.837     3.7302   3.001503    32.2549    25.6288 0.0000e+00
       3250      3.875     3.7339   3.001882    32.2557    25.6291 0.0000e+00
       3251      3.805     3.7390   3.002489    32.2579    25.6304 0.0000e+00
       3252      3.623     3.7418   3.002693    32.2576    25.6299 0.0000e+00
       3253      3.417     3.7411   3.002437    32.2554    25.6282 0.0000e+00
       3254      3.251     3.7375   3.002125    32.2553    25.6285 0.0000e+00
       3255      3.137     3.7340   3.002114    32.2587    25.6315 0.0000e+00
       3256      3.065     3.7331   3.002207    32.2608    25.6332 0.0000e+00
       3257      3.019     3.7335   3.002147    32.2597    25.6323 0.0000e+00
       3258      2.989     3.7336   3.002066    32.2586    25.6315 0.0000e+00
       3259      2.976     3.7331   3.001940    32.2576    25.6307 0.0000e+00
       3260      2.990     3.7333   3.001792    32.2557    25.6291 0.0000e+00
       3261      3.031     3.7350   3.001799    32.2540    25.6277 0.0000e+00
       3262      3.081     3.7359   3.001820    32.2534    25.6271 0.0000e+00
       3263      3.114     3.7336   3.001809    32.2555    25.6290 0.0000e+00
       3264      3.117     3.7308   3.001912    32.2595    25.6324 0.0000e+00
       3265      3.084     3.7321   3.002052    32.2599    25.6326 0.0000e+00
       3266      3.016     3.7371   3.002326    32.2582    25.6308 0.0000e+00
       3267      2.920     3.7412   3.002642    32.2580    25.6302 0.0000e+00
       3268      2.835     3.7410   3.002626    32.2580    25.6303 0.0000e+00
       3269      2.798     3.7383   3.002468    32.2588    25.6312 0.0000e+00
       3270      2.792     3.7365   3.002379    32.2596    25.6319 0.0000e+00
       3271      2.786     3.7357   3.002371    32.2603    25.6326 0.0000e+00
       3272      2.772     3.7349   3.002469    32.2622    25.6342 0.0000e+00
       3273      2.740     3.7348   3.002564    32.2635    25.6352 0.0000e+00
       3274      2.685     3.7359   3.002564    32.2624    25.6343 0.0000e+00
       3275      2.624     3.7374   3.002541    32.2607    25.6327 0.0000e+00
       3276      2.570     3.7384   3.002595    32.2604    25.6324 0.0000e+00
       3277      2.511     3.7386   3.002723    32.2617    25.6335 0.0000e+00
       3278      2.428     3.7390   3.002860    32.2630    25.6344 0.0000e+00
       3279      2.314     3.7397   3.002832    32.2620    25.6336 0.0000e+00
       3280      2.173     3.7396   3.002665    32.2602    25.6322 0.0000e+00
       3281      2.047     3.7389   3.002645    32.2607    25.6326 0.0000e+00
       3282      1.999     3.7388   3.002747    32.2621    25.6337 0.0000e+00
