Datasets/Test_Dataset_39219_tow/tel219_2021_084.cnv
* Sea-Bird SBE19plus Data File:
* Filename = C:/AQUIRE/tel219_2021_084.hex
* Software Version AquireV2 AF V2.0
* Temperature SN =  4020
* Conductivity SN =  4020
* System UpLoad Time = May 17 2021 00:56:47
** VESSEL/TRIP/SEQ STN: tel219_2021_084
** LATITUDE: 46 20.26 N
** LONGITUDE: 55 44.63 W
** DATE/TIME: 2021-05-17 00:16
** SOUNDING DEPTH (M): 0143
** PROBE TYPE: S4020
** CTD NUMBER: 074
** FORMAT: T
** COMMENTS: 
# nquan = 7                                 
# nvalues = 2462                        
# units = specified
# name 0 = scan: Scan Count
# name 1 = prdM: Pressure, Strain Gauge [db]
# name 2 = tv290C: Temperature [ITS-90, deg C]
# name 3 = c0S/m: Conductivity [S/m]
# name 4 = sal00: Salinity, Practical [PSU]
# name 5 = sigma-t00: Density [sigma-t, kg/m^3 ]
# name 6 = flag: flag
# span 0 =          1,       2462       
# span 1 =      0.051,    140.177       
# span 2 =     0.1817,     5.2980       
# span 3 =   0.006660,   3.093165       
# span 4 =     0.0491,    32.5870       
# span 5 =     0.0008,    26.1479       
# span 6 = 0.0000e+00, 0.0000e+00       
# interval = seconds: 1
# start_time = May 17 2021 00:16:27 [Instrument's time stamp, header]
# bad_flag = -9.990e-29
*END*
[from data line 1231]
       1232    139.948     0.1919   2.742287    32.5749    26.1396 0.0000e+00
       1233    139.937     0.1920   2.742284    32.5747    26.1394 0.0000e+00
       1234    139.937     0.1920   2.742291    32.5748    26.1395 0.0000e+00
       1235    139.941     0.1921   2.742298    32.5748    26.1395 0.0000e+00
       1236    139.936     0.1921   2.742299    32.5748    26.1395 0.0000e+00
       1237    139.921     0.1921   2.742292    32.5748    26.1395 0.0000e+00
       1238    139.905     0.1922   2.742288    32.5746    26.1393 0.0000e+00
       1239    139.901     0.1925   2.742294    32.5744    26.1391 0.0000e+00
       1240    139.907     0.1927   2.742300    32.5742    26.1390 0.0000e+00
       1241    139.913     0.1928   2.742302    32.5741    26.1389 0.0000e+00
       1242    139.912     0.1927   2.742296    32.5742    26.1390 0.0000e+00
       1243    139.905     0.1925   2.742292    32.5743    26.1391 0.0000e+00
       1244    139.900     0.1923   2.742296    32.5746    26.1393 0.0000e+00
       1245    139.898     0.1924   2.742303    32.5746    26.1393 0.0000e+00
       1246    139.899     0.1925   2.742305    32.5745    26.1392 0.0000e+00
       1247    139.902     0.1925   2.742306    32.5745    26.1392 0.0000e+00
       1248    139.906     0.1926   2.742306    32.5744    26.1392 0.0000e+00
       1249    139.908     0.1926   2.742301    32.5743    26.1391 0.0000e+00
       1250    139.908     0.1927   2.742300    32.5742    26.1390 0.0000e+00
       1251    139.908     0.1928   2.742301    32.5741    26.1389 0.0000e+00
       1252    139.907     0.1926   2.742296    32.5743    26.1390 0.0000e+00
       1253    139.904     0.1924   2.742287    32.5744    26.1391 0.0000e+00
       1254    139.901     0.1921   2.742284    32.5747    26.1394 0.0000e+00
       1255    139.895     0.1922   2.742287    32.5746    26.1393 0.0000e+00
       1256    139.889     0.1925   2.742289    32.5743    26.1391 0.0000e+00
       1257    139.885     0.1926   2.742291    32.5742    26.1390 0.0000e+00
       1258    139.882     0.1924   2.742291    32.5744    26.1392 0.0000e+00
       1259    139.876     0.1921   2.742284    32.5747    26.1394 0.0000e+00
       1260    139.867     0.1920   2.742282    32.5748    26.1395 0.0000e+00
       1261    139.857     0.1918   2.742285    32.5750    26.1397 0.0000e+00
       1262    139.845     0.1918   2.742288    32.5751    26.1397 0.0000e+00
       1263    139.829     0.1919   2.742289    32.5750    26.1396 0.0000e+00
       1264    139.811     0.1920   2.742286    32.5748    26.1395 0.0000e+00
       1265    139.797     0.1920   2.742283    32.5748    26.1395 0.0000e+00
       1266    139.789     0.1920   2.742287    32.5749    26.1395 0.0000e+00
       1267    139.785     0.1921   2.742292    32.5748    26.1395 0.0000e+00
       1268    139.778     0.1923   2.742296    32.5747    26.1394 0.0000e+00
       1269    139.762     0.1925   2.742293    32.5744    26.1392 0.0000e+00
       1270    139.741     0.1923   2.742287    32.5746    26.1393 0.0000e+00
       1271    139.729     0.1919   2.742287    32.5750    26.1397 0.0000e+00
       1272    139.730     0.1917   2.742283    32.5752    26.1398 0.0000e+00
       1273    139.735     0.1919   2.742283    32.5750    26.1396 0.0000e+00
       1274    139.736     0.1921   2.742285    32.5748    26.1395 0.0000e+00
       1275    139.732     0.1921   2.742286    32.5748    26.1395 0.0000e+00
       1276    139.724     0.1921   2.742291    32.5749    26.1395 0.0000e+00
       1277    139.713     0.1921   2.742292    32.5749    26.1395 0.0000e+00
       1278    139.703     0.1921   2.742288    32.5748    26.1395 0.0000e+00
       1279    139.695     0.1923   2.742288    32.5746    26.1393 0.0000e+00
       1280    139.683     0.1923   2.742289    32.5746    26.1393 0.0000e+00
       1281    139.665     0.1923   2.742291    32.5747    26.1394 0.0000e+00
       1282    139.652     0.1923   2.742291    32.5747    26.1394 0.0000e+00
       1283    139.649     0.1924   2.742296    32.5746    26.1393 0.0000e+00
       1284    139.653     0.1926   2.742302    32.5745    26.1392 0.0000e+00
       1285    139.660     0.1927   2.742305    32.5744    26.1392 0.0000e+00
       1286    139.664     0.1928   2.742306    32.5743    26.1391 0.0000e+00
       1287    139.661     0.1926   2.742303    32.5745    26.1392 0.0000e+00
       1288    139.653     0.1926   2.742304    32.5745    26.1392 0.0000e+00
       1289    139.643     0.1926   2.742305    32.5746    26.1393 0.0000e+00
       1290    139.635     0.1926   2.742301    32.5745    26.1392 0.0000e+00
       1291    139.627     0.1927   2.742298    32.5744    26.1391 0.0000e+00
       1292    139.609     0.1928   2.742299    32.5743    26.1390 0.0000e+00
       1293    139.584     0.1928   2.742300    32.5743    26.1391 0.0000e+00
       1294    139.566     0.1930   2.742302    32.5741    26.1389 0.0000e+00
       1295    139.558     0.1930   2.742302    32.5741    26.1389 0.0000e+00
       1296    139.557     0.1930   2.742294    32.5740    26.1388 0.0000e+00
       1297    139.557     0.1931   2.742291    32.5739    26.1387 0.0000e+00
       1298    139.552     0.1932   2.742299    32.5739    26.1387 0.0000e+00
       1299    139.546     0.1934   2.742302    32.5737    26.1386 0.0000e+00
       1300    139.541     0.1933   2.742304    32.5739    26.1387 0.0000e+00
       1301    139.539     0.1931   2.742305    32.5741    26.1389 0.0000e+00
       1302    139.538     0.1929   2.742301    32.5742    26.1390 0.0000e+00
       1303    139.536     0.1926   2.742296    32.5745    26.1392 0.0000e+00
       1304    139.527     0.1927   2.742291    32.5743    26.1391 0.0000e+00
       1305    139.515     0.1930   2.742291    32.5740    26.1388 0.0000e+00
       1306    139.511     0.1930   2.742296    32.5741    26.1389 0.0000e+00
       1307    139.515     0.1928   2.742300    32.5743    26.1391 0.0000e+00
       1308    139.518     0.1928   2.742299    32.5743    26.1391 0.0000e+00
       1309    139.510     0.1928   2.742295    32.5743    26.1390 0.0000e+00
       1310    139.491     0.1928   2.742291    32.5742    26.1390 0.0000e+00
       1311    139.473     0.1928   2.742293    32.5743    26.1390 0.0000e+00
       1312    139.463     0.1929   2.742295    32.5742    26.1390 0.0000e+00
       1313    139.460     0.1931   2.742297    32.5740    26.1388 0.0000e+00
       1314    139.461     0.1931   2.742298    32.5740    26.1388 0.0000e+00
       1315    139.462     0.1934   2.742296    32.5737    26.1385 0.0000e+00
       1316    139.460     0.1935   2.742288    32.5735    26.1384 0.0000e+00
       1317    139.452     0.1934   2.742282    32.5735    26.1384 0.0000e+00
       1318    139.438     0.1933   2.742281    32.5736    26.1385 0.0000e+00
       1319    139.426     0.1931   2.742277    32.5738    26.1386 0.0000e+00
       1320    139.423     0.1931   2.742274    32.5737    26.1386 0.0000e+00
       1321    139.425     0.1931   2.742275    32.5738    26.1386 0.0000e+00
       1322    139.420     0.1931   2.742278    32.5738    26.1386 0.0000e+00
       1323    139.406     0.1931   2.742279    32.5738    26.1386 0.0000e+00
       1324    139.387     0.1931   2.742277    32.5738    26.1386 0.0000e+00
       1325    139.372     0.1931   2.742273    32.5738    26.1386 0.0000e+00
       1326    139.365     0.1931   2.742271    32.5737    26.1386 0.0000e+00
       1327    139.363     0.1929   2.742268    32.5739    26.1387 0.0000e+00
       1328    139.363     0.1928   2.742264    32.5740    26.1388 0.0000e+00
       1329    139.363     0.1928   2.742261    32.5739    26.1387 0.0000e+00
       1330    139.362     0.1928   2.742263    32.5740    26.1388 0.0000e+00
       1331    139.359     0.1929   2.742268    32.5739    26.1387 0.0000e+00
       1332    139.355     0.1930   2.742268    32.5738    26.1386 0.0000e+00
       1333    139.351     0.1928   2.742258    32.5739    26.1387 0.0000e+00
       1334    139.345     0.1928   2.742249    32.5738    26.1386 0.0000e+00
       1335    139.336     0.1928   2.742248    32.5738    26.1386 0.0000e+00
       1336    139.327     0.1930   2.742253    32.5736    26.1385 0.0000e+00
       1337    139.318     0.1929   2.742256    32.5738    26.1386 0.0000e+00
       1338    139.307     0.1928   2.742253    32.5739    26.1387 0.0000e+00
       1339    139.292     0.1929   2.742248    32.5737    26.1386 0.0000e+00
       1340    139.275     0.1930   2.742246    32.5736    26.1385 0.0000e+00
       1341    139.265     0.1930   2.742247    32.5736    26.1385 0.0000e+00
       1342    139.263     0.1930   2.742247    32.5736    26.1385 0.0000e+00
       1343    139.261     0.1930   2.742247    32.5736    26.1385 0.0000e+00
       1344    139.256     0.1931   2.742248    32.5735    26.1384 0.0000e+00
       1345    139.248     0.1932   2.742247    32.5734    26.1383 0.0000e+00
       1346    139.234     0.1933   2.742241    32.5732    26.1381 0.0000e+00
       1347    139.213     0.1931   2.742236    32.5734    26.1383 0.0000e+00
       1348    139.195     0.1931   2.742235    32.5734    26.1383 0.0000e+00
       1349    139.186     0.1930   2.742236    32.5735    26.1384 0.0000e+00
       1350    139.183     0.1930   2.742231    32.5734    26.1383 0.0000e+00
       1351    139.179     0.1930   2.742228    32.5734    26.1383 0.0000e+00
       1352    139.172     0.1930   2.742234    32.5735    26.1384 0.0000e+00
       1353    139.163     0.1930   2.742243    32.5736    26.1385 0.0000e+00
       1354    139.153     0.1931   2.742244    32.5735    26.1384 0.0000e+00
       1355    139.146     0.1931   2.742239    32.5734    26.1383 0.0000e+00
       1356    139.141     0.1931   2.742236    32.5734    26.1383 0.0000e+00
       1357    139.134     0.1929   2.742240    32.5737    26.1385 0.0000e+00
       1358    139.130     0.1928   2.742245    32.5738    26.1387 0.0000e+00
       1359    139.129     0.1928   2.742246    32.5739    26.1387 0.0000e+00
       1360    139.128     0.1928   2.742240    32.5738    26.1386 0.0000e+00
       1361    139.126     0.1930   2.742237    32.5735    26.1384 0.0000e+00
       1362    139.125     0.1932   2.742237    32.5733    26.1382 0.0000e+00
       1363    139.129     0.1934   2.742235    32.5731    26.1380 0.0000e+00
       1364    139.137     0.1935   2.742235    32.5730    26.1379 0.0000e+00
       1365    139.142     0.1935   2.742235    32.5730    26.1379 0.0000e+00
       1366    139.140     0.1935   2.742234    32.5730    26.1379 0.0000e+00
       1367    139.129     0.1933   2.742229    32.5731    26.1381 0.0000e+00
       1368    139.115     0.1933   2.742224    32.5731    26.1380 0.0000e+00
       1369    139.108     0.1933   2.742221    32.5730    26.1380 0.0000e+00
       1370    139.107     0.1933   2.742221    32.5730    26.1380 0.0000e+00
       1371    139.107     0.1933   2.742218    32.5730    26.1380 0.0000e+00
       1372    139.106     0.1933   2.742217    32.5730    26.1380 0.0000e+00
       1373    139.104     0.1933   2.742214    32.5729    26.1379 0.0000e+00
       1374    139.104     0.1934   2.742205    32.5727    26.1377 0.0000e+00
       1375    139.103     0.1935   2.742199    32.5725    26.1376 0.0000e+00
       1376    139.098     0.1933   2.742199    32.5727    26.1378 0.0000e+00
       1377    139.087     0.1931   2.742198    32.5729    26.1379 0.0000e+00
       1378    139.073     0.1929   2.742190    32.5731    26.1380 0.0000e+00
       1379    139.062     0.1928   2.742183    32.5731    26.1381 0.0000e+00
       1380    139.061     0.1928   2.742177    32.5730    26.1380 0.0000e+00
       1381    139.069     0.1929   2.742169    32.5728    26.1378 0.0000e+00
       1382    139.077     0.1931   2.742168    32.5726    26.1376 0.0000e+00
       1383    139.076     0.1931   2.742171    32.5726    26.1377 0.0000e+00
       1384    139.069     0.1931   2.742168    32.5726    26.1376 0.0000e+00
       1385    139.059     0.1930   2.742160    32.5726    26.1376 0.0000e+00
       1386    139.053     0.1928   2.742149    32.5726    26.1377 0.0000e+00
       1387    139.060     0.1928   2.742144    32.5726    26.1377 0.0000e+00
       1388    139.076     0.1929   2.742141    32.5724    26.1375 0.0000e+00
       1389    139.084     0.1931   2.742132    32.5721    26.1372 0.0000e+00
       1390    139.078     0.1935   2.742126    32.5716    26.1368 0.0000e+00
       1391    139.066     0.1935   2.742122    32.5715    26.1368 0.0000e+00
       1392    139.060     0.1931   2.742121    32.5719    26.1371 0.0000e+00
       1393    139.063     0.1927   2.742127    32.5724    26.1376 0.0000e+00
       1394    139.071     0.1926   2.742133    32.5726    26.1377 0.0000e+00
       1395    139.079     0.1924   2.742133    32.5728    26.1379 0.0000e+00
       1396    139.087     0.1923   2.742133    32.5729    26.1380 0.0000e+00
       1397    139.092     0.1923   2.742133    32.5729    26.1380 0.0000e+00
       1398    139.092     0.1923   2.742130    32.5729    26.1379 0.0000e+00
       1399    139.089     0.1923   2.742122    32.5728    26.1379 0.0000e+00
       1400    139.087     0.1924   2.742112    32.5726    26.1377 0.0000e+00
       1401    139.090     0.1926   2.742102    32.5722    26.1374 0.0000e+00
       1402    139.094     0.1926   2.742095    32.5721    26.1373 0.0000e+00
       1403    139.094     0.1926   2.742090    32.5721    26.1373 0.0000e+00
       1404    139.089     0.1926   2.742089    32.5720    26.1372 0.0000e+00
       1405    139.082     0.1925   2.742091    32.5722    26.1374 0.0000e+00
       1406    139.076     0.1925   2.742089    32.5722    26.1373 0.0000e+00
       1407    139.072     0.1923   2.742083    32.5723    26.1375 0.0000e+00
       1408    139.071     0.1922   2.742085    32.5724    26.1376 0.0000e+00
       1409    139.073     0.1921   2.742086    32.5725    26.1377 0.0000e+00
       1410    139.073     0.1920   2.742087    32.5727    26.1378 0.0000e+00
       1411    139.069     0.1918   2.742086    32.5729    26.1379 0.0000e+00
       1412    139.065     0.1918   2.742071    32.5727    26.1378 0.0000e+00
       1413    139.062     0.1919   2.742047    32.5722    26.1374 0.0000e+00
       1414    139.059     0.1920   2.742023    32.5718    26.1371 0.0000e+00
       1415    139.056     0.1919   2.742010    32.5718    26.1371 0.0000e+00
       1416    139.053     0.1917   2.742002    32.5719    26.1372 0.0000e+00
       1417    139.053     0.1915   2.741999    32.5721    26.1373 0.0000e+00
       1418    139.056     0.1913   2.742004    32.5723    26.1375 0.0000e+00
       1419    139.057     0.1913   2.742013    32.5724    26.1376 0.0000e+00
       1420    139.052     0.1911   2.742007    32.5726    26.1377 0.0000e+00
       1421    139.041     0.1911   2.741985    32.5723    26.1375 0.0000e+00
       1422    139.031     0.1910   2.741965    32.5721    26.1374 0.0000e+00
       1423    139.030     0.1908   2.741956    32.5722    26.1375 0.0000e+00
       1424    139.037     0.1906   2.741954    32.5724    26.1376 0.0000e+00
       1425    139.045     0.1904   2.741950    32.5726    26.1378 0.0000e+00
       1426    139.049     0.1902   2.741937    32.5726    26.1378 0.0000e+00
       1427    139.049     0.1901   2.741915    32.5724    26.1377 0.0000e+00
       1428    139.051     0.1901   2.741895    32.5722    26.1375 0.0000e+00
       1429    139.059     0.1900   2.741888    32.5722    26.1375 0.0000e+00
       1430    139.069     0.1899   2.741893    32.5724    26.1376 0.0000e+00
       1431    139.078     0.1899   2.741894    32.5724    26.1376 0.0000e+00
       1432    139.082     0.1899   2.741894    32.5724    26.1376 0.0000e+00
       1433    139.082     0.1899   2.741895    32.5724    26.1376 0.0000e+00
       1434    139.083     0.1898   2.741895    32.5725    26.1377 0.0000e+00
       1435    139.090     0.1896   2.741884    32.5725    26.1378 0.0000e+00
