Datasets/Test_Dataset_39219_tow/tel219_2021_060.cnv
* Sea-Bird SBE19plus Data File:
* Filename = C:/AQUIRE/tel219_2021_060.hex
* Software Version AquireV2 AF V2.0
* Temperature SN =  4020
* Conductivity SN =  4020
* System UpLoad Time = May 14 2021 11:52:45
** VESSEL/TRIP/SEQ STN: tel219_2021_060
** LATITUDE: 45 01.95 N
** LONGITUDE: 54 42.02 W
** DATE/TIME: 2021-05-14 11:01
** SOUNDING DEPTH (M): 0322
** PROBE TYPE: S4020
** CTD NUMBER:  60
** FORMAT: T
** COMMENTS: 
# nquan = 7                                 
# nvalues = 3145                        
# units = specified
# name 0 = scan: Scan Count
# name 1 = prdM: Pressure, Strain Gauge [db]
# name 2 = tv290C: Temperature [ITS-90, deg C]
# name 3 = c0S/m: Conductivity [S/m]
# name 4 = sal00: Salinity, Practical [PSU]
# name 5 = sigma-t00: Density [sigma-t, kg/m^3 ]
# name 6 = flag: flag
# span 0 =          1,       3145       
# span 1 =     -0.580,    288.177       
# span 2 =     0.9282,     9.6255       
# span 3 =   0.008095,   3.791595       
# span 4 =     0.0601,    35.1669       
# span 5 =     0.0121,    27.2682       
# span 6 = 0.0000e+00, 0.0000e+00       
# interval = seconds: 1
# start_time = May 14 2021 11:01:29 [Instrument's time stamp, header]
# bad_flag = -9.990e-29
*END*
[from data line 2052]
       2053    285.611     8.8145   3.723802    35.1433    27.2602 0.0000e+00
       2054    285.625     8.8135   3.723690    35.1431    27.2602 0.0000e+00
       2055    285.647     8.8134   3.723662    35.1429    27.2600 0.0000e+00
       2056    285.672     8.8135   3.723675    35.1429    27.2601 0.0000e+00
       2057    285.694     8.8130   3.723634    35.1430    27.2602 0.0000e+00
       2058    285.709     8.8117   3.723508    35.1429    27.2603 0.0000e+00
       2059    285.715     8.8107   3.723417    35.1430    27.2605 0.0000e+00
       2060    285.711     8.8108   3.723430    35.1430    27.2605 0.0000e+00
       2061    285.705     8.8120   3.723504    35.1426    27.2600 0.0000e+00
       2062    285.715     8.8144   3.723712    35.1424    27.2595 0.0000e+00
       2063    285.743     8.8170   3.724001    35.1429    27.2594 0.0000e+00
       2064    285.774     8.8178   3.724111    35.1432    27.2596 0.0000e+00
       2065    285.790     8.8169   3.724026    35.1432    27.2597 0.0000e+00
       2066    285.785     8.8154   3.723862    35.1430    27.2598 0.0000e+00
       2067    285.780     8.8134   3.723657    35.1428    27.2600 0.0000e+00
       2068    285.798     8.8107   3.723363    35.1424    27.2601 0.0000e+00
       2069    285.831     8.8071   3.722999    35.1421    27.2604 0.0000e+00
       2070    285.855     8.8038   3.722745    35.1426    27.2614 0.0000e+00
       2071    285.859     8.8019   3.722652    35.1435    27.2624 0.0000e+00
       2072    285.846     8.8015   3.722623    35.1436    27.2625 0.0000e+00
       2073    285.832     8.8023   3.722619    35.1428    27.2618 0.0000e+00
       2074    285.840     8.8035   3.722687    35.1423    27.2612 0.0000e+00
       2075    285.871     8.8041   3.722750    35.1424    27.2611 0.0000e+00
       2076    285.907     8.8030   3.722640    35.1423    27.2612 0.0000e+00
       2077    285.940     8.8009   3.722418    35.1420    27.2614 0.0000e+00
       2078    285.967     8.8001   3.722333    35.1419    27.2614 0.0000e+00
       2079    285.989     8.8026   3.722535    35.1416    27.2607 0.0000e+00
       2080    286.013     8.8083   3.723075    35.1416    27.2598 0.0000e+00
       2081    286.042     8.8137   3.723688    35.1427    27.2598 0.0000e+00
       2082    286.070     8.8145   3.723787    35.1429    27.2599 0.0000e+00
       2083    286.088     8.8117   3.723477    35.1424    27.2599 0.0000e+00
       2084    286.090     8.8088   3.723220    35.1426    27.2605 0.0000e+00
       2085    286.086     8.8058   3.722960    35.1428    27.2612 0.0000e+00
       2086    286.095     8.8020   3.722560    35.1424    27.2615 0.0000e+00
       2087    286.126     8.7981   3.722120    35.1416    27.2615 0.0000e+00
       2088    286.171     8.7959   3.721883    35.1412    27.2615 0.0000e+00
       2089    286.212     8.7956   3.721931    35.1420    27.2622 0.0000e+00
       2090    286.243     8.7952   3.721948    35.1426    27.2627 0.0000e+00
       2091    286.266     8.7942   3.721795    35.1420    27.2624 0.0000e+00
       2092    286.284     8.7945   3.721785    35.1415    27.2620 0.0000e+00
       2093    286.304     8.7956   3.721948    35.1422    27.2623 0.0000e+00
       2094    286.325     8.7952   3.721947    35.1425    27.2627 0.0000e+00
       2095    286.339     8.7934   3.721758    35.1423    27.2628 0.0000e+00
       2096    286.347     8.7918   3.721577    35.1420    27.2628 0.0000e+00
       2097    286.360     8.7908   3.721476    35.1419    27.2629 0.0000e+00
       2098    286.384     8.7895   3.721358    35.1420    27.2631 0.0000e+00
       2099    286.417     8.7879   3.721143    35.1413    27.2628 0.0000e+00
       2100    286.448     8.7880   3.721099    35.1407    27.2624 0.0000e+00
       2101    286.466     8.7908   3.721389    35.1410    27.2621 0.0000e+00
       2102    286.474     8.7942   3.721760    35.1415    27.2620 0.0000e+00
       2103    286.482     8.7956   3.721913    35.1417    27.2620 0.0000e+00
       2104    286.499     8.7948   3.721795    35.1413    27.2617 0.0000e+00
       2105    286.520     8.7942   3.721693    35.1408    27.2614 0.0000e+00
       2106    286.536     8.7948   3.721801    35.1413    27.2618 0.0000e+00
       2107    286.539     8.7951   3.721906    35.1421    27.2623 0.0000e+00
       2108    286.530     8.7948   3.721871    35.1420    27.2623 0.0000e+00
       2109    286.517     8.7938   3.721765    35.1419    27.2624 0.0000e+00
       2110    286.519     8.7923   3.721603    35.1417    27.2625 0.0000e+00
       2111    286.542     8.7900   3.721363    35.1414    27.2626 0.0000e+00
       2112    286.573     8.7871   3.721089    35.1414    27.2631 0.0000e+00
       2113    286.595     8.7850   3.720899    35.1415    27.2635 0.0000e+00
       2114    286.604     8.7847   3.720870    35.1415    27.2635 0.0000e+00
       2115    286.602     8.7865   3.721027    35.1413    27.2631 0.0000e+00
       2116    286.591     8.7889   3.721270    35.1415    27.2629 0.0000e+00
       2117    286.578     8.7905   3.721419    35.1415    27.2626 0.0000e+00
       2118    286.575     8.7920   3.721524    35.1411    27.2621 0.0000e+00
       2119    286.583     8.7932   3.721674    35.1415    27.2622 0.0000e+00
       2120    286.598     8.7922   3.721645    35.1422    27.2629 0.0000e+00
       2121    286.613     8.7892   3.721357    35.1421    27.2633 0.0000e+00
       2122    286.620     8.7853   3.720982    35.1420    27.2639 0.0000e+00
       2123    286.623     8.7810   3.720543    35.1417    27.2642 0.0000e+00
       2124    286.633     8.7773   3.720165    35.1414    27.2646 0.0000e+00
       2125    286.648     8.7761   3.720021    35.1410    27.2645 0.0000e+00
       2126    286.661     8.7787   3.720217    35.1405    27.2637 0.0000e+00
       2127    286.670     8.7832   3.720698    35.1411    27.2635 0.0000e+00
       2128    286.672     8.7852   3.720956    35.1418    27.2637 0.0000e+00
       2129    286.668     8.7843   3.720822    35.1413    27.2634 0.0000e+00
       2130    286.668     8.7847   3.720816    35.1409    27.2630 0.0000e+00
       2131    286.682     8.7881   3.721177    35.1413    27.2628 0.0000e+00
       2132    286.713     8.7921   3.721580    35.1416    27.2624 0.0000e+00
       2133    286.752     8.7947   3.721800    35.1413    27.2618 0.0000e+00
       2134    286.786     8.7956   3.721880    35.1412    27.2616 0.0000e+00
       2135    286.807     8.7951   3.721845    35.1413    27.2617 0.0000e+00
       2136    286.815     8.7936   3.721716    35.1415    27.2621 0.0000e+00
       2137    286.823     8.7915   3.721509    35.1414    27.2623 0.0000e+00
       2138    286.842     8.7890   3.721258    35.1412    27.2626 0.0000e+00
       2139    286.872     8.7870   3.721077    35.1412    27.2630 0.0000e+00
       2140    286.906     8.7863   3.721026    35.1414    27.2632 0.0000e+00
       2141    286.934     8.7858   3.721025    35.1419    27.2636 0.0000e+00
       2142    286.958     8.7835   3.720848    35.1423    27.2643 0.0000e+00
       2143    286.987     8.7797   3.720468    35.1420    27.2647 0.0000e+00
       2144    287.029     8.7765   3.720149    35.1418    27.2651 0.0000e+00
       2145    287.077     8.7744   3.719986    35.1421    27.2657 0.0000e+00
       2146    287.119     8.7728   3.719873    35.1425    27.2662 0.0000e+00
       2147    287.150     8.7707   3.719703    35.1428    27.2668 0.0000e+00
       2148    287.185     8.7679   3.719388    35.1422    27.2668 0.0000e+00
       2149    287.247     8.7644   3.718974    35.1413    27.2666 0.0000e+00
       2150    287.345     8.7603   3.718555    35.1409    27.2669 0.0000e+00
       2151    287.462     8.7569   3.718176    35.1402    27.2669 0.0000e+00
       2152    287.579     8.7560   3.718102    35.1403    27.2671 0.0000e+00
       2153    287.697     8.7568   3.718255    35.1410    27.2676 0.0000e+00
       2154    287.819     8.7542   3.717934    35.1402    27.2673 0.0000e+00
       2155    287.935     8.7479   3.717162    35.1382    27.2668 0.0000e+00
       2156    288.031     8.7427   3.716603    35.1374    27.2670 0.0000e+00
       2157    288.102     8.7408   3.716455    35.1377    27.2675 0.0000e+00
       2158    288.150     8.7411   3.716554    35.1384    27.2681 0.0000e+00
       2159    288.176     8.7425   3.716732    35.1389    27.2682 0.0000e+00
       2160    288.177     8.7457   3.717054    35.1391    27.2679 0.0000e+00
       2161    288.155     8.7514   3.717630    35.1396    27.2673 0.0000e+00
       2162    288.112     8.7583   3.718367    35.1405    27.2670 0.0000e+00
       2163    288.050     8.7653   3.719120    35.1416    27.2667 0.0000e+00
       2164    287.977     8.7719   3.719812    35.1423    27.2662 0.0000e+00
       2165    287.897     8.7773   3.720293    35.1421    27.2652 0.0000e+00
       2166    287.814     8.7818   3.720648    35.1414    27.2639 0.0000e+00
       2167    287.732     8.7871   3.721221    35.1423    27.2637 0.0000e+00
       2168    287.643     8.7933   3.721892    35.1432    27.2635 0.0000e+00
       2169    287.540     8.7995   3.722469    35.1432    27.2625 0.0000e+00
       2170    287.429     8.8064   3.723131    35.1434    27.2616 0.0000e+00
       2171    287.307     8.8140   3.723928    35.1443    27.2611 0.0000e+00
       2172    287.170     8.8196   3.724445    35.1443    27.2601 0.0000e+00
       2173    287.025     8.8210   3.724477    35.1433    27.2592 0.0000e+00
       2174    286.880     8.8211   3.724454    35.1430    27.2589 0.0000e+00
       2175    286.729     8.8235   3.724716    35.1435    27.2589 0.0000e+00
       2176    286.568     8.8278   3.725168    35.1441    27.2587 0.0000e+00
       2177    286.398     8.8324   3.725628    35.1444    27.2582 0.0000e+00
       2178    286.224     8.8369   3.726034    35.1443    27.2574 0.0000e+00
       2179    286.046     8.8418   3.726491    35.1444    27.2567 0.0000e+00
       2180    285.862     8.8468   3.727010    35.1450    27.2563 0.0000e+00
       2181    285.672     8.8510   3.727395    35.1449    27.2557 0.0000e+00
       2182    285.477     8.8539   3.727634    35.1447    27.2550 0.0000e+00
       2183    285.283     8.8556   3.727773    35.1446    27.2546 0.0000e+00
       2184    285.094     8.8563   3.727819    35.1444    27.2544 0.0000e+00
       2185    284.904     8.8575   3.727968    35.1449    27.2546 0.0000e+00
       2186    284.705     8.8588   3.728150    35.1456    27.2549 0.0000e+00
       2187    284.495     8.8593   3.728144    35.1452    27.2545 0.0000e+00
       2188    284.278     8.8596   3.728097    35.1445    27.2539 0.0000e+00
       2189    284.062     8.8603   3.728144    35.1444    27.2537 0.0000e+00
       2190    283.856     8.8600   3.728127    35.1446    27.2539 0.0000e+00
       2191    283.653     8.8585   3.727962    35.1444    27.2541 0.0000e+00
       2192    283.444     8.8566   3.727790    35.1446    27.2545 0.0000e+00
       2193    283.228     8.8538   3.727512    35.1446    27.2549 0.0000e+00
       2194    283.013     8.8500   3.727072    35.1438    27.2549 0.0000e+00
       2195    282.802     8.8473   3.726804    35.1437    27.2553 0.0000e+00
       2196    282.595     8.8452   3.726658    35.1444    27.2561 0.0000e+00
       2197    282.389     8.8418   3.726325    35.1443    27.2567 0.0000e+00
       2198    282.176     8.8375   3.725852    35.1437    27.2569 0.0000e+00
       2199    281.959     8.8351   3.725582    35.1434    27.2570 0.0000e+00
       2200    281.746     8.8359   3.725704    35.1440    27.2573 0.0000e+00
       2201    281.539     8.8368   3.725820    35.1444    27.2575 0.0000e+00
       2202    281.332     8.8362   3.725719    35.1440    27.2573 0.0000e+00
       2203    281.122     8.8362   3.725704    35.1440    27.2572 0.0000e+00
       2204    280.909     8.8359   3.725763    35.1450    27.2581 0.0000e+00
       2205    280.694     8.8316   3.725368    35.1452    27.2589 0.0000e+00
       2206    280.480     8.8262   3.724658    35.1432    27.2582 0.0000e+00
       2207    280.276     8.8266   3.724692    35.1432    27.2582 0.0000e+00
       2208    280.080     8.8315   3.725330    35.1452    27.2589 0.0000e+00
       2209    279.884     8.8354   3.725678    35.1451    27.2582 0.0000e+00
       2210    279.687     8.8381   3.725895    35.1448    27.2576 0.0000e+00
       2211    279.487     8.8401   3.726126    35.1453    27.2577 0.0000e+00
       2212    279.284     8.8403   3.726104    35.1450    27.2574 0.0000e+00
       2213    279.075     8.8386   3.725915    35.1448    27.2575 0.0000e+00
       2214    278.863     8.8358   3.725659    35.1449    27.2581 0.0000e+00
       2215    278.657     8.8331   3.725375    35.1447    27.2583 0.0000e+00
       2216    278.459     8.8322   3.725264    35.1445    27.2583 0.0000e+00
       2217    278.267     8.8332   3.725364    35.1447    27.2583 0.0000e+00
       2218    278.077     8.8348   3.725522    35.1449    27.2582 0.0000e+00
       2219    277.886     8.8360   3.725614    35.1447    27.2579 0.0000e+00
       2220    277.692     8.8375   3.725718    35.1444    27.2574 0.0000e+00
       2221    277.492     8.8399   3.725939    35.1445    27.2571 0.0000e+00
       2222    277.297     8.8423   3.726145    35.1444    27.2566 0.0000e+00
       2223    277.112     8.8442   3.726296    35.1442    27.2561 0.0000e+00
       2224    276.928     8.8450   3.726379    35.1443    27.2561 0.0000e+00
       2225    276.744     8.8454   3.726409    35.1443    27.2561 0.0000e+00
       2226    276.563     8.8466   3.726535    35.1446    27.2561 0.0000e+00
       2227    276.383     8.8486   3.726711    35.1445    27.2557 0.0000e+00
       2228    276.201     8.8515   3.726959    35.1443    27.2551 0.0000e+00
       2229    276.021     8.8550   3.727303    35.1446    27.2547 0.0000e+00
       2230    275.847     8.8586   3.727618    35.1444    27.2540 0.0000e+00
       2231    275.673     8.8620   3.727938    35.1445    27.2535 0.0000e+00
       2232    275.500     8.8648   3.728194    35.1445    27.2531 0.0000e+00
       2233    275.333     8.8662   3.728289    35.1442    27.2526 0.0000e+00
       2234    275.171     8.8663   3.728292    35.1442    27.2526 0.0000e+00
       2235    275.012     8.8660   3.728272    35.1444    27.2528 0.0000e+00
       2236    274.851     8.8662   3.728288    35.1444    27.2528 0.0000e+00
       2237    274.691     8.8669   3.728363    35.1446    27.2528 0.0000e+00
       2238    274.535     8.8682   3.728477    35.1446    27.2526 0.0000e+00
       2239    274.382     8.8694   3.728590    35.1446    27.2525 0.0000e+00
       2240    274.229     8.8699   3.728660    35.1450    27.2526 0.0000e+00
       2241    274.072     8.8689   3.728586    35.1452    27.2530 0.0000e+00
       2242    273.914     8.8672   3.728375    35.1448    27.2529 0.0000e+00
       2243    273.760     8.8672   3.728331    35.1444    27.2526 0.0000e+00
       2244    273.613     8.8703   3.728643    35.1447    27.2524 0.0000e+00
       2245    273.465     8.8746   3.729115    35.1454    27.2523 0.0000e+00
       2246    273.310     8.8779   3.729450    35.1458    27.2520 0.0000e+00
       2247    273.151     8.8796   3.729525    35.1450    27.2511 0.0000e+00
       2248    272.990     8.8814   3.729572    35.1438    27.2499 0.0000e+00
       2249    272.835     8.8852   3.729898    35.1435    27.2490 0.0000e+00
       2250    272.694     8.8906   3.730483    35.1444    27.2489 0.0000e+00
       2251    272.557     8.8958   3.731099    35.1458    27.2491 0.0000e+00
       2252    272.407     8.8993   3.731463    35.1462    27.2489 0.0000e+00
       2253    272.244     8.9001   3.731395    35.1448    27.2477 0.0000e+00
       2254    272.073     8.8996   3.731172    35.1430    27.2464 0.0000e+00
       2255    271.905     8.8988   3.731162    35.1438    27.2471 0.0000e+00
       2256    271.759     8.8990   3.731322    35.1453    27.2483 0.0000e+00
