Datasets/Test_Dataset_39219_tow/tel219_2021_064.cnv
* Sea-Bird SBE19plus Data File:
* Filename = C:/AQUIRE/tel219_2021_064.hex
* Software Version AquireV2 AF V2.0
* Temperature SN =  4020
* Conductivity SN =  4020
* System UpLoad Time = May 14 2021 21:34:41
** VESSEL/TRIP/SEQ STN: tel219_2021_064
** LATITUDE: 45 44.71 N
** LONGITUDE: 54 35.23 W
** DATE/TIME: 2021-05-14 20:59
** SOUNDING DEPTH (M): 0085
** PROBE TYPE: S4020
** CTD NUMBER: 064
** FORMAT: T
** COMMENTS: 
# nquan = 7                                 
# nvalues = 2188                        
# units = specified
# name 0 = scan: Scan Count
# name 1 = prdM: Pressure, Strain Gauge [db]
# name 2 = tv290C: Temperature [ITS-90, deg C]
# name 3 = c0S/m: Conductivity [S/m]
# name 4 = sal00: Salinity, Practical [PSU]
# name 5 = sigma-t00: Density [sigma-t, kg/m^3 ]
# name 6 = flag: flag
# span 0 =          1,       2188       
# span 1 =     -0.094,     81.850       
# span 2 =     0.6351,     5.2020       
# span 3 =   0.004748,   3.041037       
# span 4 =     0.0350,    32.9874       
# span 5 =    -0.0087,    26.3941       
# span 6 = 0.0000e+00, 0.0000e+00       
# interval = seconds: 1
# start_time = May 14 2021 20:59:49 [Instrument's time stamp, header]
# bad_flag = -9.990e-29
*END*
[from data line 1026]
       1027     80.906     0.6603   2.782336    32.6344    26.1630 0.0000e+00
       1028     80.903     0.6603   2.782332    32.6343    26.1630 0.0000e+00
       1029     80.894     0.6604   2.782328    32.6342    26.1629 0.0000e+00
       1030     80.867     0.6605   2.782329    32.6341    26.1628 0.0000e+00
       1031     80.831     0.6605   2.782338    32.6342    26.1629 0.0000e+00
       1032     80.808     0.6605   2.782348    32.6344    26.1630 0.0000e+00
       1033     80.805     0.6604   2.782352    32.6345    26.1632 0.0000e+00
       1034     80.821     0.6604   2.782350    32.6345    26.1631 0.0000e+00
       1035     80.844     0.6604   2.782343    32.6344    26.1630 0.0000e+00
       1036     80.856     0.6604   2.782340    32.6344    26.1630 0.0000e+00
       1037     80.853     0.6604   2.782344    32.6344    26.1630 0.0000e+00
       1038     80.844     0.6605   2.782357    32.6345    26.1631 0.0000e+00
       1039     80.841     0.6606   2.782364    32.6345    26.1631 0.0000e+00
       1040     80.835     0.6606   2.782361    32.6344    26.1631 0.0000e+00
       1041     80.815     0.6607   2.782358    32.6343    26.1629 0.0000e+00
       1042     80.786     0.6607   2.782362    32.6344    26.1630 0.0000e+00
       1043     80.763     0.6607   2.782367    32.6344    26.1631 0.0000e+00
       1044     80.753     0.6607   2.782368    32.6345    26.1631 0.0000e+00
       1045     80.758     0.6608   2.782370    32.6344    26.1630 0.0000e+00
       1046     80.775     0.6608   2.782367    32.6343    26.1630 0.0000e+00
       1047     80.788     0.6607   2.782363    32.6344    26.1630 0.0000e+00
       1048     80.783     0.6607   2.782370    32.6345    26.1631 0.0000e+00
       1049     80.769     0.6607   2.782374    32.6345    26.1631 0.0000e+00
       1050     80.760     0.6607   2.782374    32.6345    26.1631 0.0000e+00
       1051     80.747     0.6607   2.782375    32.6345    26.1631 0.0000e+00
       1052     80.725     0.6607   2.782370    32.6345    26.1631 0.0000e+00
       1053     80.709     0.6607   2.782363    32.6344    26.1630 0.0000e+00
       1054     80.708     0.6607   2.782360    32.6344    26.1630 0.0000e+00
       1055     80.711     0.6608   2.782364    32.6343    26.1630 0.0000e+00
       1056     80.709     0.6610   2.782377    32.6343    26.1629 0.0000e+00
       1057     80.706     0.6612   2.782395    32.6343    26.1629 0.0000e+00
       1058     80.701     0.6613   2.782407    32.6344    26.1630 0.0000e+00
       1059     80.695     0.6613   2.782410    32.6344    26.1630 0.0000e+00
       1060     80.684     0.6613   2.782407    32.6344    26.1630 0.0000e+00
       1061     80.670     0.6613   2.782405    32.6343    26.1630 0.0000e+00
       1062     80.660     0.6613   2.782404    32.6343    26.1629 0.0000e+00
       1063     80.654     0.6613   2.782399    32.6343    26.1629 0.0000e+00
       1064     80.647     0.6613   2.782396    32.6342    26.1629 0.0000e+00
       1065     80.637     0.6613   2.782401    32.6343    26.1629 0.0000e+00
       1066     80.633     0.6613   2.782409    32.6344    26.1630 0.0000e+00
       1067     80.639     0.6614   2.782411    32.6343    26.1629 0.0000e+00
       1068     80.646     0.6614   2.782410    32.6343    26.1629 0.0000e+00
       1069     80.644     0.6614   2.782411    32.6343    26.1629 0.0000e+00
       1070     80.628     0.6614   2.782413    32.6344    26.1630 0.0000e+00
       1071     80.610     0.6614   2.782417    32.6344    26.1630 0.0000e+00
       1072     80.601     0.6614   2.782422    32.6345    26.1631 0.0000e+00
       1073     80.602     0.6614   2.782421    32.6345    26.1631 0.0000e+00
       1074     80.602     0.6614   2.782416    32.6344    26.1630 0.0000e+00
       1075     80.590     0.6614   2.782415    32.6344    26.1630 0.0000e+00
       1076     80.570     0.6614   2.782418    32.6345    26.1630 0.0000e+00
       1077     80.559     0.6613   2.782412    32.6345    26.1631 0.0000e+00
       1078     80.565     0.6613   2.782407    32.6344    26.1630 0.0000e+00
       1079     80.581     0.6613   2.782411    32.6345    26.1631 0.0000e+00
       1080     80.593     0.6613   2.782411    32.6345    26.1631 0.0000e+00
       1081     80.593     0.6614   2.782410    32.6344    26.1630 0.0000e+00
       1082     80.583     0.6614   2.782410    32.6344    26.1630 0.0000e+00
       1083     80.566     0.6614   2.782408    32.6343    26.1629 0.0000e+00
       1084     80.545     0.6615   2.782413    32.6343    26.1629 0.0000e+00
       1085     80.521     0.6615   2.782416    32.6344    26.1630 0.0000e+00
       1086     80.495     0.6615   2.782418    32.6344    26.1630 0.0000e+00
       1087     80.472     0.6616   2.782420    32.6343    26.1629 0.0000e+00
       1088     80.465     0.6616   2.782421    32.6344    26.1629 0.0000e+00
       1089     80.475     0.6617   2.782426    32.6343    26.1629 0.0000e+00
       1090     80.492     0.6618   2.782434    32.6343    26.1629 0.0000e+00
       1091     80.499     0.6618   2.782437    32.6343    26.1629 0.0000e+00
       1092     80.495     0.6618   2.782435    32.6343    26.1629 0.0000e+00
       1093     80.487     0.6618   2.782436    32.6343    26.1629 0.0000e+00
       1094     80.479     0.6618   2.782440    32.6344    26.1630 0.0000e+00
       1095     80.470     0.6618   2.782443    32.6344    26.1630 0.0000e+00
       1096     80.456     0.6618   2.782441    32.6344    26.1630 0.0000e+00
       1097     80.435     0.6619   2.782439    32.6343    26.1629 0.0000e+00
       1098     80.409     0.6620   2.782439    32.6342    26.1628 0.0000e+00
       1099     80.390     0.6620   2.782443    32.6343    26.1628 0.0000e+00
       1100     80.386     0.6620   2.782446    32.6343    26.1629 0.0000e+00
       1101     80.395     0.6620   2.782447    32.6343    26.1629 0.0000e+00
       1102     80.412     0.6619   2.782447    32.6344    26.1630 0.0000e+00
       1103     80.431     0.6619   2.782448    32.6344    26.1630 0.0000e+00
       1104     80.444     0.6619   2.782449    32.6344    26.1630 0.0000e+00
       1105     80.444     0.6620   2.782451    32.6343    26.1629 0.0000e+00
       1106     80.438     0.6620   2.782448    32.6343    26.1629 0.0000e+00
       1107     80.433     0.6620   2.782446    32.6343    26.1629 0.0000e+00
       1108     80.428     0.6620   2.782448    32.6343    26.1629 0.0000e+00
       1109     80.416     0.6620   2.782451    32.6344    26.1629 0.0000e+00
       1110     80.395     0.6621   2.782452    32.6343    26.1628 0.0000e+00
       1111     80.369     0.6621   2.782454    32.6343    26.1629 0.0000e+00
       1112     80.355     0.6622   2.782460    32.6343    26.1629 0.0000e+00
       1113     80.362     0.6623   2.782466    32.6343    26.1628 0.0000e+00
       1114     80.378     0.6623   2.782468    32.6343    26.1628 0.0000e+00
       1115     80.390     0.6623   2.782468    32.6343    26.1628 0.0000e+00
       1116     80.392     0.6623   2.782469    32.6343    26.1628 0.0000e+00
       1117     80.386     0.6623   2.782470    32.6343    26.1629 0.0000e+00
       1118     80.384     0.6623   2.782473    32.6343    26.1629 0.0000e+00
       1119     80.388     0.6624   2.782478    32.6343    26.1628 0.0000e+00
       1120     80.388     0.6624   2.782481    32.6343    26.1629 0.0000e+00
       1121     80.382     0.6624   2.782479    32.6343    26.1629 0.0000e+00
       1122     80.378     0.6624   2.782478    32.6343    26.1629 0.0000e+00
       1123     80.381     0.6624   2.782480    32.6343    26.1629 0.0000e+00
       1124     80.387     0.6624   2.782482    32.6343    26.1629 0.0000e+00
       1125     80.390     0.6623   2.782480    32.6344    26.1630 0.0000e+00
       1126     80.387     0.6623   2.782474    32.6343    26.1629 0.0000e+00
       1127     80.383     0.6623   2.782470    32.6343    26.1629 0.0000e+00
       1128     80.381     0.6623   2.782470    32.6343    26.1629 0.0000e+00
       1129     80.375     0.6623   2.782473    32.6343    26.1629 0.0000e+00
       1130     80.366     0.6623   2.782471    32.6343    26.1629 0.0000e+00
       1131     80.361     0.6624   2.782470    32.6342    26.1628 0.0000e+00
       1132     80.360     0.6624   2.782474    32.6343    26.1628 0.0000e+00
       1133     80.362     0.6624   2.782475    32.6343    26.1628 0.0000e+00
       1134     80.363     0.6624   2.782478    32.6343    26.1629 0.0000e+00
       1135     80.360     0.6624   2.782483    32.6344    26.1629 0.0000e+00
       1136     80.353     0.6624   2.782489    32.6345    26.1630 0.0000e+00
       1137     80.342     0.6625   2.782499    32.6345    26.1630 0.0000e+00
       1138     80.329     0.6626   2.782507    32.6345    26.1630 0.0000e+00
       1139     80.321     0.6627   2.782513    32.6345    26.1630 0.0000e+00
       1140     80.320     0.6628   2.782516    32.6344    26.1629 0.0000e+00
       1141     80.323     0.6628   2.782513    32.6344    26.1629 0.0000e+00
       1142     80.329     0.6628   2.782510    32.6343    26.1628 0.0000e+00
       1143     80.334     0.6628   2.782513    32.6344    26.1629 0.0000e+00
       1144     80.337     0.6628   2.782512    32.6343    26.1629 0.0000e+00
       1145     80.345     0.6628   2.782510    32.6343    26.1628 0.0000e+00
       1146     80.358     0.6628   2.782509    32.6343    26.1628 0.0000e+00
       1147     80.369     0.6628   2.782510    32.6343    26.1628 0.0000e+00
       1148     80.371     0.6630   2.782516    32.6342    26.1627 0.0000e+00
       1149     80.367     0.6630   2.782521    32.6342    26.1628 0.0000e+00
       1150     80.364     0.6630   2.782522    32.6342    26.1628 0.0000e+00
       1151     80.362     0.6630   2.782523    32.6343    26.1628 0.0000e+00
       1152     80.355     0.6630   2.782523    32.6343    26.1628 0.0000e+00
       1153     80.346     0.6630   2.782523    32.6343    26.1628 0.0000e+00
       1154     80.340     0.6629   2.782523    32.6344    26.1629 0.0000e+00
       1155     80.336     0.6628   2.782526    32.6345    26.1630 0.0000e+00
       1156     80.331     0.6628   2.782522    32.6345    26.1630 0.0000e+00
       1157     80.327     0.6630   2.782517    32.6342    26.1627 0.0000e+00
       1158     80.334     0.6630   2.782515    32.6342    26.1627 0.0000e+00
       1159     80.351     0.6630   2.782513    32.6341    26.1627 0.0000e+00
       1160     80.362     0.6630   2.782513    32.6341    26.1627 0.0000e+00
       1161     80.355     0.6630   2.782516    32.6342    26.1627 0.0000e+00
       1162     80.339     0.6631   2.782528    32.6342    26.1628 0.0000e+00
       1163     80.334     0.6633   2.782549    32.6343    26.1628 0.0000e+00
       1164     80.344     0.6634   2.782562    32.6343    26.1628 0.0000e+00
       1165     80.361     0.6635   2.782567    32.6343    26.1628 0.0000e+00
       1166     80.377     0.6636   2.782573    32.6343    26.1628 0.0000e+00
       1167     80.386     0.6636   2.782583    32.6344    26.1629 0.0000e+00
       1168     80.388     0.6638   2.782590    32.6343    26.1627 0.0000e+00
       1169     80.388     0.6639   2.782590    32.6342    26.1627 0.0000e+00
       1170     80.386     0.6639   2.782586    32.6341    26.1626 0.0000e+00
       1171     80.379     0.6638   2.782583    32.6342    26.1627 0.0000e+00
       1172     80.371     0.6637   2.782583    32.6343    26.1628 0.0000e+00
       1173     80.361     0.6636   2.782582    32.6344    26.1629 0.0000e+00
       1174     80.349     0.6636   2.782577    32.6343    26.1628 0.0000e+00
       1175     80.338     0.6635   2.782568    32.6343    26.1628 0.0000e+00
       1176     80.335     0.6635   2.782568    32.6343    26.1628 0.0000e+00
       1177     80.344     0.6635   2.782577    32.6344    26.1629 0.0000e+00
       1178     80.359     0.6635   2.782582    32.6345    26.1629 0.0000e+00
       1179     80.375     0.6637   2.782582    32.6343    26.1628 0.0000e+00
       1180     80.384     0.6639   2.782583    32.6341    26.1626 0.0000e+00
       1181     80.386     0.6639   2.782590    32.6342    26.1627 0.0000e+00
       1182     80.384     0.6639   2.782596    32.6342    26.1627 0.0000e+00
       1183     80.375     0.6639   2.782598    32.6343    26.1627 0.0000e+00
       1184     80.360     0.6640   2.782605    32.6343    26.1627 0.0000e+00
       1185     80.345     0.6641   2.782612    32.6343    26.1627 0.0000e+00
       1186     80.341     0.6641   2.782609    32.6342    26.1627 0.0000e+00
       1187     80.351     0.6641   2.782608    32.6342    26.1627 0.0000e+00
       1188     80.368     0.6641   2.782612    32.6342    26.1627 0.0000e+00
       1189     80.384     0.6641   2.782612    32.6342    26.1627 0.0000e+00
       1190     80.394     0.6641   2.782609    32.6342    26.1627 0.0000e+00
       1191     80.390     0.6641   2.782612    32.6342    26.1627 0.0000e+00
       1192     80.380     0.6641   2.782617    32.6343    26.1628 0.0000e+00
       1193     80.373     0.6641   2.782619    32.6343    26.1628 0.0000e+00
       1194     80.363     0.6641   2.782616    32.6343    26.1628 0.0000e+00
       1195     80.339     0.6641   2.782610    32.6342    26.1627 0.0000e+00
       1196     80.306     0.6641   2.782605    32.6342    26.1627 0.0000e+00
       1197     80.287     0.6641   2.782599    32.6341    26.1626 0.0000e+00
       1198     80.294     0.6641   2.782596    32.6341    26.1626 0.0000e+00
       1199     80.310     0.6641   2.782604    32.6342    26.1627 0.0000e+00
       1200     80.317     0.6641   2.782612    32.6343    26.1627 0.0000e+00
       1201     80.312     0.6641   2.782614    32.6343    26.1628 0.0000e+00
       1202     80.306     0.6641   2.782613    32.6343    26.1628 0.0000e+00
       1203     80.311     0.6641   2.782616    32.6343    26.1628 0.0000e+00
       1204     80.320     0.6641   2.782618    32.6343    26.1628 0.0000e+00
       1205     80.318     0.6642   2.782618    32.6342    26.1627 0.0000e+00
       1206     80.298     0.6642   2.782620    32.6343    26.1627 0.0000e+00
       1207     80.265     0.6642   2.782620    32.6343    26.1628 0.0000e+00
       1208     80.236     0.6642   2.782618    32.6343    26.1627 0.0000e+00
       1209     80.227     0.6642   2.782617    32.6343    26.1627 0.0000e+00
       1210     80.241     0.6642   2.782616    32.6343    26.1627 0.0000e+00
       1211     80.264     0.6642   2.782615    32.6342    26.1627 0.0000e+00
       1212     80.278     0.6642   2.782615    32.6342    26.1627 0.0000e+00
       1213     80.278     0.6642   2.782615    32.6342    26.1627 0.0000e+00
       1214     80.267     0.6642   2.782616    32.6342    26.1627 0.0000e+00
       1215     80.251     0.6643   2.782618    32.6342    26.1626 0.0000e+00
       1216     80.240     0.6644   2.782620    32.6341    26.1626 0.0000e+00
       1217     80.241     0.6644   2.782626    32.6342    26.1626 0.0000e+00
       1218     80.245     0.6644   2.782632    32.6343    26.1627 0.0000e+00
       1219     80.245     0.6644   2.782635    32.6343    26.1627 0.0000e+00
       1220     80.248     0.6645   2.782643    32.6343    26.1627 0.0000e+00
       1221     80.261     0.6645   2.782649    32.6344    26.1628 0.0000e+00
       1222     80.278     0.6645   2.782647    32.6343    26.1628 0.0000e+00
       1223     80.289     0.6645   2.782646    32.6343    26.1627 0.0000e+00
       1224     80.293     0.6644   2.782647    32.6344    26.1628 0.0000e+00
       1225     80.291     0.6644   2.782647    32.6344    26.1628 0.0000e+00
       1226     80.285     0.6644   2.782647    32.6344    26.1628 0.0000e+00
       1227     80.282     0.6644   2.782650    32.6345    26.1629 0.0000e+00
       1228     80.287     0.6645   2.782655    32.6344    26.1628 0.0000e+00
       1229     80.291     0.6645   2.782658    32.6345    26.1629 0.0000e+00
       1230     80.287     0.6646   2.782658    32.6344    26.1628 0.0000e+00
