Datasets/Test_Dataset_39219_tow/tel219_2021_028.cnv
* Sea-Bird SBE19plus Data File:
* Filename = C:/AQUIRE/tel219_2021_028.hex
* Software Version AquireV2 AF V2.0
* Temperature SN =  4020
* Conductivity SN =  4020
* System UpLoad Time = May 09 2021 05:48:35
** VESSEL/TRIP/SEQ STN: tel219_2021_028
** LATITUDE: 45 57.56 N
** LONGITUDE: 56 54.84 W
** DATE/TIME: 2021-05-09 05:10
** SOUNDING DEPTH (M): 0171
** PROBE TYPE: S4020
** CTD NUMBER:  28
** FORMAT: T
** COMMENTS: 
# nquan = 7                                 
# nvalues = 2325                        
# units = specified
# name 0 = scan: Scan Count
# name 1 = prdM: Pressure, Strain Gauge [db]
# name 2 = tv290C: Temperature [ITS-90, deg C]
# name 3 = c0S/m: Conductivity [S/m]
# name 4 = sal00: Salinity, Practical [PSU]
# name 5 = sigma-t00: Density [sigma-t, kg/m^3 ]
# name 6 = flag: flag
# span 0 =          1,       2325       
# span 1 =     -0.212,    162.924       
# span 2 =     1.6105,     5.8526       
# span 3 =   0.005699,   3.071180       
# span 4 =     0.0415,    33.2630       
# span 5 =    -0.0188,    26.4572       
# span 6 = 0.0000e+00, 0.0000e+00       
# interval = seconds: 1
# start_time = May 09 2021 05:10:53 [Instrument's time stamp, header]
# bad_flag = -9.990e-29
*END*
[from data line 2052]
       2053     -0.134     3.4124   0.009274     0.0721     0.0307 0.0000e+00
       2054     -0.130     3.4127   0.009281     0.0721     0.0308 0.0000e+00
       2055     -0.128     3.4140   0.009254     0.0719     0.0306 0.0000e+00
       2056     -0.129     3.4155   0.009208     0.0715     0.0303 0.0000e+00
       2057     -0.131     3.4158   0.009135     0.0709     0.0298 0.0000e+00
       2058     -0.129     3.4151   0.009043     0.0702     0.0292 0.0000e+00
       2059     -0.128     3.4141   0.008979     0.0697     0.0288 0.0000e+00
       2060     -0.129     3.4132   0.008994     0.0698     0.0289 0.0000e+00
       2061     -0.130     3.4125   0.009058     0.0703     0.0293 0.0000e+00
       2062     -0.131     3.4120   0.009083     0.0705     0.0295 0.0000e+00
       2063     -0.131     3.4118   0.009023     0.0700     0.0291 0.0000e+00
       2064     -0.128     3.4112   0.008904     0.0691     0.0283 0.0000e+00
       2065     -0.125     3.4105   0.008807     0.0683     0.0277 0.0000e+00
       2066     -0.124     3.4097   0.008803     0.0683     0.0276 0.0000e+00
       2067     -0.126     3.4089   0.008869     0.0688     0.0281 0.0000e+00
       2068     -0.130     3.4082   0.008913     0.0692     0.0283 0.0000e+00
       2069     -0.134     3.4077   0.008885     0.0689     0.0282 0.0000e+00
       2070     -0.136     3.4071   0.008792     0.0682     0.0275 0.0000e+00
       2071     -0.134     3.4066   0.008685     0.0673     0.0268 0.0000e+00
       2072     -0.132     3.4061   0.008623     0.0668     0.0264 0.0000e+00
       2073     -0.132     3.4055   0.008625     0.0668     0.0264 0.0000e+00
       2074     -0.130     3.4047   0.008655     0.0671     0.0266 0.0000e+00
       2075     -0.129     3.4042   0.008676     0.0673     0.0268 0.0000e+00
       2076     -0.133     3.4037   0.008673     0.0672     0.0267 0.0000e+00
       2077     -0.138     3.4034   0.008648     0.0670     0.0266 0.0000e+00
       2078     -0.140     3.4029   0.008610     0.0667     0.0263 0.0000e+00
       2079     -0.138     3.4024   0.008584     0.0665     0.0262 0.0000e+00
       2080     -0.134     3.4023   0.008585     0.0665     0.0262 0.0000e+00
       2081     -0.132     3.4025   0.008584     0.0665     0.0262 0.0000e+00
       2082     -0.133     3.4029   0.008556     0.0663     0.0260 0.0000e+00
       2083     -0.133     3.4031   0.008516     0.0660     0.0257 0.0000e+00
       2084     -0.133     3.4032   0.008517     0.0660     0.0257 0.0000e+00
       2085     -0.134     3.4043   0.008581     0.0665     0.0262 0.0000e+00
       2086     -0.136     3.4061   0.008644     0.0670     0.0266 0.0000e+00
       2087     -0.140     3.4074   0.008645     0.0670     0.0266 0.0000e+00
       2088     -0.144     3.4076   0.008578     0.0665     0.0262 0.0000e+00
       2089     -0.145     3.4072   0.008492     0.0658     0.0256 0.0000e+00
       2090     -0.145     3.4070   0.008424     0.0652     0.0252 0.0000e+00
       2091     -0.146     3.4070   0.008393     0.0650     0.0250 0.0000e+00
       2092     -0.146     3.4074   0.008405     0.0651     0.0250 0.0000e+00
       2093     -0.144     3.4080   0.008445     0.0654     0.0253 0.0000e+00
       2094     -0.143     3.4087   0.008488     0.0657     0.0256 0.0000e+00
       2095     -0.142     3.4098   0.008504     0.0659     0.0257 0.0000e+00
       2096     -0.142     3.4102   0.008475     0.0656     0.0255 0.0000e+00
       2097     -0.142     3.4100   0.008414     0.0651     0.0251 0.0000e+00
       2098     -0.141     3.4101   0.008345     0.0646     0.0247 0.0000e+00
       2099     -0.140     3.4104   0.008291     0.0642     0.0243 0.0000e+00
       2100     -0.140     3.4108   0.008294     0.0642     0.0243 0.0000e+00
       2101     -0.142     3.4114   0.008361     0.0647     0.0248 0.0000e+00
       2102     -0.146     3.4117   0.008435     0.0653     0.0253 0.0000e+00
       2103     -0.146     3.4112   0.008448     0.0654     0.0253 0.0000e+00
       2104     -0.145     3.4107   0.008388     0.0649     0.0249 0.0000e+00
       2105     -0.144     3.4100   0.008283     0.0641     0.0243 0.0000e+00
       2106     -0.143     3.4092   0.008193     0.0634     0.0237 0.0000e+00
       2107     -0.141     3.4084   0.008161     0.0631     0.0235 0.0000e+00
       2108     -0.139     3.4078   0.008190     0.0634     0.0236 0.0000e+00
       2109     -0.139     3.4073   0.008233     0.0637     0.0239 0.0000e+00
       2110     -0.141     3.4066   0.008250     0.0638     0.0240 0.0000e+00
       2111     -0.142     3.4057   0.008233     0.0637     0.0239 0.0000e+00
       2112     -0.146     3.4044   0.008181     0.0633     0.0236 0.0000e+00
       2113     -0.150     3.4034   0.008101     0.0626     0.0230 0.0000e+00
       2114     -0.153     3.4035   0.008029     0.0621     0.0226 0.0000e+00
       2115     -0.153     3.4059   0.008023     0.0620     0.0225 0.0000e+00
       2116     -0.149     3.4095   0.008090     0.0625     0.0230 0.0000e+00
       2117     -0.146     3.4118   0.008169     0.0632     0.0235 0.0000e+00
       2118     -0.148     3.4118   0.008195     0.0634     0.0237 0.0000e+00
       2119     -0.152     3.4107   0.008156     0.0631     0.0234 0.0000e+00
       2120     -0.155     3.4101   0.008079     0.0625     0.0229 0.0000e+00
       2121     -0.157     3.4119   0.008002     0.0618     0.0225 0.0000e+00
       2122     -0.154     3.4152   0.007967     0.0616     0.0223 0.0000e+00
       2123     -0.148     3.4186   0.007996     0.0618     0.0225 0.0000e+00
       2124     -0.145     3.4222   0.008066     0.0623     0.0229 0.0000e+00
       2125     -0.148     3.4255   0.008109     0.0627     0.0232 0.0000e+00
       2126     -0.151     3.4273   0.008086     0.0625     0.0231 0.0000e+00
       2127     -0.151     3.4282   0.008027     0.0620     0.0227 0.0000e+00
       2128     -0.152     3.4291   0.007977     0.0616     0.0224 0.0000e+00
       2129     -0.152     3.4303   0.007946     0.0614     0.0222 0.0000e+00
       2130     -0.151     3.4322   0.007933     0.0613     0.0222 0.0000e+00
       2131     -0.150     3.4333   0.007935     0.0613     0.0222 0.0000e+00
       2132     -0.151     3.4323   0.007948     0.0614     0.0223 0.0000e+00
       2133     -0.153     3.4299   0.007954     0.0614     0.0223 0.0000e+00
       2134     -0.156     3.4273   0.007929     0.0612     0.0221 0.0000e+00
       2135     -0.157     3.4249   0.007872     0.0608     0.0217 0.0000e+00
       2136     -0.156     3.4230   0.007817     0.0603     0.0213 0.0000e+00
       2137     -0.153     3.4218   0.007794     0.0602     0.0212 0.0000e+00
       2138     -0.151     3.4210   0.007807     0.0603     0.0213 0.0000e+00
       2139     -0.153     3.4202   0.007830     0.0605     0.0214 0.0000e+00
       2140     -0.155     3.4190   0.007824     0.0604     0.0214 0.0000e+00
       2141     -0.156     3.4177   0.007792     0.0602     0.0211 0.0000e+00
       2142     -0.156     3.4169   0.007764     0.0599     0.0209 0.0000e+00
       2143     -0.157     3.4167   0.007769     0.0600     0.0210 0.0000e+00
       2144     -0.156     3.4168   0.007802     0.0602     0.0212 0.0000e+00
       2145     -0.156     3.4173   0.007828     0.0604     0.0214 0.0000e+00
       2146     -0.159     3.4193   0.007823     0.0604     0.0213 0.0000e+00
       2147     -0.161     3.4221   0.007787     0.0601     0.0211 0.0000e+00
       2148     -0.159     3.4229   0.007740     0.0597     0.0208 0.0000e+00
       2149     -0.156     3.4218   0.007729     0.0596     0.0208 0.0000e+00
       2150     -0.154     3.4204   0.007751     0.0598     0.0209 0.0000e+00
       2151     -0.156     3.4201   0.007767     0.0599     0.0210 0.0000e+00
       2152     -0.158     3.4210   0.007755     0.0599     0.0209 0.0000e+00
       2153     -0.158     3.4219   0.007731     0.0597     0.0208 0.0000e+00
       2154     -0.161     3.4219   0.007720     0.0596     0.0207 0.0000e+00
       2155     -0.165     3.4208   0.007720     0.0596     0.0207 0.0000e+00
       2156     -0.166     3.4194   0.007710     0.0595     0.0206 0.0000e+00
       2157     -0.166     3.4180   0.007676     0.0592     0.0204 0.0000e+00
       2158     -0.166     3.4171   0.007637     0.0589     0.0201 0.0000e+00
       2159     -0.166     3.4167   0.007621     0.0588     0.0200 0.0000e+00
       2160     -0.166     3.4183   0.007644     0.0590     0.0202 0.0000e+00
       2161     -0.163     3.4248   0.007704     0.0594     0.0206 0.0000e+00
       2162     -0.160     3.4360   0.007774     0.0600     0.0212 0.0000e+00
       2163     -0.160     3.4451   0.007809     0.0602     0.0215 0.0000e+00
       2164     -0.162     3.4470   0.007772     0.0600     0.0212 0.0000e+00
       2165     -0.161     3.4446   0.007680     0.0592     0.0206 0.0000e+00
       2166     -0.156     3.4415   0.007597     0.0586     0.0201 0.0000e+00
       2167     -0.153     3.4393   0.007574     0.0584     0.0199 0.0000e+00
       2168     -0.153     3.4378   0.007604     0.0586     0.0201 0.0000e+00
       2169     -0.155     3.4366   0.007642     0.0589     0.0203 0.0000e+00
       2170     -0.157     3.4356   0.007652     0.0590     0.0204 0.0000e+00
       2171     -0.159     3.4341   0.007631     0.0588     0.0202 0.0000e+00
       2172     -0.160     3.4320   0.007588     0.0585     0.0199 0.0000e+00
       2173     -0.161     3.4298   0.007539     0.0581     0.0196 0.0000e+00
       2174     -0.162     3.4280   0.007506     0.0579     0.0194 0.0000e+00
       2175     -0.163     3.4267   0.007500     0.0578     0.0193 0.0000e+00
       2176     -0.161     3.4255   0.007525     0.0580     0.0195 0.0000e+00
       2177     -0.159     3.4245   0.007576     0.0584     0.0198 0.0000e+00
       2178     -0.160     3.4238   0.007617     0.0587     0.0201 0.0000e+00
       2179     -0.162     3.4240   0.007615     0.0587     0.0200 0.0000e+00
       2180     -0.163     3.4254   0.007575     0.0584     0.0198 0.0000e+00
       2181     -0.162     3.4272   0.007517     0.0579     0.0194 0.0000e+00
       2182     -0.161     3.4276   0.007459     0.0575     0.0191 0.0000e+00
       2183     -0.161     3.4270   0.007440     0.0573     0.0189 0.0000e+00
       2184     -0.162     3.4267   0.007490     0.0577     0.0193 0.0000e+00
       2185     -0.162     3.4265   0.007562     0.0583     0.0197 0.0000e+00
       2186     -0.162     3.4259   0.007598     0.0586     0.0199 0.0000e+00
       2187     -0.164     3.4248   0.007582     0.0585     0.0198 0.0000e+00
       2188     -0.167     3.4236   0.007516     0.0579     0.0194 0.0000e+00
       2189     -0.168     3.4227   0.007438     0.0573     0.0189 0.0000e+00
       2190     -0.166     3.4222   0.007439     0.0573     0.0189 0.0000e+00
       2191     -0.160     3.4225   0.007561     0.0583     0.0197 0.0000e+00
       2192     -0.157     3.4241   0.007718     0.0596     0.0207 0.0000e+00
       2193     -0.158     3.4282   0.007803     0.0602     0.0213 0.0000e+00
       2194     -0.160     3.4350   0.007832     0.0604     0.0215 0.0000e+00
       2195     -0.162     3.4427   0.007877     0.0608     0.0219 0.0000e+00
       2196     -0.164     3.4484   0.007958     0.0614     0.0224 0.0000e+00
       2197     -0.166     3.4510   0.008034     0.0620     0.0230 0.0000e+00
       2198     -0.168     3.4517   0.008099     0.0626     0.0234 0.0000e+00
       2199     -0.173     3.4522   0.008204     0.0634     0.0241 0.0000e+00
       2200     -0.176     3.4523   0.008352     0.0646     0.0250 0.0000e+00
       2201     -0.174     3.4519   0.008499     0.0658     0.0260 0.0000e+00
       2202     -0.170     3.4510   0.008594     0.0665     0.0266 0.0000e+00
       2203     -0.167     3.4496   0.008653     0.0670     0.0270 0.0000e+00
       2204     -0.166     3.4480   0.008692     0.0673     0.0272 0.0000e+00
       2205     -0.166     3.4467   0.008727     0.0676     0.0274 0.0000e+00
       2206     -0.166     3.4456   0.008841     0.0685     0.0281 0.0000e+00
       2207     -0.165     3.4448   0.009022     0.0700     0.0293 0.0000e+00
       2208     -0.165     3.4442   0.009146     0.0710     0.0301 0.0000e+00
       2209     -0.168     3.4443   0.009174     0.0712     0.0303 0.0000e+00
       2210     -0.170     3.4453   0.009165     0.0711     0.0302 0.0000e+00
       2211     -0.169     3.4467   0.009187     0.0713     0.0304 0.0000e+00
       2212     -0.166     3.4476   0.009246     0.0718     0.0308 0.0000e+00
       2213     -0.168     3.4480   0.009336     0.0725     0.0314 0.0000e+00
       2214     -0.170     3.4491   0.009462     0.0735     0.0322 0.0000e+00
       2215     -0.166     3.4507   0.009617     0.0747     0.0332 0.0000e+00
       2216     -0.164     3.4515   0.009752     0.0758     0.0341 0.0000e+00
       2217     -0.167     3.4514   0.009845     0.0766     0.0347 0.0000e+00
       2218     -0.171     3.4512   0.009946     0.0774     0.0354 0.0000e+00
       2219     -0.172     3.4508   0.010135     0.0789     0.0366 0.0000e+00
       2220     -0.171     3.4503   0.010481     0.0817     0.0389 0.0000e+00
       2221     -0.173     3.4497   0.010880     0.0849     0.0415 0.0000e+00
       2222     -0.175     3.4494   0.011094     0.0867     0.0429 0.0000e+00
       2223     -0.173     3.4494   0.011081     0.0866     0.0428 0.0000e+00
       2224     -0.169     3.4496   0.011014     0.0860     0.0423 0.0000e+00
       2225     -0.169     3.4495   0.011005     0.0860     0.0423 0.0000e+00
       2226     -0.167     3.4491   0.011022     0.0861     0.0424 0.0000e+00
       2227     -0.163     3.4488   0.010986     0.0858     0.0422 0.0000e+00
       2228     -0.162     3.4490   0.010909     0.0852     0.0417 0.0000e+00
       2229     -0.164     3.4511   0.010882     0.0850     0.0415 0.0000e+00
       2230     -0.168     3.4544   0.010914     0.0852     0.0417 0.0000e+00
       2231     -0.170     3.4570   0.010934     0.0854     0.0419 0.0000e+00
       2232     -0.170     3.4581   0.010923     0.0853     0.0418 0.0000e+00
       2233     -0.169     3.4587   0.010887     0.0850     0.0416 0.0000e+00
       2234     -0.169     3.4594   0.010805     0.0843     0.0410 0.0000e+00
       2235     -0.171     3.4608   0.010725     0.0837     0.0405 0.0000e+00
       2236     -0.172     3.4625   0.010708     0.0835     0.0404 0.0000e+00
       2237     -0.171     3.4646   0.010730     0.0837     0.0406 0.0000e+00
       2238     -0.170     3.4662   0.010752     0.0839     0.0407 0.0000e+00
       2239     -0.172     3.4669   0.010800     0.0843     0.0411 0.0000e+00
       2240     -0.173     3.4671   0.010879     0.0849     0.0416 0.0000e+00
       2241     -0.173     3.4680   0.010902     0.0851     0.0417 0.0000e+00
       2242     -0.175     3.4711   0.010833     0.0845     0.0413 0.0000e+00
       2243     -0.178     3.4775   0.010761     0.0839     0.0409 0.0000e+00
       2244     -0.180     3.4858   0.010739     0.0837     0.0408 0.0000e+00
       2245     -0.179     3.4930   0.010728     0.0836     0.0407 0.0000e+00
       2246     -0.178     3.4965   0.010725     0.0836     0.0407 0.0000e+00
       2247     -0.176     3.4967   0.010767     0.0839     0.0410 0.0000e+00
       2248     -0.175     3.4954   0.010821     0.0844     0.0414 0.0000e+00
       2249     -0.177     3.4943   0.010808     0.0843     0.0413 0.0000e+00
       2250     -0.179     3.4941   0.010688     0.0833     0.0405 0.0000e+00
       2251     -0.180     3.4959   0.010520     0.0819     0.0394 0.0000e+00
       2252     -0.178     3.4996   0.010416     0.0811     0.0387 0.0000e+00
       2253     -0.175     3.5050   0.010451     0.0814     0.0390 0.0000e+00
       2254     -0.173     3.5115   0.010610     0.0826     0.0401 0.0000e+00
       2255     -0.174     3.5166   0.010771     0.0839     0.0412 0.0000e+00
       2256     -0.176     3.5189   0.010817     0.0843     0.0415 0.0000e+00
