Datasets/Test_Dataset_39219_tow/tel219_2021_014.cnv
* Sea-Bird SBE19plus Data File:
* Filename = C:/AQUIRE/tel219_2021_014.hex
* Software Version AquireV2 AF V2.0
* Temperature SN =  4020
* Conductivity SN =  4020
* System UpLoad Time = May 07 2021 09:10:48
** VESSEL/TRIP/SEQ STN: tel219_2021_014
** LATITUDE: 46 16.39 N
** LONGITUDE: 56 35.40 W
** DATE/TIME: 2021-05-07 08:26
** SOUNDING DEPTH (M): 0055
** PROBE TYPE: S4020
** CTD NUMBER:  14
** FORMAT: T
** COMMENTS: 
# nquan = 7                                 
# nvalues = 2708                        
# units = specified
# name 0 = scan: Scan Count
# name 1 = prdM: Pressure, Strain Gauge [db]
# name 2 = tv290C: Temperature [ITS-90, deg C]
# name 3 = c0S/m: Conductivity [S/m]
# name 4 = sal00: Salinity, Practical [PSU]
# name 5 = sigma-t00: Density [sigma-t, kg/m^3 ]
# name 6 = flag: flag
# span 0 =          1,       2708       
# span 1 =     -0.234,     51.018       
# span 2 =     2.2531,     3.8942       
# span 3 =   0.003228,   2.940870       
# span 4 =     0.0241,    32.0712       
# span 5 =    -0.0058,    25.6051       
# span 6 = 0.0000e+00, 0.0000e+00       
# interval = seconds: 1
# start_time = May 07 2021 08:26:44 [Instrument's time stamp, header]
# bad_flag = -9.990e-29
*END*
[from data line 1026]
       1027     41.644     3.0461   2.925214    31.9997    25.4867 0.0000e+00
       1028     41.778     3.0427   2.924913    31.9993    25.4867 0.0000e+00
       1029     41.920     3.0376   2.924554    32.0000    25.4877 0.0000e+00
       1030     42.090     3.0312   2.924094    32.0007    25.4888 0.0000e+00
       1031     42.285     3.0234   2.923521    32.0014    25.4900 0.0000e+00
       1032     42.483     3.0148   2.922879    32.0021    25.4913 0.0000e+00
       1033     42.664     3.0074   2.922311    32.0025    25.4922 0.0000e+00
       1034     42.829     3.0026   2.921952    32.0028    25.4929 0.0000e+00
       1035     42.995     2.9985   2.921661    32.0033    25.4936 0.0000e+00
       1036     43.179     2.9907   2.921086    32.0040    25.4949 0.0000e+00
       1037     43.384     2.9749   2.919776    32.0038    25.4960 0.0000e+00
       1038     43.588     2.9539   2.918045    32.0036    25.4976 0.0000e+00
       1039     43.774     2.9353   2.916713    32.0058    25.5010 0.0000e+00
       1040     43.947     2.9213   2.915797    32.0086    25.5043 0.0000e+00
       1041     44.122     2.9065   2.914691    32.0098    25.5065 0.0000e+00
       1042     44.306     2.8847   2.912971    32.0106    25.5089 0.0000e+00
       1043     44.497     2.8517   2.910519    32.0136    25.5141 0.0000e+00
       1044     44.694     2.8056   2.906998    32.0167    25.5203 0.0000e+00
       1045     44.902     2.7544   2.902986    32.0188    25.5262 0.0000e+00
       1046     45.117     2.7118   2.899930    32.0241    25.5338 0.0000e+00
       1047     45.331     2.6807   2.897911    32.0304    25.5414 0.0000e+00
       1048     45.536     2.6540   2.896084    32.0347    25.5470 0.0000e+00
       1049     45.735     2.6267   2.894040    32.0370    25.5510 0.0000e+00
       1050     45.933     2.5976   2.891858    32.0393    25.5552 0.0000e+00
       1051     46.132     2.5648   2.889372    32.0417    25.5596 0.0000e+00
       1052     46.325     2.5286   2.886562    32.0435    25.5639 0.0000e+00
       1053     46.507     2.4964   2.884142    32.0460    25.5685 0.0000e+00
       1054     46.691     2.4771   2.882754    32.0483    25.5718 0.0000e+00
       1055     46.893     2.4737   2.882590    32.0496    25.5731 0.0000e+00
       1056     47.113     2.4822   2.883221    32.0487    25.5717 0.0000e+00
       1057     47.339     2.4960   2.884281    32.0477    25.5698 0.0000e+00
       1058     47.561     2.5031   2.884986    32.0491    25.5704 0.0000e+00
       1059     47.773     2.4842   2.883518    32.0499    25.5726 0.0000e+00
       1060     47.965     2.4360   2.879616    32.0504    25.5766 0.0000e+00
       1061     48.132     2.3823   2.875579    32.0546    25.5842 0.0000e+00
       1062     48.277     2.3447   2.873159    32.0626    25.5934 0.0000e+00
       1063     48.412     2.3227   2.871692    32.0666    25.5983 0.0000e+00
       1064     48.558     2.3081   2.870449    32.0659    25.5989 0.0000e+00
       1065     48.716     2.2980   2.869668    32.0664    25.6000 0.0000e+00
       1066     48.865     2.2910   2.869281    32.0686    25.6023 0.0000e+00
       1067     48.994     2.2853   2.868997    32.0708    25.6044 0.0000e+00
       1068     49.105     2.2805   2.868643    32.0712    25.6051 0.0000e+00
       1069     49.205     2.2770   2.868239    32.0697    25.6042 0.0000e+00
       1070     49.307     2.2742   2.867890    32.0681    25.6032 0.0000e+00
       1071     49.414     2.2726   2.867689    32.0672    25.6026 0.0000e+00
       1072     49.507     2.2720   2.867679    32.0677    25.6029 0.0000e+00
       1073     49.567     2.2719   2.867788    32.0691    25.6041 0.0000e+00
       1074     49.594     2.2723   2.867902    32.0701    25.6048 0.0000e+00
       1075     49.609     2.2729   2.867841    32.0687    25.6037 0.0000e+00
       1076     49.637     2.2727   2.867561    32.0654    25.6011 0.0000e+00
       1077     49.691     2.2713   2.867290    32.0635    25.5996 0.0000e+00
       1078     49.758     2.2702   2.867234    32.0638    25.6000 0.0000e+00
       1079     49.818     2.2704   2.867268    32.0640    25.6002 0.0000e+00
       1080     49.866     2.2707   2.867220    32.0631    25.5994 0.0000e+00
       1081     49.913     2.2698   2.867071    32.0622    25.5987 0.0000e+00
       1082     49.960     2.2679   2.866880    32.0617    25.5985 0.0000e+00
       1083     50.003     2.2662   2.866760    32.0619    25.5988 0.0000e+00
       1084     50.031     2.2653   2.866729    32.0624    25.5992 0.0000e+00
       1085     50.040     2.2653   2.866727    32.0624    25.5992 0.0000e+00
       1086     50.037     2.2652   2.866671    32.0618    25.5988 0.0000e+00
       1087     50.033     2.2643   2.866559    32.0613    25.5984 0.0000e+00
       1088     50.033     2.2636   2.866486    32.0611    25.5983 0.0000e+00
       1089     50.039     2.2637   2.866478    32.0609    25.5982 0.0000e+00
       1090     50.054     2.2643   2.866478    32.0603    25.5976 0.0000e+00
       1091     50.083     2.2642   2.866434    32.0598    25.5973 0.0000e+00
       1092     50.125     2.2639   2.866391    32.0596    25.5971 0.0000e+00
       1093     50.165     2.2642   2.866411    32.0595    25.5970 0.0000e+00
       1094     50.184     2.2649   2.866480    32.0597    25.5971 0.0000e+00
       1095     50.173     2.2653   2.866525    32.0598    25.5972 0.0000e+00
       1096     50.140     2.2653   2.866491    32.0594    25.5968 0.0000e+00
       1097     50.110     2.2652   2.866442    32.0589    25.5965 0.0000e+00
       1098     50.098     2.2648   2.866410    32.0589    25.5965 0.0000e+00
       1099     50.106     2.2641   2.866335    32.0587    25.5964 0.0000e+00
       1100     50.129     2.2639   2.866306    32.0585    25.5963 0.0000e+00
       1101     50.170     2.2645   2.866360    32.0586    25.5962 0.0000e+00
       1102     50.213     2.2646   2.866382    32.0587    25.5964 0.0000e+00
       1103     50.236     2.2640   2.866322    32.0586    25.5963 0.0000e+00
       1104     50.232     2.2637   2.866257    32.0581    25.5959 0.0000e+00
       1105     50.206     2.2645   2.866312    32.0580    25.5958 0.0000e+00
       1106     50.169     2.2657   2.866428    32.0582    25.5959 0.0000e+00
       1107     50.138     2.2663   2.866464    32.0581    25.5957 0.0000e+00
       1108     50.123     2.2662   2.866461    32.0581    25.5958 0.0000e+00
       1109     50.115     2.2656   2.866448    32.0586    25.5962 0.0000e+00
       1110     50.103     2.2648   2.866367    32.0584    25.5961 0.0000e+00
       1111     50.087     2.2644   2.866295    32.0579    25.5957 0.0000e+00
       1112     50.076     2.2651   2.866353    32.0579    25.5957 0.0000e+00
       1113     50.075     2.2654   2.866403    32.0583    25.5959 0.0000e+00
       1114     50.070     2.2644   2.866315    32.0582    25.5959 0.0000e+00
       1115     50.044     2.2632   2.866244    32.0585    25.5963 0.0000e+00
       1116     50.000     2.2629   2.866233    32.0587    25.5965 0.0000e+00
       1117     49.965     2.2628   2.866190    32.0583    25.5962 0.0000e+00
       1118     49.968     2.2619   2.866088    32.0580    25.5959 0.0000e+00
       1119     50.007     2.2608   2.865972    32.0576    25.5957 0.0000e+00
       1120     50.050     2.2606   2.865973    32.0578    25.5959 0.0000e+00
       1121     50.069     2.2616   2.866072    32.0580    25.5960 0.0000e+00
       1122     50.062     2.2626   2.866150    32.0580    25.5959 0.0000e+00
       1123     50.044     2.2627   2.866140    32.0578    25.5957 0.0000e+00
       1124     50.032     2.2620   2.866076    32.0577    25.5957 0.0000e+00
       1125     50.038     2.2613   2.866014    32.0576    25.5957 0.0000e+00
       1126     50.067     2.2605   2.865936    32.0574    25.5956 0.0000e+00
       1127     50.109     2.2597   2.865869    32.0574    25.5957 0.0000e+00
       1128     50.143     2.2595   2.865868    32.0576    25.5958 0.0000e+00
       1129     50.158     2.2599   2.865901    32.0576    25.5958 0.0000e+00
       1130     50.158     2.2606   2.865962    32.0576    25.5958 0.0000e+00
       1131     50.155     2.2613   2.866024    32.0577    25.5958 0.0000e+00
       1132     50.162     2.2613   2.866006    32.0574    25.5956 0.0000e+00
       1133     50.193     2.2609   2.865958    32.0572    25.5954 0.0000e+00
       1134     50.248     2.2609   2.865964    32.0573    25.5955 0.0000e+00
       1135     50.302     2.2612   2.865995    32.0573    25.5955 0.0000e+00
       1136     50.327     2.2614   2.866006    32.0573    25.5954 0.0000e+00
       1137     50.320     2.2610   2.865984    32.0574    25.5956 0.0000e+00
       1138     50.300     2.2601   2.865917    32.0575    25.5957 0.0000e+00
       1139     50.292     2.2597   2.865871    32.0573    25.5956 0.0000e+00
       1140     50.303     2.2603   2.865927    32.0574    25.5956 0.0000e+00
       1141     50.321     2.2605   2.865955    32.0575    25.5957 0.0000e+00
       1142     50.340     2.2598   2.865876    32.0573    25.5955 0.0000e+00
       1143     50.363     2.2594   2.865836    32.0572    25.5955 0.0000e+00
       1144     50.388     2.2597   2.865880    32.0574    25.5956 0.0000e+00
       1145     50.413     2.2603   2.865935    32.0574    25.5957 0.0000e+00
       1146     50.437     2.2603   2.865930    32.0574    25.5956 0.0000e+00
       1147     50.460     2.2603   2.865905    32.0570    25.5953 0.0000e+00
       1148     50.470     2.2614   2.865996    32.0571    25.5953 0.0000e+00
       1149     50.457     2.2639   2.866209    32.0572    25.5952 0.0000e+00
       1150     50.435     2.2660   2.866374    32.0571    25.5950 0.0000e+00
       1151     50.424     2.2671   2.866415    32.0565    25.5944 0.0000e+00
       1152     50.432     2.2674   2.866432    32.0564    25.5943 0.0000e+00
       1153     50.455     2.2671   2.866417    32.0565    25.5944 0.0000e+00
       1154     50.494     2.2664   2.866366    32.0566    25.5945 0.0000e+00
       1155     50.539     2.2658   2.866338    32.0568    25.5947 0.0000e+00
       1156     50.562     2.2647   2.866244    32.0567    25.5948 0.0000e+00
       1157     50.549     2.2639   2.866150    32.0564    25.5945 0.0000e+00
       1158     50.517     2.2641   2.866172    32.0565    25.5946 0.0000e+00
       1159     50.486     2.2636   2.866161    32.0569    25.5949 0.0000e+00
       1160     50.459     2.2618   2.866021    32.0570    25.5952 0.0000e+00
       1161     50.432     2.2603   2.865925    32.0573    25.5955 0.0000e+00
       1162     50.407     2.2600   2.865929    32.0577    25.5959 0.0000e+00
       1163     50.397     2.2599   2.865915    32.0576    25.5958 0.0000e+00
       1164     50.413     2.2595   2.865866    32.0574    25.5957 0.0000e+00
       1165     50.450     2.2592   2.865832    32.0573    25.5956 0.0000e+00
       1166     50.477     2.2595   2.865853    32.0572    25.5955 0.0000e+00
       1167     50.463     2.2605   2.865936    32.0572    25.5955 0.0000e+00
       1168     50.407     2.2611   2.865992    32.0573    25.5955 0.0000e+00
       1169     50.330     2.2608   2.865954    32.0572    25.5954 0.0000e+00
       1170     50.270     2.2606   2.865919    32.0570    25.5953 0.0000e+00
       1171     50.260     2.2613   2.865976    32.0570    25.5952 0.0000e+00
       1172     50.295     2.2621   2.866055    32.0572    25.5953 0.0000e+00
       1173     50.339     2.2621   2.866051    32.0571    25.5952 0.0000e+00
       1174     50.361     2.2613   2.865987    32.0571    25.5953 0.0000e+00
       1175     50.353     2.2601   2.865908    32.0573    25.5956 0.0000e+00
       1176     50.332     2.2595   2.865848    32.0572    25.5955 0.0000e+00
       1177     50.325     2.2601   2.865903    32.0573    25.5955 0.0000e+00
       1178     50.329     2.2605   2.865960    32.0576    25.5958 0.0000e+00
       1179     50.329     2.2597   2.865889    32.0575    25.5958 0.0000e+00
       1180     50.319     2.2591   2.865829    32.0574    25.5957 0.0000e+00
       1181     50.310     2.2592   2.865846    32.0575    25.5958 0.0000e+00
       1182     50.320     2.2595   2.865867    32.0575    25.5957 0.0000e+00
       1183     50.350     2.2595   2.865860    32.0574    25.5956 0.0000e+00
       1184     50.380     2.2595   2.865864    32.0574    25.5957 0.0000e+00
       1185     50.393     2.2598   2.865894    32.0574    25.5957 0.0000e+00
       1186     50.385     2.2599   2.865907    32.0575    25.5957 0.0000e+00
       1187     50.362     2.2597   2.865892    32.0575    25.5958 0.0000e+00
       1188     50.338     2.2597   2.865886    32.0575    25.5957 0.0000e+00
       1189     50.332     2.2601   2.865906    32.0573    25.5956 0.0000e+00
       1190     50.342     2.2599   2.865893    32.0574    25.5956 0.0000e+00
       1191     50.348     2.2592   2.865825    32.0572    25.5956 0.0000e+00
       1192     50.344     2.2587   2.865784    32.0572    25.5956 0.0000e+00
       1193     50.337     2.2588   2.865810    32.0575    25.5958 0.0000e+00
       1194     50.340     2.2591   2.865830    32.0574    25.5957 0.0000e+00
       1195     50.352     2.2586   2.865784    32.0573    25.5957 0.0000e+00
       1196     50.358     2.2576   2.865717    32.0575    25.5959 0.0000e+00
       1197     50.356     2.2568   2.865670    32.0577    25.5961 0.0000e+00
       1198     50.355     2.2568   2.865666    32.0577    25.5961 0.0000e+00
       1199     50.368     2.2574   2.865718    32.0577    25.5961 0.0000e+00
       1200     50.397     2.2575   2.865729    32.0577    25.5961 0.0000e+00
       1201     50.423     2.2568   2.865662    32.0576    25.5960 0.0000e+00
       1202     50.427     2.2560   2.865607    32.0577    25.5962 0.0000e+00
       1203     50.404     2.2556   2.865593    32.0580    25.5964 0.0000e+00
       1204     50.369     2.2556   2.865597    32.0580    25.5965 0.0000e+00
       1205     50.345     2.2559   2.865613    32.0579    25.5964 0.0000e+00
       1206     50.351     2.2563   2.865639    32.0579    25.5963 0.0000e+00
       1207     50.382     2.2567   2.865668    32.0578    25.5962 0.0000e+00
       1208     50.417     2.2568   2.865681    32.0578    25.5962 0.0000e+00
       1209     50.436     2.2569   2.865677    32.0577    25.5961 0.0000e+00
       1210     50.431     2.2571   2.865682    32.0575    25.5960 0.0000e+00
       1211     50.414     2.2576   2.865726    32.0576    25.5960 0.0000e+00
       1212     50.406     2.2587   2.865803    32.0574    25.5958 0.0000e+00
       1213     50.414     2.2599   2.865883    32.0572    25.5955 0.0000e+00
       1214     50.421     2.2601   2.865922    32.0575    25.5957 0.0000e+00
       1215     50.407     2.2592   2.865856    32.0576    25.5958 0.0000e+00
       1216     50.378     2.2578   2.865743    32.0576    25.5960 0.0000e+00
       1217     50.357     2.2573   2.865700    32.0576    25.5960 0.0000e+00
       1218     50.368     2.2572   2.865695    32.0576    25.5960 0.0000e+00
       1219     50.412     2.2567   2.865655    32.0576    25.5961 0.0000e+00
       1220     50.460     2.2559   2.865608    32.0578    25.5963 0.0000e+00
       1221     50.481     2.2557   2.865596    32.0579    25.5963 0.0000e+00
       1222     50.473     2.2561   2.865628    32.0579    25.5963 0.0000e+00
       1223     50.468     2.2572   2.865704    32.0577    25.5961 0.0000e+00
       1224     50.484     2.2580   2.865756    32.0575    25.5959 0.0000e+00
       1225     50.509     2.2581   2.865762    32.0575    25.5958 0.0000e+00
       1226     50.517     2.2575   2.865726    32.0576    25.5960 0.0000e+00
       1227     50.508     2.2564   2.865637    32.0576    25.5961 0.0000e+00
       1228     50.498     2.2557   2.865578    32.0576    25.5961 0.0000e+00
       1229     50.498     2.2561   2.865612    32.0576    25.5961 0.0000e+00
       1230     50.512     2.2571   2.865684    32.0575    25.5959 0.0000e+00
