Datasets/Test_Dataset_39219_tow/tel219_2021_013.cnv
* Sea-Bird SBE19plus Data File:
* Filename = C:/AQUIRE/tel219_2021_013.hex
* Software Version AquireV2 AF V2.0
* Temperature SN =  4020
* Conductivity SN =  4020
* System UpLoad Time = May 07 2021 02:42:05
** VESSEL/TRIP/SEQ STN: tel219_2021_013
** LATITUDE: 46 04.98 N
** LONGITUDE: 56 19.32 W
** DATE/TIME: 2021-05-07 02:04
** SOUNDING DEPTH (M): 0053
** PROBE TYPE: S4020
** CTD NUMBER:  13
** FORMAT: T
** COMMENTS: 
# nquan = 7                                 
# nvalues = 2297                        
# units = specified
# name 0 = scan: Scan Count
# name 1 = prdM: Pressure, Strain Gauge [db]
# name 2 = tv290C: Temperature [ITS-90, deg C]
# name 3 = c0S/m: Conductivity [S/m]
# name 4 = sal00: Salinity, Practical [PSU]
# name 5 = sigma-t00: Density [sigma-t, kg/m^3 ]
# name 6 = flag: flag
# span 0 =          1,       2297       
# span 1 =     -0.240,     49.840       
# span 2 =     2.0899,     3.8430       
# span 3 =   0.004651,   2.955994       
# span 4 =     0.0350,    32.0847       
# span 5 =     0.0030,    25.6299       
# span 6 = 0.0000e+00, 0.0000e+00       
# interval = seconds: 1
# start_time = May 07 2021 02:04:55 [Instrument's time stamp, header]
# bad_flag = -9.990e-29
*END*
[from data line 1231]
       1232     49.563     2.1593   2.858752    32.0710    25.6140 0.0000e+00
       1233     49.558     2.1617   2.858905    32.0705    25.6134 0.0000e+00
       1234     49.557     2.1650   2.859162    32.0704    25.6131 0.0000e+00
       1235     49.570     2.1693   2.859487    32.0700    25.6125 0.0000e+00
       1236     49.581     2.1740   2.859792    32.0691    25.6114 0.0000e+00
       1237     49.568     2.1796   2.860099    32.0672    25.6095 0.0000e+00
       1238     49.525     2.1876   2.860617    32.0656    25.6076 0.0000e+00
       1239     49.477     2.1971   2.861361    32.0652    25.6066 0.0000e+00
       1240     49.463     2.2040   2.861919    32.0651    25.6060 0.0000e+00
       1241     49.495     2.2070   2.862083    32.0641    25.6050 0.0000e+00
       1242     49.544     2.2087   2.862106    32.0627    25.6037 0.0000e+00
       1243     49.568     2.2111   2.862204    32.0614    25.6025 0.0000e+00
       1244     49.548     2.2150   2.862452    32.0606    25.6015 0.0000e+00
       1245     49.499     2.2225   2.863010    32.0599    25.6005 0.0000e+00
       1246     49.457     2.2336   2.863954    32.0604    25.6000 0.0000e+00
       1247     49.441     2.2442   2.864814    32.0604    25.5992 0.0000e+00
       1248     49.437     2.2493   2.865043    32.0580    25.5970 0.0000e+00
       1249     49.423     2.2501   2.864926    32.0558    25.5951 0.0000e+00
       1250     49.400     2.2491   2.864869    32.0561    25.5954 0.0000e+00
       1251     49.387     2.2433   2.864543    32.0579    25.5973 0.0000e+00
       1252     49.395     2.2295   2.863534    32.0594    25.5995 0.0000e+00
       1253     49.409     2.2133   2.862325    32.0608    25.6018 0.0000e+00
       1254     49.409     2.2027   2.861671    32.0634    25.6047 0.0000e+00
       1255     49.401     2.1976   2.861409    32.0653    25.6066 0.0000e+00
       1256     49.406     2.1947   2.861194    32.0656    25.6071 0.0000e+00
       1257     49.422     2.1928   2.861080    32.0661    25.6076 0.0000e+00
       1258     49.440     2.1910   2.860974    32.0666    25.6081 0.0000e+00
       1259     49.455     2.1879   2.860727    32.0667    25.6084 0.0000e+00
       1260     49.465     2.1844   2.860472    32.0670    25.6090 0.0000e+00
       1261     49.477     2.1815   2.860296    32.0678    25.6098 0.0000e+00
       1262     49.484     2.1795   2.860142    32.0679    25.6100 0.0000e+00
       1263     49.481     2.1788   2.860097    32.0680    25.6102 0.0000e+00
       1264     49.466     2.1789   2.860135    32.0684    25.6105 0.0000e+00
       1265     49.441     2.1795   2.860193    32.0685    25.6105 0.0000e+00
       1266     49.411     2.1799   2.860228    32.0686    25.6106 0.0000e+00
       1267     49.399     2.1811   2.860284    32.0681    25.6101 0.0000e+00
       1268     49.428     2.1849   2.860562    32.0677    25.6094 0.0000e+00
       1269     49.474     2.1897   2.860919    32.0672    25.6087 0.0000e+00
       1270     49.482     2.1929   2.861095    32.0661    25.6076 0.0000e+00
       1271     49.420     2.1943   2.861144    32.0654    25.6069 0.0000e+00
       1272     49.310     2.1944   2.861150    32.0654    25.6069 0.0000e+00
       1273     49.218     2.1936   2.861141    32.0661    25.6076 0.0000e+00
       1274     49.191     2.1916   2.861039    32.0669    25.6084 0.0000e+00
       1275     49.212     2.1877   2.860730    32.0670    25.6087 0.0000e+00
       1276     49.238     2.1837   2.860429    32.0673    25.6093 0.0000e+00
       1277     49.243     2.1811   2.860293    32.0683    25.6102 0.0000e+00
       1278     49.221     2.1796   2.860195    32.0686    25.6106 0.0000e+00
       1279     49.184     2.1783   2.860081    32.0685    25.6106 0.0000e+00
       1280     49.160     2.1769   2.859982    32.0687    25.6109 0.0000e+00
       1281     49.167     2.1753   2.859882    32.0691    25.6113 0.0000e+00
       1282     49.200     2.1733   2.859730    32.0692    25.6115 0.0000e+00
       1283     49.238     2.1717   2.859580    32.0689    25.6114 0.0000e+00
       1284     49.260     2.1718   2.859602    32.0691    25.6116 0.0000e+00
       1285     49.248     2.1739   2.859796    32.0694    25.6116 0.0000e+00
       1286     49.206     2.1769   2.860012    32.0691    25.6111 0.0000e+00
       1287     49.168     2.1803   2.860253    32.0686    25.6106 0.0000e+00
       1288     49.163     2.1826   2.860434    32.0685    25.6103 0.0000e+00
       1289     49.182     2.1821   2.860362    32.0681    25.6100 0.0000e+00
       1290     49.198     2.1795   2.860146    32.0681    25.6102 0.0000e+00
       1291     49.205     2.1774   2.860013    32.0686    25.6107 0.0000e+00
       1292     49.204     2.1761   2.859937    32.0689    25.6111 0.0000e+00
       1293     49.199     2.1746   2.859813    32.0689    25.6112 0.0000e+00
       1294     49.204     2.1736   2.859749    32.0691    25.6115 0.0000e+00
       1295     49.232     2.1738   2.859770    32.0692    25.6115 0.0000e+00
       1296     49.276     2.1745   2.859810    32.0689    25.6112 0.0000e+00
       1297     49.310     2.1760   2.859924    32.0688    25.6110 0.0000e+00
       1298     49.310     2.1779   2.860065    32.0686    25.6107 0.0000e+00
       1299     49.283     2.1789   2.860137    32.0685    25.6106 0.0000e+00
       1300     49.248     2.1789   2.860131    32.0685    25.6105 0.0000e+00
       1301     49.222     2.1787   2.860096    32.0683    25.6104 0.0000e+00
       1302     49.211     2.1784   2.860064    32.0682    25.6103 0.0000e+00
       1303     49.221     2.1780   2.860042    32.0683    25.6105 0.0000e+00
       1304     49.250     2.1778   2.860040    32.0685    25.6106 0.0000e+00
       1305     49.282     2.1780   2.860058    32.0685    25.6106 0.0000e+00
       1306     49.301     2.1786   2.860093    32.0683    25.6104 0.0000e+00
       1307     49.303     2.1797   2.860166    32.0681    25.6102 0.0000e+00
       1308     49.296     2.1811   2.860263    32.0679    25.6099 0.0000e+00
       1309     49.293     2.1826   2.860372    32.0677    25.6096 0.0000e+00
       1310     49.301     2.1843   2.860508    32.0677    25.6095 0.0000e+00
       1311     49.321     2.1858   2.860598    32.0673    25.6090 0.0000e+00
       1312     49.340     2.1867   2.860631    32.0667    25.6086 0.0000e+00
       1313     49.341     2.1875   2.860690    32.0667    25.6085 0.0000e+00
       1314     49.328     2.1882   2.860750    32.0667    25.6084 0.0000e+00
       1315     49.316     2.1887   2.860788    32.0667    25.6084 0.0000e+00
       1316     49.309     2.1896   2.860844    32.0665    25.6081 0.0000e+00
       1317     49.301     2.1910   2.860942    32.0663    25.6079 0.0000e+00
       1318     49.299     2.1929   2.861080    32.0661    25.6076 0.0000e+00
       1319     49.315     2.1949   2.861238    32.0660    25.6074 0.0000e+00
       1320     49.350     2.1967   2.861378    32.0659    25.6071 0.0000e+00
       1321     49.387     2.1979   2.861449    32.0655    25.6068 0.0000e+00
       1322     49.405     2.1986   2.861468    32.0650    25.6063 0.0000e+00
       1323     49.396     2.1988   2.861487    32.0651    25.6063 0.0000e+00
       1324     49.372     2.1977   2.861413    32.0653    25.6066 0.0000e+00
       1325     49.349     2.1955   2.861233    32.0653    25.6068 0.0000e+00
       1326     49.333     2.1939   2.861124    32.0656    25.6071 0.0000e+00
       1327     49.324     2.1932   2.861086    32.0658    25.6074 0.0000e+00
       1328     49.322     2.1921   2.861000    32.0659    25.6075 0.0000e+00
       1329     49.325     2.1902   2.860889    32.0664    25.6080 0.0000e+00
       1330     49.322     2.1877   2.860734    32.0670    25.6087 0.0000e+00
       1331     49.312     2.1849   2.860512    32.0671    25.6090 0.0000e+00
       1332     49.306     2.1812   2.860236    32.0674    25.6095 0.0000e+00
       1333     49.308     2.1780   2.860005    32.0678    25.6101 0.0000e+00
       1334     49.310     2.1782   2.860055    32.0682    25.6104 0.0000e+00
       1335     49.315     2.1814   2.860327    32.0683    25.6102 0.0000e+00
       1336     49.336     2.1837   2.860488    32.0680    25.6098 0.0000e+00
       1337     49.370     2.1838   2.860459    32.0675    25.6094 0.0000e+00
       1338     49.395     2.1826   2.860375    32.0677    25.6096 0.0000e+00
       1339     49.394     2.1810   2.860269    32.0680    25.6100 0.0000e+00
       1340     49.368     2.1789   2.860115    32.0682    25.6103 0.0000e+00
       1341     49.329     2.1765   2.859941    32.0685    25.6107 0.0000e+00
       1342     49.288     2.1741   2.859778    32.0689    25.6113 0.0000e+00
       1343     49.263     2.1729   2.859693    32.0691    25.6115 0.0000e+00
       1344     49.272     2.1731   2.859728    32.0693    25.6117 0.0000e+00
       1345     49.317     2.1727   2.859706    32.0695    25.6118 0.0000e+00
       1346     49.376     2.1708   2.859547    32.0694    25.6119 0.0000e+00
       1347     49.419     2.1688   2.859402    32.0696    25.6122 0.0000e+00
       1348     49.430     2.1677   2.859337    32.0699    25.6125 0.0000e+00
       1349     49.422     2.1673   2.859320    32.0701    25.6127 0.0000e+00
       1350     49.409     2.1674   2.859325    32.0700    25.6126 0.0000e+00
       1351     49.395     2.1677   2.859338    32.0699    25.6125 0.0000e+00
       1352     49.392     2.1683   2.859380    32.0698    25.6124 0.0000e+00
       1353     49.410     2.1690   2.859431    32.0697    25.6123 0.0000e+00
       1354     49.442     2.1701   2.859504    32.0695    25.6120 0.0000e+00
       1355     49.470     2.1719   2.859638    32.0693    25.6117 0.0000e+00
       1356     49.472     2.1739   2.859800    32.0693    25.6116 0.0000e+00
       1357     49.449     2.1751   2.859878    32.0691    25.6113 0.0000e+00
       1358     49.420     2.1746   2.859808    32.0687    25.6111 0.0000e+00
       1359     49.404     2.1733   2.859710    32.0688    25.6112 0.0000e+00
       1360     49.406     2.1724   2.859654    32.0691    25.6115 0.0000e+00
       1361     49.423     2.1721   2.859632    32.0691    25.6115 0.0000e+00
       1362     49.442     2.1723   2.859649    32.0691    25.6115 0.0000e+00
       1363     49.458     2.1727   2.859690    32.0692    25.6116 0.0000e+00
       1364     49.471     2.1735   2.859744    32.0690    25.6114 0.0000e+00
       1365     49.484     2.1746   2.859818    32.0688    25.6111 0.0000e+00
       1366     49.497     2.1757   2.859906    32.0688    25.6110 0.0000e+00
       1367     49.502     2.1769   2.859989    32.0686    25.6108 0.0000e+00
       1368     49.497     2.1776   2.860034    32.0685    25.6106 0.0000e+00
       1369     49.486     2.1780   2.860043    32.0682    25.6104 0.0000e+00
       1370     49.480     2.1782   2.860059    32.0682    25.6103 0.0000e+00
       1371     49.482     2.1784   2.860079    32.0682    25.6104 0.0000e+00
       1372     49.488     2.1788   2.860103    32.0681    25.6103 0.0000e+00
       1373     49.502     2.1796   2.860167    32.0681    25.6102 0.0000e+00
       1374     49.527     2.1808   2.860259    32.0680    25.6100 0.0000e+00
       1375     49.562     2.1812   2.860281    32.0678    25.6099 0.0000e+00
       1376     49.585     2.1804   2.860187    32.0675    25.6096 0.0000e+00
       1377     49.578     2.1797   2.860132    32.0675    25.6097 0.0000e+00
       1378     49.539     2.1791   2.860119    32.0680    25.6101 0.0000e+00
       1379     49.496     2.1783   2.860047    32.0679    25.6101 0.0000e+00
       1380     49.479     2.1775   2.859985    32.0680    25.6102 0.0000e+00
       1381     49.483     2.1772   2.859987    32.0683    25.6105 0.0000e+00
       1382     49.476     2.1771   2.859996    32.0685    25.6107 0.0000e+00
       1383     49.438     2.1769   2.859974    32.0685    25.6107 0.0000e+00
       1384     49.391     2.1770   2.859968    32.0683    25.6105 0.0000e+00
       1385     49.374     2.1779   2.860039    32.0683    25.6105 0.0000e+00
       1386     49.404     2.1796   2.860169    32.0682    25.6102 0.0000e+00
       1387     49.456     2.1818   2.860312    32.0677    25.6097 0.0000e+00
       1388     49.492     2.1837   2.860443    32.0674    25.6093 0.0000e+00
       1389     49.500     2.1847   2.860511    32.0672    25.6091 0.0000e+00
       1390     49.501     2.1849   2.860513    32.0670    25.6089 0.0000e+00
       1391     49.511     2.1845   2.860499    32.0672    25.6091 0.0000e+00
       1392     49.527     2.1836   2.860441    32.0674    25.6093 0.0000e+00
       1393     49.540     2.1825   2.860334    32.0672    25.6093 0.0000e+00
       1394     49.544     2.1827   2.860363    32.0674    25.6094 0.0000e+00
       1395     49.542     2.1846   2.860546    32.0677    25.6095 0.0000e+00
       1396     49.539     2.1875   2.860703    32.0667    25.6085 0.0000e+00
       1397     49.538     2.1926   2.861040    32.0657    25.6073 0.0000e+00
       1398     49.539     2.1990   2.861555    32.0656    25.6068 0.0000e+00
       1399     49.550     2.2032   2.861841    32.0649    25.6059 0.0000e+00
       1400     49.571     2.2051   2.861920    32.0640    25.6050 0.0000e+00
       1401     49.593     2.2070   2.862036    32.0635    25.6045 0.0000e+00
       1402     49.610     2.2100   2.862259    32.0632    25.6040 0.0000e+00
       1403     49.616     2.2141   2.862549    32.0626    25.6033 0.0000e+00
       1404     49.617     2.2188   2.862908    32.0623    25.6027 0.0000e+00
       1405     49.622     2.2229   2.863218    32.0620    25.6021 0.0000e+00
       1406     49.628     2.2245   2.863303    32.0615    25.6015 0.0000e+00
       1407     49.634     2.2231   2.863175    32.0613    25.6015 0.0000e+00
       1408     49.637     2.2191   2.862876    32.0616    25.6021 0.0000e+00
       1409     49.629     2.2140   2.862521    32.0624    25.6031 0.0000e+00
       1410     49.609     2.2099   2.862235    32.0630    25.6039 0.0000e+00
       1411     49.588     2.2081   2.862118    32.0634    25.6043 0.0000e+00
       1412     49.573     2.2086   2.862180    32.0637    25.6045 0.0000e+00
       1413     49.572     2.2101   2.862297    32.0636    25.6043 0.0000e+00
       1414     49.588     2.2110   2.862369    32.0636    25.6042 0.0000e+00
       1415     49.609     2.2099   2.862291    32.0637    25.6044 0.0000e+00
       1416     49.611     2.2064   2.862058    32.0644    25.6052 0.0000e+00
       1417     49.580     2.2015   2.861715    32.0651    25.6061 0.0000e+00
       1418     49.536     2.1963   2.861319    32.0655    25.6068 0.0000e+00
       1419     49.512     2.1915   2.860972    32.0660    25.6076 0.0000e+00
       1420     49.513     2.1883   2.860750    32.0665    25.6083 0.0000e+00
       1421     49.516     2.1868   2.860684    32.0672    25.6089 0.0000e+00
       1422     49.503     2.1860   2.860648    32.0676    25.6093 0.0000e+00
       1423     49.484     2.1857   2.860604    32.0673    25.6091 0.0000e+00
       1424     49.473     2.1871   2.860699    32.0671    25.6088 0.0000e+00
       1425     49.475     2.1903   2.860949    32.0670    25.6085 0.0000e+00
       1426     49.483     2.1942   2.861224    32.0664    25.6078 0.0000e+00
       1427     49.488     2.1974   2.861429    32.0657    25.6070 0.0000e+00
       1428     49.493     2.1988   2.861501    32.0652    25.6064 0.0000e+00
       1429     49.501     2.1975   2.861405    32.0653    25.6066 0.0000e+00
       1430     49.517     2.1947   2.861220    32.0659    25.6073 0.0000e+00
       1431     49.537     2.1906   2.860940    32.0665    25.6081 0.0000e+00
       1432     49.551     2.1858   2.860569    32.0668    25.6087 0.0000e+00
       1433     49.558     2.1820   2.860314    32.0675    25.6095 0.0000e+00
       1434     49.559     2.1800   2.860204    32.0681    25.6102 0.0000e+00
       1435     49.557     2.1790   2.860135    32.0683    25.6104 0.0000e+00
