Datasets/Test_Dataset_39219_tow/tel219_2021_080.cnv
* Sea-Bird SBE19plus Data File:
* Filename = C:/AQUIRE/tel219_2021_080.hex
* Software Version AquireV2 AF V2.0
* Temperature SN =  4020
* Conductivity SN =  4020
* System UpLoad Time = May 16 2021 12:27:46
** VESSEL/TRIP/SEQ STN: tel219_2021_080
** LATITUDE: 45 48.49 N
** LONGITUDE: 56 14.56 W
** DATE/TIME: 2021-05-16 11:52
** SOUNDING DEPTH (M): 0054
** PROBE TYPE: S4020
** CTD NUMBER:  80
** FORMAT: T
** COMMENTS: 
# nquan = 7                                 
# nvalues = 2174                        
# units = specified
# name 0 = scan: Scan Count
# name 1 = prdM: Pressure, Strain Gauge [db]
# name 2 = tv290C: Temperature [ITS-90, deg C]
# name 3 = c0S/m: Conductivity [S/m]
# name 4 = sal00: Salinity, Practical [PSU]
# name 5 = sigma-t00: Density [sigma-t, kg/m^3 ]
# name 6 = flag: flag
# span 0 =          1,       2174       
# span 1 =     -0.001,     51.652       
# span 2 =     3.6295,     5.2634       
# span 3 =   0.008625,   3.067058       
# span 4 =     0.0640,    32.3559       
# span 5 =     0.0135,    25.7138       
# span 6 = 0.0000e+00, 0.0000e+00       
# interval = seconds: 1
# start_time = May 16 2021 11:52:35 [Instrument's time stamp, header]
# bad_flag = -9.990e-29
*END*
[from data line 1642]
       1643     18.099     3.6932   3.002930    32.3011    25.6690 0.0000e+00
       1644     17.948     3.6912   3.002580    32.2990    25.6676 0.0000e+00
       1645     17.801     3.6910   3.002516    32.2985    25.6672 0.0000e+00
       1646     17.659     3.6900   3.002527    32.2997    25.6682 0.0000e+00
       1647     17.507     3.6891   3.002484    32.3001    25.6687 0.0000e+00
       1648     17.336     3.6920   3.002569    32.2984    25.6670 0.0000e+00
       1649     17.148     3.6999   3.002972    32.2954    25.6639 0.0000e+00
       1650     16.947     3.7106   3.003620    32.2926    25.6607 0.0000e+00
       1651     16.728     3.7196   3.004149    32.2901    25.6578 0.0000e+00
       1652     16.488     3.7225   3.004258    32.2886    25.6564 0.0000e+00
       1653     16.233     3.7201   3.004082    32.2891    25.6570 0.0000e+00
       1654     15.976     3.7199   3.004021    32.2887    25.6567 0.0000e+00
       1655     15.722     3.7279   3.004357    32.2849    25.6529 0.0000e+00
       1656     15.466     3.7428   3.004971    32.2775    25.6456 0.0000e+00
       1657     15.206     3.7608   3.005757    32.2692    25.6373 0.0000e+00
       1658     14.955     3.7795   3.006703    32.2620    25.6298 0.0000e+00
       1659     14.721     3.7977   3.007444    32.2529    25.6209 0.0000e+00
       1660     14.489     3.8143   3.007856    32.2415    25.6102 0.0000e+00
       1661     14.240     3.8341   3.008347    32.2279    25.5975 0.0000e+00
       1662     13.980     3.8676   3.009841    32.2127    25.5822 0.0000e+00
       1663     13.735     3.9110   3.012180    32.1977    25.5661 0.0000e+00
       1664     13.514     3.9518   3.014051    32.1797    25.5479 0.0000e+00
       1665     13.301     3.9916   3.015988    32.1636    25.5312 0.0000e+00
       1666     13.063     4.0291   3.018078    32.1515    25.5179 0.0000e+00
       1667     12.781     4.0510   3.018962    32.1405    25.5071 0.0000e+00
       1668     12.479     4.0521   3.018663    32.1361    25.5035 0.0000e+00
       1669     12.189     4.0388   3.017612    32.1369    25.5054 0.0000e+00
       1670     11.906     4.0223   3.016336    32.1382    25.5081 0.0000e+00
       1671     11.606     4.0062   3.015388    32.1430    25.5134 0.0000e+00
       1672     11.306     3.9828   3.014241    32.1526    25.5234 0.0000e+00
       1673     11.044     3.9537   3.012745    32.1637    25.5350 0.0000e+00
       1674     10.822     3.9382   3.011936    32.1695    25.5411 0.0000e+00
       1675     10.609     3.9515   3.013070    32.1700    25.5401 0.0000e+00
       1676     10.403     3.9935   3.015763    32.1605    25.5286 0.0000e+00
       1677     10.207     4.0687   3.020538    32.1430    25.5074 0.0000e+00
       1678      9.994     4.1685   3.027659    32.1290    25.4864 0.0000e+00
       1679      9.758     4.2481   3.032586    32.1091    25.4626 0.0000e+00
       1680      9.494     4.2820   3.033764    32.0899    25.4440 0.0000e+00
       1681      9.202     4.2874   3.033775    32.0849    25.4395 0.0000e+00
       1682      8.940     4.2891   3.034035    32.0864    25.4405 0.0000e+00
       1683      8.739     4.2897   3.034262    32.0886    25.4422 0.0000e+00
       1684      8.549     4.2595   3.032473    32.0972    25.4520 0.0000e+00
       1685      8.286     4.1934   3.027487    32.1035    25.4637 0.0000e+00
       1686      7.921     4.1615   3.025075    32.1066    25.4693 0.0000e+00
       1687      7.540     4.2207   3.030825    32.1163    25.4711 0.0000e+00
       1688      7.196     4.3194   3.038184    32.1062    25.4532 0.0000e+00
       1689      6.781     4.3779   3.041057    32.0830    25.4288 0.0000e+00
       1690      6.213     4.3897   3.041043    32.0716    25.4186 0.0000e+00
       1691      5.614     4.3879   3.040663    32.0692    25.4169 0.0000e+00
       1692      5.154     4.3903   3.040972    32.0707    25.4178 0.0000e+00
       1693      4.797     4.3959   3.041444    32.0710    25.4174 0.0000e+00
       1694      4.363     4.4007   3.041683    32.0693    25.4156 0.0000e+00
       1695      3.861     4.4045   3.041881    32.0682    25.4143 0.0000e+00
       1696      3.428     4.4070   3.042113    32.0687    25.4145 0.0000e+00
       1697      3.053     4.4096   3.042255    32.0680    25.4136 0.0000e+00
       1698      2.645     4.4149   3.042628    32.0674    25.4126 0.0000e+00
       1699      2.186     4.4215   3.043079    32.0664    25.4112 0.0000e+00
       1700      1.703     4.4234   3.042895    32.0627    25.4080 0.0000e+00
       1701      1.257     4.4194   3.042280    32.0596    25.4060 0.0000e+00
       1702      0.907     4.4161   3.041993    32.0597    25.4064 0.0000e+00
       1703      0.643     4.4185   3.042313    32.0612    25.4074 0.0000e+00
       1704      0.441     4.4251   3.042983    32.0627    25.4079 0.0000e+00
       1705      0.293     4.4303   3.043478    32.0635    25.4080 0.0000e+00
       1706      0.195     4.4313   3.043483    32.0626    25.4072 0.0000e+00
       1707      0.146     4.4302   3.043298    32.0616    25.4065 0.0000e+00
       1708      0.131     4.4299   3.043180    32.0605    25.4056 0.0000e+00
       1709      0.137     4.4303   3.042900    32.0568    25.4027 0.0000e+00
       1710      0.145     4.4310   3.042806    32.0551    25.4012 0.0000e+00
       1711      0.134     4.4328   3.043261    32.0586    25.4038 0.0000e+00
       1712      0.117     4.4359   3.043752    32.0613    25.4057 0.0000e+00
       1713      0.108     4.4387   3.043989    32.0614    25.4054 0.0000e+00
       1714      0.100     4.4388   3.039278    32.0064    25.3618 0.0000e+00
       1715      0.087     4.4369   2.991898    31.4573    24.9262 0.0000e+00
       1716      0.067     4.4366   2.944299    30.9053    24.4882 0.0000e+00
       1717      0.056     4.4384   2.973641    31.2439    24.7567 0.0000e+00
       1718      0.063     4.4402   3.014007    31.7111    25.1273 0.0000e+00
       1719      0.069     4.4410   2.999679    31.5438    24.9944 0.0000e+00
       1720      0.062     4.4421   2.712305    28.2274    22.3639 0.0000e+00
       1721      0.052     4.4432   1.999238    20.2085    16.0124 0.0000e+00
       1722      0.055     4.4427   1.473658    14.5039    11.4976 0.0000e+00
       1723      0.068     4.4405   1.848518    18.5552    14.7040 0.0000e+00
       1724      0.065     4.4390   2.566715    26.5683    21.0492 0.0000e+00
       1725      0.048     4.4411   2.823323    29.5035    23.3758 0.0000e+00
       1726      0.040     4.4448   2.887997    30.2462    23.9646 0.0000e+00
       1727      0.050     4.4446   2.975426    31.2587    24.7679 0.0000e+00
       1728      0.063     4.4405   2.997681    31.5210    24.9764 0.0000e+00
       1729      0.063     4.4379   3.006387    31.6247    25.0589 0.0000e+00
       1730      0.058     4.4385   3.007970    31.6425    25.0730 0.0000e+00
       1731      0.067     4.4401   3.011047    31.6767    25.1000 0.0000e+00
       1732      0.082     4.4406   3.020385    31.7848    25.1858 0.0000e+00
       1733      0.088     4.4399   3.026407    31.8556    25.2420 0.0000e+00
       1734      0.086     4.4391   3.025734    31.8485    25.2364 0.0000e+00
       1735      0.084     4.4390   3.029341    31.8906    25.2698 0.0000e+00
       1736      0.079     4.4398   3.036441    31.9724    25.3347 0.0000e+00
       1737      0.072     4.4420   3.020879    31.7892    25.1891 0.0000e+00
       1738      0.067     4.4444   2.819173    29.4527    23.3352 0.0000e+00
       1739      0.068     4.4455   2.545206    26.3187    20.8508 0.0000e+00
       1740      0.070     4.4451   2.557843    26.4626    20.9649 0.0000e+00
       1741      0.072     4.4445   2.290963    23.4511    18.5794 0.0000e+00
       1742      0.084     4.4445   1.637152    16.2574    12.8853 0.0000e+00
       1743      0.091     4.4453   1.676521    16.6823    13.2215 0.0000e+00
       1744      0.074     4.4468   1.723750    17.1931    13.6256 0.0000e+00
       1745      0.047     4.4480   0.931139     8.8310     7.0049 0.0000e+00
       1746      0.028     4.4480   0.356760     3.1648     2.5045 0.0000e+00
       1747      0.018     4.4472   0.263160     2.2918     1.8085 0.0000e+00
       1748      0.016     4.4460   0.205849     1.7678     1.3902 0.0000e+00
       1749      0.017     4.4446   0.166429     1.4130     1.1066 0.0000e+00
       1750      0.018     4.4429   0.138165     1.1619     0.9058 0.0000e+00
       1751      0.020     4.4413   0.120257     1.0044     0.7797 0.0000e+00
       1752      0.024     4.4396   0.111491     0.9278     0.7184 0.0000e+00
       1753      0.031     4.4382   0.106809     0.8870     0.6858 0.0000e+00
       1754      0.036     4.4371   0.094380     0.7793     0.5994 0.0000e+00
       1755      0.036     4.4360   0.082251     0.6749     0.5158 0.0000e+00
       1756      0.035     4.4345   0.075438     0.6166     0.4691 0.0000e+00
       1757      0.035     4.4329   0.067562     0.5496     0.4153 0.0000e+00
       1758      0.034     4.4312   0.061067     0.4947     0.3712 0.0000e+00
       1759      0.031     4.4291   0.058962     0.4770     0.3570 0.0000e+00
       1760      0.026     4.4270   0.058356     0.4719     0.3530 0.0000e+00
       1761      0.024     4.4252   0.056130     0.4532     0.3379 0.0000e+00
       1762      0.025     4.4237   0.053698     0.4328     0.3216 0.0000e+00
       1763      0.026     4.4221   0.051491     0.4143     0.3067 0.0000e+00
       1764      0.028     4.4205   0.049137     0.3946     0.2910 0.0000e+00
       1765      0.029     4.4191   0.047378     0.3799     0.2792 0.0000e+00
       1766      0.031     4.4178   0.046345     0.3713     0.2723 0.0000e+00
       1767      0.031     4.4168   0.046228     0.3704     0.2715 0.0000e+00
       1768      0.030     4.4155   0.046841     0.3755     0.2756 0.0000e+00
       1769      0.031     4.4142   0.046558     0.3731     0.2738 0.0000e+00
       1770      0.035     4.4128   0.044819     0.3587     0.2622 0.0000e+00
       1771      0.036     4.4115   0.043207     0.3453     0.2514 0.0000e+00
       1772      0.034     4.4101   0.042225     0.3371     0.2449 0.0000e+00
       1773      0.034     4.4088   0.041372     0.3301     0.2392 0.0000e+00
       1774      0.035     4.4078   0.040550     0.3233     0.2338 0.0000e+00
       1775      0.034     4.4067   0.039787     0.3170     0.2287 0.0000e+00
       1776      0.033     4.4055   0.039130     0.3115     0.2243 0.0000e+00
       1777      0.033     4.4045   0.038576     0.3070     0.2207 0.0000e+00
       1778      0.034     4.4036   0.038072     0.3028     0.2173 0.0000e+00
       1779      0.035     4.4026   0.037535     0.2984     0.2138 0.0000e+00
       1780      0.036     4.4018   0.036951     0.2936     0.2099 0.0000e+00
       1781      0.039     4.4011   0.036390     0.2890     0.2062 0.0000e+00
       1782      0.042     4.4005   0.035917     0.2851     0.2031 0.0000e+00
       1783      0.043     4.3998   0.035515     0.2818     0.2004 0.0000e+00
       1784      0.043     4.3992   0.035113     0.2785     0.1978 0.0000e+00
       1785      0.043     4.3986   0.034667     0.2748     0.1948 0.0000e+00
       1786      0.043     4.3979   0.034220     0.2711     0.1919 0.0000e+00
       1787      0.044     4.3975   0.033826     0.2679     0.1893 0.0000e+00
       1788      0.048     4.3971   0.033477     0.2650     0.1870 0.0000e+00
       1789      0.051     4.3967   0.033128     0.2622     0.1847 0.0000e+00
       1790      0.052     4.3964   0.032767     0.2592     0.1823 0.0000e+00
       1791      0.050     4.3961   0.032412     0.2563     0.1800 0.0000e+00
       1792      0.047     4.3957   0.032082     0.2536     0.1778 0.0000e+00
       1793      0.045     4.3955   0.031779     0.2511     0.1758 0.0000e+00
       1794      0.044     4.3953   0.031484     0.2487     0.1739 0.0000e+00
       1795      0.045     4.3952   0.031188     0.2463     0.1719 0.0000e+00
       1796      0.045     4.3951   0.030892     0.2438     0.1700 0.0000e+00
       1797      0.044     4.3950   0.030598     0.2414     0.1680 0.0000e+00
       1798      0.044     4.3950   0.030315     0.2391     0.1662 0.0000e+00
       1799      0.045     4.3950   0.030036     0.2368     0.1643 0.0000e+00
       1800      0.047     4.3952   0.029762     0.2346     0.1625 0.0000e+00
       1801      0.048     4.3954   0.029501     0.2324     0.1608 0.0000e+00
       1802      0.048     4.3955   0.029253     0.2304     0.1592 0.0000e+00
       1803      0.049     4.3955   0.029017     0.2285     0.1576 0.0000e+00
       1804      0.051     4.3955   0.028794     0.2267     0.1562 0.0000e+00
       1805      0.052     4.3956   0.028585     0.2250     0.1548 0.0000e+00
       1806      0.052     4.3958   0.028381     0.2233     0.1535 0.0000e+00
       1807      0.053     4.3959   0.028164     0.2215     0.1520 0.0000e+00
       1808      0.054     4.3959   0.027924     0.2196     0.1505 0.0000e+00
       1809      0.056     4.3957   0.027705     0.2178     0.1490 0.0000e+00
       1810      0.058     4.3956   0.027556     0.2166     0.1481 0.0000e+00
       1811      0.059     4.3956   0.027463     0.2158     0.1474 0.0000e+00
       1812      0.059     4.3956   0.027351     0.2149     0.1467 0.0000e+00
       1813      0.057     4.3958   0.027161     0.2134     0.1455 0.0000e+00
       1814      0.054     4.3963   0.026917     0.2114     0.1439 0.0000e+00
       1815      0.052     4.3966   0.026687     0.2095     0.1423 0.0000e+00
       1816      0.050     4.3968   0.026523     0.2082     0.1413 0.0000e+00
       1817      0.049     4.3968   0.026413     0.2073     0.1406 0.0000e+00
       1818      0.051     4.3967   0.026295     0.2063     0.1398 0.0000e+00
       1819      0.054     4.3967   0.026120     0.2049     0.1386 0.0000e+00
       1820      0.054     4.3970   0.025921     0.2033     0.1373 0.0000e+00
       1821      0.053     4.3973   0.025757     0.2019     0.1363 0.0000e+00
       1822      0.052     4.3978   0.025630     0.2009     0.1354 0.0000e+00
       1823      0.054     4.3979   0.025500     0.1998     0.1346 0.0000e+00
       1824      0.056     4.3978   0.025346     0.1986     0.1336 0.0000e+00
       1825      0.058     4.3978   0.025186     0.1973     0.1325 0.0000e+00
       1826      0.059     4.3979   0.025049     0.1962     0.1316 0.0000e+00
       1827      0.059     4.3979   0.024923     0.1952     0.1308 0.0000e+00
       1828      0.058     4.3979   0.024777     0.1940     0.1299 0.0000e+00
       1829      0.057     4.3979   0.024631     0.1928     0.1289 0.0000e+00
       1830      0.056     4.3979   0.024513     0.1918     0.1281 0.0000e+00
       1831      0.053     4.3979   0.024405     0.1910     0.1274 0.0000e+00
       1832      0.051     4.3980   0.024269     0.1899     0.1265 0.0000e+00
       1833      0.052     4.3983   0.024108     0.1885     0.1255 0.0000e+00
       1834      0.052     4.3986   0.023957     0.1873     0.1245 0.0000e+00
       1835      0.048     4.3990   0.023850     0.1865     0.1238 0.0000e+00
       1836      0.045     4.3994   0.023776     0.1859     0.1233 0.0000e+00
       1837      0.044     4.3997   0.023676     0.1850     0.1227 0.0000e+00
       1838      0.045     4.4000   0.023528     0.1838     0.1217 0.0000e+00
       1839      0.048     4.4001   0.023388     0.1827     0.1208 0.0000e+00
       1840      0.053     4.4003   0.023293     0.1819     0.1202 0.0000e+00
       1841      0.057     4.4007   0.023232     0.1814     0.1198 0.0000e+00
       1842      0.059     4.4009   0.023171     0.1810     0.1194 0.0000e+00
       1843      0.058     4.4010   0.023080     0.1802     0.1188 0.0000e+00
       1844      0.055     4.4012   0.022967     0.1793     0.1180 0.0000e+00
       1845      0.055     4.4015   0.022873     0.1785     0.1174 0.0000e+00
       1846      0.057     4.4017   0.022805     0.1780     0.1170 0.0000e+00
