Datasets/Test_Dataset_39219_tow/tel219_2021_082.cnv
* Sea-Bird SBE19plus Data File:
* Filename = C:/AQUIRE/tel219_2021_082.hex
* Software Version AquireV2 AF V2.0
* Temperature SN =  4020
* Conductivity SN =  4020
* System UpLoad Time = May 16 2021 18:33:03
** VESSEL/TRIP/SEQ STN: tel219_2021_082
** LATITUDE: 46 05.64 N
** LONGITUDE: 56 36.83 W
** DATE/TIME: 2021-05-16 17:53
** SOUNDING DEPTH (M): 0054
** PROBE TYPE: S4020
** CTD NUMBER: 082
** FORMAT: T
** COMMENTS: 
# nquan = 7                                 
# nvalues = 2309                        
# units = specified
# name 0 = scan: Scan Count
# name 1 = prdM: Pressure, Strain Gauge [db]
# name 2 = tv290C: Temperature [ITS-90, deg C]
# name 3 = c0S/m: Conductivity [S/m]
# name 4 = sal00: Salinity, Practical [PSU]
# name 5 = sigma-t00: Density [sigma-t, kg/m^3 ]
# name 6 = flag: flag
# span 0 =          1,       2309       
# span 1 =      0.074,     52.350       
# span 2 =     3.2943,     7.9693       
# span 3 =   0.006051,   3.136492       
# span 4 =     0.0425,    32.7310       
# span 5 =    -0.1068,    25.8931       
# span 6 = 0.0000e+00, 0.0000e+00       
# interval = seconds: 1
# start_time = May 16 2021 17:53:55 [Instrument's time stamp, header]
# bad_flag = -9.990e-29
*END*
[from data line 1231]
       1232     51.275     3.3301   2.955736    32.0803    25.5263 0.0000e+00
       1233     51.275     3.3301   2.955718    32.0801    25.5262 0.0000e+00
       1234     51.278     3.3301   2.955718    32.0801    25.5262 0.0000e+00
       1235     51.282     3.3305   2.955754    32.0801    25.5262 0.0000e+00
       1236     51.289     3.3309   2.955782    32.0800    25.5261 0.0000e+00
       1237     51.296     3.3308   2.955777    32.0801    25.5261 0.0000e+00
       1238     51.297     3.3305   2.955744    32.0800    25.5261 0.0000e+00
       1239     51.291     3.3304   2.955730    32.0799    25.5260 0.0000e+00
       1240     51.281     3.3308   2.955765    32.0799    25.5260 0.0000e+00
       1241     51.267     3.3310   2.955783    32.0799    25.5260 0.0000e+00
       1242     51.249     3.3307   2.955750    32.0799    25.5260 0.0000e+00
       1243     51.233     3.3302   2.955718    32.0800    25.5261 0.0000e+00
       1244     51.227     3.3304   2.955735    32.0800    25.5261 0.0000e+00
       1245     51.229     3.3311   2.955795    32.0800    25.5260 0.0000e+00
       1246     51.231     3.3318   2.955858    32.0801    25.5260 0.0000e+00
       1247     51.232     3.3321   2.955888    32.0801    25.5260 0.0000e+00
       1248     51.236     3.3320   2.955877    32.0801    25.5260 0.0000e+00
       1249     51.245     3.3317   2.955843    32.0800    25.5260 0.0000e+00
       1250     51.252     3.3312   2.955795    32.0799    25.5259 0.0000e+00
       1251     51.250     3.3307   2.955748    32.0798    25.5259 0.0000e+00
       1252     51.240     3.3306   2.955732    32.0797    25.5259 0.0000e+00
       1253     51.228     3.3313   2.955790    32.0798    25.5258 0.0000e+00
       1254     51.217     3.3327   2.955902    32.0797    25.5257 0.0000e+00
       1255     51.207     3.3339   2.956002    32.0797    25.5256 0.0000e+00
       1256     51.192     3.3346   2.956065    32.0798    25.5256 0.0000e+00
       1257     51.171     3.3350   2.956085    32.0797    25.5254 0.0000e+00
       1258     51.155     3.3350   2.956067    32.0795    25.5252 0.0000e+00
       1259     51.152     3.3350   2.956049    32.0792    25.5251 0.0000e+00
       1260     51.158     3.3352   2.956073    32.0793    25.5251 0.0000e+00
       1261     51.163     3.3356   2.956126    32.0796    25.5253 0.0000e+00
       1262     51.158     3.3361   2.956170    32.0796    25.5253 0.0000e+00
       1263     51.142     3.3361   2.956172    32.0796    25.5253 0.0000e+00
       1264     51.118     3.3356   2.956127    32.0796    25.5253 0.0000e+00
       1265     51.098     3.3348   2.956067    32.0797    25.5254 0.0000e+00
       1266     51.093     3.3342   2.956018    32.0797    25.5255 0.0000e+00
       1267     51.098     3.3339   2.955988    32.0796    25.5255 0.0000e+00
       1268     51.099     3.3339   2.955999    32.0798    25.5256 0.0000e+00
       1269     51.093     3.3344   2.956054    32.0799    25.5257 0.0000e+00
       1270     51.087     3.3351   2.956107    32.0799    25.5256 0.0000e+00
       1271     51.086     3.3354   2.956131    32.0799    25.5255 0.0000e+00
       1272     51.087     3.3354   2.956121    32.0797    25.5254 0.0000e+00
       1273     51.090     3.3351   2.956095    32.0797    25.5255 0.0000e+00
       1274     51.089     3.3351   2.956086    32.0796    25.5254 0.0000e+00
       1275     51.078     3.3354   2.956108    32.0796    25.5253 0.0000e+00
       1276     51.061     3.3357   2.956145    32.0797    25.5254 0.0000e+00
       1277     51.046     3.3355   2.956126    32.0797    25.5254 0.0000e+00
       1278     51.034     3.3348   2.956054    32.0796    25.5253 0.0000e+00
       1279     51.026     3.3343   2.956016    32.0796    25.5254 0.0000e+00
       1280     51.018     3.3347   2.956059    32.0797    25.5255 0.0000e+00
       1281     51.004     3.3358   2.956151    32.0797    25.5254 0.0000e+00
       1282     50.990     3.3368   2.956232    32.0797    25.5253 0.0000e+00
       1283     50.985     3.3372   2.956260    32.0797    25.5252 0.0000e+00
       1284     50.985     3.3369   2.956218    32.0795    25.5251 0.0000e+00
       1285     50.985     3.3363   2.956169    32.0795    25.5251 0.0000e+00
       1286     50.980     3.3364   2.956184    32.0796    25.5252 0.0000e+00
       1287     50.971     3.3373   2.956252    32.0795    25.5251 0.0000e+00
       1288     50.963     3.3384   2.956345    32.0795    25.5250 0.0000e+00
       1289     50.957     3.3395   2.956425    32.0794    25.5248 0.0000e+00
       1290     50.948     3.3400   2.956457    32.0793    25.5247 0.0000e+00
       1291     50.935     3.3399   2.956449    32.0793    25.5247 0.0000e+00
       1292     50.924     3.3396   2.956428    32.0793    25.5247 0.0000e+00
       1293     50.918     3.3395   2.956420    32.0793    25.5248 0.0000e+00
       1294     50.915     3.3394   2.956418    32.0794    25.5248 0.0000e+00
       1295     50.909     3.3392   2.956406    32.0795    25.5249 0.0000e+00
       1296     50.896     3.3391   2.956393    32.0794    25.5249 0.0000e+00
       1297     50.879     3.3391   2.956396    32.0795    25.5249 0.0000e+00
       1298     50.865     3.3392   2.956417    32.0796    25.5250 0.0000e+00
       1299     50.854     3.3394   2.956438    32.0797    25.5250 0.0000e+00
       1300     50.842     3.3398   2.956455    32.0795    25.5249 0.0000e+00
       1301     50.827     3.3402   2.956476    32.0794    25.5247 0.0000e+00
       1302     50.811     3.3405   2.956506    32.0794    25.5248 0.0000e+00
       1303     50.796     3.3407   2.956528    32.0795    25.5248 0.0000e+00
       1304     50.784     3.3407   2.956521    32.0794    25.5247 0.0000e+00
       1305     50.780     3.3405   2.956503    32.0794    25.5247 0.0000e+00
       1306     50.784     3.3405   2.956516    32.0796    25.5249 0.0000e+00
       1307     50.789     3.3408   2.956534    32.0795    25.5248 0.0000e+00
       1308     50.788     3.3407   2.956514    32.0794    25.5247 0.0000e+00
       1309     50.781     3.3404   2.956490    32.0794    25.5247 0.0000e+00
       1310     50.776     3.3403   2.956488    32.0794    25.5248 0.0000e+00
       1311     50.771     3.3406   2.956508    32.0794    25.5247 0.0000e+00
       1312     50.764     3.3409   2.956535    32.0794    25.5247 0.0000e+00
       1313     50.761     3.3410   2.956539    32.0794    25.5246 0.0000e+00
       1314     50.767     3.3408   2.956525    32.0794    25.5247 0.0000e+00
       1315     50.780     3.3408   2.956525    32.0794    25.5247 0.0000e+00
       1316     50.795     3.3410   2.956547    32.0794    25.5247 0.0000e+00
       1317     50.803     3.3411   2.956559    32.0795    25.5247 0.0000e+00
       1318     50.804     3.3409   2.956543    32.0795    25.5248 0.0000e+00
       1319     50.806     3.3407   2.956534    32.0796    25.5248 0.0000e+00
       1320     50.813     3.3407   2.956545    32.0797    25.5249 0.0000e+00
       1321     50.823     3.3409   2.956549    32.0796    25.5248 0.0000e+00
       1322     50.830     3.3411   2.956552    32.0794    25.5247 0.0000e+00
       1323     50.826     3.3413   2.956571    32.0794    25.5247 0.0000e+00
       1324     50.815     3.3417   2.956602    32.0794    25.5246 0.0000e+00
       1325     50.813     3.3421   2.956625    32.0793    25.5245 0.0000e+00
       1326     50.821     3.3424   2.956650    32.0793    25.5245 0.0000e+00
       1327     50.828     3.3427   2.956685    32.0794    25.5245 0.0000e+00
       1328     50.829     3.3426   2.956685    32.0795    25.5246 0.0000e+00
       1329     50.823     3.3422   2.956642    32.0794    25.5246 0.0000e+00
       1330     50.813     3.3417   2.956602    32.0794    25.5246 0.0000e+00
       1331     50.804     3.3413   2.956569    32.0794    25.5247 0.0000e+00
       1332     50.799     3.3408   2.956533    32.0795    25.5248 0.0000e+00
       1333     50.798     3.3406   2.956517    32.0795    25.5248 0.0000e+00
       1334     50.795     3.3407   2.956541    32.0797    25.5249 0.0000e+00
       1335     50.791     3.3412   2.956579    32.0796    25.5248 0.0000e+00
       1336     50.789     3.3419   2.956629    32.0795    25.5247 0.0000e+00
       1337     50.793     3.3429   2.956697    32.0794    25.5245 0.0000e+00
       1338     50.801     3.3434   2.956733    32.0793    25.5244 0.0000e+00
       1339     50.807     3.3434   2.956715    32.0791    25.5242 0.0000e+00
       1340     50.810     3.3431   2.956682    32.0790    25.5242 0.0000e+00
       1341     50.817     3.3426   2.956648    32.0791    25.5243 0.0000e+00
       1342     50.829     3.3419   2.956605    32.0792    25.5245 0.0000e+00
       1343     50.843     3.3413   2.956576    32.0795    25.5247 0.0000e+00
       1344     50.855     3.3413   2.956587    32.0796    25.5248 0.0000e+00
       1345     50.860     3.3419   2.956640    32.0796    25.5248 0.0000e+00
       1346     50.860     3.3429   2.956710    32.0795    25.5246 0.0000e+00
       1347     50.862     3.3434   2.956748    32.0794    25.5245 0.0000e+00
       1348     50.861     3.3434   2.956745    32.0794    25.5245 0.0000e+00
       1349     50.859     3.3433   2.956732    32.0794    25.5244 0.0000e+00
       1350     50.860     3.3432   2.956724    32.0794    25.5244 0.0000e+00
       1351     50.866     3.3432   2.956718    32.0793    25.5244 0.0000e+00
       1352     50.875     3.3431   2.956718    32.0794    25.5245 0.0000e+00
       1353     50.886     3.3430   2.956718    32.0795    25.5246 0.0000e+00
       1354     50.896     3.3434   2.956736    32.0793    25.5244 0.0000e+00
       1355     50.905     3.3440   2.956788    32.0793    25.5243 0.0000e+00
       1356     50.914     3.3447   2.956853    32.0794    25.5243 0.0000e+00
       1357     50.922     3.3453   2.956891    32.0792    25.5242 0.0000e+00
       1358     50.929     3.3455   2.956899    32.0791    25.5241 0.0000e+00
       1359     50.936     3.3453   2.956889    32.0792    25.5241 0.0000e+00
       1360     50.942     3.3451   2.956871    32.0792    25.5241 0.0000e+00
       1361     50.947     3.3449   2.956859    32.0792    25.5242 0.0000e+00
       1362     50.954     3.3449   2.956850    32.0791    25.5241 0.0000e+00
       1363     50.964     3.3448   2.956840    32.0791    25.5241 0.0000e+00
       1364     50.978     3.3445   2.956828    32.0793    25.5242 0.0000e+00
       1365     50.994     3.3442   2.956809    32.0793    25.5243 0.0000e+00
       1366     51.002     3.3441   2.956801    32.0793    25.5243 0.0000e+00
       1367     51.001     3.3445   2.956838    32.0794    25.5243 0.0000e+00
       1368     51.002     3.3452   2.956901    32.0794    25.5243 0.0000e+00
       1369     51.007     3.3456   2.956933    32.0794    25.5243 0.0000e+00
       1370     51.014     3.3457   2.956934    32.0793    25.5242 0.0000e+00
       1371     51.020     3.3460   2.956955    32.0793    25.5241 0.0000e+00
       1372     51.023     3.3466   2.957005    32.0793    25.5241 0.0000e+00
       1373     51.024     3.3471   2.957047    32.0793    25.5240 0.0000e+00
       1374     51.028     3.3472   2.957055    32.0793    25.5240 0.0000e+00
       1375     51.040     3.3470   2.957033    32.0792    25.5240 0.0000e+00
       1376     51.059     3.3467   2.957014    32.0793    25.5241 0.0000e+00
       1377     51.077     3.3465   2.957006    32.0794    25.5241 0.0000e+00
       1378     51.093     3.3466   2.957013    32.0793    25.5241 0.0000e+00
       1379     51.110     3.3469   2.957042    32.0794    25.5241 0.0000e+00
       1380     51.125     3.3476   2.957087    32.0792    25.5239 0.0000e+00
       1381     51.133     3.3482   2.957142    32.0793    25.5239 0.0000e+00
       1382     51.136     3.3485   2.957176    32.0794    25.5240 0.0000e+00
       1383     51.133     3.3484   2.957164    32.0793    25.5240 0.0000e+00
       1384     51.131     3.3482   2.957134    32.0792    25.5239 0.0000e+00
       1385     51.131     3.3478   2.957105    32.0792    25.5239 0.0000e+00
       1386     51.131     3.3474   2.957076    32.0793    25.5240 0.0000e+00
       1387     51.135     3.3472   2.957059    32.0793    25.5240 0.0000e+00
       1388     51.144     3.3471   2.957057    32.0793    25.5241 0.0000e+00
       1389     51.154     3.3471   2.957062    32.0794    25.5241 0.0000e+00
       1390     51.157     3.3472   2.957077    32.0795    25.5242 0.0000e+00
       1391     51.149     3.3476   2.957103    32.0794    25.5241 0.0000e+00
       1392     51.139     3.3480   2.957129    32.0793    25.5240 0.0000e+00
       1393     51.141     3.3483   2.957155    32.0793    25.5240 0.0000e+00
       1394     51.151     3.3487   2.957188    32.0793    25.5239 0.0000e+00
       1395     51.161     3.3490   2.957211    32.0793    25.5239 0.0000e+00
       1396     51.172     3.3491   2.957220    32.0793    25.5239 0.0000e+00
       1397     51.182     3.3490   2.957209    32.0793    25.5238 0.0000e+00
       1398     51.188     3.3486   2.957183    32.0793    25.5239 0.0000e+00
       1399     51.187     3.3483   2.957158    32.0793    25.5240 0.0000e+00
       1400     51.183     3.3483   2.957150    32.0792    25.5239 0.0000e+00
       1401     51.185     3.3484   2.957174    32.0794    25.5240 0.0000e+00
       1402     51.196     3.3487   2.957207    32.0795    25.5241 0.0000e+00
       1403     51.211     3.3487   2.957210    32.0796    25.5241 0.0000e+00
       1404     51.223     3.3485   2.957169    32.0793    25.5239 0.0000e+00
       1405     51.227     3.3483   2.957139    32.0791    25.5238 0.0000e+00
       1406     51.226     3.3484   2.957168    32.0793    25.5240 0.0000e+00
       1407     51.222     3.3489   2.957221    32.0795    25.5240 0.0000e+00
       1408     51.213     3.3496   2.957270    32.0794    25.5239 0.0000e+00
       1409     51.206     3.3499   2.957297    32.0794    25.5239 0.0000e+00
       1410     51.211     3.3497   2.957278    32.0794    25.5239 0.0000e+00
       1411     51.223     3.3493   2.957248    32.0794    25.5239 0.0000e+00
       1412     51.236     3.3490   2.957232    32.0795    25.5240 0.0000e+00
       1413     51.250     3.3487   2.957222    32.0797    25.5242 0.0000e+00
       1414     51.260     3.3485   2.957211    32.0797    25.5243 0.0000e+00
       1415     51.268     3.3483   2.957195    32.0797    25.5243 0.0000e+00
       1416     51.277     3.3477   2.957150    32.0798    25.5244 0.0000e+00
       1417     51.280     3.3470   2.957094    32.0798    25.5245 0.0000e+00
       1418     51.275     3.3465   2.957067    32.0800    25.5246 0.0000e+00
       1419     51.267     3.3464   2.957064    32.0801    25.5247 0.0000e+00
       1420     51.257     3.3464   2.957070    32.0801    25.5248 0.0000e+00
       1421     51.250     3.3465   2.957077    32.0801    25.5248 0.0000e+00
       1422     51.248     3.3464   2.957069    32.0801    25.5248 0.0000e+00
       1423     51.249     3.3464   2.957057    32.0800    25.5247 0.0000e+00
       1424     51.250     3.3464   2.957062    32.0800    25.5247 0.0000e+00
       1425     51.250     3.3467   2.957082    32.0800    25.5246 0.0000e+00
       1426     51.254     3.3472   2.957121    32.0799    25.5246 0.0000e+00
       1427     51.263     3.3479   2.957173    32.0799    25.5244 0.0000e+00
       1428     51.271     3.3483   2.957208    32.0799    25.5244 0.0000e+00
       1429     51.273     3.3486   2.957226    32.0798    25.5243 0.0000e+00
       1430     51.269     3.3487   2.957236    32.0798    25.5243 0.0000e+00
       1431     51.260     3.3485   2.957225    32.0799    25.5244 0.0000e+00
       1432     51.249     3.3483   2.957206    32.0799    25.5244 0.0000e+00
       1433     51.241     3.3482   2.957190    32.0798    25.5243 0.0000e+00
       1434     51.238     3.3478   2.957166    32.0799    25.5245 0.0000e+00
       1435     51.235     3.3474   2.957134    32.0799    25.5245 0.0000e+00
