Datasets/Test_Dataset_39219_tow/tel219_2021_064.cnv
* Sea-Bird SBE19plus Data File:
* Filename = C:/AQUIRE/tel219_2021_064.hex
* Software Version AquireV2 AF V2.0
* Temperature SN =  4020
* Conductivity SN =  4020
* System UpLoad Time = May 14 2021 21:34:41
** VESSEL/TRIP/SEQ STN: tel219_2021_064
** LATITUDE: 45 44.71 N
** LONGITUDE: 54 35.23 W
** DATE/TIME: 2021-05-14 20:59
** SOUNDING DEPTH (M): 0085
** PROBE TYPE: S4020
** CTD NUMBER: 064
** FORMAT: T
** COMMENTS: 
# nquan = 7                                 
# nvalues = 2188                        
# units = specified
# name 0 = scan: Scan Count
# name 1 = prdM: Pressure, Strain Gauge [db]
# name 2 = tv290C: Temperature [ITS-90, deg C]
# name 3 = c0S/m: Conductivity [S/m]
# name 4 = sal00: Salinity, Practical [PSU]
# name 5 = sigma-t00: Density [sigma-t, kg/m^3 ]
# name 6 = flag: flag
# span 0 =          1,       2188       
# span 1 =     -0.094,     81.850       
# span 2 =     0.6351,     5.2020       
# span 3 =   0.004748,   3.041037       
# span 4 =     0.0350,    32.9874       
# span 5 =    -0.0087,    26.3941       
# span 6 = 0.0000e+00, 0.0000e+00       
# interval = seconds: 1
# start_time = May 14 2021 20:59:49 [Instrument's time stamp, header]
# bad_flag = -9.990e-29
*END*
[from data line 1847]
       1848      0.229     3.7184   0.021013     0.1668     0.1092 0.0000e+00
       1849      0.230     3.7182   0.020943     0.1662     0.1087 0.0000e+00
       1850      0.231     3.7180   0.020895     0.1658     0.1084 0.0000e+00
       1851      0.229     3.7179   0.020817     0.1651     0.1079 0.0000e+00
       1852      0.224     3.7176   0.020690     0.1641     0.1070 0.0000e+00
       1853      0.220     3.7172   0.020547     0.1629     0.1061 0.0000e+00
       1854      0.221     3.7169   0.020457     0.1622     0.1055 0.0000e+00
       1855      0.220     3.7165   0.020429     0.1620     0.1053 0.0000e+00
       1856      0.218     3.7161   0.020374     0.1615     0.1049 0.0000e+00
       1857      0.218     3.7157   0.020248     0.1605     0.1041 0.0000e+00
       1858      0.216     3.7154   0.020108     0.1593     0.1032 0.0000e+00
       1859      0.215     3.7152   0.020006     0.1585     0.1025 0.0000e+00
       1860      0.218     3.7148   0.019928     0.1579     0.1020 0.0000e+00
       1861      0.218     3.7145   0.019836     0.1571     0.1014 0.0000e+00
       1862      0.212     3.7142   0.019726     0.1562     0.1006 0.0000e+00
       1863      0.206     3.7139   0.019623     0.1554     0.1000 0.0000e+00
       1864      0.204     3.7135   0.019551     0.1548     0.0995 0.0000e+00
       1865      0.205     3.7132   0.019512     0.1545     0.0992 0.0000e+00
       1866      0.207     3.7129   0.019483     0.1542     0.0990 0.0000e+00
       1867      0.206     3.7125   0.019421     0.1537     0.0986 0.0000e+00
       1868      0.203     3.7120   0.019313     0.1528     0.0979 0.0000e+00
       1869      0.201     3.7115   0.019194     0.1518     0.0971 0.0000e+00
       1870      0.200     3.7111   0.019104     0.1511     0.0965 0.0000e+00
       1871      0.199     3.7107   0.019061     0.1508     0.0962 0.0000e+00
       1872      0.201     3.7104   0.019051     0.1507     0.0962 0.0000e+00
       1873      0.203     3.7100   0.019007     0.1503     0.0959 0.0000e+00
       1874      0.200     3.7096   0.018903     0.1495     0.0952 0.0000e+00
       1875      0.194     3.7092   0.018801     0.1486     0.0945 0.0000e+00
       1876      0.190     3.7089   0.018740     0.1481     0.0941 0.0000e+00
       1877      0.191     3.7085   0.018706     0.1479     0.0939 0.0000e+00
       1878      0.193     3.7081   0.018692     0.1478     0.0938 0.0000e+00
       1879      0.191     3.7077   0.018666     0.1475     0.0936 0.0000e+00
       1880      0.187     3.7073   0.018584     0.1469     0.0931 0.0000e+00
       1881      0.186     3.7069   0.018475     0.1460     0.0924 0.0000e+00
       1882      0.186     3.7064   0.018392     0.1453     0.0918 0.0000e+00
       1883      0.187     3.7060   0.018334     0.1448     0.0914 0.0000e+00
       1884      0.186     3.7056   0.018286     0.1444     0.0911 0.0000e+00
       1885      0.183     3.7052   0.018249     0.1441     0.0909 0.0000e+00
       1886      0.183     3.7047   0.018190     0.1437     0.0905 0.0000e+00
       1887      0.185     3.7042   0.018114     0.1430     0.0900 0.0000e+00
       1888      0.183     3.7037   0.018064     0.1426     0.0896 0.0000e+00
       1889      0.180     3.7033   0.018023     0.1423     0.0894 0.0000e+00
       1890      0.178     3.7030   0.017961     0.1418     0.0890 0.0000e+00
       1891      0.176     3.7026   0.017886     0.1412     0.0885 0.0000e+00
       1892      0.176     3.7022   0.017812     0.1406     0.0880 0.0000e+00
       1893      0.176     3.7017   0.017747     0.1400     0.0875 0.0000e+00
       1894      0.175     3.7013   0.017700     0.1397     0.0872 0.0000e+00
       1895      0.175     3.7009   0.017672     0.1394     0.0871 0.0000e+00
       1896      0.174     3.7005   0.017641     0.1392     0.0868 0.0000e+00
       1897      0.172     3.7001   0.017578     0.1387     0.0864 0.0000e+00
       1898      0.170     3.6997   0.017491     0.1380     0.0859 0.0000e+00
       1899      0.169     3.6995   0.017425     0.1374     0.0854 0.0000e+00
       1900      0.168     3.6991   0.017395     0.1372     0.0852 0.0000e+00
       1901      0.167     3.6987   0.017378     0.1370     0.0851 0.0000e+00
       1902      0.165     3.6983   0.017343     0.1368     0.0849 0.0000e+00
       1903      0.162     3.6978   0.017284     0.1363     0.0845 0.0000e+00
       1904      0.161     3.6974   0.017224     0.1358     0.0841 0.0000e+00
       1905      0.161     3.6970   0.017175     0.1354     0.0838 0.0000e+00
       1906      0.163     3.6967   0.017144     0.1351     0.0836 0.0000e+00
       1907      0.164     3.6963   0.017110     0.1349     0.0833 0.0000e+00
       1908      0.162     3.6959   0.017050     0.1344     0.0829 0.0000e+00
       1909      0.160     3.6955   0.016976     0.1338     0.0825 0.0000e+00
       1910      0.159     3.6951   0.016927     0.1334     0.0821 0.0000e+00
       1911      0.157     3.6947   0.016906     0.1332     0.0820 0.0000e+00
       1912      0.155     3.6943   0.016887     0.1330     0.0819 0.0000e+00
       1913      0.154     3.6938   0.016843     0.1327     0.0816 0.0000e+00
       1914      0.153     3.6934   0.016774     0.1321     0.0811 0.0000e+00
       1915      0.152     3.6930   0.016711     0.1316     0.0807 0.0000e+00
       1916      0.153     3.6928   0.016673     0.1313     0.0805 0.0000e+00
       1917      0.152     3.6924   0.016656     0.1312     0.0803 0.0000e+00
       1918      0.145     3.6919   0.016638     0.1310     0.0802 0.0000e+00
       1919      0.139     3.6914   0.016599     0.1307     0.0800 0.0000e+00
       1920      0.140     3.6909   0.016528     0.1301     0.0795 0.0000e+00
       1921      0.142     3.6904   0.016448     0.1295     0.0790 0.0000e+00
       1922      0.143     3.6900   0.016411     0.1292     0.0787 0.0000e+00
       1923      0.143     3.6896   0.016409     0.1292     0.0787 0.0000e+00
       1924      0.141     3.6892   0.016385     0.1290     0.0786 0.0000e+00
       1925      0.138     3.6888   0.016325     0.1285     0.0782 0.0000e+00
       1926      0.135     3.6883   0.016261     0.1280     0.0777 0.0000e+00
       1927      0.133     3.6879   0.016209     0.1275     0.0774 0.0000e+00
       1928      0.131     3.6875   0.016164     0.1272     0.0771 0.0000e+00
       1929      0.130     3.6871   0.016129     0.1269     0.0769 0.0000e+00
       1930      0.130     3.6868   0.016110     0.1267     0.0767 0.0000e+00
       1931      0.129     3.6865   0.016090     0.1266     0.0766 0.0000e+00
       1932      0.126     3.6861   0.016057     0.1263     0.0764 0.0000e+00
       1933      0.122     3.6856   0.016017     0.1260     0.0761 0.0000e+00
       1934      0.120     3.6852   0.015967     0.1256     0.0758 0.0000e+00
       1935      0.119     3.6848   0.015909     0.1251     0.0754 0.0000e+00
       1936      0.118     3.6844   0.015862     0.1247     0.0751 0.0000e+00
       1937      0.116     3.6840   0.015837     0.1245     0.0749 0.0000e+00
       1938      0.117     3.6837   0.015827     0.1244     0.0749 0.0000e+00
       1939      0.118     3.6833   0.015813     0.1243     0.0748 0.0000e+00
       1940      0.117     3.6829   0.015778     0.1240     0.0746 0.0000e+00
       1941      0.116     3.6826   0.015735     0.1237     0.0743 0.0000e+00
       1942      0.117     3.6822   0.015706     0.1235     0.0741 0.0000e+00
       1943      0.116     3.6818   0.015665     0.1231     0.0738 0.0000e+00
       1944      0.114     3.6813   0.015611     0.1227     0.0734 0.0000e+00
       1945      0.113     3.6809   0.015586     0.1225     0.0733 0.0000e+00
       1946      0.111     3.6805   0.015584     0.1225     0.0733 0.0000e+00
       1947      0.108     3.6801   0.015560     0.1223     0.0731 0.0000e+00
       1948      0.108     3.6795   0.015506     0.1218     0.0728 0.0000e+00
       1949      0.111     3.6789   0.015448     0.1214     0.0724 0.0000e+00
       1950      0.113     3.6784   0.015418     0.1211     0.0722 0.0000e+00
       1951      0.111     3.6780   0.015430     0.1212     0.0723 0.0000e+00
       1952      0.108     3.6778   0.015450     0.1214     0.0724 0.0000e+00
       1953      0.107     3.6774   0.015418     0.1211     0.0722 0.0000e+00
       1954      0.108     3.6769   0.015334     0.1205     0.0716 0.0000e+00
       1955      0.105     3.6765   0.015258     0.1198     0.0711 0.0000e+00
       1956      0.101     3.6760   0.015237     0.1197     0.0710 0.0000e+00
       1957      0.100     3.6755   0.015250     0.1198     0.0711 0.0000e+00
       1958      0.099     3.6751   0.015249     0.1198     0.0711 0.0000e+00
       1959      0.096     3.6747   0.015216     0.1195     0.0708 0.0000e+00
       1960      0.092     3.6744   0.015174     0.1192     0.0706 0.0000e+00
       1961      0.090     3.6740   0.015143     0.1189     0.0704 0.0000e+00
       1962      0.090     3.6736   0.015111     0.1186     0.0701 0.0000e+00
       1963      0.089     3.6732   0.015076     0.1184     0.0699 0.0000e+00
       1964      0.091     3.6728   0.015053     0.1182     0.0698 0.0000e+00
       1965      0.092     3.6726   0.015043     0.1181     0.0697 0.0000e+00
       1966      0.092     3.6722   0.015025     0.1180     0.0696 0.0000e+00
       1967      0.091     3.6718   0.014987     0.1176     0.0693 0.0000e+00
       1968      0.089     3.6713   0.014935     0.1172     0.0690 0.0000e+00
       1969      0.087     3.6709   0.014895     0.1169     0.0687 0.0000e+00
       1970      0.086     3.6707   0.014887     0.1168     0.0687 0.0000e+00
       1971      0.084     3.6703   0.014896     0.1169     0.0687 0.0000e+00
       1972      0.082     3.6698   0.014890     0.1169     0.0687 0.0000e+00
       1973      0.081     3.6692   0.014852     0.1166     0.0684 0.0000e+00
       1974      0.081     3.6689   0.014802     0.1162     0.0681 0.0000e+00
       1975      0.080     3.6687   0.014763     0.1158     0.0679 0.0000e+00
       1976      0.078     3.6685   0.014732     0.1156     0.0677 0.0000e+00
       1977      0.078     3.6683   0.014702     0.1153     0.0675 0.0000e+00
       1978      0.078     3.6681   0.014681     0.1152     0.0673 0.0000e+00
       1979      0.076     3.6677   0.014656     0.1150     0.0672 0.0000e+00
       1980      0.073     3.6673   0.014622     0.1147     0.0669 0.0000e+00
       1981      0.074     3.6669   0.014587     0.1144     0.0667 0.0000e+00
       1982      0.078     3.6664   0.014578     0.1143     0.0666 0.0000e+00
       1983      0.080     3.6660   0.014594     0.1145     0.0667 0.0000e+00
       1984      0.079     3.6656   0.014605     0.1146     0.0668 0.0000e+00
       1985      0.075     3.6653   0.014581     0.1144     0.0667 0.0000e+00
       1986      0.071     3.6651   0.014516     0.1138     0.0662 0.0000e+00
       1987      0.069     3.6651   0.014446     0.1133     0.0658 0.0000e+00
       1988      0.067     3.6650   0.014415     0.1130     0.0656 0.0000e+00
       1989      0.067     3.6648   0.014417     0.1130     0.0656 0.0000e+00
       1990      0.071     3.6645   0.014411     0.1130     0.0655 0.0000e+00
       1991      0.073     3.6641   0.014382     0.1128     0.0653 0.0000e+00
       1992      0.071     3.6637   0.014345     0.1125     0.0651 0.0000e+00
       1993      0.065     3.6631   0.014305     0.1121     0.0648 0.0000e+00
       1994      0.060     3.6627   0.014267     0.1118     0.0646 0.0000e+00
       1995      0.057     3.6622   0.014246     0.1117     0.0644 0.0000e+00
       1996      0.056     3.6616   0.014246     0.1117     0.0644 0.0000e+00
       1997      0.057     3.6612   0.014259     0.1118     0.0645 0.0000e+00
       1998      0.058     3.6608   0.014263     0.1118     0.0646 0.0000e+00
       1999      0.058     3.6605   0.014241     0.1116     0.0644 0.0000e+00
       2000      0.059     3.6601   0.014187     0.1112     0.0641 0.0000e+00
       2001      0.059     3.6597   0.014135     0.1108     0.0637 0.0000e+00
       2002      0.056     3.6594   0.014125     0.1107     0.0636 0.0000e+00
       2003      0.051     3.6591   0.014131     0.1107     0.0637 0.0000e+00
       2004      0.046     3.6589   0.014119     0.1106     0.0636 0.0000e+00
       2005      0.043     3.6585   0.014087     0.1104     0.0634 0.0000e+00
       2006      0.043     3.6581   0.014054     0.1101     0.0632 0.0000e+00
       2007      0.046     3.6577   0.014024     0.1099     0.0630 0.0000e+00
       2008      0.047     3.6572   0.014035     0.1100     0.0631 0.0000e+00
       2009      0.048     3.6568   0.014322     0.1123     0.0649 0.0000e+00
       2010      0.049     3.6564   0.015369     0.1208     0.0718 0.0000e+00
       2011      0.049     3.6559   0.016993     0.1341     0.0825 0.0000e+00
       2012      0.047     3.6552   0.018589     0.1471     0.0931 0.0000e+00
       2013      0.044     3.6546   0.020383     0.1619     0.1050 0.0000e+00
       2014      0.041     3.6538   0.022336     0.1780     0.1180 0.0000e+00
       2015      0.038     3.6529   0.023992     0.1917     0.1290 0.0000e+00
       2016      0.038     3.6521   0.025754     0.2063     0.1409 0.0000e+00
       2017      0.041     3.6513   0.028274     0.2273     0.1578 0.0000e+00
       2018      0.043     3.6506   0.031237     0.2521     0.1778 0.0000e+00
       2019      0.042     3.6498   0.033121     0.2679     0.1905 0.0000e+00
       2020      0.039     3.6492   0.032844     0.2656     0.1887 0.0000e+00
       2021      0.038     3.6485   0.031272     0.2524     0.1780 0.0000e+00
       2022      0.040     3.6479   0.029762     0.2398     0.1678 0.0000e+00
       2023      0.041     3.6475   0.029067     0.2340     0.1631 0.0000e+00
       2024      0.040     3.6471   0.029251     0.2355     0.1644 0.0000e+00
       2025      0.040     3.6468   0.029397     0.2367     0.1654 0.0000e+00
       2026      0.041     3.6467   0.028700     0.2309     0.1607 0.0000e+00
       2027      0.039     3.6465   0.027447     0.2205     0.1522 0.0000e+00
       2028      0.035     3.6464   0.026364     0.2114     0.1449 0.0000e+00
       2029      0.032     3.6464   0.025876     0.2074     0.1417 0.0000e+00
       2030      0.030     3.6464   0.025889     0.2075     0.1418 0.0000e+00
       2031      0.032     3.6463   0.025852     0.2072     0.1415 0.0000e+00
       2032      0.035     3.6460   0.025419     0.2036     0.1386 0.0000e+00
       2033      0.036     3.6458   0.024829     0.1987     0.1346 0.0000e+00
       2034      0.033     3.6456   0.024464     0.1957     0.1322 0.0000e+00
       2035      0.031     3.6454   0.024342     0.1946     0.1314 0.0000e+00
       2036      0.030     3.6452   0.024217     0.1936     0.1305 0.0000e+00
       2037      0.027     3.6450   0.023970     0.1916     0.1289 0.0000e+00
       2038      0.024     3.6448   0.023692     0.1893     0.1270 0.0000e+00
       2039      0.024     3.6446   0.023506     0.1877     0.1258 0.0000e+00
       2040      0.024     3.6445   0.023399     0.1868     0.1251 0.0000e+00
       2041      0.020     3.6445   0.023256     0.1857     0.1241 0.0000e+00
       2042      0.016     3.6445   0.023001     0.1835     0.1224 0.0000e+00
       2043      0.016     3.6443   0.022680     0.1809     0.1203 0.0000e+00
       2044      0.019     3.6441   0.022450     0.1790     0.1187 0.0000e+00
       2045      0.022     3.6441   0.022383     0.1784     0.1183 0.0000e+00
       2046      0.022     3.6439   0.022400     0.1786     0.1184 0.0000e+00
       2047      0.018     3.6436   0.022425     0.1788     0.1186 0.0000e+00
       2048      0.015     3.6433   0.022439     0.1789     0.1187 0.0000e+00
       2049      0.014     3.6430   0.022374     0.1784     0.1182 0.0000e+00
       2050      0.016     3.6428   0.022158     0.1766     0.1168 0.0000e+00
       2051      0.018     3.6426   0.021871     0.1742     0.1149 0.0000e+00
