Datasets/Test_Dataset_39219_tow/tel219_2021_076.cnv
* Sea-Bird SBE19plus Data File:
* Filename = C:/AQUIRE/tel219_2021_076.hex
* Software Version AquireV2 AF V2.0
* Temperature SN =  4020
* Conductivity SN =  4020
* System UpLoad Time = May 16 2021 01:01:54
** VESSEL/TRIP/SEQ STN: tel219_2021_076
** LATITUDE: 45 21.85 N
** LONGITUDE: 56 05.53 W
** DATE/TIME: 2021-05-16 00:18
** SOUNDING DEPTH (M): 0065
** PROBE TYPE: S4020
** CTD NUMBER: 076
** FORMAT: t
** COMMENTS: 
# nquan = 7                                 
# nvalues = 2646                        
# units = specified
# name 0 = scan: Scan Count
# name 1 = prdM: Pressure, Strain Gauge [db]
# name 2 = tv290C: Temperature [ITS-90, deg C]
# name 3 = c0S/m: Conductivity [S/m]
# name 4 = sal00: Salinity, Practical [PSU]
# name 5 = sigma-t00: Density [sigma-t, kg/m^3 ]
# name 6 = flag: flag
# span 0 =          1,       2646       
# span 1 =     -0.022,     61.705       
# span 2 =     2.3324,     4.6357       
# span 3 =   0.014294,   3.044441       
# span 4 =     0.1091,    32.2704       
# span 5 =     0.0594,    25.7572       
# span 6 = 0.0000e+00, 0.0000e+00       
# interval = seconds: 1
# start_time = May 16 2021 00:18:54 [Instrument's time stamp, header]
# bad_flag = -9.990e-29
*END*
[from data line 1026]
       1027     58.180     2.3352   2.889004    32.2621    25.7537 0.0000e+00
       1028     58.421     2.3358   2.889050    32.2619    25.7535 0.0000e+00
       1029     58.654     2.3361   2.889068    32.2617    25.7533 0.0000e+00
       1030     58.881     2.3364   2.889099    32.2617    25.7532 0.0000e+00
       1031     59.096     2.3367   2.889150    32.2619    25.7534 0.0000e+00
       1032     59.290     2.3369   2.889186    32.2620    25.7535 0.0000e+00
       1033     59.469     2.3367   2.889171    32.2620    25.7534 0.0000e+00
       1034     59.642     2.3363   2.889132    32.2618    25.7533 0.0000e+00
       1035     59.811     2.3361   2.889113    32.2617    25.7532 0.0000e+00
       1036     59.981     2.3359   2.889119    32.2618    25.7534 0.0000e+00
       1037     60.147     2.3358   2.889128    32.2620    25.7535 0.0000e+00
       1038     60.298     2.3358   2.889129    32.2619    25.7535 0.0000e+00
       1039     60.432     2.3358   2.889118    32.2617    25.7533 0.0000e+00
       1040     60.555     2.3358   2.889109    32.2615    25.7531 0.0000e+00
       1041     60.665     2.3358   2.889121    32.2616    25.7532 0.0000e+00
       1042     60.746     2.3359   2.889143    32.2617    25.7533 0.0000e+00
       1043     60.789     2.3365   2.889185    32.2616    25.7532 0.0000e+00
       1044     60.808     2.3375   2.889264    32.2616    25.7531 0.0000e+00
       1045     60.827     2.3384   2.889331    32.2615    25.7529 0.0000e+00
       1046     60.860     2.3391   2.889364    32.2611    25.7526 0.0000e+00
       1047     60.908     2.3395   2.889391    32.2611    25.7525 0.0000e+00
       1048     60.959     2.3395   2.889398    32.2611    25.7525 0.0000e+00
       1049     61.007     2.3392   2.889375    32.2611    25.7526 0.0000e+00
       1050     61.050     2.3388   2.889343    32.2611    25.7526 0.0000e+00
       1051     61.084     2.3386   2.889328    32.2611    25.7526 0.0000e+00
       1052     61.108     2.3387   2.889342    32.2611    25.7526 0.0000e+00
       1053     61.127     2.3386   2.889333    32.2611    25.7526 0.0000e+00
       1054     61.151     2.3380   2.889259    32.2608    25.7524 0.0000e+00
       1055     61.186     2.3373   2.889179    32.2605    25.7522 0.0000e+00
       1056     61.228     2.3367   2.889142    32.2606    25.7524 0.0000e+00
       1057     61.271     2.3364   2.889133    32.2608    25.7525 0.0000e+00
       1058     61.305     2.3362   2.889134    32.2610    25.7527 0.0000e+00
       1059     61.322     2.3361   2.889136    32.2611    25.7528 0.0000e+00
       1060     61.331     2.3364   2.889149    32.2610    25.7527 0.0000e+00
       1061     61.340     2.3369   2.889187    32.2609    25.7526 0.0000e+00
       1062     61.350     2.3377   2.889237    32.2607    25.7524 0.0000e+00
       1063     61.359     2.3385   2.889305    32.2608    25.7523 0.0000e+00
       1064     61.367     2.3392   2.889349    32.2606    25.7521 0.0000e+00
       1065     61.379     2.3391   2.889293    32.2600    25.7517 0.0000e+00
       1066     61.394     2.3385   2.889221    32.2597    25.7515 0.0000e+00
       1067     61.406     2.3382   2.889233    32.2602    25.7519 0.0000e+00
       1068     61.416     2.3384   2.889283    32.2606    25.7522 0.0000e+00
       1069     61.428     2.3388   2.889320    32.2606    25.7522 0.0000e+00
       1070     61.442     2.3392   2.889350    32.2606    25.7521 0.0000e+00
       1071     61.455     2.3396   2.889380    32.2605    25.7521 0.0000e+00
       1072     61.464     2.3399   2.889405    32.2605    25.7520 0.0000e+00
       1073     61.465     2.3400   2.889415    32.2605    25.7520 0.0000e+00
       1074     61.455     2.3400   2.889402    32.2604    25.7519 0.0000e+00
       1075     61.447     2.3400   2.889391    32.2603    25.7518 0.0000e+00
       1076     61.449     2.3402   2.889420    32.2604    25.7519 0.0000e+00
       1077     61.452     2.3405   2.889462    32.2606    25.7521 0.0000e+00
       1078     61.443     2.3405   2.889454    32.2605    25.7520 0.0000e+00
       1079     61.421     2.3403   2.889422    32.2603    25.7519 0.0000e+00
       1080     61.400     2.3402   2.889408    32.2603    25.7518 0.0000e+00
       1081     61.395     2.3403   2.889420    32.2603    25.7519 0.0000e+00
       1082     61.401     2.3407   2.889454    32.2603    25.7518 0.0000e+00
       1083     61.407     2.3414   2.889506    32.2603    25.7517 0.0000e+00
       1084     61.412     2.3422   2.889576    32.2603    25.7517 0.0000e+00
       1085     61.425     2.3430   2.889634    32.2602    25.7516 0.0000e+00
       1086     61.451     2.3430   2.889636    32.2602    25.7516 0.0000e+00
       1087     61.478     2.3426   2.889595    32.2601    25.7515 0.0000e+00
       1088     61.496     2.3422   2.889560    32.2601    25.7515 0.0000e+00
       1089     61.504     2.3421   2.889553    32.2601    25.7515 0.0000e+00
       1090     61.505     2.3422   2.889553    32.2600    25.7514 0.0000e+00
       1091     61.507     2.3424   2.889574    32.2600    25.7515 0.0000e+00
       1092     61.514     2.3431   2.889636    32.2601    25.7515 0.0000e+00
       1093     61.525     2.3440   2.889707    32.2601    25.7514 0.0000e+00
       1094     61.535     2.3446   2.889751    32.2600    25.7512 0.0000e+00
       1095     61.545     2.3449   2.889767    32.2599    25.7511 0.0000e+00
       1096     61.557     2.3449   2.889773    32.2599    25.7512 0.0000e+00
       1097     61.571     2.3447   2.889763    32.2600    25.7513 0.0000e+00
       1098     61.589     2.3440   2.889703    32.2600    25.7513 0.0000e+00
       1099     61.609     2.3427   2.889598    32.2600    25.7514 0.0000e+00
       1100     61.625     2.3418   2.889522    32.2599    25.7514 0.0000e+00
       1101     61.630     2.3417   2.889517    32.2600    25.7515 0.0000e+00
       1102     61.623     2.3422   2.889567    32.2601    25.7515 0.0000e+00
       1103     61.616     2.3429   2.889616    32.2600    25.7514 0.0000e+00
       1104     61.618     2.3432   2.889628    32.2598    25.7512 0.0000e+00
       1105     61.629     2.3436   2.889651    32.2597    25.7511 0.0000e+00
       1106     61.644     2.3441   2.889710    32.2599    25.7512 0.0000e+00
       1107     61.655     2.3440   2.889711    32.2600    25.7513 0.0000e+00
       1108     61.664     2.3430   2.889600    32.2597    25.7511 0.0000e+00
       1109     61.672     2.3418   2.889494    32.2596    25.7511 0.0000e+00
       1110     61.677     2.3414   2.889476    32.2598    25.7513 0.0000e+00
       1111     61.679     2.3413   2.889475    32.2598    25.7514 0.0000e+00
       1112     61.680     2.3411   2.889450    32.2597    25.7513 0.0000e+00
       1113     61.681     2.3412   2.889452    32.2597    25.7513 0.0000e+00
       1114     61.680     2.3416   2.889500    32.2599    25.7514 0.0000e+00
       1115     61.675     2.3418   2.889517    32.2599    25.7514 0.0000e+00
       1116     61.670     2.3414   2.889485    32.2599    25.7514 0.0000e+00
       1117     61.671     2.3409   2.889448    32.2599    25.7515 0.0000e+00
       1118     61.682     2.3407   2.889420    32.2598    25.7514 0.0000e+00
       1119     61.696     2.3408   2.889433    32.2598    25.7514 0.0000e+00
       1120     61.704     2.3415   2.889490    32.2598    25.7514 0.0000e+00
       1121     61.705     2.3422   2.889559    32.2600    25.7514 0.0000e+00
       1122     61.700     2.3431   2.889631    32.2599    25.7513 0.0000e+00
       1123     61.693     2.3441   2.889710    32.2599    25.7512 0.0000e+00
       1124     61.683     2.3450   2.889779    32.2598    25.7511 0.0000e+00
       1125     61.669     2.3457   2.889824    32.2597    25.7509 0.0000e+00
       1126     61.651     2.3455   2.889801    32.2596    25.7509 0.0000e+00
       1127     61.638     2.3446   2.889712    32.2594    25.7508 0.0000e+00
       1128     61.637     2.3440   2.889655    32.2594    25.7508 0.0000e+00
       1129     61.646     2.3440   2.889668    32.2595    25.7509 0.0000e+00
       1130     61.661     2.3447   2.889735    32.2596    25.7509 0.0000e+00
       1131     61.670     2.3460   2.889840    32.2596    25.7508 0.0000e+00
       1132     61.666     2.3469   2.889921    32.2597    25.7508 0.0000e+00
       1133     61.653     2.3473   2.889948    32.2596    25.7507 0.0000e+00
       1134     61.638     2.3472   2.889946    32.2597    25.7508 0.0000e+00
       1135     61.627     2.3467   2.889906    32.2597    25.7509 0.0000e+00
       1136     61.618     2.3457   2.889819    32.2597    25.7509 0.0000e+00
       1137     61.607     2.3446   2.889734    32.2597    25.7511 0.0000e+00
       1138     61.593     2.3440   2.889679    32.2597    25.7510 0.0000e+00
       1139     61.581     2.3439   2.889668    32.2596    25.7510 0.0000e+00
       1140     61.576     2.3442   2.889706    32.2598    25.7511 0.0000e+00
       1141     61.575     2.3449   2.889760    32.2598    25.7511 0.0000e+00
       1142     61.570     2.3454   2.889797    32.2597    25.7510 0.0000e+00
       1143     61.558     2.3457   2.889812    32.2596    25.7509 0.0000e+00
       1144     61.540     2.3457   2.889817    32.2597    25.7509 0.0000e+00
       1145     61.522     2.3459   2.889821    32.2595    25.7508 0.0000e+00
       1146     61.511     2.3459   2.889821    32.2595    25.7508 0.0000e+00
       1147     61.503     2.3457   2.889814    32.2597    25.7509 0.0000e+00
       1148     61.495     2.3455   2.889801    32.2597    25.7510 0.0000e+00
       1149     61.484     2.3452   2.889776    32.2597    25.7510 0.0000e+00
       1150     61.474     2.3450   2.889750    32.2596    25.7509 0.0000e+00
       1151     61.471     2.3448   2.889737    32.2596    25.7510 0.0000e+00
       1152     61.482     2.3446   2.889712    32.2595    25.7509 0.0000e+00
       1153     61.500     2.3446   2.889697    32.2593    25.7507 0.0000e+00
       1154     61.513     2.3449   2.889730    32.2594    25.7508 0.0000e+00
       1155     61.513     2.3456   2.889788    32.2594    25.7507 0.0000e+00
       1156     61.505     2.3466   2.889873    32.2595    25.7507 0.0000e+00
       1157     61.492     2.3478   2.889980    32.2596    25.7507 0.0000e+00
       1158     61.477     2.3485   2.890045    32.2597    25.7507 0.0000e+00
       1159     61.470     2.3483   2.890031    32.2597    25.7508 0.0000e+00
       1160     61.476     2.3471   2.889918    32.2595    25.7507 0.0000e+00
       1161     61.488     2.3455   2.889762    32.2592    25.7506 0.0000e+00
       1162     61.499     2.3445   2.889693    32.2594    25.7508 0.0000e+00
       1163     61.511     2.3445   2.889707    32.2596    25.7509 0.0000e+00
       1164     61.521     2.3446   2.889720    32.2596    25.7510 0.0000e+00
       1165     61.517     2.3448   2.889731    32.2595    25.7509 0.0000e+00
       1166     61.489     2.3450   2.889747    32.2596    25.7509 0.0000e+00
       1167     61.448     2.3453   2.889772    32.2596    25.7509 0.0000e+00
       1168     61.414     2.3457   2.889817    32.2597    25.7510 0.0000e+00
       1169     61.402     2.3466   2.889892    32.2598    25.7509 0.0000e+00
       1170     61.413     2.3476   2.889971    32.2597    25.7508 0.0000e+00
       1171     61.430     2.3482   2.890008    32.2596    25.7506 0.0000e+00
       1172     61.437     2.3481   2.890001    32.2596    25.7507 0.0000e+00
       1173     61.438     2.3474   2.889938    32.2595    25.7507 0.0000e+00
       1174     61.441     2.3462   2.889830    32.2594    25.7506 0.0000e+00
       1175     61.450     2.3456   2.889767    32.2592    25.7506 0.0000e+00
       1176     61.457     2.3456   2.889782    32.2594    25.7507 0.0000e+00
       1177     61.454     2.3459   2.889820    32.2596    25.7508 0.0000e+00
       1178     61.436     2.3461   2.889839    32.2596    25.7508 0.0000e+00
       1179     61.411     2.3460   2.889821    32.2595    25.7508 0.0000e+00
       1180     61.401     2.3459   2.889812    32.2595    25.7508 0.0000e+00
       1181     61.413     2.3463   2.889854    32.2596    25.7508 0.0000e+00
       1182     61.437     2.3469   2.889904    32.2596    25.7508 0.0000e+00
       1183     61.460     2.3476   2.889955    32.2595    25.7506 0.0000e+00
       1184     61.470     2.3483   2.890007    32.2594    25.7505 0.0000e+00
       1185     61.465     2.3487   2.890045    32.2595    25.7505 0.0000e+00
       1186     61.453     2.3488   2.890057    32.2595    25.7506 0.0000e+00
       1187     61.444     2.3486   2.890041    32.2596    25.7506 0.0000e+00
       1188     61.439     2.3481   2.890006    32.2596    25.7507 0.0000e+00
       1189     61.430     2.3474   2.889951    32.2597    25.7508 0.0000e+00
       1190     61.413     2.3464   2.889862    32.2596    25.7508 0.0000e+00
       1191     61.396     2.3452   2.889752    32.2595    25.7508 0.0000e+00
       1192     61.390     2.3440   2.889651    32.2594    25.7509 0.0000e+00
       1193     61.401     2.3432   2.889594    32.2595    25.7510 0.0000e+00
       1194     61.422     2.3429   2.889577    32.2596    25.7511 0.0000e+00
       1195     61.439     2.3429   2.889555    32.2593    25.7509 0.0000e+00
       1196     61.444     2.3434   2.889594    32.2593    25.7508 0.0000e+00
       1197     61.435     2.3445   2.889704    32.2596    25.7509 0.0000e+00
       1198     61.424     2.3452   2.889763    32.2596    25.7509 0.0000e+00
       1199     61.422     2.3453   2.889753    32.2594    25.7507 0.0000e+00
       1200     61.423     2.3452   2.889738    32.2593    25.7506 0.0000e+00
       1201     61.416     2.3452   2.889749    32.2594    25.7507 0.0000e+00
       1202     61.406     2.3456   2.889783    32.2594    25.7507 0.0000e+00
       1203     61.404     2.3461   2.889833    32.2595    25.7508 0.0000e+00
       1204     61.410     2.3468   2.889894    32.2596    25.7508 0.0000e+00
       1205     61.421     2.3477   2.889965    32.2595    25.7507 0.0000e+00
       1206     61.433     2.3486   2.890036    32.2595    25.7506 0.0000e+00
       1207     61.440     2.3492   2.890080    32.2594    25.7505 0.0000e+00
       1208     61.436     2.3495   2.890095    32.2593    25.7503 0.0000e+00
       1209     61.422     2.3495   2.890089    32.2592    25.7503 0.0000e+00
       1210     61.404     2.3495   2.890078    32.2591    25.7502 0.0000e+00
       1211     61.393     2.3494   2.890075    32.2592    25.7502 0.0000e+00
       1212     61.390     2.3494   2.890079    32.2592    25.7503 0.0000e+00
       1213     61.386     2.3494   2.890085    32.2593    25.7503 0.0000e+00
       1214     61.377     2.3492   2.890078    32.2594    25.7505 0.0000e+00
       1215     61.369     2.3493   2.890073    32.2593    25.7503 0.0000e+00
       1216     61.367     2.3497   2.890107    32.2593    25.7503 0.0000e+00
       1217     61.377     2.3502   2.890156    32.2594    25.7503 0.0000e+00
       1218     61.396     2.3505   2.890181    32.2594    25.7503 0.0000e+00
       1219     61.415     2.3506   2.890181    32.2593    25.7502 0.0000e+00
       1220     61.427     2.3505   2.890172    32.2593    25.7502 0.0000e+00
       1221     61.428     2.3503   2.890159    32.2593    25.7503 0.0000e+00
       1222     61.421     2.3502   2.890148    32.2593    25.7502 0.0000e+00
       1223     61.412     2.3498   2.890122    32.2594    25.7503 0.0000e+00
       1224     61.398     2.3491   2.890060    32.2593    25.7504 0.0000e+00
       1225     61.384     2.3483   2.889996    32.2593    25.7504 0.0000e+00
       1226     61.373     2.3481   2.889980    32.2593    25.7505 0.0000e+00
       1227     61.361     2.3486   2.890027    32.2594    25.7505 0.0000e+00
       1228     61.351     2.3495   2.890099    32.2594    25.7504 0.0000e+00
       1229     61.351     2.3502   2.890148    32.2593    25.7503 0.0000e+00
       1230     61.354     2.3504   2.890166    32.2593    25.7503 0.0000e+00
