Datasets/Test_Dataset_39219_tow/tel219_2021_022.cnv
* Sea-Bird SBE19plus Data File:
* Filename = C:/AQUIRE/tel219_2021_022.hex
* Software Version AquireV2 AF V2.0
* Temperature SN =  4020
* Conductivity SN =  4020
* System UpLoad Time = May 08 2021 04:51:38
** VESSEL/TRIP/SEQ STN: tel219_2021_022
** LATITUDE: 46 42.48 N
** LONGITUDE: 57 02.35 W
** DATE/TIME: 2021-05-08 04:16
** SOUNDING DEPTH (M): 0082
** PROBE TYPE: S4020
** CTD NUMBER:  22
** FORMAT: T
** COMMENTS: 
# nquan = 7                                 
# nvalues = 2177                        
# units = specified
# name 0 = scan: Scan Count
# name 1 = prdM: Pressure, Strain Gauge [db]
# name 2 = tv290C: Temperature [ITS-90, deg C]
# name 3 = c0S/m: Conductivity [S/m]
# name 4 = sal00: Salinity, Practical [PSU]
# name 5 = sigma-t00: Density [sigma-t, kg/m^3 ]
# name 6 = flag: flag
# span 0 =          1,       2177       
# span 1 =     -0.099,     75.700       
# span 2 =     1.7182,     3.8745       
# span 3 =   0.003548,   2.945862       
# span 4 =     0.0265,    32.3083       
# span 5 =    -0.0037,    25.8337       
# span 6 = 0.0000e+00, 0.0000e+00       
# interval = seconds: 1
# start_time = May 08 2021 04:16:35 [Instrument's time stamp, header]
# bad_flag = -9.990e-29
*END*
[from data line 1231]
       1232     73.434     1.7235   2.841749    32.2897    25.8201 0.0000e+00
       1233     73.443     1.7230   2.841754    32.2902    25.8206 0.0000e+00
       1234     73.440     1.7224   2.841750    32.2908    25.8211 0.0000e+00
       1235     73.430     1.7220   2.841734    32.2910    25.8213 0.0000e+00
       1236     73.427     1.7216   2.841704    32.2911    25.8214 0.0000e+00
       1237     73.437     1.7213   2.841663    32.2908    25.8212 0.0000e+00
       1238     73.455     1.7209   2.841619    32.2907    25.8211 0.0000e+00
       1239     73.470     1.7203   2.841596    32.2910    25.8214 0.0000e+00
       1240     73.475     1.7200   2.841580    32.2911    25.8215 0.0000e+00
       1241     73.476     1.7199   2.841570    32.2911    25.8215 0.0000e+00
       1242     73.479     1.7201   2.841581    32.2910    25.8215 0.0000e+00
       1243     73.485     1.7205   2.841607    32.2909    25.8214 0.0000e+00
       1244     73.491     1.7205   2.841633    32.2913    25.8216 0.0000e+00
       1245     73.491     1.7201   2.841642    32.2918    25.8221 0.0000e+00
       1246     73.487     1.7198   2.841623    32.2919    25.8221 0.0000e+00
       1247     73.483     1.7197   2.841622    32.2919    25.8222 0.0000e+00
       1248     73.483     1.7199   2.841671    32.2924    25.8225 0.0000e+00
       1249     73.490     1.7203   2.841728    32.2927    25.8228 0.0000e+00
       1250     73.498     1.7208   2.841761    32.2926    25.8226 0.0000e+00
       1251     73.503     1.7208   2.841766    32.2926    25.8227 0.0000e+00
       1252     73.505     1.7203   2.841739    32.2928    25.8229 0.0000e+00
       1253     73.506     1.7198   2.841703    32.2928    25.8229 0.0000e+00
       1254     73.508     1.7195   2.841688    32.2930    25.8231 0.0000e+00
       1255     73.515     1.7195   2.841693    32.2930    25.8231 0.0000e+00
       1256     73.518     1.7193   2.841704    32.2934    25.8234 0.0000e+00
       1257     73.511     1.7193   2.841726    32.2936    25.8236 0.0000e+00
       1258     73.501     1.7195   2.841765    32.2939    25.8238 0.0000e+00
       1259     73.498     1.7200   2.841817    32.2941    25.8239 0.0000e+00
       1260     73.505     1.7206   2.841858    32.2940    25.8238 0.0000e+00
       1261     73.514     1.7211   2.841878    32.2937    25.8235 0.0000e+00
       1262     73.516     1.7212   2.841880    32.2936    25.8235 0.0000e+00
       1263     73.511     1.7209   2.841867    32.2938    25.8236 0.0000e+00
       1264     73.507     1.7202   2.841841    32.2942    25.8240 0.0000e+00
       1265     73.509     1.7195   2.841816    32.2946    25.8243 0.0000e+00
       1266     73.512     1.7192   2.841798    32.2947    25.8244 0.0000e+00
       1267     73.515     1.7191   2.841790    32.2947    25.8244 0.0000e+00
       1268     73.515     1.7191   2.841788    32.2946    25.8244 0.0000e+00
       1269     73.515     1.7191   2.841788    32.2946    25.8244 0.0000e+00
       1270     73.520     1.7191   2.841791    32.2947    25.8244 0.0000e+00
       1271     73.530     1.7189   2.841791    32.2949    25.8246 0.0000e+00
       1272     73.541     1.7186   2.841790    32.2951    25.8249 0.0000e+00
       1273     73.546     1.7185   2.841787    32.2952    25.8249 0.0000e+00
       1274     73.539     1.7184   2.841790    32.2954    25.8250 0.0000e+00
       1275     73.526     1.7184   2.841801    32.2955    25.8252 0.0000e+00
       1276     73.520     1.7184   2.841811    32.2956    25.8253 0.0000e+00
       1277     73.525     1.7184   2.841820    32.2957    25.8254 0.0000e+00
       1278     73.529     1.7184   2.841826    32.2958    25.8254 0.0000e+00
       1279     73.529     1.7184   2.841820    32.2957    25.8253 0.0000e+00
       1280     73.529     1.7184   2.841790    32.2954    25.8250 0.0000e+00
       1281     73.538     1.7184   2.841762    32.2950    25.8248 0.0000e+00
       1282     73.553     1.7183   2.841764    32.2951    25.8249 0.0000e+00
       1283     73.565     1.7182   2.841776    32.2954    25.8251 0.0000e+00
       1284     73.569     1.7182   2.841777    32.2954    25.8251 0.0000e+00
       1285     73.564     1.7184   2.841785    32.2953    25.8250 0.0000e+00
       1286     73.554     1.7184   2.841800    32.2955    25.8251 0.0000e+00
       1287     73.549     1.7186   2.841810    32.2954    25.8251 0.0000e+00
       1288     73.556     1.7187   2.841813    32.2953    25.8250 0.0000e+00
       1289     73.569     1.7189   2.841824    32.2953    25.8249 0.0000e+00
       1290     73.575     1.7190   2.841833    32.2953    25.8249 0.0000e+00
       1291     73.573     1.7190   2.841837    32.2953    25.8250 0.0000e+00
       1292     73.566     1.7190   2.841838    32.2953    25.8250 0.0000e+00
       1293     73.564     1.7191   2.841847    32.2953    25.8250 0.0000e+00
       1294     73.573     1.7192   2.841862    32.2954    25.8250 0.0000e+00
       1295     73.587     1.7193   2.841873    32.2954    25.8251 0.0000e+00
       1296     73.597     1.7194   2.841876    32.2954    25.8250 0.0000e+00
       1297     73.595     1.7195   2.841873    32.2952    25.8249 0.0000e+00
       1298     73.587     1.7193   2.841864    32.2953    25.8250 0.0000e+00
       1299     73.583     1.7192   2.841858    32.2954    25.8250 0.0000e+00
       1300     73.590     1.7192   2.841868    32.2955    25.8251 0.0000e+00
       1301     73.604     1.7194   2.841890    32.2955    25.8251 0.0000e+00
       1302     73.613     1.7194   2.841897    32.2956    25.8252 0.0000e+00
       1303     73.616     1.7192   2.841884    32.2957    25.8252 0.0000e+00
       1304     73.620     1.7191   2.841873    32.2956    25.8252 0.0000e+00
       1305     73.632     1.7190   2.841869    32.2957    25.8253 0.0000e+00
       1306     73.647     1.7190   2.841870    32.2957    25.8253 0.0000e+00
       1307     73.657     1.7192   2.841880    32.2956    25.8252 0.0000e+00
       1308     73.661     1.7192   2.841888    32.2957    25.8253 0.0000e+00
       1309     73.664     1.7190   2.841879    32.2958    25.8253 0.0000e+00
       1310     73.669     1.7187   2.841866    32.2959    25.8255 0.0000e+00
       1311     73.675     1.7186   2.841864    32.2960    25.8255 0.0000e+00
       1312     73.682     1.7187   2.841876    32.2960    25.8256 0.0000e+00
       1313     73.692     1.7190   2.841894    32.2960    25.8255 0.0000e+00
       1314     73.705     1.7191   2.841895    32.2959    25.8254 0.0000e+00
       1315     73.715     1.7190   2.841884    32.2958    25.8254 0.0000e+00
       1316     73.720     1.7191   2.841886    32.2957    25.8253 0.0000e+00
       1317     73.717     1.7191   2.841896    32.2959    25.8254 0.0000e+00
       1318     73.712     1.7190   2.841895    32.2960    25.8255 0.0000e+00
       1319     73.716     1.7189   2.841890    32.2960    25.8255 0.0000e+00
       1320     73.727     1.7188   2.841894    32.2961    25.8256 0.0000e+00
       1321     73.740     1.7186   2.841896    32.2964    25.8258 0.0000e+00
       1322     73.747     1.7186   2.841890    32.2963    25.8258 0.0000e+00
       1323     73.746     1.7186   2.841884    32.2962    25.8257 0.0000e+00
       1324     73.740     1.7189   2.841902    32.2961    25.8256 0.0000e+00
       1325     73.735     1.7193   2.841939    32.2962    25.8257 0.0000e+00
       1326     73.738     1.7195   2.841965    32.2963    25.8257 0.0000e+00
       1327     73.747     1.7195   2.841975    32.2964    25.8258 0.0000e+00
       1328     73.760     1.7197   2.841980    32.2963    25.8257 0.0000e+00
       1329     73.773     1.7199   2.841994    32.2962    25.8257 0.0000e+00
       1330     73.776     1.7201   2.842025    32.2964    25.8258 0.0000e+00
       1331     73.766     1.7201   2.842037    32.2966    25.8259 0.0000e+00
       1332     73.757     1.7201   2.842030    32.2965    25.8258 0.0000e+00
       1333     73.762     1.7203   2.842031    32.2963    25.8257 0.0000e+00
       1334     73.774     1.7202   2.842026    32.2963    25.8257 0.0000e+00
       1335     73.784     1.7201   2.842018    32.2963    25.8257 0.0000e+00
       1336     73.789     1.7201   2.842020    32.2964    25.8257 0.0000e+00
       1337     73.789     1.7199   2.842021    32.2966    25.8259 0.0000e+00
       1338     73.790     1.7197   2.842014    32.2967    25.8260 0.0000e+00
       1339     73.796     1.7197   2.842004    32.2966    25.8259 0.0000e+00
       1340     73.795     1.7197   2.841996    32.2965    25.8258 0.0000e+00
       1341     73.774     1.7197   2.841982    32.2963    25.8257 0.0000e+00
       1342     73.740     1.7197   2.841974    32.2962    25.8256 0.0000e+00
       1343     73.716     1.7199   2.841985    32.2962    25.8256 0.0000e+00
       1344     73.717     1.7205   2.842030    32.2961    25.8255 0.0000e+00
       1345     73.744     1.7211   2.842094    32.2963    25.8256 0.0000e+00
       1346     73.783     1.7212   2.842108    32.2963    25.8256 0.0000e+00
       1347     73.811     1.7212   2.842103    32.2963    25.8256 0.0000e+00
       1348     73.818     1.7217   2.842135    32.2961    25.8254 0.0000e+00
       1349     73.813     1.7222   2.842168    32.2960    25.8253 0.0000e+00
       1350     73.813     1.7224   2.842178    32.2960    25.8253 0.0000e+00
       1351     73.825     1.7226   2.842181    32.2958    25.8251 0.0000e+00
       1352     73.842     1.7226   2.842174    32.2957    25.8250 0.0000e+00
       1353     73.855     1.7224   2.842162    32.2957    25.8251 0.0000e+00
       1354     73.859     1.7224   2.842155    32.2957    25.8250 0.0000e+00
       1355     73.858     1.7220   2.842142    32.2959    25.8252 0.0000e+00
       1356     73.860     1.7215   2.842113    32.2961    25.8254 0.0000e+00
       1357     73.876     1.7212   2.842088    32.2960    25.8254 0.0000e+00
       1358     73.907     1.7212   2.842077    32.2959    25.8253 0.0000e+00
       1359     73.935     1.7212   2.842061    32.2957    25.8251 0.0000e+00
       1360     73.946     1.7211   2.842036    32.2954    25.8249 0.0000e+00
       1361     73.941     1.7211   2.842034    32.2954    25.8249 0.0000e+00
       1362     73.934     1.7212   2.842075    32.2958    25.8252 0.0000e+00
       1363     73.938     1.7216   2.842111    32.2959    25.8252 0.0000e+00
       1364     73.953     1.7216   2.842113    32.2959    25.8253 0.0000e+00
       1365     73.976     1.7215   2.842107    32.2959    25.8253 0.0000e+00
       1366     74.001     1.7212   2.842095    32.2961    25.8254 0.0000e+00
       1367     74.021     1.7209   2.842066    32.2960    25.8254 0.0000e+00
       1368     74.033     1.7206   2.842032    32.2959    25.8253 0.0000e+00
       1369     74.039     1.7206   2.842021    32.2957    25.8252 0.0000e+00
       1370     74.043     1.7209   2.842056    32.2959    25.8253 0.0000e+00
       1371     74.049     1.7212   2.842082    32.2959    25.8253 0.0000e+00
       1372     74.054     1.7212   2.842066    32.2957    25.8251 0.0000e+00
       1373     74.058     1.7213   2.842061    32.2955    25.8250 0.0000e+00
       1374     74.064     1.7218   2.842097    32.2954    25.8249 0.0000e+00
       1375     74.071     1.7223   2.842129    32.2953    25.8247 0.0000e+00
       1376     74.073     1.7224   2.842123    32.2951    25.8246 0.0000e+00
       1377     74.075     1.7232   2.842189    32.2951    25.8245 0.0000e+00
       1378     74.085     1.7254   2.842393    32.2954    25.8246 0.0000e+00
       1379     74.106     1.7281   2.842616    32.2955    25.8245 0.0000e+00
       1380     74.129     1.7296   2.842743    32.2955    25.8244 0.0000e+00
       1381     74.139     1.7291   2.842706    32.2955    25.8245 0.0000e+00
       1382     74.133     1.7272   2.842532    32.2953    25.8244 0.0000e+00
       1383     74.125     1.7252   2.842375    32.2954    25.8246 0.0000e+00
       1384     74.126     1.7241   2.842311    32.2957    25.8249 0.0000e+00
       1385     74.134     1.7239   2.842317    32.2960    25.8252 0.0000e+00
       1386     74.139     1.7248   2.842394    32.2960    25.8252 0.0000e+00
       1387     74.143     1.7258   2.842488    32.2962    25.8252 0.0000e+00
       1388     74.153     1.7266   2.842545    32.2961    25.8251 0.0000e+00
       1389     74.168     1.7266   2.842562    32.2963    25.8252 0.0000e+00
       1390     74.186     1.7262   2.842528    32.2963    25.8252 0.0000e+00
       1391     74.201     1.7258   2.842494    32.2962    25.8252 0.0000e+00
       1392     74.207     1.7254   2.842483    32.2965    25.8255 0.0000e+00
       1393     74.203     1.7250   2.842461    32.2966    25.8256 0.0000e+00
       1394     74.190     1.7246   2.842446    32.2969    25.8258 0.0000e+00
       1395     74.176     1.7245   2.842450    32.2970    25.8260 0.0000e+00
       1396     74.180     1.7243   2.842436    32.2971    25.8260 0.0000e+00
       1397     74.203     1.7239   2.842398    32.2970    25.8260 0.0000e+00
       1398     74.227     1.7239   2.842379    32.2967    25.8258 0.0000e+00
       1399     74.229     1.7240   2.842392    32.2968    25.8258 0.0000e+00
       1400     74.208     1.7241   2.842399    32.2968    25.8258 0.0000e+00
       1401     74.185     1.7239   2.842374    32.2967    25.8257 0.0000e+00
       1402     74.183     1.7235   2.842338    32.2966    25.8257 0.0000e+00
       1403     74.202     1.7232   2.842302    32.2965    25.8256 0.0000e+00
       1404     74.218     1.7233   2.842283    32.2961    25.8253 0.0000e+00
       1405     74.215     1.7245   2.842351    32.2958    25.8250 0.0000e+00
       1406     74.205     1.7270   2.842547    32.2957    25.8247 0.0000e+00
       1407     74.201     1.7295   2.842764    32.2958    25.8247 0.0000e+00
       1408     74.208     1.7312   2.842894    32.2957    25.8244 0.0000e+00
       1409     74.223     1.7317   2.842951    32.2959    25.8246 0.0000e+00
       1410     74.244     1.7321   2.843005    32.2962    25.8247 0.0000e+00
       1411     74.269     1.7325   2.843091    32.2968    25.8252 0.0000e+00
       1412     74.292     1.7325   2.843132    32.2973    25.8256 0.0000e+00
       1413     74.308     1.7321   2.843122    32.2976    25.8259 0.0000e+00
       1414     74.320     1.7317   2.843123    32.2980    25.8263 0.0000e+00
       1415     74.337     1.7310   2.843096    32.2984    25.8266 0.0000e+00
       1416     74.360     1.7301   2.843043    32.2986    25.8269 0.0000e+00
       1417     74.379     1.7295   2.843005    32.2987    25.8270 0.0000e+00
       1418     74.394     1.7292   2.842990    32.2989    25.8271 0.0000e+00
       1419     74.405     1.7290   2.842984    32.2990    25.8272 0.0000e+00
       1420     74.412     1.7286   2.842958    32.2991    25.8273 0.0000e+00
       1421     74.421     1.7279   2.842906    32.2991    25.8274 0.0000e+00
       1422     74.436     1.7275   2.842854    32.2989    25.8272 0.0000e+00
       1423     74.458     1.7272   2.842829    32.2989    25.8272 0.0000e+00
       1424     74.478     1.7271   2.842819    32.2988    25.8272 0.0000e+00
       1425     74.483     1.7271   2.842810    32.2987    25.8271 0.0000e+00
       1426     74.471     1.7275   2.842830    32.2986    25.8270 0.0000e+00
       1427     74.449     1.7291   2.842967    32.2986    25.8269 0.0000e+00
       1428     74.429     1.7322   2.843322    32.2999    25.8278 0.0000e+00
       1429     74.423     1.7354   2.843699    32.3014    25.8287 0.0000e+00
       1430     74.431     1.7366   2.843813    32.3016    25.8288 0.0000e+00
       1431     74.444     1.7359   2.843735    32.3013    25.8286 0.0000e+00
       1432     74.461     1.7352   2.843672    32.3012    25.8286 0.0000e+00
       1433     74.478     1.7350   2.843667    32.3014    25.8287 0.0000e+00
       1434     74.493     1.7349   2.843670    32.3015    25.8288 0.0000e+00
       1435     74.509     1.7345   2.843629    32.3014    25.8288 0.0000e+00
