Datasets/Test_Dataset_39219_tow/tel219_2021_054.cnv
* Sea-Bird SBE19plus Data File:
* Filename = C:/AQUIRE/tel219_2021_054.hex
* Software Version AquireV2 AF V2.0
* Temperature SN =  4020
* Conductivity SN =  4020
* System UpLoad Time = May 13 2021 19:59:13
** VESSEL/TRIP/SEQ STN: tel219_2021_054
** LATITUDE: 45 03.65 N
** LONGITUDE: 55 13.54 W
** DATE/TIME: 2021-05-13 18:20
** SOUNDING DEPTH (M): 0461
** PROBE TYPE: S4020
** CTD NUMBER:  54
** FORMAT: t
** COMMENTS: 
# nquan = 7                                 
# nvalues = 5697                        
# units = specified
# name 0 = scan: Scan Count
# name 1 = prdM: Pressure, Strain Gauge [db]
# name 2 = tv290C: Temperature [ITS-90, deg C]
# name 3 = c0S/m: Conductivity [S/m]
# name 4 = sal00: Salinity, Practical [PSU]
# name 5 = sigma-t00: Density [sigma-t, kg/m^3 ]
# name 6 = flag: flag
# span 0 =          1,       5697       
# span 1 =     -0.731,    489.377       
# span 2 =     1.5989,     9.3956       
# span 3 =   0.007985,   3.765972       
# span 4 =     0.0573,    35.1204       
# span 5 =    -0.0365,    27.5025       
# span 6 = 0.0000e+00, 0.0000e+00       
# interval = seconds: 1
# start_time = May 13 2021 18:20:54 [Instrument's time stamp, header]
# bad_flag = -9.990e-29
*END*
[from data line 411]
        412     -0.070     6.7180   0.008813     0.0632    -0.0328 0.0000e+00
        413     -0.071     6.7180   0.008809     0.0632    -0.0329 0.0000e+00
        414     -0.070     6.7179   0.008878     0.0637    -0.0325 0.0000e+00
        415     -0.068     6.7175   0.008943     0.0642    -0.0321 0.0000e+00
        416     -0.070     6.7164   0.008949     0.0642    -0.0320 0.0000e+00
        417     -0.071     6.7150   0.008904     0.0639    -0.0322 0.0000e+00
        418     -0.071     6.7136   0.008847     0.0635    -0.0325 0.0000e+00
        419     -0.072     6.7123   0.008834     0.0634    -0.0325 0.0000e+00
        420     -0.072     6.7111   0.008857     0.0636    -0.0323 0.0000e+00
        421     -0.070     6.7097   0.008867     0.0636    -0.0322 0.0000e+00
        422     -0.066     6.7086   0.008863     0.0636    -0.0321 0.0000e+00
        423     -0.063     6.7075   0.008856     0.0636    -0.0321 0.0000e+00
        424     -0.063     6.7065   0.008850     0.0635    -0.0321 0.0000e+00
        425     -0.064     6.7054   0.008847     0.0635    -0.0321 0.0000e+00
        426     -0.066     6.7044   0.008844     0.0635    -0.0321 0.0000e+00
        427     -0.069     6.7035   0.008844     0.0635    -0.0320 0.0000e+00
        428     -0.073     6.7027   0.008850     0.0635    -0.0320 0.0000e+00
        429     -0.074     6.7019   0.008858     0.0636    -0.0319 0.0000e+00
        430     -0.071     6.7011   0.008866     0.0636    -0.0318 0.0000e+00
        431     -0.070     6.7004   0.008883     0.0638    -0.0317 0.0000e+00
        432     -0.073     6.6997   0.008887     0.0638    -0.0316 0.0000e+00
        433     -0.076     6.6990   0.008844     0.0635    -0.0318 0.0000e+00
        434     -0.080     6.6982   0.008798     0.0631    -0.0321 0.0000e+00
        435     -0.086     6.6976   0.008816     0.0633    -0.0319 0.0000e+00
        436     -0.090     6.6971   0.008860     0.0636    -0.0317 0.0000e+00
        437     -0.088     6.6966   0.008853     0.0635    -0.0317 0.0000e+00
        438     -0.084     6.6961   0.008806     0.0632    -0.0319 0.0000e+00
        439     -0.082     6.6957   0.008754     0.0628    -0.0322 0.0000e+00
        440     -0.082     6.6952   0.008711     0.0625    -0.0324 0.0000e+00
        441     -0.080     6.6948   0.008708     0.0625    -0.0324 0.0000e+00
        442     -0.079     6.6943   0.008764     0.0629    -0.0321 0.0000e+00
        443     -0.079     6.6939   0.008844     0.0635    -0.0316 0.0000e+00
        444     -0.080     6.6936   0.008869     0.0637    -0.0315 0.0000e+00
        445     -0.079     6.6932   0.008811     0.0632    -0.0318 0.0000e+00
        446     -0.077     6.6929   0.008741     0.0627    -0.0322 0.0000e+00
        447     -0.076     6.6927   0.008751     0.0628    -0.0321 0.0000e+00
        448     -0.075     6.6925   0.008817     0.0633    -0.0317 0.0000e+00
        449     -0.076     6.6922   0.008850     0.0635    -0.0315 0.0000e+00
        450     -0.076     6.6921   0.008816     0.0633    -0.0317 0.0000e+00
        451     -0.077     6.6919   0.008742     0.0628    -0.0321 0.0000e+00
        452     -0.079     6.6917   0.008704     0.0625    -0.0323 0.0000e+00
        453     -0.079     6.6915   0.008753     0.0628    -0.0320 0.0000e+00
        454     -0.077     6.6913   0.008832     0.0634    -0.0316 0.0000e+00
        455     -0.076     6.6913   0.008844     0.0635    -0.0315 0.0000e+00
        456     -0.074     6.6913   0.008783     0.0630    -0.0319 0.0000e+00
        457     -0.071     6.6911   0.008725     0.0626    -0.0322 0.0000e+00
        458     -0.070     6.6910   0.008743     0.0628    -0.0321 0.0000e+00
        459     -0.071     6.6910   0.008820     0.0633    -0.0316 0.0000e+00
        460     -0.073     6.6910   0.008857     0.0636    -0.0314 0.0000e+00
        461     -0.075     6.6910   0.008809     0.0632    -0.0317 0.0000e+00
        462     -0.077     6.6910   0.008737     0.0627    -0.0321 0.0000e+00
        463     -0.078     6.6910   0.008728     0.0627    -0.0322 0.0000e+00
        464     -0.079     6.6910   0.008787     0.0631    -0.0318 0.0000e+00
        465     -0.079     6.6910   0.008845     0.0635    -0.0315 0.0000e+00
        466     -0.078     6.6910   0.008834     0.0634    -0.0316 0.0000e+00
        467     -0.077     6.6912   0.008774     0.0630    -0.0319 0.0000e+00
        468     -0.075     6.6913   0.008742     0.0628    -0.0321 0.0000e+00
        469     -0.074     6.6913   0.008765     0.0629    -0.0320 0.0000e+00
        470     -0.074     6.6914   0.008820     0.0633    -0.0317 0.0000e+00
        471     -0.075     6.6916   0.008870     0.0637    -0.0314 0.0000e+00
        472     -0.076     6.6917   0.008873     0.0637    -0.0314 0.0000e+00
        473     -0.079     6.6919   0.008832     0.0634    -0.0316 0.0000e+00
        474     -0.082     6.6921   0.008821     0.0633    -0.0317 0.0000e+00
        475     -0.082     6.6921   0.008868     0.0637    -0.0314 0.0000e+00
        476     -0.078     6.6923   0.008936     0.0642    -0.0310 0.0000e+00
        477     -0.076     6.6926   0.008978     0.0645    -0.0308 0.0000e+00
        478     -0.078     6.6928   0.008963     0.0644    -0.0309 0.0000e+00
        479     -0.081     6.6929   0.008918     0.0640    -0.0312 0.0000e+00
        480     -0.081     6.6931   0.008909     0.0640    -0.0312 0.0000e+00
        481     -0.077     6.6934   0.008960     0.0643    -0.0309 0.0000e+00
        482     -0.076     6.6936   0.009023     0.0648    -0.0306 0.0000e+00
        483     -0.079     6.6938   0.009043     0.0649    -0.0305 0.0000e+00
        484     -0.079     6.6942   0.009012     0.0647    -0.0307 0.0000e+00
        485     -0.076     6.6944   0.008964     0.0644    -0.0310 0.0000e+00
        486     -0.074     6.6946   0.008951     0.0643    -0.0310 0.0000e+00
        487     -0.076     6.6949   0.009019     0.0648    -0.0307 0.0000e+00
        488     -0.077     6.6951   0.009140     0.0656    -0.0300 0.0000e+00
        489     -0.077     6.6954   0.009184     0.0659    -0.0297 0.0000e+00
        490     -0.077     6.6958   0.009135     0.0656    -0.0300 0.0000e+00
        491     -0.078     6.6960   0.009079     0.0652    -0.0304 0.0000e+00
        492     -0.080     6.6964   0.009057     0.0650    -0.0305 0.0000e+00
        493     -0.084     6.6966   0.009057     0.0650    -0.0305 0.0000e+00
        494     -0.086     6.6969   0.009077     0.0652    -0.0304 0.0000e+00
        495     -0.084     6.6973   0.009111     0.0654    -0.0302 0.0000e+00
        496     -0.081     6.6975   0.009123     0.0655    -0.0302 0.0000e+00
        497     -0.081     6.6979   0.009092     0.0653    -0.0304 0.0000e+00
        498     -0.081     6.6983   0.009049     0.0650    -0.0306 0.0000e+00
        499     -0.080     6.6987   0.009067     0.0651    -0.0305 0.0000e+00
        500     -0.081     6.6990   0.009158     0.0658    -0.0300 0.0000e+00
        501     -0.081     6.6994   0.009238     0.0663    -0.0296 0.0000e+00
        502     -0.080     6.6997   0.009226     0.0662    -0.0297 0.0000e+00
        503     -0.079     6.7001   0.009143     0.0656    -0.0302 0.0000e+00
        504     -0.077     6.7005   0.009088     0.0652    -0.0305 0.0000e+00
        505     -0.076     6.7008   0.009145     0.0657    -0.0302 0.0000e+00
        506     -0.076     6.7012   0.009257     0.0665    -0.0295 0.0000e+00
        507     -0.077     6.7016   0.009293     0.0667    -0.0294 0.0000e+00
        508     -0.078     6.7020   0.009219     0.0662    -0.0298 0.0000e+00
        509     -0.078     6.7024   0.009148     0.0657    -0.0302 0.0000e+00
        510     -0.078     6.7028   0.009179     0.0659    -0.0301 0.0000e+00
        511     -0.076     6.7032   0.009262     0.0665    -0.0296 0.0000e+00
        512     -0.075     6.7036   0.009289     0.0667    -0.0295 0.0000e+00
        513     -0.075     6.7042   0.009228     0.0663    -0.0298 0.0000e+00
        514     -0.075     6.7047   0.009130     0.0655    -0.0304 0.0000e+00
        515     -0.079     6.7051   0.009078     0.0652    -0.0308 0.0000e+00
        516     -0.084     6.7056   0.009123     0.0655    -0.0305 0.0000e+00
        517     -0.085     6.7060   0.009208     0.0661    -0.0300 0.0000e+00
        518     -0.080     6.7064   0.009227     0.0662    -0.0299 0.0000e+00
        519     -0.076     6.7068   0.009157     0.0657    -0.0304 0.0000e+00
        520     -0.076     6.7072   0.009085     0.0652    -0.0308 0.0000e+00
        521     -0.076     6.7077   0.009097     0.0653    -0.0308 0.0000e+00
        522     -0.075     6.7081   0.009172     0.0658    -0.0303 0.0000e+00
        523     -0.076     6.7086   0.009209     0.0661    -0.0301 0.0000e+00
        524     -0.079     6.7090   0.009179     0.0659    -0.0303 0.0000e+00
        525     -0.080     6.7094   0.009130     0.0655    -0.0306 0.0000e+00
        526     -0.081     6.7099   0.009108     0.0654    -0.0308 0.0000e+00
        527     -0.082     6.7104   0.009113     0.0654    -0.0308 0.0000e+00
        528     -0.082     6.7109   0.009140     0.0656    -0.0306 0.0000e+00
        529     -0.079     6.7113   0.009177     0.0659    -0.0304 0.0000e+00
        530     -0.076     6.7117   0.009186     0.0659    -0.0304 0.0000e+00
        531     -0.075     6.7121   0.009166     0.0658    -0.0305 0.0000e+00
        532     -0.077     6.7127   0.009177     0.0659    -0.0305 0.0000e+00
        533     -0.080     6.7132   0.009218     0.0662    -0.0303 0.0000e+00
        534     -0.080     6.7136   0.009226     0.0662    -0.0303 0.0000e+00
        535     -0.079     6.7140   0.009200     0.0660    -0.0304 0.0000e+00
        536     -0.077     6.7145   0.009183     0.0659    -0.0306 0.0000e+00
        537     -0.074     6.7150   0.009188     0.0659    -0.0305 0.0000e+00
        538     -0.071     6.7155   0.009222     0.0662    -0.0304 0.0000e+00
        539     -0.071     6.7159   0.009286     0.0667    -0.0300 0.0000e+00
        540     -0.071     6.7164   0.009338     0.0670    -0.0297 0.0000e+00
        541     -0.072     6.7169   0.009328     0.0670    -0.0298 0.0000e+00
        542     -0.073     6.7173   0.009296     0.0667    -0.0300 0.0000e+00
        543     -0.075     6.7178   0.009312     0.0668    -0.0300 0.0000e+00
        544     -0.077     6.7182   0.009391     0.0674    -0.0295 0.0000e+00
        545     -0.081     6.7187   0.009485     0.0681    -0.0290 0.0000e+00
        546     -0.086     6.7191   0.009497     0.0682    -0.0289 0.0000e+00
        547     -0.087     6.7195   0.009431     0.0677    -0.0293 0.0000e+00
        548     -0.086     6.7199   0.009393     0.0674    -0.0296 0.0000e+00
        549     -0.084     6.7205   0.009468     0.0680    -0.0292 0.0000e+00
        550     -0.082     6.7210   0.009598     0.0689    -0.0284 0.0000e+00
        551     -0.081     6.7213   0.009653     0.0693    -0.0281 0.0000e+00
        552     -0.081     6.7217   0.009614     0.0690    -0.0284 0.0000e+00
        553     -0.081     6.7221   0.009551     0.0686    -0.0288 0.0000e+00
        554     -0.080     6.7225   0.009510     0.0683    -0.0290 0.0000e+00
        555     -0.079     6.7228   0.009525     0.0684    -0.0289 0.0000e+00
        556     -0.077     6.7232   0.009612     0.0690    -0.0284 0.0000e+00
        557     -0.076     6.7235   0.009681     0.0695    -0.0281 0.0000e+00
        558     -0.079     6.7239   0.009643     0.0692    -0.0283 0.0000e+00
        559     -0.081     6.7241   0.009557     0.0686    -0.0288 0.0000e+00
        560     -0.078     6.7245   0.009543     0.0685    -0.0289 0.0000e+00
        561     -0.073     6.7248   0.009636     0.0692    -0.0284 0.0000e+00
        562     -0.072     6.7251   0.009739     0.0699    -0.0278 0.0000e+00
        563     -0.072     6.7254   0.009731     0.0699    -0.0279 0.0000e+00
        564     -0.072     6.7256   0.009681     0.0695    -0.0282 0.0000e+00
        565     -0.076     6.7259   0.009688     0.0696    -0.0281 0.0000e+00
        566     -0.080     6.7263   0.009726     0.0698    -0.0279 0.0000e+00
        567     -0.080     6.7265   0.009790     0.0703    -0.0276 0.0000e+00
        568     -0.082     6.7269   0.009878     0.0709    -0.0271 0.0000e+00
        569     -0.083     6.7272   0.009942     0.0714    -0.0267 0.0000e+00
        570     -0.078     6.7274   0.009936     0.0714    -0.0268 0.0000e+00
        571     -0.074     6.7277   0.009872     0.0709    -0.0271 0.0000e+00
        572     -0.074     6.7279   0.009825     0.0706    -0.0274 0.0000e+00
        573     -0.075     6.7281   0.009809     0.0704    -0.0275 0.0000e+00
        574     -0.081     6.7285   0.009766     0.0701    -0.0278 0.0000e+00
        575     -0.086     6.7287   0.009725     0.0698    -0.0280 0.0000e+00
        576     -0.087     6.7289   0.009758     0.0701    -0.0278 0.0000e+00
        577     -0.085     6.7291   0.009809     0.0704    -0.0276 0.0000e+00
        578     -0.084     6.7293   0.009811     0.0704    -0.0276 0.0000e+00
        579     -0.082     6.7294   0.009817     0.0705    -0.0275 0.0000e+00
        580     -0.079     6.7297   0.009843     0.0707    -0.0274 0.0000e+00
        581     -0.077     6.7300   0.009861     0.0708    -0.0273 0.0000e+00
        582     -0.080     6.7302   0.009895     0.0711    -0.0271 0.0000e+00
        583     -0.084     6.7303   0.009891     0.0710    -0.0271 0.0000e+00
        584     -0.085     6.7305   0.009813     0.0705    -0.0276 0.0000e+00
        585     -0.085     6.7306   0.009755     0.0700    -0.0279 0.0000e+00
        586     -0.085     6.7308   0.009769     0.0701    -0.0279 0.0000e+00
        587     -0.085     6.7310   0.009817     0.0705    -0.0276 0.0000e+00
        588     -0.085     6.7310   0.009832     0.0706    -0.0275 0.0000e+00
        589     -0.085     6.7311   0.009793     0.0703    -0.0277 0.0000e+00
        590     -0.084     6.7313   0.009729     0.0698    -0.0281 0.0000e+00
        591     -0.082     6.7314   0.009697     0.0696    -0.0283 0.0000e+00
        592     -0.080     6.7316   0.009723     0.0698    -0.0282 0.0000e+00
        593     -0.078     6.7317   0.009770     0.0701    -0.0279 0.0000e+00
        594     -0.077     6.7317   0.009800     0.0704    -0.0277 0.0000e+00
        595     -0.075     6.7317   0.009800     0.0704    -0.0277 0.0000e+00
        596     -0.074     6.7319   0.009776     0.0702    -0.0279 0.0000e+00
        597     -0.075     6.7321   0.009747     0.0700    -0.0281 0.0000e+00
        598     -0.077     6.7322   0.009739     0.0699    -0.0281 0.0000e+00
        599     -0.077     6.7324   0.009781     0.0702    -0.0279 0.0000e+00
        600     -0.078     6.7325   0.009833     0.0706    -0.0276 0.0000e+00
        601     -0.079     6.7325   0.009830     0.0706    -0.0276 0.0000e+00
        602     -0.082     6.7325   0.009786     0.0703    -0.0278 0.0000e+00
        603     -0.084     6.7326   0.009761     0.0701    -0.0280 0.0000e+00
        604     -0.082     6.7328   0.009774     0.0702    -0.0279 0.0000e+00
        605     -0.081     6.7329   0.009798     0.0703    -0.0278 0.0000e+00
        606     -0.080     6.7330   0.009827     0.0706    -0.0276 0.0000e+00
        607     -0.080     6.7332   0.009847     0.0707    -0.0275 0.0000e+00
        608     -0.081     6.7333   0.009835     0.0706    -0.0276 0.0000e+00
        609     -0.081     6.7333   0.009799     0.0704    -0.0278 0.0000e+00
        610     -0.081     6.7333   0.009767     0.0701    -0.0280 0.0000e+00
        611     -0.079     6.7334   0.009771     0.0702    -0.0280 0.0000e+00
        612     -0.078     6.7336   0.009848     0.0707    -0.0275 0.0000e+00
        613     -0.079     6.7336   0.009937     0.0714    -0.0270 0.0000e+00
        614     -0.081     6.7337   0.009940     0.0714    -0.0270 0.0000e+00
        615     -0.082     6.7339   0.009871     0.0709    -0.0274 0.0000e+00
