Datasets/Test_Dataset_39219_tow/tel219_2021_051.cnv
* Sea-Bird SBE19plus Data File:
* Filename = C:/AQUIRE/tel219_2021_051.hex
* Software Version AquireV2 AF V2.0
* Temperature SN =  4020
* Conductivity SN =  4020
* System UpLoad Time = May 13 2021 09:31:28
** VESSEL/TRIP/SEQ STN: tel219_2021_051
** LATITUDE: 45 02.49 N
** LONGITUDE: 55 24.80 W
** DATE/TIME: 2021-05-13 08:41
** SOUNDING DEPTH (M): 0199
** PROBE TYPE: S4020
** CTD NUMBER:  51
** FORMAT: T
** COMMENTS: 
# nquan = 7                                 
# nvalues = 3042                        
# units = specified
# name 0 = scan: Scan Count
# name 1 = prdM: Pressure, Strain Gauge [db]
# name 2 = tv290C: Temperature [ITS-90, deg C]
# name 3 = c0S/m: Conductivity [S/m]
# name 4 = sal00: Salinity, Practical [PSU]
# name 5 = sigma-t00: Density [sigma-t, kg/m^3 ]
# name 6 = flag: flag
# span 0 =          1,       3042       
# span 1 =     -0.349,    200.438       
# span 2 =     0.9886,     8.7244       
# span 3 =   0.012797,   3.699471       
# span 4 =     0.0988,    35.0182       
# span 5 =     0.0547,    27.1901       
# span 6 = 0.0000e+00, 0.0000e+00       
# interval = seconds: 1
# start_time = May 13 2021 08:41:44 [Instrument's time stamp, header]
# bad_flag = -9.990e-29
*END*
[from data line 1642]
       1643    196.075     8.3842   3.655190    34.8862    27.1260 0.0000e+00
       1644    196.112     8.3911   3.656410    34.8923    27.1298 0.0000e+00
       1645    196.146     8.3971   3.657199    34.8947    27.1307 0.0000e+00
       1646    196.184     8.4021   3.657912    34.8973    27.1320 0.0000e+00
       1647    196.224     8.4055   3.658491    34.9001    27.1337 0.0000e+00
       1648    196.256     8.4064   3.658623    34.9006    27.1339 0.0000e+00
       1649    196.278     8.4071   3.658618    34.8998    27.1332 0.0000e+00
       1650    196.298     8.4078   3.658930    34.9024    27.1351 0.0000e+00
       1651    196.321     8.4058   3.658610    34.9010    27.1343 0.0000e+00
       1652    196.348     8.4033   3.657956    34.8965    27.1312 0.0000e+00
       1653    196.374     8.4030   3.658199    34.8994    27.1335 0.0000e+00
       1654    196.392     8.3986   3.657812    34.8996    27.1344 0.0000e+00
       1655    196.400     8.3871   3.655841    34.8901    27.1286 0.0000e+00
       1656    196.402     8.3735   3.653544    34.8791    27.1221 0.0000e+00
       1657    196.407     8.3636   3.651841    34.8708    27.1171 0.0000e+00
       1658    196.425     8.3616   3.651631    34.8705    27.1172 0.0000e+00
       1659    196.451     8.3650   3.652647    34.8780    27.1225 0.0000e+00
       1660    196.469     8.3637   3.652666    34.8794    27.1239 0.0000e+00
       1661    196.476     8.3553   3.651151    34.8716    27.1191 0.0000e+00
       1662    196.482     8.3457   3.649607    34.8647    27.1151 0.0000e+00
       1663    196.492     8.3382   3.648600    34.8614    27.1137 0.0000e+00
       1664    196.503     8.3337   3.648002    34.8595    27.1129 0.0000e+00
       1665    196.509     8.3348   3.648146    34.8599    27.1130 0.0000e+00
       1666    196.510     8.3423   3.649437    34.8663    27.1168 0.0000e+00
       1667    196.506     8.3492   3.650701    34.8729    27.1210 0.0000e+00
       1668    196.506     8.3480   3.650332    34.8701    27.1190 0.0000e+00
       1669    196.511     8.3412   3.649085    34.8636    27.1149 0.0000e+00
       1670    196.507     8.3353   3.648271    34.8608    27.1136 0.0000e+00
       1671    196.484     8.3317   3.647850    34.8599    27.1135 0.0000e+00
       1672    196.453     8.3290   3.647435    34.8581    27.1125 0.0000e+00
       1673    196.434     8.3262   3.646953    34.8558    27.1111 0.0000e+00
       1674    196.436     8.3238   3.646583    34.8542    27.1102 0.0000e+00
       1675    196.450     8.3227   3.646506    34.8545    27.1106 0.0000e+00
       1676    196.456     8.3231   3.646629    34.8554    27.1113 0.0000e+00
       1677    196.439     8.3260   3.646976    34.8562    27.1115 0.0000e+00
       1678    196.406     8.3334   3.648060    34.8605    27.1137 0.0000e+00
       1679    196.372     8.3436   3.649721    34.8681    27.1181 0.0000e+00
       1680    196.351     8.3537   3.651293    34.8748    27.1218 0.0000e+00
       1681    196.352     8.3632   3.652802    34.8814    27.1255 0.0000e+00
       1682    196.367     8.3683   3.653541    34.8842    27.1269 0.0000e+00
       1683    196.373     8.3668   3.652938    34.8793    27.1233 0.0000e+00
       1684    196.357     8.3635   3.652142    34.8741    27.1197 0.0000e+00
       1685    196.324     8.3624   3.651992    34.8736    27.1195 0.0000e+00
       1686    196.288     8.3628   3.652089    34.8743    27.1200 0.0000e+00
       1687    196.266     8.3622   3.651916    34.8730    27.1191 0.0000e+00
       1688    196.266     8.3623   3.651830    34.8720    27.1183 0.0000e+00
       1689    196.264     8.3667   3.652275    34.8724    27.1179 0.0000e+00
       1690    196.239     8.3779   3.653769    34.8772    27.1200 0.0000e+00
       1691    196.197     8.3957   3.656772    34.8915    27.1285 0.0000e+00
       1692    196.154     8.4132   3.660138    34.9100    27.1402 0.0000e+00
       1693    196.125     8.4204   3.661508    34.9174    27.1450 0.0000e+00
       1694    196.123     8.4170   3.660643    34.9116    27.1409 0.0000e+00
       1695    196.136     8.4131   3.659922    34.9078    27.1385 0.0000e+00
       1696    196.138     8.4133   3.660176    34.9103    27.1405 0.0000e+00
       1697    196.113     8.4123   3.660364    34.9133    27.1430 0.0000e+00
       1698    196.058     8.4054   3.659497    34.9110    27.1422 0.0000e+00
       1699    195.999     8.3929   3.657172    34.8987    27.1345 0.0000e+00
       1700    195.971     8.3806   3.654615    34.8837    27.1246 0.0000e+00
       1701    195.982     8.3770   3.654093    34.8817    27.1236 0.0000e+00
       1702    195.997     8.3805   3.655072    34.8886    27.1285 0.0000e+00
       1703    195.975     8.3831   3.655286    34.8883    27.1279 0.0000e+00
       1704    195.907     8.3820   3.654968    34.8861    27.1263 0.0000e+00
       1705    195.829     8.3765   3.654224    34.8836    27.1252 0.0000e+00
       1706    195.786     8.3677   3.652636    34.8755    27.1202 0.0000e+00
       1707    195.792     8.3611   3.651524    34.8702    27.1170 0.0000e+00
       1708    195.819     8.3598   3.651457    34.8707    27.1177 0.0000e+00
       1709    195.815     8.3606   3.651606    34.8715    27.1182 0.0000e+00
       1710    195.757     8.3607   3.651638    34.8718    27.1184 0.0000e+00
       1711    195.683     8.3592   3.651456    34.8714    27.1183 0.0000e+00
       1712    195.645     8.3558   3.650919    34.8691    27.1170 0.0000e+00
       1713    195.657     8.3522   3.650363    34.8667    27.1157 0.0000e+00
       1714    195.691     8.3499   3.650080    34.8660    27.1154 0.0000e+00
       1715    195.709     8.3490   3.650037    34.8664    27.1159 0.0000e+00
       1716    195.696     8.3489   3.650072    34.8669    27.1163 0.0000e+00
       1717    195.664     8.3496   3.650164    34.8672    27.1164 0.0000e+00
       1718    195.634     8.3497   3.650188    34.8673    27.1166 0.0000e+00
       1719    195.622     8.3495   3.650088    34.8665    27.1159 0.0000e+00
       1720    195.627     8.3507   3.650307    34.8676    27.1166 0.0000e+00
       1721    195.630     8.3531   3.650733    34.8698    27.1179 0.0000e+00
       1722    195.621     8.3542   3.650884    34.8703    27.1182 0.0000e+00
       1723    195.604     8.3534   3.650725    34.8694    27.1176 0.0000e+00
       1724    195.583     8.3528   3.650578    34.8684    27.1169 0.0000e+00
       1725    195.556     8.3536   3.650732    34.8693    27.1175 0.0000e+00
       1726    195.529     8.3546   3.650914    34.8703    27.1181 0.0000e+00
       1727    195.512     8.3562   3.651063    34.8703    27.1179 0.0000e+00
       1728    195.511     8.3604   3.651617    34.8720    27.1186 0.0000e+00
       1729    195.518     8.3664   3.652479    34.8752    27.1202 0.0000e+00
       1730    195.520     8.3712   3.653208    34.8782    27.1218 0.0000e+00
       1731    195.503     8.3724   3.653499    34.8801    27.1231 0.0000e+00
       1732    195.459     8.3701   3.653253    34.8798    27.1232 0.0000e+00
       1733    195.399     8.3651   3.652538    34.8772    27.1219 0.0000e+00
       1734    195.351     8.3590   3.651539    34.8726    27.1193 0.0000e+00
       1735    195.335     8.3541   3.650822    34.8699    27.1179 0.0000e+00
       1736    195.327     8.3518   3.650679    34.8706    27.1188 0.0000e+00
       1737    195.294     8.3518   3.650789    34.8718    27.1197 0.0000e+00
       1738    195.227     8.3537   3.650921    34.8714    27.1191 0.0000e+00
       1739    195.155     8.3577   3.651312    34.8716    27.1187 0.0000e+00
       1740    195.120     8.3628   3.652022    34.8741    27.1199 0.0000e+00
       1741    195.131     8.3666   3.652580    34.8763    27.1210 0.0000e+00
       1742    195.153     8.3690   3.652890    34.8772    27.1213 0.0000e+00
       1743    195.163     8.3709   3.653189    34.8785    27.1220 0.0000e+00
       1744    195.157     8.3727   3.653500    34.8800    27.1230 0.0000e+00
       1745    195.146     8.3741   3.653785    34.8817    27.1240 0.0000e+00
       1746    195.140     8.3748   3.653943    34.8827    27.1247 0.0000e+00
       1747    195.139     8.3742   3.653893    34.8827    27.1249 0.0000e+00
       1748    195.140     8.3720   3.653619    34.8820    27.1246 0.0000e+00
       1749    195.137     8.3685   3.653129    34.8802    27.1238 0.0000e+00
       1750    195.131     8.3649   3.652587    34.8780    27.1226 0.0000e+00
       1751    195.122     8.3627   3.652293    34.8771    27.1222 0.0000e+00
       1752    195.103     8.3625   3.652366    34.8781    27.1230 0.0000e+00
       1753    195.068     8.3633   3.652550    34.8793    27.1238 0.0000e+00
       1754    195.017     8.3633   3.652587    34.8797    27.1241 0.0000e+00
       1755    194.965     8.3620   3.652403    34.8790    27.1238 0.0000e+00
       1756    194.938     8.3593   3.651997    34.8774    27.1230 0.0000e+00
       1757    194.944     8.3555   3.651423    34.8751    27.1217 0.0000e+00
       1758    194.962     8.3516   3.650863    34.8730    27.1207 0.0000e+00
       1759    194.959     8.3490   3.650593    34.8727    27.1208 0.0000e+00
       1760    194.916     8.3484   3.650655    34.8739    27.1219 0.0000e+00
       1761    194.837     8.3484   3.650657    34.8740    27.1220 0.0000e+00
       1762    194.761     8.3466   3.650224    34.8712    27.1201 0.0000e+00
       1763    194.735     8.3432   3.649608    34.8680    27.1181 0.0000e+00
       1764    194.758     8.3406   3.649210    34.8664    27.1172 0.0000e+00
       1765    194.789     8.3394   3.649049    34.8658    27.1169 0.0000e+00
       1766    194.799     8.3386   3.648984    34.8659    27.1171 0.0000e+00
       1767    194.784     8.3369   3.648781    34.8654    27.1170 0.0000e+00
       1768    194.761     8.3340   3.648319    34.8634    27.1159 0.0000e+00
       1769    194.752     8.3311   3.647817    34.8609    27.1144 0.0000e+00
       1770    194.766     8.3291   3.647525    34.8598    27.1138 0.0000e+00
       1771    194.790     8.3276   3.647373    34.8597    27.1139 0.0000e+00
       1772    194.798     8.3263   3.647247    34.8596    27.1141 0.0000e+00
       1773    194.779     8.3259   3.647228    34.8598    27.1143 0.0000e+00
       1774    194.744     8.3261   3.647263    34.8600    27.1144 0.0000e+00
       1775    194.717     8.3257   3.647145    34.8592    27.1138 0.0000e+00
       1776    194.717     8.3246   3.646889    34.8575    27.1127 0.0000e+00
       1777    194.733     8.3238   3.646750    34.8568    27.1123 0.0000e+00
       1778    194.736     8.3241   3.646846    34.8575    27.1128 0.0000e+00
       1779    194.716     8.3250   3.647018    34.8585    27.1134 0.0000e+00
       1780    194.692     8.3259   3.647141    34.8589    27.1136 0.0000e+00
       1781    194.689     8.3266   3.647203    34.8589    27.1135 0.0000e+00
       1782    194.710     8.3269   3.647242    34.8590    27.1135 0.0000e+00
       1783    194.737     8.3271   3.647295    34.8594    27.1138 0.0000e+00
       1784    194.751     8.3282   3.647398    34.8594    27.1136 0.0000e+00
       1785    194.750     8.3311   3.647790    34.8607    27.1142 0.0000e+00
       1786    194.743     8.3351   3.648456    34.8638    27.1160 0.0000e+00
       1787    194.742     8.3390   3.649024    34.8660    27.1171 0.0000e+00
       1788    194.752     8.3434   3.649691    34.8687    27.1186 0.0000e+00
       1789    194.773     8.3473   3.650400    34.8724    27.1209 0.0000e+00
       1790    194.799     8.3472   3.650362    34.8721    27.1206 0.0000e+00
       1791    194.815     8.3431   3.649629    34.8683    27.1183 0.0000e+00
       1792    194.821     8.3386   3.648893    34.8649    27.1164 0.0000e+00
       1793    194.824     8.3364   3.648564    34.8636    27.1157 0.0000e+00
       1794    194.832     8.3361   3.648580    34.8641    27.1161 0.0000e+00
       1795    194.848     8.3357   3.648540    34.8640    27.1161 0.0000e+00
       1796    194.870     8.3346   3.648331    34.8629    27.1154 0.0000e+00
       1797    194.899     8.3340   3.648239    34.8625    27.1152 0.0000e+00
       1798    194.936     8.3343   3.648337    34.8632    27.1157 0.0000e+00
       1799    194.965     8.3346   3.648361    34.8632    27.1156 0.0000e+00
       1800    194.967     8.3349   3.648365    34.8629    27.1154 0.0000e+00
       1801    194.949     8.3354   3.648397    34.8628    27.1152 0.0000e+00
       1802    194.943     8.3353   3.648340    34.8623    27.1148 0.0000e+00
       1803    194.970     8.3345   3.648175    34.8613    27.1141 0.0000e+00
       1804    195.015     8.3334   3.647960    34.8601    27.1133 0.0000e+00
       1805    195.044     8.3328   3.647868    34.8597    27.1131 0.0000e+00
       1806    195.041     8.3332   3.647940    34.8600    27.1134 0.0000e+00
       1807    195.020     8.3354   3.648245    34.8611    27.1139 0.0000e+00
       1808    195.011     8.3392   3.648862    34.8639    27.1155 0.0000e+00
       1809    195.029     8.3430   3.649461    34.8665    27.1169 0.0000e+00
       1810    195.064     8.3448   3.649699    34.8673    27.1172 0.0000e+00
       1811    195.097     8.3438   3.649539    34.8665    27.1168 0.0000e+00
       1812    195.122     8.3398   3.648915    34.8638    27.1153 0.0000e+00
       1813    195.157     8.3350   3.648131    34.8602    27.1132 0.0000e+00
       1814    195.217     8.3326   3.647795    34.8590    27.1126 0.0000e+00
       1815    195.299     8.3323   3.647828    34.8596    27.1132 0.0000e+00
       1816    195.400     8.3342   3.648056    34.8601    27.1133 0.0000e+00
       1817    195.515     8.3389   3.648701    34.8623    27.1142 0.0000e+00
       1818    195.631     8.3436   3.649235    34.8632    27.1143 0.0000e+00
       1819    195.731     8.3450   3.649188    34.8613    27.1125 0.0000e+00
       1820    195.809     8.3461   3.649444    34.8629    27.1136 0.0000e+00
       1821    195.873     8.3495   3.650401    34.8697    27.1184 0.0000e+00
       1822    195.938     8.3512   3.650929    34.8736    27.1212 0.0000e+00
       1823    196.010     8.3481   3.650459    34.8716    27.1202 0.0000e+00
       1824    196.074     8.3419   3.649557    34.8681    27.1184 0.0000e+00
       1825    196.116     8.3347   3.648625    34.8653    27.1173 0.0000e+00
       1826    196.135     8.3282   3.647802    34.8630    27.1164 0.0000e+00
       1827    196.149     8.3224   3.646969    34.8599    27.1149 0.0000e+00
       1828    196.177     8.3179   3.646201    34.8561    27.1126 0.0000e+00
       1829    196.218     8.3167   3.646038    34.8556    27.1124 0.0000e+00
       1830    196.257     8.3178   3.646358    34.8579    27.1140 0.0000e+00
       1831    196.285     8.3161   3.646201    34.8579    27.1143 0.0000e+00
       1832    196.302     8.3100   3.645219    34.8534    27.1117 0.0000e+00
       1833    196.318     8.3036   3.644263    34.8496    27.1097 0.0000e+00
       1834    196.337     8.2992   3.643809    34.8491    27.1100 0.0000e+00
       1835    196.355     8.2956   3.643386    34.8481    27.1098 0.0000e+00
       1836    196.374     8.2924   3.642893    34.8461    27.1086 0.0000e+00
       1837    196.393     8.2903   3.642608    34.8451    27.1082 0.0000e+00
       1838    196.414     8.2892   3.642479    34.8448    27.1081 0.0000e+00
       1839    196.444     8.2893   3.642483    34.8447    27.1081 0.0000e+00
       1840    196.479     8.2904   3.642670    34.8456    27.1086 0.0000e+00
       1841    196.512     8.2919   3.642829    34.8458    27.1085 0.0000e+00
       1842    196.543     8.2929   3.642925    34.8458    27.1084 0.0000e+00
       1843    196.574     8.2922   3.642908    34.8463    27.1089 0.0000e+00
       1844    196.607     8.2899   3.642488    34.8441    27.1075 0.0000e+00
       1845    196.644     8.2891   3.642215    34.8420    27.1059 0.0000e+00
       1846    196.686     8.2911   3.642654    34.8446    27.1077 0.0000e+00
