Datasets/Test_Dataset_39219_tow/tel219_2021_060.cnv
* Sea-Bird SBE19plus Data File:
* Filename = C:/AQUIRE/tel219_2021_060.hex
* Software Version AquireV2 AF V2.0
* Temperature SN =  4020
* Conductivity SN =  4020
* System UpLoad Time = May 14 2021 11:52:45
** VESSEL/TRIP/SEQ STN: tel219_2021_060
** LATITUDE: 45 01.95 N
** LONGITUDE: 54 42.02 W
** DATE/TIME: 2021-05-14 11:01
** SOUNDING DEPTH (M): 0322
** PROBE TYPE: S4020
** CTD NUMBER:  60
** FORMAT: T
** COMMENTS: 
# nquan = 7                                 
# nvalues = 3145                        
# units = specified
# name 0 = scan: Scan Count
# name 1 = prdM: Pressure, Strain Gauge [db]
# name 2 = tv290C: Temperature [ITS-90, deg C]
# name 3 = c0S/m: Conductivity [S/m]
# name 4 = sal00: Salinity, Practical [PSU]
# name 5 = sigma-t00: Density [sigma-t, kg/m^3 ]
# name 6 = flag: flag
# span 0 =          1,       3145       
# span 1 =     -0.580,    288.177       
# span 2 =     0.9282,     9.6255       
# span 3 =   0.008095,   3.791595       
# span 4 =     0.0601,    35.1669       
# span 5 =     0.0121,    27.2682       
# span 6 = 0.0000e+00, 0.0000e+00       
# interval = seconds: 1
# start_time = May 14 2021 11:01:29 [Instrument's time stamp, header]
# bad_flag = -9.990e-29
*END*
[from data line 821]
        822      7.066     5.2503   3.140783    32.3861    25.5755 0.0000e+00
        823      7.178     5.2510   3.140857    32.3862    25.5755 0.0000e+00
        824      7.423     5.2510   3.140864    32.3861    25.5755 0.0000e+00
        825      7.718     5.2497   3.140756    32.3860    25.5755 0.0000e+00
        826      7.981     5.2484   3.140649    32.3859    25.5756 0.0000e+00
        827      8.175     5.2480   3.140639    32.3861    25.5758 0.0000e+00
        828      8.350     5.2483   3.140669    32.3861    25.5757 0.0000e+00
        829      8.560     5.2485   3.140686    32.3859    25.5756 0.0000e+00
        830      8.812     5.2485   3.140690    32.3859    25.5755 0.0000e+00
        831      9.103     5.2478   3.140643    32.3859    25.5756 0.0000e+00
        832      9.430     5.2472   3.140605    32.3858    25.5757 0.0000e+00
        833      9.755     5.2482   3.140725    32.3861    25.5757 0.0000e+00
        834     10.020     5.2500   3.140911    32.3863    25.5757 0.0000e+00
        835     10.224     5.2512   3.141014    32.3862    25.5755 0.0000e+00
        836     10.409     5.2515   3.141029    32.3860    25.5753 0.0000e+00
        837     10.611     5.2513   3.141007    32.3859    25.5752 0.0000e+00
        838     10.839     5.2501   3.140953    32.3863    25.5757 0.0000e+00
        839     11.079     5.2476   3.140759    32.3864    25.5761 0.0000e+00
        840     11.311     5.2440   3.140429    32.3860    25.5761 0.0000e+00
        841     11.529     5.2412   3.140195    32.3859    25.5764 0.0000e+00
        842     11.751     5.2395   3.140093    32.3863    25.5769 0.0000e+00
        843     11.994     5.2392   3.140071    32.3862    25.5769 0.0000e+00
        844     12.240     5.2405   3.140209    32.3864    25.5769 0.0000e+00
        845     12.466     5.2424   3.140398    32.3866    25.5768 0.0000e+00
        846     12.669     5.2431   3.140436    32.3863    25.5765 0.0000e+00
        847     12.849     5.2421   3.140347    32.3861    25.5765 0.0000e+00
        848     13.027     5.2405   3.140222    32.3862    25.5767 0.0000e+00
        849     13.238     5.2391   3.140104    32.3861    25.5768 0.0000e+00
        850     13.480     5.2384   3.140055    32.3861    25.5768 0.0000e+00
        851     13.730     5.2381   3.140073    32.3865    25.5772 0.0000e+00
        852     13.974     5.2378   3.140074    32.3866    25.5773 0.0000e+00
        853     14.210     5.2375   3.140051    32.3865    25.5773 0.0000e+00
        854     14.442     5.2374   3.140054    32.3866    25.5773 0.0000e+00
        855     14.679     5.2377   3.140074    32.3864    25.5772 0.0000e+00
        856     14.925     5.2380   3.140126    32.3866    25.5773 0.0000e+00
        857     15.179     5.2383   3.140173    32.3867    25.5773 0.0000e+00
        858     15.444     5.2382   3.140154    32.3864    25.5771 0.0000e+00
        859     15.723     5.2381   3.140161    32.3865    25.5772 0.0000e+00
        860     16.016     5.2387   3.140261    32.3869    25.5774 0.0000e+00
        861     16.318     5.2397   3.140358    32.3869    25.5773 0.0000e+00
        862     16.620     5.2405   3.140413    32.3866    25.5770 0.0000e+00
        863     16.920     5.2414   3.140508    32.3866    25.5769 0.0000e+00
        864     17.222     5.2417   3.140560    32.3868    25.5770 0.0000e+00
        865     17.526     5.2409   3.140476    32.3864    25.5768 0.0000e+00
        866     17.833     5.2395   3.140356    32.3863    25.5769 0.0000e+00
        867     18.147     5.2387   3.140302    32.3863    25.5770 0.0000e+00
        868     18.460     5.2386   3.140320    32.3864    25.5771 0.0000e+00
        869     18.761     5.2387   3.140354    32.3866    25.5772 0.0000e+00
        870     19.049     5.2386   3.140339    32.3864    25.5770 0.0000e+00
        871     19.337     5.2381   3.140303    32.3863    25.5770 0.0000e+00
        872     19.638     5.2382   3.140331    32.3864    25.5771 0.0000e+00
        873     19.954     5.2389   3.140405    32.3864    25.5770 0.0000e+00
        874     20.279     5.2397   3.140482    32.3863    25.5769 0.0000e+00
        875     20.605     5.2404   3.140558    32.3863    25.5768 0.0000e+00
        876     20.931     5.2410   3.140621    32.3863    25.5767 0.0000e+00
        877     21.260     5.2417   3.140707    32.3865    25.5768 0.0000e+00
        878     21.597     5.2420   3.140771    32.3867    25.5769 0.0000e+00
        879     21.944     5.2410   3.140673    32.3864    25.5768 0.0000e+00
        880     22.290     5.2393   3.140520    32.3861    25.5768 0.0000e+00
        881     22.628     5.2381   3.140455    32.3864    25.5771 0.0000e+00
        882     22.959     5.2376   3.140455    32.3867    25.5774 0.0000e+00
        883     23.288     5.2374   3.140473    32.3869    25.5776 0.0000e+00
        884     23.621     5.2372   3.140478    32.3870    25.5777 0.0000e+00
        885     23.959     5.2370   3.140457    32.3868    25.5776 0.0000e+00
        886     24.299     5.2369   3.140445    32.3866    25.5774 0.0000e+00
        887     24.640     5.2370   3.140475    32.3867    25.5775 0.0000e+00
        888     24.990     5.2372   3.140518    32.3868    25.5775 0.0000e+00
        889     25.350     5.2377   3.140565    32.3867    25.5774 0.0000e+00
        890     25.711     5.2381   3.140610    32.3866    25.5773 0.0000e+00
        891     26.067     5.2384   3.140638    32.3865    25.5771 0.0000e+00
        892     26.418     5.2386   3.140658    32.3863    25.5770 0.0000e+00
        893     26.760     5.2386   3.140684    32.3865    25.5771 0.0000e+00
        894     27.094     5.2388   3.140712    32.3864    25.5771 0.0000e+00
        895     27.430     5.2390   3.140741    32.3864    25.5770 0.0000e+00
        896     27.775     5.2387   3.140740    32.3865    25.5771 0.0000e+00
        897     28.130     5.2381   3.140702    32.3865    25.5772 0.0000e+00
        898     28.495     5.2377   3.140690    32.3865    25.5773 0.0000e+00
        899     28.873     5.2379   3.140728    32.3866    25.5773 0.0000e+00
        900     29.269     5.2384   3.140793    32.3866    25.5773 0.0000e+00
        901     29.681     5.2382   3.140809    32.3868    25.5774 0.0000e+00
        902     30.103     5.2375   3.140764    32.3868    25.5775 0.0000e+00
        903     30.527     5.2374   3.140763    32.3866    25.5774 0.0000e+00
        904     30.951     5.2380   3.140833    32.3867    25.5773 0.0000e+00
        905     31.380     5.2386   3.140902    32.3866    25.5773 0.0000e+00
        906     31.812     5.2386   3.140917    32.3866    25.5772 0.0000e+00
        907     32.238     5.2383   3.140900    32.3865    25.5772 0.0000e+00
        908     32.663     5.2381   3.140913    32.3866    25.5773 0.0000e+00
        909     33.097     5.2381   3.140938    32.3867    25.5774 0.0000e+00
        910     33.540     5.2379   3.140944    32.3867    25.5774 0.0000e+00
        911     33.989     5.2378   3.140951    32.3867    25.5774 0.0000e+00
        912     34.444     5.2379   3.140979    32.3867    25.5774 0.0000e+00
        913     34.901     5.2385   3.141045    32.3866    25.5773 0.0000e+00
        914     35.355     5.2392   3.141126    32.3866    25.5772 0.0000e+00
        915     35.808     5.2394   3.141160    32.3866    25.5771 0.0000e+00
        916     36.262     5.2390   3.141145    32.3866    25.5772 0.0000e+00
        917     36.716     5.2343   3.140956    32.3888    25.5794 0.0000e+00
        918     37.168     5.2065   3.139164    32.3950    25.5875 0.0000e+00
        919     37.617     5.1315   3.133737    32.4055    25.6042 0.0000e+00
        920     38.068     5.0194   3.125446    32.4192    25.6275 0.0000e+00
        921     38.528     4.9097   3.117656    32.4363    25.6531 0.0000e+00
        922     39.000     4.8251   3.112037    32.4539    25.6762 0.0000e+00
        923     39.483     4.7638   3.107980    32.4667    25.6930 0.0000e+00
        924     39.969     4.7230   3.105463    32.4773    25.7057 0.0000e+00
        925     40.448     4.7035   3.104883    32.4895    25.7175 0.0000e+00
        926     40.914     4.7006   3.105572    32.5001    25.7262 0.0000e+00
        927     41.375     4.7042   3.106480    32.5068    25.7311 0.0000e+00
        928     41.845     4.7043   3.106959    32.5120    25.7353 0.0000e+00
        929     42.325     4.6903   3.106103    32.5156    25.7396 0.0000e+00
        930     42.807     4.6532   3.103077    32.5167    25.7444 0.0000e+00
        931     43.281     4.5811   3.097307    32.5204    25.7549 0.0000e+00
        932     43.742     4.4542   3.086430    32.5185    25.7667 0.0000e+00
        933     44.200     4.2717   3.069745    32.5034    25.7734 0.0000e+00
        934     44.667     4.0671   3.051747    32.4942    25.7866 0.0000e+00
        935     45.148     3.8613   3.035389    32.5052    25.8154 0.0000e+00
        936     45.635     3.6226   3.016681    32.5207    25.8504 0.0000e+00
        937     46.116     3.3290   2.992877    32.5298    25.8846 0.0000e+00
        938     46.597     3.0382   2.970000    32.5466    25.9236 0.0000e+00
        939     47.088     2.8192   2.953920    32.5728    25.9631 0.0000e+00
        940     47.592     2.6638   2.943192    32.5995    25.9973 0.0000e+00
        941     48.106     2.5304   2.934153    32.6245    26.0281 0.0000e+00
        942     48.617     2.4124   2.926590    32.6518    26.0593 0.0000e+00
        943     49.119     2.3163   2.921211    32.6838    26.0924 0.0000e+00
        944     49.620     2.2359   2.916491    32.7078    26.1178 0.0000e+00
        945     50.127     2.1704   2.912065    32.7201    26.1326 0.0000e+00
        946     50.639     2.1243   2.909091    32.7304    26.1444 0.0000e+00
        947     51.152     2.0961   2.907344    32.7375    26.1522 0.0000e+00
        948     51.671     2.0778   2.905982    32.7392    26.1549 0.0000e+00
        949     52.196     2.0608   2.904693    32.7405    26.1571 0.0000e+00
        950     52.718     2.0427   2.903342    32.7421    26.1598 0.0000e+00
        951     53.231     2.0296   2.902606    32.7461    26.1640 0.0000e+00
        952     53.738     2.0284   2.902844    32.7501    26.1672 0.0000e+00
        953     54.245     2.0350   2.903611    32.7525    26.1687 0.0000e+00
        954     54.750     2.0416   2.904602    32.7578    26.1724 0.0000e+00
        955     55.250     2.0469   2.905474    32.7629    26.1761 0.0000e+00
        956     55.745     2.0511   2.906154    32.7667    26.1789 0.0000e+00
        957     56.233     2.0519   2.906592    32.7711    26.1823 0.0000e+00
        958     56.717     2.0469   2.906641    32.7766    26.1871 0.0000e+00
        959     57.199     2.0277   2.905816    32.7859    26.1960 0.0000e+00
        960     57.680     1.9864   2.903213    32.7960    26.2071 0.0000e+00
        961     58.167     1.9333   2.899694    32.8068    26.2197 0.0000e+00
        962     58.664     1.8793   2.896232    32.8194    26.2336 0.0000e+00
        963     59.174     1.8192   2.891963    32.8281    26.2450 0.0000e+00
        964     59.700     1.7458   2.886431    32.8348    26.2556 0.0000e+00
        965     60.238     1.6587   2.879608    32.8396    26.2655 0.0000e+00
        966     60.785     1.5685   2.872173    32.8397    26.2718 0.0000e+00
        967     61.338     1.4884   2.865585    32.8400    26.2774 0.0000e+00
        968     61.896     1.4214   2.860275    32.8426    26.2840 0.0000e+00
        969     62.458     1.3700   2.856258    32.8452    26.2895 0.0000e+00
        970     63.018     1.3373   2.853923    32.8496    26.2951 0.0000e+00
        971     63.572     1.3182   2.852675    32.8535    26.2995 0.0000e+00
        972     64.129     1.3027   2.851479    32.8542    26.3011 0.0000e+00
        973     64.698     1.2851   2.849967    32.8532    26.3014 0.0000e+00
        974     65.282     1.2650   2.848114    32.8504    26.3005 0.0000e+00
        975     65.880     1.2449   2.846286    32.8479    26.2998 0.0000e+00
        976     66.487     1.2258   2.844693    32.8474    26.3005 0.0000e+00
        977     67.098     1.2066   2.843145    32.8475    26.3019 0.0000e+00
        978     67.709     1.1877   2.841688    32.8484    26.3038 0.0000e+00
        979     68.322     1.1704   2.840328    32.8490    26.3053 0.0000e+00
        980     68.935     1.1552   2.839009    32.8478    26.3053 0.0000e+00
        981     69.546     1.1411   2.837896    32.8481    26.3065 0.0000e+00
        982     70.154     1.1258   2.836709    32.8487    26.3079 0.0000e+00
        983     70.765     1.1063   2.835151    32.8490    26.3094 0.0000e+00
        984     71.384     1.0792   2.833055    32.8504    26.3122 0.0000e+00
        985     72.010     1.0417   2.830096    32.8517    26.3155 0.0000e+00
        986     72.640     0.9973   2.826557    32.8528    26.3192 0.0000e+00
        987     73.273     0.9577   2.823464    32.8546    26.3230 0.0000e+00
        988     73.907     0.9342   2.821978    32.8600    26.3287 0.0000e+00
        989     74.545     0.9282   2.822096    32.8675    26.3351 0.0000e+00
        990     75.185     0.9305   2.822608    32.8713    26.3380 0.0000e+00
        991     75.819     0.9324   2.822757    32.8708    26.3376 0.0000e+00
        992     76.441     0.9329   2.822708    32.8693    26.3363 0.0000e+00
        993     77.052     0.9346   2.822859    32.8691    26.3360 0.0000e+00
        994     77.662     0.9370   2.823127    32.8697    26.3363 0.0000e+00
        995     78.276     0.9385   2.823136    32.8679    26.3348 0.0000e+00
        996     78.898     0.9404   2.823044    32.8643    26.3318 0.0000e+00
        997     79.531     0.9435   2.823217    32.8629    26.3305 0.0000e+00
        998     80.170     0.9466   2.823492    32.8628    26.3302 0.0000e+00
        999     80.807     0.9488   2.823635    32.8619    26.3294 0.0000e+00
       1000     81.440     0.9505   2.823673    32.8603    26.3280 0.0000e+00
       1001     82.075     0.9514   2.823664    32.8588    26.3268 0.0000e+00
       1002     82.716     0.9517   2.823704    32.8587    26.3266 0.0000e+00
       1003     83.357     0.9522   2.823814    32.8592    26.3270 0.0000e+00
       1004     83.992     0.9542   2.823989    32.8590    26.3267 0.0000e+00
       1005     84.621     0.9586   2.824297    32.8579    26.3256 0.0000e+00
       1006     85.247     0.9658   2.824838    32.8569    26.3243 0.0000e+00
       1007     85.876     0.9756   2.825698    32.8572    26.3240 0.0000e+00
       1008     86.507     0.9892   2.826885    32.8577    26.3236 0.0000e+00
       1009     87.141     1.0058   2.828413    32.8594    26.3239 0.0000e+00
       1010     87.781     1.0196   2.829780    32.8620    26.3252 0.0000e+00
       1011     88.424     1.0262   2.830403    32.8626    26.3253 0.0000e+00
       1012     89.066     1.0277   2.830576    32.8629    26.3254 0.0000e+00
       1013     89.706     1.0274   2.830662    32.8640    26.3263 0.0000e+00
       1014     90.348     1.0259   2.830682    32.8654    26.3276 0.0000e+00
       1015     90.991     1.0254   2.830752    32.8665    26.3284 0.0000e+00
       1016     91.632     1.0304   2.831267    32.8675    26.3289 0.0000e+00
       1017     92.270     1.0440   2.832566    32.8694    26.3296 0.0000e+00
       1018     92.908     1.0651   2.834515    32.8717    26.3302 0.0000e+00
       1019     93.551     1.0904   2.836875    32.8748    26.3311 0.0000e+00
       1020     94.200     1.1160   2.839276    32.8782    26.3322 0.0000e+00
       1021     94.850     1.1400   2.841388    32.8795    26.3318 0.0000e+00
       1022     95.498     1.1654   2.843681    32.8816    26.3319 0.0000e+00
       1023     96.148     1.1915   2.846266    32.8867    26.3343 0.0000e+00
       1024     96.799     1.2127   2.848227    32.8890    26.3349 0.0000e+00
       1025     97.447     1.2268   2.849396    32.8887    26.3337 0.0000e+00
