Datasets/Test_Dataset_39219_tow/tel219_2021_052.cnv
* Sea-Bird SBE19plus Data File:
* Filename = C:/AQUIRE/tel219_2021_052.hex
* Software Version AquireV2 AF V2.0
* Temperature SN =  4020
* Conductivity SN =  4020
* System UpLoad Time = May 13 2021 14:11:46
** VESSEL/TRIP/SEQ STN: tel219_2021_052
** LATITUDE: 44 59.32 N
** LONGITUDE: 55 18.07 W
** DATE/TIME: 2021-05-13 13:11
** SOUNDING DEPTH (M): 0339
** PROBE TYPE: S4020
** CTD NUMBER:  52
** FORMAT: T
** COMMENTS: UNSUCCESSFUL
# nquan = 7                                 
# nvalues = 2602                        
# units = specified
# name 0 = scan: Scan Count
# name 1 = prdM: Pressure, Strain Gauge [db]
# name 2 = tv290C: Temperature [ITS-90, deg C]
# name 3 = c0S/m: Conductivity [S/m]
# name 4 = sal00: Salinity, Practical [PSU]
# name 5 = sigma-t00: Density [sigma-t, kg/m^3 ]
# name 6 = flag: flag
# span 0 =          1,       2602       
# span 1 =     -0.808,    334.101       
# span 2 =     0.5999,     9.3154       
# span 3 =   0.005901,   3.759207       
# span 4 =     0.0435,    35.2934       
# span 5 =    -0.0037,    27.3986       
# span 6 = 0.0000e+00, 0.0000e+00       
# interval = seconds: 1
# start_time = May 13 2021 13:11:22 [Instrument's time stamp, header]
# bad_flag = -9.990e-29
*END*
          1     -0.075     5.4074   0.006677     0.0491    -0.0016 0.0000e+00
          2     -0.073     5.4077   0.006678     0.0491    -0.0016 0.0000e+00
          3     -0.072     5.4080   0.006679     0.0491    -0.0016 0.0000e+00
          4     -0.071     5.4088   0.006675     0.0491    -0.0017 0.0000e+00
          5     -0.071     5.4102   0.006673     0.0491    -0.0017 0.0000e+00
          6     -0.071     5.4117   0.006675     0.0491    -0.0017 0.0000e+00
          7     -0.069     5.4126   0.006680     0.0491    -0.0017 0.0000e+00
          8     -0.069     5.4130   0.006693     0.0492    -0.0017 0.0000e+00
          9     -0.071     5.4135   0.006710     0.0494    -0.0016 0.0000e+00
         10     -0.072     5.4144   0.006719     0.0494    -0.0015 0.0000e+00
         11     -0.072     5.4156   0.006714     0.0494    -0.0016 0.0000e+00
         12     -0.074     5.4166   0.006695     0.0493    -0.0017 0.0000e+00
         13     -0.076     5.4175   0.006678     0.0491    -0.0019 0.0000e+00
         14     -0.076     5.4188   0.006675     0.0491    -0.0019 0.0000e+00
         15     -0.073     5.4197   0.006680     0.0491    -0.0019 0.0000e+00
         16     -0.070     5.4196   0.006688     0.0492    -0.0018 0.0000e+00
         17     -0.069     5.4191   0.006705     0.0493    -0.0017 0.0000e+00
         18     -0.070     5.4194   0.006728     0.0495    -0.0016 0.0000e+00
         19     -0.070     5.4206   0.006745     0.0496    -0.0015 0.0000e+00
         20     -0.068     5.4220   0.006744     0.0496    -0.0016 0.0000e+00
         21     -0.067     5.4232   0.006727     0.0495    -0.0017 0.0000e+00
         22     -0.067     5.4238   0.006710     0.0494    -0.0018 0.0000e+00
         23     -0.066     5.4242   0.006714     0.0494    -0.0018 0.0000e+00
         24     -0.065     5.4246   0.006739     0.0496    -0.0017 0.0000e+00
         25     -0.066     5.4249   0.006756     0.0497    -0.0016 0.0000e+00
         26     -0.068     5.4254   0.006743     0.0496    -0.0017 0.0000e+00
         27     -0.070     5.4262   0.006714     0.0494    -0.0018 0.0000e+00
         28     -0.073     5.4273   0.006699     0.0493    -0.0020 0.0000e+00
         29     -0.073     5.4281   0.006700     0.0493    -0.0020 0.0000e+00
         30     -0.068     5.4286   0.006714     0.0494    -0.0019 0.0000e+00
         31     -0.065     5.4295   0.006743     0.0496    -0.0017 0.0000e+00
         32     -0.065     5.4312   0.006783     0.0499    -0.0016 0.0000e+00
         33     -0.065     5.4328   0.006827     0.0502    -0.0013 0.0000e+00
         34     -0.065     5.4336   0.006868     0.0505    -0.0011 0.0000e+00
         35     -0.065     5.4339   0.006900     0.0508    -0.0009 0.0000e+00
         36     -0.065     5.4343   0.006930     0.0510    -0.0007 0.0000e+00
         37     -0.065     5.4343   0.006949     0.0511    -0.0006 0.0000e+00
         38     -0.067     5.4338   0.006963     0.0512    -0.0005 0.0000e+00
         39     -0.069     5.4336   0.006985     0.0514    -0.0004 0.0000e+00
         40     -0.071     5.4342   0.007012     0.0516    -0.0003 0.0000e+00
         41     -0.073     5.4359   0.007035     0.0518    -0.0002 0.0000e+00
         42     -0.073     5.4377   0.007051     0.0519    -0.0001 0.0000e+00
         43     -0.072     5.4385   0.007062     0.0520    -0.0001 0.0000e+00
         44     -0.069     5.4386   0.007077     0.0521     0.0000 0.0000e+00
         45     -0.066     5.4382   0.007086     0.0521     0.0001 0.0000e+00
         46     -0.065     5.4375   0.007085     0.0521     0.0001 0.0000e+00
         47     -0.065     5.4371   0.007081     0.0521     0.0001 0.0000e+00
         48     -0.065     5.4371   0.007081     0.0521     0.0001 0.0000e+00
         49     -0.066     5.4375   0.007095     0.0522     0.0002 0.0000e+00
         50     -0.068     5.4384   0.007131     0.0525     0.0004 0.0000e+00
         51     -0.070     5.4398   0.007180     0.0528     0.0006 0.0000e+00
         52     -0.071     5.4417   0.007224     0.0532     0.0008 0.0000e+00
         53     -0.071     5.4441   0.007253     0.0534     0.0010 0.0000e+00
         54     -0.069     5.4466   0.007263     0.0535     0.0010 0.0000e+00
         55     -0.070     5.4484   0.007255     0.0534     0.0009 0.0000e+00
         56     -0.073     5.4495   0.007245     0.0533     0.0008 0.0000e+00
         57     -0.075     5.4497   0.007238     0.0533     0.0007 0.0000e+00
         58     -0.076     5.4489   0.007230     0.0532     0.0007 0.0000e+00
         59     -0.075     5.4484   0.007221     0.0531     0.0007 0.0000e+00
         60     -0.073     5.4496   0.007214     0.0531     0.0006 0.0000e+00
         61     -0.072     5.4512   0.007207     0.0530     0.0005 0.0000e+00
         62     -0.070     5.4517   0.007200     0.0530     0.0005 0.0000e+00
         63     -0.070     5.4509   0.007188     0.0529     0.0004 0.0000e+00
         64     -0.072     5.4496   0.007167     0.0527     0.0003 0.0000e+00
         65     -0.071     5.4484   0.007141     0.0525     0.0002 0.0000e+00
         66     -0.070     5.4477   0.007134     0.0525     0.0002 0.0000e+00
         67     -0.072     5.4475   0.007162     0.0527     0.0003 0.0000e+00
         68     -0.073     5.4482   0.007207     0.0530     0.0006 0.0000e+00
         69     -0.070     5.4498   0.007241     0.0533     0.0007 0.0000e+00
         70     -0.066     5.4520   0.007247     0.0533     0.0007 0.0000e+00
         71     -0.065     5.4529   0.007237     0.0533     0.0006 0.0000e+00
         72     -0.065     5.4523   0.007238     0.0533     0.0007 0.0000e+00
         73     -0.064     5.4506   0.007276     0.0536     0.0009 0.0000e+00
         74     -0.064     5.4497   0.007381     0.0543     0.0016 0.0000e+00
         75     -0.066     5.4498   0.007501     0.0552     0.0023 0.0000e+00
         76     -0.067     5.4506   0.007533     0.0555     0.0025 0.0000e+00
         77     -0.069     5.4518   0.007490     0.0552     0.0022 0.0000e+00
         78     -0.071     5.4531   0.007429     0.0547     0.0018 0.0000e+00
         79     -0.070     5.4535   0.007365     0.0542     0.0014 0.0000e+00
         80     -0.071     5.4529   0.007315     0.0538     0.0011 0.0000e+00
         81     -0.071     5.4526   0.007292     0.0537     0.0010 0.0000e+00
         82     -0.070     5.4531   0.007288     0.0536     0.0009 0.0000e+00
         83     -0.071     5.4541   0.007307     0.0538     0.0010 0.0000e+00
         84     -0.069     5.4553   0.007353     0.0541     0.0013 0.0000e+00
         85     -0.067     5.4566   0.007400     0.0545     0.0015 0.0000e+00
         86     -0.067     5.4577   0.007407     0.0545     0.0016 0.0000e+00
         87     -0.067     5.4585   0.007374     0.0543     0.0013 0.0000e+00
         88     -0.066     5.4595   0.007339     0.0540     0.0011 0.0000e+00
         89     -0.065     5.4603   0.007334     0.0540     0.0011 0.0000e+00
         90     -0.066     5.4608   0.007375     0.0543     0.0013 0.0000e+00
         91     -0.069     5.4614   0.007435     0.0547     0.0016 0.0000e+00
         92     -0.071     5.4625   0.007462     0.0549     0.0018 0.0000e+00
         93     -0.070     5.4635   0.007430     0.0547     0.0015 0.0000e+00
         94     -0.068     5.4639   0.007361     0.0542     0.0011 0.0000e+00
         95     -0.068     5.4633   0.007297     0.0537     0.0008 0.0000e+00
         96     -0.072     5.4621   0.007293     0.0537     0.0008 0.0000e+00
         97     -0.074     5.4612   0.007347     0.0541     0.0011 0.0000e+00
         98     -0.073     5.4612   0.007400     0.0545     0.0014 0.0000e+00
         99     -0.071     5.4609   0.007399     0.0545     0.0014 0.0000e+00
        100     -0.069     5.4598   0.007347     0.0541     0.0011 0.0000e+00
        101     -0.067     5.4597   0.007302     0.0537     0.0009 0.0000e+00
        102     -0.067     5.4606   0.007339     0.0540     0.0011 0.0000e+00
        103     -0.071     5.4615   0.007553     0.0556     0.0023 0.0000e+00
        104     -0.075     5.4615   0.007915     0.0583     0.0045 0.0000e+00
        105     -0.075     5.4600   0.008169     0.0602     0.0061 0.0000e+00
        106     -0.072     5.4577   0.008188     0.0604     0.0062 0.0000e+00
        107     -0.071     5.4563   0.008120     0.0599     0.0059 0.0000e+00
        108     -0.072     5.4566   0.008058     0.0594     0.0055 0.0000e+00
        109     -0.073     5.4575   0.008012     0.0591     0.0052 0.0000e+00
        110     -0.072     5.4579   0.008015     0.0591     0.0052 0.0000e+00
        111     -0.073     5.4573   0.008070     0.0595     0.0055 0.0000e+00
        112     -0.075     5.4568   0.008117     0.0598     0.0058 0.0000e+00
        113     -0.075     5.4569   0.008113     0.0598     0.0058 0.0000e+00
        114     -0.077     5.4573   0.008067     0.0595     0.0055 0.0000e+00
        115     -0.078     5.4552   0.007983     0.0588     0.0051 0.0000e+00
        116     -0.075     5.4490   0.007872     0.0580     0.0046 0.0000e+00
        117     -0.073     5.4431   0.007809     0.0576     0.0043 0.0000e+00
        118     -0.075     5.4425   0.007813     0.0576     0.0044 0.0000e+00
        119     -0.077     5.4451   0.007824     0.0577     0.0044 0.0000e+00
        120     -0.074     5.4478   0.007826     0.0577     0.0043 0.0000e+00
        121     -0.070     5.4501   0.007829     0.0577     0.0043 0.0000e+00
        122     -0.071     5.4521   0.007815     0.0576     0.0041 0.0000e+00
        123     -0.072     5.4537   0.007778     0.0573     0.0039 0.0000e+00
        124     -0.072     5.4550   0.007730     0.0569     0.0036 0.0000e+00
        125     -0.073     5.4558   0.007681     0.0566     0.0032 0.0000e+00
        126     -0.075     5.4547   0.007622     0.0561     0.0029 0.0000e+00
        127     -0.076     5.4520   0.007575     0.0558     0.0027 0.0000e+00
        128     -0.078     5.4509   0.007574     0.0558     0.0027 0.0000e+00
        129     -0.079     5.4519   0.007599     0.0560     0.0028 0.0000e+00
        130     -0.078     5.4529   0.007605     0.0560     0.0029 0.0000e+00
        131     -0.077     5.4537   0.007595     0.0559     0.0028 0.0000e+00
        132     -0.078     5.4543   0.007586     0.0559     0.0027 0.0000e+00
        133     -0.077     5.4539   0.007562     0.0557     0.0026 0.0000e+00
        134     -0.074     5.4523   0.007508     0.0553     0.0023 0.0000e+00
        135     -0.072     5.4497   0.007445     0.0548     0.0020 0.0000e+00
        136     -0.073     5.4474   0.007403     0.0545     0.0018 0.0000e+00
        137     -0.072     5.4467   0.007411     0.0546     0.0018 0.0000e+00
        138     -0.073     5.4479   0.007455     0.0549     0.0021 0.0000e+00
        139     -0.075     5.4505   0.007488     0.0551     0.0022 0.0000e+00
        140     -0.074     5.4530   0.007491     0.0552     0.0022 0.0000e+00
        141     -0.069     5.4545   0.007474     0.0550     0.0020 0.0000e+00
        142     -0.068     5.4555   0.007440     0.0548     0.0018 0.0000e+00
        143     -0.069     5.4563   0.007404     0.0545     0.0016 0.0000e+00
        144     -0.072     5.4561   0.007377     0.0543     0.0014 0.0000e+00
        145     -0.076     5.4554   0.007360     0.0542     0.0013 0.0000e+00
        146     -0.076     5.4552   0.007361     0.0542     0.0013 0.0000e+00
        147     -0.073     5.4558   0.007379     0.0543     0.0014 0.0000e+00
        148     -0.069     5.4566   0.007388     0.0544     0.0015 0.0000e+00
        149     -0.069     5.4564   0.007372     0.0543     0.0014 0.0000e+00
        150     -0.071     5.4543   0.007338     0.0540     0.0012 0.0000e+00
        151     -0.072     5.4518   0.007316     0.0539     0.0011 0.0000e+00
        152     -0.074     5.4514   0.007324     0.0539     0.0012 0.0000e+00
        153     -0.074     5.4526   0.007339     0.0540     0.0013 0.0000e+00
        154     -0.074     5.4535   0.007345     0.0541     0.0013 0.0000e+00
        155     -0.078     5.4541   0.007337     0.0540     0.0012 0.0000e+00
        156     -0.081     5.4549   0.007325     0.0539     0.0011 0.0000e+00
        157     -0.080     5.4552   0.007321     0.0539     0.0011 0.0000e+00
        158     -0.080     5.4551   0.007313     0.0538     0.0011 0.0000e+00
        159     -0.081     5.4551   0.007288     0.0536     0.0009 0.0000e+00
        160     -0.079     5.4555   0.007246     0.0533     0.0006 0.0000e+00
        161     -0.076     5.4564   0.007207     0.0530     0.0004 0.0000e+00
        162     -0.075     5.4570   0.007201     0.0530     0.0003 0.0000e+00
        163     -0.074     5.4573   0.007226     0.0532     0.0005 0.0000e+00
        164     -0.074     5.4572   0.007243     0.0533     0.0006 0.0000e+00
        165     -0.075     5.4568   0.007244     0.0533     0.0006 0.0000e+00
        166     -0.074     5.4566   0.007247     0.0533     0.0006 0.0000e+00
        167     -0.072     5.4566   0.007251     0.0534     0.0006 0.0000e+00
        168     -0.075     5.4566   0.007259     0.0534     0.0007 0.0000e+00
        169     -0.079     5.4564   0.007281     0.0536     0.0008 0.0000e+00
        170     -0.079     5.4554   0.007295     0.0537     0.0009 0.0000e+00
        171     -0.075     5.4535   0.007285     0.0536     0.0009 0.0000e+00
        172     -0.072     5.4504   0.007251     0.0534     0.0008 0.0000e+00
        173     -0.073     5.4474   0.007215     0.0531     0.0006 0.0000e+00
        174     -0.076     5.4460   0.007208     0.0531     0.0006 0.0000e+00
        175     -0.078     5.4459   0.007224     0.0532     0.0007 0.0000e+00
        176     -0.077     5.4459   0.007247     0.0533     0.0009 0.0000e+00
        177     -0.075     5.4459   0.007283     0.0536     0.0011 0.0000e+00
        178     -0.075     5.4455   0.007323     0.0539     0.0013 0.0000e+00
        179     -0.075     5.4445   0.007340     0.0540     0.0015 0.0000e+00
        180     -0.077     5.4437   0.007332     0.0540     0.0014 0.0000e+00
        181     -0.080     5.4442   0.007308     0.0538     0.0013 0.0000e+00
        182     -0.080     5.4453   0.007283     0.0536     0.0011 0.0000e+00
        183     -0.077     5.4458   0.007272     0.0535     0.0010 0.0000e+00
        184     -0.077     5.4452   0.007289     0.0537     0.0011 0.0000e+00
        185     -0.079     5.4444   0.007326     0.0539     0.0014 0.0000e+00
        186     -0.079     5.4436   0.007342     0.0541     0.0015 0.0000e+00
        187     -0.075     5.4430   0.007313     0.0538     0.0013 0.0000e+00
        188     -0.073     5.4425   0.007254     0.0534     0.0010 0.0000e+00
        189     -0.075     5.4421   0.007194     0.0530     0.0007 0.0000e+00
        190     -0.076     5.4416   0.007153     0.0526     0.0004 0.0000e+00
        191     -0.079     5.4410   0.007142     0.0526     0.0004 0.0000e+00
        192     -0.083     5.4402   0.007157     0.0527     0.0005 0.0000e+00
        193     -0.083     5.4396   0.007174     0.0528     0.0006 0.0000e+00
        194     -0.082     5.4391   0.007172     0.0528     0.0006 0.0000e+00
        195     -0.084     5.4382   0.007154     0.0527     0.0005 0.0000e+00
        196     -0.083     5.4370   0.007131     0.0525     0.0004 0.0000e+00
        197     -0.080     5.4364   0.007113     0.0524     0.0003 0.0000e+00
        198     -0.080     5.4370   0.007101     0.0523     0.0002 0.0000e+00
        199     -0.079     5.4386   0.007092     0.0522     0.0001 0.0000e+00
        200     -0.075     5.4401   0.007082     0.0521     0.0000 0.0000e+00
        201     -0.075     5.4411   0.007074     0.0521    -0.0000 0.0000e+00
        202     -0.077     5.4414   0.007076     0.0521    -0.0000 0.0000e+00
        203     -0.078     5.4410   0.007093     0.0522     0.0001 0.0000e+00
        204     -0.075     5.4410   0.007117     0.0524     0.0002 0.0000e+00
        205     -0.075     5.4418   0.007128     0.0525     0.0003 0.0000e+00
