Datasets/Test_Dataset_39219_tow/tel219_2021_005.cnv
* Sea-Bird SBE19plus Data File:
* Filename = C:/AQUIRE/tel219_2021_005.hex
* Software Version AquireV2 AF V2.0
* Temperature SN =  4020
* Conductivity SN =  4020
* System UpLoad Time = May 06 2021 09:08:31
** VESSEL/TRIP/SEQ STN: tel219_2021_005
** LATITUDE: 45 51.93 N
** LONGITUDE: 055 16.13 W
** DATE/TIME: 2021-05-06 08:30
** SOUNDING DEPTH (M): 0158
** PROBE TYPE: S4020
** CTD NUMBER: 005
** FORMAT: T
** COMMENTS: 
# nquan = 7                                 
# nvalues = 2322                        
# units = specified
# name 0 = scan: Scan Count
# name 1 = prdM: Pressure, Strain Gauge [db]
# name 2 = tv290C: Temperature [ITS-90, deg C]
# name 3 = c0S/m: Conductivity [S/m]
# name 4 = sal00: Salinity, Practical [PSU]
# name 5 = sigma-t00: Density [sigma-t, kg/m^3 ]
# name 6 = flag: flag
# span 0 =          1,       2322       
# span 1 =     -0.123,    154.995       
# span 2 =     0.1677,     3.2390       
# span 3 =   0.001643,   2.945911       
# span 4 =     0.0120,    32.6304       
# span 5 =    -0.0238,    26.1852       
# span 6 = 0.0000e+00, 0.0000e+00       
# interval = seconds: 1
# start_time = May 06 2021 08:30:48 [Instrument's time stamp, header]
# bad_flag = -9.990e-29
*END*
[from data line 616]
        617    152.081     0.1754   2.745181    32.6233    26.1794 0.0000e+00
        618    152.162     0.1754   2.745187    32.6233    26.1794 0.0000e+00
        619    152.241     0.1754   2.745193    32.6234    26.1795 0.0000e+00
        620    152.324     0.1754   2.745137    32.6226    26.1788 0.0000e+00
        621    152.405     0.1754   2.745040    32.6213    26.1778 0.0000e+00
        622    152.479     0.1754   2.745058    32.6215    26.1779 0.0000e+00
        623    152.547     0.1754   2.745164    32.6228    26.1790 0.0000e+00
        624    152.606     0.1754   2.745214    32.6234    26.1795 0.0000e+00
        625    152.651     0.1754   2.745221    32.6235    26.1796 0.0000e+00
        626    152.687     0.1754   2.745226    32.6235    26.1796 0.0000e+00
        627    152.727     0.1754   2.745227    32.6235    26.1796 0.0000e+00
        628    152.773     0.1753   2.745230    32.6236    26.1797 0.0000e+00
        629    152.812     0.1752   2.745234    32.6238    26.1798 0.0000e+00
        630    152.836     0.1752   2.745237    32.6238    26.1798 0.0000e+00
        631    152.850     0.1752   2.745235    32.6238    26.1798 0.0000e+00
        632    152.866     0.1752   2.745233    32.6237    26.1798 0.0000e+00
        633    152.895     0.1752   2.745231    32.6237    26.1797 0.0000e+00
        634    152.940     0.1752   2.745227    32.6236    26.1797 0.0000e+00
        635    152.987     0.1752   2.745228    32.6236    26.1797 0.0000e+00
        636    153.022     0.1752   2.745235    32.6237    26.1797 0.0000e+00
        637    153.043     0.1752   2.745241    32.6237    26.1798 0.0000e+00
        638    153.059     0.1752   2.745242    32.6237    26.1798 0.0000e+00
        639    153.078     0.1753   2.745238    32.6236    26.1796 0.0000e+00
        640    153.100     0.1753   2.745233    32.6235    26.1796 0.0000e+00
        641    153.124     0.1753   2.745241    32.6236    26.1797 0.0000e+00
        642    153.142     0.1752   2.745248    32.6238    26.1798 0.0000e+00
        643    153.150     0.1752   2.745249    32.6238    26.1798 0.0000e+00
        644    153.149     0.1752   2.745248    32.6238    26.1798 0.0000e+00
        645    153.151     0.1752   2.745243    32.6237    26.1798 0.0000e+00
        646    153.168     0.1752   2.745242    32.6237    26.1797 0.0000e+00
        647    153.198     0.1752   2.745247    32.6237    26.1798 0.0000e+00
        648    153.225     0.1751   2.745249    32.6238    26.1799 0.0000e+00
        649    153.241     0.1751   2.745252    32.6239    26.1799 0.0000e+00
        650    153.246     0.1751   2.745257    32.6239    26.1799 0.0000e+00
        651    153.250     0.1750   2.745258    32.6241    26.1800 0.0000e+00
        652    153.258     0.1750   2.745259    32.6241    26.1801 0.0000e+00
        653    153.268     0.1750   2.745260    32.6241    26.1801 0.0000e+00
        654    153.275     0.1750   2.745260    32.6241    26.1801 0.0000e+00
        655    153.281     0.1750   2.745261    32.6241    26.1801 0.0000e+00
        656    153.288     0.1750   2.745262    32.6241    26.1801 0.0000e+00
        657    153.294     0.1750   2.745261    32.6241    26.1801 0.0000e+00
        658    153.300     0.1751   2.745265    32.6240    26.1800 0.0000e+00
        659    153.308     0.1750   2.745270    32.6242    26.1801 0.0000e+00
        660    153.313     0.1750   2.745271    32.6242    26.1802 0.0000e+00
        661    153.313     0.1750   2.745271    32.6242    26.1802 0.0000e+00
        662    153.311     0.1750   2.745270    32.6242    26.1801 0.0000e+00
        663    153.308     0.1750   2.745268    32.6242    26.1801 0.0000e+00
        664    153.306     0.1750   2.745267    32.6241    26.1801 0.0000e+00
        665    153.306     0.1750   2.745265    32.6241    26.1801 0.0000e+00
        666    153.309     0.1750   2.745261    32.6241    26.1801 0.0000e+00
        667    153.318     0.1750   2.745259    32.6240    26.1800 0.0000e+00
        668    153.328     0.1749   2.745265    32.6242    26.1802 0.0000e+00
        669    153.331     0.1749   2.745272    32.6243    26.1802 0.0000e+00
        670    153.330     0.1749   2.745268    32.6243    26.1802 0.0000e+00
        671    153.329     0.1749   2.745267    32.6242    26.1802 0.0000e+00
        672    153.328     0.1749   2.745274    32.6243    26.1803 0.0000e+00
        673    153.328     0.1749   2.745277    32.6244    26.1803 0.0000e+00
        674    153.328     0.1749   2.745277    32.6244    26.1803 0.0000e+00
        675    153.326     0.1749   2.745279    32.6244    26.1803 0.0000e+00
        676    153.324     0.1749   2.745279    32.6244    26.1803 0.0000e+00
        677    153.331     0.1749   2.745271    32.6243    26.1802 0.0000e+00
        678    153.342     0.1749   2.745259    32.6241    26.1801 0.0000e+00
        679    153.348     0.1749   2.745257    32.6241    26.1801 0.0000e+00
        680    153.345     0.1749   2.745268    32.6242    26.1802 0.0000e+00
        681    153.336     0.1749   2.745280    32.6244    26.1803 0.0000e+00
        682    153.327     0.1749   2.745281    32.6244    26.1803 0.0000e+00
        683    153.327     0.1749   2.745279    32.6244    26.1803 0.0000e+00
        684    153.332     0.1749   2.745277    32.6244    26.1803 0.0000e+00
        685    153.337     0.1749   2.745277    32.6244    26.1803 0.0000e+00
        686    153.339     0.1749   2.745272    32.6243    26.1802 0.0000e+00
        687    153.339     0.1749   2.745265    32.6242    26.1802 0.0000e+00
        688    153.344     0.1749   2.745261    32.6242    26.1801 0.0000e+00
        689    153.352     0.1749   2.745261    32.6241    26.1801 0.0000e+00
        690    153.356     0.1749   2.745268    32.6242    26.1802 0.0000e+00
        691    153.355     0.1749   2.745277    32.6244    26.1803 0.0000e+00
        692    153.354     0.1749   2.745279    32.6244    26.1803 0.0000e+00
        693    153.353     0.1749   2.745283    32.6244    26.1804 0.0000e+00
        694    153.351     0.1749   2.745285    32.6245    26.1804 0.0000e+00
        695    153.348     0.1749   2.745283    32.6244    26.1804 0.0000e+00
        696    153.345     0.1749   2.745280    32.6244    26.1803 0.0000e+00
        697    153.344     0.1749   2.745278    32.6244    26.1803 0.0000e+00
        698    153.347     0.1749   2.745280    32.6244    26.1803 0.0000e+00
        699    153.350     0.1749   2.745284    32.6244    26.1804 0.0000e+00
        700    153.352     0.1749   2.745285    32.6245    26.1804 0.0000e+00
        701    153.355     0.1749   2.745286    32.6245    26.1804 0.0000e+00
        702    153.359     0.1749   2.745290    32.6245    26.1804 0.0000e+00
        703    153.361     0.1749   2.745291    32.6245    26.1804 0.0000e+00
        704    153.361     0.1749   2.745289    32.6245    26.1804 0.0000e+00
        705    153.367     0.1749   2.745286    32.6245    26.1804 0.0000e+00
        706    153.377     0.1749   2.745287    32.6245    26.1804 0.0000e+00
        707    153.386     0.1749   2.745289    32.6245    26.1804 0.0000e+00
        708    153.389     0.1749   2.745291    32.6245    26.1804 0.0000e+00
        709    153.388     0.1749   2.745295    32.6246    26.1805 0.0000e+00
        710    153.386     0.1749   2.745295    32.6246    26.1805 0.0000e+00
        711    153.384     0.1749   2.745292    32.6245    26.1804 0.0000e+00
        712    153.383     0.1749   2.745290    32.6245    26.1804 0.0000e+00
        713    153.389     0.1749   2.745288    32.6245    26.1804 0.0000e+00
        714    153.399     0.1749   2.745288    32.6245    26.1804 0.0000e+00
        715    153.404     0.1749   2.745287    32.6245    26.1804 0.0000e+00
        716    153.407     0.1749   2.745285    32.6244    26.1804 0.0000e+00
        717    153.410     0.1749   2.745279    32.6243    26.1803 0.0000e+00
        718    153.417     0.1749   2.745278    32.6243    26.1803 0.0000e+00
        719    153.425     0.1749   2.745287    32.6244    26.1804 0.0000e+00
        720    153.429     0.1749   2.745292    32.6245    26.1804 0.0000e+00
        721    153.429     0.1749   2.745290    32.6245    26.1804 0.0000e+00
        722    153.429     0.1748   2.745291    32.6246    26.1805 0.0000e+00
        723    153.433     0.1749   2.745295    32.6245    26.1804 0.0000e+00
        724    153.440     0.1749   2.745298    32.6246    26.1805 0.0000e+00
        725    153.449     0.1749   2.745298    32.6246    26.1805 0.0000e+00
        726    153.458     0.1749   2.745301    32.6246    26.1805 0.0000e+00
        727    153.462     0.1749   2.745307    32.6247    26.1806 0.0000e+00
        728    153.462     0.1749   2.745306    32.6247    26.1805 0.0000e+00
        729    153.460     0.1748   2.745309    32.6248    26.1807 0.0000e+00
        730    153.462     0.1748   2.745319    32.6249    26.1808 0.0000e+00
        731    153.472     0.1748   2.745324    32.6250    26.1808 0.0000e+00
        732    153.487     0.1748   2.745322    32.6250    26.1808 0.0000e+00
        733    153.504     0.1748   2.745322    32.6250    26.1808 0.0000e+00
        734    153.521     0.1748   2.745322    32.6250    26.1808 0.0000e+00
        735    153.533     0.1748   2.745322    32.6249    26.1808 0.0000e+00
        736    153.540     0.1748   2.745319    32.6249    26.1807 0.0000e+00
        737    153.546     0.1748   2.745315    32.6248    26.1807 0.0000e+00
        738    153.548     0.1748   2.745312    32.6248    26.1807 0.0000e+00
        739    153.544     0.1748   2.745315    32.6248    26.1807 0.0000e+00
        740    153.540     0.1748   2.745318    32.6249    26.1807 0.0000e+00
        741    153.541     0.1748   2.745314    32.6248    26.1807 0.0000e+00
        742    153.549     0.1749   2.745311    32.6247    26.1806 0.0000e+00
        743    153.559     0.1749   2.745311    32.6247    26.1806 0.0000e+00
        744    153.565     0.1749   2.745311    32.6247    26.1806 0.0000e+00
        745    153.567     0.1749   2.745318    32.6248    26.1806 0.0000e+00
        746    153.571     0.1749   2.745324    32.6248    26.1807 0.0000e+00
        747    153.583     0.1749   2.745318    32.6248    26.1806 0.0000e+00
        748    153.604     0.1749   2.745307    32.6246    26.1805 0.0000e+00
        749    153.624     0.1749   2.745309    32.6246    26.1805 0.0000e+00
        750    153.628     0.1749   2.745321    32.6248    26.1806 0.0000e+00
        751    153.623     0.1748   2.745324    32.6249    26.1808 0.0000e+00
        752    153.624     0.1748   2.745324    32.6249    26.1808 0.0000e+00
        753    153.633     0.1748   2.745325    32.6249    26.1808 0.0000e+00
        754    153.645     0.1748   2.745329    32.6250    26.1808 0.0000e+00
        755    153.660     0.1748   2.745337    32.6251    26.1809 0.0000e+00
        756    153.679     0.1747   2.745347    32.6253    26.1811 0.0000e+00
        757    153.699     0.1748   2.745346    32.6252    26.1810 0.0000e+00
        758    153.711     0.1748   2.745338    32.6251    26.1809 0.0000e+00
        759    153.711     0.1748   2.745335    32.6250    26.1808 0.0000e+00
        760    153.703     0.1748   2.745336    32.6250    26.1808 0.0000e+00
        761    153.699     0.1748   2.745340    32.6251    26.1809 0.0000e+00
        762    153.710     0.1748   2.745346    32.6252    26.1809 0.0000e+00
        763    153.734     0.1748   2.745350    32.6252    26.1810 0.0000e+00
        764    153.755     0.1748   2.745350    32.6252    26.1810 0.0000e+00
        765    153.768     0.1748   2.745349    32.6252    26.1809 0.0000e+00
        766    153.774     0.1748   2.745342    32.6251    26.1809 0.0000e+00
        767    153.775     0.1748   2.745331    32.6249    26.1808 0.0000e+00
        768    153.770     0.1748   2.745330    32.6249    26.1807 0.0000e+00
        769    153.769     0.1748   2.745338    32.6250    26.1808 0.0000e+00
        770    153.776     0.1748   2.745347    32.6251    26.1809 0.0000e+00
        771    153.787     0.1748   2.745353    32.6252    26.1810 0.0000e+00
        772    153.796     0.1747   2.745353    32.6253    26.1811 0.0000e+00
        773    153.805     0.1747   2.745353    32.6253    26.1811 0.0000e+00
        774    153.818     0.1748   2.745355    32.6252    26.1810 0.0000e+00
        775    153.837     0.1748   2.745355    32.6252    26.1810 0.0000e+00
        776    153.854     0.1748   2.745355    32.6252    26.1810 0.0000e+00
        777    153.862     0.1748   2.745357    32.6252    26.1810 0.0000e+00
        778    153.866     0.1748   2.745360    32.6253    26.1810 0.0000e+00
        779    153.871     0.1748   2.745364    32.6253    26.1811 0.0000e+00
        780    153.879     0.1748   2.745369    32.6254    26.1811 0.0000e+00
        781    153.886     0.1748   2.745365    32.6253    26.1811 0.0000e+00
        782    153.886     0.1747   2.745360    32.6253    26.1811 0.0000e+00
        783    153.882     0.1747   2.745367    32.6254    26.1812 0.0000e+00
        784    153.887     0.1747   2.745371    32.6255    26.1812 0.0000e+00
        785    153.898     0.1747   2.745366    32.6254    26.1812 0.0000e+00
        786    153.907     0.1747   2.745364    32.6254    26.1811 0.0000e+00
        787    153.912     0.1747   2.745369    32.6255    26.1812 0.0000e+00
        788    153.914     0.1747   2.745373    32.6255    26.1812 0.0000e+00
        789    153.918     0.1747   2.745371    32.6255    26.1812 0.0000e+00
        790    153.932     0.1747   2.745362    32.6253    26.1811 0.0000e+00
        791    153.951     0.1747   2.745355    32.6252    26.1810 0.0000e+00
        792    153.965     0.1748   2.745355    32.6251    26.1809 0.0000e+00
        793    153.970     0.1748   2.745357    32.6252    26.1809 0.0000e+00
        794    153.971     0.1748   2.745363    32.6252    26.1810 0.0000e+00
        795    153.972     0.1748   2.745374    32.6254    26.1811 0.0000e+00
        796    153.976     0.1748   2.745377    32.6254    26.1811 0.0000e+00
        797    153.985     0.1748   2.745373    32.6254    26.1811 0.0000e+00
        798    154.001     0.1747   2.745370    32.6254    26.1812 0.0000e+00
        799    154.017     0.1747   2.745375    32.6255    26.1812 0.0000e+00
        800    154.028     0.1747   2.745381    32.6255    26.1813 0.0000e+00
        801    154.033     0.1747   2.745385    32.6256    26.1813 0.0000e+00
        802    154.034     0.1747   2.745388    32.6256    26.1813 0.0000e+00
        803    154.037     0.1747   2.745388    32.6256    26.1813 0.0000e+00
        804    154.045     0.1747   2.745387    32.6256    26.1813 0.0000e+00
        805    154.052     0.1747   2.745384    32.6256    26.1813 0.0000e+00
        806    154.056     0.1747   2.745379    32.6255    26.1812 0.0000e+00
        807    154.058     0.1747   2.745378    32.6255    26.1812 0.0000e+00
        808    154.061     0.1747   2.745379    32.6255    26.1812 0.0000e+00
        809    154.067     0.1747   2.745376    32.6255    26.1812 0.0000e+00
        810    154.076     0.1747   2.745375    32.6254    26.1812 0.0000e+00
        811    154.083     0.1747   2.745384    32.6255    26.1813 0.0000e+00
        812    154.085     0.1747   2.745391    32.6256    26.1813 0.0000e+00
        813    154.079     0.1747   2.745393    32.6257    26.1814 0.0000e+00
        814    154.073     0.1747   2.745397    32.6257    26.1814 0.0000e+00
        815    154.079     0.1747   2.745401    32.6258    26.1814 0.0000e+00
        816    154.094     0.1747   2.745407    32.6258    26.1815 0.0000e+00
        817    154.102     0.1747   2.745411    32.6259    26.1815 0.0000e+00
        818    154.097     0.1747   2.745410    32.6259    26.1815 0.0000e+00
        819    154.089     0.1747   2.745401    32.6258    26.1814 0.0000e+00
        820    154.087     0.1747   2.745394    32.6257    26.1814 0.0000e+00
