Datasets/Test_Dataset_39219_tow/tel219_2021_051.cnv
* Sea-Bird SBE19plus Data File:
* Filename = C:/AQUIRE/tel219_2021_051.hex
* Software Version AquireV2 AF V2.0
* Temperature SN =  4020
* Conductivity SN =  4020
* System UpLoad Time = May 13 2021 09:31:28
** VESSEL/TRIP/SEQ STN: tel219_2021_051
** LATITUDE: 45 02.49 N
** LONGITUDE: 55 24.80 W
** DATE/TIME: 2021-05-13 08:41
** SOUNDING DEPTH (M): 0199
** PROBE TYPE: S4020
** CTD NUMBER:  51
** FORMAT: T
** COMMENTS: 
# nquan = 7                                 
# nvalues = 3042                        
# units = specified
# name 0 = scan: Scan Count
# name 1 = prdM: Pressure, Strain Gauge [db]
# name 2 = tv290C: Temperature [ITS-90, deg C]
# name 3 = c0S/m: Conductivity [S/m]
# name 4 = sal00: Salinity, Practical [PSU]
# name 5 = sigma-t00: Density [sigma-t, kg/m^3 ]
# name 6 = flag: flag
# span 0 =          1,       3042       
# span 1 =     -0.349,    200.438       
# span 2 =     0.9886,     8.7244       
# span 3 =   0.012797,   3.699471       
# span 4 =     0.0988,    35.0182       
# span 5 =     0.0547,    27.1901       
# span 6 = 0.0000e+00, 0.0000e+00       
# interval = seconds: 1
# start_time = May 13 2021 08:41:44 [Instrument's time stamp, header]
# bad_flag = -9.990e-29
*END*
[from data line 1026]
       1027    178.456     8.5343   3.671790    34.9223    27.1310 0.0000e+00
       1028    178.386     8.5435   3.672456    34.9202    27.1280 0.0000e+00
       1029    178.330     8.5500   3.673014    34.9198    27.1266 0.0000e+00
       1030    178.293     8.5524   3.672713    34.9142    27.1219 0.0000e+00
       1031    178.271     8.5522   3.672218    34.9092    27.1180 0.0000e+00
       1032    178.254     8.5564   3.673049    34.9138    27.1210 0.0000e+00
       1033    178.243     8.5644   3.674530    34.9216    27.1258 0.0000e+00
       1034    178.240     8.5696   3.675203    34.9236    27.1266 0.0000e+00
       1035    178.248     8.5718   3.675280    34.9222    27.1252 0.0000e+00
       1036    178.262     8.5744   3.675576    34.9228    27.1252 0.0000e+00
       1037    178.282     8.5773   3.676029    34.9247    27.1263 0.0000e+00
       1038    178.315     8.5771   3.676125    34.9259    27.1272 0.0000e+00
       1039    178.359     8.5717   3.675683    34.9266    27.1286 0.0000e+00
       1040    178.417     8.5628   3.674898    34.9270    27.1303 0.0000e+00
       1041    178.486     8.5521   3.673836    34.9263    27.1315 0.0000e+00
       1042    178.563     8.5425   3.672697    34.9237    27.1309 0.0000e+00
       1043    178.646     8.5401   3.672352    34.9224    27.1302 0.0000e+00
       1044    178.736     8.5455   3.672938    34.9232    27.1300 0.0000e+00
       1045    178.834     8.5527   3.673579    34.9228    27.1286 0.0000e+00
       1046    178.942     8.5572   3.673830    34.9210    27.1265 0.0000e+00
       1047    179.063     8.5596   3.673885    34.9191    27.1247 0.0000e+00
       1048    179.200     8.5621   3.674117    34.9191    27.1242 0.0000e+00
       1049    179.356     8.5643   3.674409    34.9199    27.1245 0.0000e+00
       1050    179.523     8.5652   3.674414    34.9190    27.1237 0.0000e+00
       1051    179.689     8.5659   3.674311    34.9171    27.1221 0.0000e+00
       1052    179.853     8.5667   3.674412    34.9173    27.1221 0.0000e+00
       1053    180.022     8.5664   3.674579    34.9193    27.1237 0.0000e+00
       1054    180.206     8.5653   3.674512    34.9196    27.1241 0.0000e+00
       1055    180.407     8.5651   3.674282    34.9173    27.1223 0.0000e+00
       1056    180.609     8.5656   3.674129    34.9151    27.1205 0.0000e+00
       1057    180.802     8.5640   3.674141    34.9167    27.1220 0.0000e+00
       1058    181.000     8.5595   3.674082    34.9204    27.1257 0.0000e+00
       1059    181.218     8.5537   3.673659    34.9215    27.1275 0.0000e+00
       1060    181.458     8.5494   3.673117    34.9199    27.1269 0.0000e+00
       1061    181.707     8.5469   3.672828    34.9192    27.1267 0.0000e+00
       1062    181.952     8.5432   3.672516    34.9195    27.1275 0.0000e+00
       1063    182.204     8.5358   3.671696    34.9180    27.1275 0.0000e+00
       1064    182.478     8.5276   3.670684    34.9152    27.1266 0.0000e+00
       1065    182.773     8.5222   3.670124    34.9145    27.1269 0.0000e+00
       1066    183.067     8.5200   3.669965    34.9149    27.1275 0.0000e+00
       1067    183.345     8.5191   3.669874    34.9146    27.1274 0.0000e+00
       1068    183.615     8.5185   3.669782    34.9141    27.1271 0.0000e+00
       1069    183.898     8.5162   3.669632    34.9147    27.1279 0.0000e+00
       1070    184.201     8.5115   3.669223    34.9148    27.1288 0.0000e+00
       1071    184.518     8.5061   3.668663    34.9141    27.1290 0.0000e+00
       1072    184.842     8.5028   3.668392    34.9143    27.1297 0.0000e+00
       1073    185.165     8.5021   3.668368    34.9146    27.1301 0.0000e+00
       1074    185.489     8.5043   3.668457    34.9132    27.1286 0.0000e+00
       1075    185.828     8.5112   3.669067    34.9127    27.1272 0.0000e+00
       1076    186.194     8.5212   3.670176    34.9144    27.1269 0.0000e+00
       1077    186.575     8.5298   3.671032    34.9148    27.1259 0.0000e+00
       1078    186.937     8.5349   3.671421    34.9137    27.1242 0.0000e+00
       1079    187.267     8.5356   3.671615    34.9149    27.1251 0.0000e+00
       1080    187.579     8.5317   3.671410    34.9164    27.1269 0.0000e+00
       1081    187.893     8.5268   3.671009    34.9169    27.1280 0.0000e+00
       1082    188.216     8.5240   3.670876    34.9181    27.1294 0.0000e+00
       1083    188.537     8.5227   3.670772    34.9181    27.1296 0.0000e+00
       1084    188.838     8.5225   3.670710    34.9175    27.1292 0.0000e+00
       1085    189.116     8.5229   3.670802    34.9180    27.1295 0.0000e+00
       1086    189.383     8.5239   3.670957    34.9185    27.1297 0.0000e+00
       1087    189.649     8.5251   3.671182    34.9196    27.1304 0.0000e+00
       1088    189.929     8.5249   3.671297    34.9208    27.1314 0.0000e+00
       1089    190.229     8.5237   3.671212    34.9210    27.1317 0.0000e+00
       1090    190.520     8.5227   3.671066    34.9203    27.1313 0.0000e+00
       1091    190.771     8.5229   3.671042    34.9197    27.1308 0.0000e+00
       1092    190.988     8.5247   3.671306    34.9206    27.1313 0.0000e+00
       1093    191.215     8.5275   3.671765    34.9226    27.1324 0.0000e+00
       1094    191.478     8.5303   3.672093    34.9232    27.1324 0.0000e+00
       1095    191.757     8.5328   3.672303    34.9228    27.1317 0.0000e+00
       1096    192.012     8.5349   3.672560    34.9233    27.1318 0.0000e+00
       1097    192.218     8.5364   3.672798    34.9243    27.1323 0.0000e+00
       1098    192.388     8.5370   3.673015    34.9259    27.1335 0.0000e+00
       1099    192.560     8.5358   3.673026    34.9271    27.1346 0.0000e+00
       1100    192.772     8.5349   3.672972    34.9273    27.1349 0.0000e+00
       1101    193.027     8.5378   3.673525    34.9302    27.1367 0.0000e+00
       1102    193.286     8.5424   3.674182    34.9325    27.1378 0.0000e+00
       1103    193.498     8.5442   3.674149    34.9303    27.1358 0.0000e+00
       1104    193.653     8.5444   3.673968    34.9281    27.1340 0.0000e+00
       1105    193.790     8.5447   3.674151    34.9297    27.1352 0.0000e+00
       1106    193.950     8.5428   3.674166    34.9316    27.1371 0.0000e+00
       1107    194.151     8.5388   3.673712    34.9307    27.1369 0.0000e+00
       1108    194.380     8.5355   3.673238    34.9288    27.1360 0.0000e+00
       1109    194.592     8.5340   3.672962    34.9273    27.1350 0.0000e+00
       1110    194.745     8.5336   3.672901    34.9269    27.1348 0.0000e+00
       1111    194.838     8.5356   3.673150    34.9276    27.1350 0.0000e+00
       1112    194.922     8.5435   3.674067    34.9294    27.1352 0.0000e+00
       1113    195.046     8.5567   3.675734    34.9340    27.1367 0.0000e+00
       1114    195.203     8.5686   3.677128    34.9369    27.1372 0.0000e+00
       1115    195.343     8.5745   3.677443    34.9343    27.1342 0.0000e+00
       1116    195.430     8.5737   3.677169    34.9322    27.1327 0.0000e+00
       1117    195.479     8.5663   3.676551    34.9329    27.1344 0.0000e+00
       1118    195.544     8.5553   3.675419    34.9318    27.1352 0.0000e+00
       1119    195.659     8.5484   3.674811    34.9321    27.1366 0.0000e+00
       1120    195.802     8.5496   3.675296    34.9360    27.1394 0.0000e+00
       1121    195.926     8.5530   3.675750    34.9374    27.1400 0.0000e+00
       1122    196.003     8.5526   3.675649    34.9367    27.1395 0.0000e+00
       1123    196.048     8.5473   3.675050    34.9355    27.1394 0.0000e+00
       1124    196.106     8.5408   3.674155    34.9325    27.1380 0.0000e+00
       1125    196.200     8.5383   3.673835    34.9315    27.1377 0.0000e+00
       1126    196.315     8.5404   3.674160    34.9328    27.1384 0.0000e+00
       1127    196.416     8.5439   3.674524    34.9331    27.1381 0.0000e+00
       1128    196.487     8.5460   3.674750    34.9334    27.1380 0.0000e+00
       1129    196.548     8.5472   3.675006    34.9349    27.1390 0.0000e+00
       1130    196.624     8.5488   3.675351    34.9370    27.1403 0.0000e+00
       1131    196.721     8.5496   3.675546    34.9382    27.1412 0.0000e+00
       1132    196.829     8.5494   3.675501    34.9379    27.1409 0.0000e+00
       1133    196.934     8.5495   3.675478    34.9375    27.1406 0.0000e+00
       1134    197.025     8.5509   3.675632    34.9377    27.1405 0.0000e+00
       1135    197.095     8.5541   3.676051    34.9389    27.1410 0.0000e+00
       1136    197.158     8.5597   3.676855    34.9419    27.1425 0.0000e+00
       1137    197.239     8.5666   3.677811    34.9451    27.1439 0.0000e+00
       1138    197.343     8.5720   3.678540    34.9474    27.1449 0.0000e+00
       1139    197.445     8.5746   3.678784    34.9474    27.1445 0.0000e+00
       1140    197.527     8.5766   3.678870    34.9463    27.1433 0.0000e+00
       1141    197.585     8.5798   3.679278    34.9474    27.1437 0.0000e+00
       1142    197.640     8.5850   3.680006    34.9500    27.1449 0.0000e+00
       1143    197.713     8.5925   3.681166    34.9548    27.1475 0.0000e+00
       1144    197.807     8.5985   3.682126    34.9590    27.1498 0.0000e+00
       1145    197.903     8.5983   3.681951    34.9573    27.1485 0.0000e+00
       1146    197.984     8.5926   3.681186    34.9548    27.1474 0.0000e+00
       1147    198.053     8.5845   3.680224    34.9526    27.1470 0.0000e+00
       1148    198.125     8.5741   3.678756    34.9473    27.1445 0.0000e+00
       1149    198.210     8.5629   3.677104    34.9408    27.1411 0.0000e+00
       1150    198.301     8.5556   3.676107    34.9374    27.1396 0.0000e+00
       1151    198.380     8.5563   3.676299    34.9387    27.1405 0.0000e+00
       1152    198.445     8.5630   3.677326    34.9430    27.1428 0.0000e+00
       1153    198.506     8.5728   3.678632    34.9471    27.1445 0.0000e+00
       1154    198.572     8.5875   3.680400    34.9512    27.1454 0.0000e+00
       1155    198.634     8.6073   3.683072    34.9599    27.1491 0.0000e+00
       1156    198.685     8.6250   3.685784    34.9710    27.1551 0.0000e+00
       1157    198.730     8.6371   3.687600    34.9782    27.1589 0.0000e+00
       1158    198.778     8.6471   3.688923    34.9823    27.1605 0.0000e+00
       1159    198.826     8.6519   3.689459    34.9832    27.1604 0.0000e+00
       1160    198.868     8.6453   3.688170    34.9761    27.1559 0.0000e+00
       1161    198.908     8.6314   3.685678    34.9635    27.1482 0.0000e+00
       1162    198.954     8.6178   3.683636    34.9553    27.1439 0.0000e+00
       1163    199.008     8.6064   3.682476    34.9543    27.1449 0.0000e+00
       1164    199.055     8.5991   3.681845    34.9548    27.1464 0.0000e+00
       1165    199.078     8.5980   3.681793    34.9553    27.1470 0.0000e+00
       1166    199.085     8.6014   3.682331    34.9577    27.1483 0.0000e+00
       1167    199.100     8.6053   3.682703    34.9577    27.1478 0.0000e+00
       1168    199.135     8.6084   3.682634    34.9539    27.1443 0.0000e+00
       1169    199.184     8.6120   3.682703    34.9511    27.1415 0.0000e+00
       1170    199.228     8.6154   3.682975    34.9506    27.1406 0.0000e+00
       1171    199.258     8.6174   3.683157    34.9505    27.1402 0.0000e+00
       1172    199.280     8.6185   3.683266    34.9505    27.1401 0.0000e+00
       1173    199.295     8.6196   3.683433    34.9512    27.1404 0.0000e+00
       1174    199.311     8.6202   3.683451    34.9508    27.1400 0.0000e+00
       1175    199.339     8.6204   3.683302    34.9490    27.1386 0.0000e+00
       1176    199.368     8.6217   3.683520    34.9500    27.1392 0.0000e+00
       1177    199.388     8.6221   3.683978    34.9545    27.1426 0.0000e+00
       1178    199.404     8.6199   3.684127    34.9582    27.1459 0.0000e+00
       1179    199.423     8.6177   3.684343    34.9627    27.1497 0.0000e+00
       1180    199.447     8.6139   3.684460    34.9676    27.1542 0.0000e+00
       1181    199.472     8.6052   3.683532    34.9664    27.1546 0.0000e+00
       1182    199.489     8.5978   3.682442    34.9622    27.1524 0.0000e+00
       1183    199.497     8.6002   3.683010    34.9658    27.1549 0.0000e+00
       1184    199.503     8.6090   3.684892    34.9770    27.1623 0.0000e+00
       1185    199.511     8.6151   3.686399    34.9869    27.1691 0.0000e+00
       1186    199.522     8.6173   3.687245    34.9937    27.1741 0.0000e+00
       1187    199.541     8.6200   3.688123    35.0003    27.1788 0.0000e+00
       1188    199.562     8.6240   3.688925    35.0048    27.1818 0.0000e+00
       1189    199.578     8.6265   3.689310    35.0064    27.1826 0.0000e+00
       1190    199.584     8.6272   3.689420    35.0069    27.1829 0.0000e+00
       1191    199.592     8.6267   3.689396    35.0071    27.1831 0.0000e+00
       1192    199.609     8.6260   3.689301    35.0068    27.1830 0.0000e+00
       1193    199.629     8.6265   3.689300    35.0063    27.1825 0.0000e+00
       1194    199.649     8.6285   3.689570    35.0071    27.1829 0.0000e+00
       1195    199.672     8.6304   3.689911    35.0088    27.1839 0.0000e+00
       1196    199.693     8.6311   3.689996    35.0090    27.1840 0.0000e+00
       1197    199.700     8.6303   3.689918    35.0090    27.1841 0.0000e+00
       1198    199.686     8.6274   3.689633    35.0089    27.1844 0.0000e+00
       1199    199.664     8.6231   3.689021    35.0067    27.1833 0.0000e+00
       1200    199.655     8.6203   3.688577    35.0047    27.1823 0.0000e+00
       1201    199.662     8.6212   3.688659    35.0047    27.1821 0.0000e+00
       1202    199.667     8.6238   3.688960    35.0053    27.1822 0.0000e+00
       1203    199.662     8.6260   3.689212    35.0058    27.1822 0.0000e+00
       1204    199.656     8.6278   3.689496    35.0070    27.1829 0.0000e+00
       1205    199.656     8.6278   3.689616    35.0083    27.1839 0.0000e+00
       1206    199.656     8.6246   3.689157    35.0066    27.1831 0.0000e+00
       1207    199.640     8.6194   3.688359    35.0033    27.1813 0.0000e+00
       1208    199.602     8.6144   3.687670    35.0010    27.1803 0.0000e+00
       1209    199.553     8.6103   3.687067    34.9987    27.1791 0.0000e+00
       1210    199.512     8.6060   3.686335    34.9953    27.1771 0.0000e+00
       1211    199.478     8.6023   3.685574    34.9909    27.1742 0.0000e+00
       1212    199.442     8.6032   3.685564    34.9899    27.1733 0.0000e+00
       1213    199.405     8.6119   3.686835    34.9948    27.1758 0.0000e+00
       1214    199.370     8.6246   3.688669    35.0016    27.1791 0.0000e+00
       1215    199.334     8.6363   3.690218    35.0064    27.1811 0.0000e+00
       1216    199.301     8.6453   3.691378    35.0098    27.1823 0.0000e+00
       1217    199.280     8.6509   3.692056    35.0114    27.1827 0.0000e+00
       1218    199.269     8.6535   3.692239    35.0108    27.1818 0.0000e+00
       1219    199.256     8.6555   3.692357    35.0101    27.1809 0.0000e+00
       1220    199.236     8.6592   3.692726    35.0103    27.1805 0.0000e+00
       1221    199.212     8.6636   3.693231    35.0113    27.1806 0.0000e+00
       1222    199.189     8.6668   3.693600    35.0120    27.1807 0.0000e+00
       1223    199.171     8.6680   3.693751    35.0125    27.1808 0.0000e+00
       1224    199.169     8.6673   3.693715    35.0128    27.1812 0.0000e+00
       1225    199.177     8.6655   3.693495    35.0122    27.1810 0.0000e+00
       1226    199.169     8.6639   3.693218    35.0109    27.1802 0.0000e+00
       1227    199.121     8.6626   3.692990    35.0098    27.1796 0.0000e+00
       1228    199.037     8.6606   3.692816    35.0100    27.1800 0.0000e+00
       1229    198.948     8.6560   3.692395    35.0101    27.1809 0.0000e+00
       1230    198.895     8.6471   3.691315    35.0075    27.1803 0.0000e+00
