Datasets/Test_Dataset_39219_tow/tel219_2021_013.cnv
* Sea-Bird SBE19plus Data File:
* Filename = C:/AQUIRE/tel219_2021_013.hex
* Software Version AquireV2 AF V2.0
* Temperature SN =  4020
* Conductivity SN =  4020
* System UpLoad Time = May 07 2021 02:42:05
** VESSEL/TRIP/SEQ STN: tel219_2021_013
** LATITUDE: 46 04.98 N
** LONGITUDE: 56 19.32 W
** DATE/TIME: 2021-05-07 02:04
** SOUNDING DEPTH (M): 0053
** PROBE TYPE: S4020
** CTD NUMBER:  13
** FORMAT: T
** COMMENTS: 
# nquan = 7                                 
# nvalues = 2297                        
# units = specified
# name 0 = scan: Scan Count
# name 1 = prdM: Pressure, Strain Gauge [db]
# name 2 = tv290C: Temperature [ITS-90, deg C]
# name 3 = c0S/m: Conductivity [S/m]
# name 4 = sal00: Salinity, Practical [PSU]
# name 5 = sigma-t00: Density [sigma-t, kg/m^3 ]
# name 6 = flag: flag
# span 0 =          1,       2297       
# span 1 =     -0.240,     49.840       
# span 2 =     2.0899,     3.8430       
# span 3 =   0.004651,   2.955994       
# span 4 =     0.0350,    32.0847       
# span 5 =     0.0030,    25.6299       
# span 6 = 0.0000e+00, 0.0000e+00       
# interval = seconds: 1
# start_time = May 07 2021 02:04:55 [Instrument's time stamp, header]
# bad_flag = -9.990e-29
*END*
[from data line 1026]
       1027     49.288     2.1310   2.856761    32.0751    25.6194 0.0000e+00
       1028     49.307     2.1326   2.856874    32.0749    25.6191 0.0000e+00
       1029     49.312     2.1344   2.857001    32.0747    25.6188 0.0000e+00
       1030     49.324     2.1366   2.857153    32.0743    25.6183 0.0000e+00
       1031     49.357     2.1389   2.857333    32.0742    25.6181 0.0000e+00
       1032     49.403     2.1401   2.857420    32.0740    25.6179 0.0000e+00
       1033     49.442     2.1395   2.857344    32.0737    25.6176 0.0000e+00
       1034     49.465     2.1376   2.857191    32.0737    25.6178 0.0000e+00
       1035     49.469     2.1358   2.857069    32.0740    25.6181 0.0000e+00
       1036     49.454     2.1356   2.857073    32.0743    25.6184 0.0000e+00
       1037     49.433     2.1367   2.857182    32.0745    25.6185 0.0000e+00
       1038     49.420     2.1381   2.857282    32.0743    25.6182 0.0000e+00
       1039     49.426     2.1387   2.857300    32.0740    25.6179 0.0000e+00
       1040     49.453     2.1387   2.857277    32.0737    25.6176 0.0000e+00
       1041     49.503     2.1387   2.857295    32.0739    25.6178 0.0000e+00
       1042     49.565     2.1388   2.857313    32.0739    25.6179 0.0000e+00
       1043     49.611     2.1390   2.857317    32.0738    25.6177 0.0000e+00
       1044     49.617     2.1384   2.857295    32.0741    25.6180 0.0000e+00
       1045     49.590     2.1354   2.857062    32.0743    25.6184 0.0000e+00
       1046     49.548     2.1300   2.856641    32.0745    25.6190 0.0000e+00
       1047     49.514     2.1257   2.856349    32.0753    25.6199 0.0000e+00
       1048     49.500     2.1241   2.856277    32.0760    25.6206 0.0000e+00
       1049     49.509     2.1239   2.856279    32.0762    25.6208 0.0000e+00
       1050     49.531     2.1239   2.856283    32.0763    25.6208 0.0000e+00
       1051     49.545     2.1239   2.856289    32.0763    25.6209 0.0000e+00
       1052     49.539     2.1242   2.856308    32.0763    25.6208 0.0000e+00
       1053     49.527     2.1252   2.856381    32.0762    25.6206 0.0000e+00
       1054     49.521     2.1271   2.856515    32.0759    25.6203 0.0000e+00
       1055     49.519     2.1296   2.856681    32.0754    25.6197 0.0000e+00
       1056     49.504     2.1319   2.856850    32.0752    25.6194 0.0000e+00
       1057     49.470     2.1328   2.856909    32.0751    25.6192 0.0000e+00
       1058     49.432     2.1328   2.856880    32.0747    25.6189 0.0000e+00
       1059     49.416     2.1331   2.856900    32.0747    25.6189 0.0000e+00
       1060     49.433     2.1339   2.856957    32.0746    25.6187 0.0000e+00
       1061     49.461     2.1344   2.856993    32.0745    25.6186 0.0000e+00
       1062     49.466     2.1345   2.857020    32.0747    25.6188 0.0000e+00
       1063     49.435     2.1345   2.857012    32.0746    25.6187 0.0000e+00
       1064     49.382     2.1347   2.856998    32.0743    25.6184 0.0000e+00
       1065     49.341     2.1360   2.857092    32.0742    25.6182 0.0000e+00
       1066     49.348     2.1386   2.857306    32.0742    25.6181 0.0000e+00
       1067     49.407     2.1413   2.857518    32.0740    25.6178 0.0000e+00
       1068     49.481     2.1429   2.857608    32.0735    25.6172 0.0000e+00
       1069     49.529     2.1435   2.857627    32.0731    25.6168 0.0000e+00
       1070     49.544     2.1436   2.857621    32.0729    25.6167 0.0000e+00
       1071     49.542     2.1434   2.857600    32.0729    25.6167 0.0000e+00
       1072     49.542     2.1436   2.857640    32.0732    25.6169 0.0000e+00
       1073     49.551     2.1441   2.857679    32.0731    25.6168 0.0000e+00
       1074     49.560     2.1452   2.857737    32.0727    25.6164 0.0000e+00
       1075     49.546     2.1459   2.857827    32.0731    25.6167 0.0000e+00
       1076     49.502     2.1450   2.857748    32.0731    25.6167 0.0000e+00
       1077     49.451     2.1429   2.857558    32.0729    25.6167 0.0000e+00
       1078     49.426     2.1408   2.857413    32.0732    25.6172 0.0000e+00
       1079     49.437     2.1397   2.857342    32.0735    25.6174 0.0000e+00
       1080     49.464     2.1398   2.857365    32.0736    25.6175 0.0000e+00
       1081     49.484     2.1406   2.857434    32.0737    25.6175 0.0000e+00
       1082     49.490     2.1410   2.857466    32.0737    25.6175 0.0000e+00
       1083     49.487     2.1408   2.857430    32.0734    25.6173 0.0000e+00
       1084     49.482     2.1417   2.857484    32.0732    25.6170 0.0000e+00
       1085     49.485     2.1447   2.857748    32.0734    25.6170 0.0000e+00
       1086     49.493     2.1484   2.858007    32.0729    25.6163 0.0000e+00
       1087     49.488     2.1512   2.858158    32.0719    25.6153 0.0000e+00
       1088     49.468     2.1533   2.858285    32.0714    25.6147 0.0000e+00
       1089     49.439     2.1555   2.858433    32.0710    25.6143 0.0000e+00
       1090     49.414     2.1576   2.858609    32.0711    25.6142 0.0000e+00
       1091     49.404     2.1593   2.858735    32.0709    25.6139 0.0000e+00
       1092     49.400     2.1610   2.858825    32.0703    25.6133 0.0000e+00
       1093     49.385     2.1638   2.859003    32.0697    25.6126 0.0000e+00
       1094     49.366     2.1672   2.859266    32.0695    25.6122 0.0000e+00
       1095     49.367     2.1698   2.859454    32.0692    25.6118 0.0000e+00
       1096     49.396     2.1715   2.859552    32.0687    25.6113 0.0000e+00
       1097     49.439     2.1725   2.859601    32.0683    25.6109 0.0000e+00
       1098     49.476     2.1720   2.859552    32.0682    25.6108 0.0000e+00
       1099     49.496     2.1696   2.859412    32.0688    25.6115 0.0000e+00
       1100     49.501     2.1657   2.859162    32.0697    25.6125 0.0000e+00
       1101     49.495     2.1612   2.858838    32.0702    25.6132 0.0000e+00
       1102     49.479     2.1567   2.858525    32.0709    25.6141 0.0000e+00
       1103     49.458     2.1528   2.858268    32.0717    25.6150 0.0000e+00
       1104     49.450     2.1508   2.858137    32.0721    25.6155 0.0000e+00
       1105     49.461     2.1505   2.858125    32.0722    25.6156 0.0000e+00
       1106     49.478     2.1509   2.858135    32.0719    25.6154 0.0000e+00
       1107     49.483     2.1532   2.858301    32.0717    25.6150 0.0000e+00
       1108     49.475     2.1579   2.858695    32.0718    25.6148 0.0000e+00
       1109     49.467     2.1622   2.858997    32.0712    25.6140 0.0000e+00
       1110     49.465     2.1628   2.859005    32.0707    25.6135 0.0000e+00
       1111     49.461     2.1599   2.858781    32.0709    25.6138 0.0000e+00
       1112     49.453     2.1560   2.858457    32.0708    25.6141 0.0000e+00
       1113     49.451     2.1530   2.858282    32.0717    25.6150 0.0000e+00
       1114     49.465     2.1503   2.858151    32.0728    25.6161 0.0000e+00
       1115     49.489     2.1464   2.857821    32.0726    25.6162 0.0000e+00
       1116     49.503     2.1431   2.857559    32.0727    25.6165 0.0000e+00
       1117     49.495     2.1437   2.857639    32.0731    25.6168 0.0000e+00
       1118     49.471     2.1474   2.857959    32.0733    25.6167 0.0000e+00
       1119     49.443     2.1512   2.858225    32.0728    25.6160 0.0000e+00
       1120     49.422     2.1544   2.858399    32.0717    25.6149 0.0000e+00
       1121     49.419     2.1581   2.858656    32.0712    25.6142 0.0000e+00
       1122     49.435     2.1608   2.858868    32.0710    25.6139 0.0000e+00
       1123     49.464     2.1622   2.858950    32.0706    25.6135 0.0000e+00
       1124     49.495     2.1630   2.859004    32.0705    25.6133 0.0000e+00
       1125     49.514     2.1629   2.858991    32.0704    25.6133 0.0000e+00
       1126     49.510     2.1622   2.858918    32.0702    25.6132 0.0000e+00
       1127     49.480     2.1608   2.858829    32.0705    25.6135 0.0000e+00
       1128     49.443     2.1588   2.858668    32.0706    25.6137 0.0000e+00
       1129     49.428     2.1576   2.858581    32.0707    25.6139 0.0000e+00
       1130     49.441     2.1588   2.858731    32.0714    25.6143 0.0000e+00
       1131     49.468     2.1597   2.858815    32.0715    25.6144 0.0000e+00
       1132     49.491     2.1580   2.858627    32.0709    25.6140 0.0000e+00
       1133     49.503     2.1551   2.858392    32.0709    25.6142 0.0000e+00
       1134     49.502     2.1536   2.858313    32.0714    25.6147 0.0000e+00
       1135     49.490     2.1539   2.858381    32.0720    25.6152 0.0000e+00
       1136     49.477     2.1548   2.858467    32.0721    25.6152 0.0000e+00
       1137     49.483     2.1566   2.858554    32.0714    25.6145 0.0000e+00
       1138     49.513     2.1608   2.858825    32.0705    25.6135 0.0000e+00
       1139     49.548     2.1666   2.859285    32.0703    25.6129 0.0000e+00
       1140     49.570     2.1704   2.859530    32.0695    25.6120 0.0000e+00
       1141     49.577     2.1753   2.859769    32.0675    25.6100 0.0000e+00
       1142     49.579     2.1875   2.860743    32.0672    25.6089 0.0000e+00
       1143     49.580     2.2012   2.861924    32.0680    25.6085 0.0000e+00
       1144     49.574     2.2033   2.861949    32.0662    25.6069 0.0000e+00
       1145     49.556     2.1940   2.861029    32.0642    25.6060 0.0000e+00
       1146     49.541     2.1856   2.860431    32.0653    25.6075 0.0000e+00
       1147     49.549     2.1830   2.860374    32.0672    25.6092 0.0000e+00
       1148     49.581     2.1835   2.860461    32.0677    25.6096 0.0000e+00
       1149     49.621     2.1818   2.860359    32.0682    25.6101 0.0000e+00
       1150     49.654     2.1765   2.859918    32.0681    25.6104 0.0000e+00
       1151     49.672     2.1716   2.859535    32.0683    25.6109 0.0000e+00
       1152     49.676     2.1703   2.859505    32.0692    25.6117 0.0000e+00
       1153     49.669     2.1687   2.859471    32.0704    25.6128 0.0000e+00
       1154     49.654     2.1637   2.859069    32.0705    25.6133 0.0000e+00
       1155     49.638     2.1568   2.858505    32.0705    25.6138 0.0000e+00
       1156     49.622     2.1517   2.858185    32.0717    25.6151 0.0000e+00
       1157     49.612     2.1501   2.858131    32.0726    25.6160 0.0000e+00
       1158     49.622     2.1501   2.858131    32.0726    25.6160 0.0000e+00
       1159     49.647     2.1504   2.858128    32.0723    25.6157 0.0000e+00
       1160     49.663     2.1506   2.858166    32.0725    25.6159 0.0000e+00
       1161     49.660     2.1506   2.858179    32.0727    25.6160 0.0000e+00
       1162     49.644     2.1507   2.858159    32.0724    25.6157 0.0000e+00
       1163     49.626     2.1509   2.858184    32.0725    25.6158 0.0000e+00
       1164     49.625     2.1509   2.858186    32.0725    25.6158 0.0000e+00
       1165     49.641     2.1496   2.858100    32.0727    25.6161 0.0000e+00
       1166     49.648     2.1479   2.857985    32.0730    25.6165 0.0000e+00
       1167     49.629     2.1469   2.857909    32.0731    25.6166 0.0000e+00
       1168     49.595     2.1467   2.857887    32.0731    25.6166 0.0000e+00
       1169     49.566     2.1468   2.857909    32.0732    25.6167 0.0000e+00
       1170     49.548     2.1467   2.857907    32.0733    25.6168 0.0000e+00
       1171     49.538     2.1463   2.857863    32.0732    25.6167 0.0000e+00
       1172     49.537     2.1462   2.857854    32.0732    25.6167 0.0000e+00
       1173     49.556     2.1469   2.857912    32.0732    25.6167 0.0000e+00
       1174     49.592     2.1481   2.857993    32.0730    25.6164 0.0000e+00
       1175     49.621     2.1490   2.858066    32.0729    25.6163 0.0000e+00
       1176     49.625     2.1499   2.858115    32.0726    25.6160 0.0000e+00
       1177     49.606     2.1506   2.858149    32.0724    25.6157 0.0000e+00
       1178     49.582     2.1513   2.858199    32.0723    25.6156 0.0000e+00
       1179     49.571     2.1519   2.858251    32.0723    25.6156 0.0000e+00
       1180     49.579     2.1524   2.858284    32.0722    25.6155 0.0000e+00
       1181     49.594     2.1537   2.858367    32.0719    25.6152 0.0000e+00
       1182     49.594     2.1561   2.858546    32.0717    25.6148 0.0000e+00
       1183     49.572     2.1578   2.858666    32.0715    25.6145 0.0000e+00
       1184     49.539     2.1570   2.858570    32.0711    25.6143 0.0000e+00
       1185     49.511     2.1547   2.858384    32.0712    25.6145 0.0000e+00
       1186     49.494     2.1540   2.858358    32.0716    25.6148 0.0000e+00
       1187     49.492     2.1555   2.858495    32.0717    25.6149 0.0000e+00
       1188     49.513     2.1565   2.858567    32.0716    25.6147 0.0000e+00
       1189     49.559     2.1567   2.858554    32.0712    25.6144 0.0000e+00
       1190     49.606     2.1574   2.858621    32.0713    25.6144 0.0000e+00
       1191     49.620     2.1586   2.858730    32.0715    25.6144 0.0000e+00
       1192     49.593     2.1589   2.858734    32.0712    25.6142 0.0000e+00
       1193     49.544     2.1582   2.858677    32.0712    25.6143 0.0000e+00
       1194     49.499     2.1573   2.858613    32.0714    25.6145 0.0000e+00
       1195     49.479     2.1558   2.858484    32.0713    25.6145 0.0000e+00
       1196     49.485     2.1538   2.858329    32.0714    25.6147 0.0000e+00
       1197     49.503     2.1528   2.858270    32.0717    25.6150 0.0000e+00
       1198     49.517     2.1532   2.858332    32.0720    25.6153 0.0000e+00
       1199     49.521     2.1537   2.858372    32.0720    25.6152 0.0000e+00
       1200     49.525     2.1539   2.858366    32.0717    25.6150 0.0000e+00
       1201     49.527     2.1541   2.858399    32.0720    25.6151 0.0000e+00
       1202     49.527     2.1547   2.858439    32.0718    25.6150 0.0000e+00
       1203     49.533     2.1565   2.858552    32.0714    25.6145 0.0000e+00
       1204     49.545     2.1593   2.858772    32.0713    25.6142 0.0000e+00
       1205     49.553     2.1617   2.858932    32.0709    25.6137 0.0000e+00
       1206     49.546     2.1631   2.859010    32.0704    25.6133 0.0000e+00
       1207     49.527     2.1640   2.859085    32.0704    25.6132 0.0000e+00
       1208     49.510     2.1637   2.859065    32.0705    25.6133 0.0000e+00
       1209     49.495     2.1618   2.858902    32.0704    25.6134 0.0000e+00
       1210     49.478     2.1597   2.858742    32.0706    25.6136 0.0000e+00
       1211     49.472     2.1594   2.858738    32.0708    25.6139 0.0000e+00
       1212     49.479     2.1607   2.858869    32.0711    25.6140 0.0000e+00
       1213     49.482     2.1612   2.858919    32.0712    25.6141 0.0000e+00
       1214     49.467     2.1599   2.858784    32.0709    25.6139 0.0000e+00
       1215     49.439     2.1586   2.858658    32.0707    25.6138 0.0000e+00
       1216     49.425     2.1580   2.858643    32.0711    25.6142 0.0000e+00
       1217     49.434     2.1568   2.858571    32.0714    25.6145 0.0000e+00
       1218     49.447     2.1544   2.858401    32.0717    25.6149 0.0000e+00
       1219     49.445     2.1520   2.858247    32.0722    25.6155 0.0000e+00
       1220     49.432     2.1507   2.858161    32.0725    25.6158 0.0000e+00
       1221     49.421     2.1509   2.858172    32.0724    25.6158 0.0000e+00
       1222     49.415     2.1519   2.858250    32.0724    25.6157 0.0000e+00
       1223     49.407     2.1532   2.858344    32.0722    25.6154 0.0000e+00
       1224     49.394     2.1547   2.858445    32.0720    25.6151 0.0000e+00
       1225     49.382     2.1555   2.858495    32.0718    25.6149 0.0000e+00
       1226     49.385     2.1558   2.858491    32.0715    25.6146 0.0000e+00
       1227     49.416     2.1560   2.858507    32.0714    25.6146 0.0000e+00
       1228     49.465     2.1560   2.858523    32.0716    25.6147 0.0000e+00
       1229     49.512     2.1561   2.858524    32.0715    25.6146 0.0000e+00
       1230     49.544     2.1567   2.858562    32.0713    25.6145 0.0000e+00
