Datasets/Test_Dataset_39219_tow/tel219_2021_033.cnv
* Sea-Bird SBE19plus Data File:
* Filename = C:/AQUIRE/tel219_2021_033.hex
* Software Version AquireV2 AF V2.0
* Temperature SN =  4020
* Conductivity SN =  4020
* System UpLoad Time = May 11 2021 05:41:16
** VESSEL/TRIP/SEQ STN: tel219_2021_033
** LATITUDE: 45 53.11 N
** LONGITUDE: 56 36.87 W
** DATE/TIME: 2021-05-11 05:07
** SOUNDING DEPTH (M): 0055
** PROBE TYPE: S4020
** CTD NUMBER:  33
** FORMAT: T
** COMMENTS: 
# nquan = 7                                 
# nvalues = 2092                        
# units = specified
# name 0 = scan: Scan Count
# name 1 = prdM: Pressure, Strain Gauge [db]
# name 2 = tv290C: Temperature [ITS-90, deg C]
# name 3 = c0S/m: Conductivity [S/m]
# name 4 = sal00: Salinity, Practical [PSU]
# name 5 = sigma-t00: Density [sigma-t, kg/m^3 ]
# name 6 = flag: flag
# span 0 =          1,       2092       
# span 1 =     -0.170,     51.977       
# span 2 =     3.2832,     3.5617       
# span 3 =   0.002764,   2.980302       
# span 4 =     0.0206,    32.3163       
# span 5 =    -0.0104,    25.7094       
# span 6 = 0.0000e+00, 0.0000e+00       
# interval = seconds: 1
# start_time = May 11 2021 05:07:10 [Instrument's time stamp, header]
# bad_flag = -9.990e-29
*END*
[from data line 821]
        822     49.573     3.3738   2.977504    32.2987    25.6965 0.0000e+00
        823     49.594     3.3738   2.977497    32.2986    25.6964 0.0000e+00
        824     49.587     3.3736   2.977468    32.2984    25.6963 0.0000e+00
        825     49.567     3.3735   2.977433    32.2981    25.6960 0.0000e+00
        826     49.551     3.3734   2.977417    32.2981    25.6960 0.0000e+00
        827     49.550     3.3735   2.977445    32.2983    25.6962 0.0000e+00
        828     49.564     3.3738   2.977483    32.2984    25.6963 0.0000e+00
        829     49.579     3.3738   2.977483    32.2984    25.6963 0.0000e+00
        830     49.591     3.3736   2.977457    32.2983    25.6962 0.0000e+00
        831     49.602     3.3735   2.977460    32.2984    25.6963 0.0000e+00
        832     49.613     3.3737   2.977487    32.2986    25.6964 0.0000e+00
        833     49.634     3.3738   2.977497    32.2986    25.6964 0.0000e+00
        834     49.670     3.3738   2.977493    32.2985    25.6963 0.0000e+00
        835     49.700     3.3737   2.977490    32.2986    25.6964 0.0000e+00
        836     49.695     3.3738   2.977506    32.2986    25.6964 0.0000e+00
        837     49.651     3.3741   2.977539    32.2988    25.6965 0.0000e+00
        838     49.592     3.3743   2.977566    32.2989    25.6966 0.0000e+00
        839     49.546     3.3744   2.977589    32.2991    25.6968 0.0000e+00
        840     49.530     3.3746   2.977612    32.2992    25.6968 0.0000e+00
        841     49.551     3.3747   2.977620    32.2992    25.6968 0.0000e+00
        842     49.601     3.3746   2.977610    32.2991    25.6968 0.0000e+00
        843     49.657     3.3746   2.977597    32.2990    25.6966 0.0000e+00
        844     49.697     3.3746   2.977596    32.2989    25.6966 0.0000e+00
        845     49.704     3.3746   2.977591    32.2989    25.6965 0.0000e+00
        846     49.682     3.3744   2.977575    32.2989    25.6966 0.0000e+00
        847     49.655     3.3743   2.977564    32.2989    25.6966 0.0000e+00
        848     49.641     3.3743   2.977571    32.2990    25.6966 0.0000e+00
        849     49.643     3.3743   2.977573    32.2990    25.6966 0.0000e+00
        850     49.652     3.3743   2.977558    32.2988    25.6965 0.0000e+00
        851     49.656     3.3742   2.977537    32.2986    25.6964 0.0000e+00
        852     49.640     3.3741   2.977525    32.2986    25.6964 0.0000e+00
        853     49.602     3.3742   2.977542    32.2987    25.6965 0.0000e+00
        854     49.560     3.3742   2.977557    32.2989    25.6966 0.0000e+00
        855     49.533     3.3742   2.977556    32.2989    25.6966 0.0000e+00
        856     49.529     3.3743   2.977555    32.2988    25.6965 0.0000e+00
        857     49.540     3.3743   2.977561    32.2989    25.6966 0.0000e+00
        858     49.554     3.3743   2.977559    32.2989    25.6965 0.0000e+00
        859     49.563     3.3743   2.977559    32.2989    25.6965 0.0000e+00
        860     49.560     3.3744   2.977588    32.2991    25.6967 0.0000e+00
        861     49.545     3.3747   2.977623    32.2992    25.6968 0.0000e+00
        862     49.523     3.3747   2.977628    32.2993    25.6969 0.0000e+00
        863     49.499     3.3746   2.977620    32.2993    25.6969 0.0000e+00
        864     49.470     3.3746   2.977613    32.2993    25.6968 0.0000e+00
        865     49.438     3.3746   2.977600    32.2991    25.6967 0.0000e+00
        866     49.410     3.3744   2.977583    32.2991    25.6967 0.0000e+00
        867     49.391     3.3743   2.977574    32.2991    25.6968 0.0000e+00
        868     49.384     3.3743   2.977569    32.2991    25.6967 0.0000e+00
        869     49.387     3.3744   2.977579    32.2991    25.6967 0.0000e+00
        870     49.402     3.3746   2.977618    32.2993    25.6969 0.0000e+00
        871     49.436     3.3748   2.977648    32.2995    25.6970 0.0000e+00
        872     49.478     3.3747   2.977639    32.2995    25.6970 0.0000e+00
        873     49.504     3.3746   2.977613    32.2992    25.6968 0.0000e+00
        874     49.496     3.3746   2.977615    32.2993    25.6968 0.0000e+00
        875     49.457     3.3748   2.977653    32.2995    25.6970 0.0000e+00
        876     49.405     3.3751   2.977685    32.2996    25.6971 0.0000e+00
        877     49.363     3.3752   2.977689    32.2996    25.6971 0.0000e+00
        878     49.343     3.3752   2.977683    32.2996    25.6970 0.0000e+00
        879     49.347     3.3752   2.977678    32.2995    25.6970 0.0000e+00
        880     49.367     3.3751   2.977671    32.2995    25.6970 0.0000e+00
        881     49.394     3.3750   2.977667    32.2995    25.6970 0.0000e+00
        882     49.419     3.3750   2.977670    32.2996    25.6970 0.0000e+00
        883     49.433     3.3749   2.977660    32.2995    25.6970 0.0000e+00
        884     49.434     3.3747   2.977629    32.2994    25.6969 0.0000e+00
        885     49.425     3.3745   2.977595    32.2992    25.6968 0.0000e+00
        886     49.412     3.3743   2.977557    32.2989    25.6966 0.0000e+00
        887     49.402     3.3742   2.977527    32.2987    25.6964 0.0000e+00
        888     49.392     3.3742   2.977532    32.2987    25.6964 0.0000e+00
        889     49.375     3.3743   2.977580    32.2992    25.6968 0.0000e+00
        890     49.351     3.3745   2.977621    32.2995    25.6970 0.0000e+00
        891     49.338     3.3746   2.977626    32.2995    25.6970 0.0000e+00
        892     49.355     3.3748   2.977637    32.2994    25.6969 0.0000e+00
        893     49.400     3.3750   2.977661    32.2995    25.6970 0.0000e+00
        894     49.447     3.3751   2.977686    32.2996    25.6971 0.0000e+00
        895     49.473     3.3753   2.977703    32.2996    25.6971 0.0000e+00
        896     49.473     3.3754   2.977716    32.2997    25.6971 0.0000e+00
        897     49.452     3.3754   2.977734    32.2999    25.6973 0.0000e+00
        898     49.430     3.3754   2.977735    32.2999    25.6973 0.0000e+00
        899     49.426     3.3754   2.977732    32.2999    25.6973 0.0000e+00
        900     49.444     3.3757   2.977762    32.3000    25.6973 0.0000e+00
        901     49.476     3.3760   2.977809    32.3002    25.6975 0.0000e+00
        902     49.515     3.3763   2.977844    32.3003    25.6975 0.0000e+00
        903     49.551     3.3765   2.977860    32.3003    25.6975 0.0000e+00
        904     49.573     3.3765   2.977859    32.3003    25.6975 0.0000e+00
        905     49.576     3.3764   2.977848    32.3002    25.6974 0.0000e+00
        906     49.566     3.3762   2.977842    32.3004    25.6976 0.0000e+00
        907     49.563     3.3763   2.977853    32.3004    25.6976 0.0000e+00
        908     49.572     3.3764   2.977866    32.3004    25.6976 0.0000e+00
        909     49.584     3.3765   2.977870    32.3004    25.6976 0.0000e+00
        910     49.594     3.3765   2.977874    32.3004    25.6976 0.0000e+00
        911     49.602     3.3765   2.977887    32.3006    25.6977 0.0000e+00
        912     49.606     3.3767   2.977903    32.3006    25.6977 0.0000e+00
        913     49.608     3.3769   2.977921    32.3006    25.6977 0.0000e+00
        914     49.612     3.3769   2.977926    32.3006    25.6977 0.0000e+00
        915     49.625     3.3767   2.977909    32.3006    25.6977 0.0000e+00
        916     49.651     3.3766   2.977901    32.3006    25.6977 0.0000e+00
        917     49.683     3.3768   2.977922    32.3006    25.6978 0.0000e+00
        918     49.702     3.3769   2.977945    32.3008    25.6979 0.0000e+00
        919     49.698     3.3771   2.977957    32.3008    25.6978 0.0000e+00
        920     49.682     3.3772   2.977967    32.3008    25.6978 0.0000e+00
        921     49.669     3.3773   2.977973    32.3008    25.6978 0.0000e+00
        922     49.663     3.3773   2.977986    32.3009    25.6979 0.0000e+00
        923     49.662     3.3773   2.977999    32.3011    25.6981 0.0000e+00
        924     49.666     3.3773   2.977996    32.3010    25.6980 0.0000e+00
        925     49.683     3.3773   2.977983    32.3009    25.6979 0.0000e+00
        926     49.705     3.3773   2.977974    32.3008    25.6978 0.0000e+00
        927     49.708     3.3771   2.977965    32.3009    25.6979 0.0000e+00
        928     49.679     3.3770   2.977959    32.3009    25.6979 0.0000e+00
        929     49.638     3.3770   2.977952    32.3008    25.6979 0.0000e+00
        930     49.613     3.3769   2.977944    32.3009    25.6979 0.0000e+00
        931     49.626     3.3769   2.977927    32.3006    25.6977 0.0000e+00
        932     49.670     3.3767   2.977912    32.3006    25.6977 0.0000e+00
        933     49.712     3.3767   2.977917    32.3007    25.6978 0.0000e+00
        934     49.719     3.3769   2.977927    32.3006    25.6977 0.0000e+00
        935     49.687     3.3769   2.977930    32.3006    25.6977 0.0000e+00
        936     49.642     3.3769   2.977917    32.3005    25.6976 0.0000e+00
        937     49.606     3.3767   2.977895    32.3005    25.6976 0.0000e+00
        938     49.589     3.3765   2.977880    32.3005    25.6977 0.0000e+00
        939     49.595     3.3765   2.977880    32.3005    25.6977 0.0000e+00
        940     49.622     3.3766   2.977905    32.3007    25.6978 0.0000e+00
        941     49.659     3.3768   2.977934    32.3008    25.6979 0.0000e+00
        942     49.696     3.3769   2.977941    32.3008    25.6978 0.0000e+00
        943     49.719     3.3771   2.977958    32.3008    25.6978 0.0000e+00
        944     49.716     3.3775   2.977990    32.3007    25.6978 0.0000e+00
        945     49.693     3.3777   2.978019    32.3009    25.6979 0.0000e+00
        946     49.668     3.3781   2.978064    32.3011    25.6980 0.0000e+00
        947     49.653     3.3785   2.978131    32.3015    25.6983 0.0000e+00
        948     49.646     3.3790   2.978197    32.3018    25.6984 0.0000e+00
        949     49.647     3.3791   2.978211    32.3018    25.6985 0.0000e+00
        950     49.653     3.3790   2.978199    32.3018    25.6985 0.0000e+00
        951     49.639     3.3791   2.978218    32.3019    25.6986 0.0000e+00
        952     49.587     3.3793   2.978237    32.3020    25.6986 0.0000e+00
        953     49.518     3.3794   2.978234    32.3019    25.6985 0.0000e+00
        954     49.466     3.3794   2.978221    32.3018    25.6984 0.0000e+00
        955     49.461     3.3794   2.978216    32.3017    25.6984 0.0000e+00
        956     49.520     3.3795   2.978229    32.3017    25.6984 0.0000e+00
        957     49.613     3.3796   2.978245    32.3018    25.6984 0.0000e+00
        958     49.675     3.3796   2.978263    32.3020    25.6985 0.0000e+00
        959     49.674     3.3796   2.978281    32.3022    25.6987 0.0000e+00
        960     49.621     3.3798   2.978292    32.3021    25.6987 0.0000e+00
        961     49.551     3.3799   2.978298    32.3021    25.6987 0.0000e+00
        962     49.512     3.3800   2.978299    32.3021    25.6986 0.0000e+00
        963     49.521     3.3800   2.978301    32.3021    25.6986 0.0000e+00
        964     49.554     3.3800   2.978302    32.3021    25.6986 0.0000e+00
        965     49.585     3.3800   2.978307    32.3021    25.6986 0.0000e+00
        966     49.612     3.3802   2.978328    32.3022    25.6987 0.0000e+00
        967     49.642     3.3804   2.978351    32.3022    25.6987 0.0000e+00
        968     49.683     3.3804   2.978349    32.3022    25.6986 0.0000e+00
        969     49.727     3.3803   2.978331    32.3020    25.6985 0.0000e+00
        970     49.757     3.3801   2.978312    32.3020    25.6985 0.0000e+00
        971     49.768     3.3800   2.978302    32.3020    25.6985 0.0000e+00
        972     49.762     3.3799   2.978296    32.3020    25.6985 0.0000e+00
        973     49.745     3.3798   2.978290    32.3020    25.6986 0.0000e+00
        974     49.725     3.3798   2.978280    32.3019    25.6985 0.0000e+00
        975     49.697     3.3797   2.978268    32.3019    25.6985 0.0000e+00
        976     49.658     3.3795   2.978252    32.3019    25.6985 0.0000e+00
        977     49.624     3.3793   2.978221    32.3018    25.6984 0.0000e+00
        978     49.614     3.3794   2.978228    32.3018    25.6984 0.0000e+00
        979     49.636     3.3798   2.978303    32.3023    25.6988 0.0000e+00
        980     49.676     3.3803   2.978370    32.3025    25.6989 0.0000e+00
        981     49.708     3.3804   2.978383    32.3026    25.6990 0.0000e+00
        982     49.721     3.3804   2.978359    32.3023    25.6987 0.0000e+00
        983     49.718     3.3803   2.978331    32.3020    25.6985 0.0000e+00
        984     49.711     3.3802   2.978332    32.3022    25.6986 0.0000e+00
        985     49.716     3.3802   2.978336    32.3022    25.6987 0.0000e+00
        986     49.733     3.3800   2.978313    32.3021    25.6986 0.0000e+00
        987     49.740     3.3796   2.978272    32.3020    25.6986 0.0000e+00
        988     49.725     3.3795   2.978246    32.3018    25.6984 0.0000e+00
        989     49.698     3.3795   2.978242    32.3018    25.6984 0.0000e+00
        990     49.671     3.3795   2.978242    32.3018    25.6984 0.0000e+00
        991     49.653     3.3796   2.978247    32.3018    25.6984 0.0000e+00
        992     49.651     3.3798   2.978275    32.3019    25.6985 0.0000e+00
        993     49.669     3.3802   2.978350    32.3024    25.6988 0.0000e+00
        994     49.708     3.3806   2.978434    32.3030    25.6993 0.0000e+00
        995     49.764     3.3808   2.978469    32.3032    25.6994 0.0000e+00
        996     49.821     3.3808   2.978462    32.3031    25.6993 0.0000e+00
        997     49.858     3.3807   2.978437    32.3028    25.6991 0.0000e+00
        998     49.865     3.3806   2.978419    32.3027    25.6991 0.0000e+00
        999     49.843     3.3804   2.978406    32.3028    25.6991 0.0000e+00
       1000     49.806     3.3804   2.978394    32.3027    25.6990 0.0000e+00
       1001     49.773     3.3803   2.978380    32.3026    25.6990 0.0000e+00
       1002     49.751     3.3803   2.978377    32.3026    25.6990 0.0000e+00
       1003     49.733     3.3805   2.978424    32.3030    25.6993 0.0000e+00
       1004     49.712     3.3811   2.978500    32.3033    25.6995 0.0000e+00
       1005     49.697     3.3815   2.978555    32.3035    25.6996 0.0000e+00
       1006     49.707     3.3816   2.978567    32.3036    25.6997 0.0000e+00
       1007     49.753     3.3814   2.978538    32.3034    25.6995 0.0000e+00
       1008     49.817     3.3813   2.978523    32.3033    25.6995 0.0000e+00
       1009     49.860     3.3814   2.978549    32.3035    25.6996 0.0000e+00
       1010     49.857     3.3817   2.978604    32.3038    25.6999 0.0000e+00
       1011     49.819     3.3822   2.978682    32.3043    25.7002 0.0000e+00
       1012     49.781     3.3826   2.978734    32.3045    25.7003 0.0000e+00
       1013     49.772     3.3827   2.978744    32.3046    25.7003 0.0000e+00
       1014     49.802     3.3826   2.978747    32.3047    25.7005 0.0000e+00
       1015     49.850     3.3826   2.978745    32.3046    25.7004 0.0000e+00
       1016     49.893     3.3826   2.978738    32.3045    25.7003 0.0000e+00
       1017     49.918     3.3826   2.978735    32.3045    25.7003 0.0000e+00
       1018     49.926     3.3825   2.978715    32.3043    25.7002 0.0000e+00
       1019     49.923     3.3823   2.978686    32.3042    25.7001 0.0000e+00
       1020     49.909     3.3823   2.978694    32.3043    25.7002 0.0000e+00
       1021     49.888     3.3825   2.978731    32.3046    25.7004 0.0000e+00
       1022     49.865     3.3826   2.978750    32.3047    25.7005 0.0000e+00
       1023     49.837     3.3826   2.978753    32.3047    25.7005 0.0000e+00
       1024     49.809     3.3826   2.978754    32.3048    25.7005 0.0000e+00
       1025     49.798     3.3826   2.978747    32.3047    25.7005 0.0000e+00
