Datasets/Test_Dataset_39219_tow/tel219_2021_083.cnv
* Sea-Bird SBE19plus Data File:
* Filename = C:/AQUIRE/tel219_2021_083.hex
* Software Version AquireV2 AF V2.0
* Temperature SN =  4020
* Conductivity SN =  4020
* System UpLoad Time = May 16 2021 21:34:31
** VESSEL/TRIP/SEQ STN: tel219_2021_083
** LATITUDE: 46 28.35 N
** LONGITUDE: 56 23.86 W
** DATE/TIME: 2021-05-16 20:52
** SOUNDING DEPTH (M): 0063
** PROBE TYPE: S4020
** CTD NUMBER: 083
** FORMAT: T
** COMMENTS: 
# nquan = 7                                 
# nvalues = 2582                        
# units = specified
# name 0 = scan: Scan Count
# name 1 = prdM: Pressure, Strain Gauge [db]
# name 2 = tv290C: Temperature [ITS-90, deg C]
# name 3 = c0S/m: Conductivity [S/m]
# name 4 = sal00: Salinity, Practical [PSU]
# name 5 = sigma-t00: Density [sigma-t, kg/m^3 ]
# name 6 = flag: flag
# span 0 =          1,       2582       
# span 1 =      0.040,     59.498       
# span 2 =     2.3876,     6.9413       
# span 3 =   0.009839,   3.124567       
# span 4 =     0.0704,    32.3304       
# span 5 =    -0.0347,    25.5945       
# span 6 = 0.0000e+00, 0.0000e+00       
# interval = seconds: 1
# start_time = May 16 2021 20:52:17 [Instrument's time stamp, header]
# bad_flag = -9.990e-29
*END*
[from data line 2257]
       2258      0.168     4.3786   0.023046     0.1801     0.1188 0.0000e+00
       2259      0.165     4.3783   0.022858     0.1785     0.1176 0.0000e+00
       2260      0.165     4.3781   0.022801     0.1781     0.1172 0.0000e+00
       2261      0.166     4.3780   0.022746     0.1776     0.1168 0.0000e+00
       2262      0.166     4.3778   0.022575     0.1763     0.1157 0.0000e+00
       2263      0.166     4.3777   0.022323     0.1742     0.1141 0.0000e+00
       2264      0.167     4.3774   0.022129     0.1726     0.1128 0.0000e+00
       2265      0.165     4.3770   0.022056     0.1721     0.1124 0.0000e+00
       2266      0.163     4.3767   0.021998     0.1716     0.1120 0.0000e+00
       2267      0.161     4.3766   0.021834     0.1703     0.1109 0.0000e+00
       2268      0.159     4.3765   0.021581     0.1682     0.1093 0.0000e+00
       2269      0.159     4.3763   0.021357     0.1664     0.1078 0.0000e+00
       2270      0.159     4.3761   0.021256     0.1656     0.1072 0.0000e+00
       2271      0.158     4.3759   0.021257     0.1656     0.1072 0.0000e+00
       2272      0.156     4.3758   0.021239     0.1655     0.1071 0.0000e+00
       2273      0.156     4.3757   0.021111     0.1644     0.1062 0.0000e+00
       2274      0.157     4.3754   0.020890     0.1627     0.1048 0.0000e+00
       2275      0.157     4.3751   0.020657     0.1608     0.1033 0.0000e+00
       2276      0.156     4.3749   0.020497     0.1595     0.1023 0.0000e+00
       2277      0.156     4.3746   0.020437     0.1590     0.1019 0.0000e+00
       2278      0.155     4.3743   0.020410     0.1588     0.1017 0.0000e+00
       2279      0.154     4.3743   0.020342     0.1583     0.1013 0.0000e+00
       2280      0.153     4.3741   0.020202     0.1571     0.1004 0.0000e+00
       2281      0.151     4.3738   0.020019     0.1557     0.0992 0.0000e+00
       2282      0.149     4.3735   0.019863     0.1544     0.0982 0.0000e+00
       2283      0.149     4.3734   0.019782     0.1538     0.0977 0.0000e+00
       2284      0.149     4.3733   0.019776     0.1537     0.0976 0.0000e+00
       2285      0.148     4.3729   0.019786     0.1538     0.0977 0.0000e+00
       2286      0.148     4.3725   0.019730     0.1533     0.0973 0.0000e+00
       2287      0.148     4.3722   0.019595     0.1523     0.0965 0.0000e+00
       2288      0.147     4.3720   0.019463     0.1512     0.0956 0.0000e+00
       2289      0.149     4.3720   0.019398     0.1507     0.0952 0.0000e+00
       2290      0.151     4.3719   0.019360     0.1504     0.0949 0.0000e+00
       2291      0.150     4.3716   0.019270     0.1496     0.0944 0.0000e+00
       2292      0.147     4.3712   0.019123     0.1485     0.0934 0.0000e+00
       2293      0.143     4.3708   0.019004     0.1475     0.0926 0.0000e+00
       2294      0.141     4.3705   0.018976     0.1473     0.0925 0.0000e+00
       2295      0.140     4.3703   0.019005     0.1475     0.0927 0.0000e+00
       2296      0.139     4.3699   0.018978     0.1473     0.0925 0.0000e+00
       2297      0.140     4.3697   0.018834     0.1462     0.0916 0.0000e+00
       2298      0.141     4.3695   0.018638     0.1446     0.0903 0.0000e+00
       2299      0.143     4.3691   0.018499     0.1435     0.0894 0.0000e+00
       2300      0.144     4.3689   0.018459     0.1431     0.0891 0.0000e+00
       2301      0.143     4.3687   0.018441     0.1430     0.0890 0.0000e+00
       2302      0.139     4.3685   0.018350     0.1423     0.0884 0.0000e+00
       2303      0.135     4.3683   0.018189     0.1410     0.0874 0.0000e+00
       2304      0.134     4.3681   0.018040     0.1398     0.0864 0.0000e+00
       2305      0.136     4.3677   0.017969     0.1392     0.0860 0.0000e+00
       2306      0.136     4.3674   0.017960     0.1392     0.0859 0.0000e+00
       2307      0.136     4.3671   0.017939     0.1390     0.0858 0.0000e+00
       2308      0.139     4.3667   0.017858     0.1383     0.0853 0.0000e+00
       2309      0.139     4.3665   0.017728     0.1373     0.0845 0.0000e+00
       2310      0.134     4.3660   0.017595     0.1362     0.0836 0.0000e+00
       2311      0.129     4.3657   0.017504     0.1355     0.0830 0.0000e+00
       2312      0.128     4.3653   0.017464     0.1352     0.0828 0.0000e+00
       2313      0.129     4.3651   0.017445     0.1350     0.0826 0.0000e+00
       2314      0.130     4.3648   0.017402     0.1347     0.0824 0.0000e+00
       2315      0.130     4.3644   0.017322     0.1341     0.0819 0.0000e+00
       2316      0.130     4.3642   0.017235     0.1334     0.0813 0.0000e+00
       2317      0.128     4.3639   0.017168     0.1328     0.0809 0.0000e+00
       2318      0.127     4.3636   0.017116     0.1324     0.0805 0.0000e+00
       2319      0.128     4.3634   0.017065     0.1320     0.0802 0.0000e+00
       2320      0.127     4.3630   0.017002     0.1315     0.0798 0.0000e+00
       2321      0.126     4.3628   0.016918     0.1308     0.0793 0.0000e+00
       2322      0.127     4.3626   0.016811     0.1300     0.0786 0.0000e+00
       2323      0.127     4.3624   0.016716     0.1292     0.0780 0.0000e+00
       2324      0.126     4.3622   0.016677     0.1289     0.0777 0.0000e+00
       2325      0.126     4.3619   0.016688     0.1290     0.0778 0.0000e+00
       2326      0.125     4.3615   0.016688     0.1290     0.0778 0.0000e+00
       2327      0.123     4.3611   0.016628     0.1285     0.0774 0.0000e+00
       2328      0.121     4.3607   0.016520     0.1277     0.0767 0.0000e+00
       2329      0.120     4.3604   0.016406     0.1267     0.0760 0.0000e+00
       2330      0.121     4.3601   0.016321     0.1261     0.0755 0.0000e+00
       2331      0.121     4.3599   0.016285     0.1258     0.0752 0.0000e+00
       2332      0.120     4.3597   0.016299     0.1259     0.0753 0.0000e+00
       2333      0.120     4.3595   0.016304     0.1259     0.0754 0.0000e+00
       2334      0.121     4.3592   0.016243     0.1255     0.0750 0.0000e+00
       2335      0.119     4.3590   0.016153     0.1247     0.0744 0.0000e+00
       2336      0.114     4.3589   0.016101     0.1243     0.0741 0.0000e+00
       2337      0.112     4.3586   0.016087     0.1242     0.0740 0.0000e+00
       2338      0.115     4.3583   0.016050     0.1239     0.0737 0.0000e+00
       2339      0.115     4.3582   0.015959     0.1232     0.0731 0.0000e+00
       2340      0.112     4.3581   0.015865     0.1224     0.0725 0.0000e+00
       2341      0.110     4.3577   0.015838     0.1222     0.0724 0.0000e+00
       2342      0.111     4.3573   0.015878     0.1225     0.0726 0.0000e+00
       2343      0.112     4.3568   0.015907     0.1228     0.0728 0.0000e+00
       2344      0.111     4.3563   0.015850     0.1223     0.0725 0.0000e+00
       2345      0.110     4.3560   0.015724     0.1213     0.0717 0.0000e+00
       2346      0.109     4.3559   0.015610     0.1204     0.0709 0.0000e+00
       2347      0.107     4.3557   0.015574     0.1201     0.0707 0.0000e+00
       2348      0.107     4.3556   0.015606     0.1204     0.0709 0.0000e+00
       2349      0.108     4.3555   0.015622     0.1205     0.0710 0.0000e+00
       2350      0.108     4.3553   0.015563     0.1200     0.0706 0.0000e+00
       2351      0.107     4.3551   0.015462     0.1192     0.0700 0.0000e+00
       2352      0.106     4.3547   0.015398     0.1187     0.0696 0.0000e+00
       2353      0.102     4.3544   0.015397     0.1187     0.0696 0.0000e+00
       2354      0.100     4.3543   0.015405     0.1188     0.0696 0.0000e+00
       2355      0.104     4.3541   0.015360     0.1184     0.0693 0.0000e+00
       2356      0.107     4.3538   0.015273     0.1177     0.0688 0.0000e+00
       2357      0.105     4.3534   0.015202     0.1172     0.0683 0.0000e+00
       2358      0.104     4.3531   0.015180     0.1170     0.0682 0.0000e+00
       2359      0.103     4.3529   0.015172     0.1169     0.0681 0.0000e+00
       2360      0.103     4.3528   0.015131     0.1166     0.0679 0.0000e+00
       2361      0.106     4.3525   0.015074     0.1162     0.0675 0.0000e+00
       2362      0.109     4.3522   0.015046     0.1159     0.0673 0.0000e+00
       2363      0.111     4.3522   0.015048     0.1160     0.0674 0.0000e+00
       2364      0.109     4.3521   0.015030     0.1158     0.0672 0.0000e+00
       2365      0.102     4.3518   0.014966     0.1153     0.0668 0.0000e+00
       2366      0.098     4.3515   0.014885     0.1147     0.0663 0.0000e+00
       2367      0.099     4.3513   0.014843     0.1143     0.0660 0.0000e+00
       2368      0.099     4.3511   0.014856     0.1144     0.0661 0.0000e+00
       2369      0.098     4.3509   0.014876     0.1146     0.0663 0.0000e+00
       2370      0.095     4.3507   0.014853     0.1144     0.0661 0.0000e+00
       2371      0.094     4.3504   0.014778     0.1138     0.0656 0.0000e+00
       2372      0.095     4.3500   0.014694     0.1131     0.0651 0.0000e+00
       2373      0.096     4.3499   0.014653     0.1128     0.0648 0.0000e+00
       2374      0.097     4.3497   0.014672     0.1130     0.0650 0.0000e+00
       2375      0.098     4.3495   0.014704     0.1132     0.0652 0.0000e+00
       2376      0.098     4.3495   0.014681     0.1130     0.0650 0.0000e+00
       2377      0.097     4.3492   0.014605     0.1124     0.0645 0.0000e+00
       2378      0.095     4.3490   0.014535     0.1119     0.0641 0.0000e+00
       2379      0.093     4.3487   0.014508     0.1117     0.0639 0.0000e+00
       2380      0.092     4.3485   0.014508     0.1117     0.0639 0.0000e+00
       2381      0.093     4.3484   0.014504     0.1116     0.0639 0.0000e+00
       2382      0.095     4.3481   0.014477     0.1114     0.0637 0.0000e+00
       2383      0.096     4.3476   0.014434     0.1111     0.0635 0.0000e+00
       2384      0.094     4.3474   0.014408     0.1109     0.0633 0.0000e+00
       2385      0.092     4.3473   0.014406     0.1109     0.0633 0.0000e+00
       2386      0.092     4.3472   0.014387     0.1107     0.0632 0.0000e+00
       2387      0.095     4.3472   0.014326     0.1102     0.0628 0.0000e+00
       2388      0.094     4.3469   0.014267     0.1098     0.0624 0.0000e+00
       2389      0.088     4.3467   0.014268     0.1098     0.0624 0.0000e+00
       2390      0.083     4.3465   0.014305     0.1101     0.0626 0.0000e+00
       2391      0.082     4.3462   0.014303     0.1100     0.0626 0.0000e+00
       2392      0.086     4.3460   0.014245     0.1096     0.0623 0.0000e+00
       2393      0.090     4.3457   0.014182     0.1091     0.0619 0.0000e+00
       2394      0.092     4.3457   0.014157     0.1089     0.0617 0.0000e+00
       2395      0.093     4.3456   0.014166     0.1090     0.0618 0.0000e+00
       2396      0.094     4.3454   0.014172     0.1090     0.0618 0.0000e+00
       2397      0.092     4.3453   0.014165     0.1090     0.0618 0.0000e+00
       2398      0.090     4.3452   0.014139     0.1087     0.0616 0.0000e+00
       2399      0.089     4.3451   0.014090     0.1084     0.0613 0.0000e+00
       2400      0.091     4.3447   0.014036     0.1079     0.0609 0.0000e+00
       2401      0.093     4.3445   0.014007     0.1077     0.0608 0.0000e+00
       2402      0.094     4.3444   0.014013     0.1077     0.0608 0.0000e+00
       2403      0.094     4.3441   0.014025     0.1078     0.0609 0.0000e+00
       2404      0.094     4.3439   0.014008     0.1077     0.0608 0.0000e+00
       2405      0.094     4.3436   0.013959     0.1073     0.0605 0.0000e+00
       2406      0.093     4.3432   0.013914     0.1070     0.0602 0.0000e+00
       2407      0.092     4.3430   0.013899     0.1068     0.0601 0.0000e+00
       2408      0.091     4.3430   0.013904     0.1069     0.0601 0.0000e+00
       2409      0.090     4.3430   0.013901     0.1069     0.0601 0.0000e+00
       2410      0.088     4.3429   0.013880     0.1067     0.0600 0.0000e+00
       2411      0.085     4.3427   0.013846     0.1064     0.0597 0.0000e+00
       2412      0.079     4.3424   0.013812     0.1062     0.0595 0.0000e+00
       2413      0.073     4.3422   0.013794     0.1060     0.0594 0.0000e+00
       2414      0.073     4.3421   0.013791     0.1060     0.0594 0.0000e+00
       2415      0.075     4.3419   0.013774     0.1059     0.0593 0.0000e+00
       2416      0.075     4.3417   0.013742     0.1056     0.0591 0.0000e+00
       2417      0.074     4.3416   0.013721     0.1054     0.0590 0.0000e+00
       2418      0.074     4.3415   0.013712     0.1054     0.0589 0.0000e+00
       2419      0.076     4.3413   0.013687     0.1052     0.0587 0.0000e+00
       2420      0.079     4.3411   0.013650     0.1049     0.0585 0.0000e+00
       2421      0.082     4.3411   0.013634     0.1047     0.0584 0.0000e+00
       2422      0.083     4.3410   0.013646     0.1048     0.0585 0.0000e+00
       2423      0.081     4.3415   0.013670     0.1050     0.0586 0.0000e+00
       2424      0.081     4.3458   0.013745     0.1056     0.0591 0.0000e+00
       2425      0.083     4.3551   0.013858     0.1065     0.0597 0.0000e+00
       2426      0.086     4.3636   0.014020     0.1077     0.0607 0.0000e+00
       2427      0.086     4.3669   0.014502     0.1116     0.0637 0.0000e+00
       2428      0.083     4.3672   0.015343     0.1183     0.0691 0.0000e+00
       2429      0.083     4.3682   0.016300     0.1259     0.0752 0.0000e+00
       2430      0.090     4.3726   0.017719     0.1372     0.0843 0.0000e+00
       2431      0.095     4.3800   0.019455     0.1511     0.0955 0.0000e+00
       2432      0.096     4.3860   0.020546     0.1598     0.1025 0.0000e+00
       2433      0.098     4.3887   0.021187     0.1650     0.1066 0.0000e+00
       2434      0.098     4.3899   0.022148     0.1727     0.1128 0.0000e+00
       2435      0.096     4.3903   0.023359     0.1825     0.1207 0.0000e+00
       2436      0.096     4.3902   0.024209     0.1894     0.1262 0.0000e+00
       2437      0.097     4.3896   0.024614     0.1927     0.1289 0.0000e+00
       2438      0.098     4.3887   0.024894     0.1950     0.1307 0.0000e+00
       2439      0.101     4.3875   0.025007     0.1959     0.1315 0.0000e+00
       2440      0.102     4.3858   0.025100     0.1967     0.1321 0.0000e+00
       2441      0.099     4.3843   0.026769     0.2102     0.1430 0.0000e+00
       2442      0.096     4.3832   0.036160     0.2872     0.2049 0.0000e+00
       2443      0.099     4.3823   0.061649     0.5003     0.3762 0.0000e+00
       2444      0.101     4.3813   0.081676     0.6711     0.5132 0.0000e+00
       2445      0.099     4.3803   0.070300     0.5738     0.4352 0.0000e+00
       2446      0.098     4.3793   0.051316     0.4133     0.3063 0.0000e+00
       2447      0.099     4.3785   0.047997     0.3856     0.2840 0.0000e+00
       2448      0.099     4.3777   0.056540     0.4573     0.3416 0.0000e+00
       2449      0.100     4.3769   0.073511     0.6012     0.4572 0.0000e+00
       2450      0.101     4.3762   0.096129     0.7959     0.6133 0.0000e+00
       2451      0.103     4.3754   0.114037     0.9518     0.7383 0.0000e+00
       2452      0.104     4.3746   0.117735     0.9843     0.7643 0.0000e+00
       2453      0.102     4.3736   0.114351     0.9546     0.7406 0.0000e+00
       2454      0.098     4.3728   0.112486     0.9383     0.7275 0.0000e+00
       2455      0.093     4.3720   0.110404     0.9202     0.7130 0.0000e+00
       2456      0.091     4.3714   0.106650     0.8874     0.6867 0.0000e+00
       2457      0.092     4.3710   0.103622     0.8611     0.6656 0.0000e+00
       2458      0.094     4.3704   0.105381     0.8764     0.6779 0.0000e+00
       2459      0.095     4.3698   0.112435     0.9380     0.7273 0.0000e+00
       2460      0.095     4.3693   0.119015     0.9956     0.7734 0.0000e+00
       2461      0.095     4.3688   0.121106     1.0140     0.7882 0.0000e+00
