Datasets/Test_Dataset_39219_tow/tel219_2021_008.cnv
* Sea-Bird SBE19plus Data File:
* Filename = C:/AQUIRE/tel219_2021_008.hex
* Software Version AquireV2 AF V2.0
* Temperature SN =  4020
* Conductivity SN =  4020
* System UpLoad Time = May 06 2021 15:49:32
** VESSEL/TRIP/SEQ STN: tel219_2021_008
** LATITUDE: 45 56.30 N
** LONGITUDE: 55 56.00 W
** DATE/TIME: 2021-05-06 15:14
** SOUNDING DEPTH (M): 0059
** PROBE TYPE: S4020
** CTD NUMBER: 008
** FORMAT: t
** COMMENTS: 
# nquan = 7                                 
# nvalues = 2065                        
# units = specified
# name 0 = scan: Scan Count
# name 1 = prdM: Pressure, Strain Gauge [db]
# name 2 = tv290C: Temperature [ITS-90, deg C]
# name 3 = c0S/m: Conductivity [S/m]
# name 4 = sal00: Salinity, Practical [PSU]
# name 5 = sigma-t00: Density [sigma-t, kg/m^3 ]
# name 6 = flag: flag
# span 0 =          1,       2065       
# span 1 =     -0.118,     55.448       
# span 2 =     1.9369,     4.2089       
# span 3 =   0.004624,   2.992923       
# span 4 =     0.0346,    32.1706       
# span 5 =     0.0027,    25.7003       
# span 6 = 0.0000e+00, 0.0000e+00       
# interval = seconds: 1
# start_time = May 06 2021 15:14:28 [Instrument's time stamp, header]
# bad_flag = -9.990e-29
*END*
[from data line 1231]
       1232     55.394     1.9541   2.847899    32.1411    25.6850 0.0000e+00
       1233     55.382     1.9543   2.847895    32.1408    25.6847 0.0000e+00
       1234     55.387     1.9543   2.847904    32.1409    25.6848 0.0000e+00
       1235     55.395     1.9542   2.847911    32.1411    25.6850 0.0000e+00
       1236     55.394     1.9539   2.847912    32.1414    25.6853 0.0000e+00
       1237     55.381     1.9537   2.847899    32.1415    25.6853 0.0000e+00
       1238     55.361     1.9537   2.847876    32.1412    25.6851 0.0000e+00
       1239     55.345     1.9537   2.847863    32.1411    25.6850 0.0000e+00
       1240     55.337     1.9537   2.847860    32.1410    25.6849 0.0000e+00
       1241     55.332     1.9537   2.847868    32.1411    25.6850 0.0000e+00
       1242     55.325     1.9537   2.847871    32.1412    25.6851 0.0000e+00
       1243     55.315     1.9535   2.847853    32.1411    25.6851 0.0000e+00
       1244     55.310     1.9530   2.847812    32.1411    25.6851 0.0000e+00
       1245     55.318     1.9524   2.847756    32.1411    25.6851 0.0000e+00
       1246     55.333     1.9519   2.847719    32.1411    25.6851 0.0000e+00
       1247     55.340     1.9520   2.847725    32.1411    25.6851 0.0000e+00
       1248     55.334     1.9523   2.847755    32.1411    25.6851 0.0000e+00
       1249     55.314     1.9523   2.847757    32.1412    25.6852 0.0000e+00
       1250     55.288     1.9520   2.847724    32.1411    25.6851 0.0000e+00
       1251     55.267     1.9516   2.847696    32.1411    25.6852 0.0000e+00
       1252     55.258     1.9514   2.847688    32.1413    25.6853 0.0000e+00
       1253     55.253     1.9513   2.847685    32.1413    25.6854 0.0000e+00
       1254     55.248     1.9511   2.847671    32.1414    25.6854 0.0000e+00
       1255     55.251     1.9508   2.847641    32.1413    25.6854 0.0000e+00
       1256     55.258     1.9504   2.847613    32.1413    25.6854 0.0000e+00
       1257     55.261     1.9501   2.847596    32.1414    25.6855 0.0000e+00
       1258     55.260     1.9499   2.847574    32.1414    25.6855 0.0000e+00
       1259     55.262     1.9495   2.847556    32.1415    25.6857 0.0000e+00
       1260     55.267     1.9493   2.847544    32.1416    25.6857 0.0000e+00
       1261     55.266     1.9493   2.847542    32.1416    25.6857 0.0000e+00
       1262     55.253     1.9493   2.847548    32.1417    25.6858 0.0000e+00
       1263     55.233     1.9493   2.847540    32.1416    25.6857 0.0000e+00
       1264     55.216     1.9491   2.847516    32.1415    25.6856 0.0000e+00
       1265     55.203     1.9488   2.847491    32.1415    25.6857 0.0000e+00
       1266     55.193     1.9487   2.847480    32.1414    25.6856 0.0000e+00
       1267     55.188     1.9487   2.847483    32.1415    25.6857 0.0000e+00
       1268     55.191     1.9487   2.847487    32.1415    25.6857 0.0000e+00
       1269     55.196     1.9487   2.847487    32.1415    25.6857 0.0000e+00
       1270     55.202     1.9486   2.847483    32.1416    25.6858 0.0000e+00
       1271     55.210     1.9487   2.847485    32.1415    25.6857 0.0000e+00
       1272     55.223     1.9487   2.847489    32.1415    25.6857 0.0000e+00
       1273     55.236     1.9486   2.847486    32.1416    25.6858 0.0000e+00
       1274     55.241     1.9484   2.847471    32.1416    25.6858 0.0000e+00
       1275     55.236     1.9480   2.847449    32.1417    25.6859 0.0000e+00
       1276     55.223     1.9478   2.847436    32.1418    25.6860 0.0000e+00
       1277     55.204     1.9479   2.847438    32.1417    25.6859 0.0000e+00
       1278     55.186     1.9480   2.847440    32.1417    25.6859 0.0000e+00
       1279     55.176     1.9479   2.847432    32.1417    25.6859 0.0000e+00
       1280     55.179     1.9478   2.847427    32.1417    25.6859 0.0000e+00
       1281     55.191     1.9476   2.847424    32.1419    25.6861 0.0000e+00
       1282     55.206     1.9473   2.847409    32.1420    25.6862 0.0000e+00
       1283     55.216     1.9471   2.847387    32.1419    25.6861 0.0000e+00
       1284     55.221     1.9469   2.847368    32.1419    25.6861 0.0000e+00
       1285     55.219     1.9467   2.847350    32.1418    25.6861 0.0000e+00
       1286     55.211     1.9464   2.847327    32.1419    25.6861 0.0000e+00
       1287     55.206     1.9461   2.847302    32.1419    25.6862 0.0000e+00
       1288     55.208     1.9460   2.847286    32.1418    25.6861 0.0000e+00
       1289     55.213     1.9461   2.847291    32.1417    25.6861 0.0000e+00
       1290     55.218     1.9463   2.847308    32.1417    25.6860 0.0000e+00
       1291     55.219     1.9462   2.847314    32.1419    25.6862 0.0000e+00
       1292     55.215     1.9461   2.847306    32.1419    25.6862 0.0000e+00
       1293     55.205     1.9459   2.847285    32.1419    25.6862 0.0000e+00
       1294     55.192     1.9455   2.847250    32.1418    25.6862 0.0000e+00
       1295     55.185     1.9451   2.847215    32.1418    25.6862 0.0000e+00
       1296     55.182     1.9448   2.847194    32.1419    25.6862 0.0000e+00
       1297     55.174     1.9445   2.847193    32.1422    25.6865 0.0000e+00
       1298     55.158     1.9444   2.847201    32.1424    25.6867 0.0000e+00
       1299     55.140     1.9446   2.847197    32.1421    25.6865 0.0000e+00
       1300     55.134     1.9447   2.847189    32.1419    25.6863 0.0000e+00
       1301     55.145     1.9445   2.847177    32.1420    25.6864 0.0000e+00
       1302     55.159     1.9444   2.847163    32.1419    25.6863 0.0000e+00
       1303     55.167     1.9444   2.847158    32.1418    25.6862 0.0000e+00
       1304     55.174     1.9444   2.847164    32.1419    25.6863 0.0000e+00
       1305     55.181     1.9444   2.847172    32.1420    25.6864 0.0000e+00
       1306     55.186     1.9444   2.847169    32.1419    25.6864 0.0000e+00
       1307     55.183     1.9442   2.847163    32.1421    25.6865 0.0000e+00
       1308     55.167     1.9442   2.847155    32.1420    25.6864 0.0000e+00
       1309     55.147     1.9442   2.847141    32.1418    25.6863 0.0000e+00
       1310     55.140     1.9442   2.847134    32.1417    25.6862 0.0000e+00
       1311     55.146     1.9442   2.847142    32.1418    25.6863 0.0000e+00
       1312     55.155     1.9442   2.847157    32.1420    25.6864 0.0000e+00
       1313     55.160     1.9442   2.847160    32.1421    25.6864 0.0000e+00
       1314     55.162     1.9442   2.847152    32.1420    25.6864 0.0000e+00
       1315     55.168     1.9441   2.847137    32.1419    25.6863 0.0000e+00
       1316     55.182     1.9439   2.847124    32.1419    25.6863 0.0000e+00
       1317     55.197     1.9438   2.847122    32.1420    25.6864 0.0000e+00
       1318     55.205     1.9438   2.847124    32.1420    25.6864 0.0000e+00
       1319     55.200     1.9438   2.847126    32.1420    25.6864 0.0000e+00
       1320     55.184     1.9436   2.847107    32.1420    25.6864 0.0000e+00
       1321     55.169     1.9433   2.847076    32.1419    25.6864 0.0000e+00
       1322     55.165     1.9430   2.847056    32.1420    25.6865 0.0000e+00
       1323     55.167     1.9428   2.847044    32.1420    25.6865 0.0000e+00
       1324     55.172     1.9426   2.847039    32.1422    25.6867 0.0000e+00
       1325     55.174     1.9425   2.847035    32.1422    25.6867 0.0000e+00
       1326     55.166     1.9425   2.847027    32.1421    25.6866 0.0000e+00
       1327     55.156     1.9426   2.847021    32.1419    25.6865 0.0000e+00
       1328     55.157     1.9427   2.847028    32.1419    25.6865 0.0000e+00
       1329     55.167     1.9427   2.847038    32.1421    25.6866 0.0000e+00
       1330     55.172     1.9427   2.847041    32.1421    25.6866 0.0000e+00
       1331     55.170     1.9427   2.847040    32.1421    25.6866 0.0000e+00
       1332     55.164     1.9427   2.847039    32.1421    25.6866 0.0000e+00
       1333     55.156     1.9426   2.847032    32.1421    25.6866 0.0000e+00
       1334     55.150     1.9425   2.847015    32.1420    25.6865 0.0000e+00
       1335     55.146     1.9425   2.847004    32.1418    25.6864 0.0000e+00
       1336     55.141     1.9425   2.847007    32.1419    25.6864 0.0000e+00
       1337     55.137     1.9425   2.847013    32.1420    25.6865 0.0000e+00
       1338     55.133     1.9425   2.847015    32.1420    25.6865 0.0000e+00
       1339     55.132     1.9424   2.847014    32.1421    25.6866 0.0000e+00
       1340     55.136     1.9421   2.846996    32.1422    25.6867 0.0000e+00
       1341     55.146     1.9418   2.846969    32.1421    25.6867 0.0000e+00
       1342     55.158     1.9417   2.846957    32.1421    25.6866 0.0000e+00
       1343     55.169     1.9417   2.846962    32.1421    25.6867 0.0000e+00
       1344     55.178     1.9417   2.846962    32.1421    25.6867 0.0000e+00
       1345     55.184     1.9415   2.846953    32.1422    25.6868 0.0000e+00
       1346     55.187     1.9411   2.846925    32.1423    25.6868 0.0000e+00
       1347     55.188     1.9408   2.846896    32.1422    25.6868 0.0000e+00
       1348     55.180     1.9406   2.846881    32.1422    25.6868 0.0000e+00
       1349     55.159     1.9406   2.846881    32.1422    25.6869 0.0000e+00
       1350     55.132     1.9407   2.846888    32.1422    25.6868 0.0000e+00
       1351     55.114     1.9408   2.846892    32.1422    25.6868 0.0000e+00
       1352     55.110     1.9408   2.846889    32.1422    25.6868 0.0000e+00
       1353     55.116     1.9406   2.846880    32.1422    25.6869 0.0000e+00
       1354     55.122     1.9402   2.846869    32.1425    25.6871 0.0000e+00
       1355     55.119     1.9400   2.846858    32.1426    25.6872 0.0000e+00
       1356     55.108     1.9400   2.846841    32.1424    25.6870 0.0000e+00
       1357     55.102     1.9400   2.846825    32.1422    25.6869 0.0000e+00
       1358     55.104     1.9400   2.846817    32.1421    25.6868 0.0000e+00
       1359     55.107     1.9400   2.846819    32.1421    25.6868 0.0000e+00
       1360     55.106     1.9400   2.846828    32.1422    25.6869 0.0000e+00
       1361     55.098     1.9400   2.846830    32.1422    25.6869 0.0000e+00
       1362     55.089     1.9398   2.846819    32.1423    25.6870 0.0000e+00
       1363     55.082     1.9398   2.846810    32.1422    25.6869 0.0000e+00
       1364     55.075     1.9398   2.846808    32.1422    25.6869 0.0000e+00
       1365     55.063     1.9398   2.846810    32.1422    25.6869 0.0000e+00
       1366     55.047     1.9398   2.846813    32.1423    25.6869 0.0000e+00
       1367     55.034     1.9398   2.846811    32.1422    25.6869 0.0000e+00
       1368     55.028     1.9397   2.846803    32.1423    25.6869 0.0000e+00
       1369     55.028     1.9396   2.846796    32.1423    25.6869 0.0000e+00
       1370     55.029     1.9396   2.846796    32.1423    25.6869 0.0000e+00
       1371     55.029     1.9395   2.846790    32.1423    25.6870 0.0000e+00
       1372     55.026     1.9394   2.846786    32.1423    25.6870 0.0000e+00
       1373     55.022     1.9394   2.846781    32.1423    25.6870 0.0000e+00
       1374     55.021     1.9393   2.846769    32.1422    25.6869 0.0000e+00
       1375     55.025     1.9392   2.846757    32.1422    25.6869 0.0000e+00
       1376     55.028     1.9392   2.846757    32.1422    25.6869 0.0000e+00
       1377     55.025     1.9393   2.846768    32.1422    25.6869 0.0000e+00
       1378     55.018     1.9394   2.846777    32.1422    25.6869 0.0000e+00
       1379     55.008     1.9394   2.846782    32.1423    25.6870 0.0000e+00
       1380     54.995     1.9395   2.846786    32.1423    25.6870 0.0000e+00
       1381     54.982     1.9396   2.846787    32.1422    25.6869 0.0000e+00
       1382     54.976     1.9394   2.846778    32.1423    25.6870 0.0000e+00
       1383     54.978     1.9391   2.846754    32.1423    25.6870 0.0000e+00
       1384     54.987     1.9390   2.846733    32.1421    25.6869 0.0000e+00
       1385     54.995     1.9390   2.846734    32.1421    25.6869 0.0000e+00
       1386     54.993     1.9391   2.846748    32.1422    25.6869 0.0000e+00
       1387     54.985     1.9393   2.846763    32.1422    25.6869 0.0000e+00
       1388     54.979     1.9394   2.846770    32.1422    25.6869 0.0000e+00
       1389     54.975     1.9392   2.846763    32.1423    25.6870 0.0000e+00
       1390     54.970     1.9390   2.846747    32.1423    25.6870 0.0000e+00
       1391     54.963     1.9387   2.846723    32.1423    25.6870 0.0000e+00
       1392     54.959     1.9384   2.846700    32.1423    25.6871 0.0000e+00
       1393     54.961     1.9382   2.846689    32.1424    25.6871 0.0000e+00
       1394     54.965     1.9381   2.846682    32.1424    25.6872 0.0000e+00
       1395     54.971     1.9379   2.846669    32.1424    25.6872 0.0000e+00
       1396     54.981     1.9379   2.846661    32.1423    25.6871 0.0000e+00
       1397     54.990     1.9379   2.846658    32.1423    25.6871 0.0000e+00
       1398     54.992     1.9381   2.846662    32.1421    25.6870 0.0000e+00
       1399     54.985     1.9380   2.846664    32.1423    25.6871 0.0000e+00
       1400     54.977     1.9377   2.846649    32.1424    25.6872 0.0000e+00
       1401     54.970     1.9374   2.846626    32.1424    25.6872 0.0000e+00
       1402     54.966     1.9372   2.846614    32.1425    25.6873 0.0000e+00
       1403     54.964     1.9371   2.846614    32.1426    25.6874 0.0000e+00
       1404     54.965     1.9371   2.846607    32.1425    25.6873 0.0000e+00
       1405     54.968     1.9371   2.846598    32.1424    25.6872 0.0000e+00
       1406     54.972     1.9371   2.846595    32.1423    25.6872 0.0000e+00
       1407     54.975     1.9370   2.846593    32.1424    25.6872 0.0000e+00
       1408     54.973     1.9371   2.846600    32.1424    25.6872 0.0000e+00
       1409     54.968     1.9371   2.846611    32.1425    25.6873 0.0000e+00
       1410     54.962     1.9372   2.846614    32.1425    25.6873 0.0000e+00
       1411     54.954     1.9373   2.846617    32.1424    25.6872 0.0000e+00
       1412     54.950     1.9375   2.846624    32.1423    25.6871 0.0000e+00
       1413     54.953     1.9375   2.846627    32.1423    25.6872 0.0000e+00
       1414     54.961     1.9374   2.846620    32.1423    25.6872 0.0000e+00
       1415     54.969     1.9372   2.846608    32.1424    25.6872 0.0000e+00
       1416     54.967     1.9371   2.846602    32.1424    25.6873 0.0000e+00
       1417     54.954     1.9374   2.846611    32.1422    25.6871 0.0000e+00
       1418     54.942     1.9377   2.846638    32.1423    25.6871 0.0000e+00
       1419     54.940     1.9378   2.846654    32.1424    25.6872 0.0000e+00
       1420     54.946     1.9375   2.846641    32.1425    25.6873 0.0000e+00
       1421     54.948     1.9372   2.846619    32.1425    25.6873 0.0000e+00
       1422     54.940     1.9371   2.846603    32.1425    25.6873 0.0000e+00
       1423     54.925     1.9371   2.846594    32.1423    25.6872 0.0000e+00
       1424     54.914     1.9372   2.846597    32.1423    25.6871 0.0000e+00
       1425     54.910     1.9373   2.846603    32.1423    25.6871 0.0000e+00
       1426     54.912     1.9373   2.846597    32.1422    25.6870 0.0000e+00
       1427     54.919     1.9373   2.846594    32.1421    25.6870 0.0000e+00
       1428     54.930     1.9373   2.846602    32.1422    25.6871 0.0000e+00
       1429     54.942     1.9375   2.846615    32.1422    25.6870 0.0000e+00
       1430     54.950     1.9375   2.846619    32.1422    25.6871 0.0000e+00
       1431     54.961     1.9375   2.846617    32.1422    25.6870 0.0000e+00
       1432     54.991     1.9374   2.846609    32.1422    25.6870 0.0000e+00
       1433     55.043     1.9371   2.846591    32.1422    25.6871 0.0000e+00
       1434     55.107     1.9370   2.846587    32.1423    25.6871 0.0000e+00
       1435     55.166     1.9371   2.846597    32.1423    25.6871 0.0000e+00
