Datasets/Test_Dataset_39219_tow/tel219_2021_070.cnv
* Sea-Bird SBE19plus Data File:
* Filename = C:/AQUIRE/tel219_2021_070.hex
* Software Version AquireV2 AF V2.0
* Temperature SN =  4020
* Conductivity SN =  4020
* System UpLoad Time = May 15 2021 10:49:53
** VESSEL/TRIP/SEQ STN: tel219_2021_070
** LATITUDE: 45 58.72 N
** LONGITUDE: 54 45.09 W
** DATE/TIME: 2021-05-15 10:08
** SOUNDING DEPTH (M): 0075
** PROBE TYPE: S4020
** CTD NUMBER:  70
** FORMAT: T
** COMMENTS: 
# nquan = 7                                 
# nvalues = 2585                        
# units = specified
# name 0 = scan: Scan Count
# name 1 = prdM: Pressure, Strain Gauge [db]
# name 2 = tv290C: Temperature [ITS-90, deg C]
# name 3 = c0S/m: Conductivity [S/m]
# name 4 = sal00: Salinity, Practical [PSU]
# name 5 = sigma-t00: Density [sigma-t, kg/m^3 ]
# name 6 = flag: flag
# span 0 =          1,       2585       
# span 1 =     -0.045,     72.790       
# span 2 =     0.4831,     4.4124       
# span 3 =   0.013689,   2.999598       
# span 4 =     0.1079,    32.6414       
# span 5 =     0.0597,    26.1783       
# span 6 = 0.0000e+00, 0.0000e+00       
# interval = seconds: 1
# start_time = May 15 2021 10:08:07 [Instrument's time stamp, header]
# bad_flag = -9.990e-29
*END*
[from data line 206]
        207     -0.026     4.3385   0.026819     0.2109     0.1439 0.0000e+00
        208     -0.028     4.3387   0.026838     0.2111     0.1440 0.0000e+00
        209     -0.028     4.3388   0.026848     0.2112     0.1441 0.0000e+00
        210     -0.026     4.3389   0.026834     0.2110     0.1440 0.0000e+00
        211     -0.023     4.3391   0.026790     0.2107     0.1437 0.0000e+00
        212     -0.019     4.3393   0.026720     0.2101     0.1432 0.0000e+00
        213     -0.016     4.3397   0.026649     0.2095     0.1428 0.0000e+00
        214     -0.018     4.3401   0.026614     0.2092     0.1425 0.0000e+00
        215     -0.021     4.3405   0.026614     0.2092     0.1425 0.0000e+00
        216     -0.025     4.3407   0.026599     0.2091     0.1424 0.0000e+00
        217     -0.029     4.3408   0.026546     0.2087     0.1421 0.0000e+00
        218     -0.030     4.3412   0.026489     0.2082     0.1417 0.0000e+00
        219     -0.031     4.3415   0.026480     0.2081     0.1416 0.0000e+00
        220     -0.031     4.3418   0.026493     0.2082     0.1417 0.0000e+00
        221     -0.028     4.3419   0.026473     0.2081     0.1416 0.0000e+00
        222     -0.026     4.3421   0.026409     0.2076     0.1412 0.0000e+00
        223     -0.024     4.3423   0.026338     0.2070     0.1407 0.0000e+00
        224     -0.023     4.3426   0.026315     0.2068     0.1405 0.0000e+00
        225     -0.024     4.3429   0.026339     0.2070     0.1407 0.0000e+00
        226     -0.025     4.3430   0.026356     0.2071     0.1408 0.0000e+00
        227     -0.024     4.3433   0.026349     0.2071     0.1408 0.0000e+00
        228     -0.024     4.3437   0.026339     0.2070     0.1407 0.0000e+00
        229     -0.024     4.3440   0.026338     0.2070     0.1407 0.0000e+00
        230     -0.025     4.3441   0.026338     0.2070     0.1407 0.0000e+00
        231     -0.027     4.3441   0.026329     0.2069     0.1406 0.0000e+00
        232     -0.029     4.3442   0.026312     0.2068     0.1405 0.0000e+00
        233     -0.030     4.3443   0.026290     0.2066     0.1404 0.0000e+00
        234     -0.031     4.3445   0.026287     0.2066     0.1403 0.0000e+00
        235     -0.031     4.3449   0.026319     0.2068     0.1405 0.0000e+00
        236     -0.028     4.3453   0.026347     0.2070     0.1407 0.0000e+00
        237     -0.024     4.3456   0.026347     0.2070     0.1407 0.0000e+00
        238     -0.022     4.3457   0.026341     0.2070     0.1407 0.0000e+00
        239     -0.021     4.3457   0.026342     0.2070     0.1407 0.0000e+00
        240     -0.020     4.3457   0.026368     0.2072     0.1409 0.0000e+00
        241     -0.019     4.3457   0.026414     0.2076     0.1412 0.0000e+00
        242     -0.019     4.3456   0.026422     0.2076     0.1412 0.0000e+00
        243     -0.021     4.3454   0.026379     0.2073     0.1409 0.0000e+00
        244     -0.025     4.3454   0.026321     0.2068     0.1406 0.0000e+00
        245     -0.027     4.3456   0.026293     0.2066     0.1404 0.0000e+00
        246     -0.026     4.3457   0.026313     0.2068     0.1405 0.0000e+00
        247     -0.025     4.3459   0.026360     0.2071     0.1408 0.0000e+00
        248     -0.026     4.3462   0.026386     0.2073     0.1410 0.0000e+00
        249     -0.026     4.3465   0.026393     0.2074     0.1410 0.0000e+00
        250     -0.025     4.3467   0.026408     0.2075     0.1411 0.0000e+00
        251     -0.023     4.3468   0.026423     0.2076     0.1412 0.0000e+00
        252     -0.022     4.3468   0.026443     0.2078     0.1413 0.0000e+00
        253     -0.023     4.3468   0.026462     0.2080     0.1415 0.0000e+00
        254     -0.029     4.3468   0.026461     0.2080     0.1415 0.0000e+00
        255     -0.034     4.3468   0.026444     0.2078     0.1413 0.0000e+00
        256     -0.032     4.3468   0.026439     0.2078     0.1413 0.0000e+00
        257     -0.028     4.3470   0.026463     0.2080     0.1415 0.0000e+00
        258     -0.026     4.3473   0.026492     0.2082     0.1417 0.0000e+00
        259     -0.028     4.3475   0.026511     0.2084     0.1418 0.0000e+00
        260     -0.030     4.3476   0.026518     0.2084     0.1418 0.0000e+00
        261     -0.031     4.3476   0.026522     0.2084     0.1418 0.0000e+00
        262     -0.029     4.3478   0.026535     0.2086     0.1419 0.0000e+00
        263     -0.025     4.3481   0.026550     0.2087     0.1420 0.0000e+00
        264     -0.022     4.3484   0.026562     0.2088     0.1421 0.0000e+00
        265     -0.022     4.3488   0.026584     0.2089     0.1422 0.0000e+00
        266     -0.024     4.3491   0.026623     0.2093     0.1425 0.0000e+00
        267     -0.026     4.3493   0.026672     0.2097     0.1428 0.0000e+00
        268     -0.028     4.3495   0.026715     0.2100     0.1431 0.0000e+00
        269     -0.029     4.3497   0.026723     0.2101     0.1431 0.0000e+00
        270     -0.032     4.3500   0.026712     0.2100     0.1431 0.0000e+00
        271     -0.034     4.3504   0.026716     0.2100     0.1431 0.0000e+00
        272     -0.033     4.3507   0.026740     0.2102     0.1432 0.0000e+00
        273     -0.033     4.3509   0.026778     0.2105     0.1435 0.0000e+00
        274     -0.033     4.3512   0.026815     0.2108     0.1437 0.0000e+00
        275     -0.032     4.3514   0.026819     0.2108     0.1438 0.0000e+00
        276     -0.031     4.3514   0.026790     0.2106     0.1436 0.0000e+00
        277     -0.031     4.3514   0.026757     0.2103     0.1433 0.0000e+00
        278     -0.032     4.3517   0.026742     0.2102     0.1432 0.0000e+00
        279     -0.034     4.3521   0.026752     0.2103     0.1433 0.0000e+00
        280     -0.035     4.3524   0.026786     0.2106     0.1435 0.0000e+00
        281     -0.033     4.3525   0.026804     0.2107     0.1436 0.0000e+00
        282     -0.030     4.3525   0.026796     0.2107     0.1436 0.0000e+00
        283     -0.027     4.3526   0.026774     0.2105     0.1434 0.0000e+00
        284     -0.023     4.3528   0.026747     0.2103     0.1433 0.0000e+00
        285     -0.021     4.3529   0.026720     0.2100     0.1431 0.0000e+00
        286     -0.020     4.3530   0.026702     0.2099     0.1430 0.0000e+00
        287     -0.020     4.3534   0.026707     0.2099     0.1430 0.0000e+00
        288     -0.021     4.3538   0.026727     0.2101     0.1431 0.0000e+00
        289     -0.021     4.3544   0.026743     0.2102     0.1432 0.0000e+00
        290     -0.021     4.3548   0.026751     0.2103     0.1433 0.0000e+00
        291     -0.024     4.3553   0.026772     0.2104     0.1434 0.0000e+00
        292     -0.028     4.3558   0.026793     0.2106     0.1435 0.0000e+00
        293     -0.031     4.3562   0.026790     0.2106     0.1435 0.0000e+00
        294     -0.031     4.3565   0.026773     0.2104     0.1434 0.0000e+00
        295     -0.030     4.3566   0.026779     0.2105     0.1434 0.0000e+00
        296     -0.028     4.3567   0.026812     0.2108     0.1436 0.0000e+00
        297     -0.026     4.3567   0.026843     0.2110     0.1438 0.0000e+00
        298     -0.028     4.3568   0.026852     0.2111     0.1439 0.0000e+00
        299     -0.032     4.3572   0.026835     0.2109     0.1438 0.0000e+00
        300     -0.033     4.3577   0.026812     0.2108     0.1436 0.0000e+00
        301     -0.031     4.3582   0.026804     0.2107     0.1436 0.0000e+00
        302     -0.028     4.3584   0.026829     0.2109     0.1437 0.0000e+00
        303     -0.028     4.3587   0.026886     0.2113     0.1441 0.0000e+00
        304     -0.031     4.3589   0.026912     0.2116     0.1443 0.0000e+00
        305     -0.031     4.3588   0.026881     0.2113     0.1441 0.0000e+00
        306     -0.029     4.3586   0.026845     0.2110     0.1438 0.0000e+00
        307     -0.029     4.3586   0.026839     0.2110     0.1438 0.0000e+00
        308     -0.027     4.3586   0.026829     0.2109     0.1437 0.0000e+00
        309     -0.025     4.3588   0.026806     0.2107     0.1436 0.0000e+00
        310     -0.026     4.3590   0.026784     0.2105     0.1434 0.0000e+00
        311     -0.028     4.3591   0.026779     0.2105     0.1434 0.0000e+00
        312     -0.030     4.3593   0.026798     0.2106     0.1435 0.0000e+00
        313     -0.030     4.3596   0.026819     0.2108     0.1437 0.0000e+00
        314     -0.027     4.3601   0.026825     0.2108     0.1437 0.0000e+00
        315     -0.025     4.3606   0.026815     0.2108     0.1436 0.0000e+00
        316     -0.025     4.3611   0.026794     0.2106     0.1435 0.0000e+00
        317     -0.028     4.3613   0.026780     0.2105     0.1434 0.0000e+00
        318     -0.031     4.3613   0.026796     0.2106     0.1435 0.0000e+00
        319     -0.032     4.3613   0.026823     0.2108     0.1437 0.0000e+00
        320     -0.031     4.3613   0.026817     0.2108     0.1436 0.0000e+00
        321     -0.029     4.3613   0.026781     0.2105     0.1434 0.0000e+00
        322     -0.028     4.3613   0.026743     0.2102     0.1431 0.0000e+00
        323     -0.027     4.3615   0.026713     0.2099     0.1429 0.0000e+00
        324     -0.028     4.3621   0.026705     0.2099     0.1429 0.0000e+00
        325     -0.031     4.3627   0.026738     0.2101     0.1431 0.0000e+00
        326     -0.034     4.3630   0.026779     0.2104     0.1434 0.0000e+00
        327     -0.034     4.3630   0.026782     0.2105     0.1434 0.0000e+00
        328     -0.034     4.3628   0.026740     0.2101     0.1431 0.0000e+00
        329     -0.034     4.3628   0.026677     0.2096     0.1427 0.0000e+00
        330     -0.033     4.3628   0.026617     0.2091     0.1423 0.0000e+00
        331     -0.032     4.3630   0.026592     0.2089     0.1421 0.0000e+00
        332     -0.030     4.3636   0.026598     0.2090     0.1422 0.0000e+00
        333     -0.029     4.3642   0.026598     0.2090     0.1422 0.0000e+00
        334     -0.030     4.3644   0.026567     0.2087     0.1419 0.0000e+00
        335     -0.030     4.3645   0.026517     0.2083     0.1416 0.0000e+00
        336     -0.029     4.3645   0.026485     0.2080     0.1414 0.0000e+00
        337     -0.032     4.3645   0.026478     0.2080     0.1414 0.0000e+00
        338     -0.035     4.3646   0.026478     0.2080     0.1414 0.0000e+00
        339     -0.034     4.3649   0.026468     0.2079     0.1413 0.0000e+00
        340     -0.032     4.3653   0.026441     0.2077     0.1411 0.0000e+00
        341     -0.030     4.3658   0.026413     0.2075     0.1409 0.0000e+00
        342     -0.028     4.3662   0.026414     0.2075     0.1409 0.0000e+00
        343     -0.026     4.3665   0.026436     0.2076     0.1411 0.0000e+00
        344     -0.023     4.3664   0.026452     0.2078     0.1412 0.0000e+00
        345     -0.023     4.3663   0.026447     0.2077     0.1411 0.0000e+00
        346     -0.026     4.3663   0.026395     0.2073     0.1408 0.0000e+00
        347     -0.027     4.3663   0.026304     0.2066     0.1402 0.0000e+00
        348     -0.027     4.3663   0.026245     0.2061     0.1398 0.0000e+00
        349     -0.027     4.3665   0.026259     0.2062     0.1399 0.0000e+00
        350     -0.028     4.3668   0.026295     0.2065     0.1401 0.0000e+00
        351     -0.029     4.3672   0.026304     0.2066     0.1402 0.0000e+00
        352     -0.029     4.3674   0.026271     0.2063     0.1400 0.0000e+00
        353     -0.028     4.3674   0.026210     0.2058     0.1396 0.0000e+00
        354     -0.027     4.3674   0.026159     0.2054     0.1392 0.0000e+00
        355     -0.027     4.3677   0.026142     0.2052     0.1391 0.0000e+00
        356     -0.027     4.3681   0.026142     0.2052     0.1391 0.0000e+00
        357     -0.027     4.3683   0.026154     0.2053     0.1392 0.0000e+00
        358     -0.029     4.3685   0.026179     0.2055     0.1394 0.0000e+00
        359     -0.032     4.3685   0.026193     0.2056     0.1395 0.0000e+00
        360     -0.034     4.3685   0.026179     0.2055     0.1394 0.0000e+00
        361     -0.037     4.3685   0.026143     0.2052     0.1391 0.0000e+00
        362     -0.040     4.3685   0.026087     0.2048     0.1388 0.0000e+00
        363     -0.039     4.3686   0.026026     0.2043     0.1384 0.0000e+00
        364     -0.036     4.3689   0.025996     0.2040     0.1382 0.0000e+00
        365     -0.034     4.3691   0.026014     0.2042     0.1383 0.0000e+00
        366     -0.033     4.3693   0.026065     0.2046     0.1386 0.0000e+00
        367     -0.034     4.3693   0.026101     0.2049     0.1388 0.0000e+00
        368     -0.036     4.3693   0.026089     0.2048     0.1388 0.0000e+00
        369     -0.036     4.3693   0.026046     0.2044     0.1385 0.0000e+00
        370     -0.034     4.3695   0.025984     0.2039     0.1381 0.0000e+00
        371     -0.031     4.3697   0.025912     0.2034     0.1376 0.0000e+00
        372     -0.030     4.3700   0.025879     0.2031     0.1374 0.0000e+00
        373     -0.032     4.3701   0.025922     0.2034     0.1377 0.0000e+00
        374     -0.033     4.3702   0.026000     0.2041     0.1382 0.0000e+00
        375     -0.033     4.3704   0.026037     0.2044     0.1384 0.0000e+00
        376     -0.034     4.3708   0.026012     0.2042     0.1382 0.0000e+00
        377     -0.036     4.3712   0.025963     0.2038     0.1379 0.0000e+00
        378     -0.038     4.3715   0.025922     0.2034     0.1376 0.0000e+00
        379     -0.040     4.3716   0.025924     0.2034     0.1377 0.0000e+00
        380     -0.039     4.3714   0.025975     0.2039     0.1380 0.0000e+00
        381     -0.034     4.3713   0.026032     0.2043     0.1384 0.0000e+00
        382     -0.030     4.3713   0.026044     0.2044     0.1384 0.0000e+00
        383     -0.030     4.3713   0.026013     0.2042     0.1382 0.0000e+00
        384     -0.031     4.3713   0.025949     0.2036     0.1378 0.0000e+00
        385     -0.032     4.3713   0.025876     0.2031     0.1373 0.0000e+00
        386     -0.032     4.3716   0.025853     0.2029     0.1372 0.0000e+00
        387     -0.032     4.3720   0.025896     0.2032     0.1375 0.0000e+00
        388     -0.032     4.3724   0.025945     0.2036     0.1378 0.0000e+00
        389     -0.033     4.3726   0.025976     0.2039     0.1380 0.0000e+00
        390     -0.036     4.3726   0.025995     0.2040     0.1381 0.0000e+00
        391     -0.037     4.3724   0.025983     0.2039     0.1380 0.0000e+00
        392     -0.037     4.3724   0.025930     0.2035     0.1377 0.0000e+00
        393     -0.037     4.3726   0.025887     0.2031     0.1374 0.0000e+00
        394     -0.038     4.3727   0.025901     0.2032     0.1375 0.0000e+00
        395     -0.038     4.3727   0.025946     0.2036     0.1378 0.0000e+00
        396     -0.036     4.3728   0.025967     0.2038     0.1379 0.0000e+00
        397     -0.032     4.3728   0.025947     0.2036     0.1378 0.0000e+00
        398     -0.028     4.3729   0.025907     0.2033     0.1375 0.0000e+00
        399     -0.026     4.3729   0.025889     0.2031     0.1374 0.0000e+00
        400     -0.027     4.3730   0.025901     0.2032     0.1375 0.0000e+00
        401     -0.029     4.3731   0.025904     0.2033     0.1375 0.0000e+00
        402     -0.030     4.3733   0.025881     0.2031     0.1374 0.0000e+00
        403     -0.030     4.3735   0.025863     0.2029     0.1372 0.0000e+00
        404     -0.030     4.3735   0.025877     0.2030     0.1373 0.0000e+00
        405     -0.029     4.3735   0.025903     0.2033     0.1375 0.0000e+00
        406     -0.028     4.3734   0.025891     0.2032     0.1374 0.0000e+00
        407     -0.027     4.3735   0.025848     0.2028     0.1371 0.0000e+00
        408     -0.026     4.3736   0.025811     0.2025     0.1369 0.0000e+00
        409     -0.025     4.3740   0.025788     0.2023     0.1367 0.0000e+00
        410     -0.025     4.3743   0.025796     0.2024     0.1368 0.0000e+00
