Datasets/Test_Dataset_39219_tow/tel219_2021_072.cnv
* Sea-Bird SBE19plus Data File:
* Filename = C:/AQUIRE/tel219_2021_072.hex
* Software Version AquireV2 AF V2.0
* Temperature SN =  4020
* Conductivity SN =  4020
* System UpLoad Time = May 15 2021 15:54:47
** VESSEL/TRIP/SEQ STN: tel219_2021_072
** LATITUDE: 45 44.10 N
** LONGITUDE: 55 25.73 W
** DATE/TIME: 2021-05-15 15:14
** SOUNDING DEPTH (M): 0081
** PROBE TYPE: S4020
** CTD NUMBER:  72
** FORMAT: T
** COMMENTS: 
# nquan = 7                                 
# nvalues = 2494                        
# units = specified
# name 0 = scan: Scan Count
# name 1 = prdM: Pressure, Strain Gauge [db]
# name 2 = tv290C: Temperature [ITS-90, deg C]
# name 3 = c0S/m: Conductivity [S/m]
# name 4 = sal00: Salinity, Practical [PSU]
# name 5 = sigma-t00: Density [sigma-t, kg/m^3 ]
# name 6 = flag: flag
# span 0 =          1,       2494       
# span 1 =     -0.119,     77.423       
# span 2 =     1.2514,     7.4402       
# span 3 =   0.017245,   3.081921       
# span 4 =     0.1330,    32.7623       
# span 5 =    -0.0099,    26.0035       
# span 6 = 0.0000e+00, 0.0000e+00       
# interval = seconds: 1
# start_time = May 15 2021 15:14:44 [Instrument's time stamp, header]
# bad_flag = -9.990e-29
*END*
[from data line 2052]
       2053      0.218     3.8024   0.053800     0.4418     0.3311 0.0000e+00
       2054      0.217     3.8018   0.053841     0.4421     0.3313 0.0000e+00
       2055      0.220     3.8011   0.053674     0.4407     0.3302 0.0000e+00
       2056      0.224     3.8003   0.052782     0.4331     0.3241 0.0000e+00
       2057      0.226     3.7992   0.051561     0.4227     0.3157 0.0000e+00
       2058      0.226     3.7977   0.050802     0.4162     0.3105 0.0000e+00
       2059      0.226     3.7962   0.050904     0.4171     0.3112 0.0000e+00
       2060      0.225     3.7949   0.051495     0.4222     0.3153 0.0000e+00
       2061      0.224     3.7935   0.051638     0.4234     0.3163 0.0000e+00
       2062      0.223     3.7922   0.051087     0.4187     0.3125 0.0000e+00
       2063      0.221     3.7908   0.050468     0.4134     0.3082 0.0000e+00
       2064      0.219     3.7895   0.050651     0.4150     0.3095 0.0000e+00
       2065      0.218     3.7884   0.051589     0.4230     0.3160 0.0000e+00
       2066      0.221     3.7874   0.052459     0.4305     0.3220 0.0000e+00
       2067      0.226     3.7864   0.052545     0.4312     0.3226 0.0000e+00
       2068      0.228     3.7855   0.051278     0.4204     0.3138 0.0000e+00
       2069      0.230     3.7845   0.049735     0.4073     0.3033 0.0000e+00
       2070      0.233     3.7836   0.049251     0.4032     0.2999 0.0000e+00
       2071      0.235     3.7828   0.049091     0.4018     0.2988 0.0000e+00
       2072      0.235     3.7819   0.048333     0.3954     0.2937 0.0000e+00
       2073      0.236     3.7810   0.047300     0.3866     0.2866 0.0000e+00
       2074      0.237     3.7802   0.046727     0.3817     0.2827 0.0000e+00
       2075      0.239     3.7794   0.046831     0.3826     0.2834 0.0000e+00
       2076      0.241     3.7787   0.047020     0.3842     0.2847 0.0000e+00
       2077      0.242     3.7780   0.046561     0.3803     0.2815 0.0000e+00
       2078      0.240     3.7774   0.045494     0.3713     0.2742 0.0000e+00
       2079      0.236     3.7769   0.044453     0.3624     0.2671 0.0000e+00
       2080      0.231     3.7763   0.044067     0.3592     0.2645 0.0000e+00
       2081      0.229     3.7757   0.044342     0.3615     0.2664 0.0000e+00
       2082      0.233     3.7752   0.044514     0.3630     0.2676 0.0000e+00
       2083      0.238     3.7747   0.044104     0.3595     0.2648 0.0000e+00
       2084      0.239     3.7741   0.043462     0.3541     0.2604 0.0000e+00
       2085      0.233     3.7736   0.042925     0.3495     0.2567 0.0000e+00
       2086      0.227     3.7733   0.042518     0.3461     0.2539 0.0000e+00
       2087      0.227     3.7729   0.042289     0.3441     0.2524 0.0000e+00
       2088      0.229     3.7725   0.042234     0.3437     0.2520 0.0000e+00
       2089      0.232     3.7721   0.042163     0.3431     0.2515 0.0000e+00
       2090      0.232     3.7717   0.041904     0.3409     0.2498 0.0000e+00
       2091      0.230     3.7714   0.041446     0.3370     0.2466 0.0000e+00
       2092      0.228     3.7710   0.040931     0.3327     0.2431 0.0000e+00
       2093      0.227     3.7708   0.040650     0.3303     0.2412 0.0000e+00
       2094      0.228     3.7705   0.040697     0.3307     0.2415 0.0000e+00
       2095      0.227     3.7702   0.040738     0.3311     0.2418 0.0000e+00
       2096      0.224     3.7698   0.040488     0.3289     0.2401 0.0000e+00
       2097      0.225     3.7695   0.040016     0.3250     0.2369 0.0000e+00
       2098      0.231     3.7692   0.039604     0.3215     0.2341 0.0000e+00
       2099      0.235     3.7691   0.039484     0.3205     0.2333 0.0000e+00
       2100      0.234     3.7689   0.039501     0.3206     0.2334 0.0000e+00
       2101      0.230     3.7687   0.039342     0.3193     0.2323 0.0000e+00
       2102      0.226     3.7685   0.039002     0.3164     0.2300 0.0000e+00
       2103      0.224     3.7682   0.038684     0.3137     0.2279 0.0000e+00
       2104      0.226     3.7680   0.038520     0.3124     0.2268 0.0000e+00
       2105      0.229     3.7678   0.038431     0.3116     0.2262 0.0000e+00
       2106      0.231     3.7676   0.038264     0.3102     0.2250 0.0000e+00
       2107      0.231     3.7674   0.038015     0.3081     0.2233 0.0000e+00
       2108      0.230     3.7672   0.037795     0.3063     0.2218 0.0000e+00
       2109      0.228     3.7671   0.037669     0.3052     0.2210 0.0000e+00
       2110      0.222     3.7671   0.037523     0.3040     0.2200 0.0000e+00
       2111      0.219     3.7672   0.037241     0.3016     0.2181 0.0000e+00
       2112      0.222     3.7672   0.036989     0.2995     0.2164 0.0000e+00
       2113      0.225     3.7672   0.036987     0.2995     0.2164 0.0000e+00
       2114      0.224     3.7670   0.037102     0.3004     0.2171 0.0000e+00
       2115      0.223     3.7668   0.037032     0.2998     0.2167 0.0000e+00
       2116      0.221     3.7668   0.036773     0.2977     0.2149 0.0000e+00
       2117      0.221     3.7667   0.036505     0.2954     0.2131 0.0000e+00
       2118      0.222     3.7666   0.036350     0.2941     0.2120 0.0000e+00
       2119      0.222     3.7665   0.036357     0.2942     0.2121 0.0000e+00
       2120      0.220     3.7664   0.036449     0.2949     0.2127 0.0000e+00
       2121      0.218     3.7664   0.036470     0.2951     0.2129 0.0000e+00
       2122      0.218     3.7664   0.036343     0.2940     0.2120 0.0000e+00
       2123      0.219     3.7663   0.036100     0.2920     0.2103 0.0000e+00
       2124      0.216     3.7663   0.035854     0.2899     0.2087 0.0000e+00
       2125      0.212     3.7663   0.035728     0.2889     0.2078 0.0000e+00
       2126      0.210     3.7663   0.035758     0.2891     0.2080 0.0000e+00
       2127      0.211     3.7662   0.035804     0.2895     0.2083 0.0000e+00
       2128      0.212     3.7661   0.035704     0.2887     0.2077 0.0000e+00
       2129      0.211     3.7661   0.035514     0.2871     0.2064 0.0000e+00
       2130      0.211     3.7661   0.035370     0.2859     0.2054 0.0000e+00
       2131      0.212     3.7661   0.035243     0.2848     0.2045 0.0000e+00
       2132      0.213     3.7661   0.035064     0.2833     0.2033 0.0000e+00
       2133      0.214     3.7663   0.034918     0.2821     0.2023 0.0000e+00
       2134      0.214     3.7664   0.034918     0.2821     0.2023 0.0000e+00
       2135      0.213     3.7664   0.034989     0.2827     0.2028 0.0000e+00
       2136      0.210     3.7664   0.034957     0.2824     0.2026 0.0000e+00
       2137      0.208     3.7664   0.034773     0.2809     0.2014 0.0000e+00
       2138      0.206     3.7666   0.034535     0.2789     0.1998 0.0000e+00
       2139      0.203     3.7668   0.034371     0.2775     0.1986 0.0000e+00
       2140      0.201     3.7668   0.034390     0.2776     0.1988 0.0000e+00
       2141      0.201     3.7668   0.034540     0.2789     0.1998 0.0000e+00
       2142      0.202     3.7668   0.034625     0.2796     0.2004 0.0000e+00
       2143      0.202     3.7669   0.034520     0.2787     0.1996 0.0000e+00
       2144      0.202     3.7672   0.034289     0.2768     0.1981 0.0000e+00
       2145      0.202     3.7675   0.034112     0.2753     0.1969 0.0000e+00
       2146      0.200     3.7678   0.034142     0.2756     0.1971 0.0000e+00
       2147      0.197     3.7679   0.034330     0.2771     0.1984 0.0000e+00
       2148      0.196     3.7680   0.034443     0.2781     0.1991 0.0000e+00
       2149      0.198     3.7680   0.034349     0.2773     0.1985 0.0000e+00
       2150      0.199     3.7680   0.034162     0.2757     0.1972 0.0000e+00
       2151      0.198     3.7681   0.034044     0.2747     0.1964 0.0000e+00
       2152      0.194     3.7683   0.033998     0.2743     0.1961 0.0000e+00
       2153      0.190     3.7686   0.033930     0.2738     0.1957 0.0000e+00
       2154      0.187     3.7689   0.033815     0.2728     0.1949 0.0000e+00
       2155      0.186     3.7691   0.033750     0.2723     0.1944 0.0000e+00
       2156      0.188     3.7691   0.033807     0.2727     0.1948 0.0000e+00
       2157      0.192     3.7692   0.033892     0.2734     0.1954 0.0000e+00
       2158      0.193     3.7694   0.033886     0.2734     0.1954 0.0000e+00
       2159      0.191     3.7695   0.033804     0.2727     0.1948 0.0000e+00
       2160      0.191     3.7698   0.033727     0.2721     0.1943 0.0000e+00
       2161      0.192     3.7699   0.033698     0.2718     0.1941 0.0000e+00
       2162      0.190     3.7700   0.033723     0.2720     0.1942 0.0000e+00
       2163      0.185     3.7702   0.033815     0.2728     0.1949 0.0000e+00
       2164      0.182     3.7702   0.033950     0.2739     0.1958 0.0000e+00
       2165      0.183     3.7702   0.034038     0.2747     0.1964 0.0000e+00
       2166      0.185     3.7705   0.034041     0.2747     0.1964 0.0000e+00
       2167      0.187     3.7708   0.034029     0.2746     0.1963 0.0000e+00
       2168      0.189     3.7711   0.034101     0.2752     0.1968 0.0000e+00
       2169      0.186     3.7712   0.034281     0.2767     0.1980 0.0000e+00
       2170      0.180     3.7712   0.034497     0.2785     0.1995 0.0000e+00
       2171      0.177     3.7712   0.034673     0.2800     0.2007 0.0000e+00
       2172      0.176     3.7713   0.034786     0.2809     0.2014 0.0000e+00
       2173      0.178     3.7714   0.034850     0.2815     0.2019 0.0000e+00
       2174      0.178     3.7717   0.034894     0.2818     0.2022 0.0000e+00
       2175      0.177     3.7719   0.034966     0.2824     0.2026 0.0000e+00
       2176      0.177     3.7721   0.035152     0.2840     0.2039 0.0000e+00
       2177      0.179     3.7723   0.035483     0.2868     0.2061 0.0000e+00
       2178      0.179     3.7723   0.035811     0.2895     0.2084 0.0000e+00
       2179      0.175     3.7724   0.035987     0.2910     0.2096 0.0000e+00
       2180      0.169     3.7725   0.036058     0.2916     0.2100 0.0000e+00
       2181      0.167     3.7725   0.036176     0.2926     0.2108 0.0000e+00
       2182      0.166     3.7725   0.036466     0.2950     0.2128 0.0000e+00
       2183      0.164     3.7725   0.036922     0.2989     0.2159 0.0000e+00
       2184      0.162     3.7723   0.037361     0.3026     0.2189 0.0000e+00
       2185      0.159     3.7721   0.037610     0.3047     0.2206 0.0000e+00
       2186      0.158     3.7722   0.037698     0.3054     0.2212 0.0000e+00
       2187      0.158     3.7724   0.037803     0.3063     0.2219 0.0000e+00
       2188      0.159     3.7726   0.038112     0.3089     0.2240 0.0000e+00
       2189      0.161     3.7726   0.038721     0.3140     0.2281 0.0000e+00
       2190      0.164     3.7724   0.039441     0.3201     0.2330 0.0000e+00
       2191      0.165     3.7721   0.039907     0.3240     0.2362 0.0000e+00
       2192      0.162     3.7719   0.040035     0.3251     0.2370 0.0000e+00
       2193      0.159     3.7720   0.040073     0.3254     0.2373 0.0000e+00
       2194      0.158     3.7723   0.040276     0.3271     0.2387 0.0000e+00
       2195      0.155     3.7725   0.040721     0.3309     0.2417 0.0000e+00
       2196      0.152     3.7727   0.041227     0.3352     0.2451 0.0000e+00
       2197      0.151     3.7727   0.041520     0.3376     0.2471 0.0000e+00
       2198      0.150     3.7725   0.041590     0.3382     0.2476 0.0000e+00
       2199      0.151     3.7725   0.041631     0.3386     0.2479 0.0000e+00
       2200      0.151     3.7725   0.041752     0.3396     0.2487 0.0000e+00
       2201      0.150     3.7723   0.041929     0.3411     0.2499 0.0000e+00
       2202      0.149     3.7721   0.042095     0.3425     0.2511 0.0000e+00
       2203      0.150     3.7721   0.042208     0.3435     0.2518 0.0000e+00
       2204      0.150     3.7721   0.042293     0.3442     0.2524 0.0000e+00
       2205      0.146     3.7721   0.042414     0.3452     0.2532 0.0000e+00
       2206      0.143     3.7721   0.042577     0.3466     0.2544 0.0000e+00
       2207      0.144     3.7721   0.042721     0.3478     0.2553 0.0000e+00
       2208      0.146     3.7721   0.042812     0.3486     0.2560 0.0000e+00
       2209      0.147     3.7721   0.042890     0.3492     0.2565 0.0000e+00
       2210      0.147     3.7721   0.043012     0.3503     0.2573 0.0000e+00
       2211      0.143     3.7719   0.043170     0.3516     0.2584 0.0000e+00
       2212      0.139     3.7717   0.043314     0.3528     0.2594 0.0000e+00
       2213      0.139     3.7715   0.043394     0.3535     0.2599 0.0000e+00
       2214      0.141     3.7714   0.043415     0.3537     0.2601 0.0000e+00
       2215      0.140     3.7714   0.043472     0.3542     0.2605 0.0000e+00
       2216      0.138     3.7714   0.043668     0.3558     0.2618 0.0000e+00
       2217      0.135     3.7714   0.043931     0.3581     0.2636 0.0000e+00
       2218      0.135     3.7714   0.044066     0.3592     0.2645 0.0000e+00
       2219      0.137     3.7715   0.044008     0.3587     0.2641 0.0000e+00
       2220      0.139     3.7717   0.043890     0.3577     0.2633 0.0000e+00
       2221      0.142     3.7717   0.043904     0.3578     0.2634 0.0000e+00
       2222      0.145     3.7714   0.044141     0.3599     0.2650 0.0000e+00
       2223      0.145     3.7711   0.044485     0.3628     0.2674 0.0000e+00
       2224      0.142     3.7709   0.044712     0.3647     0.2689 0.0000e+00
       2225      0.140     3.7709   0.044717     0.3647     0.2690 0.0000e+00
       2226      0.141     3.7712   0.044599     0.3637     0.2682 0.0000e+00
       2227      0.141     3.7716   0.044513     0.3630     0.2676 0.0000e+00
       2228      0.138     3.7717   0.044552     0.3633     0.2678 0.0000e+00
       2229      0.137     3.7718   0.044687     0.3645     0.2688 0.0000e+00
       2230      0.134     3.7717   0.044784     0.3653     0.2694 0.0000e+00
       2231      0.128     3.7717   0.044770     0.3652     0.2693 0.0000e+00
       2232      0.121     3.7717   0.044682     0.3644     0.2687 0.0000e+00
       2233      0.116     3.7717   0.044546     0.3633     0.2678 0.0000e+00
       2234      0.114     3.7717   0.044382     0.3619     0.2667 0.0000e+00
       2235      0.116     3.7717   0.044270     0.3609     0.2659 0.0000e+00
       2236      0.122     3.7716   0.044315     0.3613     0.2662 0.0000e+00
       2237      0.124     3.7712   0.044529     0.3631     0.2677 0.0000e+00
       2238      0.121     3.7706   0.044756     0.3651     0.2692 0.0000e+00
       2239      0.117     3.7703   0.044807     0.3655     0.2696 0.0000e+00
       2240      0.116     3.7702   0.044663     0.3643     0.2686 0.0000e+00
       2241      0.117     3.7702   0.044469     0.3626     0.2673 0.0000e+00
       2242      0.120     3.7703   0.044393     0.3620     0.2668 0.0000e+00
       2243      0.119     3.7702   0.044570     0.3635     0.2680 0.0000e+00
       2244      0.118     3.7698   0.044966     0.3669     0.2707 0.0000e+00
       2245      0.119     3.7696   0.045269     0.3694     0.2728 0.0000e+00
       2246      0.120     3.7694   0.045248     0.3693     0.2726 0.0000e+00
       2247      0.119     3.7691   0.045044     0.3675     0.2712 0.0000e+00
       2248      0.115     3.7689   0.044893     0.3663     0.2702 0.0000e+00
       2249      0.111     3.7686   0.044892     0.3663     0.2702 0.0000e+00
       2250      0.111     3.7683   0.045070     0.3678     0.2714 0.0000e+00
       2251      0.112     3.7679   0.045316     0.3699     0.2731 0.0000e+00
       2252      0.113     3.7678   0.045376     0.3704     0.2735 0.0000e+00
       2253      0.114     3.7679   0.045169     0.3686     0.2721 0.0000e+00
       2254      0.111     3.7683   0.044911     0.3664     0.2703 0.0000e+00
       2255      0.109     3.7686   0.044839     0.3658     0.2698 0.0000e+00
       2256      0.110     3.7687   0.044965     0.3669     0.2707 0.0000e+00
