Datasets/Test_Dataset_39219_tow/tel219_2021_051.cnv
* Sea-Bird SBE19plus Data File:
* Filename = C:/AQUIRE/tel219_2021_051.hex
* Software Version AquireV2 AF V2.0
* Temperature SN =  4020
* Conductivity SN =  4020
* System UpLoad Time = May 13 2021 09:31:28
** VESSEL/TRIP/SEQ STN: tel219_2021_051
** LATITUDE: 45 02.49 N
** LONGITUDE: 55 24.80 W
** DATE/TIME: 2021-05-13 08:41
** SOUNDING DEPTH (M): 0199
** PROBE TYPE: S4020
** CTD NUMBER:  51
** FORMAT: T
** COMMENTS: 
# nquan = 7                                 
# nvalues = 3042                        
# units = specified
# name 0 = scan: Scan Count
# name 1 = prdM: Pressure, Strain Gauge [db]
# name 2 = tv290C: Temperature [ITS-90, deg C]
# name 3 = c0S/m: Conductivity [S/m]
# name 4 = sal00: Salinity, Practical [PSU]
# name 5 = sigma-t00: Density [sigma-t, kg/m^3 ]
# name 6 = flag: flag
# span 0 =          1,       3042       
# span 1 =     -0.349,    200.438       
# span 2 =     0.9886,     8.7244       
# span 3 =   0.012797,   3.699471       
# span 4 =     0.0988,    35.0182       
# span 5 =     0.0547,    27.1901       
# span 6 = 0.0000e+00, 0.0000e+00       
# interval = seconds: 1
# start_time = May 13 2021 08:41:44 [Instrument's time stamp, header]
# bad_flag = -9.990e-29
*END*
[from data line 2462]
       2463     18.594     4.2126   3.058451    32.4425    25.7310 0.0000e+00
       2464     18.561     4.2158   3.059107    32.4470    25.7343 0.0000e+00
       2465     18.568     4.2211   3.059516    32.4466    25.7334 0.0000e+00
       2466     18.590     4.2247   3.059440    32.4421    25.7295 0.0000e+00
       2467     18.596     4.2252   3.059026    32.4368    25.7252 0.0000e+00
       2468     18.585     4.2237   3.058804    32.4357    25.7245 0.0000e+00
       2469     18.587     4.2217   3.059014    32.4401    25.7282 0.0000e+00
       2470     18.620     4.2204   3.059301    32.4447    25.7320 0.0000e+00
       2471     18.665     4.2203   3.059335    32.4452    25.7324 0.0000e+00
       2472     18.677     4.2215   3.059279    32.4434    25.7308 0.0000e+00
       2473     18.623     4.2250   3.059498    32.4425    25.7298 0.0000e+00
       2474     18.539     4.2288   3.059816    32.4425    25.7294 0.0000e+00
       2475     18.480     4.2302   3.059927    32.4425    25.7292 0.0000e+00
       2476     18.442     4.2300   3.059969    32.4432    25.7298 0.0000e+00
       2477     18.407     4.2298   3.059982    32.4436    25.7301 0.0000e+00
       2478     18.363     4.2304   3.060007    32.4433    25.7298 0.0000e+00
       2479     18.259     4.2325   3.060210    32.4436    25.7299 0.0000e+00
       2480     18.034     4.2351   3.060440    32.4439    25.7298 0.0000e+00
       2481     17.681     4.2366   3.060516    32.4435    25.7294 0.0000e+00
       2482     17.272     4.2366   3.060499    32.4435    25.7294 0.0000e+00
       2483     16.898     4.2359   3.060482    32.4442    25.7300 0.0000e+00
       2484     16.582     4.2355   3.060452    32.4444    25.7302 0.0000e+00
       2485     16.287     4.2357   3.060371    32.4434    25.7294 0.0000e+00
       2486     15.960     4.2361   3.060287    32.4422    25.7284 0.0000e+00
       2487     15.562     4.2365   3.060265    32.4417    25.7280 0.0000e+00
       2488     15.131     4.2365   3.060252    32.4418    25.7280 0.0000e+00
       2489     14.758     4.2360   3.060232    32.4422    25.7285 0.0000e+00
       2490     14.491     4.2356   3.060246    32.4429    25.7290 0.0000e+00
       2491     14.304     4.2355   3.060257    32.4433    25.7293 0.0000e+00
       2492     14.151     4.2350   3.060232    32.4435    25.7296 0.0000e+00
       2493     14.013     4.2343   3.060179    32.4437    25.7298 0.0000e+00
       2494     13.887     4.2336   3.060089    32.4434    25.7296 0.0000e+00
       2495     13.775     4.2333   3.060047    32.4432    25.7295 0.0000e+00
       2496     13.697     4.2336   3.060123    32.4439    25.7300 0.0000e+00
       2497     13.669     4.2344   3.060207    32.4441    25.7301 0.0000e+00
       2498     13.668     4.2352   3.060183    32.4430    25.7291 0.0000e+00
       2499     13.647     4.2355   3.060109    32.4419    25.7282 0.0000e+00
       2500     13.578     4.2355   3.060078    32.4415    25.7279 0.0000e+00
       2501     13.478     4.2352   3.060073    32.4418    25.7282 0.0000e+00
       2502     13.399     4.2347   3.060094    32.4426    25.7289 0.0000e+00
       2503     13.378     4.2345   3.060135    32.4433    25.7294 0.0000e+00
       2504     13.394     4.2347   3.060129    32.4430    25.7292 0.0000e+00
       2505     13.400     4.2348   3.060065    32.4422    25.7285 0.0000e+00
       2506     13.363     4.2348   3.060010    32.4415    25.7280 0.0000e+00
       2507     13.280     4.2344   3.059992    32.4418    25.7282 0.0000e+00
       2508     13.170     4.2332   3.059941    32.4424    25.7289 0.0000e+00
       2509     13.059     4.2317   3.059843    32.4428    25.7293 0.0000e+00
       2510     12.952     4.2310   3.059798    32.4430    25.7296 0.0000e+00
       2511     12.830     4.2311   3.059810    32.4431    25.7296 0.0000e+00
       2512     12.671     4.2313   3.059811    32.4430    25.7295 0.0000e+00
       2513     12.463     4.2313   3.059779    32.4428    25.7293 0.0000e+00
       2514     12.228     4.2313   3.059675    32.4417    25.7285 0.0000e+00
       2515     12.001     4.2311   3.059546    32.4405    25.7275 0.0000e+00
       2516     11.789     4.2310   3.059552    32.4407    25.7278 0.0000e+00
       2517     11.581     4.2309   3.059652    32.4421    25.7289 0.0000e+00
       2518     11.382     4.2308   3.059693    32.4428    25.7294 0.0000e+00
       2519     11.212     4.2306   3.059682    32.4430    25.7296 0.0000e+00
       2520     11.073     4.2307   3.059679    32.4429    25.7295 0.0000e+00
       2521     10.952     4.2309   3.059674    32.4427    25.7293 0.0000e+00
       2522     10.855     4.2310   3.059661    32.4425    25.7292 0.0000e+00
       2523     10.794     4.2308   3.059682    32.4430    25.7295 0.0000e+00
       2524     10.740     4.2307   3.059718    32.4435    25.7300 0.0000e+00
       2525     10.620     4.2310   3.059746    32.4436    25.7300 0.0000e+00
       2526     10.429     4.2316   3.059782    32.4435    25.7299 0.0000e+00
       2527     10.259     4.2321   3.059806    32.4434    25.7298 0.0000e+00
       2528     10.140     4.2324   3.059813    32.4433    25.7296 0.0000e+00
       2529     10.029     4.2324   3.059814    32.4433    25.7297 0.0000e+00
       2530      9.927     4.2323   3.059808    32.4434    25.7297 0.0000e+00
       2531      9.850     4.2324   3.059796    32.4432    25.7296 0.0000e+00
       2532      9.767     4.2325   3.059782    32.4430    25.7294 0.0000e+00
       2533      9.625     4.2325   3.059769    32.4429    25.7293 0.0000e+00
       2534      9.424     4.2325   3.059763    32.4429    25.7294 0.0000e+00
       2535      9.201     4.2323   3.059757    32.4432    25.7296 0.0000e+00
       2536      8.975     4.2321   3.059752    32.4434    25.7298 0.0000e+00
       2537      8.754     4.2321   3.059753    32.4436    25.7299 0.0000e+00
       2538      8.545     4.2323   3.059753    32.4435    25.7298 0.0000e+00
       2539      8.358     4.2324   3.059743    32.4434    25.7297 0.0000e+00
       2540      8.193     4.2323   3.059720    32.4433    25.7296 0.0000e+00
       2541      8.032     4.2321   3.059696    32.4433    25.7297 0.0000e+00
       2542      7.863     4.2320   3.059683    32.4433    25.7297 0.0000e+00
       2543      7.686     4.2318   3.059661    32.4433    25.7297 0.0000e+00
       2544      7.512     4.2318   3.059628    32.4430    25.7295 0.0000e+00
       2545      7.363     4.2323   3.059625    32.4426    25.7291 0.0000e+00
       2546      7.245     4.2333   3.059681    32.4423    25.7288 0.0000e+00
       2547      7.134     4.2344   3.059750    32.4421    25.7285 0.0000e+00
       2548      7.008     4.2347   3.059742    32.4418    25.7282 0.0000e+00
       2549      6.853     4.2346   3.059696    32.4414    25.7279 0.0000e+00
       2550      6.667     4.2353   3.059767    32.4416    25.7280 0.0000e+00
       2551      6.465     4.2371   3.059985    32.4425    25.7286 0.0000e+00
       2552      6.273     4.2390   3.060191    32.4432    25.7289 0.0000e+00
       2553      6.119     4.2397   3.060199    32.4426    25.7284 0.0000e+00
       2554      6.009     4.2393   3.060061    32.4415    25.7275 0.0000e+00
       2555      5.916     4.2380   3.059969    32.4417    25.7278 0.0000e+00
       2556      5.795     4.2371   3.059982    32.4428    25.7288 0.0000e+00
       2557      5.614     4.2374   3.060053    32.4435    25.7293 0.0000e+00
       2558      5.386     4.2385   3.060165    32.4438    25.7294 0.0000e+00
       2559      5.158     4.2396   3.060275    32.4441    25.7296 0.0000e+00
       2560      4.921     4.2403   3.060320    32.4441    25.7295 0.0000e+00
       2561      4.624     4.2401   3.060278    32.4439    25.7294 0.0000e+00
       2562      4.266     4.2387   3.060135    32.4438    25.7294 0.0000e+00
       2563      3.891     4.2371   3.059966    32.4436    25.7294 0.0000e+00
       2564      3.510     4.2366   3.059924    32.4438    25.7296 0.0000e+00
       2565      3.074     4.2373   3.059993    32.4442    25.7298 0.0000e+00
       2566      2.566     4.2383   3.060054    32.4442    25.7297 0.0000e+00
       2567      2.044     4.2390   3.060069    32.4439    25.7295 0.0000e+00
       2568      1.541     4.2387   3.060018    32.4439    25.7295 0.0000e+00
       2569      1.061     4.2379   3.059914    32.4437    25.7294 0.0000e+00
       2570      0.654     4.2373   3.059828    32.4435    25.7293 0.0000e+00
       2571      0.362     4.2371   3.059449    32.4394    25.7261 0.0000e+00
       2572      0.140     4.2369   3.040966    32.2231    25.5543 0.0000e+00
       2573     -0.058     4.2363   2.828146    29.7434    23.5855 0.0000e+00
       2574     -0.207     4.2355   2.077658    21.2086    16.8187 0.0000e+00
       2575     -0.281     4.2352   1.291911    12.6564    10.0447 0.0000e+00
       2576     -0.299     4.2352   1.284099    12.5736     9.9791 0.0000e+00
       2577     -0.287     4.2352   1.862339    18.8234    14.9294 0.0000e+00
       2578     -0.265     4.2350   2.541921    26.4499    20.9728 0.0000e+00
       2579     -0.247     4.2349   2.927299    30.8972    24.5015 0.0000e+00
       2580     -0.234     4.2348   3.006309    31.8196    25.2340 0.0000e+00
       2581     -0.225     4.2348   3.025665    32.0461    25.4139 0.0000e+00
       2582     -0.224     4.2348   3.037224    32.1815    25.5214 0.0000e+00
       2583     -0.225     4.2348   3.049214    32.3220    25.6330 0.0000e+00
       2584     -0.213     4.2349   3.053493    32.3720    25.6728 0.0000e+00
       2585     -0.201     4.2348   3.000157    31.7477    25.1769 0.0000e+00
       2586     -0.220     4.2344   2.366554    24.4554    19.3916 0.0000e+00
       2587     -0.261     4.2336   1.144413    11.1025     8.8134 0.0000e+00
       2588     -0.287     4.2332   0.390076     3.5028     2.7775 0.0000e+00
       2589     -0.300     4.2335   0.335583     2.9850     2.3646 0.0000e+00
       2590     -0.310     4.2339   0.395568     3.5552     2.8192 0.0000e+00
       2591     -0.296     4.2342   0.484408     4.4120     3.5016 0.0000e+00
       2592     -0.227     4.2350   1.116907    10.8142     8.5848 0.0000e+00
       2593     -0.099     4.2369   2.119993    21.6801    17.1922 0.0000e+00
       2594      0.041     4.2393   2.673849    27.9589    22.1692 0.0000e+00
       2595      0.133     4.2413   2.874102    30.2721    24.0047 0.0000e+00
       2596      0.127     4.2423   2.996111    31.6930    25.1327 0.0000e+00
       2597     -0.003     4.2423   2.768326    29.0456    23.0312 0.0000e+00
       2598     -0.173     4.2416   1.878827    19.0013    15.0698 0.0000e+00
       2599     -0.275     4.2411   0.781181     7.3576     5.8427 0.0000e+00
       2600     -0.310     4.2409   0.268875     2.3592     1.8652 0.0000e+00
       2601     -0.321     4.2409   0.189747     1.6324     1.2843 0.0000e+00
       2602     -0.330     4.2407   0.155504     1.3237     1.0373 0.0000e+00
       2603     -0.342     4.2405   0.133077     1.1238     0.8773 0.0000e+00
       2604     -0.348     4.2404   0.113398     0.9501     0.7381 0.0000e+00
       2605     -0.349     4.2402   0.100403     0.8364     0.6469 0.0000e+00
       2606     -0.347     4.2401   0.093915     0.7799     0.6016 0.0000e+00
       2607     -0.345     4.2399   0.089759     0.7438     0.5726 0.0000e+00
       2608     -0.341     4.2397   0.086275     0.7137     0.5484 0.0000e+00
       2609     -0.338     4.2397   0.081873     0.6756     0.5179 0.0000e+00
       2610     -0.340     4.2395   0.077345     0.6367     0.4866 0.0000e+00
       2611     -0.341     4.2394   0.081947     0.6763     0.5184 0.0000e+00
       2612     -0.337     4.2392   0.093947     0.7802     0.6018 0.0000e+00
       2613     -0.333     4.2390   0.096464     0.8021     0.6194 0.0000e+00
       2614     -0.333     4.2388   0.089622     0.7427     0.5717 0.0000e+00
       2615     -0.331     4.2386   0.081699     0.6742     0.5167 0.0000e+00
       2616     -0.331     4.2386   0.074177     0.6095     0.4648 0.0000e+00
       2617     -0.335     4.2385   0.068392     0.5599     0.4250 0.0000e+00
       2618     -0.336     4.2384   0.064254     0.5247     0.3967 0.0000e+00
       2619     -0.334     4.2384   0.060765     0.4950     0.3729 0.0000e+00
       2620     -0.331     4.2384   0.057697     0.4690     0.3520 0.0000e+00
       2621     -0.328     4.2384   0.055315     0.4488     0.3358 0.0000e+00
       2622     -0.327     4.2384   0.053277     0.4316     0.3220 0.0000e+00
       2623     -0.327     4.2385   0.051119     0.4134     0.3073 0.0000e+00
       2624     -0.330     4.2385   0.048864     0.3945     0.2921 0.0000e+00
       2625     -0.333     4.2383   0.046883     0.3778     0.2787 0.0000e+00
       2626     -0.332     4.2382   0.045678     0.3677     0.2706 0.0000e+00
       2627     -0.330     4.2380   0.045400     0.3654     0.2687 0.0000e+00
       2628     -0.325     4.2378   0.045247     0.3641     0.2677 0.0000e+00
       2629     -0.321     4.2376   0.044078     0.3544     0.2599 0.0000e+00
       2630     -0.322     4.2374   0.041933     0.3364     0.2455 0.0000e+00
       2631     -0.323     4.2372   0.039804     0.3187     0.2312 0.0000e+00
       2632     -0.321     4.2370   0.038305     0.3062     0.2212 0.0000e+00
       2633     -0.320     4.2368   0.037447     0.2991     0.2154 0.0000e+00
       2634     -0.321     4.2364   0.037001     0.2954     0.2125 0.0000e+00
       2635     -0.322     4.2358   0.036482     0.2911     0.2090 0.0000e+00
       2636     -0.323     4.2351   0.035508     0.2831     0.2025 0.0000e+00
       2637     -0.326     4.2346   0.034434     0.2742     0.1954 0.0000e+00
       2638     -0.326     4.2343   0.033651     0.2677     0.1902 0.0000e+00
       2639     -0.324     4.2338   0.032967     0.2621     0.1857 0.0000e+00
       2640     -0.322     4.2329   0.032277     0.2564     0.1811 0.0000e+00
       2641     -0.317     4.2320   0.031793     0.2524     0.1779 0.0000e+00
       2642     -0.311     4.2315   0.031559     0.2505     0.1763 0.0000e+00
       2643     -0.309     4.2311   0.031275     0.2482     0.1745 0.0000e+00
       2644     -0.311     4.2306   0.030614     0.2427     0.1701 0.0000e+00
       2645     -0.315     4.2298   0.029719     0.2354     0.1642 0.0000e+00
       2646     -0.319     4.2292   0.029190     0.2310     0.1607 0.0000e+00
       2647     -0.320     4.2286   0.029425     0.2330     0.1622 0.0000e+00
       2648     -0.319     4.2278   0.030094     0.2385     0.1667 0.0000e+00
       2649     -0.318     4.2271   0.030523     0.2420     0.1695 0.0000e+00
       2650     -0.318     4.2268   0.030301     0.2402     0.1681 0.0000e+00
       2651     -0.321     4.2268   0.029492     0.2335     0.1627 0.0000e+00
       2652     -0.323     4.2267   0.028606     0.2262     0.1569 0.0000e+00
       2653     -0.321     4.2264   0.028257     0.2234     0.1546 0.0000e+00
       2654     -0.318     4.2262   0.028917     0.2288     0.1589 0.0000e+00
       2655     -0.318     4.2261   0.030271     0.2399     0.1679 0.0000e+00
       2656     -0.317     4.2263   0.031157     0.2472     0.1737 0.0000e+00
       2657     -0.316     4.2266   0.030968     0.2457     0.1725 0.0000e+00
       2658     -0.315     4.2272   0.030119     0.2387     0.1668 0.0000e+00
       2659     -0.313     4.2276   0.029340     0.2323     0.1617 0.0000e+00
       2660     -0.310     4.2279   0.029187     0.2310     0.1607 0.0000e+00
       2661     -0.308     4.2281   0.029672     0.2350     0.1639 0.0000e+00
       2662     -0.308     4.2283   0.030137     0.2388     0.1670 0.0000e+00
       2663     -0.308     4.2283   0.029942     0.2372     0.1657 0.0000e+00
       2664     -0.306     4.2283   0.029209     0.2312     0.1608 0.0000e+00
       2665     -0.303     4.2285   0.028563     0.2259     0.1566 0.0000e+00
       2666     -0.302     4.2287   0.028357     0.2242     0.1552 0.0000e+00
