Datasets/Test_Dataset_39219_tow/tel219_2021_027.cnv
* Sea-Bird SBE19plus Data File:
* Filename = C:/AQUIRE/tel219_2021_027.hex
* Software Version AquireV2 AF V2.0
* Temperature SN =  4020
* Conductivity SN =  4020
* System UpLoad Time = May 08 2021 21:59:41
** VESSEL/TRIP/SEQ STN: tel219_2021_027
** LATITUDE: 46 02.70 N
** LONGITUDE: 56 54.74 W
** DATE/TIME: 2021-05-08 18:26
** SOUNDING DEPTH (M): 0067
** PROBE TYPE: S4020
** CTD NUMBER: 027
** FORMAT: T
** COMMENTS: 
# nquan = 7                                 
# nvalues = 12742                       
# units = specified
# name 0 = scan: Scan Count
# name 1 = prdM: Pressure, Strain Gauge [db]
# name 2 = tv290C: Temperature [ITS-90, deg C]
# name 3 = c0S/m: Conductivity [S/m]
# name 4 = sal00: Salinity, Practical [PSU]
# name 5 = sigma-t00: Density [sigma-t, kg/m^3 ]
# name 6 = flag: flag
# span 0 =          1,      12742       
# span 1 =     -0.299,     62.698       
# span 2 =     2.7885,     3.8600       
# span 3 =   0.005664,   2.988238       
# span 4 =     0.0430,    32.3548       
# span 5 =     0.0092,    25.7672       
# span 6 = 0.0000e+00, 0.0000e+00       
# interval = seconds: 1
# start_time = May 08 2021 18:26:55 [Instrument's time stamp, header]
# bad_flag = -9.990e-29
*END*
[from data line 7795]
       7796     -0.272     3.8590   0.006319     0.0480     0.0136 0.0000e+00
       7797     -0.271     3.8588   0.006326     0.0480     0.0137 0.0000e+00
       7798     -0.269     3.8587   0.006324     0.0480     0.0137 0.0000e+00
       7799     -0.269     3.8589   0.006315     0.0479     0.0136 0.0000e+00
       7800     -0.271     3.8590   0.006308     0.0479     0.0136 0.0000e+00
       7801     -0.273     3.8590   0.006302     0.0478     0.0135 0.0000e+00
       7802     -0.273     3.8590   0.006303     0.0478     0.0135 0.0000e+00
       7803     -0.274     3.8590   0.006309     0.0479     0.0136 0.0000e+00
       7804     -0.277     3.8589   0.006313     0.0479     0.0136 0.0000e+00
       7805     -0.278     3.8589   0.006313     0.0479     0.0136 0.0000e+00
       7806     -0.273     3.8589   0.006311     0.0479     0.0136 0.0000e+00
       7807     -0.268     3.8588   0.006305     0.0479     0.0135 0.0000e+00
       7808     -0.268     3.8586   0.006307     0.0479     0.0136 0.0000e+00
       7809     -0.271     3.8583   0.006323     0.0480     0.0137 0.0000e+00
       7810     -0.274     3.8583   0.006351     0.0482     0.0138 0.0000e+00
       7811     -0.273     3.8583   0.006370     0.0484     0.0139 0.0000e+00
       7812     -0.267     3.8583   0.006365     0.0483     0.0139 0.0000e+00
       7813     -0.264     3.8583   0.006350     0.0482     0.0138 0.0000e+00
       7814     -0.263     3.8584   0.006341     0.0481     0.0138 0.0000e+00
       7815     -0.264     3.8585   0.006346     0.0482     0.0138 0.0000e+00
       7816     -0.268     3.8586   0.006354     0.0482     0.0138 0.0000e+00
       7817     -0.269     3.8586   0.006356     0.0483     0.0139 0.0000e+00
       7818     -0.264     3.8587   0.006347     0.0482     0.0138 0.0000e+00
       7819     -0.261     3.8587   0.006334     0.0481     0.0137 0.0000e+00
       7820     -0.262     3.8587   0.006322     0.0480     0.0136 0.0000e+00
       7821     -0.265     3.8587   0.006313     0.0479     0.0136 0.0000e+00
       7822     -0.268     3.8587   0.006307     0.0479     0.0136 0.0000e+00
       7823     -0.264     3.8586   0.006310     0.0479     0.0136 0.0000e+00
       7824     -0.261     3.8583   0.006319     0.0480     0.0136 0.0000e+00
       7825     -0.262     3.8580   0.006321     0.0480     0.0136 0.0000e+00
       7826     -0.262     3.8579   0.006315     0.0479     0.0136 0.0000e+00
       7827     -0.262     3.8579   0.006309     0.0479     0.0136 0.0000e+00
       7828     -0.265     3.8577   0.006303     0.0478     0.0135 0.0000e+00
       7829     -0.266     3.8575   0.006299     0.0478     0.0135 0.0000e+00
       7830     -0.266     3.8577   0.006301     0.0478     0.0135 0.0000e+00
       7831     -0.267     3.8578   0.006304     0.0478     0.0135 0.0000e+00
       7832     -0.270     3.8576   0.006307     0.0479     0.0136 0.0000e+00
       7833     -0.273     3.8575   0.006311     0.0479     0.0136 0.0000e+00
       7834     -0.274     3.8575   0.006309     0.0479     0.0136 0.0000e+00
       7835     -0.272     3.8577   0.006309     0.0479     0.0136 0.0000e+00
       7836     -0.267     3.8579   0.006310     0.0479     0.0136 0.0000e+00
       7837     -0.264     3.8579   0.006310     0.0479     0.0136 0.0000e+00
       7838     -0.265     3.8579   0.006307     0.0479     0.0136 0.0000e+00
       7839     -0.267     3.8578   0.006306     0.0479     0.0135 0.0000e+00
       7840     -0.268     3.8579   0.006313     0.0479     0.0136 0.0000e+00
       7841     -0.269     3.8579   0.006317     0.0479     0.0136 0.0000e+00
       7842     -0.269     3.8579   0.006312     0.0479     0.0136 0.0000e+00
       7843     -0.266     3.8578   0.006302     0.0478     0.0135 0.0000e+00
       7844     -0.265     3.8577   0.006292     0.0478     0.0135 0.0000e+00
       7845     -0.266     3.8578   0.006292     0.0478     0.0135 0.0000e+00
       7846     -0.266     3.8579   0.006298     0.0478     0.0135 0.0000e+00
       7847     -0.266     3.8579   0.006305     0.0479     0.0135 0.0000e+00
       7848     -0.268     3.8581   0.006309     0.0479     0.0136 0.0000e+00
       7849     -0.271     3.8581   0.006306     0.0479     0.0135 0.0000e+00
       7850     -0.272     3.8581   0.006303     0.0478     0.0135 0.0000e+00
       7851     -0.272     3.8580   0.006306     0.0479     0.0135 0.0000e+00
       7852     -0.272     3.8579   0.006316     0.0479     0.0136 0.0000e+00
       7853     -0.270     3.8579   0.006326     0.0480     0.0137 0.0000e+00
       7854     -0.268     3.8578   0.006330     0.0481     0.0137 0.0000e+00
       7855     -0.267     3.8575   0.006331     0.0481     0.0137 0.0000e+00
       7856     -0.267     3.8574   0.006330     0.0481     0.0137 0.0000e+00
       7857     -0.267     3.8574   0.006333     0.0481     0.0137 0.0000e+00
       7858     -0.267     3.8574   0.006349     0.0482     0.0138 0.0000e+00
       7859     -0.269     3.8575   0.006369     0.0484     0.0139 0.0000e+00
       7860     -0.268     3.8575   0.006375     0.0484     0.0140 0.0000e+00
       7861     -0.265     3.8575   0.006365     0.0483     0.0139 0.0000e+00
       7862     -0.264     3.8575   0.006352     0.0482     0.0138 0.0000e+00
       7863     -0.266     3.8574   0.006348     0.0482     0.0138 0.0000e+00
       7864     -0.269     3.8571   0.006357     0.0483     0.0139 0.0000e+00
       7865     -0.270     3.8567   0.006378     0.0484     0.0140 0.0000e+00
       7866     -0.267     3.8565   0.006397     0.0486     0.0141 0.0000e+00
       7867     -0.266     3.8563   0.006392     0.0485     0.0141 0.0000e+00
       7868     -0.270     3.8563   0.006376     0.0484     0.0140 0.0000e+00
       7869     -0.275     3.8563   0.006367     0.0483     0.0139 0.0000e+00
       7870     -0.274     3.8563   0.006373     0.0484     0.0140 0.0000e+00
       7871     -0.271     3.8565   0.006380     0.0484     0.0140 0.0000e+00
       7872     -0.267     3.8567   0.006376     0.0484     0.0140 0.0000e+00
       7873     -0.264     3.8566   0.006371     0.0484     0.0140 0.0000e+00
       7874     -0.264     3.8564   0.006371     0.0484     0.0140 0.0000e+00
       7875     -0.267     3.8563   0.006373     0.0484     0.0140 0.0000e+00
       7876     -0.270     3.8563   0.006377     0.0484     0.0140 0.0000e+00
       7877     -0.271     3.8563   0.006380     0.0484     0.0140 0.0000e+00
       7878     -0.270     3.8562   0.006377     0.0484     0.0140 0.0000e+00
       7879     -0.270     3.8560   0.006370     0.0484     0.0139 0.0000e+00
       7880     -0.269     3.8561   0.006371     0.0484     0.0140 0.0000e+00
       7881     -0.266     3.8563   0.006371     0.0484     0.0140 0.0000e+00
       7882     -0.264     3.8563   0.006363     0.0483     0.0139 0.0000e+00
       7883     -0.264     3.8563   0.006352     0.0482     0.0138 0.0000e+00
       7884     -0.266     3.8563   0.006350     0.0482     0.0138 0.0000e+00
       7885     -0.268     3.8563   0.006350     0.0482     0.0138 0.0000e+00
       7886     -0.268     3.8563   0.006349     0.0482     0.0138 0.0000e+00
       7887     -0.269     3.8562   0.006359     0.0483     0.0139 0.0000e+00
       7888     -0.269     3.8558   0.006378     0.0484     0.0140 0.0000e+00
       7889     -0.269     3.8555   0.006387     0.0485     0.0141 0.0000e+00
       7890     -0.268     3.8553   0.006392     0.0485     0.0141 0.0000e+00
       7891     -0.266     3.8552   0.006406     0.0486     0.0142 0.0000e+00
       7892     -0.266     3.8553   0.006436     0.0489     0.0144 0.0000e+00
       7893     -0.266     3.8555   0.006466     0.0491     0.0146 0.0000e+00
       7894     -0.264     3.8556   0.006463     0.0491     0.0145 0.0000e+00
       7895     -0.262     3.8556   0.006437     0.0489     0.0144 0.0000e+00
       7896     -0.263     3.8554   0.006424     0.0488     0.0143 0.0000e+00
       7897     -0.264     3.8549   0.006437     0.0489     0.0144 0.0000e+00
       7898     -0.266     3.8545   0.006472     0.0492     0.0146 0.0000e+00
       7899     -0.266     3.8543   0.006505     0.0494     0.0148 0.0000e+00
       7900     -0.264     3.8543   0.006509     0.0495     0.0148 0.0000e+00
       7901     -0.265     3.8542   0.006488     0.0493     0.0147 0.0000e+00
       7902     -0.270     3.8540   0.006467     0.0491     0.0146 0.0000e+00
       7903     -0.273     3.8537   0.006459     0.0491     0.0145 0.0000e+00
       7904     -0.272     3.8530   0.006470     0.0492     0.0146 0.0000e+00
       7905     -0.271     3.8523   0.006492     0.0493     0.0147 0.0000e+00
       7906     -0.271     3.8521   0.006508     0.0494     0.0148 0.0000e+00
       7907     -0.274     3.8522   0.006508     0.0494     0.0148 0.0000e+00
       7908     -0.276     3.8524   0.006489     0.0493     0.0147 0.0000e+00
       7909     -0.274     3.8525   0.006465     0.0491     0.0145 0.0000e+00
       7910     -0.269     3.8523   0.006453     0.0490     0.0145 0.0000e+00
       7911     -0.266     3.8520   0.006464     0.0491     0.0145 0.0000e+00
       7912     -0.265     3.8516   0.006483     0.0493     0.0147 0.0000e+00
       7913     -0.265     3.8515   0.006489     0.0493     0.0147 0.0000e+00
       7914     -0.267     3.8518   0.006481     0.0492     0.0146 0.0000e+00
       7915     -0.270     3.8521   0.006472     0.0492     0.0146 0.0000e+00
       7916     -0.273     3.8523   0.006468     0.0491     0.0146 0.0000e+00
       7917     -0.274     3.8525   0.006473     0.0492     0.0146 0.0000e+00
       7918     -0.274     3.8525   0.006473     0.0492     0.0146 0.0000e+00
       7919     -0.272     3.8525   0.006462     0.0491     0.0145 0.0000e+00
       7920     -0.269     3.8523   0.006450     0.0490     0.0144 0.0000e+00
       7921     -0.269     3.8522   0.006449     0.0490     0.0144 0.0000e+00
       7922     -0.271     3.8523   0.006451     0.0490     0.0145 0.0000e+00
       7923     -0.269     3.8525   0.006452     0.0490     0.0145 0.0000e+00
       7924     -0.266     3.8525   0.006455     0.0490     0.0145 0.0000e+00
       7925     -0.266     3.8525   0.006455     0.0490     0.0145 0.0000e+00
       7926     -0.269     3.8526   0.006447     0.0490     0.0144 0.0000e+00
       7927     -0.272     3.8527   0.006440     0.0489     0.0144 0.0000e+00
       7928     -0.270     3.8527   0.006444     0.0489     0.0144 0.0000e+00
       7929     -0.266     3.8527   0.006454     0.0490     0.0145 0.0000e+00
       7930     -0.263     3.8527   0.006461     0.0491     0.0145 0.0000e+00
       7931     -0.260     3.8526   0.006460     0.0491     0.0145 0.0000e+00
       7932     -0.259     3.8526   0.006450     0.0490     0.0144 0.0000e+00
       7933     -0.260     3.8526   0.006447     0.0490     0.0144 0.0000e+00
       7934     -0.261     3.8525   0.006468     0.0491     0.0146 0.0000e+00
       7935     -0.262     3.8522   0.006503     0.0494     0.0148 0.0000e+00
       7936     -0.262     3.8522   0.006525     0.0496     0.0149 0.0000e+00
       7937     -0.263     3.8522   0.006520     0.0495     0.0149 0.0000e+00
       7938     -0.266     3.8522   0.006508     0.0494     0.0148 0.0000e+00
       7939     -0.267     3.8522   0.006513     0.0495     0.0148 0.0000e+00
       7940     -0.266     3.8521   0.006533     0.0496     0.0150 0.0000e+00
       7941     -0.266     3.8520   0.006541     0.0497     0.0150 0.0000e+00
       7942     -0.267     3.8521   0.006531     0.0496     0.0150 0.0000e+00
       7943     -0.269     3.8522   0.006516     0.0495     0.0149 0.0000e+00
       7944     -0.270     3.8522   0.006507     0.0494     0.0148 0.0000e+00
       7945     -0.269     3.8524   0.006503     0.0494     0.0148 0.0000e+00
       7946     -0.270     3.8525   0.006502     0.0494     0.0148 0.0000e+00
       7947     -0.273     3.8526   0.006499     0.0494     0.0148 0.0000e+00
       7948     -0.272     3.8526   0.006496     0.0494     0.0147 0.0000e+00
       7949     -0.267     3.8526   0.006489     0.0493     0.0147 0.0000e+00
       7950     -0.264     3.8526   0.006482     0.0492     0.0147 0.0000e+00
       7951     -0.265     3.8528   0.006479     0.0492     0.0146 0.0000e+00
       7952     -0.267     3.8529   0.006478     0.0492     0.0146 0.0000e+00
       7953     -0.267     3.8529   0.006474     0.0492     0.0146 0.0000e+00
       7954     -0.267     3.8531   0.006462     0.0491     0.0145 0.0000e+00
       7955     -0.267     3.8532   0.006443     0.0489     0.0144 0.0000e+00
       7956     -0.264     3.8533   0.006428     0.0488     0.0143 0.0000e+00
       7957     -0.263     3.8533   0.006424     0.0488     0.0143 0.0000e+00
       7958     -0.266     3.8533   0.006428     0.0488     0.0143 0.0000e+00
       7959     -0.271     3.8533   0.006431     0.0488     0.0143 0.0000e+00
       7960     -0.275     3.8530   0.006434     0.0489     0.0143 0.0000e+00
       7961     -0.277     3.8525   0.006436     0.0489     0.0144 0.0000e+00
       7962     -0.280     3.8522   0.006436     0.0489     0.0144 0.0000e+00
       7963     -0.281     3.8522   0.006427     0.0488     0.0143 0.0000e+00
       7964     -0.279     3.8522   0.006420     0.0488     0.0143 0.0000e+00
       7965     -0.274     3.8522   0.006420     0.0488     0.0143 0.0000e+00
       7966     -0.268     3.8522   0.006427     0.0488     0.0143 0.0000e+00
       7967     -0.267     3.8522   0.006430     0.0488     0.0143 0.0000e+00
       7968     -0.270     3.8522   0.006425     0.0488     0.0143 0.0000e+00
       7969     -0.271     3.8522   0.006411     0.0487     0.0142 0.0000e+00
       7970     -0.270     3.8522   0.006391     0.0485     0.0141 0.0000e+00
       7971     -0.268     3.8521   0.006382     0.0485     0.0140 0.0000e+00
       7972     -0.268     3.8517   0.006391     0.0485     0.0141 0.0000e+00
       7973     -0.270     3.8514   0.006402     0.0486     0.0141 0.0000e+00
       7974     -0.271     3.8514   0.006402     0.0486     0.0141 0.0000e+00
       7975     -0.269     3.8513   0.006391     0.0485     0.0141 0.0000e+00
       7976     -0.267     3.8510   0.006380     0.0484     0.0140 0.0000e+00
       7977     -0.267     3.8507   0.006375     0.0484     0.0140 0.0000e+00
       7978     -0.267     3.8507   0.006381     0.0485     0.0140 0.0000e+00
       7979     -0.265     3.8508   0.006395     0.0486     0.0141 0.0000e+00
       7980     -0.266     3.8510   0.006401     0.0486     0.0141 0.0000e+00
       7981     -0.267     3.8510   0.006388     0.0485     0.0141 0.0000e+00
       7982     -0.263     3.8509   0.006378     0.0484     0.0140 0.0000e+00
       7983     -0.262     3.8507   0.006387     0.0485     0.0140 0.0000e+00
       7984     -0.264     3.8507   0.006408     0.0487     0.0142 0.0000e+00
       7985     -0.265     3.8509   0.006437     0.0489     0.0144 0.0000e+00
       7986     -0.268     3.8509   0.006456     0.0490     0.0145 0.0000e+00
       7987     -0.270     3.8506   0.006453     0.0490     0.0145 0.0000e+00
       7988     -0.271     3.8502   0.006440     0.0489     0.0144 0.0000e+00
       7989     -0.272     3.8499   0.006439     0.0489     0.0144 0.0000e+00
       7990     -0.273     3.8499   0.006452     0.0490     0.0145 0.0000e+00
       7991     -0.274     3.8501   0.006462     0.0491     0.0145 0.0000e+00
       7992     -0.273     3.8503   0.006459     0.0491     0.0145 0.0000e+00
       7993     -0.272     3.8503   0.006456     0.0490     0.0145 0.0000e+00
       7994     -0.271     3.8501   0.006469     0.0491     0.0146 0.0000e+00
       7995     -0.270     3.8499   0.006497     0.0494     0.0147 0.0000e+00
       7996     -0.269     3.8498   0.006514     0.0495     0.0149 0.0000e+00
       7997     -0.270     3.8498   0.006512     0.0495     0.0148 0.0000e+00
       7998     -0.272     3.8499   0.006501     0.0494     0.0148 0.0000e+00
       7999     -0.274     3.8499   0.006494     0.0493     0.0147 0.0000e+00
       8000     -0.273     3.8499   0.006501     0.0494     0.0148 0.0000e+00
