Datasets/Test_Dataset_39219_tow/tel219_2021_064.cnv
* Sea-Bird SBE19plus Data File:
* Filename = C:/AQUIRE/tel219_2021_064.hex
* Software Version AquireV2 AF V2.0
* Temperature SN =  4020
* Conductivity SN =  4020
* System UpLoad Time = May 14 2021 21:34:41
** VESSEL/TRIP/SEQ STN: tel219_2021_064
** LATITUDE: 45 44.71 N
** LONGITUDE: 54 35.23 W
** DATE/TIME: 2021-05-14 20:59
** SOUNDING DEPTH (M): 0085
** PROBE TYPE: S4020
** CTD NUMBER: 064
** FORMAT: T
** COMMENTS: 
# nquan = 7                                 
# nvalues = 2188                        
# units = specified
# name 0 = scan: Scan Count
# name 1 = prdM: Pressure, Strain Gauge [db]
# name 2 = tv290C: Temperature [ITS-90, deg C]
# name 3 = c0S/m: Conductivity [S/m]
# name 4 = sal00: Salinity, Practical [PSU]
# name 5 = sigma-t00: Density [sigma-t, kg/m^3 ]
# name 6 = flag: flag
# span 0 =          1,       2188       
# span 1 =     -0.094,     81.850       
# span 2 =     0.6351,     5.2020       
# span 3 =   0.004748,   3.041037       
# span 4 =     0.0350,    32.9874       
# span 5 =    -0.0087,    26.3941       
# span 6 = 0.0000e+00, 0.0000e+00       
# interval = seconds: 1
# start_time = May 14 2021 20:59:49 [Instrument's time stamp, header]
# bad_flag = -9.990e-29
*END*
[from data line 1231]
       1232     80.270     0.6646   2.782663    32.6344    26.1628 0.0000e+00
       1233     80.266     0.6646   2.782662    32.6344    26.1628 0.0000e+00
       1234     80.270     0.6646   2.782657    32.6344    26.1628 0.0000e+00
       1235     80.281     0.6646   2.782659    32.6344    26.1628 0.0000e+00
       1236     80.294     0.6646   2.782665    32.6344    26.1628 0.0000e+00
       1237     80.304     0.6646   2.782666    32.6345    26.1629 0.0000e+00
       1238     80.308     0.6646   2.782665    32.6344    26.1628 0.0000e+00
       1239     80.304     0.6646   2.782665    32.6344    26.1628 0.0000e+00
       1240     80.297     0.6646   2.782662    32.6344    26.1628 0.0000e+00
       1241     80.293     0.6646   2.782657    32.6343    26.1628 0.0000e+00
       1242     80.297     0.6646   2.782658    32.6344    26.1628 0.0000e+00
       1243     80.304     0.6647   2.782660    32.6343    26.1627 0.0000e+00
       1244     80.305     0.6647   2.782661    32.6343    26.1627 0.0000e+00
       1245     80.298     0.6647   2.782666    32.6343    26.1628 0.0000e+00
       1246     80.290     0.6646   2.782664    32.6344    26.1628 0.0000e+00
       1247     80.292     0.6646   2.782656    32.6343    26.1628 0.0000e+00
       1248     80.304     0.6646   2.782656    32.6343    26.1627 0.0000e+00
       1249     80.313     0.6647   2.782665    32.6343    26.1627 0.0000e+00
       1250     80.312     0.6648   2.782676    32.6344    26.1628 0.0000e+00
       1251     80.303     0.6650   2.782686    32.6343    26.1627 0.0000e+00
       1252     80.289     0.6651   2.782686    32.6342    26.1626 0.0000e+00
       1253     80.274     0.6651   2.782686    32.6342    26.1626 0.0000e+00
       1254     80.264     0.6651   2.782689    32.6342    26.1627 0.0000e+00
       1255     80.259     0.6651   2.782692    32.6343    26.1627 0.0000e+00
       1256     80.256     0.6651   2.782693    32.6343    26.1627 0.0000e+00
       1257     80.253     0.6651   2.782691    32.6343    26.1627 0.0000e+00
       1258     80.250     0.6651   2.782687    32.6342    26.1626 0.0000e+00
       1259     80.254     0.6652   2.782692    32.6342    26.1626 0.0000e+00
       1260     80.267     0.6652   2.782701    32.6343    26.1627 0.0000e+00
       1261     80.282     0.6652   2.782704    32.6343    26.1627 0.0000e+00
       1262     80.281     0.6653   2.782702    32.6342    26.1626 0.0000e+00
       1263     80.267     0.6653   2.782705    32.6342    26.1626 0.0000e+00
       1264     80.257     0.6653   2.782707    32.6343    26.1627 0.0000e+00
       1265     80.252     0.6654   2.782707    32.6342    26.1626 0.0000e+00
       1266     80.247     0.6654   2.782707    32.6342    26.1626 0.0000e+00
       1267     80.240     0.6654   2.782706    32.6342    26.1626 0.0000e+00
       1268     80.229     0.6654   2.782706    32.6342    26.1626 0.0000e+00
       1269     80.215     0.6654   2.782709    32.6342    26.1626 0.0000e+00
       1270     80.206     0.6654   2.782712    32.6343    26.1627 0.0000e+00
       1271     80.213     0.6654   2.782713    32.6343    26.1627 0.0000e+00
       1272     80.230     0.6654   2.782715    32.6343    26.1627 0.0000e+00
       1273     80.240     0.6654   2.782715    32.6343    26.1627 0.0000e+00
       1274     80.232     0.6654   2.782716    32.6343    26.1627 0.0000e+00
       1275     80.215     0.6654   2.782720    32.6344    26.1627 0.0000e+00
       1276     80.205     0.6654   2.782730    32.6345    26.1628 0.0000e+00
       1277     80.207     0.6655   2.782733    32.6344    26.1628 0.0000e+00
       1278     80.209     0.6656   2.782730    32.6343    26.1627 0.0000e+00
       1279     80.207     0.6656   2.782727    32.6342    26.1626 0.0000e+00
       1280     80.208     0.6656   2.782729    32.6343    26.1626 0.0000e+00
       1281     80.218     0.6656   2.782732    32.6343    26.1627 0.0000e+00
       1282     80.229     0.6657   2.782735    32.6342    26.1626 0.0000e+00
       1283     80.234     0.6657   2.782737    32.6342    26.1626 0.0000e+00
       1284     80.235     0.6656   2.782737    32.6344    26.1627 0.0000e+00
       1285     80.230     0.6656   2.782737    32.6344    26.1627 0.0000e+00
       1286     80.222     0.6656   2.782736    32.6343    26.1627 0.0000e+00
       1287     80.217     0.6656   2.782735    32.6343    26.1627 0.0000e+00
       1288     80.220     0.6656   2.782734    32.6343    26.1627 0.0000e+00
       1289     80.226     0.6656   2.782734    32.6343    26.1627 0.0000e+00
       1290     80.227     0.6656   2.782736    32.6343    26.1627 0.0000e+00
       1291     80.228     0.6656   2.782737    32.6344    26.1627 0.0000e+00
       1292     80.235     0.6657   2.782739    32.6343    26.1626 0.0000e+00
       1293     80.253     0.6657   2.782745    32.6343    26.1627 0.0000e+00
       1294     80.275     0.6657   2.782746    32.6343    26.1627 0.0000e+00
       1295     80.291     0.6657   2.782742    32.6343    26.1627 0.0000e+00
       1296     80.302     0.6656   2.782738    32.6343    26.1627 0.0000e+00
       1297     80.315     0.6656   2.782738    32.6343    26.1627 0.0000e+00
       1298     80.332     0.6656   2.782741    32.6344    26.1627 0.0000e+00
       1299     80.347     0.6656   2.782744    32.6344    26.1627 0.0000e+00
       1300     80.352     0.6656   2.782742    32.6344    26.1627 0.0000e+00
       1301     80.347     0.6657   2.782743    32.6343    26.1626 0.0000e+00
       1302     80.340     0.6657   2.782749    32.6343    26.1627 0.0000e+00
       1303     80.335     0.6657   2.782753    32.6344    26.1627 0.0000e+00
       1304     80.330     0.6658   2.782757    32.6343    26.1627 0.0000e+00
       1305     80.324     0.6659   2.782757    32.6342    26.1626 0.0000e+00
       1306     80.314     0.6659   2.782754    32.6342    26.1626 0.0000e+00
       1307     80.307     0.6660   2.782756    32.6341    26.1625 0.0000e+00
       1308     80.310     0.6660   2.782762    32.6342    26.1626 0.0000e+00
       1309     80.317     0.6660   2.782764    32.6342    26.1626 0.0000e+00
       1310     80.324     0.6660   2.782764    32.6342    26.1626 0.0000e+00
       1311     80.336     0.6660   2.782765    32.6342    26.1626 0.0000e+00
       1312     80.353     0.6660   2.782765    32.6342    26.1626 0.0000e+00
       1313     80.368     0.6660   2.782764    32.6342    26.1626 0.0000e+00
       1314     80.372     0.6660   2.782763    32.6342    26.1626 0.0000e+00
       1315     80.367     0.6660   2.782763    32.6342    26.1626 0.0000e+00
       1316     80.361     0.6660   2.782766    32.6342    26.1626 0.0000e+00
       1317     80.355     0.6660   2.782766    32.6342    26.1626 0.0000e+00
       1318     80.347     0.6660   2.782763    32.6342    26.1626 0.0000e+00
       1319     80.341     0.6660   2.782765    32.6342    26.1626 0.0000e+00
       1320     80.345     0.6660   2.782766    32.6342    26.1626 0.0000e+00
       1321     80.366     0.6660   2.782764    32.6342    26.1626 0.0000e+00
       1322     80.394     0.6660   2.782766    32.6342    26.1626 0.0000e+00
       1323     80.406     0.6660   2.782766    32.6342    26.1626 0.0000e+00
       1324     80.401     0.6660   2.782764    32.6342    26.1626 0.0000e+00
       1325     80.398     0.6660   2.782766    32.6342    26.1626 0.0000e+00
       1326     80.405     0.6660   2.782772    32.6343    26.1626 0.0000e+00
       1327     80.416     0.6660   2.782774    32.6343    26.1627 0.0000e+00
       1328     80.420     0.6660   2.782771    32.6343    26.1626 0.0000e+00
       1329     80.419     0.6661   2.782776    32.6342    26.1626 0.0000e+00
       1330     80.418     0.6662   2.782785    32.6342    26.1626 0.0000e+00
       1331     80.417     0.6662   2.782789    32.6343    26.1626 0.0000e+00
       1332     80.417     0.6662   2.782790    32.6343    26.1626 0.0000e+00
       1333     80.418     0.6662   2.782790    32.6343    26.1626 0.0000e+00
       1334     80.417     0.6662   2.782790    32.6343    26.1626 0.0000e+00
       1335     80.419     0.6663   2.782784    32.6341    26.1625 0.0000e+00
       1336     80.428     0.6663   2.782784    32.6341    26.1625 0.0000e+00
       1337     80.442     0.6663   2.782790    32.6342    26.1625 0.0000e+00
       1338     80.453     0.6663   2.782790    32.6342    26.1625 0.0000e+00
       1339     80.459     0.6663   2.782791    32.6342    26.1625 0.0000e+00
       1340     80.461     0.6663   2.782795    32.6342    26.1626 0.0000e+00
       1341     80.460     0.6664   2.782802    32.6342    26.1626 0.0000e+00
       1342     80.459     0.6664   2.782805    32.6343    26.1626 0.0000e+00
       1343     80.464     0.6664   2.782808    32.6343    26.1626 0.0000e+00
       1344     80.473     0.6665   2.782813    32.6343    26.1626 0.0000e+00
       1345     80.482     0.6665   2.782813    32.6342    26.1626 0.0000e+00
       1346     80.485     0.6665   2.782812    32.6342    26.1626 0.0000e+00
       1347     80.486     0.6665   2.782818    32.6343    26.1626 0.0000e+00
       1348     80.489     0.6665   2.782820    32.6343    26.1627 0.0000e+00
       1349     80.494     0.6665   2.782815    32.6343    26.1626 0.0000e+00
       1350     80.504     0.6665   2.782810    32.6342    26.1625 0.0000e+00
       1351     80.517     0.6665   2.782814    32.6342    26.1626 0.0000e+00
       1352     80.525     0.6666   2.782825    32.6343    26.1626 0.0000e+00
       1353     80.519     0.6666   2.782825    32.6343    26.1626 0.0000e+00
       1354     80.506     0.6666   2.782819    32.6342    26.1625 0.0000e+00
       1355     80.497     0.6666   2.782822    32.6342    26.1626 0.0000e+00
       1356     80.499     0.6666   2.782827    32.6343    26.1626 0.0000e+00
       1357     80.510     0.6666   2.782830    32.6343    26.1627 0.0000e+00
       1358     80.524     0.6666   2.782830    32.6343    26.1626 0.0000e+00
       1359     80.536     0.6667   2.782829    32.6342    26.1625 0.0000e+00
       1360     80.547     0.6667   2.782832    32.6342    26.1626 0.0000e+00
       1361     80.557     0.6666   2.782833    32.6344    26.1627 0.0000e+00
       1362     80.565     0.6666   2.782832    32.6343    26.1627 0.0000e+00
       1363     80.577     0.6666   2.782831    32.6343    26.1626 0.0000e+00
       1364     80.587     0.6666   2.782832    32.6343    26.1626 0.0000e+00
       1365     80.582     0.6666   2.782837    32.6344    26.1627 0.0000e+00
       1366     80.567     0.6666   2.782838    32.6344    26.1627 0.0000e+00
       1367     80.554     0.6667   2.782837    32.6343    26.1626 0.0000e+00
       1368     80.550     0.6667   2.782837    32.6343    26.1626 0.0000e+00
       1369     80.550     0.6667   2.782837    32.6343    26.1626 0.0000e+00
       1370     80.551     0.6668   2.782843    32.6343    26.1626 0.0000e+00
       1371     80.554     0.6668   2.782847    32.6343    26.1626 0.0000e+00
       1372     80.561     0.6668   2.782843    32.6343    26.1626 0.0000e+00
       1373     80.569     0.6668   2.782841    32.6342    26.1626 0.0000e+00
       1374     80.575     0.6668   2.782845    32.6343    26.1626 0.0000e+00
       1375     80.580     0.6668   2.782847    32.6343    26.1626 0.0000e+00
       1376     80.586     0.6668   2.782848    32.6343    26.1626 0.0000e+00
       1377     80.592     0.6668   2.782846    32.6343    26.1626 0.0000e+00
       1378     80.591     0.6668   2.782843    32.6343    26.1626 0.0000e+00
       1379     80.582     0.6668   2.782843    32.6343    26.1626 0.0000e+00
       1380     80.572     0.6668   2.782846    32.6343    26.1626 0.0000e+00
       1381     80.561     0.6668   2.782850    32.6344    26.1627 0.0000e+00
       1382     80.552     0.6670   2.782854    32.6342    26.1625 0.0000e+00
       1383     80.550     0.6670   2.782856    32.6342    26.1625 0.0000e+00
       1384     80.553     0.6670   2.782858    32.6343    26.1626 0.0000e+00
       1385     80.556     0.6670   2.782858    32.6343    26.1626 0.0000e+00
       1386     80.559     0.6670   2.782856    32.6342    26.1625 0.0000e+00
       1387     80.566     0.6670   2.782856    32.6342    26.1625 0.0000e+00
       1388     80.568     0.6670   2.782857    32.6342    26.1625 0.0000e+00
       1389     80.558     0.6670   2.782859    32.6343    26.1626 0.0000e+00
       1390     80.552     0.6670   2.782862    32.6343    26.1626 0.0000e+00
       1391     80.559     0.6670   2.782866    32.6344    26.1626 0.0000e+00
       1392     80.570     0.6670   2.782871    32.6344    26.1627 0.0000e+00
       1393     80.572     0.6671   2.782870    32.6343    26.1626 0.0000e+00
       1394     80.565     0.6671   2.782864    32.6342    26.1625 0.0000e+00
       1395     80.557     0.6671   2.782861    32.6342    26.1625 0.0000e+00
       1396     80.560     0.6671   2.782857    32.6341    26.1625 0.0000e+00
       1397     80.570     0.6671   2.782857    32.6341    26.1625 0.0000e+00
       1398     80.575     0.6671   2.782859    32.6342    26.1625 0.0000e+00
       1399     80.573     0.6671   2.782860    32.6342    26.1625 0.0000e+00
       1400     80.570     0.6671   2.782861    32.6342    26.1625 0.0000e+00
       1401     80.568     0.6671   2.782860    32.6342    26.1625 0.0000e+00
       1402     80.566     0.6672   2.782865    32.6341    26.1625 0.0000e+00
       1403     80.568     0.6672   2.782873    32.6342    26.1625 0.0000e+00
       1404     80.572     0.6672   2.782879    32.6343    26.1626 0.0000e+00
       1405     80.571     0.6672   2.782879    32.6343    26.1626 0.0000e+00
       1406     80.566     0.6672   2.782877    32.6343    26.1626 0.0000e+00
       1407     80.564     0.6672   2.782877    32.6343    26.1626 0.0000e+00
       1408     80.569     0.6672   2.782879    32.6343    26.1626 0.0000e+00
       1409     80.579     0.6672   2.782879    32.6343    26.1626 0.0000e+00
       1410     80.588     0.6672   2.782880    32.6343    26.1626 0.0000e+00
       1411     80.587     0.6672   2.782882    32.6343    26.1626 0.0000e+00
       1412     80.579     0.6672   2.782881    32.6343    26.1626 0.0000e+00
       1413     80.575     0.6672   2.782880    32.6343    26.1626 0.0000e+00
       1414     80.585     0.6672   2.782880    32.6343    26.1626 0.0000e+00
       1415     80.602     0.6672   2.782880    32.6343    26.1626 0.0000e+00
       1416     80.610     0.6672   2.782879    32.6343    26.1626 0.0000e+00
       1417     80.603     0.6672   2.782878    32.6343    26.1626 0.0000e+00
       1418     80.591     0.6672   2.782881    32.6343    26.1626 0.0000e+00
       1419     80.587     0.6673   2.782885    32.6343    26.1626 0.0000e+00
       1420     80.587     0.6673   2.782888    32.6343    26.1626 0.0000e+00
       1421     80.588     0.6674   2.782891    32.6342    26.1625 0.0000e+00
       1422     80.590     0.6674   2.782895    32.6343    26.1626 0.0000e+00
       1423     80.592     0.6674   2.782898    32.6343    26.1626 0.0000e+00
       1424     80.601     0.6674   2.782901    32.6344    26.1626 0.0000e+00
       1425     80.616     0.6674   2.782904    32.6344    26.1627 0.0000e+00
       1426     80.627     0.6674   2.782906    32.6344    26.1627 0.0000e+00
       1427     80.631     0.6674   2.782904    32.6344    26.1626 0.0000e+00
       1428     80.636     0.6674   2.782903    32.6344    26.1626 0.0000e+00
       1429     80.646     0.6674   2.782908    32.6344    26.1627 0.0000e+00
       1430     80.658     0.6674   2.782913    32.6345    26.1627 0.0000e+00
       1431     80.658     0.6674   2.782912    32.6345    26.1627 0.0000e+00
       1432     80.639     0.6675   2.782908    32.6343    26.1626 0.0000e+00
       1433     80.615     0.6676   2.782906    32.6342    26.1625 0.0000e+00
       1434     80.605     0.6675   2.782903    32.6343    26.1626 0.0000e+00
       1435     80.617     0.6675   2.782905    32.6343    26.1626 0.0000e+00
