Datasets/Test_Dataset_39219_tow/tel219_2021_029.cnv
* Sea-Bird SBE19plus Data File:
* Filename = C:/AQUIRE/tel219_2021_029.hex
* Software Version AquireV2 AF V2.0
* Temperature SN =  4020
* Conductivity SN =  4020
* System UpLoad Time = May 09 2021 09:27:05
** VESSEL/TRIP/SEQ STN: tel219_2021_029
** LATITUDE: 45 54.07 N
** LONGITUDE: 57 06.82 W
** DATE/TIME: 2021-05-09 08:24
** SOUNDING DEPTH (M): 0396
** PROBE TYPE: S4020
** CTD NUMBER:  29
** FORMAT: T
** COMMENTS: 
# nquan = 7                                 
# nvalues = 3827                        
# units = specified
# name 0 = scan: Scan Count
# name 1 = prdM: Pressure, Strain Gauge [db]
# name 2 = tv290C: Temperature [ITS-90, deg C]
# name 3 = c0S/m: Conductivity [S/m]
# name 4 = sal00: Salinity, Practical [PSU]
# name 5 = sigma-t00: Density [sigma-t, kg/m^3 ]
# name 6 = flag: flag
# span 0 =          1,       3827       
# span 1 =     -0.573,    396.208       
# span 2 =     1.0217,     9.4619       
# span 3 =   0.003434,   3.779262       
# span 4 =     0.0252,    35.1567       
# span 5 =    -0.0271,    27.5725       
# span 6 = 0.0000e+00, 0.0000e+00       
# interval = seconds: 1
# start_time = May 09 2021 08:24:29 [Instrument's time stamp, header]
# bad_flag = -9.990e-29
*END*
[from data line 2462]
       2463    394.877     6.0195   3.458270    35.0221    27.5677 0.0000e+00
       2464    394.853     6.0197   3.458286    35.0221    27.5677 0.0000e+00
       2465    394.847     6.0198   3.458305    35.0222    27.5678 0.0000e+00
       2466    394.859     6.0198   3.458302    35.0222    27.5677 0.0000e+00
       2467    394.882     6.0194   3.458261    35.0221    27.5677 0.0000e+00
       2468    394.909     6.0185   3.458182    35.0221    27.5679 0.0000e+00
       2469    394.930     6.0177   3.458106    35.0221    27.5680 0.0000e+00
       2470    394.935     6.0172   3.458074    35.0223    27.5681 0.0000e+00
       2471    394.929     6.0169   3.458056    35.0224    27.5683 0.0000e+00
       2472    394.924     6.0168   3.458032    35.0222    27.5681 0.0000e+00
       2473    394.928     6.0168   3.458023    35.0221    27.5681 0.0000e+00
       2474    394.933     6.0168   3.458032    35.0222    27.5681 0.0000e+00
       2475    394.913     6.0168   3.458045    35.0224    27.5683 0.0000e+00
       2476    394.849     6.0169   3.458051    35.0223    27.5682 0.0000e+00
       2477    394.758     6.0168   3.458035    35.0223    27.5682 0.0000e+00
       2478    394.691     6.0168   3.458016    35.0221    27.5681 0.0000e+00
       2479    394.684     6.0170   3.458035    35.0221    27.5681 0.0000e+00
       2480    394.715     6.0174   3.458074    35.0222    27.5680 0.0000e+00
       2481    394.747     6.0176   3.458096    35.0222    27.5680 0.0000e+00
       2482    394.758     6.0177   3.458109    35.0222    27.5680 0.0000e+00
       2483    394.752     6.0181   3.458128    35.0220    27.5678 0.0000e+00
       2484    394.745     6.0186   3.458177    35.0221    27.5678 0.0000e+00
       2485    394.752     6.0192   3.458237    35.0221    27.5678 0.0000e+00
       2486    394.774     6.0198   3.458281    35.0220    27.5676 0.0000e+00
       2487    394.792     6.0201   3.458316    35.0221    27.5676 0.0000e+00
       2488    394.787     6.0204   3.458334    35.0220    27.5675 0.0000e+00
       2489    394.751     6.0204   3.458332    35.0220    27.5675 0.0000e+00
       2490    394.694     6.0204   3.458326    35.0219    27.5675 0.0000e+00
       2491    394.638     6.0201   3.458312    35.0221    27.5676 0.0000e+00
       2492    394.604     6.0199   3.458293    35.0221    27.5677 0.0000e+00
       2493    394.605     6.0198   3.458280    35.0221    27.5677 0.0000e+00
       2494    394.630     6.0198   3.458272    35.0220    27.5676 0.0000e+00
       2495    394.652     6.0197   3.458268    35.0220    27.5676 0.0000e+00
       2496    394.651     6.0197   3.458267    35.0220    27.5676 0.0000e+00
       2497    394.624     6.0195   3.458249    35.0220    27.5677 0.0000e+00
       2498    394.589     6.0192   3.458224    35.0221    27.5677 0.0000e+00
       2499    394.572     6.0191   3.458214    35.0221    27.5677 0.0000e+00
       2500    394.577     6.0191   3.458218    35.0221    27.5678 0.0000e+00
       2501    394.576     6.0191   3.458225    35.0222    27.5678 0.0000e+00
       2502    394.532     6.0191   3.458221    35.0222    27.5678 0.0000e+00
       2503    394.428     6.0191   3.458203    35.0220    27.5677 0.0000e+00
       2504    394.302     6.0191   3.458183    35.0218    27.5676 0.0000e+00
       2505    394.226     6.0189   3.458170    35.0219    27.5677 0.0000e+00
       2506    394.218     6.0185   3.458156    35.0222    27.5679 0.0000e+00
       2507    394.226     6.0183   3.458146    35.0223    27.5680 0.0000e+00
       2508    394.187     6.0183   3.458142    35.0223    27.5680 0.0000e+00
       2509    394.072     6.0184   3.458132    35.0221    27.5679 0.0000e+00
       2510    393.916     6.0184   3.458126    35.0221    27.5679 0.0000e+00
       2511    393.807     6.0189   3.458157    35.0220    27.5677 0.0000e+00
       2512    393.793     6.0199   3.458259    35.0221    27.5677 0.0000e+00
       2513    393.823     6.0212   3.458372    35.0221    27.5675 0.0000e+00
       2514    393.823     6.0219   3.458409    35.0217    27.5671 0.0000e+00
       2515    393.761     6.0219   3.458398    35.0217    27.5671 0.0000e+00
       2516    393.673     6.0214   3.458374    35.0219    27.5674 0.0000e+00
       2517    393.629     6.0198   3.458259    35.0223    27.5679 0.0000e+00
       2518    393.650     6.0176   3.458042    35.0221    27.5680 0.0000e+00
       2519    393.701     6.0159   3.457895    35.0222    27.5683 0.0000e+00
       2520    393.738     6.0151   3.457871    35.0227    27.5688 0.0000e+00
       2521    393.738     6.0146   3.457866    35.0232    27.5692 0.0000e+00
       2522    393.710     6.0145   3.457833    35.0229    27.5690 0.0000e+00
       2523    393.687     6.0143   3.457776    35.0225    27.5687 0.0000e+00
       2524    393.699     6.0139   3.457732    35.0224    27.5687 0.0000e+00
       2525    393.743     6.0138   3.457726    35.0224    27.5687 0.0000e+00
       2526    393.783     6.0139   3.457746    35.0225    27.5688 0.0000e+00
       2527    393.785     6.0141   3.457768    35.0226    27.5688 0.0000e+00
       2528    393.745     6.0142   3.457776    35.0226    27.5688 0.0000e+00
       2529    393.702     6.0142   3.457749    35.0223    27.5686 0.0000e+00
       2530    393.698     6.0136   3.457687    35.0222    27.5686 0.0000e+00
       2531    393.733     6.0127   3.457610    35.0223    27.5687 0.0000e+00
       2532    393.775     6.0120   3.457555    35.0224    27.5689 0.0000e+00
       2533    393.803     6.0113   3.457493    35.0224    27.5690 0.0000e+00
       2534    393.827     6.0103   3.457391    35.0222    27.5690 0.0000e+00
       2535    393.862     6.0096   3.457312    35.0220    27.5689 0.0000e+00
       2536    393.901     6.0093   3.457311    35.0223    27.5692 0.0000e+00
       2537    393.923     6.0097   3.457353    35.0224    27.5692 0.0000e+00
       2538    393.925     6.0102   3.457394    35.0223    27.5691 0.0000e+00
       2539    393.929     6.0108   3.457443    35.0222    27.5690 0.0000e+00
       2540    393.945     6.0114   3.457504    35.0223    27.5689 0.0000e+00
       2541    393.961     6.0117   3.457538    35.0224    27.5689 0.0000e+00
       2542    393.967     6.0116   3.457528    35.0224    27.5689 0.0000e+00
       2543    393.968     6.0111   3.457480    35.0223    27.5690 0.0000e+00
       2544    393.980     6.0105   3.457417    35.0222    27.5690 0.0000e+00
       2545    394.008     6.0098   3.457356    35.0223    27.5691 0.0000e+00
       2546    394.044     6.0093   3.457313    35.0223    27.5692 0.0000e+00
       2547    394.075     6.0094   3.457332    35.0224    27.5692 0.0000e+00
       2548    394.098     6.0099   3.457385    35.0224    27.5692 0.0000e+00
       2549    394.119     6.0100   3.457404    35.0225    27.5693 0.0000e+00
       2550    394.144     6.0097   3.457365    35.0224    27.5692 0.0000e+00
       2551    394.171     6.0092   3.457309    35.0223    27.5692 0.0000e+00
       2552    394.189     6.0091   3.457297    35.0222    27.5692 0.0000e+00
       2553    394.187     6.0095   3.457328    35.0222    27.5691 0.0000e+00
       2554    394.166     6.0107   3.457423    35.0220    27.5688 0.0000e+00
       2555    394.152     6.0122   3.457577    35.0222    27.5687 0.0000e+00
       2556    394.170     6.0136   3.457702    35.0222    27.5685 0.0000e+00
       2557    394.203     6.0144   3.457763    35.0220    27.5683 0.0000e+00
       2558    394.214     6.0147   3.457779    35.0219    27.5682 0.0000e+00
       2559    394.190     6.0145   3.457769    35.0220    27.5683 0.0000e+00
       2560    394.156     6.0139   3.457714    35.0220    27.5684 0.0000e+00
       2561    394.159     6.0128   3.457611    35.0220    27.5685 0.0000e+00
       2562    394.200     6.0118   3.457544    35.0222    27.5688 0.0000e+00
       2563    394.238     6.0112   3.457542    35.0228    27.5693 0.0000e+00
       2564    394.239     6.0107   3.457540    35.0233    27.5698 0.0000e+00
       2565    394.215     6.0100   3.457447    35.0230    27.5696 0.0000e+00
       2566    394.202     6.0084   3.457256    35.0225    27.5694 0.0000e+00
       2567    394.220     6.0069   3.457101    35.0223    27.5695 0.0000e+00
       2568    394.248     6.0061   3.457082    35.0229    27.5700 0.0000e+00
       2569    394.262     6.0064   3.457141    35.0232    27.5703 0.0000e+00
       2570    394.251     6.0069   3.457174    35.0231    27.5701 0.0000e+00
       2571    394.230     6.0074   3.457177    35.0226    27.5697 0.0000e+00
       2572    394.236     6.0075   3.457162    35.0223    27.5694 0.0000e+00
       2573    394.278     6.0073   3.457134    35.0222    27.5694 0.0000e+00
       2574    394.324     6.0070   3.457130    35.0224    27.5696 0.0000e+00
       2575    394.352     6.0070   3.457137    35.0225    27.5696 0.0000e+00
       2576    394.362     6.0076   3.457174    35.0223    27.5694 0.0000e+00
       2577    394.370     6.0090   3.457291    35.0222    27.5691 0.0000e+00
       2578    394.388     6.0109   3.457465    35.0222    27.5689 0.0000e+00
       2579    394.416     6.0125   3.457599    35.0220    27.5685 0.0000e+00
       2580    394.440     6.0131   3.457645    35.0219    27.5684 0.0000e+00
       2581    394.456     6.0128   3.457615    35.0219    27.5684 0.0000e+00
       2582    394.476     6.0120   3.457541    35.0218    27.5685 0.0000e+00
       2583    394.505     6.0113   3.457487    35.0219    27.5686 0.0000e+00
       2584    394.528     6.0110   3.457478    35.0221    27.5688 0.0000e+00
       2585    394.533     6.0107   3.457474    35.0224    27.5691 0.0000e+00
       2586    394.525     6.0103   3.457437    35.0224    27.5691 0.0000e+00
       2587    394.533     6.0099   3.457394    35.0223    27.5691 0.0000e+00
       2588    394.574     6.0099   3.457387    35.0222    27.5690 0.0000e+00
       2589    394.623     6.0099   3.457390    35.0222    27.5691 0.0000e+00
       2590    394.648     6.0099   3.457388    35.0222    27.5690 0.0000e+00
       2591    394.644     6.0098   3.457393    35.0224    27.5692 0.0000e+00
       2592    394.628     6.0099   3.457412    35.0225    27.5692 0.0000e+00
       2593    394.629     6.0104   3.457448    35.0224    27.5691 0.0000e+00
       2594    394.660     6.0108   3.457478    35.0223    27.5690 0.0000e+00
       2595    394.697     6.0110   3.457484    35.0221    27.5688 0.0000e+00
       2596    394.705     6.0110   3.457479    35.0221    27.5688 0.0000e+00
       2597    394.672     6.0108   3.457473    35.0222    27.5689 0.0000e+00
       2598    394.622     6.0107   3.457452    35.0221    27.5689 0.0000e+00
       2599    394.606     6.0104   3.457416    35.0220    27.5688 0.0000e+00
       2600    394.645     6.0102   3.457408    35.0221    27.5689 0.0000e+00
       2601    394.702     6.0103   3.457429    35.0222    27.5690 0.0000e+00
       2602    394.733     6.0103   3.457442    35.0223    27.5691 0.0000e+00
       2603    394.737     6.0102   3.457436    35.0224    27.5691 0.0000e+00
       2604    394.740     6.0100   3.457411    35.0223    27.5691 0.0000e+00
       2605    394.763     6.0098   3.457382    35.0222    27.5690 0.0000e+00
       2606    394.803     6.0096   3.457376    35.0223    27.5691 0.0000e+00
       2607    394.837     6.0096   3.457390    35.0224    27.5693 0.0000e+00
       2608    394.854     6.0096   3.457404    35.0226    27.5694 0.0000e+00
       2609    394.861     6.0095   3.457398    35.0226    27.5694 0.0000e+00
       2610    394.865     6.0095   3.457381    35.0224    27.5693 0.0000e+00
       2611    394.867     6.0095   3.457380    35.0224    27.5692 0.0000e+00
       2612    394.875     6.0096   3.457389    35.0224    27.5692 0.0000e+00
       2613    394.892     6.0095   3.457389    35.0225    27.5693 0.0000e+00
       2614    394.913     6.0095   3.457382    35.0224    27.5692 0.0000e+00
       2615    394.930     6.0095   3.457375    35.0223    27.5692 0.0000e+00
       2616    394.948     6.0095   3.457377    35.0223    27.5692 0.0000e+00
       2617    394.974     6.0097   3.457392    35.0223    27.5691 0.0000e+00
       2618    395.001     6.0099   3.457407    35.0222    27.5691 0.0000e+00
       2619    395.007     6.0099   3.457405    35.0222    27.5690 0.0000e+00
       2620    394.981     6.0098   3.457389    35.0221    27.5690 0.0000e+00
       2621    394.952     6.0095   3.457372    35.0223    27.5691 0.0000e+00
       2622    394.958     6.0091   3.457348    35.0224    27.5693 0.0000e+00
       2623    394.992     6.0087   3.457327    35.0226    27.5695 0.0000e+00
       2624    395.008     6.0085   3.457313    35.0226    27.5695 0.0000e+00
       2625    394.961     6.0087   3.457296    35.0222    27.5692 0.0000e+00
       2626    394.834     6.0086   3.457275    35.0222    27.5692 0.0000e+00
       2627    394.684     6.0084   3.457251    35.0222    27.5692 0.0000e+00
       2628    394.612     6.0082   3.457227    35.0221    27.5692 0.0000e+00
       2629    394.638     6.0080   3.457226    35.0223    27.5694 0.0000e+00
       2630    394.691     6.0080   3.457237    35.0224    27.5695 0.0000e+00
       2631    394.706     6.0080   3.457238    35.0224    27.5695 0.0000e+00
       2632    394.687     6.0079   3.457227    35.0224    27.5695 0.0000e+00
       2633    394.685     6.0077   3.457199    35.0223    27.5694 0.0000e+00
       2634    394.720     6.0077   3.457193    35.0222    27.5693 0.0000e+00
       2635    394.771     6.0079   3.457216    35.0223    27.5693 0.0000e+00
       2636    394.814     6.0080   3.457228    35.0223    27.5693 0.0000e+00
       2637    394.836     6.0080   3.457224    35.0222    27.5693 0.0000e+00
       2638    394.841     6.0079   3.457230    35.0224    27.5694 0.0000e+00
       2639    394.838     6.0082   3.457249    35.0223    27.5693 0.0000e+00
       2640    394.847     6.0087   3.457288    35.0222    27.5692 0.0000e+00
       2641    394.893     6.0092   3.457342    35.0223    27.5692 0.0000e+00
       2642    394.982     6.0096   3.457389    35.0223    27.5692 0.0000e+00
       2643    395.094     6.0099   3.457416    35.0223    27.5691 0.0000e+00
       2644    395.200     6.0101   3.457437    35.0223    27.5691 0.0000e+00
       2645    395.285     6.0105   3.457472    35.0222    27.5690 0.0000e+00
       2646    395.345     6.0107   3.457500    35.0223    27.5690 0.0000e+00
       2647    395.371     6.0106   3.457484    35.0222    27.5689 0.0000e+00
       2648    395.361     6.0103   3.457450    35.0221    27.5689 0.0000e+00
       2649    395.312     6.0100   3.457434    35.0223    27.5691 0.0000e+00
       2650    395.226     6.0100   3.457437    35.0223    27.5691 0.0000e+00
       2651    395.115     6.0103   3.457453    35.0223    27.5690 0.0000e+00
       2652    394.991     6.0102   3.457447    35.0224    27.5691 0.0000e+00
       2653    394.858     6.0100   3.457417    35.0223    27.5691 0.0000e+00
       2654    394.714     6.0098   3.457390    35.0223    27.5691 0.0000e+00
       2655    394.559     6.0096   3.457375    35.0224    27.5692 0.0000e+00
       2656    394.395     6.0097   3.457372    35.0223    27.5692 0.0000e+00
       2657    394.217     6.0098   3.457358    35.0222    27.5690 0.0000e+00
       2658    394.020     6.0097   3.457335    35.0221    27.5690 0.0000e+00
       2659    393.806     6.0095   3.457321    35.0223    27.5691 0.0000e+00
       2660    393.578     6.0095   3.457316    35.0223    27.5692 0.0000e+00
       2661    393.340     6.0098   3.457324    35.0222    27.5691 0.0000e+00
       2662    393.092     6.0100   3.457340    35.0223    27.5691 0.0000e+00
       2663    392.832     6.0100   3.457338    35.0224    27.5692 0.0000e+00
       2664    392.557     6.0099   3.457319    35.0225    27.5692 0.0000e+00
       2665    392.268     6.0099   3.457295    35.0223    27.5692 0.0000e+00
       2666    391.972     6.0101   3.457289    35.0222    27.5690 0.0000e+00
