Datasets/Test_Dataset_39219_tow/tel219_2021_028.cnv
* Sea-Bird SBE19plus Data File:
* Filename = C:/AQUIRE/tel219_2021_028.hex
* Software Version AquireV2 AF V2.0
* Temperature SN =  4020
* Conductivity SN =  4020
* System UpLoad Time = May 09 2021 05:48:35
** VESSEL/TRIP/SEQ STN: tel219_2021_028
** LATITUDE: 45 57.56 N
** LONGITUDE: 56 54.84 W
** DATE/TIME: 2021-05-09 05:10
** SOUNDING DEPTH (M): 0171
** PROBE TYPE: S4020
** CTD NUMBER:  28
** FORMAT: T
** COMMENTS: 
# nquan = 7                                 
# nvalues = 2325                        
# units = specified
# name 0 = scan: Scan Count
# name 1 = prdM: Pressure, Strain Gauge [db]
# name 2 = tv290C: Temperature [ITS-90, deg C]
# name 3 = c0S/m: Conductivity [S/m]
# name 4 = sal00: Salinity, Practical [PSU]
# name 5 = sigma-t00: Density [sigma-t, kg/m^3 ]
# name 6 = flag: flag
# span 0 =          1,       2325       
# span 1 =     -0.212,    162.924       
# span 2 =     1.6105,     5.8526       
# span 3 =   0.005699,   3.071180       
# span 4 =     0.0415,    33.2630       
# span 5 =    -0.0188,    26.4572       
# span 6 = 0.0000e+00, 0.0000e+00       
# interval = seconds: 1
# start_time = May 09 2021 05:10:53 [Instrument's time stamp, header]
# bad_flag = -9.990e-29
*END*
[from data line 2257]
       2258     -0.180     3.5223   0.010615     0.0826     0.0402 0.0000e+00
       2259     -0.181     3.5246   0.010480     0.0815     0.0393 0.0000e+00
       2260     -0.179     3.5261   0.010387     0.0808     0.0387 0.0000e+00
       2261     -0.174     3.5276   0.010356     0.0805     0.0385 0.0000e+00
       2262     -0.169     3.5301   0.010408     0.0810     0.0389 0.0000e+00
       2263     -0.166     3.5337   0.010598     0.0825     0.0401 0.0000e+00
       2264     -0.167     3.5362   0.010854     0.0845     0.0418 0.0000e+00
       2265     -0.170     3.5365   0.010941     0.0852     0.0424 0.0000e+00
       2266     -0.172     3.5362   0.010756     0.0837     0.0412 0.0000e+00
       2267     -0.171     3.5359   0.010420     0.0810     0.0390 0.0000e+00
       2268     -0.170     3.5351   0.010137     0.0788     0.0371 0.0000e+00
       2269     -0.172     3.5343   0.010044     0.0780     0.0365 0.0000e+00
       2270     -0.173     3.5332   0.010108     0.0785     0.0369 0.0000e+00
       2271     -0.173     3.5314   0.010196     0.0792     0.0375 0.0000e+00
       2272     -0.173     3.5294   0.010237     0.0796     0.0377 0.0000e+00
       2273     -0.171     3.5280   0.010213     0.0794     0.0376 0.0000e+00
       2274     -0.169     3.5269   0.010106     0.0785     0.0369 0.0000e+00
       2275     -0.173     3.5259   0.009930     0.0771     0.0357 0.0000e+00
       2276     -0.177     3.5252   0.009740     0.0756     0.0345 0.0000e+00
       2277     -0.178     3.5248   0.009589     0.0744     0.0335 0.0000e+00
       2278     -0.175     3.5251   0.009547     0.0740     0.0332 0.0000e+00
       2279     -0.171     3.5267   0.009686     0.0752     0.0341 0.0000e+00
       2280     -0.171     3.5294   0.009957     0.0773     0.0359 0.0000e+00
       2281     -0.174     3.5313   0.010156     0.0789     0.0372 0.0000e+00
       2282     -0.177     3.5315   0.010144     0.0788     0.0371 0.0000e+00
       2283     -0.181     3.5316   0.009975     0.0775     0.0360 0.0000e+00
       2284     -0.183     3.5340   0.009770     0.0758     0.0347 0.0000e+00
       2285     -0.178     3.5398   0.009599     0.0744     0.0336 0.0000e+00
       2286     -0.172     3.5465   0.009545     0.0740     0.0333 0.0000e+00
       2287     -0.168     3.5507   0.010078     0.0783     0.0368 0.0000e+00
       2288     -0.166     3.5508   0.012131     0.0948     0.0502 0.0000e+00
       2289     -0.170     3.5483   0.015345     0.1210     0.0713 0.0000e+00
       2290     -0.176     3.5450   0.017802     0.1411     0.0876 0.0000e+00
       2291     -0.174     3.5418   0.018830     0.1496     0.0944 0.0000e+00
       2292     -0.168     3.5390   0.019123     0.1520     0.0964 0.0000e+00
       2293     -0.168     3.5370   0.019311     0.1536     0.0976 0.0000e+00
       2294     -0.174     3.5356   0.019385     0.1542     0.0981 0.0000e+00
       2295     -0.179     3.5350   0.018900     0.1502     0.0949 0.0000e+00
       2296     -0.182     3.5351   0.018012     0.1429     0.0890 0.0000e+00
       2297     -0.184     3.5351   0.017002     0.1346     0.0823 0.0000e+00
       2298     -0.185     3.5344   0.016117     0.1273     0.0764 0.0000e+00
       2299     -0.185     3.5335   0.015693     0.1239     0.0736 0.0000e+00
       2300     -0.185     3.5331   0.015732     0.1242     0.0738 0.0000e+00
       2301     -0.185     3.5337   0.015934     0.1258     0.0752 0.0000e+00
       2302     -0.184     3.5354   0.015871     0.1253     0.0748 0.0000e+00
       2303     -0.183     3.5366   0.015397     0.1214     0.0716 0.0000e+00
       2304     -0.184     3.5364   0.014796     0.1165     0.0677 0.0000e+00
       2305     -0.186     3.5353   0.014479     0.1139     0.0656 0.0000e+00
       2306     -0.187     3.5341   0.014704     0.1158     0.0670 0.0000e+00
       2307     -0.187     3.5334   0.015327     0.1209     0.0712 0.0000e+00
       2308     -0.186     3.5330   0.015735     0.1242     0.0739 0.0000e+00
       2309     -0.184     3.5332   0.015521     0.1225     0.0724 0.0000e+00
       2310     -0.183     3.5345   0.014951     0.1178     0.0687 0.0000e+00
       2311     -0.183     3.5362   0.014457     0.1138     0.0654 0.0000e+00
       2312     -0.187     3.5370   0.014312     0.1126     0.0645 0.0000e+00
       2313     -0.192     3.5366   0.014628     0.1152     0.0666 0.0000e+00
       2314     -0.194     3.5362   0.015200     0.1198     0.0703 0.0000e+00
       2315     -0.190     3.5367   0.015503     0.1223     0.0723 0.0000e+00
       2316     -0.185     3.5404   0.015205     0.1199     0.0704 0.0000e+00
       2317     -0.186     3.5492   0.014542     0.1144     0.0660 0.0000e+00
       2318     -0.190     3.5616   0.014024     0.1102     0.0627 0.0000e+00
       2319     -0.190     3.5707   0.013941     0.1095     0.0622 0.0000e+00
       2320     -0.187     3.5732   0.014164     0.1113     0.0636 0.0000e+00
       2321     -0.186     3.5736   0.014345     0.1127     0.0648 0.0000e+00
       2322     -0.188     3.5774   0.014282     0.1122     0.0644 0.0000e+00
       2323     -0.189     3.5833   0.014073     0.1105     0.0631 0.0000e+00
       2324     -0.186     3.5864   0.013929     0.1093     0.0621 0.0000e+00
       2325     -0.183 -9.990e-29   0.013801 -9.990e-29 -9.990e-29 0.0000e+00
