Datasets/Test_Dataset_39219_tow/tel219_2021_037.cnv
* Sea-Bird SBE19plus Data File:
* Filename = C:/AQUIRE/tel219_2021_037.hex
* Software Version AquireV2 AF V2.0
* Temperature SN =  4020
* Conductivity SN =  4020
* System UpLoad Time = May 11 2021 17:38:07
** VESSEL/TRIP/SEQ STN: tel219_2021_037
** LATITUDE: 45 17.30 N
** LONGITUDE: 56 58.17 W
** DATE/TIME: 2021-05-11 16:31
** SOUNDING DEPTH (M): 0425
** PROBE TYPE: S4020
** CTD NUMBER:  37
** FORMAT: t
** COMMENTS: 
# nquan = 7                                 
# nvalues = 4101                        
# units = specified
# name 0 = scan: Scan Count
# name 1 = prdM: Pressure, Strain Gauge [db]
# name 2 = tv290C: Temperature [ITS-90, deg C]
# name 3 = c0S/m: Conductivity [S/m]
# name 4 = sal00: Salinity, Practical [PSU]
# name 5 = sigma-t00: Density [sigma-t, kg/m^3 ]
# name 6 = flag: flag
# span 0 =          1,       4101       
# span 1 =     -0.568,    431.285       
# span 2 =     1.1953,    11.4398       
# span 3 =   0.010973,   3.982962       
# span 4 =     0.0786,    35.3337       
# span 5 =    -0.0290,    27.6453       
# span 6 = 0.0000e+00, 0.0000e+00       
# interval = seconds: 1
# start_time = May 11 2021 16:31:09 [Instrument's time stamp, header]
# bad_flag = -9.990e-29
*END*
[from data line 2052]
       2053    430.062     5.6480   3.424859    35.0100    27.6051 0.0000e+00
       2054    430.080     5.6479   3.424844    35.0099    27.6051 0.0000e+00
       2055    430.099     5.6478   3.424818    35.0097    27.6049 0.0000e+00
       2056    430.110     5.6476   3.424810    35.0098    27.6051 0.0000e+00
       2057    430.117     5.6475   3.424802    35.0099    27.6051 0.0000e+00
       2058    430.131     5.6474   3.424785    35.0098    27.6050 0.0000e+00
       2059    430.156     5.6474   3.424785    35.0097    27.6050 0.0000e+00
       2060    430.180     5.6476   3.424814    35.0099    27.6051 0.0000e+00
       2061    430.188     5.6478   3.424835    35.0099    27.6051 0.0000e+00
       2062    430.177     5.6480   3.424851    35.0099    27.6050 0.0000e+00
       2063    430.162     5.6485   3.424888    35.0098    27.6049 0.0000e+00
       2064    430.158     5.6486   3.424909    35.0099    27.6050 0.0000e+00
       2065    430.170     5.6485   3.424896    35.0099    27.6050 0.0000e+00
       2066    430.184     5.6482   3.424875    35.0099    27.6050 0.0000e+00
       2067    430.187     5.6478   3.424847    35.0100    27.6052 0.0000e+00
       2068    430.178     5.6475   3.424815    35.0100    27.6052 0.0000e+00
       2069    430.174     5.6474   3.424798    35.0099    27.6051 0.0000e+00
       2070    430.185     5.6473   3.424793    35.0099    27.6052 0.0000e+00
       2071    430.197     5.6474   3.424795    35.0098    27.6051 0.0000e+00
       2072    430.193     5.6475   3.424807    35.0099    27.6051 0.0000e+00
       2073    430.173     5.6479   3.424844    35.0099    27.6050 0.0000e+00
       2074    430.154     5.6488   3.424921    35.0098    27.6049 0.0000e+00
       2075    430.149     5.6498   3.425020    35.0099    27.6048 0.0000e+00
       2076    430.157     5.6504   3.425089    35.0101    27.6049 0.0000e+00
       2077    430.164     5.6503   3.425080    35.0101    27.6049 0.0000e+00
       2078    430.162     5.6495   3.425010    35.0101    27.6050 0.0000e+00
       2079    430.156     5.6488   3.424939    35.0100    27.6051 0.0000e+00
       2080    430.149     5.6484   3.424891    35.0099    27.6050 0.0000e+00
       2081    430.137     5.6480   3.424866    35.0101    27.6052 0.0000e+00
       2082    430.112     5.6479   3.424853    35.0100    27.6052 0.0000e+00
       2083    430.079     5.6478   3.424842    35.0100    27.6052 0.0000e+00
       2084    430.049     5.6476   3.424822    35.0100    27.6052 0.0000e+00
       2085    430.034     5.6471   3.424776    35.0100    27.6052 0.0000e+00
       2086    430.036     5.6468   3.424740    35.0099    27.6052 0.0000e+00
       2087    430.040     5.6469   3.424749    35.0099    27.6052 0.0000e+00
       2088    430.034     5.6474   3.424790    35.0099    27.6051 0.0000e+00
       2089    430.027     5.6480   3.424851    35.0099    27.6051 0.0000e+00
       2090    430.026     5.6486   3.424906    35.0099    27.6050 0.0000e+00
       2091    430.028     5.6490   3.424941    35.0099    27.6049 0.0000e+00
       2092    430.028     5.6489   3.424948    35.0101    27.6051 0.0000e+00
       2093    430.024     5.6487   3.424918    35.0100    27.6050 0.0000e+00
       2094    430.014     5.6486   3.424896    35.0098    27.6049 0.0000e+00
       2095    429.998     5.6488   3.424918    35.0099    27.6049 0.0000e+00
       2096    429.974     5.6488   3.424930    35.0100    27.6051 0.0000e+00
       2097    429.951     5.6484   3.424887    35.0100    27.6051 0.0000e+00
       2098    429.940     5.6480   3.424843    35.0099    27.6050 0.0000e+00
       2099    429.941     5.6483   3.424869    35.0099    27.6050 0.0000e+00
       2100    429.945     5.6487   3.424926    35.0101    27.6051 0.0000e+00
       2101    429.942     5.6493   3.424968    35.0100    27.6049 0.0000e+00
       2102    429.929     5.6496   3.424998    35.0100    27.6049 0.0000e+00
       2103    429.908     5.6498   3.425007    35.0099    27.6048 0.0000e+00
       2104    429.891     5.6496   3.424993    35.0100    27.6049 0.0000e+00
       2105    429.886     5.6494   3.424970    35.0099    27.6049 0.0000e+00
       2106    429.893     5.6495   3.424979    35.0099    27.6049 0.0000e+00
       2107    429.900     5.6497   3.425009    35.0100    27.6049 0.0000e+00
       2108    429.893     5.6496   3.425008    35.0101    27.6050 0.0000e+00
       2109    429.874     5.6494   3.424975    35.0100    27.6049 0.0000e+00
       2110    429.856     5.6490   3.424937    35.0100    27.6050 0.0000e+00
       2111    429.843     5.6487   3.424920    35.0101    27.6051 0.0000e+00
       2112    429.833     5.6490   3.424949    35.0101    27.6051 0.0000e+00
       2113    429.829     5.6501   3.425046    35.0101    27.6049 0.0000e+00
       2114    429.833     5.6509   3.425131    35.0102    27.6049 0.0000e+00
       2115    429.836     5.6508   3.425116    35.0101    27.6049 0.0000e+00
       2116    429.832     5.6503   3.425057    35.0100    27.6048 0.0000e+00
       2117    429.816     5.6499   3.425021    35.0100    27.6049 0.0000e+00
       2118    429.784     5.6497   3.425008    35.0101    27.6050 0.0000e+00
       2119    429.742     5.6494   3.424988    35.0102    27.6051 0.0000e+00
       2120    429.704     5.6490   3.424945    35.0101    27.6051 0.0000e+00
       2121    429.686     5.6487   3.424908    35.0100    27.6051 0.0000e+00
       2122    429.689     5.6488   3.424912    35.0100    27.6050 0.0000e+00
       2123    429.698     5.6490   3.424931    35.0100    27.6050 0.0000e+00
       2124    429.696     5.6490   3.424938    35.0101    27.6050 0.0000e+00
       2125    429.682     5.6489   3.424937    35.0102    27.6051 0.0000e+00
       2126    429.668     5.6489   3.424931    35.0101    27.6051 0.0000e+00
       2127    429.659     5.6494   3.424973    35.0101    27.6050 0.0000e+00
       2128    429.655     5.6496   3.425005    35.0102    27.6051 0.0000e+00
       2129    429.656     5.6493   3.424958    35.0100    27.6050 0.0000e+00
       2130    429.655     5.6488   3.424909    35.0100    27.6050 0.0000e+00
       2131    429.644     5.6486   3.424890    35.0100    27.6050 0.0000e+00
       2132    429.629     5.6486   3.424892    35.0100    27.6050 0.0000e+00
       2133    429.617     5.6490   3.424921    35.0099    27.6049 0.0000e+00
       2134    429.604     5.6494   3.424959    35.0099    27.6049 0.0000e+00
       2135    429.588     5.6499   3.424999    35.0099    27.6048 0.0000e+00
       2136    429.567     5.6499   3.425009    35.0100    27.6049 0.0000e+00
       2137    429.541     5.6496   3.424984    35.0100    27.6050 0.0000e+00
       2138    429.520     5.6494   3.424964    35.0100    27.6050 0.0000e+00
       2139    429.517     5.6496   3.424984    35.0101    27.6050 0.0000e+00
       2140    429.524     5.6500   3.425013    35.0100    27.6048 0.0000e+00
       2141    429.523     5.6502   3.425023    35.0099    27.6047 0.0000e+00
       2142    429.505     5.6500   3.425011    35.0100    27.6048 0.0000e+00
       2143    429.477     5.6497   3.424983    35.0100    27.6049 0.0000e+00
       2144    429.455     5.6499   3.424990    35.0098    27.6048 0.0000e+00
       2145    429.448     5.6504   3.425043    35.0099    27.6048 0.0000e+00
       2146    429.447     5.6508   3.425085    35.0100    27.6048 0.0000e+00
       2147    429.439     5.6508   3.425082    35.0100    27.6047 0.0000e+00
       2148    429.415     5.6502   3.425031    35.0100    27.6049 0.0000e+00
       2149    429.393     5.6495   3.424963    35.0100    27.6049 0.0000e+00
       2150    429.389     5.6491   3.424928    35.0100    27.6050 0.0000e+00
       2151    429.393     5.6490   3.424919    35.0100    27.6050 0.0000e+00
       2152    429.386     5.6488   3.424910    35.0101    27.6051 0.0000e+00
       2153    429.365     5.6488   3.424902    35.0100    27.6050 0.0000e+00
       2154    429.340     5.6488   3.424900    35.0100    27.6050 0.0000e+00
       2155    429.325     5.6488   3.424909    35.0101    27.6051 0.0000e+00
       2156    429.321     5.6487   3.424915    35.0103    27.6053 0.0000e+00
       2157    429.320     5.6486   3.424902    35.0103    27.6053 0.0000e+00
       2158    429.313     5.6481   3.424860    35.0103    27.6053 0.0000e+00
       2159    429.298     5.6477   3.424794    35.0100    27.6051 0.0000e+00
       2160    429.289     5.6474   3.424755    35.0098    27.6051 0.0000e+00
       2161    429.290     5.6474   3.424773    35.0100    27.6052 0.0000e+00
       2162    429.292     5.6476   3.424798    35.0101    27.6053 0.0000e+00
       2163    429.283     5.6479   3.424817    35.0100    27.6052 0.0000e+00
       2164    429.260     5.6484   3.424851    35.0099    27.6050 0.0000e+00
       2165    429.234     5.6489   3.424900    35.0100    27.6050 0.0000e+00
       2166    429.217     5.6493   3.424946    35.0101    27.6050 0.0000e+00
       2167    429.212     5.6493   3.424942    35.0100    27.6050 0.0000e+00
       2168    429.215     5.6491   3.424905    35.0098    27.6048 0.0000e+00
       2169    429.218     5.6491   3.424901    35.0098    27.6048 0.0000e+00
       2170    429.219     5.6493   3.424929    35.0099    27.6049 0.0000e+00
       2171    429.221     5.6491   3.424925    35.0101    27.6050 0.0000e+00
       2172    429.221     5.6487   3.424887    35.0100    27.6051 0.0000e+00
       2173    429.211     5.6488   3.424875    35.0098    27.6049 0.0000e+00
       2174    429.180     5.6494   3.424916    35.0097    27.6047 0.0000e+00
       2175    429.131     5.6499   3.424974    35.0098    27.6047 0.0000e+00
       2176    429.093     5.6501   3.424997    35.0099    27.6048 0.0000e+00
       2177    429.087     5.6500   3.424978    35.0098    27.6047 0.0000e+00
       2178    429.104     5.6496   3.424950    35.0099    27.6048 0.0000e+00
       2179    429.115     5.6494   3.424941    35.0100    27.6049 0.0000e+00
       2180    429.110     5.6492   3.424931    35.0101    27.6050 0.0000e+00
       2181    429.103     5.6488   3.424893    35.0101    27.6051 0.0000e+00
       2182    429.105     5.6485   3.424857    35.0100    27.6050 0.0000e+00
       2183    429.109     5.6483   3.424850    35.0101    27.6052 0.0000e+00
       2184    429.101     5.6481   3.424849    35.0103    27.6053 0.0000e+00
       2185    429.078     5.6479   3.424840    35.0104    27.6055 0.0000e+00
       2186    429.054     5.6479   3.424819    35.0102    27.6053 0.0000e+00
       2187    429.048     5.6477   3.424789    35.0100    27.6052 0.0000e+00
       2188    429.058     5.6477   3.424775    35.0099    27.6051 0.0000e+00
       2189    429.063     5.6480   3.424796    35.0098    27.6050 0.0000e+00
       2190    429.054     5.6486   3.424849    35.0098    27.6049 0.0000e+00
       2191    429.039     5.6489   3.424890    35.0100    27.6050 0.0000e+00
       2192    429.030     5.6490   3.424900    35.0100    27.6050 0.0000e+00
       2193    429.030     5.6490   3.424891    35.0099    27.6049 0.0000e+00
       2194    429.029     5.6490   3.424883    35.0098    27.6048 0.0000e+00
       2195    429.018     5.6490   3.424893    35.0099    27.6049 0.0000e+00
       2196    428.998     5.6487   3.424882    35.0101    27.6051 0.0000e+00
       2197    428.982     5.6483   3.424828    35.0099    27.6050 0.0000e+00
       2198    428.983     5.6475   3.424760    35.0100    27.6051 0.0000e+00
       2199    428.995     5.6471   3.424725    35.0100    27.6052 0.0000e+00
       2200    429.002     5.6471   3.424726    35.0100    27.6052 0.0000e+00
       2201    428.996     5.6472   3.424739    35.0100    27.6052 0.0000e+00
       2202    428.987     5.6476   3.424768    35.0099    27.6051 0.0000e+00
       2203    428.981     5.6481   3.424808    35.0099    27.6050 0.0000e+00
       2204    428.976     5.6485   3.424839    35.0098    27.6049 0.0000e+00
       2205    428.961     5.6486   3.424850    35.0098    27.6049 0.0000e+00
       2206    428.933     5.6490   3.424865    35.0096    27.6047 0.0000e+00
       2207    428.907     5.6494   3.424902    35.0096    27.6047 0.0000e+00
       2208    428.902     5.6497   3.424931    35.0097    27.6046 0.0000e+00
       2209    428.917     5.6499   3.424950    35.0097    27.6046 0.0000e+00
       2210    428.931     5.6502   3.424976    35.0096    27.6046 0.0000e+00
       2211    428.931     5.6504   3.425001    35.0097    27.6046 0.0000e+00
       2212    428.925     5.6505   3.425014    35.0098    27.6046 0.0000e+00
       2213    428.924     5.6506   3.425021    35.0097    27.6046 0.0000e+00
       2214    428.928     5.6509   3.425048    35.0097    27.6046 0.0000e+00
       2215    428.934     5.6510   3.425070    35.0099    27.6047 0.0000e+00
       2216    428.934     5.6509   3.425058    35.0098    27.6046 0.0000e+00
       2217    428.929     5.6509   3.425051    35.0098    27.6046 0.0000e+00
       2218    428.925     5.6508   3.425054    35.0099    27.6047 0.0000e+00
       2219    428.921     5.6502   3.425019    35.0101    27.6050 0.0000e+00
       2220    428.912     5.6495   3.424951    35.0101    27.6050 0.0000e+00
       2221    428.896     5.6493   3.424913    35.0099    27.6049 0.0000e+00
       2222    428.877     5.6494   3.424924    35.0099    27.6049 0.0000e+00
       2223    428.863     5.6495   3.424953    35.0101    27.6050 0.0000e+00
       2224    428.859     5.6499   3.424982    35.0101    27.6049 0.0000e+00
       2225    428.857     5.6502   3.425003    35.0100    27.6048 0.0000e+00
       2226    428.852     5.6502   3.425016    35.0101    27.6050 0.0000e+00
       2227    428.846     5.6501   3.424997    35.0100    27.6049 0.0000e+00
       2228    428.841     5.6499   3.424960    35.0098    27.6047 0.0000e+00
       2229    428.836     5.6498   3.424952    35.0098    27.6048 0.0000e+00
       2230    428.829     5.6500   3.424973    35.0099    27.6048 0.0000e+00
       2231    428.818     5.6505   3.425016    35.0098    27.6047 0.0000e+00
       2232    428.808     5.6512   3.425086    35.0099    27.6047 0.0000e+00
       2233    428.803     5.6518   3.425154    35.0101    27.6047 0.0000e+00
       2234    428.801     5.6519   3.425159    35.0100    27.6047 0.0000e+00
       2235    428.801     5.6513   3.425092    35.0099    27.6046 0.0000e+00
       2236    428.804     5.6505   3.425012    35.0098    27.6047 0.0000e+00
       2237    428.810     5.6503   3.425000    35.0099    27.6047 0.0000e+00
       2238    428.814     5.6505   3.425025    35.0099    27.6048 0.0000e+00
       2239    428.807     5.6504   3.425012    35.0099    27.6047 0.0000e+00
       2240    428.796     5.6498   3.424967    35.0100    27.6049 0.0000e+00
       2241    428.788     5.6493   3.424920    35.0100    27.6050 0.0000e+00
       2242    428.784     5.6491   3.424891    35.0099    27.6049 0.0000e+00
       2243    428.776     5.6493   3.424901    35.0098    27.6048 0.0000e+00
       2244    428.764     5.6494   3.424926    35.0100    27.6049 0.0000e+00
       2245    428.753     5.6496   3.424942    35.0100    27.6049 0.0000e+00
       2246    428.745     5.6499   3.424965    35.0099    27.6048 0.0000e+00
       2247    428.742     5.6501   3.424989    35.0100    27.6049 0.0000e+00
       2248    428.747     5.6500   3.424982    35.0100    27.6049 0.0000e+00
       2249    428.751     5.6497   3.424957    35.0100    27.6049 0.0000e+00
       2250    428.746     5.6494   3.424930    35.0100    27.6050 0.0000e+00
       2251    428.734     5.6494   3.424915    35.0099    27.6049 0.0000e+00
       2252    428.723     5.6494   3.424925    35.0100    27.6049 0.0000e+00
       2253    428.716     5.6495   3.424943    35.0101    27.6050 0.0000e+00
       2254    428.705     5.6498   3.424961    35.0100    27.6049 0.0000e+00
       2255    428.685     5.6502   3.424987    35.0099    27.6048 0.0000e+00
       2256    428.664     5.6506   3.425023    35.0099    27.6047 0.0000e+00
