Datasets/Test_Dataset_39219_tow/tel219_2021_029.cnv
* Sea-Bird SBE19plus Data File:
* Filename = C:/AQUIRE/tel219_2021_029.hex
* Software Version AquireV2 AF V2.0
* Temperature SN =  4020
* Conductivity SN =  4020
* System UpLoad Time = May 09 2021 09:27:05
** VESSEL/TRIP/SEQ STN: tel219_2021_029
** LATITUDE: 45 54.07 N
** LONGITUDE: 57 06.82 W
** DATE/TIME: 2021-05-09 08:24
** SOUNDING DEPTH (M): 0396
** PROBE TYPE: S4020
** CTD NUMBER:  29
** FORMAT: T
** COMMENTS: 
# nquan = 7                                 
# nvalues = 3827                        
# units = specified
# name 0 = scan: Scan Count
# name 1 = prdM: Pressure, Strain Gauge [db]
# name 2 = tv290C: Temperature [ITS-90, deg C]
# name 3 = c0S/m: Conductivity [S/m]
# name 4 = sal00: Salinity, Practical [PSU]
# name 5 = sigma-t00: Density [sigma-t, kg/m^3 ]
# name 6 = flag: flag
# span 0 =          1,       3827       
# span 1 =     -0.573,    396.208       
# span 2 =     1.0217,     9.4619       
# span 3 =   0.003434,   3.779262       
# span 4 =     0.0252,    35.1567       
# span 5 =    -0.0271,    27.5725       
# span 6 = 0.0000e+00, 0.0000e+00       
# interval = seconds: 1
# start_time = May 09 2021 08:24:29 [Instrument's time stamp, header]
# bad_flag = -9.990e-29
*END*
[from data line 1026]
       1027      0.256     3.6921   3.013645    32.4389    25.7788 0.0000e+00
       1028      0.342     3.7418   3.014904    32.4044    25.7466 0.0000e+00
       1029      0.417     3.7592   3.016291    32.4035    25.7443 0.0000e+00
       1030      0.447     3.7321   3.014108    32.4045    25.7477 0.0000e+00
       1031      0.451     3.7001   3.011760    32.4084    25.7538 0.0000e+00
       1032      0.464     3.7053   3.013372    32.4224    25.7644 0.0000e+00
       1033      0.470     3.7192   3.012043    32.3928    25.7396 0.0000e+00
       1034      0.438     3.7002   3.006614    32.3471    25.7050 0.0000e+00
       1035      0.414     3.6795   3.004789    32.3460    25.7061 0.0000e+00
       1036      0.443     3.6854   3.006201    32.3569    25.7142 0.0000e+00
       1037      0.479     3.6830   3.005927    32.3560    25.7137 0.0000e+00
       1038      0.472     3.6592   3.004404    32.3616    25.7204 0.0000e+00
       1039      0.431     3.6393   3.003917    32.3756    25.7334 0.0000e+00
       1040      0.383     3.6368   3.004189    32.3813    25.7382 0.0000e+00
       1041      0.368     3.6594   3.004539    32.3630    25.7215 0.0000e+00
       1042      0.411     3.7001   3.004420    32.3211    25.6844 0.0000e+00
       1043      0.475     3.7292   3.002930    32.2745    25.6445 0.0000e+00
       1044      0.500     3.7256   3.002079    32.2680    25.6397 0.0000e+00
       1045      0.452     3.6910   3.001129    32.2910    25.6612 0.0000e+00
       1046      0.370     3.6476   2.998242    32.2998    25.6723 0.0000e+00
       1047      0.334     3.6195   2.996557    32.3076    25.6811 0.0000e+00
       1048      0.367     3.6097   2.997135    32.3242    25.6953 0.0000e+00
       1049      0.433     3.6083   2.998682    32.3440    25.7112 0.0000e+00
       1050      0.491     3.6078   2.999453    32.3537    25.7189 0.0000e+00
       1051      0.528     3.6053   2.997462    32.3324    25.7022 0.0000e+00
       1052      0.568     3.6012   2.994671    32.3032    25.6793 0.0000e+00
       1053      0.627     3.5971   2.993801    32.2969    25.6747 0.0000e+00
       1054      0.702     3.5945   2.994023    32.3021    25.6790 0.0000e+00
       1055      0.789     3.5926   2.993981    32.3034    25.6803 0.0000e+00
       1056      0.845     3.5903   2.993536    32.3004    25.6781 0.0000e+00
       1057      0.842     3.5888   2.993398    32.3002    25.6781 0.0000e+00
       1058      0.805     3.5894   2.994064    32.3076    25.6839 0.0000e+00
       1059      0.767     3.5933   2.993844    32.3011    25.6784 0.0000e+00
       1060      0.769     3.5994   2.992942    32.2843    25.6644 0.0000e+00
       1061      0.816     3.6020   2.993651    32.2901    25.6688 0.0000e+00
       1062      0.848     3.5983   2.994629    32.3054    25.6814 0.0000e+00
       1063      0.817     3.5929   2.994501    32.3093    25.6849 0.0000e+00
       1064      0.737     3.5914   2.994544    32.3113    25.6867 0.0000e+00
       1065      0.675     3.5965   2.995160    32.3137    25.6881 0.0000e+00
       1066      0.685     3.6065   2.995580    32.3087    25.6832 0.0000e+00
       1067      0.749     3.6145   2.995941    32.3050    25.6795 0.0000e+00
       1068      0.818     3.6164   2.996721    32.3124    25.6852 0.0000e+00
       1069      0.869     3.6148   2.997335    32.3213    25.6924 0.0000e+00
       1070      0.915     3.6116   2.996988    32.3203    25.6920 0.0000e+00
       1071      0.984     3.6053   2.995765    32.3120    25.6859 0.0000e+00
       1072      1.127     3.5998   2.994749    32.3052    25.6811 0.0000e+00
       1073      1.383     3.5989   2.994599    32.3042    25.6803 0.0000e+00
       1074      1.694     3.5972   2.994570    32.3054    25.6814 0.0000e+00
       1075      1.984     3.5916   2.993940    32.3033    25.6803 0.0000e+00
       1076      2.253     3.5863   2.993327    32.3011    25.6790 0.0000e+00
       1077      2.504     3.5835   2.993293    32.3034    25.6811 0.0000e+00
       1078      2.706     3.5831   2.993621    32.3076    25.6845 0.0000e+00
       1079      2.860     3.5846   2.994062    32.3113    25.6873 0.0000e+00
       1080      2.974     3.5870   2.994435    32.3133    25.6886 0.0000e+00
       1081      3.034     3.5891   2.994755    32.3150    25.6898 0.0000e+00
       1082      3.048     3.5918   2.995089    32.3162    25.6906 0.0000e+00
       1083      3.033     3.5948   2.995411    32.3171    25.6910 0.0000e+00
       1084      2.984     3.5956   2.995572    32.3183    25.6918 0.0000e+00
       1085      2.910     3.5956   2.995518    32.3177    25.6913 0.0000e+00
       1086      2.862     3.5998   2.995481    32.3131    25.6873 0.0000e+00
       1087      2.894     3.6064   2.995453    32.3062    25.6812 0.0000e+00
       1088      2.988     3.6102   2.995387    32.3015    25.6771 0.0000e+00
       1089      3.097     3.6113   2.995413    32.3007    25.6764 0.0000e+00
       1090      3.204     3.6104   2.995451    32.3020    25.6775 0.0000e+00
       1091      3.298     3.6048   2.995019    32.3024    25.6783 0.0000e+00
       1092      3.388     3.5957   2.994044    32.2997    25.6771 0.0000e+00
       1093      3.488     3.5881   2.993404    32.2996    25.6777 0.0000e+00
       1094      3.531     3.5848   2.993336    32.3020    25.6799 0.0000e+00
       1095      3.453     3.5844   2.993409    32.3034    25.6810 0.0000e+00
       1096      3.324     3.5847   2.993494    32.3041    25.6816 0.0000e+00
       1097      3.253     3.5852   2.993538    32.3042    25.6816 0.0000e+00
       1098      3.240     3.5856   2.993564    32.3041    25.6815 0.0000e+00
       1099      3.219     3.5860   2.993669    32.3050    25.6821 0.0000e+00
       1100      3.162     3.5867   2.993840    32.3064    25.6832 0.0000e+00
       1101      3.077     3.5871   2.993817    32.3057    25.6826 0.0000e+00
       1102      2.967     3.5863   2.993593    32.3039    25.6813 0.0000e+00
       1103      2.842     3.5858   2.993537    32.3038    25.6812 0.0000e+00
       1104      2.760     3.5868   2.993693    32.3047    25.6818 0.0000e+00
       1105      2.770     3.5882   2.993817    32.3048    25.6818 0.0000e+00
       1106      2.839     3.5884   2.993734    32.3036    25.6808 0.0000e+00
       1107      2.887     3.5874   2.993514    32.3019    25.6796 0.0000e+00
       1108      2.875     3.5865   2.993411    32.3016    25.6794 0.0000e+00
       1109      2.810     3.5861   2.993441    32.3024    25.6801 0.0000e+00
       1110      2.710     3.5860   2.993505    32.3033    25.6808 0.0000e+00
       1111      2.590     3.5859   2.993600    32.3046    25.6818 0.0000e+00
       1112      2.453     3.5860   2.993648    32.3051    25.6823 0.0000e+00
       1113      2.299     3.5853   2.993496    32.3041    25.6815 0.0000e+00
       1114      2.155     3.5838   2.993218    32.3023    25.6802 0.0000e+00
       1115      2.064     3.5826   2.993075    32.3019    25.6800 0.0000e+00
       1116      2.036     3.5824   2.993104    32.3024    25.6804 0.0000e+00
       1117      2.031     3.5830   2.993210    32.3031    25.6809 0.0000e+00
       1118      1.983     3.5838   2.993311    32.3035    25.6812 0.0000e+00
       1119      1.867     3.5842   2.993322    32.3033    25.6810 0.0000e+00
       1120      1.742     3.5844   2.993251    32.3024    25.6802 0.0000e+00
       1121      1.680     3.5841   2.993171    32.3017    25.6797 0.0000e+00
       1122      1.648     3.5833   2.993111    32.3018    25.6799 0.0000e+00
       1123      1.580     3.5827   2.993106    32.3024    25.6804 0.0000e+00
       1124      1.475     3.5830   2.993160    32.3028    25.6807 0.0000e+00
       1125      1.359     3.5835   2.993205    32.3029    25.6807 0.0000e+00
       1126      1.278     3.5839   2.993215    32.3027    25.6805 0.0000e+00
       1127      1.283     3.5843   2.993250    32.3027    25.6805 0.0000e+00
       1128      1.345     3.5849   2.993350    32.3033    25.6809 0.0000e+00
       1129      1.394     3.5854   2.993394    32.3033    25.6808 0.0000e+00
       1130      1.401     3.5851   2.993308    32.3025    25.6803 0.0000e+00
       1131      1.353     3.5845   2.993247    32.3024    25.6802 0.0000e+00
       1132      1.235     3.5842   2.993272    32.3031    25.6808 0.0000e+00
       1133      1.061     3.5842   2.993269    32.3031    25.6808 0.0000e+00
       1134      0.907     3.5845   2.993218    32.3023    25.6801 0.0000e+00
       1135      0.874     3.5846   2.993187    32.3019    25.6798 0.0000e+00
       1136      0.960     3.5842   2.993150    32.3018    25.6797 0.0000e+00
       1137      1.058     3.5834   2.993091    32.3018    25.6798 0.0000e+00
       1138      1.094     3.5827   2.993038    32.3019    25.6799 0.0000e+00
       1139      1.059     3.5823   2.992981    32.3016    25.6798 0.0000e+00
       1140      0.978     3.5818   2.992921    32.3014    25.6797 0.0000e+00
       1141      0.881     3.5811   2.992862    32.3015    25.6798 0.0000e+00
       1142      0.810     3.5811   2.992871    32.3016    25.6799 0.0000e+00
       1143      0.853     3.5823   2.992986    32.3018    25.6799 0.0000e+00
       1144      1.016     3.5835   2.993100    32.3018    25.6799 0.0000e+00
       1145      1.126     3.5841   2.993140    32.3017    25.6797 0.0000e+00
       1146      1.038     3.5842   2.993146    32.3017    25.6797 0.0000e+00
       1147      0.832     3.5844   2.993161    32.3018    25.6797 0.0000e+00
       1148      0.673     3.5849   2.993195    32.3018    25.6797 0.0000e+00
       1149      0.617     3.5857   2.993260    32.3018    25.6796 0.0000e+00
       1150      0.625     3.5868   2.993349    32.3017    25.6795 0.0000e+00
       1151      0.611     3.5875   2.993406    32.3017    25.6794 0.0000e+00
       1152      0.553     3.5873   2.993381    32.3017    25.6794 0.0000e+00
       1153      0.502     3.5869   2.993332    32.3015    25.6793 0.0000e+00
       1154      0.432     3.5868   2.993328    32.3016    25.6793 0.0000e+00
       1155      0.352     3.5868   2.993334    32.3017    25.6794 0.0000e+00
       1156      0.360     3.5865   2.993310    32.3017    25.6795 0.0000e+00
       1157      0.422     3.5862   2.993290    32.3017    25.6795 0.0000e+00
       1158      0.419     3.5862   2.993297    32.3018    25.6796 0.0000e+00
       1159      0.350     3.5864   2.993306    32.3018    25.6795 0.0000e+00
       1160      0.318     3.5867   2.993326    32.3017    25.6795 0.0000e+00
       1161      0.406     3.5873   2.993376    32.3017    25.6794 0.0000e+00
       1162      0.558     3.5880   2.993423    32.3015    25.6791 0.0000e+00
       1163      0.671     3.5883   2.993459    32.3015    25.6792 0.0000e+00
       1164      0.741     3.5885   2.993494    32.3017    25.6793 0.0000e+00
       1165      0.839     3.5889   2.993535    32.3017    25.6793 0.0000e+00
       1166      1.015     3.5890   2.993556    32.3018    25.6793 0.0000e+00
       1167      1.204     3.5886   2.993524    32.3017    25.6793 0.0000e+00
       1168      1.352     3.5881   2.993500    32.3019    25.6794 0.0000e+00
       1169      1.513     3.5880   2.993532    32.3023    25.6798 0.0000e+00
       1170      1.738     3.5877   2.993520    32.3023    25.6798 0.0000e+00
       1171      1.996     3.5865   2.993328    32.3011    25.6790 0.0000e+00
       1172      2.283     3.5848   2.993069    32.2995    25.6779 0.0000e+00
       1173      2.630     3.5839   2.992978    32.2991    25.6777 0.0000e+00
       1174      2.980     3.5839   2.992989    32.2991    25.6776 0.0000e+00
       1175      3.248     3.5838   2.992995    32.2991    25.6777 0.0000e+00
       1176      3.423     3.5837   2.993012    32.2993    25.6778 0.0000e+00
       1177      3.591     3.5838   2.993029    32.2993    25.6778 0.0000e+00
       1178      3.871     3.5841   2.993056    32.2992    25.6777 0.0000e+00
       1179      4.254     3.5842   2.993086    32.2993    25.6778 0.0000e+00
       1180      4.642     3.5841   2.993096    32.2993    25.6778 0.0000e+00
       1181      4.971     3.5834   2.993057    32.2994    25.6779 0.0000e+00
       1182      5.159     3.5822   2.992956    32.2992    25.6779 0.0000e+00
       1183      5.187     3.5808   2.992857    32.2994    25.6782 0.0000e+00
       1184      5.146     3.5795   2.992767    32.2997    25.6785 0.0000e+00
       1185      5.119     3.5789   2.992696    32.2994    25.6784 0.0000e+00
       1186      5.171     3.5793   2.992716    32.2993    25.6782 0.0000e+00
       1187      5.346     3.5801   2.992801    32.2994    25.6782 0.0000e+00
       1188      5.644     3.5808   2.992881    32.2995    25.6782 0.0000e+00
       1189      5.972     3.5812   2.992926    32.2995    25.6782 0.0000e+00
       1190      6.192     3.5812   2.992922    32.2993    25.6780 0.0000e+00
       1191      6.314     3.5810   2.992903    32.2992    25.6780 0.0000e+00
       1192      6.481     3.5808   2.992901    32.2993    25.6781 0.0000e+00
       1193      6.743     3.5804   2.992898    32.2995    25.6783 0.0000e+00
       1194      7.069     3.5801   2.992886    32.2995    25.6783 0.0000e+00
       1195      7.449     3.5799   2.992890    32.2995    25.6784 0.0000e+00
       1196      7.840     3.5795   2.992879    32.2996    25.6785 0.0000e+00
       1197      8.161     3.5792   2.992862    32.2995    25.6784 0.0000e+00
       1198      8.390     3.5793   2.992896    32.2997    25.6786 0.0000e+00
       1199      8.587     3.5796   2.992943    32.2999    25.6787 0.0000e+00
       1200      8.829     3.5791   2.992909    32.2999    25.6787 0.0000e+00
       1201      9.120     3.5780   2.992801    32.2995    25.6785 0.0000e+00
       1202      9.382     3.5776   2.992766    32.2993    25.6784 0.0000e+00
       1203      9.541     3.5791   2.992903    32.2994    25.6783 0.0000e+00
       1204      9.629     3.5823   2.993185    32.2995    25.6781 0.0000e+00
       1205      9.769     3.5851   2.993453    32.2999    25.6782 0.0000e+00
       1206     10.009     3.5861   2.993535    32.2997    25.6780 0.0000e+00
       1207     10.239     3.5857   2.993486    32.2994    25.6777 0.0000e+00
       1208     10.329     3.5854   2.993458    32.2994    25.6777 0.0000e+00
       1209     10.327     3.5858   2.993492    32.2994    25.6777 0.0000e+00
       1210     10.377     3.5861   2.993534    32.2995    25.6778 0.0000e+00
       1211     10.525     3.5861   2.993536    32.2995    25.6777 0.0000e+00
       1212     10.723     3.5856   2.993515    32.2996    25.6779 0.0000e+00
       1213     10.918     3.5846   2.993472    32.3000    25.6783 0.0000e+00
       1214     11.104     3.5836   2.993410    32.3002    25.6785 0.0000e+00
       1215     11.313     3.5827   2.993354    32.3003    25.6787 0.0000e+00
       1216     11.537     3.5820   2.993286    32.3001    25.6786 0.0000e+00
       1217     11.717     3.5813   2.993205    32.2997    25.6783 0.0000e+00
       1218     11.869     3.5809   2.993168    32.2996    25.6783 0.0000e+00
       1219     12.078     3.5810   2.993180    32.2995    25.6782 0.0000e+00
       1220     12.371     3.5815   2.993237    32.2995    25.6782 0.0000e+00
       1221     12.719     3.5817   2.993317    32.3001    25.6786 0.0000e+00
       1222     13.086     3.5806   2.993286    32.3006    25.6792 0.0000e+00
       1223     13.444     3.5783   2.993103    32.3006    25.6793 0.0000e+00
       1224     13.798     3.5758   2.992895    32.3004    25.6794 0.0000e+00
       1225     14.167     3.5739   2.992758    32.3004    25.6796 0.0000e+00
       1226     14.543     3.5724   2.992712    32.3012    25.6804 0.0000e+00
       1227     14.900     3.5717   2.992792    32.3026    25.6816 0.0000e+00
       1228     15.234     3.5713   2.992921    32.3044    25.6830 0.0000e+00
       1229     15.563     3.5692   2.992831    32.3052    25.6839 0.0000e+00
       1230     15.920     3.5652   2.992340    32.3032    25.6826 0.0000e+00
