Datasets/Test_Dataset_39219_tow/tel219_2021_079.cnv
* Sea-Bird SBE19plus Data File:
* Filename = C:/AQUIRE/tel219_2021_079.hex
* Software Version AquireV2 AF V2.0
* Temperature SN =  4020
* Conductivity SN =  4020
* System UpLoad Time = May 16 2021 10:10:17
** VESSEL/TRIP/SEQ STN: tel219_2021_079
** LATITUDE: 45 46.38 N
** LONGITUDE: 55 48.62 W
** DATE/TIME: 2021-05-16 09:40
** SOUNDING DEPTH (M): 0054
** PROBE TYPE: S4020
** CTD NUMBER:  79
** FORMAT: T
** COMMENTS: 
# nquan = 7                                 
# nvalues = 1797                        
# units = specified
# name 0 = scan: Scan Count
# name 1 = prdM: Pressure, Strain Gauge [db]
# name 2 = tv290C: Temperature [ITS-90, deg C]
# name 3 = c0S/m: Conductivity [S/m]
# name 4 = sal00: Salinity, Practical [PSU]
# name 5 = sigma-t00: Density [sigma-t, kg/m^3 ]
# name 6 = flag: flag
# span 0 =          1,       1797       
# span 1 =      0.016,     51.134       
# span 2 =     2.7797,     5.1340       
# span 3 =   0.006144,   3.036686       
# span 4 =     0.0454,    32.2308       
# span 5 =     0.0012,    25.6050       
# span 6 = 0.0000e+00, 0.0000e+00       
# interval = seconds: 1
# start_time = May 16 2021 09:40:28 [Instrument's time stamp, header]
# bad_flag = -9.990e-29
*END*
[from data line 616]
        617     50.835     2.8182   2.916424    32.1154    25.5981 0.0000e+00
        618     50.825     2.8190   2.916495    32.1155    25.5981 0.0000e+00
        619     50.820     2.8195   2.916505    32.1151    25.5978 0.0000e+00
        620     50.807     2.8199   2.916544    32.1152    25.5978 0.0000e+00
        621     50.789     2.8200   2.916562    32.1153    25.5979 0.0000e+00
        622     50.779     2.8198   2.916530    32.1152    25.5978 0.0000e+00
        623     50.781     2.8196   2.916515    32.1152    25.5978 0.0000e+00
        624     50.794     2.8190   2.916469    32.1152    25.5979 0.0000e+00
        625     50.810     2.8181   2.916375    32.1150    25.5978 0.0000e+00
        626     50.819     2.8174   2.916327    32.1151    25.5979 0.0000e+00
        627     50.818     2.8164   2.916242    32.1150    25.5980 0.0000e+00
        628     50.814     2.8159   2.916170    32.1147    25.5977 0.0000e+00
        629     50.812     2.8163   2.916252    32.1153    25.5981 0.0000e+00
        630     50.812     2.8161   2.916249    32.1154    25.5983 0.0000e+00
        631     50.804     2.8146   2.916070    32.1148    25.5979 0.0000e+00
        632     50.790     2.8136   2.915968    32.1145    25.5978 0.0000e+00
        633     50.788     2.8145   2.916072    32.1149    25.5980 0.0000e+00
        634     50.801     2.8169   2.916297    32.1152    25.5981 0.0000e+00
        635     50.815     2.8190   2.916488    32.1154    25.5981 0.0000e+00
        636     50.820     2.8201   2.916574    32.1154    25.5979 0.0000e+00
        637     50.821     2.8205   2.916594    32.1152    25.5978 0.0000e+00
        638     50.824     2.8206   2.916604    32.1152    25.5978 0.0000e+00
        639     50.834     2.8205   2.916602    32.1153    25.5978 0.0000e+00
        640     50.846     2.8206   2.916595    32.1151    25.5977 0.0000e+00
        641     50.851     2.8210   2.916628    32.1151    25.5976 0.0000e+00
        642     50.849     2.8216   2.916689    32.1153    25.5977 0.0000e+00
        643     50.850     2.8221   2.916734    32.1153    25.5977 0.0000e+00
        644     50.855     2.8225   2.916769    32.1153    25.5977 0.0000e+00
        645     50.861     2.8230   2.916804    32.1152    25.5976 0.0000e+00
        646     50.872     2.8232   2.916817    32.1152    25.5975 0.0000e+00
        647     50.886     2.8234   2.916825    32.1151    25.5974 0.0000e+00
        648     50.897     2.8236   2.916849    32.1152    25.5975 0.0000e+00
        649     50.905     2.8234   2.916819    32.1150    25.5974 0.0000e+00
        650     50.908     2.8227   2.916733    32.1147    25.5971 0.0000e+00
        651     50.911     2.8221   2.916699    32.1148    25.5973 0.0000e+00
        652     50.919     2.8217   2.916689    32.1151    25.5976 0.0000e+00
        653     50.928     2.8213   2.916639    32.1149    25.5975 0.0000e+00
        654     50.933     2.8207   2.916577    32.1148    25.5974 0.0000e+00
        655     50.933     2.8207   2.916578    32.1148    25.5974 0.0000e+00
        656     50.933     2.8213   2.916641    32.1149    25.5975 0.0000e+00
        657     50.938     2.8221   2.916718    32.1151    25.5975 0.0000e+00
        658     50.947     2.8231   2.916807    32.1151    25.5975 0.0000e+00
        659     50.951     2.8240   2.916881    32.1151    25.5974 0.0000e+00
        660     50.949     2.8251   2.916964    32.1150    25.5972 0.0000e+00
        661     50.948     2.8266   2.917090    32.1151    25.5972 0.0000e+00
        662     50.947     2.8278   2.917212    32.1154    25.5973 0.0000e+00
        663     50.943     2.8288   2.917288    32.1153    25.5971 0.0000e+00
        664     50.934     2.8295   2.917339    32.1152    25.5970 0.0000e+00
        665     50.924     2.8300   2.917394    32.1154    25.5971 0.0000e+00
        666     50.924     2.8303   2.917420    32.1154    25.5971 0.0000e+00
        667     50.936     2.8304   2.917416    32.1152    25.5970 0.0000e+00
        668     50.954     2.8305   2.917427    32.1153    25.5970 0.0000e+00
        669     50.966     2.8305   2.917427    32.1153    25.5970 0.0000e+00
        670     50.970     2.8303   2.917410    32.1153    25.5970 0.0000e+00
        671     50.975     2.8303   2.917419    32.1154    25.5971 0.0000e+00
        672     50.983     2.8304   2.917437    32.1155    25.5972 0.0000e+00
        673     50.989     2.8306   2.917449    32.1154    25.5971 0.0000e+00
        674     50.991     2.8310   2.917477    32.1154    25.5970 0.0000e+00
        675     50.994     2.8316   2.917525    32.1153    25.5969 0.0000e+00
        676     50.999     2.8329   2.917633    32.1154    25.5968 0.0000e+00
        677     51.004     2.8350   2.917839    32.1158    25.5970 0.0000e+00
        678     51.012     2.8369   2.918009    32.1159    25.5970 0.0000e+00
        679     51.024     2.8376   2.918039    32.1156    25.5966 0.0000e+00
        680     51.036     2.8373   2.918013    32.1155    25.5966 0.0000e+00
        681     51.043     2.8369   2.917979    32.1155    25.5967 0.0000e+00
        682     51.042     2.8369   2.917973    32.1155    25.5966 0.0000e+00
        683     51.033     2.8373   2.918014    32.1156    25.5967 0.0000e+00
        684     51.019     2.8380   2.918066    32.1155    25.5965 0.0000e+00
        685     51.004     2.8384   2.918110    32.1156    25.5966 0.0000e+00
        686     50.997     2.8388   2.918156    32.1158    25.5967 0.0000e+00
        687     51.003     2.8389   2.918168    32.1158    25.5968 0.0000e+00
        688     51.015     2.8384   2.918111    32.1157    25.5966 0.0000e+00
        689     51.019     2.8376   2.918027    32.1154    25.5965 0.0000e+00
        690     51.013     2.8369   2.917954    32.1152    25.5964 0.0000e+00
        691     51.005     2.8371   2.917988    32.1155    25.5966 0.0000e+00
        692     51.002     2.8382   2.918124    32.1160    25.5969 0.0000e+00
        693     51.003     2.8388   2.918170    32.1160    25.5969 0.0000e+00
        694     51.003     2.8390   2.918147    32.1155    25.5965 0.0000e+00
        695     50.999     2.8399   2.918236    32.1157    25.5965 0.0000e+00
        696     50.990     2.8415   2.918406    32.1161    25.5968 0.0000e+00
        697     50.982     2.8429   2.918517    32.1161    25.5966 0.0000e+00
        698     50.985     2.8434   2.918537    32.1158    25.5964 0.0000e+00
        699     50.995     2.8433   2.918516    32.1157    25.5963 0.0000e+00
        700     50.998     2.8430   2.918494    32.1157    25.5963 0.0000e+00
        701     50.991     2.8428   2.918479    32.1157    25.5963 0.0000e+00
        702     50.984     2.8423   2.918439    32.1158    25.5964 0.0000e+00
        703     50.984     2.8415   2.918359    32.1156    25.5963 0.0000e+00
        704     50.990     2.8407   2.918284    32.1155    25.5963 0.0000e+00
        705     50.996     2.8405   2.918256    32.1153    25.5962 0.0000e+00
        706     50.995     2.8413   2.918323    32.1153    25.5961 0.0000e+00
        707     50.990     2.8427   2.918474    32.1158    25.5964 0.0000e+00
        708     50.989     2.8445   2.918642    32.1160    25.5964 0.0000e+00
        709     50.994     2.8464   2.918813    32.1162    25.5964 0.0000e+00
        710     51.003     2.8479   2.918945    32.1163    25.5964 0.0000e+00
        711     51.012     2.8478   2.918926    32.1162    25.5963 0.0000e+00
        712     51.015     2.8461   2.918731    32.1155    25.5959 0.0000e+00
        713     51.013     2.8440   2.918532    32.1152    25.5958 0.0000e+00
        714     51.006     2.8427   2.918448    32.1155    25.5961 0.0000e+00
        715     50.994     2.8427   2.918458    32.1156    25.5962 0.0000e+00
        716     50.983     2.8432   2.918525    32.1159    25.5964 0.0000e+00
        717     50.980     2.8437   2.918560    32.1158    25.5963 0.0000e+00
        718     50.979     2.8449   2.918643    32.1156    25.5961 0.0000e+00
        719     50.977     2.8466   2.918816    32.1160    25.5963 0.0000e+00
        720     50.975     2.8483   2.918945    32.1159    25.5960 0.0000e+00
        721     50.972     2.8495   2.919035    32.1158    25.5958 0.0000e+00
        722     50.967     2.8507   2.919150    32.1160    25.5959 0.0000e+00
        723     50.962     2.8516   2.919235    32.1161    25.5959 0.0000e+00
        724     50.956     2.8518   2.919257    32.1162    25.5960 0.0000e+00
        725     50.954     2.8518   2.919253    32.1162    25.5959 0.0000e+00
        726     50.958     2.8519   2.919262    32.1162    25.5959 0.0000e+00
        727     50.965     2.8522   2.919281    32.1161    25.5958 0.0000e+00
        728     50.962     2.8525   2.919306    32.1161    25.5958 0.0000e+00
        729     50.939     2.8529   2.919346    32.1162    25.5959 0.0000e+00
        730     50.902     2.8536   2.919399    32.1162    25.5958 0.0000e+00
        731     50.865     2.8544   2.919471    32.1163    25.5958 0.0000e+00
        732     50.841     2.8553   2.919559    32.1164    25.5959 0.0000e+00
        733     50.834     2.8562   2.919643    32.1166    25.5959 0.0000e+00
        734     50.835     2.8567   2.919701    32.1168    25.5960 0.0000e+00
        735     50.835     2.8570   2.919707    32.1165    25.5958 0.0000e+00
        736     50.832     2.8572   2.919717    32.1165    25.5957 0.0000e+00
        737     50.826     2.8578   2.919778    32.1166    25.5958 0.0000e+00
        738     50.814     2.8583   2.919828    32.1167    25.5958 0.0000e+00
        739     50.798     2.8583   2.919821    32.1166    25.5958 0.0000e+00
        740     50.786     2.8582   2.919796    32.1164    25.5956 0.0000e+00
        741     50.778     2.8581   2.919793    32.1165    25.5957 0.0000e+00
        742     50.767     2.8579   2.919788    32.1167    25.5958 0.0000e+00
        743     50.750     2.8579   2.919785    32.1166    25.5958 0.0000e+00
        744     50.730     2.8584   2.919837    32.1168    25.5959 0.0000e+00
        745     50.715     2.8589   2.919889    32.1169    25.5959 0.0000e+00
        746     50.706     2.8587   2.919854    32.1167    25.5958 0.0000e+00
        747     50.694     2.8581   2.919785    32.1165    25.5957 0.0000e+00
        748     50.671     2.8572   2.919707    32.1164    25.5957 0.0000e+00
        749     50.640     2.8569   2.919651    32.1161    25.5954 0.0000e+00
        750     50.613     2.8579   2.919755    32.1163    25.5956 0.0000e+00
        751     50.600     2.8596   2.919937    32.1169    25.5958 0.0000e+00
        752     50.599     2.8609   2.920053    32.1170    25.5958 0.0000e+00
        753     50.599     2.8621   2.920149    32.1169    25.5957 0.0000e+00
        754     50.592     2.8628   2.920212    32.1170    25.5957 0.0000e+00
        755     50.579     2.8635   2.920243    32.1167    25.5954 0.0000e+00
        756     50.570     2.8647   2.920365    32.1170    25.5955 0.0000e+00
        757     50.571     2.8666   2.920561    32.1175    25.5957 0.0000e+00
        758     50.579     2.8682   2.920695    32.1175    25.5956 0.0000e+00
        759     50.578     2.8687   2.920722    32.1173    25.5954 0.0000e+00
        760     50.561     2.8682   2.920667    32.1171    25.5954 0.0000e+00
        761     50.536     2.8675   2.920585    32.1169    25.5952 0.0000e+00
        762     50.519     2.8668   2.920531    32.1169    25.5953 0.0000e+00
        763     50.522     2.8659   2.920463    32.1170    25.5954 0.0000e+00
        764     50.540     2.8651   2.920387    32.1169    25.5954 0.0000e+00
        765     50.553     2.8655   2.920409    32.1167    25.5952 0.0000e+00
        766     50.554     2.8674   2.920597    32.1171    25.5954 0.0000e+00
        767     50.553     2.8695   2.920794    32.1174    25.5955 0.0000e+00
        768     50.557     2.8710   2.920892    32.1171    25.5951 0.0000e+00
        769     50.564     2.8724   2.921039    32.1175    25.5953 0.0000e+00
        770     50.570     2.8735   2.921160    32.1178    25.5955 0.0000e+00
        771     50.576     2.8739   2.921177    32.1176    25.5953 0.0000e+00
        772     50.582     2.8737   2.921165    32.1177    25.5953 0.0000e+00
        773     50.584     2.8733   2.921130    32.1177    25.5953 0.0000e+00
        774     50.579     2.8730   2.921098    32.1176    25.5953 0.0000e+00
        775     50.572     2.8729   2.921097    32.1177    25.5954 0.0000e+00
        776     50.573     2.8728   2.921092    32.1177    25.5954 0.0000e+00
        777     50.580     2.8726   2.921069    32.1176    25.5954 0.0000e+00
        778     50.585     2.8725   2.921077    32.1178    25.5955 0.0000e+00
        779     50.581     2.8724   2.921079    32.1179    25.5956 0.0000e+00
        780     50.570     2.8724   2.921066    32.1178    25.5955 0.0000e+00
        781     50.561     2.8729   2.921106    32.1178    25.5955 0.0000e+00
        782     50.558     2.8738   2.921195    32.1180    25.5955 0.0000e+00
        783     50.560     2.8749   2.921299    32.1181    25.5956 0.0000e+00
        784     50.560     2.8761   2.921406    32.1182    25.5956 0.0000e+00
        785     50.557     2.8772   2.921495    32.1182    25.5955 0.0000e+00
        786     50.554     2.8780   2.921559    32.1182    25.5954 0.0000e+00
        787     50.552     2.8785   2.921617    32.1184    25.5955 0.0000e+00
        788     50.554     2.8790   2.921652    32.1183    25.5954 0.0000e+00
        789     50.559     2.8792   2.921658    32.1182    25.5953 0.0000e+00
        790     50.558     2.8795   2.921679    32.1181    25.5952 0.0000e+00
        791     50.550     2.8797   2.921714    32.1184    25.5954 0.0000e+00
        792     50.542     2.8799   2.921737    32.1185    25.5954 0.0000e+00
        793     50.538     2.8804   2.921774    32.1184    25.5954 0.0000e+00
        794     50.534     2.8811   2.921845    32.1186    25.5954 0.0000e+00
        795     50.528     2.8819   2.921911    32.1186    25.5954 0.0000e+00
        796     50.522     2.8822   2.921934    32.1186    25.5953 0.0000e+00
        797     50.521     2.8820   2.921921    32.1186    25.5954 0.0000e+00
        798     50.527     2.8818   2.921913    32.1187    25.5955 0.0000e+00
        799     50.538     2.8811   2.921848    32.1186    25.5955 0.0000e+00
        800     50.549     2.8795   2.921664    32.1180    25.5951 0.0000e+00
        801     50.558     2.8777   2.921476    32.1175    25.5948 0.0000e+00
        802     50.567     2.8773   2.921463    32.1177    25.5951 0.0000e+00
        803     50.577     2.8781   2.921600    32.1186    25.5957 0.0000e+00
        804     50.589     2.8780   2.921593    32.1186    25.5957 0.0000e+00
        805     50.598     2.8771   2.921444    32.1177    25.5950 0.0000e+00
        806     50.604     2.8777   2.921518    32.1180    25.5952 0.0000e+00
        807     50.611     2.8803   2.921816    32.1190    25.5958 0.0000e+00
        808     50.614     2.8828   2.922042    32.1192    25.5958 0.0000e+00
        809     50.612     2.8843   2.922150    32.1190    25.5955 0.0000e+00
        810     50.608     2.8849   2.922192    32.1189    25.5954 0.0000e+00
        811     50.611     2.8848   2.922174    32.1188    25.5953 0.0000e+00
        812     50.622     2.8847   2.922163    32.1188    25.5953 0.0000e+00
        813     50.636     2.8849   2.922192    32.1189    25.5954 0.0000e+00
        814     50.643     2.8855   2.922236    32.1189    25.5953 0.0000e+00
        815     50.639     2.8861   2.922289    32.1189    25.5953 0.0000e+00
        816     50.629     2.8868   2.922362    32.1191    25.5954 0.0000e+00
        817     50.626     2.8876   2.922441    32.1193    25.5954 0.0000e+00
        818     50.637     2.8884   2.922502    32.1192    25.5953 0.0000e+00
        819     50.655     2.8893   2.922588    32.1193    25.5954 0.0000e+00
        820     50.666     2.8902   2.922688    32.1196    25.5955 0.0000e+00
