Datasets/Test_Dataset_39219_tow/tel219_2021_080.cnv
* Sea-Bird SBE19plus Data File:
* Filename = C:/AQUIRE/tel219_2021_080.hex
* Software Version AquireV2 AF V2.0
* Temperature SN =  4020
* Conductivity SN =  4020
* System UpLoad Time = May 16 2021 12:27:46
** VESSEL/TRIP/SEQ STN: tel219_2021_080
** LATITUDE: 45 48.49 N
** LONGITUDE: 56 14.56 W
** DATE/TIME: 2021-05-16 11:52
** SOUNDING DEPTH (M): 0054
** PROBE TYPE: S4020
** CTD NUMBER:  80
** FORMAT: T
** COMMENTS: 
# nquan = 7                                 
# nvalues = 2174                        
# units = specified
# name 0 = scan: Scan Count
# name 1 = prdM: Pressure, Strain Gauge [db]
# name 2 = tv290C: Temperature [ITS-90, deg C]
# name 3 = c0S/m: Conductivity [S/m]
# name 4 = sal00: Salinity, Practical [PSU]
# name 5 = sigma-t00: Density [sigma-t, kg/m^3 ]
# name 6 = flag: flag
# span 0 =          1,       2174       
# span 1 =     -0.001,     51.652       
# span 2 =     3.6295,     5.2634       
# span 3 =   0.008625,   3.067058       
# span 4 =     0.0640,    32.3559       
# span 5 =     0.0135,    25.7138       
# span 6 = 0.0000e+00, 0.0000e+00       
# interval = seconds: 1
# start_time = May 16 2021 11:52:35 [Instrument's time stamp, header]
# bad_flag = -9.990e-29
*END*
[from data line 2052]
       2053      0.008     4.5104   0.055930     0.4503     0.3349 0.0000e+00
       2054      0.012     4.5116   0.056007     0.4510     0.3354 0.0000e+00
       2055      0.015     4.5142   0.056135     0.4520     0.3362 0.0000e+00
       2056      0.017     4.5170   0.056030     0.4511     0.3354 0.0000e+00
       2057      0.019     4.5187   0.055684     0.4482     0.3331 0.0000e+00
       2058      0.020     4.5193   0.055394     0.4457     0.3311 0.0000e+00
       2059      0.019     4.5194   0.055356     0.4454     0.3308 0.0000e+00
       2060      0.016     4.5193   0.055320     0.4451     0.3306 0.0000e+00
       2061      0.015     4.5191   0.054841     0.4411     0.3274 0.0000e+00
       2062      0.018     4.5191   0.053926     0.4334     0.3212 0.0000e+00
       2063      0.020     4.5193   0.053220     0.4275     0.3165 0.0000e+00
       2064      0.018     4.5200   0.053170     0.4271     0.3161 0.0000e+00
       2065      0.015     4.5214   0.053397     0.4290     0.3176 0.0000e+00
       2066      0.014     4.5233   0.053253     0.4278     0.3166 0.0000e+00
       2067      0.014     4.5251   0.052509     0.4215     0.3116 0.0000e+00
       2068      0.011     4.5260   0.051531     0.4133     0.3050 0.0000e+00
       2069      0.008     4.5260   0.051001     0.4089     0.3015 0.0000e+00
       2070      0.009     4.5259   0.051100     0.4097     0.3021 0.0000e+00
       2071      0.010     4.5260   0.051285     0.4113     0.3034 0.0000e+00
       2072      0.010     4.5266   0.050921     0.4082     0.3009 0.0000e+00
       2073      0.012     4.5275   0.049880     0.3995     0.2939 0.0000e+00
       2074      0.015     4.5286   0.048887     0.3913     0.2873 0.0000e+00
       2075      0.017     4.5296   0.048870     0.3911     0.2871 0.0000e+00
       2076      0.017     4.5307   0.049590     0.3971     0.2919 0.0000e+00
       2077      0.016     4.5325   0.049921     0.3998     0.2941 0.0000e+00
       2078      0.016     4.5355   0.049209     0.3939     0.2893 0.0000e+00
       2079      0.015     4.5389   0.047804     0.3821     0.2798 0.0000e+00
       2080      0.013     4.5410   0.046880     0.3744     0.2736 0.0000e+00
       2081      0.012     4.5416   0.047260     0.3776     0.2762 0.0000e+00
       2082      0.011     4.5416   0.048217     0.3855     0.2825 0.0000e+00
       2083      0.012     4.5427   0.048424     0.3872     0.2839 0.0000e+00
       2084      0.013     4.5454   0.047526     0.3797     0.2779 0.0000e+00
       2085      0.014     4.5474   0.046299     0.3695     0.2696 0.0000e+00
       2086      0.015     4.5475   0.045886     0.3661     0.2669 0.0000e+00
       2087      0.015     4.5468   0.046385     0.3702     0.2702 0.0000e+00
       2088      0.016     4.5466   0.046771     0.3735     0.2728 0.0000e+00
       2089      0.015     4.5476   0.046439     0.3707     0.2706 0.0000e+00
       2090      0.014     4.5488   0.045626     0.3639     0.2651 0.0000e+00
       2091      0.013     4.5492   0.044904     0.3579     0.2603 0.0000e+00
       2092      0.013     4.5488   0.044643     0.3558     0.2586 0.0000e+00
       2093      0.015     4.5486   0.044588     0.3553     0.2582 0.0000e+00
       2094      0.016     4.5502   0.044328     0.3532     0.2565 0.0000e+00
       2095      0.016     4.5532   0.043862     0.3493     0.2533 0.0000e+00
       2096      0.015     4.5549   0.043390     0.3453     0.2501 0.0000e+00
       2097      0.013     4.5545   0.042983     0.3420     0.2474 0.0000e+00
       2098      0.011     4.5541   0.042658     0.3393     0.2453 0.0000e+00
       2099      0.013     4.5548   0.042431     0.3374     0.2438 0.0000e+00
       2100      0.013     4.5566   0.042184     0.3354     0.2421 0.0000e+00
       2101      0.013     4.5587   0.041805     0.3322     0.2395 0.0000e+00
       2102      0.015     4.5594   0.041462     0.3294     0.2373 0.0000e+00
       2103      0.013     4.5587   0.041331     0.3283     0.2364 0.0000e+00
       2104      0.010     4.5582   0.041242     0.3276     0.2358 0.0000e+00
       2105      0.009     4.5589   0.040969     0.3253     0.2340 0.0000e+00
       2106      0.008     4.5612   0.040546     0.3218     0.2312 0.0000e+00
       2107      0.008     4.5637   0.040222     0.3191     0.2290 0.0000e+00
       2108      0.008     4.5644   0.040154     0.3185     0.2285 0.0000e+00
       2109      0.011     4.5636   0.040185     0.3188     0.2287 0.0000e+00
       2110      0.012     4.5632   0.040065     0.3178     0.2279 0.0000e+00
       2111      0.010     4.5637   0.039737     0.3151     0.2258 0.0000e+00
       2112      0.009     4.5641   0.039371     0.3121     0.2233 0.0000e+00
       2113      0.008     4.5640   0.039198     0.3107     0.2222 0.0000e+00
       2114      0.005     4.5644   0.039260     0.3112     0.2226 0.0000e+00
       2115      0.002     4.5654   0.039334     0.3118     0.2231 0.0000e+00
       2116      0.002     4.5661   0.039216     0.3108     0.2223 0.0000e+00
       2117      0.005     4.5662   0.038917     0.3083     0.2203 0.0000e+00
       2118      0.010     4.5662   0.038586     0.3056     0.2181 0.0000e+00
       2119      0.013     4.5663   0.038403     0.3041     0.2169 0.0000e+00
       2120      0.013     4.5667   0.038401     0.3041     0.2169 0.0000e+00
       2121      0.012     4.5675   0.038406     0.3041     0.2169 0.0000e+00
       2122      0.010     4.5679   0.038315     0.3034     0.2163 0.0000e+00
       2123      0.008     4.5674   0.038181     0.3023     0.2154 0.0000e+00
       2124      0.007     4.5666   0.038030     0.3010     0.2144 0.0000e+00
       2125      0.007     4.5660   0.037865     0.2997     0.2133 0.0000e+00
       2126      0.009     4.5656   0.037739     0.2986     0.2125 0.0000e+00
       2127      0.009     4.5658   0.037680     0.2982     0.2121 0.0000e+00
       2128      0.007     4.5664   0.037635     0.2978     0.2118 0.0000e+00
       2129      0.008     4.5672   0.037548     0.2971     0.2112 0.0000e+00
       2130      0.009     4.5683   0.037484     0.2965     0.2108 0.0000e+00
       2131      0.008     4.5693   0.037708     0.2984     0.2123 0.0000e+00
       2132      0.007     4.5698   0.038060     0.3012     0.2146 0.0000e+00
       2133      0.007     4.5698   0.038273     0.3030     0.2160 0.0000e+00
       2134      0.008     4.5695   0.038630     0.3059     0.2183 0.0000e+00
       2135      0.006     4.5699   0.039366     0.3120     0.2232 0.0000e+00
       2136      0.003     4.5710   0.040167     0.3186     0.2285 0.0000e+00
       2137      0.005     4.5724   0.040203     0.3189     0.2287 0.0000e+00
       2138      0.006     4.5738   0.039327     0.3116     0.2229 0.0000e+00
       2139      0.004     4.5746   0.038261     0.3029     0.2158 0.0000e+00
       2140      0.004     4.5746   0.037633     0.2977     0.2117 0.0000e+00
       2141      0.008     4.5742   0.037447     0.2962     0.2104 0.0000e+00
       2142      0.012     4.5739   0.037165     0.2939     0.2086 0.0000e+00
       2143      0.010     4.5736   0.036521     0.2886     0.2044 0.0000e+00
       2144      0.003     4.5733   0.036023     0.2845     0.2011 0.0000e+00
       2145      0.001     4.5736   0.037376     0.2956     0.2100 0.0000e+00
       2146      0.004     4.5747   0.041943     0.3332     0.2402 0.0000e+00
       2147      0.004     4.5762   0.046121     0.3677     0.2679 0.0000e+00
       2148      0.001     4.5769   0.046004     0.3668     0.2671 0.0000e+00
       2149     -0.001     4.5770   0.044114     0.3511     0.2545 0.0000e+00
       2150     -0.000     4.5772   0.042905     0.3411     0.2465 0.0000e+00
       2151     -0.000     4.5776   0.041844     0.3323     0.2395 0.0000e+00
       2152      0.001     4.5778   0.040466     0.3210     0.2303 0.0000e+00
       2153      0.003     4.5780   0.038971     0.3087     0.2204 0.0000e+00
       2154      0.003     4.5782   0.038107     0.3016     0.2147 0.0000e+00
       2155      0.004     4.5785   0.037984     0.3005     0.2139 0.0000e+00
       2156      0.003     4.5791   0.037979     0.3005     0.2139 0.0000e+00
       2157      0.004     4.5794   0.037667     0.2979     0.2118 0.0000e+00
       2158      0.007     4.5797   0.037052     0.2929     0.2077 0.0000e+00
       2159      0.009     4.5799   0.036459     0.2880     0.2038 0.0000e+00
       2160      0.009     4.5802   0.036071     0.2848     0.2013 0.0000e+00
       2161      0.006     4.5808   0.035871     0.2832     0.1999 0.0000e+00
       2162      0.003     4.5823   0.035684     0.2816     0.1987 0.0000e+00
       2163      0.002     4.5847   0.034772     0.2742     0.1926 0.0000e+00
       2164      0.002     4.5880   0.033220     0.2614     0.1824 0.0000e+00
       2165      0.001     4.5913   0.032185     0.2530     0.1756 0.0000e+00
       2166      0.001     4.5944   0.031770     0.2496     0.1728 0.0000e+00
       2167      0.001     4.5982   0.031511     0.2474     0.1710 0.0000e+00
       2168      0.001     4.6029   0.031327     0.2459     0.1698 0.0000e+00
       2169      0.000     4.6077   0.031101     0.2440     0.1682 0.0000e+00
       2170      0.000     4.6111   0.030803     0.2416     0.1662 0.0000e+00
       2171      0.003     4.6134   0.030519     0.2392     0.1643 0.0000e+00
       2172      0.007     4.6155   0.030241     0.2370     0.1625 0.0000e+00
       2173      0.010     4.6172   0.029942     0.2345     0.1605 0.0000e+00
       2174      0.011 -9.990e-29   0.029724 -9.990e-29 -9.990e-29 0.0000e+00
