Datasets/Test_Dataset_39219_tow/tel219_2021_067.cnv
* Sea-Bird SBE19plus Data File:
* Filename = C:/AQUIRE/tel219_2021_067.hex
* Software Version AquireV2 AF V2.0
* Temperature SN =  4020
* Conductivity SN =  4020
* System UpLoad Time = May 15 2021 03:04:49
** VESSEL/TRIP/SEQ STN: tel219_2021_067
** LATITUDE: 45 32.98 N
** LONGITUDE: 54 26.70 W
** DATE/TIME: 2021-05-15 02:28
** SOUNDING DEPTH (M): 0086
** PROBE TYPE: S4020
** CTD NUMBER:  67
** FORMAT: T
** COMMENTS: 
# nquan = 7                                 
# nvalues = 2215                        
# units = specified
# name 0 = scan: Scan Count
# name 1 = prdM: Pressure, Strain Gauge [db]
# name 2 = tv290C: Temperature [ITS-90, deg C]
# name 3 = c0S/m: Conductivity [S/m]
# name 4 = sal00: Salinity, Practical [PSU]
# name 5 = sigma-t00: Density [sigma-t, kg/m^3 ]
# name 6 = flag: flag
# span 0 =          1,       2215       
# span 1 =     -0.066,     80.007       
# span 2 =     0.2861,     4.4038       
# span 3 =   0.006908,   3.009475       
# span 4 =     0.0520,    32.7796       
# span 5 =     0.0156,    26.2994       
# span 6 = 0.0000e+00, 0.0000e+00       
# interval = seconds: 1
# start_time = May 15 2021 02:28:51 [Instrument's time stamp, header]
# bad_flag = -9.990e-29
*END*
[from data line 616]
        617     79.962     0.2862   2.762575    32.7747    26.2960 0.0000e+00
        618     79.980     0.2865   2.762601    32.7747    26.2960 0.0000e+00
        619     79.989     0.2870   2.762619    32.7744    26.2957 0.0000e+00
        620     79.996     0.2875   2.762648    32.7743    26.2955 0.0000e+00
        621     80.003     0.2881   2.762691    32.7742    26.2954 0.0000e+00
        622     80.007     0.2884   2.762703    32.7740    26.2953 0.0000e+00
        623     80.006     0.2884   2.762680    32.7737    26.2950 0.0000e+00
        624     79.999     0.2885   2.762687    32.7737    26.2950 0.0000e+00
        625     79.980     0.2888   2.762725    32.7739    26.2952 0.0000e+00
        626     79.948     0.2889   2.762734    32.7739    26.2952 0.0000e+00
        627     79.910     0.2886   2.762705    32.7739    26.2952 0.0000e+00
        628     79.881     0.2883   2.762666    32.7737    26.2951 0.0000e+00
        629     79.872     0.2882   2.762639    32.7735    26.2949 0.0000e+00
        630     79.879     0.2884   2.762643    32.7733    26.2947 0.0000e+00
        631     79.887     0.2889   2.762673    32.7732    26.2946 0.0000e+00
        632     79.883     0.2891   2.762704    32.7733    26.2947 0.0000e+00
        633     79.864     0.2893   2.762713    32.7733    26.2946 0.0000e+00
        634     79.841     0.2902   2.762736    32.7726    26.2941 0.0000e+00
        635     79.821     0.2921   2.762819    32.7717    26.2932 0.0000e+00
        636     79.813     0.2935   2.762900    32.7713    26.2928 0.0000e+00
        637     79.818     0.2939   2.762912    32.7710    26.2926 0.0000e+00
        638     79.825     0.2936   2.762899    32.7711    26.2927 0.0000e+00
        639     79.827     0.2932   2.762881    32.7713    26.2929 0.0000e+00
        640     79.824     0.2929   2.762875    32.7716    26.2931 0.0000e+00
        641     79.818     0.2930   2.762884    32.7716    26.2931 0.0000e+00
        642     79.813     0.2932   2.762895    32.7715    26.2930 0.0000e+00
        643     79.813     0.2928   2.762876    32.7717    26.2932 0.0000e+00
        644     79.814     0.2915   2.762798    32.7721    26.2936 0.0000e+00
        645     79.813     0.2909   2.762736    32.7719    26.2935 0.0000e+00
        646     79.811     0.2911   2.762743    32.7718    26.2933 0.0000e+00
        647     79.809     0.2911   2.762760    32.7720    26.2935 0.0000e+00
        648     79.806     0.2903   2.762722    32.7723    26.2939 0.0000e+00
        649     79.799     0.2896   2.762672    32.7724    26.2940 0.0000e+00
        650     79.791     0.2896   2.762668    32.7724    26.2939 0.0000e+00
        651     79.790     0.2905   2.762699    32.7718    26.2934 0.0000e+00
        652     79.795     0.2923   2.762769    32.7708    26.2925 0.0000e+00
        653     79.805     0.2939   2.762871    32.7705    26.2921 0.0000e+00
        654     79.813     0.2939   2.762899    32.7708    26.2924 0.0000e+00
        655     79.814     0.2928   2.762829    32.7711    26.2927 0.0000e+00
        656     79.812     0.2922   2.762780    32.7711    26.2927 0.0000e+00
        657     79.811     0.2921   2.762780    32.7712    26.2928 0.0000e+00
        658     79.812     0.2920   2.762769    32.7711    26.2928 0.0000e+00
        659     79.809     0.2919   2.762752    32.7710    26.2927 0.0000e+00
        660     79.803     0.2923   2.762765    32.7708    26.2925 0.0000e+00
        661     79.799     0.2929   2.762804    32.7707    26.2924 0.0000e+00
        662     79.799     0.2939   2.762848    32.7702    26.2919 0.0000e+00
        663     79.805     0.2945   2.762881    32.7700    26.2917 0.0000e+00
        664     79.812     0.2945   2.762887    32.7700    26.2918 0.0000e+00
        665     79.814     0.2939   2.762846    32.7701    26.2919 0.0000e+00
        666     79.815     0.2931   2.762787    32.7702    26.2920 0.0000e+00
        667     79.819     0.2929   2.762776    32.7703    26.2921 0.0000e+00
        668     79.821     0.2932   2.762803    32.7703    26.2921 0.0000e+00
        669     79.812     0.2938   2.762834    32.7701    26.2918 0.0000e+00
        670     79.798     0.2949   2.762888    32.7696    26.2914 0.0000e+00
        671     79.791     0.2957   2.762944    32.7695    26.2913 0.0000e+00
        672     79.791     0.2953   2.762924    32.7697    26.2914 0.0000e+00
        673     79.792     0.2940   2.762841    32.7700    26.2917 0.0000e+00
        674     79.795     0.2937   2.762810    32.7699    26.2917 0.0000e+00
        675     79.803     0.2941   2.762851    32.7700    26.2918 0.0000e+00
        676     79.810     0.2941   2.762888    32.7705    26.2921 0.0000e+00
        677     79.806     0.2938   2.762876    32.7706    26.2923 0.0000e+00
        678     79.795     0.2942   2.762869    32.7701    26.2919 0.0000e+00
        679     79.791     0.2950   2.762902    32.7697    26.2915 0.0000e+00
        680     79.796     0.2954   2.762918    32.7695    26.2913 0.0000e+00
        681     79.795     0.2953   2.762908    32.7695    26.2913 0.0000e+00
        682     79.782     0.2950   2.762891    32.7696    26.2914 0.0000e+00
        683     79.765     0.2947   2.762875    32.7697    26.2915 0.0000e+00
        684     79.757     0.2942   2.762842    32.7698    26.2916 0.0000e+00
        685     79.766     0.2933   2.762790    32.7701    26.2919 0.0000e+00
        686     79.781     0.2929   2.762767    32.7702    26.2920 0.0000e+00
        687     79.789     0.2936   2.762790    32.7697    26.2916 0.0000e+00
        688     79.790     0.2953   2.762863    32.7689    26.2908 0.0000e+00
        689     79.792     0.2972   2.762973    32.7683    26.2902 0.0000e+00
        690     79.797     0.2979   2.763038    32.7684    26.2903 0.0000e+00
        691     79.797     0.2971   2.763016    32.7689    26.2908 0.0000e+00
        692     79.788     0.2959   2.762960    32.7695    26.2913 0.0000e+00
        693     79.778     0.2959   2.762956    32.7695    26.2912 0.0000e+00
        694     79.775     0.2974   2.763028    32.7688    26.2906 0.0000e+00
        695     79.782     0.2991   2.763100    32.7679    26.2898 0.0000e+00
        696     79.790     0.2997   2.763132    32.7677    26.2896 0.0000e+00
        697     79.792     0.2999   2.763138    32.7676    26.2895 0.0000e+00
        698     79.791     0.3002   2.763157    32.7675    26.2894 0.0000e+00
        699     79.789     0.2999   2.763148    32.7677    26.2896 0.0000e+00
        700     79.790     0.2984   2.763053    32.7681    26.2900 0.0000e+00
        701     79.795     0.2975   2.762985    32.7681    26.2901 0.0000e+00
        702     79.800     0.2985   2.763038    32.7677    26.2897 0.0000e+00
        703     79.800     0.3004   2.763161    32.7673    26.2893 0.0000e+00
        704     79.790     0.3013   2.763228    32.7672    26.2892 0.0000e+00
        705     79.773     0.3009   2.763200    32.7673    26.2893 0.0000e+00
        706     79.763     0.3000   2.763152    32.7677    26.2896 0.0000e+00
        707     79.766     0.2988   2.763104    32.7683    26.2902 0.0000e+00
        708     79.775     0.2973   2.763028    32.7689    26.2907 0.0000e+00
        709     79.784     0.2960   2.762944    32.7692    26.2910 0.0000e+00
        710     79.789     0.2955   2.762903    32.7692    26.2910 0.0000e+00
        711     79.790     0.2960   2.762931    32.7690    26.2909 0.0000e+00
        712     79.789     0.2969   2.762984    32.7687    26.2906 0.0000e+00
        713     79.787     0.2972   2.763001    32.7687    26.2905 0.0000e+00
        714     79.786     0.2971   2.762989    32.7686    26.2905 0.0000e+00
        715     79.784     0.2964   2.762970    32.7691    26.2909 0.0000e+00
        716     79.779     0.2955   2.762921    32.7694    26.2912 0.0000e+00
        717     79.770     0.2953   2.762889    32.7692    26.2911 0.0000e+00
        718     79.765     0.2964   2.762945    32.7688    26.2907 0.0000e+00
        719     79.767     0.2984   2.763058    32.7681    26.2900 0.0000e+00
        720     79.767     0.2991   2.763124    32.7682    26.2901 0.0000e+00
        721     79.759     0.2976   2.763041    32.7688    26.2906 0.0000e+00
        722     79.747     0.2966   2.762939    32.7685    26.2904 0.0000e+00
        723     79.737     0.2981   2.763015    32.7679    26.2899 0.0000e+00
        724     79.730     0.3004   2.763170    32.7675    26.2894 0.0000e+00
        725     79.717     0.3013   2.763235    32.7674    26.2893 0.0000e+00
        726     79.694     0.3000   2.763171    32.7679    26.2898 0.0000e+00
        727     79.672     0.2986   2.763066    32.7681    26.2900 0.0000e+00
        728     79.666     0.2988   2.763062    32.7678    26.2898 0.0000e+00
        729     79.670     0.2995   2.763124    32.7679    26.2898 0.0000e+00
        730     79.673     0.2992   2.763132    32.7683    26.2901 0.0000e+00
        731     79.672     0.2975   2.763056    32.7691    26.2909 0.0000e+00
        732     79.671     0.2962   2.762952    32.7691    26.2910 0.0000e+00
        733     79.672     0.2964   2.762936    32.7687    26.2906 0.0000e+00
        734     79.675     0.2976   2.763013    32.7684    26.2903 0.0000e+00
        735     79.678     0.2984   2.763078    32.7684    26.2903 0.0000e+00
        736     79.679     0.2975   2.763064    32.7692    26.2910 0.0000e+00
        737     79.680     0.2964   2.762997    32.7695    26.2913 0.0000e+00
        738     79.682     0.2964   2.762964    32.7691    26.2909 0.0000e+00
        739     79.686     0.2976   2.763015    32.7685    26.2904 0.0000e+00
        740     79.689     0.2989   2.763091    32.7681    26.2900 0.0000e+00
        741     79.691     0.2999   2.763126    32.7675    26.2894 0.0000e+00
        742     79.686     0.3006   2.763145    32.7670    26.2890 0.0000e+00
        743     79.675     0.3015   2.763188    32.7666    26.2886 0.0000e+00
        744     79.666     0.3024   2.763236    32.7663    26.2883 0.0000e+00
        745     79.662     0.3030   2.763276    32.7661    26.2882 0.0000e+00
        746     79.668     0.3028   2.763290    32.7665    26.2885 0.0000e+00
        747     79.683     0.3014   2.763235    32.7673    26.2892 0.0000e+00
        748     79.699     0.2999   2.763141    32.7677    26.2896 0.0000e+00
        749     79.706     0.2995   2.763106    32.7676    26.2896 0.0000e+00
        750     79.703     0.3002   2.763150    32.7675    26.2894 0.0000e+00
        751     79.700     0.3004   2.763192    32.7678    26.2897 0.0000e+00
        752     79.695     0.2994   2.763156    32.7684    26.2902 0.0000e+00
        753     79.685     0.2974   2.763065    32.7693    26.2911 0.0000e+00
        754     79.676     0.2964   2.762998    32.7695    26.2913 0.0000e+00
        755     79.669     0.2970   2.762999    32.7689    26.2907 0.0000e+00
        756     79.659     0.2982   2.763047    32.7683    26.2902 0.0000e+00
        757     79.645     0.2991   2.763090    32.7679    26.2898 0.0000e+00
        758     79.633     0.2993   2.763091    32.7677    26.2896 0.0000e+00
        759     79.634     0.2999   2.763103    32.7672    26.2892 0.0000e+00
        760     79.645     0.3018   2.763200    32.7664    26.2885 0.0000e+00
        761     79.647     0.3040   2.763273    32.7650    26.2873 0.0000e+00
        762     79.623     0.3049   2.763266    32.7640    26.2864 0.0000e+00
        763     79.587     0.3056   2.763327    32.7641    26.2864 0.0000e+00
        764     79.566     0.3072   2.763476    32.7643    26.2865 0.0000e+00
        765     79.567     0.3088   2.763585    32.7641    26.2862 0.0000e+00
        766     79.568     0.3097   2.763596    32.7632    26.2855 0.0000e+00
        767     79.555     0.3098   2.763568    32.7628    26.2851 0.0000e+00
        768     79.535     0.3091   2.763559    32.7634    26.2857 0.0000e+00
        769     79.525     0.3075   2.763526    32.7647    26.2868 0.0000e+00
        770     79.528     0.3054   2.763435    32.7657    26.2878 0.0000e+00
        771     79.540     0.3038   2.763358    32.7664    26.2884 0.0000e+00
        772     79.550     0.3032   2.763328    32.7667    26.2886 0.0000e+00
        773     79.555     0.3029   2.763317    32.7668    26.2888 0.0000e+00
        774     79.558     0.3022   2.763306    32.7674    26.2893 0.0000e+00
        775     79.562     0.3004   2.763253    32.7687    26.2904 0.0000e+00
        776     79.561     0.2989   2.763151    32.7689    26.2907 0.0000e+00
        777     79.551     0.2993   2.763128    32.7682    26.2901 0.0000e+00
        778     79.543     0.3015   2.763233    32.7672    26.2892 0.0000e+00
        779     79.547     0.3037   2.763349    32.7664    26.2884 0.0000e+00
        780     79.556     0.3048   2.763402    32.7659    26.2879 0.0000e+00
        781     79.556     0.3048   2.763413    32.7661    26.2881 0.0000e+00
        782     79.547     0.3043   2.763394    32.7664    26.2883 0.0000e+00
        783     79.541     0.3033   2.763339    32.7667    26.2886 0.0000e+00
        784     79.542     0.3018   2.763249    32.7671    26.2891 0.0000e+00
        785     79.548     0.3004   2.763171    32.7676    26.2895 0.0000e+00
        786     79.552     0.2991   2.763118    32.7683    26.2901 0.0000e+00
        787     79.553     0.2977   2.763064    32.7691    26.2908 0.0000e+00
        788     79.550     0.2966   2.763018    32.7697    26.2914 0.0000e+00
        789     79.542     0.2959   2.762972    32.7698    26.2915 0.0000e+00
        790     79.534     0.2952   2.762924    32.7699    26.2917 0.0000e+00
        791     79.531     0.2945   2.762871    32.7700    26.2917 0.0000e+00
        792     79.529     0.2941   2.762828    32.7698    26.2916 0.0000e+00
        793     79.519     0.2941   2.762829    32.7699    26.2917 0.0000e+00
        794     79.503     0.2944   2.762853    32.7699    26.2916 0.0000e+00
        795     79.494     0.2950   2.762876    32.7695    26.2913 0.0000e+00
        796     79.494     0.2961   2.762922    32.7690    26.2908 0.0000e+00
        797     79.491     0.2974   2.762985    32.7684    26.2903 0.0000e+00
        798     79.482     0.2982   2.763036    32.7682    26.2901 0.0000e+00
        799     79.478     0.2982   2.763042    32.7683    26.2902 0.0000e+00
        800     79.481     0.2976   2.763001    32.7684    26.2903 0.0000e+00
        801     79.483     0.2974   2.762980    32.7683    26.2903 0.0000e+00
        802     79.479     0.2974   2.762990    32.7685    26.2904 0.0000e+00
        803     79.472     0.2974   2.762990    32.7685    26.2904 0.0000e+00
        804     79.474     0.2969   2.762956    32.7686    26.2905 0.0000e+00
        805     79.486     0.2959   2.762906    32.7690    26.2908 0.0000e+00
        806     79.490     0.2951   2.762880    32.7695    26.2913 0.0000e+00
        807     79.477     0.2943   2.762864    32.7701    26.2919 0.0000e+00
        808     79.459     0.2935   2.762808    32.7703    26.2920 0.0000e+00
        809     79.453     0.2932   2.762748    32.7698    26.2917 0.0000e+00
        810     79.459     0.2934   2.762758    32.7697    26.2916 0.0000e+00
        811     79.470     0.2938   2.762793    32.7697    26.2916 0.0000e+00
        812     79.475     0.2938   2.762797    32.7698    26.2916 0.0000e+00
        813     79.471     0.2939   2.762793    32.7696    26.2915 0.0000e+00
        814     79.466     0.2943   2.762805    32.7694    26.2912 0.0000e+00
        815     79.468     0.2947   2.762828    32.7692    26.2911 0.0000e+00
        816     79.473     0.2945   2.762835    32.7695    26.2914 0.0000e+00
        817     79.476     0.2933   2.762797    32.7703    26.2921 0.0000e+00
        818     79.476     0.2918   2.762724    32.7710    26.2927 0.0000e+00
        819     79.477     0.2910   2.762660    32.7710    26.2927 0.0000e+00
        820     79.480     0.2910   2.762640    32.7707    26.2925 0.0000e+00
