Datasets/Test_Dataset_39219_tow/tel219_2021_003.cnv
* Sea-Bird SBE19plus Data File:
* Filename = C:/AQUIRE/tel219_2021_003.hex
* Software Version AquireV2 AF V2.0
* Temperature SN =  4020
* Conductivity SN =  4020
* System UpLoad Time = May 06 2021 05:21:40
** VESSEL/TRIP/SEQ STN: tel219_2021_003
** LATITUDE: 45 54.58 N
** LONGITUDE: 54 01.44 W
** DATE/TIME: 2021-05-06 04:24
** SOUNDING DEPTH (M): 0127
** PROBE TYPE: S4020
** CTD NUMBER:   3
** FORMAT: t
** COMMENTS: 
# nquan = 7                                 
# nvalues = 2728                        
# units = specified
# name 0 = scan: Scan Count
# name 1 = prdM: Pressure, Strain Gauge [db]
# name 2 = tv290C: Temperature [ITS-90, deg C]
# name 3 = c0S/m: Conductivity [S/m]
# name 4 = sal00: Salinity, Practical [PSU]
# name 5 = sigma-t00: Density [sigma-t, kg/m^3 ]
# name 6 = flag: flag
# span 0 =          1,       2728       
# span 1 =     -0.095,    123.717       
# span 2 =     0.5914,     3.2392       
# span 3 =   0.004008,   2.951093       
# span 4 =     0.0304,    32.6742       
# span 5 =    -0.0069,    26.1963       
# span 6 = 0.0000e+00, 0.0000e+00       
# interval = seconds: 1
# start_time = May 06 2021 04:24:57 [Instrument's time stamp, header]
# bad_flag = -9.990e-29
*END*
[from data line 206]
        207     -0.076     3.1615   0.005816     0.0447     0.0058 0.0000e+00
        208     -0.074     3.1613   0.005818     0.0447     0.0058 0.0000e+00
        209     -0.074     3.1611   0.005807     0.0446     0.0057 0.0000e+00
        210     -0.075     3.1609   0.005799     0.0445     0.0057 0.0000e+00
        211     -0.075     3.1607   0.005796     0.0445     0.0056 0.0000e+00
        212     -0.078     3.1605   0.005793     0.0445     0.0056 0.0000e+00
        213     -0.080     3.1605   0.005797     0.0445     0.0056 0.0000e+00
        214     -0.078     3.1603   0.005813     0.0446     0.0057 0.0000e+00
        215     -0.076     3.1601   0.005832     0.0448     0.0059 0.0000e+00
        216     -0.075     3.1599   0.005842     0.0449     0.0059 0.0000e+00
        217     -0.073     3.1597   0.005840     0.0449     0.0059 0.0000e+00
        218     -0.075     3.1595   0.005833     0.0448     0.0059 0.0000e+00
        219     -0.078     3.1593   0.005826     0.0447     0.0058 0.0000e+00
        220     -0.078     3.1592   0.005818     0.0447     0.0058 0.0000e+00
        221     -0.078     3.1590   0.005816     0.0447     0.0057 0.0000e+00
        222     -0.079     3.1589   0.005828     0.0448     0.0058 0.0000e+00
        223     -0.079     3.1587   0.005850     0.0449     0.0060 0.0000e+00
        224     -0.077     3.1585   0.005865     0.0451     0.0061 0.0000e+00
        225     -0.077     3.1582   0.005857     0.0450     0.0060 0.0000e+00
        226     -0.079     3.1578   0.005837     0.0448     0.0059 0.0000e+00
        227     -0.079     3.1576   0.005824     0.0447     0.0058 0.0000e+00
        228     -0.079     3.1573   0.005820     0.0447     0.0057 0.0000e+00
        229     -0.080     3.1570   0.005822     0.0447     0.0058 0.0000e+00
        230     -0.077     3.1568   0.005832     0.0448     0.0058 0.0000e+00
        231     -0.075     3.1566   0.005841     0.0449     0.0059 0.0000e+00
        232     -0.077     3.1564   0.005842     0.0449     0.0059 0.0000e+00
        233     -0.081     3.1561   0.005831     0.0448     0.0058 0.0000e+00
        234     -0.082     3.1557   0.005820     0.0447     0.0057 0.0000e+00
        235     -0.081     3.1552   0.005807     0.0446     0.0056 0.0000e+00
        236     -0.081     3.1547   0.005794     0.0445     0.0055 0.0000e+00
        237     -0.082     3.1542   0.005785     0.0444     0.0055 0.0000e+00
        238     -0.081     3.1538   0.005785     0.0444     0.0055 0.0000e+00
        239     -0.076     3.1535   0.005793     0.0445     0.0055 0.0000e+00
        240     -0.072     3.1533   0.005801     0.0446     0.0056 0.0000e+00
        241     -0.074     3.1531   0.005802     0.0446     0.0056 0.0000e+00
        242     -0.078     3.1529   0.005797     0.0445     0.0055 0.0000e+00
        243     -0.080     3.1527   0.005785     0.0444     0.0055 0.0000e+00
        244     -0.081     3.1521   0.005770     0.0443     0.0054 0.0000e+00
        245     -0.081     3.1513   0.005763     0.0443     0.0053 0.0000e+00
        246     -0.082     3.1508   0.005773     0.0443     0.0054 0.0000e+00
        247     -0.082     3.1505   0.005785     0.0444     0.0054 0.0000e+00
        248     -0.081     3.1503   0.005784     0.0444     0.0054 0.0000e+00
        249     -0.079     3.1501   0.005772     0.0443     0.0053 0.0000e+00
        250     -0.078     3.1497   0.005760     0.0442     0.0053 0.0000e+00
        251     -0.078     3.1492   0.005756     0.0442     0.0052 0.0000e+00
        252     -0.080     3.1487   0.005761     0.0442     0.0053 0.0000e+00
        253     -0.082     3.1484   0.005767     0.0443     0.0053 0.0000e+00
        254     -0.083     3.1483   0.005767     0.0443     0.0053 0.0000e+00
        255     -0.083     3.1483   0.005763     0.0443     0.0053 0.0000e+00
        256     -0.082     3.1482   0.005761     0.0442     0.0053 0.0000e+00
        257     -0.081     3.1481   0.005760     0.0442     0.0052 0.0000e+00
        258     -0.082     3.1480   0.005762     0.0442     0.0053 0.0000e+00
        259     -0.080     3.1479   0.005771     0.0443     0.0053 0.0000e+00
        260     -0.077     3.1479   0.005785     0.0444     0.0054 0.0000e+00
        261     -0.076     3.1478   0.005791     0.0445     0.0054 0.0000e+00
        262     -0.075     3.1476   0.005784     0.0444     0.0054 0.0000e+00
        263     -0.073     3.1475   0.005773     0.0443     0.0053 0.0000e+00
        264     -0.074     3.1474   0.005777     0.0444     0.0053 0.0000e+00
        265     -0.075     3.1472   0.005793     0.0445     0.0054 0.0000e+00
        266     -0.075     3.1470   0.005810     0.0446     0.0056 0.0000e+00
        267     -0.075     3.1467   0.005817     0.0447     0.0056 0.0000e+00
        268     -0.076     3.1464   0.005819     0.0447     0.0056 0.0000e+00
        269     -0.077     3.1462   0.005822     0.0447     0.0056 0.0000e+00
        270     -0.077     3.1460   0.005824     0.0447     0.0056 0.0000e+00
        271     -0.078     3.1458   0.005825     0.0448     0.0056 0.0000e+00
        272     -0.081     3.1455   0.005824     0.0447     0.0056 0.0000e+00
        273     -0.081     3.1452   0.005821     0.0447     0.0056 0.0000e+00
        274     -0.079     3.1448   0.005815     0.0447     0.0056 0.0000e+00
        275     -0.079     3.1445   0.005808     0.0446     0.0055 0.0000e+00
        276     -0.081     3.1439   0.005800     0.0446     0.0055 0.0000e+00
        277     -0.083     3.1432   0.005798     0.0445     0.0054 0.0000e+00
        278     -0.083     3.1425   0.005794     0.0445     0.0054 0.0000e+00
        279     -0.083     3.1420   0.005786     0.0444     0.0053 0.0000e+00
        280     -0.083     3.1418   0.005776     0.0444     0.0053 0.0000e+00
        281     -0.082     3.1417   0.005772     0.0443     0.0052 0.0000e+00
        282     -0.081     3.1416   0.005772     0.0443     0.0052 0.0000e+00
        283     -0.080     3.1414   0.005770     0.0443     0.0052 0.0000e+00
        284     -0.078     3.1414   0.005767     0.0443     0.0052 0.0000e+00
        285     -0.079     3.1412   0.005763     0.0443     0.0052 0.0000e+00
        286     -0.084     3.1410   0.005757     0.0442     0.0051 0.0000e+00
        287     -0.086     3.1408   0.005750     0.0442     0.0051 0.0000e+00
        288     -0.084     3.1406   0.005753     0.0442     0.0051 0.0000e+00
        289     -0.081     3.1406   0.005774     0.0443     0.0052 0.0000e+00
        290     -0.077     3.1405   0.005794     0.0445     0.0054 0.0000e+00
        291     -0.076     3.1403   0.005795     0.0445     0.0054 0.0000e+00
        292     -0.079     3.1401   0.005783     0.0444     0.0053 0.0000e+00
        293     -0.083     3.1399   0.005771     0.0443     0.0052 0.0000e+00
        294     -0.084     3.1397   0.005769     0.0443     0.0052 0.0000e+00
        295     -0.083     3.1395   0.005779     0.0444     0.0053 0.0000e+00
        296     -0.080     3.1393   0.005794     0.0445     0.0054 0.0000e+00
        297     -0.080     3.1391   0.005810     0.0446     0.0055 0.0000e+00
        298     -0.080     3.1388   0.005823     0.0447     0.0055 0.0000e+00
        299     -0.078     3.1387   0.005825     0.0448     0.0055 0.0000e+00
        300     -0.076     3.1384   0.005816     0.0447     0.0055 0.0000e+00
        301     -0.078     3.1382   0.005804     0.0446     0.0054 0.0000e+00
        302     -0.083     3.1378   0.005800     0.0446     0.0054 0.0000e+00
        303     -0.086     3.1375   0.005816     0.0447     0.0055 0.0000e+00
        304     -0.086     3.1373   0.005839     0.0449     0.0056 0.0000e+00
        305     -0.084     3.1371   0.005850     0.0450     0.0057 0.0000e+00
        306     -0.083     3.1368   0.005846     0.0449     0.0057 0.0000e+00
        307     -0.081     3.1365   0.005833     0.0448     0.0056 0.0000e+00
        308     -0.078     3.1361   0.005820     0.0447     0.0055 0.0000e+00
        309     -0.077     3.1359   0.005820     0.0447     0.0055 0.0000e+00
        310     -0.079     3.1357   0.005829     0.0448     0.0055 0.0000e+00
        311     -0.082     3.1355   0.005838     0.0449     0.0056 0.0000e+00
        312     -0.082     3.1351   0.005828     0.0448     0.0055 0.0000e+00
        313     -0.082     3.1349   0.005814     0.0447     0.0054 0.0000e+00
        314     -0.084     3.1345   0.005807     0.0446     0.0054 0.0000e+00
        315     -0.084     3.1343   0.005814     0.0447     0.0054 0.0000e+00
        316     -0.086     3.1342   0.005822     0.0447     0.0055 0.0000e+00
        317     -0.087     3.1340   0.005822     0.0447     0.0055 0.0000e+00
        318     -0.083     3.1338   0.005819     0.0447     0.0054 0.0000e+00
        319     -0.081     3.1336   0.005821     0.0447     0.0055 0.0000e+00
        320     -0.084     3.1333   0.005829     0.0448     0.0055 0.0000e+00
        321     -0.088     3.1331   0.005836     0.0449     0.0055 0.0000e+00
        322     -0.089     3.1329   0.005835     0.0448     0.0055 0.0000e+00
        323     -0.086     3.1327   0.005835     0.0448     0.0055 0.0000e+00
        324     -0.083     3.1326   0.005837     0.0449     0.0055 0.0000e+00
        325     -0.084     3.1324   0.005837     0.0449     0.0055 0.0000e+00
        326     -0.086     3.1319   0.005840     0.0449     0.0056 0.0000e+00
        327     -0.087     3.1315   0.005852     0.0450     0.0056 0.0000e+00
        328     -0.086     3.1311   0.005864     0.0451     0.0057 0.0000e+00
        329     -0.082     3.1309   0.005861     0.0451     0.0057 0.0000e+00
        330     -0.079     3.1307   0.005850     0.0450     0.0056 0.0000e+00
        331     -0.080     3.1304   0.005841     0.0449     0.0055 0.0000e+00
        332     -0.082     3.1302   0.005834     0.0448     0.0055 0.0000e+00
        333     -0.085     3.1299   0.005828     0.0448     0.0055 0.0000e+00
        334     -0.087     3.1296   0.005835     0.0448     0.0055 0.0000e+00
        335     -0.084     3.1292   0.005847     0.0449     0.0056 0.0000e+00
        336     -0.080     3.1290   0.005852     0.0450     0.0056 0.0000e+00
        337     -0.081     3.1287   0.005840     0.0449     0.0055 0.0000e+00
        338     -0.084     3.1285   0.005822     0.0447     0.0054 0.0000e+00
        339     -0.085     3.1282   0.005816     0.0447     0.0054 0.0000e+00
        340     -0.085     3.1280   0.005828     0.0448     0.0054 0.0000e+00
        341     -0.086     3.1278   0.005842     0.0449     0.0055 0.0000e+00
        342     -0.087     3.1277   0.005843     0.0449     0.0055 0.0000e+00
        343     -0.088     3.1275   0.005839     0.0449     0.0055 0.0000e+00
        344     -0.089     3.1273   0.005834     0.0448     0.0055 0.0000e+00
        345     -0.088     3.1272   0.005830     0.0448     0.0054 0.0000e+00
        346     -0.087     3.1269   0.005827     0.0448     0.0054 0.0000e+00
        347     -0.088     3.1267   0.005824     0.0448     0.0054 0.0000e+00
        348     -0.090     3.1265   0.005824     0.0448     0.0054 0.0000e+00
        349     -0.091     3.1262   0.005827     0.0448     0.0054 0.0000e+00
        350     -0.093     3.1259   0.005833     0.0448     0.0054 0.0000e+00
        351     -0.094     3.1257   0.005841     0.0449     0.0055 0.0000e+00
        352     -0.093     3.1255   0.005841     0.0449     0.0055 0.0000e+00
        353     -0.092     3.1254   0.005835     0.0449     0.0054 0.0000e+00
        354     -0.091     3.1252   0.005825     0.0448     0.0054 0.0000e+00
        355     -0.090     3.1250   0.005821     0.0447     0.0053 0.0000e+00
        356     -0.088     3.1248   0.005829     0.0448     0.0054 0.0000e+00
        357     -0.086     3.1246   0.005845     0.0449     0.0055 0.0000e+00
        358     -0.085     3.1245   0.005853     0.0450     0.0055 0.0000e+00
        359     -0.087     3.1243   0.005846     0.0449     0.0055 0.0000e+00
        360     -0.092     3.1242   0.005838     0.0449     0.0054 0.0000e+00
        361     -0.095     3.1241   0.005835     0.0449     0.0054 0.0000e+00
        362     -0.093     3.1241   0.005834     0.0448     0.0054 0.0000e+00
        363     -0.090     3.1239   0.005833     0.0448     0.0054 0.0000e+00
        364     -0.087     3.1239   0.005842     0.0449     0.0055 0.0000e+00
        365     -0.084     3.1238   0.005860     0.0451     0.0056 0.0000e+00
        366     -0.082     3.1236   0.005873     0.0452     0.0057 0.0000e+00
        367     -0.081     3.1235   0.005869     0.0451     0.0056 0.0000e+00
        368     -0.083     3.1234   0.005853     0.0450     0.0055 0.0000e+00
        369     -0.084     3.1232   0.005840     0.0449     0.0054 0.0000e+00
        370     -0.084     3.1230   0.005840     0.0449     0.0054 0.0000e+00
        371     -0.084     3.1228   0.005854     0.0450     0.0055 0.0000e+00
        372     -0.085     3.1227   0.005869     0.0451     0.0056 0.0000e+00
        373     -0.087     3.1226   0.005874     0.0452     0.0057 0.0000e+00
        374     -0.090     3.1224   0.005868     0.0451     0.0056 0.0000e+00
        375     -0.092     3.1222   0.005859     0.0450     0.0056 0.0000e+00
        376     -0.090     3.1220   0.005880     0.0452     0.0057 0.0000e+00
        377     -0.087     3.1220   0.005955     0.0458     0.0062 0.0000e+00
        378     -0.084     3.1220   0.006030     0.0464     0.0067 0.0000e+00
        379     -0.081     3.1220   0.006069     0.0467     0.0069 0.0000e+00
        380     -0.083     3.1222   0.006096     0.0469     0.0071 0.0000e+00
        381     -0.087     3.1225   0.006144     0.0473     0.0074 0.0000e+00
        382     -0.087     3.1230   0.006222     0.0479     0.0079 0.0000e+00
        383     -0.084     3.1235   0.006264     0.0483     0.0082 0.0000e+00
        384     -0.082     3.1239   0.006171     0.0475     0.0076 0.0000e+00
        385     -0.079     3.1243   0.005954     0.0458     0.0062 0.0000e+00
        386     -0.076     3.1246   0.005709     0.0438     0.0046 0.0000e+00
        387     -0.074     3.1249   0.005496     0.0421     0.0032 0.0000e+00
        388     -0.073     3.1249   0.005325     0.0408     0.0021 0.0000e+00
        389     -0.073     3.1246   0.005219     0.0399     0.0014 0.0000e+00
        390     -0.073     3.1243   0.005333     0.0408     0.0022 0.0000e+00
        391     -0.072     3.1239   0.006036     0.0465     0.0067 0.0000e+00
        392     -0.069     3.1235   0.007018     0.0543     0.0131 0.0000e+00
        393     -0.060     3.1231   0.015462     0.1234     0.0690 0.0000e+00
        394     -0.035     3.1278   0.169367     1.4984     1.1776 0.0000e+00
        395      0.038     3.1504   1.042141    10.3757     8.2689 0.0000e+00
        396      0.147     3.1897   2.359060    25.1640    20.0304 0.0000e+00
        397      0.214     3.2233   2.950016    32.1443    25.5868 0.0000e+00
        398      0.226     3.2383   2.950963    32.1408    25.5826 0.0000e+00
        399      0.227     3.2392   2.951006    32.1404    25.5823 0.0000e+00
        400      0.234     3.2340   2.950879    32.1440    25.5856 0.0000e+00
        401      0.252     3.2289   2.950527    32.1449    25.5867 0.0000e+00
        402      0.270     3.2251   2.950120    32.1437    25.5862 0.0000e+00
        403      0.261     3.2211   2.949848    32.1445    25.5871 0.0000e+00
        404      0.221     3.2170   2.949448    32.1437    25.5869 0.0000e+00
        405      0.197     3.2137   2.947768    32.1268    25.5737 0.0000e+00
        406      0.230     3.2122   2.945034    32.0954    25.5487 0.0000e+00
        407      0.295     3.2125   2.944998    32.0946    25.5481 0.0000e+00
        408      0.333     3.2134   2.947247    32.1208    25.5689 0.0000e+00
        409      0.319     3.2142   2.947042    32.1175    25.5662 0.0000e+00
        410      0.282     3.2142   2.944837    32.0910    25.5451 0.0000e+00
