Datasets/Test_Dataset_39219_tow/tel219_2021_045.cnv
* Sea-Bird SBE19plus Data File:
* Filename = C:/AQUIRE/tel219_2021_045.hex
* Software Version AquireV2 AF V2.0
* Temperature SN =  4020
* Conductivity SN =  4020
* System UpLoad Time = May 12 2021 17:14:53
** VESSEL/TRIP/SEQ STN: tel219_2021_045
** LATITUDE: 45 26.41 N
** LONGITUDE: 55 56.77 W
** DATE/TIME: 2021-05-12 16:41
** SOUNDING DEPTH (M): 0048
** PROBE TYPE: S4020
** CTD NUMBER: 045
** FORMAT: T
** COMMENTS: 
# nquan = 7                                 
# nvalues = 2032                        
# units = specified
# name 0 = scan: Scan Count
# name 1 = prdM: Pressure, Strain Gauge [db]
# name 2 = tv290C: Temperature [ITS-90, deg C]
# name 3 = c0S/m: Conductivity [S/m]
# name 4 = sal00: Salinity, Practical [PSU]
# name 5 = sigma-t00: Density [sigma-t, kg/m^3 ]
# name 6 = flag: flag
# span 0 =          1,       2032       
# span 1 =     -0.206,     41.233       
# span 2 =     3.0683,     4.6586       
# span 3 =   0.009635,   2.996053       
# span 4 =     0.0727,    32.3859       
# span 5 =     0.0299,    25.7608       
# span 6 = 0.0000e+00, 0.0000e+00       
# interval = seconds: 1
# start_time = May 12 2021 16:41:27 [Instrument's time stamp, header]
# bad_flag = -9.990e-29
*END*
[from data line 1026]
       1027     40.270     3.0835   2.947641    32.2340    25.6704 0.0000e+00
       1028     40.196     3.0827   2.947554    32.2338    25.6703 0.0000e+00
       1029     40.164     3.0809   2.947360    32.2333    25.6701 0.0000e+00
       1030     40.186     3.0792   2.947206    32.2331    25.6701 0.0000e+00
       1031     40.247     3.0783   2.947141    32.2332    25.6702 0.0000e+00
       1032     40.323     3.0781   2.947140    32.2333    25.6703 0.0000e+00
       1033     40.382     3.0785   2.947191    32.2335    25.6705 0.0000e+00
       1034     40.396     3.0793   2.947271    32.2337    25.6705 0.0000e+00
       1035     40.361     3.0799   2.947326    32.2338    25.6705 0.0000e+00
       1036     40.294     3.0803   2.947348    32.2337    25.6704 0.0000e+00
       1037     40.221     3.0808   2.947388    32.2337    25.6704 0.0000e+00
       1038     40.173     3.0815   2.947448    32.2337    25.6704 0.0000e+00
       1039     40.169     3.0819   2.947484    32.2338    25.6704 0.0000e+00
       1040     40.198     3.0820   2.947494    32.2338    25.6704 0.0000e+00
       1041     40.238     3.0822   2.947512    32.2338    25.6703 0.0000e+00
       1042     40.276     3.0823   2.947536    32.2340    25.6705 0.0000e+00
       1043     40.309     3.0824   2.947548    32.2340    25.6705 0.0000e+00
       1044     40.326     3.0822   2.947529    32.2339    25.6705 0.0000e+00
       1045     40.318     3.0816   2.947460    32.2337    25.6703 0.0000e+00
       1046     40.294     3.0810   2.947389    32.2335    25.6702 0.0000e+00
       1047     40.267     3.0812   2.947406    32.2335    25.6702 0.0000e+00
       1048     40.250     3.0818   2.947477    32.2338    25.6704 0.0000e+00
       1049     40.252     3.0819   2.947486    32.2338    25.6704 0.0000e+00
       1050     40.266     3.0815   2.947445    32.2337    25.6703 0.0000e+00
       1051     40.281     3.0812   2.947424    32.2337    25.6704 0.0000e+00
       1052     40.286     3.0812   2.947413    32.2336    25.6703 0.0000e+00
       1053     40.281     3.0810   2.947399    32.2336    25.6703 0.0000e+00
       1054     40.275     3.0808   2.947391    32.2337    25.6704 0.0000e+00
       1055     40.279     3.0805   2.947364    32.2337    25.6704 0.0000e+00
       1056     40.298     3.0801   2.947310    32.2334    25.6702 0.0000e+00
       1057     40.327     3.0797   2.947269    32.2333    25.6702 0.0000e+00
       1058     40.359     3.0796   2.947259    32.2333    25.6702 0.0000e+00
       1059     40.375     3.0797   2.947274    32.2333    25.6702 0.0000e+00
       1060     40.359     3.0797   2.947299    32.2336    25.6705 0.0000e+00
       1061     40.318     3.0798   2.947307    32.2337    25.6705 0.0000e+00
       1062     40.274     3.0801   2.947321    32.2336    25.6703 0.0000e+00
       1063     40.254     3.0807   2.947374    32.2336    25.6703 0.0000e+00
       1064     40.275     3.0816   2.947454    32.2337    25.6703 0.0000e+00
       1065     40.331     3.0825   2.947548    32.2339    25.6704 0.0000e+00
       1066     40.411     3.0837   2.947649    32.2338    25.6703 0.0000e+00
       1067     40.494     3.0846   2.947737    32.2340    25.6703 0.0000e+00
       1068     40.548     3.0852   2.947794    32.2340    25.6703 0.0000e+00
       1069     40.544     3.0850   2.947779    32.2340    25.6703 0.0000e+00
       1070     40.472     3.0838   2.947658    32.2338    25.6702 0.0000e+00
       1071     40.363     3.0819   2.947462    32.2334    25.6701 0.0000e+00
       1072     40.267     3.0801   2.947290    32.2332    25.6701 0.0000e+00
       1073     40.218     3.0789   2.947187    32.2332    25.6701 0.0000e+00
       1074     40.235     3.0783   2.947149    32.2333    25.6703 0.0000e+00
       1075     40.320     3.0781   2.947145    32.2334    25.6704 0.0000e+00
       1076     40.438     3.0780   2.947134    32.2333    25.6703 0.0000e+00
       1077     40.534     3.0776   2.947103    32.2333    25.6703 0.0000e+00
       1078     40.566     3.0771   2.947058    32.2332    25.6703 0.0000e+00
       1079     40.533     3.0769   2.947029    32.2331    25.6703 0.0000e+00
       1080     40.464     3.0769   2.947023    32.2331    25.6702 0.0000e+00
       1081     40.391     3.0770   2.947034    32.2331    25.6703 0.0000e+00
       1082     40.340     3.0774   2.947070    32.2332    25.6703 0.0000e+00
       1083     40.318     3.0780   2.947129    32.2333    25.6703 0.0000e+00
       1084     40.316     3.0787   2.947195    32.2334    25.6704 0.0000e+00
       1085     40.319     3.0793   2.947237    32.2333    25.6702 0.0000e+00
       1086     40.323     3.0799   2.947275    32.2332    25.6701 0.0000e+00
       1087     40.336     3.0807   2.947358    32.2334    25.6701 0.0000e+00
       1088     40.366     3.0816   2.947456    32.2336    25.6703 0.0000e+00
       1089     40.411     3.0820   2.947500    32.2337    25.6703 0.0000e+00
       1090     40.453     3.0818   2.947474    32.2336    25.6702 0.0000e+00
       1091     40.471     3.0808   2.947377    32.2334    25.6702 0.0000e+00
       1092     40.458     3.0795   2.947246    32.2332    25.6701 0.0000e+00
       1093     40.418     3.0785   2.947157    32.2331    25.6701 0.0000e+00
       1094     40.360     3.0781   2.947120    32.2331    25.6701 0.0000e+00
       1095     40.301     3.0781   2.947103    32.2329    25.6700 0.0000e+00
       1096     40.258     3.0778   2.947081    32.2330    25.6701 0.0000e+00
       1097     40.235     3.0775   2.947062    32.2330    25.6702 0.0000e+00
       1098     40.222     3.0776   2.947072    32.2331    25.6702 0.0000e+00
       1099     40.213     3.0778   2.947104    32.2333    25.6703 0.0000e+00
       1100     40.217     3.0781   2.947129    32.2333    25.6703 0.0000e+00
       1101     40.241     3.0785   2.947161    32.2332    25.6702 0.0000e+00
       1102     40.276     3.0794   2.947242    32.2333    25.6702 0.0000e+00
       1103     40.311     3.0807   2.947355    32.2333    25.6701 0.0000e+00
       1104     40.336     3.0818   2.947462    32.2335    25.6702 0.0000e+00
       1105     40.346     3.0825   2.947535    32.2337    25.6703 0.0000e+00
       1106     40.339     3.0824   2.947524    32.2337    25.6702 0.0000e+00
       1107     40.321     3.0816   2.947435    32.2334    25.6701 0.0000e+00
       1108     40.304     3.0810   2.947360    32.2331    25.6699 0.0000e+00
       1109     40.293     3.0809   2.947367    32.2333    25.6701 0.0000e+00
       1110     40.284     3.0811   2.947405    32.2336    25.6703 0.0000e+00
       1111     40.271     3.0811   2.947396    32.2335    25.6702 0.0000e+00
       1112     40.261     3.0809   2.947363    32.2333    25.6701 0.0000e+00
       1113     40.268     3.0808   2.947352    32.2332    25.6700 0.0000e+00
       1114     40.293     3.0808   2.947358    32.2333    25.6701 0.0000e+00
       1115     40.320     3.0808   2.947365    32.2334    25.6701 0.0000e+00
       1116     40.337     3.0808   2.947367    32.2334    25.6701 0.0000e+00
       1117     40.344     3.0808   2.947360    32.2333    25.6701 0.0000e+00
       1118     40.341     3.0806   2.947338    32.2332    25.6700 0.0000e+00
       1119     40.322     3.0804   2.947317    32.2332    25.6700 0.0000e+00
       1120     40.293     3.0804   2.947312    32.2331    25.6700 0.0000e+00
       1121     40.274     3.0804   2.947315    32.2332    25.6700 0.0000e+00
       1122     40.282     3.0802   2.947319    32.2334    25.6702 0.0000e+00
       1123     40.315     3.0802   2.947325    32.2335    25.6703 0.0000e+00
       1124     40.354     3.0802   2.947321    32.2334    25.6702 0.0000e+00
       1125     40.376     3.0802   2.947315    32.2333    25.6702 0.0000e+00
       1126     40.371     3.0802   2.947315    32.2333    25.6702 0.0000e+00
       1127     40.335     3.0802   2.947302    32.2332    25.6701 0.0000e+00
       1128     40.271     3.0799   2.947259    32.2330    25.6699 0.0000e+00
       1129     40.198     3.0794   2.947216    32.2330    25.6700 0.0000e+00
       1130     40.146     3.0792   2.947201    32.2331    25.6700 0.0000e+00
       1131     40.145     3.0790   2.947199    32.2332    25.6702 0.0000e+00
       1132     40.207     3.0788   2.947187    32.2333    25.6702 0.0000e+00
       1133     40.298     3.0786   2.947175    32.2333    25.6703 0.0000e+00
       1134     40.368     3.0785   2.947169    32.2333    25.6703 0.0000e+00
       1135     40.376     3.0783   2.947159    32.2333    25.6703 0.0000e+00
       1136     40.321     3.0783   2.947147    32.2332    25.6702 0.0000e+00
       1137     40.236     3.0781   2.947120    32.2331    25.6702 0.0000e+00
       1138     40.166     3.0778   2.947073    32.2329    25.6700 0.0000e+00
       1139     40.129     3.0774   2.947037    32.2329    25.6701 0.0000e+00
       1140     40.122     3.0773   2.947026    32.2329    25.6700 0.0000e+00
       1141     40.136     3.0775   2.947046    32.2329    25.6701 0.0000e+00
       1142     40.169     3.0781   2.947114    32.2331    25.6702 0.0000e+00
       1143     40.211     3.0790   2.947211    32.2334    25.6703 0.0000e+00
       1144     40.248     3.0797   2.947271    32.2334    25.6702 0.0000e+00
       1145     40.264     3.0802   2.947299    32.2332    25.6701 0.0000e+00
       1146     40.244     3.0805   2.947326    32.2332    25.6701 0.0000e+00
       1147     40.193     3.0805   2.947330    32.2333    25.6701 0.0000e+00
       1148     40.136     3.0803   2.947304    32.2332    25.6701 0.0000e+00
       1149     40.101     3.0799   2.947262    32.2331    25.6700 0.0000e+00
       1150     40.104     3.0796   2.947235    32.2331    25.6700 0.0000e+00
       1151     40.144     3.0794   2.947229    32.2332    25.6701 0.0000e+00
       1152     40.195     3.0791   2.947206    32.2332    25.6702 0.0000e+00
       1153     40.228     3.0786   2.947156    32.2331    25.6701 0.0000e+00
       1154     40.229     3.0783   2.947130    32.2331    25.6701 0.0000e+00
       1155     40.199     3.0785   2.947145    32.2331    25.6701 0.0000e+00
       1156     40.154     3.0788   2.947177    32.2332    25.6702 0.0000e+00
       1157     40.125     3.0792   2.947208    32.2332    25.6701 0.0000e+00
       1158     40.128     3.0792   2.947211    32.2332    25.6701 0.0000e+00
       1159     40.161     3.0785   2.947154    32.2332    25.6702 0.0000e+00
       1160     40.210     3.0774   2.947038    32.2329    25.6700 0.0000e+00
       1161     40.255     3.0762   2.946923    32.2327    25.6700 0.0000e+00
       1162     40.279     3.0755   2.946875    32.2328    25.6701 0.0000e+00
       1163     40.276     3.0750   2.946850    32.2330    25.6703 0.0000e+00
       1164     40.240     3.0745   2.946805    32.2329    25.6703 0.0000e+00
       1165     40.171     3.0745   2.946784    32.2327    25.6702 0.0000e+00
       1166     40.094     3.0749   2.946819    32.2328    25.6702 0.0000e+00
       1167     40.049     3.0755   2.946878    32.2329    25.6702 0.0000e+00
       1168     40.056     3.0761   2.946920    32.2328    25.6701 0.0000e+00
       1169     40.102     3.0762   2.946937    32.2329    25.6702 0.0000e+00
       1170     40.160     3.0762   2.946941    32.2329    25.6702 0.0000e+00
       1171     40.210     3.0762   2.946934    32.2328    25.6701 0.0000e+00
       1172     40.242     3.0759   2.946906    32.2328    25.6701 0.0000e+00
       1173     40.254     3.0753   2.946853    32.2327    25.6701 0.0000e+00
       1174     40.245     3.0747   2.946801    32.2327    25.6701 0.0000e+00
       1175     40.210     3.0743   2.946772    32.2328    25.6702 0.0000e+00
       1176     40.155     3.0744   2.946770    32.2327    25.6701 0.0000e+00
       1177     40.101     3.0747   2.946787    32.2326    25.6700 0.0000e+00
       1178     40.069     3.0751   2.946824    32.2327    25.6701 0.0000e+00
       1179     40.077     3.0756   2.946873    32.2327    25.6701 0.0000e+00
       1180     40.121     3.0759   2.946898    32.2327    25.6700 0.0000e+00
       1181     40.178     3.0759   2.946896    32.2327    25.6700 0.0000e+00
       1182     40.218     3.0761   2.946905    32.2326    25.6699 0.0000e+00
       1183     40.228     3.0762   2.946925    32.2327    25.6700 0.0000e+00
       1184     40.210     3.0761   2.946913    32.2327    25.6700 0.0000e+00
       1185     40.183     3.0758   2.946879    32.2326    25.6699 0.0000e+00
       1186     40.172     3.0757   2.946871    32.2326    25.6699 0.0000e+00
       1187     40.188     3.0755   2.946860    32.2326    25.6700 0.0000e+00
       1188     40.219     3.0751   2.946825    32.2326    25.6700 0.0000e+00
       1189     40.242     3.0749   2.946813    32.2326    25.6701 0.0000e+00
       1190     40.246     3.0750   2.946820    32.2326    25.6700 0.0000e+00
       1191     40.222     3.0750   2.946809    32.2325    25.6699 0.0000e+00
       1192     40.181     3.0748   2.946795    32.2325    25.6700 0.0000e+00
       1193     40.141     3.0747   2.946780    32.2325    25.6700 0.0000e+00
       1194     40.115     3.0747   2.946769    32.2324    25.6699 0.0000e+00
       1195     40.104     3.0748   2.946784    32.2325    25.6699 0.0000e+00
       1196     40.107     3.0751   2.946810    32.2325    25.6699 0.0000e+00
       1197     40.129     3.0753   2.946828    32.2325    25.6699 0.0000e+00
       1198     40.164     3.0755   2.946854    32.2326    25.6700 0.0000e+00
       1199     40.195     3.0759   2.946899    32.2327    25.6700 0.0000e+00
       1200     40.203     3.0768   2.946974    32.2327    25.6699 0.0000e+00
       1201     40.186     3.0780   2.947077    32.2328    25.6699 0.0000e+00
       1202     40.157     3.0788   2.947148    32.2328    25.6699 0.0000e+00
       1203     40.132     3.0792   2.947144    32.2324    25.6695 0.0000e+00
       1204     40.128     3.0792   2.947129    32.2322    25.6694 0.0000e+00
       1205     40.155     3.0788   2.947119    32.2325    25.6696 0.0000e+00
       1206     40.195     3.0783   2.947085    32.2325    25.6697 0.0000e+00
       1207     40.221     3.0788   2.947127    32.2325    25.6696 0.0000e+00
       1208     40.217     3.0803   2.947288    32.2330    25.6699 0.0000e+00
       1209     40.186     3.0814   2.947420    32.2335    25.6702 0.0000e+00
       1210     40.149     3.0808   2.947353    32.2333    25.6701 0.0000e+00
       1211     40.117     3.0786   2.947114    32.2326    25.6697 0.0000e+00
       1212     40.093     3.0764   2.946911    32.2324    25.6697 0.0000e+00
       1213     40.079     3.0749   2.946801    32.2326    25.6700 0.0000e+00
       1214     40.088     3.0741   2.946720    32.2324    25.6699 0.0000e+00
       1215     40.124     3.0738   2.946690    32.2323    25.6699 0.0000e+00
       1216     40.172     3.0739   2.946722    32.2326    25.6701 0.0000e+00
       1217     40.212     3.0741   2.946740    32.2326    25.6701 0.0000e+00
       1218     40.231     3.0747   2.946766    32.2323    25.6698 0.0000e+00
       1219     40.225     3.0764   2.946913    32.2324    25.6697 0.0000e+00
       1220     40.201     3.0783   2.947105    32.2328    25.6699 0.0000e+00
       1221     40.176     3.0789   2.947110    32.2323    25.6694 0.0000e+00
       1222     40.160     3.0786   2.947011    32.2314    25.6687 0.0000e+00
       1223     40.152     3.0785   2.947059    32.2321    25.6693 0.0000e+00
       1224     40.146     3.0785   2.947126    32.2329    25.6699 0.0000e+00
       1225     40.137     3.0777   2.947046    32.2327    25.6699 0.0000e+00
       1226     40.123     3.0766   2.946935    32.2325    25.6698 0.0000e+00
       1227     40.105     3.0760   2.946881    32.2324    25.6698 0.0000e+00
       1228     40.092     3.0759   2.946869    32.2324    25.6698 0.0000e+00
       1229     40.100     3.0762   2.946902    32.2325    25.6698 0.0000e+00
       1230     40.132     3.0768   2.946968    32.2327    25.6699 0.0000e+00
