Datasets/Test_Dataset_39219_tow/tel219_2021_058.cnv
* Sea-Bird SBE19plus Data File:
* Filename = C:/AQUIRE/tel219_2021_058.hex
* Software Version AquireV2 AF V2.0
* Temperature SN =  4020
* Conductivity SN =  4020
* System UpLoad Time = May 14 2021 05:40:44
** VESSEL/TRIP/SEQ STN: tel219_2021_058
** LATITUDE: 45 07.69 N
** LONGITUDE: 54 53.00 W
** DATE/TIME: 2021-05-14 05:01
** SOUNDING DEPTH (M): 0100
** PROBE TYPE: S4020
** CTD NUMBER:  58
** FORMAT: T
** COMMENTS: 
# nquan = 7                                 
# nvalues = 2448                        
# units = specified
# name 0 = scan: Scan Count
# name 1 = prdM: Pressure, Strain Gauge [db]
# name 2 = tv290C: Temperature [ITS-90, deg C]
# name 3 = c0S/m: Conductivity [S/m]
# name 4 = sal00: Salinity, Practical [PSU]
# name 5 = sigma-t00: Density [sigma-t, kg/m^3 ]
# name 6 = flag: flag
# span 0 =          1,       2448       
# span 1 =     -0.093,     98.827       
# span 2 =     0.4461,     4.2797       
# span 3 =   0.014356,   3.062412       
# span 4 =     0.1120,    32.8926       
# span 5 =     0.0653,    26.3796       
# span 6 = 0.0000e+00, 0.0000e+00       
# interval = seconds: 1
# start_time = May 14 2021 05:01:24 [Instrument's time stamp, header]
# bad_flag = -9.990e-29
*END*
[from data line 2257]
       2258      0.181     3.9326   0.018469     0.1450     0.0920 0.0000e+00
       2259      0.177     3.9318   0.018354     0.1441     0.0913 0.0000e+00
       2260      0.176     3.9309   0.018272     0.1434     0.0908 0.0000e+00
       2261      0.175     3.9300   0.018256     0.1433     0.0906 0.0000e+00
       2262      0.169     3.9290   0.018313     0.1437     0.0910 0.0000e+00
       2263      0.166     3.9279   0.018345     0.1440     0.0912 0.0000e+00
       2264      0.171     3.9269   0.018275     0.1434     0.0908 0.0000e+00
       2265      0.175     3.9265   0.018140     0.1423     0.0899 0.0000e+00
       2266      0.176     3.9267   0.018052     0.1416     0.0893 0.0000e+00
       2267      0.178     3.9265   0.018073     0.1418     0.0895 0.0000e+00
       2268      0.177     3.9254   0.018162     0.1425     0.0900 0.0000e+00
       2269      0.172     3.9240   0.018207     0.1429     0.0903 0.0000e+00
       2270      0.168     3.9226   0.018128     0.1423     0.0898 0.0000e+00
       2271      0.165     3.9214   0.017965     0.1409     0.0888 0.0000e+00
       2272      0.162     3.9203   0.017827     0.1398     0.0879 0.0000e+00
       2273      0.163     3.9190   0.017769     0.1394     0.0875 0.0000e+00
       2274      0.166     3.9181   0.017739     0.1391     0.0873 0.0000e+00
       2275      0.165     3.9172   0.017662     0.1385     0.0868 0.0000e+00
       2276      0.162     3.9162   0.017561     0.1377     0.0861 0.0000e+00
       2277      0.159     3.9152   0.017494     0.1371     0.0857 0.0000e+00
       2278      0.154     3.9144   0.017469     0.1369     0.0855 0.0000e+00
       2279      0.147     3.9139   0.017448     0.1368     0.0854 0.0000e+00
       2280      0.146     3.9131   0.017394     0.1363     0.0850 0.0000e+00
       2281      0.146     3.9120   0.017328     0.1358     0.0846 0.0000e+00
       2282      0.144     3.9108   0.017282     0.1354     0.0843 0.0000e+00
       2283      0.144     3.9096   0.017249     0.1352     0.0841 0.0000e+00
       2284      0.145     3.9084   0.017197     0.1348     0.0838 0.0000e+00
       2285      0.146     3.9074   0.017138     0.1343     0.0834 0.0000e+00
       2286      0.144     3.9067   0.017127     0.1342     0.0833 0.0000e+00
       2287      0.141     3.9059   0.017147     0.1344     0.0834 0.0000e+00
       2288      0.138     3.9053   0.017128     0.1342     0.0833 0.0000e+00
       2289      0.136     3.9052   0.017047     0.1336     0.0828 0.0000e+00
       2290      0.137     3.9057   0.016934     0.1326     0.0821 0.0000e+00
       2291      0.137     3.9057   0.016842     0.1319     0.0815 0.0000e+00
       2292      0.135     3.9051   0.016841     0.1319     0.0814 0.0000e+00
       2293      0.134     3.9042   0.016888     0.1323     0.0818 0.0000e+00
       2294      0.135     3.9031   0.016882     0.1322     0.0817 0.0000e+00
       2295      0.135     3.9018   0.016800     0.1316     0.0812 0.0000e+00
       2296      0.134     3.9006   0.016696     0.1307     0.0805 0.0000e+00
       2297      0.132     3.8994   0.016624     0.1301     0.0800 0.0000e+00
       2298      0.130     3.8986   0.016606     0.1300     0.0799 0.0000e+00
       2299      0.128     3.8978   0.016621     0.1301     0.0800 0.0000e+00
       2300      0.127     3.8969   0.016637     0.1303     0.0801 0.0000e+00
       2301      0.127     3.8960   0.016624     0.1302     0.0800 0.0000e+00
       2302      0.127     3.8957   0.016588     0.1299     0.0798 0.0000e+00
       2303      0.127     3.8967   0.016564     0.1297     0.0797 0.0000e+00
       2304      0.129     3.8978   0.016569     0.1297     0.0797 0.0000e+00
       2305      0.129     3.8973   0.016619     0.1301     0.0800 0.0000e+00
       2306      0.128     3.8957   0.016709     0.1309     0.0806 0.0000e+00
       2307      0.126     3.8945   0.016739     0.1311     0.0808 0.0000e+00
       2308      0.123     3.8945   0.016649     0.1304     0.0802 0.0000e+00
       2309      0.121     3.8950   0.016492     0.1291     0.0792 0.0000e+00
       2310      0.119     3.8948   0.016368     0.1281     0.0784 0.0000e+00
       2311      0.121     3.8937   0.016359     0.1280     0.0783 0.0000e+00
       2312      0.123     3.8926   0.016403     0.1284     0.0786 0.0000e+00
       2313      0.122     3.8914   0.016373     0.1281     0.0784 0.0000e+00
       2314      0.121     3.8901   0.016256     0.1272     0.0777 0.0000e+00
       2315      0.120     3.8887   0.016117     0.1261     0.0767 0.0000e+00
       2316      0.117     3.8874   0.016036     0.1254     0.0762 0.0000e+00
       2317      0.117     3.8863   0.016056     0.1256     0.0764 0.0000e+00
       2318      0.117     3.8854   0.016111     0.1260     0.0767 0.0000e+00
       2319      0.115     3.8849   0.016123     0.1261     0.0768 0.0000e+00
       2320      0.112     3.8845   0.016067     0.1257     0.0764 0.0000e+00
       2321      0.110     3.8840   0.015957     0.1248     0.0757 0.0000e+00
       2322      0.110     3.8830   0.015841     0.1239     0.0750 0.0000e+00
       2323      0.110     3.8820   0.015795     0.1235     0.0747 0.0000e+00
       2324      0.110     3.8809   0.015843     0.1239     0.0750 0.0000e+00
       2325      0.108     3.8799   0.015909     0.1244     0.0754 0.0000e+00
       2326      0.104     3.8788   0.015893     0.1243     0.0753 0.0000e+00
       2327      0.102     3.8778   0.015791     0.1235     0.0746 0.0000e+00
       2328      0.100     3.8769   0.015683     0.1226     0.0739 0.0000e+00
       2329      0.096     3.8769   0.015661     0.1224     0.0738 0.0000e+00
       2330      0.093     3.8785   0.015778     0.1234     0.0745 0.0000e+00
       2331      0.094     3.8804   0.015938     0.1247     0.0756 0.0000e+00
       2332      0.095     3.8810   0.015980     0.1250     0.0759 0.0000e+00
       2333      0.095     3.8802   0.015893     0.1243     0.0753 0.0000e+00
       2334      0.096     3.8788   0.015778     0.1234     0.0745 0.0000e+00
       2335      0.094     3.8773   0.015702     0.1228     0.0741 0.0000e+00
       2336      0.091     3.8758   0.015661     0.1224     0.0738 0.0000e+00
       2337      0.091     3.8746   0.015621     0.1221     0.0735 0.0000e+00
       2338      0.091     3.8734   0.015578     0.1218     0.0733 0.0000e+00
       2339      0.090     3.8722   0.015525     0.1213     0.0729 0.0000e+00
       2340      0.090     3.8712   0.015453     0.1208     0.0724 0.0000e+00
       2341      0.091     3.8703   0.015386     0.1202     0.0720 0.0000e+00
       2342      0.092     3.8693   0.015350     0.1199     0.0718 0.0000e+00
       2343      0.094     3.8684   0.015321     0.1197     0.0716 0.0000e+00
       2344      0.094     3.8676   0.015270     0.1193     0.0712 0.0000e+00
       2345      0.090     3.8674   0.015244     0.1191     0.0711 0.0000e+00
       2346      0.084     3.8679   0.015309     0.1196     0.0715 0.0000e+00
       2347      0.080     3.8682   0.015432     0.1206     0.0723 0.0000e+00
       2348      0.080     3.8677   0.015508     0.1212     0.0728 0.0000e+00
       2349      0.083     3.8666   0.015487     0.1211     0.0727 0.0000e+00
       2350      0.083     3.8655   0.015397     0.1203     0.0721 0.0000e+00
       2351      0.080     3.8644   0.015288     0.1195     0.0714 0.0000e+00
       2352      0.080     3.8634   0.015231     0.1190     0.0710 0.0000e+00
       2353      0.083     3.8627   0.015284     0.1194     0.0713 0.0000e+00
       2354      0.085     3.8620   0.015401     0.1204     0.0721 0.0000e+00
       2355      0.084     3.8609   0.015449     0.1208     0.0724 0.0000e+00
       2356      0.082     3.8598   0.015365     0.1201     0.0719 0.0000e+00
       2357      0.082     3.8589   0.015223     0.1189     0.0710 0.0000e+00
       2358      0.082     3.8582   0.015136     0.1182     0.0704 0.0000e+00
       2359      0.078     3.8575   0.015141     0.1183     0.0704 0.0000e+00
       2360      0.071     3.8571   0.015178     0.1186     0.0707 0.0000e+00
       2361      0.067     3.8568   0.015183     0.1186     0.0707 0.0000e+00
       2362      0.068     3.8567   0.015152     0.1184     0.0705 0.0000e+00
       2363      0.071     3.8563   0.015102     0.1180     0.0702 0.0000e+00
       2364      0.072     3.8555   0.015047     0.1175     0.0698 0.0000e+00
       2365      0.071     3.8546   0.014999     0.1171     0.0695 0.0000e+00
       2366      0.067     3.8539   0.014960     0.1168     0.0692 0.0000e+00
       2367      0.065     3.8533   0.014940     0.1167     0.0691 0.0000e+00
       2368      0.066     3.8529   0.014938     0.1167     0.0691 0.0000e+00
       2369      0.066     3.8523   0.014907     0.1164     0.0689 0.0000e+00
       2370      0.064     3.8518   0.014860     0.1160     0.0686 0.0000e+00
       2371      0.061     3.8520   0.014925     0.1166     0.0690 0.0000e+00
       2372      0.059     3.8529   0.015140     0.1183     0.0704 0.0000e+00
       2373      0.061     3.8537   0.015337     0.1199     0.0717 0.0000e+00
       2374      0.061     3.8533   0.015359     0.1201     0.0718 0.0000e+00
       2375      0.058     3.8525   0.015254     0.1192     0.0712 0.0000e+00
       2376      0.056     3.8519   0.015148     0.1184     0.0705 0.0000e+00
       2377      0.056     3.8511   0.015116     0.1181     0.0703 0.0000e+00
       2378      0.056     3.8505   0.015138     0.1183     0.0704 0.0000e+00
       2379      0.056     3.8504   0.015147     0.1184     0.0705 0.0000e+00
       2380      0.057     3.8507   0.015108     0.1180     0.0702 0.0000e+00
       2381      0.055     3.8506   0.015021     0.1173     0.0696 0.0000e+00
       2382      0.052     3.8499   0.014923     0.1165     0.0690 0.0000e+00
       2383      0.051     3.8489   0.014896     0.1163     0.0688 0.0000e+00
       2384      0.052     3.8481   0.014962     0.1169     0.0693 0.0000e+00
       2385      0.054     3.8476   0.015017     0.1173     0.0696 0.0000e+00
       2386      0.054     3.8471   0.014969     0.1169     0.0693 0.0000e+00
       2387      0.052     3.8464   0.014848     0.1160     0.0685 0.0000e+00
       2388      0.049     3.8457   0.014742     0.1151     0.0678 0.0000e+00
       2389      0.047     3.8450   0.014706     0.1148     0.0676 0.0000e+00
       2390      0.046     3.8443   0.014729     0.1150     0.0677 0.0000e+00
       2391      0.046     3.8436   0.014750     0.1152     0.0679 0.0000e+00
       2392      0.045     3.8429   0.014722     0.1149     0.0677 0.0000e+00
       2393      0.044     3.8423   0.014643     0.1143     0.0672 0.0000e+00
       2394      0.042     3.8420   0.014555     0.1136     0.0666 0.0000e+00
       2395      0.042     3.8419   0.014521     0.1133     0.0664 0.0000e+00
       2396      0.042     3.8417   0.014555     0.1136     0.0666 0.0000e+00
       2397      0.041     3.8414   0.014594     0.1139     0.0669 0.0000e+00
       2398      0.040     3.8407   0.014581     0.1138     0.0668 0.0000e+00
       2399      0.040     3.8402   0.014509     0.1132     0.0663 0.0000e+00
       2400      0.043     3.8402   0.014411     0.1124     0.0657 0.0000e+00
       2401      0.045     3.8404   0.014356     0.1120     0.0653 0.0000e+00
       2402      0.044     3.8405   0.014460     0.1128     0.0660 0.0000e+00
       2403      0.044     3.8403   0.014759     0.1153     0.0679 0.0000e+00
       2404      0.047     3.8396   0.015105     0.1181     0.0702 0.0000e+00
       2405      0.049     3.8388   0.015348     0.1200     0.0718 0.0000e+00
       2406      0.050     3.8382   0.015647     0.1224     0.0737 0.0000e+00
       2407      0.048     3.8376   0.016450     0.1290     0.0790 0.0000e+00
       2408      0.046     3.8368   0.018113     0.1425     0.0899 0.0000e+00
       2409      0.045     3.8361   0.020247     0.1599     0.1040 0.0000e+00
       2410      0.043     3.8356   0.021915     0.1736     0.1150 0.0000e+00
       2411      0.040     3.8350   0.022859     0.1814     0.1213 0.0000e+00
       2412      0.038     3.8343   0.023453     0.1863     0.1252 0.0000e+00
       2413      0.036     3.8343   0.024049     0.1912     0.1292 0.0000e+00
       2414      0.036     3.8361   0.024610     0.1958     0.1329 0.0000e+00
       2415      0.037     3.8395   0.024918     0.1983     0.1349 0.0000e+00
       2416      0.039     3.8422   0.025456     0.2027     0.1385 0.0000e+00
       2417      0.040     3.8435   0.026507     0.2114     0.1455 0.0000e+00
       2418      0.037     3.8438   0.027542     0.2200     0.1524 0.0000e+00
       2419      0.034     3.8434   0.028282     0.2261     0.1574 0.0000e+00
       2420      0.032     3.8420   0.028550     0.2283     0.1592 0.0000e+00
       2421      0.033     3.8403   0.028425     0.2273     0.1583 0.0000e+00
       2422      0.038     3.8389   0.028535     0.2282     0.1591 0.0000e+00
       2423      0.041     3.8380   0.029296     0.2346     0.1642 0.0000e+00
       2424      0.039     3.8374   0.030662     0.2459     0.1734 0.0000e+00
       2425      0.036     3.8368   0.032333     0.2599     0.1846 0.0000e+00
       2426      0.034     3.8360   0.033940     0.2733     0.1954 0.0000e+00
       2427      0.033     3.8353   0.035213     0.2840     0.2040 0.0000e+00
       2428      0.035     3.8346   0.036157     0.2919     0.2104 0.0000e+00
       2429      0.035     3.8339   0.037072     0.2996     0.2166 0.0000e+00
       2430      0.032     3.8331   0.038096     0.3082     0.2235 0.0000e+00
       2431      0.028     3.8324   0.039024     0.3160     0.2298 0.0000e+00
       2432      0.024     3.8318   0.039882     0.3232     0.2356 0.0000e+00
       2433      0.022     3.8311   0.040810     0.3311     0.2419 0.0000e+00
       2434      0.024     3.8302   0.041510     0.3370     0.2467 0.0000e+00
       2435      0.026     3.8296   0.041667     0.3383     0.2478 0.0000e+00
       2436      0.027     3.8289   0.041609     0.3378     0.2474 0.0000e+00
       2437      0.027     3.8285   0.042064     0.3417     0.2505 0.0000e+00
       2438      0.028     3.8280   0.043172     0.3510     0.2580 0.0000e+00
       2439      0.029     3.8275   0.044563     0.3628     0.2675 0.0000e+00
       2440      0.029     3.8272   0.045708     0.3725     0.2753 0.0000e+00
       2441      0.028     3.8267   0.045889     0.3741     0.2766 0.0000e+00
       2442      0.025     3.8262   0.044898     0.3657     0.2698 0.0000e+00
       2443      0.021     3.8256   0.043388     0.3529     0.2595 0.0000e+00
       2444      0.021     3.8250   0.042716     0.3472     0.2549 0.0000e+00
       2445      0.023     3.8243   0.043873     0.3570     0.2628 0.0000e+00
       2446      0.027     3.8240   0.045933     0.3745     0.2769 0.0000e+00
       2447      0.029     3.8236   0.046744     0.3814     0.2824 0.0000e+00
       2448      0.029 -9.990e-29   0.046584 -9.990e-29 -9.990e-29 0.0000e+00
