Datasets/Test_Dataset_39219_tow/tel219_2021_045.cnv
* Sea-Bird SBE19plus Data File:
* Filename = C:/AQUIRE/tel219_2021_045.hex
* Software Version AquireV2 AF V2.0
* Temperature SN =  4020
* Conductivity SN =  4020
* System UpLoad Time = May 12 2021 17:14:53
** VESSEL/TRIP/SEQ STN: tel219_2021_045
** LATITUDE: 45 26.41 N
** LONGITUDE: 55 56.77 W
** DATE/TIME: 2021-05-12 16:41
** SOUNDING DEPTH (M): 0048
** PROBE TYPE: S4020
** CTD NUMBER: 045
** FORMAT: T
** COMMENTS: 
# nquan = 7                                 
# nvalues = 2032                        
# units = specified
# name 0 = scan: Scan Count
# name 1 = prdM: Pressure, Strain Gauge [db]
# name 2 = tv290C: Temperature [ITS-90, deg C]
# name 3 = c0S/m: Conductivity [S/m]
# name 4 = sal00: Salinity, Practical [PSU]
# name 5 = sigma-t00: Density [sigma-t, kg/m^3 ]
# name 6 = flag: flag
# span 0 =          1,       2032       
# span 1 =     -0.206,     41.233       
# span 2 =     3.0683,     4.6586       
# span 3 =   0.009635,   2.996053       
# span 4 =     0.0727,    32.3859       
# span 5 =     0.0299,    25.7608       
# span 6 = 0.0000e+00, 0.0000e+00       
# interval = seconds: 1
# start_time = May 12 2021 16:41:27 [Instrument's time stamp, header]
# bad_flag = -9.990e-29
*END*
[from data line 206]
        207      1.831     3.3241   2.966327    32.2392    25.6535 0.0000e+00
        208      1.820     3.3071   2.964703    32.2366    25.6529 0.0000e+00
        209      1.820     3.2959   2.963922    32.2384    25.6554 0.0000e+00
        210      1.764     3.2938   2.964001    32.2415    25.6580 0.0000e+00
        211      1.642     3.2922   2.963931    32.2423    25.6588 0.0000e+00
        212      1.518     3.2883   2.963544    32.2416    25.6586 0.0000e+00
        213      1.442     3.2853   2.963186    32.2403    25.6578 0.0000e+00
        214      1.392     3.2889   2.963416    32.2395    25.6569 0.0000e+00
        215      1.329     3.3037   2.964546    32.2384    25.6547 0.0000e+00
        216      1.274     3.3239   2.966152    32.2376    25.6522 0.0000e+00
        217      1.273     3.3353   2.967170    32.2384    25.6519 0.0000e+00
        218      1.296     3.3321   2.966824    32.2374    25.6514 0.0000e+00
        219      1.253     3.3218   2.965947    32.2372    25.6521 0.0000e+00
        220      1.111     3.3102   2.965139    32.2391    25.6547 0.0000e+00
        221      0.947     3.3012   2.964338    32.2386    25.6550 0.0000e+00
        222      0.848     3.3015   2.964444    32.2396    25.6558 0.0000e+00
        223      0.800     3.3068   2.965067    32.2418    25.6571 0.0000e+00
        224      0.765     3.3080   2.965086    32.2409    25.6563 0.0000e+00
        225      0.742     3.3060   2.964834    32.2398    25.6556 0.0000e+00
        226      0.709     3.3069   2.964921    32.2400    25.6557 0.0000e+00
        227      0.624     3.3108   2.965310    32.2408    25.6560 0.0000e+00
        228      0.495     3.3133   2.965519    32.2409    25.6558 0.0000e+00
        229      0.394     3.3132   2.965435    32.2401    25.6552 0.0000e+00
        230      0.387     3.3126   2.965379    32.2400    25.6552 0.0000e+00
        231      0.459     3.3119   2.965324    32.2400    25.6552 0.0000e+00
        232      0.513     3.3085   2.964998    32.2394    25.6551 0.0000e+00
        233      0.489     3.3025   2.964511    32.2396    25.6557 0.0000e+00
        234      0.410     3.2958   2.964069    32.2410    25.6574 0.0000e+00
        235      0.318     3.2908   2.963815    32.2430    25.6595 0.0000e+00
        236      0.233     3.2889   2.963732    32.2439    25.6604 0.0000e+00
        237      0.155     3.2877   2.963514    32.2425    25.6594 0.0000e+00
        238      0.087     3.2863   2.963244    32.2407    25.6581 0.0000e+00
        239      0.051     3.2884   2.963386    32.2404    25.6576 0.0000e+00
        240      0.062     3.2959   2.964096    32.2414    25.6578 0.0000e+00
        241      0.099     3.3040   2.964826    32.2421    25.6576 0.0000e+00
        242      0.107     3.3070   2.964949    32.2406    25.6561 0.0000e+00
        243      0.066     3.3057   2.964696    32.2388    25.6549 0.0000e+00
        244      0.015     3.3034   2.964522    32.2391    25.6552 0.0000e+00
        245     -0.012     3.2978   2.964129    32.2399    25.6564 0.0000e+00
        246     -0.021     3.2855   2.963117    32.2400    25.6576 0.0000e+00
        247     -0.029     3.2718   2.962007    32.2404    25.6591 0.0000e+00
        248     -0.038     3.2629   2.961339    32.2412    25.6605 0.0000e+00
        249     -0.044     3.2587   2.961177    32.2435    25.6627 0.0000e+00
        250     -0.033     3.2568   2.961104    32.2445    25.6637 0.0000e+00
        251     -0.003     3.2544   2.960648    32.2414    25.6614 0.0000e+00
        252      0.037     3.2507   2.960292    32.2408    25.6612 0.0000e+00
        253      0.086     3.2447   2.959894    32.2419    25.6627 0.0000e+00
        254      0.147     3.2347   2.958893    32.2398    25.6619 0.0000e+00
        255      0.226     3.2253   2.958050    32.2390    25.6621 0.0000e+00
        256      0.297     3.2209   2.957777    32.2401    25.6633 0.0000e+00
        257      0.342     3.2192   2.957678    32.2406    25.6639 0.0000e+00
        258      0.394     3.2192   2.957704    32.2409    25.6641 0.0000e+00
        259      0.489     3.2209   2.957826    32.2406    25.6637 0.0000e+00
        260      0.614     3.2245   2.958069    32.2398    25.6628 0.0000e+00
        261      0.757     3.2285   2.958388    32.2396    25.6623 0.0000e+00
        262      0.947     3.2310   2.958579    32.2393    25.6618 0.0000e+00
        263      1.202     3.2302   2.958484    32.2388    25.6615 0.0000e+00
        264      1.508     3.2252   2.957989    32.2377    25.6611 0.0000e+00
        265      1.845     3.2204   2.957556    32.2371    25.6610 0.0000e+00
        266      2.171     3.2209   2.957653    32.2376    25.6614 0.0000e+00
        267      2.454     3.2258   2.958155    32.2386    25.6617 0.0000e+00
        268      2.678     3.2314   2.958712    32.2396    25.6620 0.0000e+00
        269      2.800     3.2333   2.958870    32.2395    25.6618 0.0000e+00
        270      2.807     3.2316   2.958657    32.2387    25.6613 0.0000e+00
        271      2.775     3.2305   2.958518    32.2381    25.6609 0.0000e+00
        272      2.790     3.2305   2.958565    32.2387    25.6614 0.0000e+00
        273      2.884     3.2279   2.958337    32.2385    25.6614 0.0000e+00
        274      3.049     3.2261   2.958061    32.2369    25.6603 0.0000e+00
        275      3.240     3.2310   2.958654    32.2390    25.6616 0.0000e+00
        276      3.406     3.2337   2.959066    32.2412    25.6631 0.0000e+00
        277      3.544     3.2286   2.958516    32.2396    25.6623 0.0000e+00
        278      3.644     3.2281   2.958344    32.2380    25.6610 0.0000e+00
        279      3.646     3.2392   2.959332    32.2388    25.6607 0.0000e+00
        280      3.540     3.2479   2.960132    32.2398    25.6607 0.0000e+00
        281      3.435     3.2422   2.959291    32.2354    25.6577 0.0000e+00
        282      3.424     3.2303   2.958224    32.2344    25.6580 0.0000e+00
        283      3.512     3.2226   2.957919    32.2384    25.6618 0.0000e+00
        284      3.676     3.2186   2.957740    32.2402    25.6636 0.0000e+00
        285      3.881     3.2172   2.957635    32.2402    25.6637 0.0000e+00
        286      4.083     3.2182   2.957655    32.2393    25.6630 0.0000e+00
        287      4.284     3.2201   2.957785    32.2389    25.6624 0.0000e+00
        288      4.521     3.2212   2.957925    32.2393    25.6627 0.0000e+00
        289      4.769     3.2218   2.957993    32.2394    25.6627 0.0000e+00
        290      4.938     3.2221   2.958030    32.2395    25.6627 0.0000e+00
        291      4.992     3.2198   2.957849    32.2396    25.6630 0.0000e+00
        292      5.000     3.2133   2.957252    32.2389    25.6630 0.0000e+00
        293      5.077     3.2070   2.956665    32.2380    25.6629 0.0000e+00
        294      5.284     3.2073   2.956724    32.2384    25.6631 0.0000e+00
        295      5.578     3.2149   2.957465    32.2395    25.6634 0.0000e+00
        296      5.858     3.2250   2.958387    32.2404    25.6632 0.0000e+00
        297      6.092     3.2328   2.959035    32.2403    25.6625 0.0000e+00
        298      6.308     3.2369   2.959328    32.2396    25.6616 0.0000e+00
        299      6.482     3.2371   2.959329    32.2393    25.6613 0.0000e+00
        300      6.602     3.2321   2.958891    32.2390    25.6615 0.0000e+00
        301      6.718     3.2226   2.958046    32.2382    25.6617 0.0000e+00
        302      6.875     3.2106   2.957096    32.2387    25.6631 0.0000e+00
        303      7.082     3.1979   2.956195    32.2404    25.6656 0.0000e+00
        304      7.337     3.1855   2.955223    32.2410    25.6671 0.0000e+00
        305      7.645     3.1737   2.954237    32.2407    25.6679 0.0000e+00
        306      7.981     3.1644   2.953502    32.2409    25.6689 0.0000e+00
        307      8.307     3.1624   2.953312    32.2405    25.6688 0.0000e+00
        308      8.618     3.1669   2.953825    32.2420    25.6696 0.0000e+00
        309      8.935     3.1696   2.954051    32.2419    25.6692 0.0000e+00
        310      9.277     3.1737   2.954137    32.2386    25.6663 0.0000e+00
        311      9.668     3.1860   2.955275    32.2398    25.6662 0.0000e+00
        312     10.086     3.1995   2.956558    32.2416    25.6664 0.0000e+00
        313     10.452     3.2032   2.956846    32.2412    25.6658 0.0000e+00
        314     10.732     3.1944   2.955881    32.2382    25.6641 0.0000e+00
        315     10.976     3.1820   2.954721    32.2365    25.6639 0.0000e+00
        316     11.233     3.1730   2.954279    32.2400    25.6675 0.0000e+00
        317     11.528     3.1624   2.953469    32.2407    25.6689 0.0000e+00
        318     11.865     3.1494   2.952258    32.2389    25.6686 0.0000e+00
        319     12.220     3.1418   2.951744    32.2401    25.6702 0.0000e+00
        320     12.568     3.1383   2.951647    32.2422    25.6722 0.0000e+00
        321     12.910     3.1331   2.951169    32.2415    25.6721 0.0000e+00
        322     13.258     3.1277   2.950635    32.2402    25.6716 0.0000e+00
        323     13.608     3.1264   2.950637    32.2414    25.6726 0.0000e+00
        324     13.946     3.1268   2.950786    32.2426    25.6735 0.0000e+00
        325     14.278     3.1251   2.950589    32.2417    25.6730 0.0000e+00
        326     14.608     3.1222   2.950320    32.2412    25.6728 0.0000e+00
        327     14.938     3.1201   2.950200    32.2417    25.6734 0.0000e+00
        328     15.274     3.1192   2.950124    32.2415    25.6733 0.0000e+00
        329     15.621     3.1187   2.950096    32.2415    25.6733 0.0000e+00
        330     15.977     3.1186   2.950125    32.2417    25.6736 0.0000e+00
        331     16.339     3.1189   2.950182    32.2419    25.6737 0.0000e+00
        332     16.706     3.1196   2.950239    32.2417    25.6735 0.0000e+00
        333     17.080     3.1203   2.950293    32.2415    25.6732 0.0000e+00
        334     17.467     3.1205   2.950328    32.2415    25.6732 0.0000e+00
        335     17.865     3.1204   2.950322    32.2413    25.6731 0.0000e+00
        336     18.256     3.1204   2.950335    32.2413    25.6730 0.0000e+00
        337     18.624     3.1205   2.950369    32.2414    25.6731 0.0000e+00
        338     18.978     3.1196   2.950299    32.2413    25.6731 0.0000e+00
        339     19.333     3.1177   2.950126    32.2409    25.6730 0.0000e+00
        340     19.700     3.1163   2.950027    32.2409    25.6731 0.0000e+00
        341     20.084     3.1156   2.950005    32.2411    25.6733 0.0000e+00
        342     20.473     3.1148   2.949941    32.2410    25.6733 0.0000e+00
        343     20.856     3.1141   2.949891    32.2408    25.6732 0.0000e+00
        344     21.225     3.1137   2.949897    32.2411    25.6735 0.0000e+00
        345     21.579     3.1136   2.949900    32.2411    25.6735 0.0000e+00
        346     21.921     3.1136   2.949913    32.2410    25.6734 0.0000e+00
        347     22.259     3.1139   2.949953    32.2411    25.6734 0.0000e+00
        348     22.606     3.1139   2.949952    32.2409    25.6733 0.0000e+00
        349     22.971     3.1136   2.949915    32.2405    25.6730 0.0000e+00
        350     23.342     3.1141   2.949974    32.2405    25.6730 0.0000e+00
        351     23.686     3.1154   2.950147    32.2411    25.6734 0.0000e+00
        352     23.992     3.1152   2.950122    32.2409    25.6732 0.0000e+00
        353     24.275     3.1124   2.949786    32.2395    25.6723 0.0000e+00
        354     24.558     3.1094   2.949518    32.2391    25.6722 0.0000e+00
        355     24.859     3.1081   2.949476    32.2397    25.6729 0.0000e+00
        356     25.186     3.1082   2.949525    32.2400    25.6731 0.0000e+00
        357     25.532     3.1083   2.949556    32.2401    25.6732 0.0000e+00
        358     25.882     3.1083   2.949552    32.2399    25.6730 0.0000e+00
        359     26.219     3.1086   2.949599    32.2400    25.6730 0.0000e+00
        360     26.526     3.1093   2.949680    32.2401    25.6731 0.0000e+00
        361     26.787     3.1094   2.949685    32.2399    25.6729 0.0000e+00
        362     26.995     3.1112   2.949776    32.2391    25.6721 0.0000e+00
        363     27.160     3.1209   2.950610    32.2394    25.6715 0.0000e+00
        364     27.306     3.1387   2.952380    32.2429    25.6727 0.0000e+00
        365     27.464     3.1477   2.953195    32.2436    25.6726 0.0000e+00
        366     27.646     3.1366   2.951823    32.2381    25.6691 0.0000e+00
        367     27.851     3.1196   2.950208    32.2355    25.6685 0.0000e+00
        368     28.079     3.1120   2.949769    32.2377    25.6709 0.0000e+00
        369     28.324     3.1126   2.949987    32.2396    25.6723 0.0000e+00
        370     28.569     3.1147   2.950222    32.2402    25.6726 0.0000e+00
        371     28.795     3.1159   2.950291    32.2397    25.6722 0.0000e+00
        372     28.989     3.1182   2.950483    32.2396    25.6719 0.0000e+00
        373     29.144     3.1204   2.950747    32.2405    25.6724 0.0000e+00
        374     29.261     3.1183   2.950531    32.2399    25.6721 0.0000e+00
        375     29.346     3.1126   2.949942    32.2385    25.6715 0.0000e+00
        376     29.419     3.1084   2.949600    32.2385    25.6719 0.0000e+00
        377     29.502     3.1075   2.949601    32.2394    25.6726 0.0000e+00
        378     29.615     3.1086   2.949727    32.2397    25.6728 0.0000e+00
        379     29.767     3.1099   2.949860    32.2400    25.6729 0.0000e+00
        380     29.950     3.1107   2.949931    32.2399    25.6728 0.0000e+00
        381     30.141     3.1103   2.949885    32.2397    25.6726 0.0000e+00
        382     30.321     3.1090   2.949752    32.2393    25.6724 0.0000e+00
        383     30.480     3.1075   2.949614    32.2390    25.6723 0.0000e+00
        384     30.618     3.1064   2.949531    32.2390    25.6725 0.0000e+00
        385     30.741     3.1060   2.949507    32.2391    25.6725 0.0000e+00
        386     30.862     3.1060   2.949520    32.2392    25.6726 0.0000e+00
        387     30.989     3.1066   2.949583    32.2393    25.6726 0.0000e+00
        388     31.122     3.1079   2.949711    32.2395    25.6727 0.0000e+00
        389     31.261     3.1083   2.949775    32.2398    25.6729 0.0000e+00
        390     31.402     3.1075   2.949656    32.2390    25.6724 0.0000e+00
        391     31.538     3.1061   2.949515    32.2387    25.6722 0.0000e+00
        392     31.663     3.1054   2.949482    32.2389    25.6724 0.0000e+00
        393     31.783     3.1056   2.949525    32.2392    25.6726 0.0000e+00
        394     31.913     3.1064   2.949612    32.2393    25.6727 0.0000e+00
        395     32.068     3.1075   2.949723    32.2395    25.6727 0.0000e+00
        396     32.259     3.1086   2.949834    32.2396    25.6727 0.0000e+00
        397     32.473     3.1087   2.949858    32.2397    25.6728 0.0000e+00
        398     32.680     3.1076   2.949737    32.2392    25.6725 0.0000e+00
        399     32.859     3.1063   2.949609    32.2389    25.6724 0.0000e+00
        400     33.014     3.1062   2.949633    32.2392    25.6726 0.0000e+00
        401     33.160     3.1068   2.949710    32.2395    25.6728 0.0000e+00
        402     33.312     3.1071   2.949712    32.2391    25.6725 0.0000e+00
        403     33.476     3.1083   2.949824    32.2392    25.6724 0.0000e+00
        404     33.652     3.1102   2.950044    32.2398    25.6728 0.0000e+00
        405     33.840     3.1106   2.950072    32.2397    25.6726 0.0000e+00
        406     34.045     3.1095   2.949942    32.2391    25.6722 0.0000e+00
        407     34.267     3.1083   2.949838    32.2389    25.6722 0.0000e+00
        408     34.506     3.1072   2.949761    32.2390    25.6723 0.0000e+00
        409     34.750     3.1063   2.949707    32.2391    25.6725 0.0000e+00
        410     34.975     3.1056   2.949667    32.2392    25.6726 0.0000e+00
