Datasets/Test_Dataset_39219_tow/tel219_2021_054.cnv
* Sea-Bird SBE19plus Data File:
* Filename = C:/AQUIRE/tel219_2021_054.hex
* Software Version AquireV2 AF V2.0
* Temperature SN =  4020
* Conductivity SN =  4020
* System UpLoad Time = May 13 2021 19:59:13
** VESSEL/TRIP/SEQ STN: tel219_2021_054
** LATITUDE: 45 03.65 N
** LONGITUDE: 55 13.54 W
** DATE/TIME: 2021-05-13 18:20
** SOUNDING DEPTH (M): 0461
** PROBE TYPE: S4020
** CTD NUMBER:  54
** FORMAT: t
** COMMENTS: 
# nquan = 7                                 
# nvalues = 5697                        
# units = specified
# name 0 = scan: Scan Count
# name 1 = prdM: Pressure, Strain Gauge [db]
# name 2 = tv290C: Temperature [ITS-90, deg C]
# name 3 = c0S/m: Conductivity [S/m]
# name 4 = sal00: Salinity, Practical [PSU]
# name 5 = sigma-t00: Density [sigma-t, kg/m^3 ]
# name 6 = flag: flag
# span 0 =          1,       5697       
# span 1 =     -0.731,    489.377       
# span 2 =     1.5989,     9.3956       
# span 3 =   0.007985,   3.765972       
# span 4 =     0.0573,    35.1204       
# span 5 =    -0.0365,    27.5025       
# span 6 = 0.0000e+00, 0.0000e+00       
# interval = seconds: 1
# start_time = May 13 2021 18:20:54 [Instrument's time stamp, header]
# bad_flag = -9.990e-29
*END*
[from data line 3283]
       3284      0.104     4.7549   3.100646    32.4106    25.6494 0.0000e+00
       3285     -0.075     4.7584   3.100856    32.4097    25.6483 0.0000e+00
       3286     -0.297     4.7583   3.100396    32.4046    25.6442 0.0000e+00
       3287     -0.486     4.7554   3.090503    32.2931    25.5562 0.0000e+00
       3288     -0.591     4.7516   3.012881    31.4012    24.8495 0.0000e+00
       3289     -0.612     4.7477   2.952153    30.7065    24.2992 0.0000e+00
       3290     -0.575     4.7443   3.023262    31.5277    24.9505 0.0000e+00
       3291     -0.544     4.7438   3.047435    31.8070    25.1720 0.0000e+00
       3292     -0.580     4.7473   2.604658    26.7501    21.1656 0.0000e+00
       3293     -0.654     4.7513   1.758462    17.4093    13.7774 0.0000e+00
       3294     -0.694     4.7521   1.390980    13.4974    10.6849 0.0000e+00
       3295     -0.700     4.7521   1.615753    15.8786    12.5674 0.0000e+00
       3296     -0.708     4.7538   1.459353    14.2171    11.2538 0.0000e+00
       3297     -0.720     4.7550   0.816385     7.5952     6.0145 0.0000e+00
       3298     -0.728     4.7540   0.454811     4.0606     3.2107 0.0000e+00
       3299     -0.731     4.7514   0.417426     3.7062     2.9290 0.0000e+00
       3300     -0.731     4.7470   0.538341     4.8624     3.8477 0.0000e+00
       3301     -0.730     4.7408   1.029666     9.7551     7.7253 0.0000e+00
       3302     -0.727     4.7345   1.224752    11.7670     9.3174 0.0000e+00
       3303     -0.721     4.7299   0.658810     6.0384     4.7814 0.0000e+00
       3304     -0.717     4.7260   0.205396     1.7489     1.3708 0.0000e+00
       3305     -0.715     4.7220   0.140315     1.1710     0.9093 0.0000e+00
       3306     -0.710     4.7177   0.119629     0.9906     0.7652 0.0000e+00
       3307     -0.703     4.7122   0.112393     0.9280     0.7152 0.0000e+00
       3308     -0.701     4.7047   0.108651     0.8959     0.6896 0.0000e+00
       3309     -0.700     4.6965   0.102171     0.8402     0.6451 0.0000e+00
       3310     -0.698     4.6894   0.093057     0.7621     0.5827 0.0000e+00
       3311     -0.696     4.6839   0.084628     0.6902     0.5252 0.0000e+00
       3312     -0.695     4.6791   0.079341     0.6453     0.4892 0.0000e+00
       3313     -0.695     4.6745   0.077803     0.6323     0.4789 0.0000e+00
       3314     -0.692     4.6701   0.076171     0.6185     0.4679 0.0000e+00
       3315     -0.687     4.6660   0.072477     0.5873     0.4430 0.0000e+00
       3316     -0.683     4.6620   0.069379     0.5612     0.4221 0.0000e+00
       3317     -0.679     4.6585   0.067380     0.5444     0.4087 0.0000e+00
       3318     -0.675     4.6551   0.064531     0.5205     0.3895 0.0000e+00
       3319     -0.670     4.6517   0.060446     0.4862     0.3621 0.0000e+00
       3320     -0.664     4.6486   0.056638     0.4544     0.3366 0.0000e+00
       3321     -0.659     4.6455   0.053927     0.4318     0.3185 0.0000e+00
       3322     -0.655     4.6425   0.051813     0.4143     0.3045 0.0000e+00
       3323     -0.652     4.6396   0.050265     0.4014     0.2942 0.0000e+00
       3324     -0.651     4.6370   0.050123     0.4003     0.2933 0.0000e+00
       3325     -0.650     4.6343   0.051539     0.4121     0.3028 0.0000e+00
       3326     -0.646     4.6317   0.053078     0.4249     0.3132 0.0000e+00
       3327     -0.641     4.6292   0.054101     0.4335     0.3201 0.0000e+00
       3328     -0.637     4.6270   0.055420     0.4445     0.3290 0.0000e+00
       3329     -0.632     4.6250   0.057977     0.4659     0.3462 0.0000e+00
       3330     -0.626     4.6232   0.061707     0.4972     0.3713 0.0000e+00
       3331     -0.621     4.6214   0.064068     0.5171     0.3872 0.0000e+00
       3332     -0.616     4.6197   0.063230     0.5101     0.3816 0.0000e+00
       3333     -0.611     4.6182   0.061723     0.4974     0.3715 0.0000e+00
       3334     -0.607     4.6167   0.063161     0.5096     0.3812 0.0000e+00
       3335     -0.601     4.6154   0.072778     0.5908     0.4464 0.0000e+00
       3336     -0.596     4.6143   0.096697     0.7951     0.6101 0.0000e+00
       3337     -0.593     4.6132   0.121379     1.0090     0.7813 0.0000e+00
       3338     -0.591     4.6124   0.126050     1.0498     0.8140 0.0000e+00
       3339     -0.589     4.6116   0.118468     0.9837     0.7611 0.0000e+00
       3340     -0.586     4.6109   0.116057     0.9627     0.7443 0.0000e+00
       3341     -0.583     4.6102   0.125724     1.0470     0.8118 0.0000e+00
       3342     -0.581     4.6097   0.145237     1.2183     0.9488 0.0000e+00
       3343     -0.581     4.6093   0.163007     1.3756     1.0746 0.0000e+00
       3344     -0.579     4.6090   0.169416     1.4326     1.1201 0.0000e+00
       3345     -0.574     4.6090   0.164325     1.3873     1.0839 0.0000e+00
       3346     -0.569     4.6090   0.154943     1.3041     1.0174 0.0000e+00
       3347     -0.564     4.6090   0.147825     1.2412     0.9671 0.0000e+00
       3348     -0.563     4.6089   0.144153     1.2088     0.9412 0.0000e+00
       3349     -0.564     4.6090   0.141143     1.1823     0.9200 0.0000e+00
       3350     -0.563     4.6092   0.135460     1.1323     0.8800 0.0000e+00
       3351     -0.562     4.6094   0.128566     1.0719     0.8317 0.0000e+00
       3352     -0.560     4.6097   0.124528     1.0366     0.8034 0.0000e+00
       3353     -0.554     4.6099   0.124096     1.0328     0.8004 0.0000e+00
       3354     -0.546     4.6102   0.126047     1.0498     0.8140 0.0000e+00
       3355     -0.542     4.6105   0.128848     1.0743     0.8336 0.0000e+00
       3356     -0.540     4.6108   0.130312     1.0871     0.8439 0.0000e+00
       3357     -0.538     4.6112   0.129815     1.0827     0.8404 0.0000e+00
       3358     -0.535     4.6115   0.129729     1.0820     0.8398 0.0000e+00
       3359     -0.532     4.6120   0.132689     1.1079     0.8605 0.0000e+00
       3360     -0.531     4.6125   0.139349     1.1664     0.9072 0.0000e+00
       3361     -0.532     4.6130   0.146181     1.2265     0.9553 0.0000e+00
       3362     -0.531     4.6134   0.146953     1.2333     0.9608 0.0000e+00
       3363     -0.525     4.6138   0.141383     1.1842     0.9215 0.0000e+00
       3364     -0.519     4.6143   0.134717     1.1256     0.8746 0.0000e+00
       3365     -0.516     4.6147   0.130752     1.0908     0.8468 0.0000e+00
       3366     -0.513     4.6151   0.130396     1.0877     0.8443 0.0000e+00
       3367     -0.508     4.6156   0.131775     1.0998     0.8539 0.0000e+00
       3368     -0.502     4.6160   0.131409     1.0966     0.8514 0.0000e+00
       3369     -0.499     4.6166   0.128449     1.0706     0.8306 0.0000e+00
       3370     -0.498     4.6173   0.125421     1.0441     0.8094 0.0000e+00
       3371     -0.496     4.6178   0.123851     1.0304     0.7984 0.0000e+00
       3372     -0.494     4.6182   0.122880     1.0219     0.7916 0.0000e+00
       3373     -0.493     4.6186   0.120841     1.0041     0.7774 0.0000e+00
       3374     -0.493     4.6190   0.117006     0.9707     0.7506 0.0000e+00
       3375     -0.494     4.6196   0.112073     0.9278     0.7163 0.0000e+00
       3376     -0.492     4.6201   0.106889     0.8829     0.6803 0.0000e+00
       3377     -0.488     4.6205   0.102018     0.8408     0.6466 0.0000e+00
       3378     -0.482     4.6211   0.098804     0.8131     0.6244 0.0000e+00
       3379     -0.478     4.6217   0.098761     0.8127     0.6241 0.0000e+00
       3380     -0.474     4.6226   0.100537     0.8280     0.6363 0.0000e+00
       3381     -0.472     4.6238   0.100844     0.8306     0.6384 0.0000e+00
       3382     -0.474     4.6251   0.099709     0.8208     0.6305 0.0000e+00
       3383     -0.477     4.6262   0.098565     0.8109     0.6226 0.0000e+00
       3384     -0.477     4.6269   0.096773     0.7954     0.6102 0.0000e+00
       3385     -0.473     4.6277   0.094955     0.7798     0.5977 0.0000e+00
       3386     -0.470     4.6285   0.093860     0.7704     0.5901 0.0000e+00
       3387     -0.467     4.6292   0.092318     0.7571     0.5795 0.0000e+00
       3388     -0.464     4.6298   0.089753     0.7351     0.5619 0.0000e+00
       3389     -0.460     4.6308   0.087268     0.7138     0.5448 0.0000e+00
       3390     -0.454     4.6319   0.086573     0.7079     0.5400 0.0000e+00
       3391     -0.451     4.6328   0.088051     0.7205     0.5501 0.0000e+00
       3392     -0.452     4.6333   0.090255     0.7393     0.5652 0.0000e+00
       3393     -0.450     4.6335   0.091721     0.7519     0.5753 0.0000e+00
       3394     -0.445     4.6339   0.092432     0.7580     0.5801 0.0000e+00
       3395     -0.440     4.6342   0.092653     0.7599     0.5816 0.0000e+00
       3396     -0.437     4.6344   0.091941     0.7538     0.5767 0.0000e+00
       3397     -0.437     4.6348   0.090148     0.7384     0.5644 0.0000e+00
       3398     -0.437     4.6352   0.087500     0.7157     0.5462 0.0000e+00
       3399     -0.437     4.6356   0.084001     0.6858     0.5223 0.0000e+00
       3400     -0.438     4.6361   0.080105     0.6526     0.4957 0.0000e+00
       3401     -0.437     4.6366   0.077249     0.6283     0.4762 0.0000e+00
       3402     -0.434     4.6371   0.076351     0.6207     0.4701 0.0000e+00
       3403     -0.431     4.6375   0.076427     0.6213     0.4706 0.0000e+00
       3404     -0.426     4.6379   0.076100     0.6185     0.4683 0.0000e+00
       3405     -0.420     4.6383   0.075075     0.6098     0.4614 0.0000e+00
       3406     -0.420     4.6387   0.073370     0.5954     0.4498 0.0000e+00
       3407     -0.422     4.6392   0.070955     0.5749     0.4334 0.0000e+00
       3408     -0.422     4.6399   0.069224     0.5603     0.4216 0.0000e+00
       3409     -0.421     4.6410   0.070740     0.5731     0.4319 0.0000e+00
       3410     -0.418     4.6421   0.077009     0.6262     0.4744 0.0000e+00
       3411     -0.412     4.6425   0.085556     0.6989     0.5327 0.0000e+00
       3412     -0.407     4.6427   0.090546     0.7416     0.5669 0.0000e+00
       3413     -0.404     4.6432   0.088861     0.7272     0.5553 0.0000e+00
       3414     -0.405     4.6439   0.083236     0.6791     0.5168 0.0000e+00
       3415     -0.410     4.6446   0.079186     0.6446     0.4892 0.0000e+00
       3416     -0.411     4.6452   0.079815     0.6500     0.4934 0.0000e+00
       3417     -0.409     4.6457   0.084101     0.6865     0.5227 0.0000e+00
       3418     -0.407     4.6462   0.087856     0.7185     0.5484 0.0000e+00
       3419     -0.404     4.6466   0.086786     0.7094     0.5410 0.0000e+00
       3420     -0.400     4.6470   0.081239     0.6620     0.5031 0.0000e+00
       3421     -0.399     4.6473   0.075515     0.6134     0.4641 0.0000e+00
       3422     -0.399     4.6477   0.072547     0.5882     0.4439 0.0000e+00
       3423     -0.397     4.6481   0.072035     0.5839     0.4405 0.0000e+00
       3424     -0.391     4.6486   0.072445     0.5874     0.4432 0.0000e+00
       3425     -0.388     4.6491   0.072375     0.5868     0.4427 0.0000e+00
       3426     -0.388     4.6496   0.071433     0.5788     0.4363 0.0000e+00
       3427     -0.386     4.6501   0.070357     0.5697     0.4290 0.0000e+00
       3428     -0.384     4.6506   0.069575     0.5631     0.4237 0.0000e+00
       3429     -0.383     4.6510   0.068662     0.5554     0.4175 0.0000e+00
       3430     -0.383     4.6517   0.067397     0.5447     0.4090 0.0000e+00
       3431     -0.384     4.6523   0.066424     0.5365     0.4024 0.0000e+00
       3432     -0.383     4.6529   0.066665     0.5385     0.4040 0.0000e+00
       3433     -0.382     4.6534   0.068080     0.5504     0.4135 0.0000e+00
       3434     -0.381     4.6539   0.069313     0.5608     0.4219 0.0000e+00
       3435     -0.379     4.6544   0.069192     0.5598     0.4210 0.0000e+00
       3436     -0.378     4.6551   0.068084     0.5504     0.4135 0.0000e+00
       3437     -0.375     4.6557   0.067399     0.5446     0.4089 0.0000e+00
       3438     -0.373     4.6563   0.068325     0.5524     0.4151 0.0000e+00
       3439     -0.373     4.6567   0.070817     0.5735     0.4320 0.0000e+00
       3440     -0.374     4.6571   0.073212     0.5937     0.4482 0.0000e+00
       3441     -0.375     4.6579   0.073544     0.5965     0.4504 0.0000e+00
       3442     -0.372     4.6588   0.071784     0.5816     0.4385 0.0000e+00
       3443     -0.369     4.6594   0.069652     0.5636     0.4240 0.0000e+00
       3444     -0.369     4.6599   0.068077     0.5503     0.4134 0.0000e+00
       3445     -0.368     4.6602   0.066464     0.5367     0.4025 0.0000e+00
       3446     -0.365     4.6608   0.064183     0.5175     0.3871 0.0000e+00
       3447     -0.362     4.6614   0.061693     0.4966     0.3703 0.0000e+00
       3448     -0.360     4.6617   0.059764     0.4804     0.3573 0.0000e+00
       3449     -0.356     4.6621   0.058731     0.4717     0.3504 0.0000e+00
       3450     -0.355     4.6628   0.058381     0.4688     0.3480 0.0000e+00
       3451     -0.357     4.6638   0.057898     0.4647     0.3447 0.0000e+00
       3452     -0.358     4.6646   0.057088     0.4580     0.3393 0.0000e+00
       3453     -0.357     4.6651   0.056422     0.4524     0.3348 0.0000e+00
       3454     -0.356     4.6655   0.055991     0.4488     0.3319 0.0000e+00
       3455     -0.357     4.6669   0.055432     0.4441     0.3281 0.0000e+00
       3456     -0.354     4.6701   0.054527     0.4365     0.3220 0.0000e+00
       3457     -0.349     4.6738   0.053775     0.4302     0.3169 0.0000e+00
       3458     -0.347     4.6759   0.053871     0.4310     0.3175 0.0000e+00
       3459     -0.350     4.6764   0.054641     0.4374     0.3226 0.0000e+00
       3460     -0.353     4.6762   0.055452     0.4441     0.3281 0.0000e+00
       3461     -0.352     4.6762   0.055575     0.4452     0.3289 0.0000e+00
       3462     -0.347     4.6769   0.054141     0.4332     0.3193 0.0000e+00
       3463     -0.344     4.6776   0.051643     0.4124     0.3026 0.0000e+00
       3464     -0.344     4.6780   0.049566     0.3952     0.2887 0.0000e+00
       3465     -0.342     4.6780   0.048764     0.3885     0.2834 0.0000e+00
       3466     -0.337     4.6781   0.049188     0.3920     0.2862 0.0000e+00
       3467     -0.334     4.6783   0.049822     0.3973     0.2904 0.0000e+00
       3468     -0.335     4.6784   0.049293     0.3929     0.2869 0.0000e+00
       3469     -0.336     4.6786   0.047475     0.3778     0.2748 0.0000e+00
       3470     -0.334     4.6796   0.045737     0.3634     0.2633 0.0000e+00
       3471     -0.334     4.6815   0.045058     0.3578     0.2587 0.0000e+00
       3472     -0.334     4.6834   0.045337     0.3601     0.2605 0.0000e+00
       3473     -0.333     4.6843   0.046218     0.3674     0.2664 0.0000e+00
       3474     -0.331     4.6844   0.047124     0.3749     0.2724 0.0000e+00
       3475     -0.331     4.6847   0.047246     0.3759     0.2732 0.0000e+00
       3476     -0.333     4.6859   0.046514     0.3698     0.2683 0.0000e+00
       3477     -0.335     4.6877   0.045687     0.3629     0.2628 0.0000e+00
       3478     -0.334     4.6892   0.045298     0.3597     0.2602 0.0000e+00
       3479     -0.331     4.6897   0.045578     0.3620     0.2620 0.0000e+00
       3480     -0.328     4.6896   0.046627     0.3707     0.2690 0.0000e+00
       3481     -0.323     4.6894   0.047846     0.3808     0.2771 0.0000e+00
       3482     -0.320     4.6893   0.048331     0.3848     0.2803 0.0000e+00
       3483     -0.321     4.6893   0.047802     0.3804     0.2768 0.0000e+00
       3484     -0.321     4.6896   0.046705     0.3713     0.2695 0.0000e+00
       3485     -0.317     4.6899   0.045951     0.3651     0.2645 0.0000e+00
       3486     -0.313     4.6903   0.046187     0.3670     0.2660 0.0000e+00
       3487     -0.313     4.6906   0.047013     0.3739     0.2715 0.0000e+00
