Datasets/Test_Dataset_39219_tow/tel219_2021_018.cnv
* Sea-Bird SBE19plus Data File:
* Filename = C:/AQUIRE/tel219_2021_018.hex
* Software Version AquireV2 AF V2.0
* Temperature SN =  4020
* Conductivity SN =  4020
* System UpLoad Time = May 07 2021 19:44:13
** VESSEL/TRIP/SEQ STN: tel219_2021_018
** LATITUDE: 46 56.78 N
** LONGITUDE: 56 47.44 W
** DATE/TIME: 2021-05-07 18:39
** SOUNDING DEPTH (M): 0109
** PROBE TYPE: S4020
** CTD NUMBER:  18
** FORMAT: t
** COMMENTS: 
# nquan = 7                                 
# nvalues = 3979                        
# units = specified
# name 0 = scan: Scan Count
# name 1 = prdM: Pressure, Strain Gauge [db]
# name 2 = tv290C: Temperature [ITS-90, deg C]
# name 3 = c0S/m: Conductivity [S/m]
# name 4 = sal00: Salinity, Practical [PSU]
# name 5 = sigma-t00: Density [sigma-t, kg/m^3 ]
# name 6 = flag: flag
# span 0 =          1,       3979       
# span 1 =     -0.137,    106.555       
# span 2 =     1.4470,     4.5854       
# span 3 =   0.004914,   2.961283       
# span 4 =     0.0366,    32.2539       
# span 5 =     0.0024,    25.7936       
# span 6 = 0.0000e+00, 0.0000e+00       
# interval = seconds: 1
# start_time = May 07 2021 18:39:02 [Instrument's time stamp, header]
# bad_flag = -9.990e-29
*END*
[from data line 2257]
       2258    104.828     1.5642   2.822946    32.1995    25.7586 0.0000e+00
       2259    104.855     1.5636   2.822870    32.1991    25.7583 0.0000e+00
       2260    104.874     1.5615   2.822673    32.1988    25.7582 0.0000e+00
       2261    104.882     1.5571   2.822162    32.1969    25.7569 0.0000e+00
       2262    104.893     1.5522   2.821608    32.1949    25.7557 0.0000e+00
       2263    104.916     1.5485   2.821325    32.1951    25.7561 0.0000e+00
       2264    104.948     1.5466   2.821070    32.1938    25.7552 0.0000e+00
       2265    104.983     1.5482   2.821200    32.1938    25.7551 0.0000e+00
       2266    105.019     1.5528   2.821836    32.1971    25.7574 0.0000e+00
       2267    105.058     1.5565   2.822231    32.1983    25.7581 0.0000e+00
       2268    105.086     1.5579   2.822324    32.1980    25.7578 0.0000e+00
       2269    105.088     1.5578   2.822304    32.1978    25.7577 0.0000e+00
       2270    105.063     1.5572   2.822169    32.1968    25.7568 0.0000e+00
       2271    105.033     1.5564   2.822101    32.1967    25.7569 0.0000e+00
       2272    105.028     1.5553   2.821990    32.1965    25.7567 0.0000e+00
       2273    105.056     1.5563   2.822088    32.1967    25.7568 0.0000e+00
       2274    105.093     1.5595   2.822573    32.1995    25.7589 0.0000e+00
       2275    105.117     1.5592   2.822501    32.1989    25.7584 0.0000e+00
       2276    105.130     1.5547   2.821866    32.1955    25.7560 0.0000e+00
       2277    105.142     1.5506   2.821449    32.1944    25.7554 0.0000e+00
       2278    105.157     1.5475   2.821148    32.1938    25.7551 0.0000e+00
       2279    105.178     1.5445   2.820797    32.1924    25.7542 0.0000e+00
       2280    105.207     1.5429   2.820647    32.1922    25.7541 0.0000e+00
       2281    105.239     1.5453   2.820957    32.1936    25.7551 0.0000e+00
       2282    105.259     1.5532   2.821876    32.1971    25.7574 0.0000e+00
       2283    105.256     1.5619   2.822879    32.2008    25.7598 0.0000e+00
       2284    105.238     1.5654   2.823181    32.2010    25.7597 0.0000e+00
       2285    105.224     1.5638   2.822909    32.1992    25.7584 0.0000e+00
       2286    105.236     1.5600   2.822474    32.1976    25.7574 0.0000e+00
       2287    105.268     1.5566   2.822110    32.1965    25.7567 0.0000e+00
       2288    105.299     1.5556   2.822028    32.1965    25.7567 0.0000e+00
       2289    105.325     1.5579   2.822351    32.1982    25.7579 0.0000e+00
       2290    105.350     1.5613   2.822741    32.1996    25.7589 0.0000e+00
       2291    105.372     1.5632   2.822891    32.1995    25.7587 0.0000e+00
       2292    105.388     1.5640   2.823011    32.2002    25.7592 0.0000e+00
       2293    105.389     1.5644   2.823048    32.2003    25.7592 0.0000e+00
       2294    105.379     1.5642   2.822968    32.1995    25.7586 0.0000e+00
       2295    105.377     1.5646   2.823013    32.1996    25.7587 0.0000e+00
       2296    105.398     1.5655   2.823174    32.2007    25.7595 0.0000e+00
       2297    105.433     1.5658   2.823204    32.2008    25.7595 0.0000e+00
       2298    105.463     1.5660   2.823178    32.2002    25.7590 0.0000e+00
       2299    105.479     1.5665   2.823239    32.2005    25.7592 0.0000e+00
       2300    105.482     1.5665   2.823241    32.2005    25.7592 0.0000e+00
       2301    105.482     1.5656   2.823122    32.1999    25.7588 0.0000e+00
       2302    105.492     1.5646   2.823009    32.1995    25.7586 0.0000e+00
       2303    105.521     1.5643   2.823039    32.2002    25.7591 0.0000e+00
       2304    105.562     1.5635   2.822928    32.1996    25.7587 0.0000e+00
       2305    105.595     1.5612   2.822520    32.1968    25.7566 0.0000e+00
       2306    105.610     1.5599   2.822326    32.1957    25.7558 0.0000e+00
       2307    105.613     1.5598   2.822474    32.1976    25.7574 0.0000e+00
       2308    105.614     1.5597   2.822515    32.1982    25.7579 0.0000e+00
       2309    105.623     1.5602   2.822520    32.1978    25.7575 0.0000e+00
       2310    105.643     1.5625   2.822858    32.1997    25.7588 0.0000e+00
       2311    105.670     1.5660   2.823275    32.2013    25.7599 0.0000e+00
       2312    105.698     1.5685   2.823476    32.2013    25.7597 0.0000e+00
       2313    105.721     1.5705   2.823690    32.2019    25.7601 0.0000e+00
       2314    105.733     1.5728   2.823972    32.2031    25.7609 0.0000e+00
       2315    105.736     1.5741   2.824115    32.2036    25.7612 0.0000e+00
       2316    105.744     1.5735   2.824008    32.2028    25.7606 0.0000e+00
       2317    105.763     1.5713   2.823750    32.2018    25.7600 0.0000e+00
       2318    105.777     1.5686   2.823468    32.2010    25.7595 0.0000e+00
       2319    105.780     1.5662   2.823205    32.2002    25.7590 0.0000e+00
       2320    105.786     1.5640   2.822981    32.1996    25.7587 0.0000e+00
       2321    105.802     1.5612   2.822666    32.1985    25.7580 0.0000e+00
       2322    105.823     1.5611   2.822614    32.1979    25.7575 0.0000e+00
       2323    105.840     1.5677   2.823429    32.2014    25.7599 0.0000e+00
       2324    105.838     1.5759   2.824439    32.2057    25.7628 0.0000e+00
       2325    105.805     1.5782   2.824580    32.2052    25.7622 0.0000e+00
       2326    105.742     1.5772   2.824319    32.2029    25.7605 0.0000e+00
       2327    105.662     1.5787   2.824523    32.2040    25.7613 0.0000e+00
       2328    105.576     1.5818   2.824961    32.2064    25.7630 0.0000e+00
       2329    105.499     1.5823   2.824995    32.2064    25.7629 0.0000e+00
       2330    105.462     1.5795   2.824627    32.2046    25.7617 0.0000e+00
       2331    105.480     1.5763   2.824263    32.2033    25.7608 0.0000e+00
       2332    105.544     1.5742   2.824078    32.2031    25.7608 0.0000e+00
       2333    105.631     1.5730   2.823979    32.2030    25.7608 0.0000e+00
       2334    105.712     1.5725   2.823907    32.2026    25.7605 0.0000e+00
       2335    105.765     1.5738   2.824053    32.2031    25.7608 0.0000e+00
       2336    105.797     1.5761   2.824352    32.2045    25.7618 0.0000e+00
       2337    105.825     1.5777   2.824491    32.2046    25.7617 0.0000e+00
       2338    105.859     1.5776   2.824444    32.2040    25.7613 0.0000e+00
       2339    105.895     1.5772   2.824406    32.2040    25.7613 0.0000e+00
       2340    105.923     1.5783   2.824557    32.2047    25.7618 0.0000e+00
       2341    105.947     1.5802   2.824823    32.2061    25.7628 0.0000e+00
       2342    105.983     1.5804   2.824828    32.2059    25.7627 0.0000e+00
       2343    106.028     1.5787   2.824566    32.2044    25.7615 0.0000e+00
       2344    106.060     1.5750   2.824201    32.2035    25.7611 0.0000e+00
       2345    106.076     1.5694   2.823559    32.2012    25.7596 0.0000e+00
       2346    106.091     1.5647   2.823025    32.1993    25.7584 0.0000e+00
       2347    106.117     1.5634   2.822926    32.1994    25.7585 0.0000e+00
       2348    106.153     1.5650   2.823066    32.1995    25.7585 0.0000e+00
       2349    106.183     1.5703   2.823723    32.2023    25.7604 0.0000e+00
       2350    106.193     1.5772   2.824597    32.2062    25.7631 0.0000e+00
       2351    106.186     1.5814   2.824978    32.2067    25.7632 0.0000e+00
       2352    106.176     1.5818   2.824923    32.2056    25.7623 0.0000e+00
       2353    106.181     1.5805   2.824774    32.2051    25.7620 0.0000e+00
       2354    106.199     1.5785   2.824535    32.2041    25.7613 0.0000e+00
       2355    106.211     1.5765   2.824289    32.2030    25.7606 0.0000e+00
       2356    106.206     1.5774   2.824509    32.2049    25.7620 0.0000e+00
       2357    106.187     1.5805   2.824913    32.2068    25.7634 0.0000e+00
       2358    106.170     1.5823   2.825006    32.2061    25.7627 0.0000e+00
       2359    106.175     1.5821   2.824965    32.2058    25.7625 0.0000e+00
       2360    106.203     1.5792   2.824633    32.2046    25.7617 0.0000e+00
       2361    106.228     1.5723   2.823833    32.2016    25.7597 0.0000e+00
       2362    106.227     1.5642   2.822950    32.1988    25.7580 0.0000e+00
       2363    106.196     1.5588   2.822420    32.1977    25.7575 0.0000e+00
       2364    106.147     1.5572   2.822304    32.1979    25.7577 0.0000e+00
       2365    106.107     1.5581   2.822420    32.1984    25.7581 0.0000e+00
       2366    106.097     1.5608   2.822695    32.1991    25.7585 0.0000e+00
       2367    106.119     1.5646   2.823139    32.2008    25.7596 0.0000e+00
       2368    106.156     1.5686   2.823650    32.2031    25.7612 0.0000e+00
       2369    106.183     1.5711   2.823850    32.2031    25.7610 0.0000e+00
       2370    106.193     1.5724   2.823876    32.2020    25.7601 0.0000e+00
       2371    106.197     1.5747   2.824177    32.2035    25.7611 0.0000e+00
       2372    106.202     1.5782   2.824572    32.2049    25.7620 0.0000e+00
       2373    106.211     1.5817   2.824971    32.2063    25.7629 0.0000e+00
       2374    106.221     1.5841   2.825304    32.2080    25.7641 0.0000e+00
       2375    106.222     1.5852   2.825349    32.2074    25.7636 0.0000e+00
       2376    106.217     1.5860   2.825375    32.2070    25.7631 0.0000e+00
       2377    106.216     1.5867   2.825487    32.2076    25.7636 0.0000e+00
       2378    106.228     1.5869   2.825537    32.2081    25.7639 0.0000e+00
       2379    106.251     1.5866   2.825523    32.2082    25.7641 0.0000e+00
       2380    106.270     1.5859   2.825390    32.2072    25.7633 0.0000e+00
       2381    106.277     1.5843   2.825213    32.2066    25.7630 0.0000e+00
       2382    106.276     1.5814   2.824995    32.2069    25.7633 0.0000e+00
       2383    106.278     1.5765   2.824407    32.2045    25.7618 0.0000e+00
       2384    106.285     1.5728   2.823752    32.2000    25.7584 0.0000e+00
       2385    106.291     1.5770   2.824352    32.2033    25.7608 0.0000e+00
       2386    106.287     1.5874   2.825818    32.2111    25.7663 0.0000e+00
       2387    106.273     1.5940   2.826443    32.2122    25.7668 0.0000e+00
       2388    106.261     1.5933   2.826200    32.2098    25.7649 0.0000e+00
       2389    106.259     1.5883   2.825615    32.2076    25.7635 0.0000e+00
       2390    106.273     1.5830   2.824994    32.2052    25.7619 0.0000e+00
       2391    106.304     1.5808   2.824842    32.2055    25.7623 0.0000e+00
       2392    106.348     1.5814   2.825011    32.2070    25.7635 0.0000e+00
       2393    106.387     1.5809   2.824898    32.2061    25.7628 0.0000e+00
       2394    106.400     1.5792   2.824588    32.2039    25.7611 0.0000e+00
       2395    106.378     1.5799   2.824691    32.2045    25.7616 0.0000e+00
       2396    106.329     1.5829   2.825143    32.2072    25.7635 0.0000e+00
       2397    106.279     1.5854   2.825420    32.2081    25.7641 0.0000e+00
       2398    106.262     1.5853   2.825377    32.2077    25.7637 0.0000e+00
       2399    106.289     1.5832   2.825085    32.2061    25.7626 0.0000e+00
       2400    106.333     1.5823   2.824913    32.2049    25.7617 0.0000e+00
       2401    106.352     1.5846   2.825239    32.2066    25.7629 0.0000e+00
       2402    106.339     1.5879   2.825703    32.2091    25.7647 0.0000e+00
       2403    106.316     1.5892   2.825801    32.2090    25.7645 0.0000e+00
       2404    106.301     1.5894   2.825733    32.2079    25.7637 0.0000e+00
       2405    106.303     1.5910   2.825954    32.2091    25.7645 0.0000e+00
       2406    106.314     1.5934   2.826329    32.2113    25.7661 0.0000e+00
       2407    106.320     1.5932   2.826287    32.2110    25.7659 0.0000e+00
       2408    106.318     1.5889   2.825707    32.2081    25.7638 0.0000e+00
       2409    106.315     1.5832   2.825029    32.2054    25.7621 0.0000e+00
       2410    106.316     1.5815   2.824912    32.2057    25.7624 0.0000e+00
       2411    106.319     1.5853   2.825459    32.2087    25.7645 0.0000e+00
       2412    106.319     1.5900   2.825959    32.2101    25.7654 0.0000e+00
       2413    106.312     1.5915   2.826049    32.2097    25.7650 0.0000e+00
       2414    106.299     1.5892   2.825795    32.2089    25.7645 0.0000e+00
       2415    106.287     1.5846   2.825215    32.2063    25.7627 0.0000e+00
       2416    106.291     1.5808   2.824779    32.2047    25.7617 0.0000e+00
       2417    106.312     1.5818   2.824995    32.2064    25.7630 0.0000e+00
       2418    106.331     1.5864   2.825593    32.2092    25.7649 0.0000e+00
       2419    106.333     1.5898   2.825895    32.2095    25.7649 0.0000e+00
       2420    106.314     1.5907   2.825894    32.2086    25.7641 0.0000e+00
       2421    106.280     1.5928   2.826184    32.2101    25.7652 0.0000e+00
       2422    106.251     1.5962   2.826584    32.2117    25.7662 0.0000e+00
       2423    106.248     1.5981   2.826741    32.2117    25.7661 0.0000e+00
       2424    106.264     1.5987   2.826820    32.2121    25.7664 0.0000e+00
       2425    106.283     1.5987   2.826811    32.2120    25.7663 0.0000e+00
       2426    106.293     1.5987   2.826812    32.2120    25.7663 0.0000e+00
       2427    106.292     1.5996   2.826976    32.2131    25.7672 0.0000e+00
       2428    106.276     1.5996   2.826971    32.2131    25.7671 0.0000e+00
       2429    106.254     1.5951   2.826487    32.2116    25.7662 0.0000e+00
       2430    106.242     1.5856   2.825327    32.2068    25.7630 0.0000e+00
       2431    106.246     1.5755   2.823986    32.2002    25.7584 0.0000e+00
       2432    106.247     1.5716   2.823709    32.2007    25.7591 0.0000e+00
       2433    106.232     1.5741   2.824300    32.2056    25.7628 0.0000e+00
       2434    106.210     1.5787   2.824722    32.2062    25.7630 0.0000e+00
       2435    106.200     1.5839   2.825186    32.2067    25.7631 0.0000e+00
       2436    106.212     1.5896   2.825947    32.2105    25.7657 0.0000e+00
       2437    106.237     1.5931   2.826364    32.2121    25.7668 0.0000e+00
       2438    106.247     1.5917   2.826088    32.2101    25.7652 0.0000e+00
       2439    106.234     1.5852   2.825290    32.2067    25.7630 0.0000e+00
       2440    106.211     1.5768   2.824339    32.2034    25.7608 0.0000e+00
       2441    106.188     1.5691   2.823557    32.2014    25.7598 0.0000e+00
       2442    106.177     1.5642   2.823076    32.2004    25.7593 0.0000e+00
       2443    106.192     1.5679   2.823484    32.2017    25.7601 0.0000e+00
       2444    106.228     1.5831   2.825324    32.2093    25.7652 0.0000e+00
       2445    106.255     1.6001   2.827335    32.2171    25.7703 0.0000e+00
       2446    106.256     1.6083   2.828038    32.2176    25.7701 0.0000e+00
       2447    106.242     1.6089   2.827881    32.2150    25.7680 0.0000e+00
       2448    106.235     1.6081   2.827751    32.2142    25.7674 0.0000e+00
       2449    106.240     1.6113   2.828199    32.2165    25.7691 0.0000e+00
       2450    106.239     1.6204   2.829417    32.2225    25.7733 0.0000e+00
       2451    106.214     1.6296   2.830480    32.2265    25.7759 0.0000e+00
       2452    106.172     1.6317   2.830423    32.2236    25.7734 0.0000e+00
       2453    106.138     1.6280   2.829892    32.2208    25.7714 0.0000e+00
       2454    106.138     1.6224   2.829424    32.2206    25.7716 0.0000e+00
       2455    106.166     1.6144   2.828535    32.2176    25.7698 0.0000e+00
       2456    106.187     1.6052   2.827248    32.2109    25.7650 0.0000e+00
       2457    106.177     1.5992   2.826646    32.2094    25.7642 0.0000e+00
       2458    106.142     1.6006   2.827135    32.2142    25.7679 0.0000e+00
       2459    106.097     1.6084   2.827904    32.2159    25.7688 0.0000e+00
       2460    106.061     1.6166   2.828881    32.2198    25.7714 0.0000e+00
       2461    106.052     1.6163   2.829056    32.2223    25.7734 0.0000e+00
