Datasets/Test_Dataset_39219_tow/tel219_2021_081.cnv
* Sea-Bird SBE19plus Data File:
* Filename = C:/AQUIRE/tel219_2021_081.hex
* Software Version AquireV2 AF V2.0
* Temperature SN =  4020
* Conductivity SN =  4020
* System UpLoad Time = May 16 2021 16:45:53
** VESSEL/TRIP/SEQ STN: tel219_2021_081
** LATITUDE: 46 04.58 N
** LONGITUDE: 59 47.63 W
** DATE/TIME: 2021-05-16 16:02
** SOUNDING DEPTH (M): 0053
** PROBE TYPE: S4020
** CTD NUMBER: 081
** FORMAT: T
** COMMENTS: 
# nquan = 7                                 
# nvalues = 2715                        
# units = specified
# name 0 = scan: Scan Count
# name 1 = prdM: Pressure, Strain Gauge [db]
# name 2 = tv290C: Temperature [ITS-90, deg C]
# name 3 = c0S/m: Conductivity [S/m]
# name 4 = sal00: Salinity, Practical [PSU]
# name 5 = sigma-t00: Density [sigma-t, kg/m^3 ]
# name 6 = flag: flag
# span 0 =          1,       2715       
# span 1 =     -0.123,     48.274       
# span 2 =     3.2282,     7.7344       
# span 3 =   0.017324,   3.103363       
# span 4 =     0.1319,    32.1885       
# span 5 =     0.0041,    25.6215       
# span 6 = 0.0000e+00, 0.0000e+00       
# interval = seconds: 1
# start_time = May 16 2021 16:02:08 [Instrument's time stamp, header]
# bad_flag = -9.990e-29
*END*
[from data line 616]
        617      0.035     7.6578   0.032612     0.2352     0.0577 0.0000e+00
        618      0.032     7.6532   0.032492     0.2343     0.0572 0.0000e+00
        619      0.033     7.6490   0.032362     0.2334     0.0567 0.0000e+00
        620      0.035     7.6432   0.032192     0.2321     0.0561 0.0000e+00
        621      0.035     7.6335   0.031939     0.2303     0.0552 0.0000e+00
        622      0.036     7.6216   0.031628     0.2281     0.0540 0.0000e+00
        623      0.037     7.6106   0.031285     0.2256     0.0527 0.0000e+00
        624      0.037     7.6005   0.030894     0.2227     0.0510 0.0000e+00
        625      0.037     7.5907   0.030479     0.2197     0.0491 0.0000e+00
        626      0.040     7.5856   0.030140     0.2172     0.0474 0.0000e+00
        627      0.043     7.5832   0.029869     0.2152     0.0460 0.0000e+00
        628      0.043     7.5735   0.029486     0.2124     0.0443 0.0000e+00
        629      0.043     7.5550   0.028945     0.2085     0.0422 0.0000e+00
        630      0.045     7.5360   0.028404     0.2046     0.0401 0.0000e+00
        631      0.048     7.5198   0.027950     0.2013     0.0384 0.0000e+00
        632      0.050     7.5068   0.027548     0.1984     0.0368 0.0000e+00
        633      0.048     7.4981   0.027209     0.1959     0.0353 0.0000e+00
        634      0.044     7.4904   0.026893     0.1936     0.0339 0.0000e+00
        635      0.042     7.4809   0.026535     0.1910     0.0323 0.0000e+00
        636      0.042     7.4759   0.026227     0.1888     0.0308 0.0000e+00
        637      0.042     7.4801   0.026062     0.1875     0.0296 0.0000e+00
        638      0.042     7.4891   0.025979     0.1869     0.0286 0.0000e+00
        639      0.044     7.4970   0.025884     0.1861     0.0276 0.0000e+00
        640      0.045     7.5020   0.025737     0.1850     0.0264 0.0000e+00
        641      0.044     7.5055   0.025564     0.1837     0.0252 0.0000e+00
        642      0.042     7.5084   0.025389     0.1824     0.0240 0.0000e+00
        643      0.041     7.5111   0.025216     0.1811     0.0228 0.0000e+00
        644      0.038     7.5158   0.025073     0.1800     0.0217 0.0000e+00
        645      0.034     7.5216   0.024953     0.1791     0.0207 0.0000e+00
        646      0.032     7.5259   0.024807     0.1780     0.0196 0.0000e+00
        647      0.033     7.5297   0.024654     0.1769     0.0184 0.0000e+00
        648      0.035     7.5345   0.024540     0.1760     0.0175 0.0000e+00
        649      0.036     7.5403   0.024465     0.1754     0.0167 0.0000e+00
        650      0.038     7.5462   0.024399     0.1749     0.0160 0.0000e+00
        651      0.039     7.5512   0.024327     0.1744     0.0153 0.0000e+00
        652      0.038     7.5553   0.024263     0.1739     0.0147 0.0000e+00
        653      0.038     7.5591   0.024241     0.1737     0.0143 0.0000e+00
        654      0.038     7.5631   0.024262     0.1738     0.0142 0.0000e+00
        655      0.037     7.5670   0.024300     0.1741     0.0142 0.0000e+00
        656      0.037     7.5707   0.024357     0.1745     0.0143 0.0000e+00
        657      0.037     7.5740   0.024427     0.1750     0.0145 0.0000e+00
        658      0.038     7.5770   0.024505     0.1756     0.0148 0.0000e+00
        659      0.039     7.5798   0.024590     0.1762     0.0151 0.0000e+00
        660      0.040     7.5819   0.024668     0.1767     0.0155 0.0000e+00
        661      0.041     7.5837   0.024754     0.1774     0.0159 0.0000e+00
        662      0.039     7.5856   0.024882     0.1783     0.0165 0.0000e+00
        663      0.036     7.5873   0.025048     0.1795     0.0174 0.0000e+00
        664      0.035     7.5885   0.025216     0.1807     0.0183 0.0000e+00
        665      0.033     7.5893   0.025365     0.1818     0.0191 0.0000e+00
        666      0.032     7.5900   0.025506     0.1829     0.0199 0.0000e+00
        667      0.033     7.5905   0.025650     0.1839     0.0207 0.0000e+00
        668      0.034     7.5906   0.025790     0.1850     0.0215 0.0000e+00
        669      0.031     7.5897   0.025903     0.1858     0.0223 0.0000e+00
        670      0.027     7.5875   0.025974     0.1863     0.0228 0.0000e+00
        671      0.026     7.5850   0.026032     0.1868     0.0233 0.0000e+00
        672      0.027     7.5815   0.026107     0.1874     0.0239 0.0000e+00
        673      0.028     7.5741   0.026150     0.1877     0.0246 0.0000e+00
        674      0.030     7.5650   0.026126     0.1876     0.0250 0.0000e+00
        675      0.031     7.5596   0.026103     0.1874     0.0252 0.0000e+00
        676      0.031     7.5586   0.026138     0.1877     0.0255 0.0000e+00
        677      0.033     7.5591   0.026212     0.1882     0.0259 0.0000e+00
        678      0.034     7.5596   0.026295     0.1889     0.0263 0.0000e+00
        679      0.032     7.5596   0.026377     0.1895     0.0268 0.0000e+00
        680      0.030     7.5575   0.026442     0.1900     0.0273 0.0000e+00
        681      0.030     7.5538   0.026493     0.1904     0.0278 0.0000e+00
        682      0.031     7.5511   0.026571     0.1909     0.0285 0.0000e+00
        683      0.032     7.5503   0.026684     0.1918     0.0292 0.0000e+00
        684      0.033     7.5486   0.026769     0.1924     0.0298 0.0000e+00
        685      0.030     7.5433   0.026773     0.1925     0.0301 0.0000e+00
        686      0.028     7.5318   0.026685     0.1919     0.0303 0.0000e+00
        687      0.029     7.5145   0.026532     0.1908     0.0304 0.0000e+00
        688      0.031     7.4975   0.026391     0.1899     0.0305 0.0000e+00
        689      0.032     7.4857   0.026322     0.1894     0.0308 0.0000e+00
        690      0.030     7.4793   0.026332     0.1895     0.0312 0.0000e+00
        691      0.027     7.4732   0.026356     0.1898     0.0317 0.0000e+00
        692      0.026     7.4625   0.026293     0.1893     0.0320 0.0000e+00
        693      0.025     7.4506   0.026154     0.1884     0.0318 0.0000e+00
        694      0.025     7.4433   0.026033     0.1875     0.0315 0.0000e+00
        695      0.026     7.4389   0.025967     0.1870     0.0314 0.0000e+00
        696      0.023     7.4324   0.025932     0.1868     0.0316 0.0000e+00
        697      0.020     7.4238   0.025906     0.1867     0.0319 0.0000e+00
        698      0.019     7.4193   0.025919     0.1868     0.0322 0.0000e+00
        699      0.017     7.4206   0.025975     0.1872     0.0325 0.0000e+00
        700      0.017     7.4188   0.025969     0.1872     0.0326 0.0000e+00
        701      0.017     7.4090   0.025820     0.1861     0.0322 0.0000e+00
        702      0.018     7.3990   0.025645     0.1849     0.0318 0.0000e+00
        703      0.019     7.3973   0.025589     0.1844     0.0315 0.0000e+00
        704      0.018     7.4010   0.025647     0.1849     0.0317 0.0000e+00
        705      0.021     7.4034   0.025728     0.1854     0.0320 0.0000e+00
        706      0.023     7.4048   0.025800     0.1860     0.0324 0.0000e+00
        707      0.021     7.4068   0.025875     0.1865     0.0327 0.0000e+00
        708      0.019     7.4079   0.025914     0.1868     0.0329 0.0000e+00
        709      0.021     7.4099   0.025918     0.1868     0.0328 0.0000e+00
        710      0.025     7.4142   0.025942     0.1870     0.0327 0.0000e+00
        711      0.028     7.4165   0.025988     0.1873     0.0328 0.0000e+00
        712      0.026     7.4120   0.026003     0.1874     0.0331 0.0000e+00
        713      0.019     7.4055   0.025988     0.1874     0.0334 0.0000e+00
        714      0.016     7.4051   0.025999     0.1874     0.0335 0.0000e+00
        715      0.020     7.4072   0.026023     0.1876     0.0335 0.0000e+00
        716      0.023     7.4025   0.025977     0.1873     0.0335 0.0000e+00
        717      0.024     7.3887   0.025815     0.1862     0.0334 0.0000e+00
        718      0.023     7.3710   0.025550     0.1843     0.0328 0.0000e+00
        719      0.021     7.3582   0.025284     0.1824     0.0319 0.0000e+00
        720      0.018     7.3537   0.025136     0.1813     0.0313 0.0000e+00
        721      0.014     7.3507   0.025074     0.1809     0.0311 0.0000e+00
        722      0.015     7.3430   0.024996     0.1803     0.0311 0.0000e+00
        723      0.019     7.3321   0.024863     0.1794     0.0309 0.0000e+00
        724      0.020     7.3243   0.024717     0.1783     0.0305 0.0000e+00
        725      0.021     7.3246   0.024645     0.1778     0.0300 0.0000e+00
        726      0.023     7.3293   0.024625     0.1776     0.0296 0.0000e+00
        727      0.021     7.3320   0.024595     0.1774     0.0293 0.0000e+00
        728      0.016     7.3273   0.024529     0.1769     0.0292 0.0000e+00
        729      0.013     7.3163   0.024403     0.1760     0.0291 0.0000e+00
        730      0.014     7.3084   0.024286     0.1752     0.0288 0.0000e+00
        731      0.012     7.3075   0.024232     0.1748     0.0285 0.0000e+00
        732      0.010     7.3083   0.024169     0.1743     0.0281 0.0000e+00
        733      0.010     7.3066   0.024055     0.1735     0.0275 0.0000e+00
        734      0.009     7.3045   0.023939     0.1726     0.0270 0.0000e+00
        735      0.008     7.3056   0.023902     0.1724     0.0267 0.0000e+00
        736      0.010     7.3066   0.023908     0.1724     0.0267 0.0000e+00
        737      0.013     7.3024   0.023845     0.1720     0.0265 0.0000e+00
        738      0.016     7.2944   0.023679     0.1708     0.0260 0.0000e+00
        739      0.015     7.2878   0.023485     0.1694     0.0252 0.0000e+00
        740      0.013     7.2824   0.023326     0.1682     0.0246 0.0000e+00
        741      0.014     7.2739   0.023180     0.1672     0.0242 0.0000e+00
        742      0.019     7.2644   0.023045     0.1662     0.0239 0.0000e+00
        743      0.023     7.2584   0.022960     0.1656     0.0237 0.0000e+00
        744      0.024     7.2524   0.022841     0.1647     0.0233 0.0000e+00
        745      0.022     7.2477   0.022671     0.1635     0.0226 0.0000e+00
        746      0.016     7.2498   0.022579     0.1628     0.0219 0.0000e+00
        747      0.009     7.2570   0.022685     0.1636     0.0221 0.0000e+00
        748      0.003     7.2666   0.023738     0.1713     0.0278 0.0000e+00
        749      0.002     7.2792   0.026971     0.1953     0.0463 0.0000e+00
        750      0.004     7.2953   0.035784     0.2614     0.0980 0.0000e+00
        751      0.005     7.3139   0.050346     0.3722     0.1851 0.0000e+00
        752      0.006     7.3317   0.061161     0.4554     0.2502 0.0000e+00
        753      0.008     7.3459   0.072237     0.5414     0.3177 0.0000e+00
        754      0.008     7.3571   0.095368     0.7233     0.4613 0.0000e+00
        755      0.009     7.3657   0.113313     0.8661     0.5740 0.0000e+00
        756      0.014     7.3572   0.122680     0.9415     0.6341 0.0000e+00
        757      0.039     7.1474   0.332423     2.7107     2.0436 0.0000e+00
        758      0.100     6.5492   1.248263    11.3809     8.9027 0.0000e+00
        759      0.180     5.8754   2.495372    24.6748    19.4182 0.0000e+00
        760      0.248     5.5267   3.049793    31.0956    24.5234 0.0000e+00
        761      0.302     5.4003   3.081202    31.5686    24.9117 0.0000e+00
        762      0.347     5.2764   3.099631    31.8952    25.1841 0.0000e+00
        763      0.373     5.1464   3.103363    32.0622    25.3307 0.0000e+00
        764      0.380     5.0706   3.099668    32.0929    25.3633 0.0000e+00
        765      0.383     5.0477   3.098338    32.0997    25.3713 0.0000e+00
        766      0.384     5.0383   3.096148    32.0836    25.3596 0.0000e+00
        767      0.376     5.0276   3.093779    32.0668    25.3474 0.0000e+00
        768      0.366     5.0202   3.094490    32.0821    25.3603 0.0000e+00
        769      0.349     5.0198   3.096660    32.1073    25.3804 0.0000e+00
        770      0.304     5.0228   3.096446    32.1020    25.3758 0.0000e+00
        771      0.233     5.0239   3.094472    32.0784    25.3570 0.0000e+00
        772      0.163     5.0240   3.093119    32.0628    25.3446 0.0000e+00
        773      0.125     5.0285   3.094910    32.0790    25.3570 0.0000e+00
        774      0.129     5.0374   3.099201    32.1196    25.3882 0.0000e+00
        775      0.166     5.0424   3.101424    32.1403    25.4040 0.0000e+00
        776      0.225     5.0365   3.099226    32.1207    25.3892 0.0000e+00
        777      0.284     5.0190   3.094457    32.0829    25.3611 0.0000e+00
        778      0.321     4.9970   3.089385    32.0459    25.3342 0.0000e+00
        779      0.331     4.9797   3.085287    32.0155    25.3120 0.0000e+00
        780      0.313     4.9714   3.084529    32.0148    25.3123 0.0000e+00
        781      0.282     4.9710   3.086496    32.0378    25.3306 0.0000e+00
        782      0.267     4.9742   3.088041    32.0524    25.3418 0.0000e+00
        783      0.278     4.9785   3.088293    32.0512    25.3404 0.0000e+00
        784      0.290     4.9790   3.087352    32.0399    25.3314 0.0000e+00
        785      0.274     4.9683   3.085221    32.0257    25.3213 0.0000e+00
        786      0.246     4.9520   3.082568    32.0110    25.3114 0.0000e+00
        787      0.243     4.9483   3.080465    31.9904    25.2955 0.0000e+00
        788      0.257     4.9634   3.080298    31.9739    25.2808 0.0000e+00
        789      0.243     4.9837   3.054925    31.6635    25.0327 0.0000e+00
        790      0.205     4.9959   2.824495    29.0271    22.9439 0.0000e+00
        791      0.189     5.0005   2.347642    23.6868    18.7200 0.0000e+00
        792      0.203     5.0082   1.990279    19.7701    15.6248 0.0000e+00
        793      0.235     5.0206   2.205847    22.1120    17.4739 0.0000e+00
        794      0.281     5.0182   2.796339    28.6891    22.6743 0.0000e+00
        795      0.321     4.9915   3.085107    32.0021    25.3001 0.0000e+00
        796      0.349     4.9623   3.079122    31.9614    25.2710 0.0000e+00
        797      0.389     4.9508   3.074088    31.9147    25.2352 0.0000e+00
        798      0.441     4.9528   3.079056    31.9698    25.2787 0.0000e+00
        799      0.479     4.9559   3.085952    32.0460    25.3387 0.0000e+00
        800      0.502     4.9635   3.087089    32.0517    25.3424 0.0000e+00
        801      0.535     4.9850   3.087292    32.0333    25.3255 0.0000e+00
        802      0.567     5.0036   3.089095    32.0361    25.3257 0.0000e+00
        803      0.553     5.0025   3.089616    32.0431    25.3314 0.0000e+00
        804      0.503     5.0013   3.088777    32.0347    25.3248 0.0000e+00
        805      0.457     5.0110   3.088749    32.0250    25.3161 0.0000e+00
        806      0.392     5.0136   3.089014    32.0256    25.3163 0.0000e+00
        807      0.278     5.0063   3.088157    32.0228    25.3149 0.0000e+00
        808      0.154     5.0016   3.084680    31.9875    25.2875 0.0000e+00
        809      0.077     5.0011   3.067963    31.7964    25.1361 0.0000e+00
        810      0.062     4.9966   2.973453    30.7199    24.2840 0.0000e+00
        811      0.085     4.9878   2.832190    29.1214    23.0194 0.0000e+00
        812      0.110     4.9871   2.851626    29.3424    23.1944 0.0000e+00
        813      0.132     4.9943   3.000643    31.0325    24.5318 0.0000e+00
        814      0.171     4.9964   3.070995    31.8356    25.1677 0.0000e+00
        815      0.229     4.9948   3.077809    31.9152    25.2309 0.0000e+00
        816      0.286     4.9948   3.083165    31.9766    25.2796 0.0000e+00
        817      0.323     4.9928   3.083742    31.9852    25.2865 0.0000e+00
        818      0.308     4.9826   3.084448    32.0031    25.3018 0.0000e+00
        819      0.242     4.9642   3.084337    32.0195    25.3169 0.0000e+00
        820      0.180     4.9455   3.082759    32.0194    25.3188 0.0000e+00
