Datasets/Test_Dataset_39219_tow/tel219_2021_029.cnv
* Sea-Bird SBE19plus Data File:
* Filename = C:/AQUIRE/tel219_2021_029.hex
* Software Version AquireV2 AF V2.0
* Temperature SN =  4020
* Conductivity SN =  4020
* System UpLoad Time = May 09 2021 09:27:05
** VESSEL/TRIP/SEQ STN: tel219_2021_029
** LATITUDE: 45 54.07 N
** LONGITUDE: 57 06.82 W
** DATE/TIME: 2021-05-09 08:24
** SOUNDING DEPTH (M): 0396
** PROBE TYPE: S4020
** CTD NUMBER:  29
** FORMAT: T
** COMMENTS: 
# nquan = 7                                 
# nvalues = 3827                        
# units = specified
# name 0 = scan: Scan Count
# name 1 = prdM: Pressure, Strain Gauge [db]
# name 2 = tv290C: Temperature [ITS-90, deg C]
# name 3 = c0S/m: Conductivity [S/m]
# name 4 = sal00: Salinity, Practical [PSU]
# name 5 = sigma-t00: Density [sigma-t, kg/m^3 ]
# name 6 = flag: flag
# span 0 =          1,       3827       
# span 1 =     -0.573,    396.208       
# span 2 =     1.0217,     9.4619       
# span 3 =   0.003434,   3.779262       
# span 4 =     0.0252,    35.1567       
# span 5 =    -0.0271,    27.5725       
# span 6 = 0.0000e+00, 0.0000e+00       
# interval = seconds: 1
# start_time = May 09 2021 08:24:29 [Instrument's time stamp, header]
# bad_flag = -9.990e-29
*END*
[from data line 411]
        412     -0.238     5.5118   0.003578     0.0263    -0.0224 0.0000e+00
        413     -0.238     5.5144   0.003618     0.0266    -0.0222 0.0000e+00
        414     -0.240     5.5164   0.003651     0.0268    -0.0221 0.0000e+00
        415     -0.241     5.5176   0.003669     0.0269    -0.0220 0.0000e+00
        416     -0.240     5.5184   0.003680     0.0270    -0.0220 0.0000e+00
        417     -0.240     5.5190   0.003689     0.0271    -0.0219 0.0000e+00
        418     -0.240     5.5195   0.003701     0.0272    -0.0219 0.0000e+00
        419     -0.240     5.5188   0.003708     0.0272    -0.0218 0.0000e+00
        420     -0.239     5.5153   0.003700     0.0272    -0.0218 0.0000e+00
        421     -0.238     5.5121   0.003696     0.0271    -0.0217 0.0000e+00
        422     -0.236     5.5116   0.003705     0.0272    -0.0217 0.0000e+00
        423     -0.235     5.5104   0.003700     0.0272    -0.0217 0.0000e+00
        424     -0.234     5.5030   0.003672     0.0270    -0.0216 0.0000e+00
        425     -0.233     5.4910   0.003642     0.0268    -0.0215 0.0000e+00
        426     -0.232     5.4800   0.003619     0.0266    -0.0214 0.0000e+00
        427     -0.232     5.4724   0.003590     0.0264    -0.0214 0.0000e+00
        428     -0.233     5.4686   0.003560     0.0262    -0.0215 0.0000e+00
        429     -0.237     5.4691   0.003556     0.0261    -0.0215 0.0000e+00
        430     -0.240     5.4730   0.003595     0.0264    -0.0214 0.0000e+00
        431     -0.241     5.4777   0.003654     0.0268    -0.0211 0.0000e+00
        432     -0.240     5.4795   0.003679     0.0270    -0.0210 0.0000e+00
        433     -0.236     5.4791   0.003667     0.0269    -0.0211 0.0000e+00
        434     -0.232     5.4787   0.003651     0.0268    -0.0212 0.0000e+00
        435     -0.233     5.4775   0.003646     0.0268    -0.0212 0.0000e+00
        436     -0.238     5.4755   0.003654     0.0268    -0.0211 0.0000e+00
        437     -0.237     5.4743   0.003662     0.0269    -0.0210 0.0000e+00
        438     -0.233     5.4742   0.003660     0.0269    -0.0210 0.0000e+00
        439     -0.233     5.4756   0.003660     0.0269    -0.0211 0.0000e+00
        440     -0.234     5.4780   0.003663     0.0269    -0.0211 0.0000e+00
        441     -0.234     5.4796   0.003659     0.0269    -0.0212 0.0000e+00
        442     -0.239     5.4795   0.003651     0.0268    -0.0212 0.0000e+00
        443     -0.243     5.4779   0.003642     0.0268    -0.0212 0.0000e+00
        444     -0.241     5.4732   0.003627     0.0266    -0.0212 0.0000e+00
        445     -0.238     5.4652   0.003602     0.0265    -0.0211 0.0000e+00
        446     -0.237     5.4567   0.003569     0.0262    -0.0211 0.0000e+00
        447     -0.238     5.4505   0.003542     0.0260    -0.0211 0.0000e+00
        448     -0.241     5.4456   0.003524     0.0259    -0.0211 0.0000e+00
        449     -0.243     5.4401   0.003509     0.0258    -0.0211 0.0000e+00
        450     -0.244     5.4361   0.003506     0.0258    -0.0210 0.0000e+00
        451     -0.244     5.4383   0.003526     0.0259    -0.0210 0.0000e+00
        452     -0.240     5.4466   0.003571     0.0262    -0.0209 0.0000e+00
        453     -0.235     5.4550   0.003613     0.0266    -0.0208 0.0000e+00
        454     -0.234     5.4590   0.003626     0.0266    -0.0209 0.0000e+00
        455     -0.238     5.4612   0.003624     0.0266    -0.0209 0.0000e+00
        456     -0.243     5.4658   0.003634     0.0267    -0.0210 0.0000e+00
        457     -0.243     5.4716   0.003655     0.0269    -0.0210 0.0000e+00
        458     -0.241     5.4749   0.003661     0.0269    -0.0210 0.0000e+00
        459     -0.240     5.4753   0.003662     0.0269    -0.0210 0.0000e+00
        460     -0.240     5.4744   0.003660     0.0269    -0.0210 0.0000e+00
        461     -0.241     5.4747   0.003655     0.0268    -0.0211 0.0000e+00
        462     -0.242     5.4775   0.003655     0.0268    -0.0211 0.0000e+00
        463     -0.243     5.4810   0.003661     0.0269    -0.0212 0.0000e+00
        464     -0.242     5.4833   0.003667     0.0269    -0.0212 0.0000e+00
        465     -0.238     5.4834   0.003662     0.0269    -0.0212 0.0000e+00
        466     -0.237     5.4816   0.003648     0.0268    -0.0213 0.0000e+00
        467     -0.242     5.4791   0.003631     0.0267    -0.0213 0.0000e+00
        468     -0.244     5.4781   0.003629     0.0267    -0.0213 0.0000e+00
        469     -0.245     5.4794   0.003642     0.0268    -0.0212 0.0000e+00
        470     -0.246     5.4795   0.003634     0.0267    -0.0213 0.0000e+00
        471     -0.246     5.4762   0.003609     0.0265    -0.0214 0.0000e+00
        472     -0.246     5.4722   0.003606     0.0265    -0.0213 0.0000e+00
        473     -0.245     5.4706   0.003638     0.0267    -0.0211 0.0000e+00
        474     -0.243     5.4704   0.003658     0.0269    -0.0209 0.0000e+00
        475     -0.241     5.4694   0.003635     0.0267    -0.0211 0.0000e+00
        476     -0.240     5.4684   0.003603     0.0265    -0.0212 0.0000e+00
        477     -0.240     5.4695   0.003596     0.0264    -0.0213 0.0000e+00
        478     -0.240     5.4702   0.003614     0.0266    -0.0212 0.0000e+00
        479     -0.240     5.4672   0.003634     0.0267    -0.0210 0.0000e+00
        480     -0.240     5.4621   0.003632     0.0267    -0.0209 0.0000e+00
        481     -0.241     5.4592   0.003607     0.0265    -0.0210 0.0000e+00
        482     -0.241     5.4598   0.003583     0.0263    -0.0211 0.0000e+00
        483     -0.242     5.4620   0.003581     0.0263    -0.0212 0.0000e+00
        484     -0.245     5.4630   0.003609     0.0265    -0.0211 0.0000e+00
        485     -0.246     5.4609   0.003642     0.0268    -0.0208 0.0000e+00
        486     -0.246     5.4567   0.003639     0.0267    -0.0207 0.0000e+00
        487     -0.245     5.4537   0.003605     0.0265    -0.0209 0.0000e+00
        488     -0.245     5.4520   0.003572     0.0263    -0.0210 0.0000e+00
        489     -0.246     5.4501   0.003559     0.0262    -0.0210 0.0000e+00
        490     -0.246     5.4479   0.003574     0.0263    -0.0209 0.0000e+00
        491     -0.246     5.4452   0.003599     0.0265    -0.0207 0.0000e+00
        492     -0.244     5.4427   0.003599     0.0265    -0.0206 0.0000e+00
        493     -0.241     5.4421   0.003576     0.0263    -0.0208 0.0000e+00
        494     -0.239     5.4427   0.003558     0.0262    -0.0209 0.0000e+00
        495     -0.238     5.4429   0.003555     0.0261    -0.0209 0.0000e+00
        496     -0.235     5.4416   0.003566     0.0262    -0.0208 0.0000e+00
        497     -0.234     5.4377   0.003570     0.0262    -0.0207 0.0000e+00
        498     -0.237     5.4323   0.003555     0.0261    -0.0207 0.0000e+00
        499     -0.240     5.4273   0.003526     0.0259    -0.0207 0.0000e+00
        500     -0.240     5.4234   0.003503     0.0258    -0.0208 0.0000e+00
        501     -0.238     5.4198   0.003495     0.0257    -0.0207 0.0000e+00
        502     -0.239     5.4154   0.003504     0.0258    -0.0206 0.0000e+00
        503     -0.243     5.4111   0.003521     0.0259    -0.0204 0.0000e+00
        504     -0.246     5.4090   0.003530     0.0260    -0.0203 0.0000e+00
        505     -0.245     5.4098   0.003527     0.0259    -0.0203 0.0000e+00
        506     -0.242     5.4120   0.003520     0.0259    -0.0204 0.0000e+00
        507     -0.239     5.4125   0.003513     0.0258    -0.0204 0.0000e+00
        508     -0.239     5.4113   0.003521     0.0259    -0.0204 0.0000e+00
        509     -0.240     5.4107   0.003547     0.0261    -0.0202 0.0000e+00
        510     -0.241     5.4107   0.003565     0.0262    -0.0201 0.0000e+00
        511     -0.242     5.4106   0.003555     0.0261    -0.0202 0.0000e+00
        512     -0.243     5.4118   0.003540     0.0260    -0.0203 0.0000e+00
        513     -0.243     5.4154   0.003543     0.0261    -0.0203 0.0000e+00
        514     -0.243     5.4185   0.003556     0.0261    -0.0203 0.0000e+00
        515     -0.244     5.4186   0.003564     0.0262    -0.0203 0.0000e+00
        516     -0.244     5.4171   0.003559     0.0262    -0.0203 0.0000e+00
        517     -0.244     5.4164   0.003551     0.0261    -0.0203 0.0000e+00
        518     -0.242     5.4194   0.003548     0.0261    -0.0204 0.0000e+00
        519     -0.240     5.4265   0.003560     0.0262    -0.0205 0.0000e+00
        520     -0.238     5.4349   0.003583     0.0263    -0.0205 0.0000e+00
        521     -0.235     5.4421   0.003602     0.0265    -0.0206 0.0000e+00
        522     -0.235     5.4474   0.003617     0.0266    -0.0206 0.0000e+00
        523     -0.241     5.4500   0.003621     0.0266    -0.0207 0.0000e+00
        524     -0.247     5.4497   0.003613     0.0266    -0.0207 0.0000e+00
        525     -0.248     5.4481   0.003601     0.0265    -0.0208 0.0000e+00
        526     -0.248     5.4477   0.003585     0.0263    -0.0208 0.0000e+00
        527     -0.250     5.4497   0.003576     0.0263    -0.0209 0.0000e+00
        528     -0.253     5.4542   0.003590     0.0264    -0.0210 0.0000e+00
        529     -0.253     5.4592   0.003617     0.0266    -0.0209 0.0000e+00
        530     -0.249     5.4610   0.003627     0.0267    -0.0209 0.0000e+00
        531     -0.245     5.4590   0.003609     0.0265    -0.0210 0.0000e+00
        532     -0.244     5.4577   0.003597     0.0264    -0.0210 0.0000e+00
        533     -0.244     5.4584   0.003596     0.0264    -0.0210 0.0000e+00
        534     -0.245     5.4567   0.003578     0.0263    -0.0211 0.0000e+00
        535     -0.245     5.4524   0.003548     0.0261    -0.0212 0.0000e+00
        536     -0.245     5.4507   0.003545     0.0261    -0.0211 0.0000e+00
        537     -0.247     5.4540   0.003588     0.0264    -0.0210 0.0000e+00
        538     -0.248     5.4583   0.003636     0.0267    -0.0208 0.0000e+00
        539     -0.246     5.4605   0.003648     0.0268    -0.0208 0.0000e+00
        540     -0.243     5.4627   0.003645     0.0268    -0.0208 0.0000e+00
        541     -0.243     5.4666   0.003661     0.0269    -0.0208 0.0000e+00
        542     -0.244     5.4707   0.003691     0.0271    -0.0208 0.0000e+00
        543     -0.245     5.4732   0.003723     0.0273    -0.0206 0.0000e+00
        544     -0.246     5.4737   0.003747     0.0275    -0.0205 0.0000e+00
        545     -0.246     5.4728   0.003742     0.0275    -0.0205 0.0000e+00
        546     -0.245     5.4722   0.003719     0.0273    -0.0206 0.0000e+00
        547     -0.245     5.4729   0.003703     0.0272    -0.0207 0.0000e+00
        548     -0.245     5.4741   0.003713     0.0273    -0.0207 0.0000e+00
        549     -0.246     5.4733   0.003734     0.0274    -0.0206 0.0000e+00
        550     -0.247     5.4686   0.003732     0.0274    -0.0205 0.0000e+00
        551     -0.248     5.4614   0.003696     0.0272    -0.0205 0.0000e+00
        552     -0.248     5.4550   0.003653     0.0268    -0.0206 0.0000e+00
        553     -0.249     5.4517   0.003622     0.0266    -0.0207 0.0000e+00
        554     -0.251     5.4521   0.003620     0.0266    -0.0207 0.0000e+00
        555     -0.252     5.4533   0.003637     0.0267    -0.0207 0.0000e+00
        556     -0.252     5.4519   0.003647     0.0268    -0.0206 0.0000e+00
        557     -0.253     5.4485   0.003638     0.0267    -0.0205 0.0000e+00
        558     -0.252     5.4468   0.003627     0.0267    -0.0206 0.0000e+00
        559     -0.247     5.4489   0.003638     0.0267    -0.0206 0.0000e+00
        560     -0.243     5.4523   0.003661     0.0269    -0.0205 0.0000e+00
        561     -0.244     5.4533   0.003664     0.0269    -0.0205 0.0000e+00
        562     -0.245     5.4512   0.003649     0.0268    -0.0205 0.0000e+00
        563     -0.246     5.4496   0.003645     0.0268    -0.0205 0.0000e+00
        564     -0.245     5.4506   0.003660     0.0269    -0.0205 0.0000e+00
        565     -0.245     5.4532   0.003681     0.0270    -0.0204 0.0000e+00
        566     -0.245     5.4553   0.003686     0.0271    -0.0204 0.0000e+00
        567     -0.244     5.4544   0.003673     0.0270    -0.0205 0.0000e+00
        568     -0.245     5.4504   0.003653     0.0268    -0.0205 0.0000e+00
        569     -0.246     5.4450   0.003635     0.0267    -0.0205 0.0000e+00
        570     -0.243     5.4394   0.003612     0.0265    -0.0205 0.0000e+00
        571     -0.242     5.4347   0.003589     0.0264    -0.0205 0.0000e+00
        572     -0.244     5.4336   0.003587     0.0264    -0.0205 0.0000e+00
        573     -0.247     5.4359   0.003609     0.0265    -0.0204 0.0000e+00
        574     -0.249     5.4391   0.003634     0.0267    -0.0204 0.0000e+00
        575     -0.250     5.4414   0.003639     0.0267    -0.0204 0.0000e+00
        576     -0.252     5.4427   0.003628     0.0267    -0.0205 0.0000e+00
        577     -0.254     5.4437   0.003626     0.0266    -0.0205 0.0000e+00
        578     -0.256     5.4440   0.003644     0.0268    -0.0204 0.0000e+00
        579     -0.256     5.4426   0.003660     0.0269    -0.0203 0.0000e+00
        580     -0.254     5.4402   0.003653     0.0268    -0.0203 0.0000e+00
        581     -0.250     5.4387   0.003628     0.0267    -0.0204 0.0000e+00
        582     -0.247     5.4382   0.003609     0.0265    -0.0205 0.0000e+00
        583     -0.246     5.4383   0.003615     0.0266    -0.0204 0.0000e+00
        584     -0.246     5.4368   0.003629     0.0267    -0.0203 0.0000e+00
        585     -0.246     5.4331   0.003623     0.0266    -0.0203 0.0000e+00
        586     -0.247     5.4314   0.003609     0.0265    -0.0203 0.0000e+00
        587     -0.249     5.4336   0.003605     0.0265    -0.0204 0.0000e+00
        588     -0.251     5.4364   0.003608     0.0265    -0.0204 0.0000e+00
        589     -0.252     5.4372   0.003608     0.0265    -0.0205 0.0000e+00
        590     -0.254     5.4357   0.003605     0.0265    -0.0204 0.0000e+00
        591     -0.256     5.4337   0.003608     0.0265    -0.0204 0.0000e+00
        592     -0.256     5.4340   0.003623     0.0266    -0.0203 0.0000e+00
        593     -0.255     5.4357   0.003632     0.0267    -0.0203 0.0000e+00
        594     -0.253     5.4351   0.003618     0.0266    -0.0204 0.0000e+00
        595     -0.253     5.4308   0.003585     0.0264    -0.0204 0.0000e+00
        596     -0.253     5.4247   0.003558     0.0262    -0.0205 0.0000e+00
        597     -0.252     5.4177   0.003548     0.0261    -0.0204 0.0000e+00
        598     -0.251     5.4108   0.003542     0.0260    -0.0202 0.0000e+00
        599     -0.250     5.4073   0.003537     0.0260    -0.0202 0.0000e+00
        600     -0.251     5.4069   0.003531     0.0260    -0.0202 0.0000e+00
        601     -0.250     5.4078   0.003529     0.0260    -0.0202 0.0000e+00
        602     -0.250     5.4106   0.003534     0.0260    -0.0203 0.0000e+00
        603     -0.249     5.4141   0.003549     0.0261    -0.0203 0.0000e+00
        604     -0.248     5.4165   0.003572     0.0263    -0.0202 0.0000e+00
        605     -0.245     5.4172   0.003592     0.0264    -0.0201 0.0000e+00
        606     -0.243     5.4164   0.003590     0.0264    -0.0201 0.0000e+00
        607     -0.243     5.4154   0.003572     0.0263    -0.0202 0.0000e+00
        608     -0.245     5.4158   0.003558     0.0262    -0.0203 0.0000e+00
        609     -0.247     5.4175   0.003566     0.0262    -0.0202 0.0000e+00
        610     -0.249     5.4183   0.003596     0.0264    -0.0201 0.0000e+00
        611     -0.250     5.4166   0.003613     0.0266    -0.0200 0.0000e+00
        612     -0.249     5.4162   0.003607     0.0265    -0.0200 0.0000e+00
        613     -0.248     5.4200   0.003603     0.0265    -0.0201 0.0000e+00
        614     -0.246     5.4247   0.003606     0.0265    -0.0202 0.0000e+00
        615     -0.246     5.4270   0.003610     0.0265    -0.0202 0.0000e+00
