Datasets/Test_Dataset_39219_tow/tel219_2021_061.cnv
* Sea-Bird SBE19plus Data File:
* Filename = C:/AQUIRE/tel219_2021_061.hex
* Software Version AquireV2 AF V2.0
* Temperature SN =  4020
* Conductivity SN =  4020
* System UpLoad Time = May 14 2021 14:37:52
** VESSEL/TRIP/SEQ STN: tel219_2021_061
** LATITUDE: 45 22.83 N
** LONGITUDE: 54 41.58 W
** DATE/TIME: 2021-05-14 14:03
** SOUNDING DEPTH (M): 0082
** PROBE TYPE: S4020
** CTD NUMBER: 061
** FORMAT: T
** COMMENTS: 
# nquan = 7                                 
# nvalues = 2137                        
# units = specified
# name 0 = scan: Scan Count
# name 1 = prdM: Pressure, Strain Gauge [db]
# name 2 = tv290C: Temperature [ITS-90, deg C]
# name 3 = c0S/m: Conductivity [S/m]
# name 4 = sal00: Salinity, Practical [PSU]
# name 5 = sigma-t00: Density [sigma-t, kg/m^3 ]
# name 6 = flag: flag
# span 0 =          1,       2137       
# span 1 =     -0.234,     80.904       
# span 2 =     0.4441,     7.0085       
# span 3 =   0.018318,   3.075492       
# span 4 =     0.1452,    32.8139       
# span 5 =     0.0753,    26.3175       
# span 6 = 0.0000e+00, 0.0000e+00       
# interval = seconds: 1
# start_time = May 14 2021 14:03:10 [Instrument's time stamp, header]
# bad_flag = -9.990e-29
*END*
[from data line 1231]
       1232     80.817     0.5216   2.781159    32.7659    26.2766 0.0000e+00
       1233     80.807     0.5215   2.781148    32.7659    26.2765 0.0000e+00
       1234     80.806     0.5215   2.781136    32.7658    26.2764 0.0000e+00
       1235     80.802     0.5215   2.781138    32.7658    26.2764 0.0000e+00
       1236     80.790     0.5217   2.781151    32.7658    26.2764 0.0000e+00
       1237     80.775     0.5219   2.781164    32.7657    26.2764 0.0000e+00
       1238     80.762     0.5220   2.781177    32.7658    26.2764 0.0000e+00
       1239     80.757     0.5221   2.781178    32.7657    26.2763 0.0000e+00
       1240     80.758     0.5221   2.781167    32.7656    26.2762 0.0000e+00
       1241     80.760     0.5221   2.781161    32.7655    26.2762 0.0000e+00
       1242     80.764     0.5221   2.781159    32.7654    26.2761 0.0000e+00
       1243     80.776     0.5222   2.781157    32.7653    26.2760 0.0000e+00
       1244     80.790     0.5222   2.781158    32.7653    26.2760 0.0000e+00
       1245     80.797     0.5222   2.781168    32.7654    26.2761 0.0000e+00
       1246     80.795     0.5223   2.781179    32.7655    26.2761 0.0000e+00
       1247     80.790     0.5225   2.781188    32.7654    26.2761 0.0000e+00
       1248     80.785     0.5227   2.781194    32.7653    26.2759 0.0000e+00
       1249     80.780     0.5228   2.781196    32.7652    26.2759 0.0000e+00
       1250     80.771     0.5229   2.781200    32.7651    26.2758 0.0000e+00
       1251     80.757     0.5230   2.781209    32.7651    26.2758 0.0000e+00
       1252     80.747     0.5231   2.781217    32.7651    26.2758 0.0000e+00
       1253     80.751     0.5232   2.781221    32.7651    26.2758 0.0000e+00
       1254     80.762     0.5232   2.781221    32.7651    26.2758 0.0000e+00
       1255     80.769     0.5232   2.781223    32.7651    26.2758 0.0000e+00
       1256     80.767     0.5232   2.781231    32.7652    26.2759 0.0000e+00
       1257     80.763     0.5233   2.781235    32.7652    26.2758 0.0000e+00
       1258     80.766     0.5234   2.781237    32.7651    26.2758 0.0000e+00
       1259     80.774     0.5235   2.781240    32.7650    26.2757 0.0000e+00
       1260     80.777     0.5235   2.781240    32.7650    26.2757 0.0000e+00
       1261     80.768     0.5236   2.781238    32.7649    26.2756 0.0000e+00
       1262     80.753     0.5236   2.781234    32.7648    26.2756 0.0000e+00
       1263     80.741     0.5236   2.781235    32.7649    26.2756 0.0000e+00
       1264     80.733     0.5238   2.781241    32.7647    26.2755 0.0000e+00
       1265     80.728     0.5240   2.781249    32.7646    26.2754 0.0000e+00
       1266     80.729     0.5240   2.781257    32.7647    26.2754 0.0000e+00
       1267     80.733     0.5241   2.781264    32.7647    26.2754 0.0000e+00
       1268     80.726     0.5242   2.781269    32.7647    26.2754 0.0000e+00
       1269     80.710     0.5242   2.781275    32.7648    26.2755 0.0000e+00
       1270     80.701     0.5243   2.781279    32.7647    26.2754 0.0000e+00
       1271     80.704     0.5244   2.781279    32.7646    26.2753 0.0000e+00
       1272     80.704     0.5244   2.781276    32.7646    26.2753 0.0000e+00
       1273     80.689     0.5244   2.781266    32.7644    26.2752 0.0000e+00
       1274     80.663     0.5245   2.781256    32.7642    26.2750 0.0000e+00
       1275     80.640     0.5245   2.781252    32.7642    26.2750 0.0000e+00
       1276     80.627     0.5245   2.781253    32.7642    26.2750 0.0000e+00
       1277     80.622     0.5247   2.781264    32.7641    26.2749 0.0000e+00
       1278     80.623     0.5248   2.781277    32.7642    26.2750 0.0000e+00
       1279     80.630     0.5249   2.781285    32.7642    26.2750 0.0000e+00
       1280     80.636     0.5250   2.781296    32.7642    26.2750 0.0000e+00
       1281     80.640     0.5250   2.781303    32.7643    26.2751 0.0000e+00
       1282     80.646     0.5251   2.781310    32.7643    26.2750 0.0000e+00
       1283     80.655     0.5252   2.781322    32.7643    26.2751 0.0000e+00
       1284     80.659     0.5252   2.781323    32.7643    26.2751 0.0000e+00
       1285     80.652     0.5252   2.781310    32.7642    26.2749 0.0000e+00
       1286     80.635     0.5252   2.781302    32.7641    26.2749 0.0000e+00
       1287     80.622     0.5252   2.781308    32.7642    26.2749 0.0000e+00
       1288     80.621     0.5253   2.781316    32.7642    26.2749 0.0000e+00
       1289     80.615     0.5254   2.781325    32.7642    26.2749 0.0000e+00
       1290     80.590     0.5254   2.781327    32.7642    26.2750 0.0000e+00
       1291     80.559     0.5254   2.781327    32.7642    26.2750 0.0000e+00
       1292     80.545     0.5254   2.781332    32.7643    26.2750 0.0000e+00
       1293     80.552     0.5255   2.781334    32.7642    26.2750 0.0000e+00
       1294     80.561     0.5255   2.781332    32.7642    26.2749 0.0000e+00
       1295     80.556     0.5254   2.781325    32.7642    26.2750 0.0000e+00
       1296     80.542     0.5253   2.781315    32.7642    26.2750 0.0000e+00
       1297     80.538     0.5253   2.781311    32.7642    26.2749 0.0000e+00
       1298     80.549     0.5253   2.781313    32.7642    26.2749 0.0000e+00
       1299     80.558     0.5253   2.781317    32.7642    26.2750 0.0000e+00
       1300     80.554     0.5254   2.781322    32.7642    26.2749 0.0000e+00
       1301     80.540     0.5255   2.781322    32.7641    26.2748 0.0000e+00
       1302     80.520     0.5257   2.781320    32.7639    26.2747 0.0000e+00
       1303     80.507     0.5259   2.781328    32.7638    26.2746 0.0000e+00
       1304     80.510     0.5261   2.781336    32.7636    26.2745 0.0000e+00
       1305     80.516     0.5263   2.781347    32.7636    26.2744 0.0000e+00
       1306     80.517     0.5263   2.781355    32.7637    26.2745 0.0000e+00
       1307     80.514     0.5263   2.781358    32.7637    26.2745 0.0000e+00
       1308     80.516     0.5265   2.781362    32.7636    26.2744 0.0000e+00
       1309     80.527     0.5267   2.781373    32.7635    26.2743 0.0000e+00
       1310     80.537     0.5269   2.781385    32.7634    26.2742 0.0000e+00
       1311     80.540     0.5271   2.781390    32.7633    26.2741 0.0000e+00
       1312     80.533     0.5272   2.781393    32.7632    26.2740 0.0000e+00
       1313     80.515     0.5273   2.781395    32.7631    26.2740 0.0000e+00
       1314     80.496     0.5273   2.781399    32.7632    26.2740 0.0000e+00
       1315     80.479     0.5273   2.781401    32.7632    26.2741 0.0000e+00
       1316     80.465     0.5275   2.781407    32.7631    26.2740 0.0000e+00
       1317     80.455     0.5277   2.781417    32.7630    26.2739 0.0000e+00
       1318     80.448     0.5279   2.781426    32.7629    26.2738 0.0000e+00
       1319     80.444     0.5281   2.781431    32.7628    26.2737 0.0000e+00
       1320     80.449     0.5282   2.781439    32.7628    26.2737 0.0000e+00
       1321     80.462     0.5282   2.781449    32.7629    26.2738 0.0000e+00
       1322     80.473     0.5282   2.781454    32.7630    26.2738 0.0000e+00
       1323     80.474     0.5283   2.781451    32.7628    26.2737 0.0000e+00
       1324     80.460     0.5283   2.781445    32.7628    26.2736 0.0000e+00
       1325     80.436     0.5283   2.781442    32.7627    26.2736 0.0000e+00
       1326     80.412     0.5283   2.781439    32.7627    26.2736 0.0000e+00
       1327     80.396     0.5282   2.781431    32.7627    26.2736 0.0000e+00
       1328     80.392     0.5283   2.781430    32.7626    26.2735 0.0000e+00
       1329     80.396     0.5283   2.781437    32.7627    26.2736 0.0000e+00
       1330     80.406     0.5283   2.781449    32.7628    26.2737 0.0000e+00
       1331     80.419     0.5283   2.781457    32.7629    26.2738 0.0000e+00
       1332     80.429     0.5284   2.781456    32.7628    26.2737 0.0000e+00
       1333     80.432     0.5285   2.781457    32.7627    26.2736 0.0000e+00
       1334     80.426     0.5286   2.781463    32.7627    26.2736 0.0000e+00
       1335     80.416     0.5286   2.781466    32.7627    26.2736 0.0000e+00
       1336     80.409     0.5286   2.781459    32.7626    26.2735 0.0000e+00
       1337     80.407     0.5286   2.781457    32.7626    26.2735 0.0000e+00
       1338     80.411     0.5287   2.781465    32.7626    26.2735 0.0000e+00
       1339     80.418     0.5289   2.781475    32.7625    26.2734 0.0000e+00
       1340     80.419     0.5290   2.781484    32.7625    26.2734 0.0000e+00
       1341     80.411     0.5290   2.781477    32.7625    26.2733 0.0000e+00
       1342     80.399     0.5291   2.781470    32.7623    26.2732 0.0000e+00
       1343     80.390     0.5292   2.781482    32.7623    26.2732 0.0000e+00
       1344     80.380     0.5293   2.781495    32.7624    26.2733 0.0000e+00
       1345     80.365     0.5294   2.781508    32.7625    26.2733 0.0000e+00
       1346     80.354     0.5295   2.781519    32.7625    26.2734 0.0000e+00
       1347     80.357     0.5297   2.781526    32.7624    26.2732 0.0000e+00
       1348     80.370     0.5300   2.781534    32.7622    26.2731 0.0000e+00
       1349     80.383     0.5302   2.781547    32.7621    26.2730 0.0000e+00
       1350     80.383     0.5303   2.781549    32.7620    26.2729 0.0000e+00
       1351     80.370     0.5301   2.781540    32.7621    26.2730 0.0000e+00
       1352     80.351     0.5300   2.781536    32.7622    26.2731 0.0000e+00
       1353     80.331     0.5301   2.781542    32.7622    26.2731 0.0000e+00
       1354     80.318     0.5301   2.781553    32.7623    26.2732 0.0000e+00
       1355     80.311     0.5302   2.781558    32.7623    26.2731 0.0000e+00
       1356     80.309     0.5302   2.781553    32.7622    26.2731 0.0000e+00
       1357     80.313     0.5303   2.781545    32.7620    26.2729 0.0000e+00
       1358     80.323     0.5303   2.781551    32.7621    26.2730 0.0000e+00
       1359     80.338     0.5303   2.781571    32.7623    26.2732 0.0000e+00
       1360     80.344     0.5304   2.781585    32.7624    26.2732 0.0000e+00
       1361     80.331     0.5306   2.781589    32.7623    26.2731 0.0000e+00
       1362     80.305     0.5308   2.781591    32.7621    26.2730 0.0000e+00
       1363     80.283     0.5308   2.781589    32.7621    26.2729 0.0000e+00
       1364     80.270     0.5309   2.781590    32.7620    26.2729 0.0000e+00
       1365     80.262     0.5311   2.781605    32.7620    26.2728 0.0000e+00
       1366     80.260     0.5313   2.781622    32.7620    26.2728 0.0000e+00
       1367     80.265     0.5313   2.781629    32.7621    26.2729 0.0000e+00
       1368     80.274     0.5313   2.781628    32.7621    26.2729 0.0000e+00
       1369     80.281     0.5313   2.781627    32.7620    26.2729 0.0000e+00
       1370     80.282     0.5313   2.781626    32.7620    26.2729 0.0000e+00
       1371     80.282     0.5314   2.781632    32.7620    26.2728 0.0000e+00
       1372     80.290     0.5315   2.781639    32.7620    26.2728 0.0000e+00
       1373     80.304     0.5316   2.781634    32.7618    26.2727 0.0000e+00
       1374     80.308     0.5316   2.781628    32.7617    26.2726 0.0000e+00
       1375     80.290     0.5317   2.781631    32.7617    26.2726 0.0000e+00
       1376     80.258     0.5319   2.781640    32.7616    26.2725 0.0000e+00
       1377     80.231     0.5319   2.781644    32.7617    26.2725 0.0000e+00
       1378     80.221     0.5320   2.781644    32.7615    26.2725 0.0000e+00
       1379     80.228     0.5322   2.781659    32.7615    26.2724 0.0000e+00
       1380     80.238     0.5325   2.781684    32.7615    26.2724 0.0000e+00
       1381     80.246     0.5328   2.781701    32.7614    26.2723 0.0000e+00
       1382     80.255     0.5328   2.781701    32.7614    26.2723 0.0000e+00
       1383     80.263     0.5325   2.781686    32.7615    26.2724 0.0000e+00
       1384     80.267     0.5324   2.781676    32.7615    26.2724 0.0000e+00
       1385     80.271     0.5327   2.781692    32.7614    26.2723 0.0000e+00
       1386     80.274     0.5330   2.781719    32.7614    26.2723 0.0000e+00
       1387     80.267     0.5331   2.781724    32.7614    26.2723 0.0000e+00
       1388     80.248     0.5329   2.781666    32.7609    26.2719 0.0000e+00
       1389     80.228     0.5326   2.781610    32.7605    26.2715 0.0000e+00
       1390     80.214     0.5325   2.781640    32.7610    26.2720 0.0000e+00
       1391     80.209     0.5326   2.781678    32.7614    26.2723 0.0000e+00
       1392     80.208     0.5328   2.781687    32.7613    26.2722 0.0000e+00
       1393     80.209     0.5329   2.781690    32.7612    26.2721 0.0000e+00
       1394     80.213     0.5327   2.781677    32.7612    26.2722 0.0000e+00
       1395     80.221     0.5324   2.781652    32.7612    26.2722 0.0000e+00
       1396     80.227     0.5323   2.781634    32.7611    26.2721 0.0000e+00
       1397     80.226     0.5323   2.781634    32.7611    26.2721 0.0000e+00
       1398     80.211     0.5323   2.781645    32.7613    26.2722 0.0000e+00
       1399     80.184     0.5324   2.781645    32.7612    26.2721 0.0000e+00
       1400     80.156     0.5324   2.781633    32.7610    26.2720 0.0000e+00
       1401     80.136     0.5326   2.781642    32.7609    26.2719 0.0000e+00
       1402     80.124     0.5331   2.781680    32.7609    26.2719 0.0000e+00
       1403     80.106     0.5333   2.781715    32.7612    26.2721 0.0000e+00
       1404     80.075     0.5333   2.781711    32.7611    26.2720 0.0000e+00
       1405     80.044     0.5332   2.781680    32.7608    26.2718 0.0000e+00
       1406     80.034     0.5330   2.781663    32.7608    26.2718 0.0000e+00
       1407     80.047     0.5331   2.781674    32.7609    26.2718 0.0000e+00
       1408     80.067     0.5333   2.781694    32.7609    26.2719 0.0000e+00
       1409     80.072     0.5335   2.781708    32.7609    26.2718 0.0000e+00
       1410     80.064     0.5336   2.781713    32.7608    26.2718 0.0000e+00
       1411     80.057     0.5336   2.781710    32.7608    26.2718 0.0000e+00
       1412     80.056     0.5336   2.781706    32.7608    26.2717 0.0000e+00
       1413     80.039     0.5336   2.781707    32.7608    26.2717 0.0000e+00
       1414     79.994     0.5335   2.781710    32.7609    26.2719 0.0000e+00
       1415     79.941     0.5335   2.781703    32.7609    26.2718 0.0000e+00
       1416     79.909     0.5335   2.781695    32.7608    26.2718 0.0000e+00
       1417     79.902     0.5337   2.781704    32.7607    26.2717 0.0000e+00
       1418     79.907     0.5339   2.781721    32.7607    26.2717 0.0000e+00
       1419     79.913     0.5340   2.781725    32.7607    26.2716 0.0000e+00
       1420     79.913     0.5341   2.781718    32.7605    26.2715 0.0000e+00
       1421     79.908     0.5342   2.781710    32.7603    26.2713 0.0000e+00
       1422     79.910     0.5343   2.781710    32.7601    26.2712 0.0000e+00
       1423     79.929     0.5343   2.781721    32.7603    26.2713 0.0000e+00
       1424     79.948     0.5344   2.781736    32.7604    26.2714 0.0000e+00
       1425     79.950     0.5345   2.781741    32.7603    26.2713 0.0000e+00
       1426     79.936     0.5345   2.781737    32.7603    26.2713 0.0000e+00
       1427     79.918     0.5345   2.781731    32.7602    26.2712 0.0000e+00
       1428     79.904     0.5345   2.781720    32.7601    26.2711 0.0000e+00
       1429     79.898     0.5346   2.781711    32.7598    26.2709 0.0000e+00
       1430     79.898     0.5348   2.781715    32.7597    26.2708 0.0000e+00
       1431     79.902     0.5350   2.781726    32.7596    26.2707 0.0000e+00
       1432     79.906     0.5351   2.781737    32.7596    26.2708 0.0000e+00
       1433     79.904     0.5351   2.781741    32.7597    26.2708 0.0000e+00
       1434     79.895     0.5351   2.781740    32.7597    26.2708 0.0000e+00
       1435     79.891     0.5352   2.781746    32.7597    26.2708 0.0000e+00
