Datasets/Test_Dataset_39219_tow/tel219_2021_084.cnv
* Sea-Bird SBE19plus Data File:
* Filename = C:/AQUIRE/tel219_2021_084.hex
* Software Version AquireV2 AF V2.0
* Temperature SN =  4020
* Conductivity SN =  4020
* System UpLoad Time = May 17 2021 00:56:47
** VESSEL/TRIP/SEQ STN: tel219_2021_084
** LATITUDE: 46 20.26 N
** LONGITUDE: 55 44.63 W
** DATE/TIME: 2021-05-17 00:16
** SOUNDING DEPTH (M): 0143
** PROBE TYPE: S4020
** CTD NUMBER: 074
** FORMAT: T
** COMMENTS: 
# nquan = 7                                 
# nvalues = 2462                        
# units = specified
# name 0 = scan: Scan Count
# name 1 = prdM: Pressure, Strain Gauge [db]
# name 2 = tv290C: Temperature [ITS-90, deg C]
# name 3 = c0S/m: Conductivity [S/m]
# name 4 = sal00: Salinity, Practical [PSU]
# name 5 = sigma-t00: Density [sigma-t, kg/m^3 ]
# name 6 = flag: flag
# span 0 =          1,       2462       
# span 1 =      0.051,    140.177       
# span 2 =     0.1817,     5.2980       
# span 3 =   0.006660,   3.093165       
# span 4 =     0.0491,    32.5870       
# span 5 =     0.0008,    26.1479       
# span 6 = 0.0000e+00, 0.0000e+00       
# interval = seconds: 1
# start_time = May 17 2021 00:16:27 [Instrument's time stamp, header]
# bad_flag = -9.990e-29
*END*
          1      0.069     5.2900   0.006790     0.0501     0.0017 0.0000e+00
          2      0.067     5.2900   0.006784     0.0501     0.0017 0.0000e+00
          3      0.066     5.2901   0.006779     0.0500     0.0016 0.0000e+00
          4      0.065     5.2901   0.006776     0.0500     0.0016 0.0000e+00
          5      0.063     5.2901   0.006773     0.0500     0.0016 0.0000e+00
          6      0.063     5.2901   0.006769     0.0499     0.0016 0.0000e+00
          7      0.065     5.2903   0.006765     0.0499     0.0015 0.0000e+00
          8      0.069     5.2903   0.006762     0.0499     0.0015 0.0000e+00
          9      0.070     5.2903   0.006757     0.0498     0.0015 0.0000e+00
         10      0.069     5.2903   0.006751     0.0498     0.0014 0.0000e+00
         11      0.067     5.2904   0.006749     0.0498     0.0014 0.0000e+00
         12      0.066     5.2904   0.006750     0.0498     0.0014 0.0000e+00
         13      0.064     5.2904   0.006753     0.0498     0.0015 0.0000e+00
         14      0.063     5.2904   0.006753     0.0498     0.0015 0.0000e+00
         15      0.063     5.2906   0.006749     0.0498     0.0014 0.0000e+00
         16      0.062     5.2907   0.006742     0.0497     0.0014 0.0000e+00
         17      0.061     5.2906   0.006734     0.0497     0.0013 0.0000e+00
         18      0.060     5.2905   0.006731     0.0497     0.0013 0.0000e+00
         19      0.060     5.2907   0.006732     0.0497     0.0013 0.0000e+00
         20      0.061     5.2907   0.006730     0.0496     0.0013 0.0000e+00
         21      0.061     5.2907   0.006729     0.0496     0.0013 0.0000e+00
         22      0.062     5.2908   0.006725     0.0496     0.0013 0.0000e+00
         23      0.065     5.2908   0.006721     0.0496     0.0013 0.0000e+00
         24      0.067     5.2910   0.006720     0.0496     0.0012 0.0000e+00
         25      0.067     5.2911   0.006719     0.0496     0.0012 0.0000e+00
         26      0.064     5.2911   0.006716     0.0495     0.0012 0.0000e+00
         27      0.061     5.2910   0.006711     0.0495     0.0012 0.0000e+00
         28      0.062     5.2911   0.006709     0.0495     0.0012 0.0000e+00
         29      0.064     5.2912   0.006708     0.0495     0.0012 0.0000e+00
         30      0.063     5.2912   0.006708     0.0495     0.0012 0.0000e+00
         31      0.058     5.2913   0.006707     0.0495     0.0012 0.0000e+00
         32      0.052     5.2912   0.006705     0.0495     0.0011 0.0000e+00
         33      0.051     5.2912   0.006702     0.0494     0.0011 0.0000e+00
         34      0.054     5.2912   0.006699     0.0494     0.0011 0.0000e+00
         35      0.058     5.2913   0.006699     0.0494     0.0011 0.0000e+00
         36      0.063     5.2916   0.006700     0.0494     0.0011 0.0000e+00
         37      0.066     5.2918   0.006700     0.0494     0.0011 0.0000e+00
         38      0.065     5.2918   0.006699     0.0494     0.0011 0.0000e+00
         39      0.063     5.2918   0.006695     0.0494     0.0011 0.0000e+00
         40      0.063     5.2918   0.006693     0.0494     0.0011 0.0000e+00
         41      0.064     5.2918   0.006690     0.0493     0.0010 0.0000e+00
         42      0.062     5.2918   0.006689     0.0493     0.0010 0.0000e+00
         43      0.059     5.2919   0.006690     0.0493     0.0010 0.0000e+00
         44      0.059     5.2919   0.006692     0.0494     0.0011 0.0000e+00
         45      0.062     5.2919   0.006690     0.0493     0.0010 0.0000e+00
         46      0.063     5.2919   0.006687     0.0493     0.0010 0.0000e+00
         47      0.065     5.2919   0.006687     0.0493     0.0010 0.0000e+00
         48      0.066     5.2919   0.006689     0.0493     0.0010 0.0000e+00
         49      0.064     5.2919   0.006688     0.0493     0.0010 0.0000e+00
         50      0.063     5.2919   0.006685     0.0493     0.0010 0.0000e+00
         51      0.066     5.2919   0.006682     0.0493     0.0010 0.0000e+00
         52      0.068     5.2919   0.006679     0.0493     0.0010 0.0000e+00
         53      0.068     5.2920   0.006681     0.0493     0.0010 0.0000e+00
         54      0.068     5.2920   0.006684     0.0493     0.0010 0.0000e+00
         55      0.070     5.2920   0.006685     0.0493     0.0010 0.0000e+00
         56      0.072     5.2921   0.006683     0.0493     0.0010 0.0000e+00
         57      0.070     5.2921   0.006680     0.0493     0.0010 0.0000e+00
         58      0.067     5.2923   0.006681     0.0493     0.0010 0.0000e+00
         59      0.065     5.2923   0.006681     0.0493     0.0010 0.0000e+00
         60      0.066     5.2922   0.006680     0.0493     0.0010 0.0000e+00
         61      0.067     5.2921   0.006680     0.0493     0.0010 0.0000e+00
         62      0.067     5.2922   0.006683     0.0493     0.0010 0.0000e+00
         63      0.065     5.2923   0.006682     0.0493     0.0010 0.0000e+00
         64      0.063     5.2925   0.006677     0.0492     0.0010 0.0000e+00
         65      0.059     5.2926   0.006672     0.0492     0.0009 0.0000e+00
         66      0.056     5.2927   0.006670     0.0492     0.0009 0.0000e+00
         67      0.055     5.2927   0.006672     0.0492     0.0009 0.0000e+00
         68      0.054     5.2927   0.006675     0.0492     0.0009 0.0000e+00
         69      0.055     5.2927   0.006675     0.0492     0.0009 0.0000e+00
         70      0.058     5.2927   0.006674     0.0492     0.0009 0.0000e+00
         71      0.061     5.2927   0.006674     0.0492     0.0009 0.0000e+00
         72      0.059     5.2927   0.006675     0.0492     0.0009 0.0000e+00
         73      0.054     5.2929   0.006674     0.0492     0.0009 0.0000e+00
         74      0.053     5.2930   0.006674     0.0492     0.0009 0.0000e+00
         75      0.054     5.2928   0.006674     0.0492     0.0009 0.0000e+00
         76      0.053     5.2928   0.006675     0.0492     0.0009 0.0000e+00
         77      0.053     5.2930   0.006674     0.0492     0.0009 0.0000e+00
         78      0.057     5.2931   0.006672     0.0492     0.0009 0.0000e+00
         79      0.061     5.2931   0.006670     0.0492     0.0009 0.0000e+00
         80      0.061     5.2931   0.006669     0.0492     0.0009 0.0000e+00
         81      0.061     5.2931   0.006668     0.0492     0.0009 0.0000e+00
         82      0.061     5.2932   0.006669     0.0492     0.0009 0.0000e+00
         83      0.060     5.2934   0.006675     0.0492     0.0009 0.0000e+00
         84      0.060     5.2935   0.006678     0.0493     0.0009 0.0000e+00
         85      0.061     5.2935   0.006676     0.0492     0.0009 0.0000e+00
         86      0.062     5.2935   0.006671     0.0492     0.0009 0.0000e+00
         87      0.062     5.2935   0.006668     0.0492     0.0009 0.0000e+00
         88      0.060     5.2935   0.006668     0.0492     0.0009 0.0000e+00
         89      0.057     5.2935   0.006670     0.0492     0.0009 0.0000e+00
         90      0.057     5.2935   0.006671     0.0492     0.0009 0.0000e+00
         91      0.057     5.2935   0.006672     0.0492     0.0009 0.0000e+00
         92      0.057     5.2935   0.006672     0.0492     0.0009 0.0000e+00
         93      0.059     5.2937   0.006673     0.0492     0.0009 0.0000e+00
         94      0.059     5.2938   0.006675     0.0492     0.0009 0.0000e+00
         95      0.059     5.2938   0.006675     0.0492     0.0009 0.0000e+00
         96      0.058     5.2938   0.006673     0.0492     0.0009 0.0000e+00
         97      0.056     5.2939   0.006671     0.0492     0.0009 0.0000e+00
         98      0.058     5.2941   0.006673     0.0492     0.0009 0.0000e+00
         99      0.060     5.2942   0.006676     0.0492     0.0009 0.0000e+00
        100      0.058     5.2942   0.006677     0.0492     0.0009 0.0000e+00
        101      0.060     5.2942   0.006675     0.0492     0.0009 0.0000e+00
        102      0.064     5.2941   0.006673     0.0492     0.0009 0.0000e+00
        103      0.064     5.2942   0.006671     0.0492     0.0009 0.0000e+00
        104      0.063     5.2942   0.006669     0.0492     0.0009 0.0000e+00
        105      0.062     5.2942   0.006669     0.0492     0.0009 0.0000e+00
        106      0.061     5.2943   0.006669     0.0492     0.0009 0.0000e+00
        107      0.062     5.2945   0.006672     0.0492     0.0009 0.0000e+00
        108      0.063     5.2945   0.006674     0.0492     0.0009 0.0000e+00
        109      0.062     5.2946   0.006674     0.0492     0.0009 0.0000e+00
        110      0.061     5.2946   0.006674     0.0492     0.0009 0.0000e+00
        111      0.063     5.2947   0.006674     0.0492     0.0009 0.0000e+00
        112      0.065     5.2948   0.006673     0.0492     0.0009 0.0000e+00
        113      0.063     5.2948   0.006670     0.0492     0.0009 0.0000e+00
        114      0.059     5.2949   0.006669     0.0492     0.0009 0.0000e+00
        115      0.056     5.2950   0.006671     0.0492     0.0009 0.0000e+00
        116      0.056     5.2950   0.006672     0.0492     0.0009 0.0000e+00
        117      0.059     5.2950   0.006673     0.0492     0.0009 0.0000e+00
        118      0.063     5.2950   0.006675     0.0492     0.0009 0.0000e+00
        119      0.063     5.2950   0.006674     0.0492     0.0009 0.0000e+00
        120      0.060     5.2951   0.006672     0.0492     0.0009 0.0000e+00
        121      0.057     5.2953   0.006673     0.0492     0.0009 0.0000e+00
        122      0.055     5.2953   0.006675     0.0492     0.0009 0.0000e+00
        123      0.054     5.2954   0.006675     0.0492     0.0009 0.0000e+00
        124      0.055     5.2954   0.006675     0.0492     0.0009 0.0000e+00
        125      0.057     5.2954   0.006675     0.0492     0.0009 0.0000e+00
        126      0.060     5.2954   0.006674     0.0492     0.0009 0.0000e+00
        127      0.061     5.2954   0.006673     0.0492     0.0009 0.0000e+00
        128      0.061     5.2956   0.006673     0.0492     0.0009 0.0000e+00
        129      0.059     5.2957   0.006674     0.0492     0.0009 0.0000e+00
        130      0.057     5.2957   0.006674     0.0492     0.0009 0.0000e+00
        131      0.057     5.2958   0.006674     0.0492     0.0009 0.0000e+00
        132      0.057     5.2958   0.006673     0.0492     0.0009 0.0000e+00
        133      0.057     5.2958   0.006669     0.0492     0.0008 0.0000e+00
        134      0.058     5.2958   0.006662     0.0491     0.0008 0.0000e+00
        135      0.060     5.2960   0.006660     0.0491     0.0008 0.0000e+00
        136      0.061     5.2961   0.006686     0.0493     0.0009 0.0000e+00
        137      0.060     5.2961   0.006752     0.0498     0.0013 0.0000e+00
        138      0.056     5.2962   0.006947     0.0513     0.0025 0.0000e+00
        139      0.053     5.2964   0.007589     0.0561     0.0064 0.0000e+00
        140      0.054     5.2967   0.008840     0.0655     0.0139 0.0000e+00
        141      0.054     5.2971   0.010840     0.0807     0.0261 0.0000e+00
        142      0.054     5.2973   0.014791     0.1110     0.0505 0.0000e+00
        143      0.059     5.2973   0.020249     0.1535     0.0845 0.0000e+00
        144      0.068     5.2975   0.023673     0.1804     0.1060 0.0000e+00
        145      0.074     5.2978   0.024048     0.1833     0.1084 0.0000e+00
        146      0.080     5.2980   0.023596     0.1798     0.1055 0.0000e+00
        147      0.094     5.2980   0.023152     0.1763     0.1027 0.0000e+00
        148      0.120     5.2881   0.073564     0.5856     0.4306 0.0000e+00
        149      0.180     5.2275   0.662524     5.9846     4.7214 0.0000e+00
        150      0.313     5.1047   1.916361    18.9159    14.9430 0.0000e+00
        151      0.506     5.0014   2.859966    29.4242    23.2577 0.0000e+00
        152      0.689     4.9691   3.087462    32.0505    25.3409 0.0000e+00
        153      0.806     4.9687   3.087023    32.0458    25.3372 0.0000e+00
        154      0.834     4.9739   3.087263    32.0435    25.3348 0.0000e+00
        155      0.799     4.9825   3.087394    32.0367    25.3285 0.0000e+00
        156      0.754     4.9877   3.088138    32.0403    25.3308 0.0000e+00
        157      0.721     4.9841   3.090052    32.0657    25.3513 0.0000e+00
        158      0.698     4.9717   3.091196    32.0908    25.3726 0.0000e+00
        159      0.691     4.9635   3.090584    32.0917    25.3741 0.0000e+00
        160      0.708     4.9680   3.090142    32.0823    25.3662 0.0000e+00
        161      0.735     4.9755   3.090442    32.0785    25.3624 0.0000e+00
        162      0.749     4.9831   3.090625    32.0733    25.3574 0.0000e+00
        163      0.741     4.9972   3.091283    32.0672    25.3511 0.0000e+00
        164      0.718     5.0128   3.092356    32.0645    25.3472 0.0000e+00
        165      0.690     5.0230   3.093037    32.0625    25.3445 0.0000e+00
        166      0.671     5.0259   3.093165    32.0612    25.3432 0.0000e+00
        167      0.665     5.0173   3.092234    32.0588    25.3422 0.0000e+00
        168      0.660     5.0030   3.090762    32.0557    25.3413 0.0000e+00
        169      0.659     4.9943   3.090343    32.0593    25.3451 0.0000e+00
        170      0.662     4.9827   3.089655    32.0626    25.3490 0.0000e+00
        171      0.660     4.9596   3.087353    32.0584    25.3482 0.0000e+00
        172      0.651     4.9370   3.085513    32.0590    25.3511 0.0000e+00
        173      0.642     4.9234   3.084480    32.0603    25.3536 0.0000e+00
        174      0.635     4.9201   3.084100    32.0591    25.3530 0.0000e+00
        175      0.638     4.9295   3.085189    32.0626    25.3547 0.0000e+00
        176      0.653     4.9389   3.085954    32.0623    25.3535 0.0000e+00
        177      0.659     4.9346   3.085246    32.0583    25.3508 0.0000e+00
        178      0.650     4.9230   3.084339    32.0590    25.3526 0.0000e+00
        179      0.636     4.9105   3.083714    32.0639    25.3579 0.0000e+00
        180      0.629     4.8954   3.082535    32.0649    25.3603 0.0000e+00
        181      0.634     4.8817   3.081401    32.0651    25.3619 0.0000e+00
        182      0.646     4.8655   3.081239    32.0789    25.3745 0.0000e+00
        183      0.666     4.8361   3.080222    32.0955    25.3909 0.0000e+00
        184      0.692     4.8026   3.077414    32.0956    25.3945 0.0000e+00
        185      0.709     4.7836   3.074716    32.0828    25.3864 0.0000e+00
        186      0.713     4.7846   3.073916    32.0726    25.3782 0.0000e+00
        187      0.716     4.7974   3.074929    32.0719    25.3763 0.0000e+00
        188      0.717     4.8083   3.076418    32.0785    25.3804 0.0000e+00
        189      0.713     4.8087   3.077003    32.0849    25.3854 0.0000e+00
        190      0.708     4.7954   3.075429    32.0796    25.3826 0.0000e+00
        191      0.706     4.7717   3.072584    32.0697    25.3773 0.0000e+00
        192      0.711     4.7490   3.070785    32.0709    25.3807 0.0000e+00
        193      0.716     4.7400   3.071369    32.0863    25.3939 0.0000e+00
        194      0.720     4.7475   3.073363    32.1021    25.4056 0.0000e+00
        195      0.737     4.7566   3.073739    32.0976    25.4011 0.0000e+00
        196      0.770     4.7527   3.072205    32.0837    25.3904 0.0000e+00
        197      0.811     4.7432   3.071228    32.0816    25.3897 0.0000e+00
        198      0.860     4.7389   3.071299    32.0865    25.3941 0.0000e+00
        199      0.916     4.7408   3.071183    32.0833    25.3914 0.0000e+00
        200      0.964     4.7501   3.071050    32.0728    25.3820 0.0000e+00
        201      1.002     4.7641   3.071728    32.0670    25.3760 0.0000e+00
        202      1.057     4.7711   3.072429    32.0683    25.3763 0.0000e+00
        203      1.145     4.7648   3.072189    32.0716    25.3795 0.0000e+00
        204      1.245     4.7477   3.070924    32.0735    25.3829 0.0000e+00
        205      1.349     4.7251   3.068930    32.0723    25.3843 0.0000e+00
