Datasets/Test_Dataset_39219_tow/tel219_2021_079.cnv
* Sea-Bird SBE19plus Data File:
* Filename = C:/AQUIRE/tel219_2021_079.hex
* Software Version AquireV2 AF V2.0
* Temperature SN =  4020
* Conductivity SN =  4020
* System UpLoad Time = May 16 2021 10:10:17
** VESSEL/TRIP/SEQ STN: tel219_2021_079
** LATITUDE: 45 46.38 N
** LONGITUDE: 55 48.62 W
** DATE/TIME: 2021-05-16 09:40
** SOUNDING DEPTH (M): 0054
** PROBE TYPE: S4020
** CTD NUMBER:  79
** FORMAT: T
** COMMENTS: 
# nquan = 7                                 
# nvalues = 1797                        
# units = specified
# name 0 = scan: Scan Count
# name 1 = prdM: Pressure, Strain Gauge [db]
# name 2 = tv290C: Temperature [ITS-90, deg C]
# name 3 = c0S/m: Conductivity [S/m]
# name 4 = sal00: Salinity, Practical [PSU]
# name 5 = sigma-t00: Density [sigma-t, kg/m^3 ]
# name 6 = flag: flag
# span 0 =          1,       1797       
# span 1 =      0.016,     51.134       
# span 2 =     2.7797,     5.1340       
# span 3 =   0.006144,   3.036686       
# span 4 =     0.0454,    32.2308       
# span 5 =     0.0012,    25.6050       
# span 6 = 0.0000e+00, 0.0000e+00       
# interval = seconds: 1
# start_time = May 16 2021 09:40:28 [Instrument's time stamp, header]
# bad_flag = -9.990e-29
*END*
[from data line 821]
        822     50.666     2.8915   2.922788    32.1195    25.5953 0.0000e+00
        823     50.670     2.8925   2.922886    32.1197    25.5954 0.0000e+00
        824     50.676     2.8933   2.922945    32.1196    25.5953 0.0000e+00
        825     50.674     2.8939   2.922991    32.1196    25.5952 0.0000e+00
        826     50.663     2.8946   2.923067    32.1198    25.5953 0.0000e+00
        827     50.654     2.8952   2.923126    32.1200    25.5954 0.0000e+00
        828     50.660     2.8952   2.923127    32.1200    25.5954 0.0000e+00
        829     50.678     2.8946   2.923076    32.1199    25.5954 0.0000e+00
        830     50.696     2.8941   2.923016    32.1197    25.5953 0.0000e+00
        831     50.708     2.8943   2.923046    32.1199    25.5954 0.0000e+00
        832     50.713     2.8952   2.923142    32.1201    25.5955 0.0000e+00
        833     50.711     2.8960   2.923209    32.1201    25.5954 0.0000e+00
        834     50.706     2.8964   2.923232    32.1200    25.5953 0.0000e+00
        835     50.701     2.8960   2.923211    32.1202    25.5955 0.0000e+00
        836     50.693     2.8957   2.923170    32.1200    25.5953 0.0000e+00
        837     50.678     2.8956   2.923152    32.1199    25.5953 0.0000e+00
        838     50.659     2.8960   2.923197    32.1200    25.5953 0.0000e+00
        839     50.643     2.8969   2.923298    32.1204    25.5955 0.0000e+00
        840     50.640     2.8978   2.923386    32.1205    25.5956 0.0000e+00
        841     50.657     2.8985   2.923437    32.1204    25.5955 0.0000e+00
        842     50.688     2.8988   2.923477    32.1206    25.5956 0.0000e+00
        843     50.713     2.8990   2.923495    32.1206    25.5956 0.0000e+00
        844     50.720     2.8988   2.923479    32.1206    25.5956 0.0000e+00
        845     50.716     2.8986   2.923439    32.1203    25.5954 0.0000e+00
        846     50.719     2.8985   2.923423    32.1202    25.5953 0.0000e+00
        847     50.728     2.8988   2.923478    32.1206    25.5956 0.0000e+00
        848     50.729     2.8994   2.923555    32.1209    25.5958 0.0000e+00
        849     50.714     2.9002   2.923604    32.1207    25.5956 0.0000e+00
        850     50.691     2.9009   2.923658    32.1207    25.5955 0.0000e+00
        851     50.673     2.9015   2.923715    32.1208    25.5955 0.0000e+00
        852     50.668     2.9020   2.923747    32.1207    25.5954 0.0000e+00
        853     50.675     2.9023   2.923779    32.1208    25.5954 0.0000e+00
        854     50.689     2.9025   2.923813    32.1210    25.5956 0.0000e+00
        855     50.701     2.9022   2.923796    32.1211    25.5957 0.0000e+00
        856     50.707     2.9013   2.923700    32.1208    25.5955 0.0000e+00
        857     50.705     2.9007   2.923615    32.1204    25.5952 0.0000e+00
        858     50.702     2.9010   2.923665    32.1207    25.5955 0.0000e+00
        859     50.703     2.9016   2.923752    32.1211    25.5958 0.0000e+00
        860     50.704     2.9012   2.923701    32.1209    25.5956 0.0000e+00
        861     50.699     2.9006   2.923622    32.1206    25.5954 0.0000e+00
        862     50.684     2.9006   2.923640    32.1208    25.5956 0.0000e+00
        863     50.670     2.9010   2.923668    32.1207    25.5955 0.0000e+00
        864     50.668     2.9016   2.923721    32.1208    25.5955 0.0000e+00
        865     50.678     2.9027   2.923829    32.1210    25.5956 0.0000e+00
        866     50.684     2.9039   2.923931    32.1210    25.5955 0.0000e+00
        867     50.679     2.9046   2.924007    32.1212    25.5956 0.0000e+00
        868     50.672     2.9046   2.924014    32.1213    25.5957 0.0000e+00
        869     50.672     2.9044   2.923979    32.1211    25.5955 0.0000e+00
        870     50.682     2.9044   2.923971    32.1210    25.5954 0.0000e+00
        871     50.697     2.9044   2.923976    32.1211    25.5955 0.0000e+00
        872     50.713     2.9043   2.923971    32.1211    25.5955 0.0000e+00
        873     50.725     2.9043   2.923974    32.1211    25.5955 0.0000e+00
        874     50.721     2.9044   2.923980    32.1211    25.5955 0.0000e+00
        875     50.709     2.9043   2.923970    32.1211    25.5955 0.0000e+00
        876     50.707     2.9042   2.923960    32.1211    25.5955 0.0000e+00
        877     50.719     2.9044   2.923986    32.1212    25.5956 0.0000e+00
        878     50.731     2.9052   2.924059    32.1212    25.5956 0.0000e+00
        879     50.732     2.9060   2.924136    32.1214    25.5956 0.0000e+00
        880     50.716     2.9063   2.924161    32.1214    25.5956 0.0000e+00
        881     50.691     2.9066   2.924177    32.1213    25.5955 0.0000e+00
        882     50.668     2.9068   2.924210    32.1215    25.5956 0.0000e+00
        883     50.659     2.9073   2.924255    32.1216    25.5956 0.0000e+00
        884     50.671     2.9081   2.924338    32.1218    25.5957 0.0000e+00
        885     50.694     2.9086   2.924397    32.1220    25.5959 0.0000e+00
        886     50.709     2.9087   2.924383    32.1217    25.5956 0.0000e+00
        887     50.702     2.9088   2.924379    32.1215    25.5955 0.0000e+00
        888     50.677     2.9089   2.924406    32.1218    25.5957 0.0000e+00
        889     50.653     2.9089   2.924402    32.1218    25.5957 0.0000e+00
        890     50.645     2.9089   2.924392    32.1216    25.5956 0.0000e+00
        891     50.652     2.9093   2.924448    32.1219    25.5957 0.0000e+00
        892     50.655     2.9099   2.924502    32.1220    25.5957 0.0000e+00
        893     50.645     2.9101   2.924494    32.1217    25.5955 0.0000e+00
        894     50.633     2.9104   2.924519    32.1217    25.5955 0.0000e+00
        895     50.626     2.9110   2.924593    32.1220    25.5957 0.0000e+00
        896     50.620     2.9115   2.924632    32.1220    25.5956 0.0000e+00
        897     50.610     2.9116   2.924634    32.1219    25.5955 0.0000e+00
        898     50.596     2.9116   2.924642    32.1220    25.5956 0.0000e+00
        899     50.588     2.9115   2.924646    32.1221    25.5958 0.0000e+00
        900     50.597     2.9112   2.924616    32.1221    25.5957 0.0000e+00
        901     50.620     2.9109   2.924594    32.1221    25.5958 0.0000e+00
        902     50.643     2.9109   2.924598    32.1221    25.5958 0.0000e+00
        903     50.656     2.9112   2.924621    32.1221    25.5957 0.0000e+00
        904     50.656     2.9116   2.924664    32.1222    25.5958 0.0000e+00
        905     50.645     2.9121   2.924700    32.1222    25.5957 0.0000e+00
        906     50.627     2.9129   2.924777    32.1223    25.5958 0.0000e+00
        907     50.609     2.9141   2.924899    32.1226    25.5959 0.0000e+00
        908     50.596     2.9148   2.924964    32.1227    25.5959 0.0000e+00
        909     50.584     2.9148   2.924953    32.1226    25.5958 0.0000e+00
        910     50.569     2.9145   2.924908    32.1223    25.5957 0.0000e+00
        911     50.554     2.9141   2.924865    32.1222    25.5956 0.0000e+00
        912     50.546     2.9135   2.924827    32.1224    25.5958 0.0000e+00
        913     50.548     2.9131   2.924797    32.1224    25.5958 0.0000e+00
        914     50.554     2.9129   2.924785    32.1225    25.5959 0.0000e+00
        915     50.551     2.9130   2.924789    32.1224    25.5958 0.0000e+00
        916     50.536     2.9132   2.924793    32.1223    25.5957 0.0000e+00
        917     50.524     2.9136   2.924821    32.1222    25.5956 0.0000e+00
        918     50.523     2.9143   2.924900    32.1225    25.5958 0.0000e+00
        919     50.525     2.9148   2.924964    32.1227    25.5960 0.0000e+00
        920     50.517     2.9150   2.924970    32.1226    25.5958 0.0000e+00
        921     50.495     2.9149   2.924942    32.1224    25.5957 0.0000e+00
        922     50.464     2.9150   2.924940    32.1223    25.5956 0.0000e+00
        923     50.441     2.9157   2.925015    32.1225    25.5957 0.0000e+00
        924     50.441     2.9165   2.925116    32.1229    25.5960 0.0000e+00
        925     50.464     2.9169   2.925156    32.1230    25.5960 0.0000e+00
        926     50.492     2.9169   2.925140    32.1228    25.5958 0.0000e+00
        927     50.509     2.9166   2.925104    32.1226    25.5957 0.0000e+00
        928     50.507     2.9164   2.925080    32.1226    25.5957 0.0000e+00
        929     50.493     2.9166   2.925112    32.1228    25.5958 0.0000e+00
        930     50.483     2.9176   2.925212    32.1230    25.5959 0.0000e+00
        931     50.481     2.9188   2.925336    32.1233    25.5960 0.0000e+00
        932     50.480     2.9194   2.925402    32.1235    25.5962 0.0000e+00
        933     50.471     2.9195   2.925394    32.1233    25.5960 0.0000e+00
        934     50.455     2.9196   2.925394    32.1232    25.5959 0.0000e+00
        935     50.442     2.9203   2.925464    32.1234    25.5960 0.0000e+00
        936     50.442     2.9212   2.925558    32.1236    25.5961 0.0000e+00
        937     50.453     2.9218   2.925616    32.1237    25.5961 0.0000e+00
        938     50.465     2.9218   2.925615    32.1237    25.5961 0.0000e+00
        939     50.469     2.9217   2.925598    32.1236    25.5960 0.0000e+00
        940     50.466     2.9219   2.925618    32.1236    25.5961 0.0000e+00
        941     50.466     2.9222   2.925640    32.1236    25.5960 0.0000e+00
        942     50.470     2.9223   2.925650    32.1236    25.5960 0.0000e+00
        943     50.481     2.9223   2.925658    32.1237    25.5961 0.0000e+00
        944     50.496     2.9223   2.925664    32.1238    25.5961 0.0000e+00
        945     50.504     2.9221   2.925643    32.1237    25.5961 0.0000e+00
        946     50.499     2.9219   2.925613    32.1235    25.5960 0.0000e+00
        947     50.484     2.9221   2.925634    32.1236    25.5960 0.0000e+00
        948     50.471     2.9226   2.925690    32.1238    25.5961 0.0000e+00
        949     50.471     2.9229   2.925727    32.1239    25.5962 0.0000e+00
        950     50.479     2.9230   2.925736    32.1239    25.5962 0.0000e+00
        951     50.485     2.9231   2.925732    32.1238    25.5961 0.0000e+00
        952     50.482     2.9233   2.925739    32.1237    25.5960 0.0000e+00
        953     50.474     2.9236   2.925779    32.1239    25.5961 0.0000e+00
        954     50.473     2.9240   2.925809    32.1238    25.5960 0.0000e+00
        955     50.484     2.9244   2.925822    32.1236    25.5958 0.0000e+00
        956     50.503     2.9250   2.925893    32.1238    25.5960 0.0000e+00
        957     50.521     2.9257   2.925988    32.1243    25.5963 0.0000e+00
        958     50.527     2.9261   2.926015    32.1242    25.5962 0.0000e+00
        959     50.519     2.9261   2.926005    32.1241    25.5961 0.0000e+00
        960     50.501     2.9262   2.926015    32.1241    25.5961 0.0000e+00
        961     50.485     2.9266   2.926062    32.1243    25.5962 0.0000e+00
        962     50.480     2.9271   2.926117    32.1245    25.5963 0.0000e+00
        963     50.482     2.9272   2.926123    32.1244    25.5963 0.0000e+00
        964     50.484     2.9272   2.926105    32.1242    25.5961 0.0000e+00
        965     50.483     2.9272   2.926111    32.1243    25.5961 0.0000e+00
        966     50.480     2.9273   2.926131    32.1244    25.5963 0.0000e+00
        967     50.480     2.9276   2.926151    32.1244    25.5962 0.0000e+00
        968     50.490     2.9278   2.926168    32.1244    25.5962 0.0000e+00
        969     50.507     2.9280   2.926183    32.1243    25.5961 0.0000e+00
        970     50.516     2.9286   2.926237    32.1244    25.5961 0.0000e+00
        971     50.510     2.9294   2.926315    32.1245    25.5962 0.0000e+00
        972     50.489     2.9299   2.926366    32.1247    25.5962 0.0000e+00
        973     50.469     2.9298   2.926365    32.1248    25.5963 0.0000e+00
        974     50.463     2.9295   2.926338    32.1247    25.5963 0.0000e+00
        975     50.467     2.9293   2.926326    32.1248    25.5964 0.0000e+00
        976     50.470     2.9293   2.926330    32.1248    25.5964 0.0000e+00
        977     50.465     2.9295   2.926336    32.1247    25.5963 0.0000e+00
        978     50.462     2.9295   2.926340    32.1248    25.5963 0.0000e+00
        979     50.469     2.9295   2.926335    32.1247    25.5963 0.0000e+00
        980     50.483     2.9294   2.926330    32.1247    25.5963 0.0000e+00
        981     50.496     2.9293   2.926326    32.1248    25.5964 0.0000e+00
        982     50.499     2.9293   2.926325    32.1248    25.5964 0.0000e+00
        983     50.492     2.9295   2.926332    32.1247    25.5963 0.0000e+00
        984     50.482     2.9296   2.926341    32.1247    25.5963 0.0000e+00
        985     50.472     2.9299   2.926364    32.1247    25.5962 0.0000e+00
        986     50.468     2.9303   2.926410    32.1248    25.5963 0.0000e+00
        987     50.478     2.9307   2.926461    32.1250    25.5965 0.0000e+00
        988     50.500     2.9310   2.926494    32.1251    25.5965 0.0000e+00
        989     50.519     2.9311   2.926492    32.1250    25.5964 0.0000e+00
        990     50.517     2.9312   2.926491    32.1249    25.5963 0.0000e+00
        991     50.491     2.9318   2.926540    32.1249    25.5962 0.0000e+00
        992     50.456     2.9331   2.926668    32.1252    25.5963 0.0000e+00
        993     50.433     2.9345   2.926823    32.1257    25.5966 0.0000e+00
        994     50.431     2.9349   2.926863    32.1257    25.5967 0.0000e+00
        995     50.440     2.9347   2.926806    32.1252    25.5963 0.0000e+00
        996     50.449     2.9346   2.926787    32.1251    25.5962 0.0000e+00
        997     50.457     2.9348   2.926820    32.1253    25.5963 0.0000e+00
        998     50.471     2.9349   2.926843    32.1255    25.5964 0.0000e+00
        999     50.489     2.9349   2.926843    32.1255    25.5964 0.0000e+00
       1000     50.504     2.9350   2.926856    32.1255    25.5965 0.0000e+00
       1001     50.511     2.9354   2.926895    32.1256    25.5965 0.0000e+00
       1002     50.511     2.9357   2.926922    32.1256    25.5965 0.0000e+00
       1003     50.502     2.9359   2.926940    32.1256    25.5965 0.0000e+00
       1004     50.485     2.9359   2.926943    32.1257    25.5965 0.0000e+00
       1005     50.463     2.9357   2.926911    32.1255    25.5964 0.0000e+00
       1006     50.450     2.9359   2.926924    32.1255    25.5964 0.0000e+00
       1007     50.454     2.9367   2.927028    32.1259    25.5967 0.0000e+00
       1008     50.468     2.9374   2.927104    32.1261    25.5968 0.0000e+00
       1009     50.478     2.9378   2.927118    32.1259    25.5966 0.0000e+00
       1010     50.478     2.9382   2.927157    32.1260    25.5966 0.0000e+00
       1011     50.478     2.9387   2.927216    32.1262    25.5967 0.0000e+00
       1012     50.478     2.9392   2.927264    32.1263    25.5967 0.0000e+00
       1013     50.475     2.9396   2.927304    32.1264    25.5968 0.0000e+00
       1014     50.470     2.9397   2.927309    32.1263    25.5967 0.0000e+00
       1015     50.465     2.9394   2.927277    32.1262    25.5967 0.0000e+00
       1016     50.462     2.9390   2.927234    32.1261    25.5966 0.0000e+00
       1017     50.460     2.9390   2.927231    32.1261    25.5966 0.0000e+00
       1018     50.458     2.9394   2.927289    32.1264    25.5968 0.0000e+00
       1019     50.457     2.9402   2.927367    32.1265    25.5969 0.0000e+00
       1020     50.461     2.9409   2.927426    32.1266    25.5968 0.0000e+00
       1021     50.463     2.9413   2.927465    32.1266    25.5968 0.0000e+00
       1022     50.459     2.9417   2.927490    32.1265    25.5967 0.0000e+00
       1023     50.455     2.9420   2.927519    32.1266    25.5967 0.0000e+00
       1024     50.460     2.9424   2.927559    32.1267    25.5968 0.0000e+00
       1025     50.476     2.9425   2.927577    32.1268    25.5969 0.0000e+00
