Datasets/Test_Dataset_39219_tow/tel219_2021_008.cnv
* Sea-Bird SBE19plus Data File:
* Filename = C:/AQUIRE/tel219_2021_008.hex
* Software Version AquireV2 AF V2.0
* Temperature SN =  4020
* Conductivity SN =  4020
* System UpLoad Time = May 06 2021 15:49:32
** VESSEL/TRIP/SEQ STN: tel219_2021_008
** LATITUDE: 45 56.30 N
** LONGITUDE: 55 56.00 W
** DATE/TIME: 2021-05-06 15:14
** SOUNDING DEPTH (M): 0059
** PROBE TYPE: S4020
** CTD NUMBER: 008
** FORMAT: t
** COMMENTS: 
# nquan = 7                                 
# nvalues = 2065                        
# units = specified
# name 0 = scan: Scan Count
# name 1 = prdM: Pressure, Strain Gauge [db]
# name 2 = tv290C: Temperature [ITS-90, deg C]
# name 3 = c0S/m: Conductivity [S/m]
# name 4 = sal00: Salinity, Practical [PSU]
# name 5 = sigma-t00: Density [sigma-t, kg/m^3 ]
# name 6 = flag: flag
# span 0 =          1,       2065       
# span 1 =     -0.118,     55.448       
# span 2 =     1.9369,     4.2089       
# span 3 =   0.004624,   2.992923       
# span 4 =     0.0346,    32.1706       
# span 5 =     0.0027,    25.7003       
# span 6 = 0.0000e+00, 0.0000e+00       
# interval = seconds: 1
# start_time = May 06 2021 15:14:28 [Instrument's time stamp, header]
# bad_flag = -9.990e-29
*END*
          1     -0.098     4.1344   0.004627     0.0347     0.0028 0.0000e+00
          2     -0.097     4.1349   0.004624     0.0346     0.0027 0.0000e+00
          3     -0.097     4.1355   0.004626     0.0346     0.0028 0.0000e+00
          4     -0.098     4.1361   0.004631     0.0347     0.0028 0.0000e+00
          5     -0.094     4.1365   0.004635     0.0347     0.0028 0.0000e+00
          6     -0.088     4.1371   0.004637     0.0347     0.0028 0.0000e+00
          7     -0.084     4.1377   0.004636     0.0347     0.0028 0.0000e+00
          8     -0.083     4.1382   0.004636     0.0347     0.0028 0.0000e+00
          9     -0.086     4.1388   0.004637     0.0347     0.0028 0.0000e+00
         10     -0.088     4.1394   0.004638     0.0347     0.0028 0.0000e+00
         11     -0.090     4.1399   0.004635     0.0347     0.0028 0.0000e+00
         12     -0.091     4.1404   0.004632     0.0347     0.0028 0.0000e+00
         13     -0.089     4.1410   0.004636     0.0347     0.0028 0.0000e+00
         14     -0.088     4.1416   0.004643     0.0348     0.0028 0.0000e+00
         15     -0.089     4.1421   0.004642     0.0348     0.0028 0.0000e+00
         16     -0.089     4.1427   0.004640     0.0347     0.0028 0.0000e+00
         17     -0.089     4.1433   0.004641     0.0348     0.0028 0.0000e+00
         18     -0.089     4.1439   0.004641     0.0348     0.0028 0.0000e+00
         19     -0.090     4.1445   0.004637     0.0347     0.0028 0.0000e+00
         20     -0.093     4.1451   0.004637     0.0347     0.0028 0.0000e+00
         21     -0.094     4.1457   0.004642     0.0348     0.0028 0.0000e+00
         22     -0.093     4.1463   0.004648     0.0348     0.0029 0.0000e+00
         23     -0.094     4.1469   0.004650     0.0348     0.0029 0.0000e+00
         24     -0.096     4.1474   0.004650     0.0348     0.0029 0.0000e+00
         25     -0.097     4.1480   0.004650     0.0348     0.0029 0.0000e+00
         26     -0.095     4.1486   0.004652     0.0348     0.0029 0.0000e+00
         27     -0.092     4.1492   0.004653     0.0348     0.0029 0.0000e+00
         28     -0.090     4.1496   0.004653     0.0348     0.0029 0.0000e+00
         29     -0.089     4.1502   0.004656     0.0349     0.0029 0.0000e+00
         30     -0.090     4.1509   0.004666     0.0349     0.0030 0.0000e+00
         31     -0.093     4.1515   0.004678     0.0350     0.0030 0.0000e+00
         32     -0.096     4.1521   0.004685     0.0351     0.0031 0.0000e+00
         33     -0.101     4.1527   0.004686     0.0351     0.0031 0.0000e+00
         34     -0.103     4.1533   0.004686     0.0351     0.0031 0.0000e+00
         35     -0.100     4.1539   0.004687     0.0351     0.0031 0.0000e+00
         36     -0.098     4.1544   0.004691     0.0351     0.0031 0.0000e+00
         37     -0.100     4.1551   0.004694     0.0352     0.0031 0.0000e+00
         38     -0.101     4.1556   0.004692     0.0351     0.0031 0.0000e+00
         39     -0.099     4.1562   0.004689     0.0351     0.0031 0.0000e+00
         40     -0.098     4.1568   0.004688     0.0351     0.0031 0.0000e+00
         41     -0.099     4.1573   0.004687     0.0351     0.0031 0.0000e+00
         42     -0.099     4.1579   0.004686     0.0351     0.0031 0.0000e+00
         43     -0.096     4.1586   0.004687     0.0351     0.0031 0.0000e+00
         44     -0.094     4.1592   0.004688     0.0351     0.0031 0.0000e+00
         45     -0.095     4.1598   0.004693     0.0351     0.0031 0.0000e+00
         46     -0.096     4.1604   0.004698     0.0352     0.0031 0.0000e+00
         47     -0.097     4.1609   0.004697     0.0352     0.0031 0.0000e+00
         48     -0.098     4.1616   0.004693     0.0351     0.0031 0.0000e+00
         49     -0.097     4.1622   0.004694     0.0351     0.0031 0.0000e+00
         50     -0.095     4.1628   0.004701     0.0352     0.0031 0.0000e+00
         51     -0.096     4.1634   0.004711     0.0353     0.0032 0.0000e+00
         52     -0.098     4.1640   0.004718     0.0353     0.0032 0.0000e+00
         53     -0.097     4.1646   0.004724     0.0354     0.0033 0.0000e+00
         54     -0.095     4.1651   0.004725     0.0354     0.0033 0.0000e+00
         55     -0.095     4.1657   0.004724     0.0354     0.0033 0.0000e+00
         56     -0.097     4.1663   0.004719     0.0353     0.0032 0.0000e+00
         57     -0.099     4.1669   0.004711     0.0353     0.0032 0.0000e+00
         58     -0.101     4.1676   0.004707     0.0352     0.0032 0.0000e+00
         59     -0.103     4.1681   0.004707     0.0352     0.0031 0.0000e+00
         60     -0.104     4.1688   0.004709     0.0353     0.0032 0.0000e+00
         61     -0.104     4.1694   0.004709     0.0353     0.0032 0.0000e+00
         62     -0.102     4.1700   0.004707     0.0352     0.0031 0.0000e+00
         63     -0.098     4.1706   0.004705     0.0352     0.0031 0.0000e+00
         64     -0.094     4.1711   0.004703     0.0352     0.0031 0.0000e+00
         65     -0.092     4.1717   0.004701     0.0352     0.0031 0.0000e+00
         66     -0.092     4.1723   0.004696     0.0352     0.0031 0.0000e+00
         67     -0.095     4.1729   0.004691     0.0351     0.0030 0.0000e+00
         68     -0.094     4.1735   0.004691     0.0351     0.0030 0.0000e+00
         69     -0.092     4.1740   0.004693     0.0351     0.0030 0.0000e+00
         70     -0.095     4.1746   0.004694     0.0351     0.0030 0.0000e+00
         71     -0.099     4.1752   0.004695     0.0351     0.0030 0.0000e+00
         72     -0.101     4.1758   0.004699     0.0352     0.0031 0.0000e+00
         73     -0.105     4.1765   0.004705     0.0352     0.0031 0.0000e+00
         74     -0.108     4.1770   0.004708     0.0352     0.0031 0.0000e+00
         75     -0.104     4.1776   0.004708     0.0352     0.0031 0.0000e+00
         76     -0.097     4.1782   0.004710     0.0353     0.0031 0.0000e+00
         77     -0.093     4.1786   0.004715     0.0353     0.0032 0.0000e+00
         78     -0.094     4.1792   0.004722     0.0354     0.0032 0.0000e+00
         79     -0.095     4.1797   0.004722     0.0354     0.0032 0.0000e+00
         80     -0.096     4.1802   0.004721     0.0353     0.0032 0.0000e+00
         81     -0.096     4.1808   0.004721     0.0353     0.0032 0.0000e+00
         82     -0.096     4.1814   0.004721     0.0353     0.0032 0.0000e+00
         83     -0.096     4.1819   0.004716     0.0353     0.0032 0.0000e+00
         84     -0.096     4.1825   0.004711     0.0353     0.0031 0.0000e+00
         85     -0.097     4.1831   0.004707     0.0352     0.0031 0.0000e+00
         86     -0.098     4.1837   0.004705     0.0352     0.0031 0.0000e+00
         87     -0.097     4.1842   0.004702     0.0352     0.0031 0.0000e+00
         88     -0.095     4.1846   0.004702     0.0352     0.0031 0.0000e+00
         89     -0.093     4.1852   0.004705     0.0352     0.0031 0.0000e+00
         90     -0.092     4.1857   0.004705     0.0352     0.0031 0.0000e+00
         91     -0.091     4.1863   0.004700     0.0352     0.0030 0.0000e+00
         92     -0.093     4.1868   0.004697     0.0352     0.0030 0.0000e+00
         93     -0.098     4.1873   0.004699     0.0352     0.0030 0.0000e+00
         94     -0.100     4.1877   0.004702     0.0352     0.0030 0.0000e+00
         95     -0.099     4.1883   0.004706     0.0352     0.0031 0.0000e+00
         96     -0.098     4.1888   0.004706     0.0352     0.0031 0.0000e+00
         97     -0.095     4.1892   0.004705     0.0352     0.0031 0.0000e+00
         98     -0.092     4.1897   0.004704     0.0352     0.0030 0.0000e+00
         99     -0.092     4.1903   0.004703     0.0352     0.0030 0.0000e+00
        100     -0.095     4.1908   0.004704     0.0352     0.0030 0.0000e+00
        101     -0.098     4.1913   0.004706     0.0352     0.0031 0.0000e+00
        102     -0.100     4.1917   0.004705     0.0352     0.0030 0.0000e+00
        103     -0.100     4.1922   0.004705     0.0352     0.0030 0.0000e+00
        104     -0.098     4.1927   0.004709     0.0352     0.0031 0.0000e+00
        105     -0.097     4.1931   0.004710     0.0353     0.0031 0.0000e+00
        106     -0.096     4.1936   0.004707     0.0352     0.0031 0.0000e+00
        107     -0.094     4.1941   0.004705     0.0352     0.0030 0.0000e+00
        108     -0.096     4.1945   0.004709     0.0352     0.0031 0.0000e+00
        109     -0.099     4.1950   0.004712     0.0353     0.0031 0.0000e+00
        110     -0.098     4.1954   0.004708     0.0352     0.0031 0.0000e+00
        111     -0.096     4.1958   0.004704     0.0352     0.0030 0.0000e+00
        112     -0.096     4.1963   0.004708     0.0352     0.0030 0.0000e+00
        113     -0.097     4.1967   0.004709     0.0352     0.0031 0.0000e+00
        114     -0.097     4.1972   0.004706     0.0352     0.0030 0.0000e+00
        115     -0.097     4.1976   0.004703     0.0352     0.0030 0.0000e+00
        116     -0.099     4.1980   0.004701     0.0352     0.0030 0.0000e+00
        117     -0.100     4.1983   0.004699     0.0352     0.0030 0.0000e+00
        118     -0.101     4.1987   0.004697     0.0352     0.0030 0.0000e+00
        119     -0.101     4.1991   0.004703     0.0352     0.0030 0.0000e+00
        120     -0.099     4.1995   0.004712     0.0353     0.0031 0.0000e+00
        121     -0.097     4.1999   0.004717     0.0353     0.0031 0.0000e+00
        122     -0.096     4.2003   0.004714     0.0353     0.0031 0.0000e+00
        123     -0.096     4.2007   0.004712     0.0353     0.0031 0.0000e+00
        124     -0.098     4.2011   0.004736     0.0354     0.0032 0.0000e+00
        125     -0.100     4.2013   0.004829     0.0362     0.0038 0.0000e+00
        126     -0.100     4.2018   0.004993     0.0374     0.0048 0.0000e+00
        127     -0.099     4.2022   0.005128     0.0384     0.0056 0.0000e+00
        128     -0.094     4.2027   0.005170     0.0388     0.0059 0.0000e+00
        129     -0.089     4.2031   0.005174     0.0388     0.0059 0.0000e+00
        130     -0.088     4.2035   0.005183     0.0389     0.0060 0.0000e+00
        131     -0.088     4.2038   0.005190     0.0389     0.0060 0.0000e+00
        132     -0.086     4.2042   0.005194     0.0390     0.0060 0.0000e+00
        133     -0.085     4.2045   0.005200     0.0390     0.0061 0.0000e+00
        134     -0.085     4.2049   0.005208     0.0391     0.0061 0.0000e+00
        135     -0.085     4.2051   0.005216     0.0391     0.0062 0.0000e+00
        136     -0.087     4.2054   0.005226     0.0392     0.0062 0.0000e+00
        137     -0.091     4.2057   0.005237     0.0393     0.0063 0.0000e+00
        138     -0.093     4.2059   0.005246     0.0393     0.0063 0.0000e+00
        139     -0.090     4.2063   0.005256     0.0394     0.0064 0.0000e+00
        140     -0.088     4.2066   0.005271     0.0395     0.0065 0.0000e+00
        141     -0.088     4.2068   0.005294     0.0397     0.0066 0.0000e+00
        142     -0.091     4.2070   0.005364     0.0403     0.0071 0.0000e+00
        143     -0.098     4.2072   0.005505     0.0413     0.0079 0.0000e+00
        144     -0.103     4.2073   0.005621     0.0422     0.0087 0.0000e+00
        145     -0.104     4.2073   0.005644     0.0424     0.0088 0.0000e+00
        146     -0.103     4.2073   0.005654     0.0425     0.0089 0.0000e+00
        147     -0.103     4.2075   0.005965     0.0449     0.0108 0.0000e+00
        148     -0.103     4.2077   0.006598     0.0498     0.0147 0.0000e+00
        149     -0.100     4.2079   0.006965     0.0526     0.0170 0.0000e+00
        150     -0.098     4.2079   0.006939     0.0524     0.0169 0.0000e+00
        151     -0.098     4.2079   0.006901     0.0521     0.0166 0.0000e+00
        152     -0.097     4.2078   0.006985     0.0528     0.0172 0.0000e+00
        153     -0.096     4.2077   0.007687     0.0582     0.0216 0.0000e+00
        154     -0.096     4.2075   0.010166     0.0777     0.0372 0.0000e+00
        155     -0.097     4.2073   0.015350     0.1188     0.0704 0.0000e+00
        156     -0.100     4.2073   0.020807     0.1628     0.1058 0.0000e+00
        157     -0.098     4.2075   0.022257     0.1745     0.1153 0.0000e+00
        158     -0.092     4.2081   0.020461     0.1600     0.1036 0.0000e+00
        159     -0.083     4.2089   0.027715     0.2191     0.1511 0.0000e+00
        160     -0.069     4.1953   0.196569     1.6967     1.3362 0.0000e+00
        161     -0.035     4.1170   1.084644    10.5152     8.3521 0.0000e+00
        162      0.032     3.9575   2.392928    24.9639    19.8164 0.0000e+00
        163      0.112     3.8074   2.978479    31.9079    25.3455 0.0000e+00
        164      0.175     3.7413   2.984581    32.0450    25.4607 0.0000e+00
        165      0.218     3.7298   2.987359    32.0892    25.4970 0.0000e+00
        166      0.255     3.7293   2.989212    32.1117    25.5149 0.0000e+00
        167      0.294     3.7315   2.990010    32.1190    25.5205 0.0000e+00
        168      0.328     3.7403   2.991369    32.1264    25.5256 0.0000e+00
        169      0.352     3.7553   2.992683    32.1272    25.5248 0.0000e+00
        170      0.372     3.7779   2.992923    32.1078    25.5073 0.0000e+00
        171      0.399     3.8036   2.991225    32.0624    25.4687 0.0000e+00
        172      0.441     3.8201   2.988948    32.0192    25.4328 0.0000e+00
        173      0.494     3.8255   2.988510    32.0087    25.4239 0.0000e+00
        174      0.553     3.8205   2.988397    32.0122    25.4272 0.0000e+00
        175      0.606     3.8081   2.987937    32.0189    25.4337 0.0000e+00
        176      0.626     3.8018   2.988589    32.0328    25.4454 0.0000e+00
        177      0.607     3.8031   2.989087    32.0374    25.4489 0.0000e+00
        178      0.581     3.7968   2.987588    32.0259    25.4403 0.0000e+00
        179      0.585     3.7766   2.984961    32.0146    25.4332 0.0000e+00
        180      0.631     3.7546   2.983187    32.0151    25.4357 0.0000e+00
        181      0.702     3.7456   2.983488    32.0275    25.4464 0.0000e+00
        182      0.763     3.7504   2.985671    32.0486    25.4628 0.0000e+00
        183      0.799     3.7589   2.987256    32.0591    25.4703 0.0000e+00
        184      0.807     3.7648   2.986823    32.0481    25.4610 0.0000e+00
        185      0.750     3.7587   2.985684    32.0406    25.4557 0.0000e+00
        186      0.579     3.7283   2.983140    32.0404    25.4583 0.0000e+00
        187      0.363     3.6908   2.979553    32.0348    25.4574 0.0000e+00
        188      0.249     3.6755   2.978370    32.0359    25.4597 0.0000e+00
        189      0.280     3.6807   2.978778    32.0356    25.4590 0.0000e+00
        190      0.401     3.6890   2.978534    32.0245    25.4493 0.0000e+00
        191      0.546     3.6925   2.978320    32.0184    25.4442 0.0000e+00
        192      0.673     3.6905   2.978579    32.0234    25.4483 0.0000e+00
        193      0.771     3.6849   2.979165    32.0358    25.4587 0.0000e+00
        194      0.814     3.6780   2.979616    32.0480    25.4690 0.0000e+00
        195      0.794     3.6726   2.979430    32.0511    25.4720 0.0000e+00
        196      0.748     3.6732   2.979322    32.0492    25.4705 0.0000e+00
        197      0.726     3.6814   2.979400    32.0421    25.4640 0.0000e+00
        198      0.763     3.6909   2.979150    32.0298    25.4533 0.0000e+00
        199      0.846     3.6954   2.979266    32.0267    25.4505 0.0000e+00
        200      0.931     3.6947   2.979935    32.0353    25.4574 0.0000e+00
        201      1.006     3.6902   2.980404    32.0452    25.4657 0.0000e+00
        202      1.102     3.6876   2.980356    32.0472    25.4675 0.0000e+00
        203      1.248     3.6900   2.980156    32.0423    25.4634 0.0000e+00
        204      1.448     3.6898   2.980115    32.0419    25.4631 0.0000e+00
        205      1.687     3.6848   2.979954    32.0448    25.4659 0.0000e+00
