Datasets/Test_Dataset_39219_tow/tel219_2021_082.cnv
* Sea-Bird SBE19plus Data File:
* Filename = C:/AQUIRE/tel219_2021_082.hex
* Software Version AquireV2 AF V2.0
* Temperature SN =  4020
* Conductivity SN =  4020
* System UpLoad Time = May 16 2021 18:33:03
** VESSEL/TRIP/SEQ STN: tel219_2021_082
** LATITUDE: 46 05.64 N
** LONGITUDE: 56 36.83 W
** DATE/TIME: 2021-05-16 17:53
** SOUNDING DEPTH (M): 0054
** PROBE TYPE: S4020
** CTD NUMBER: 082
** FORMAT: T
** COMMENTS: 
# nquan = 7                                 
# nvalues = 2309                        
# units = specified
# name 0 = scan: Scan Count
# name 1 = prdM: Pressure, Strain Gauge [db]
# name 2 = tv290C: Temperature [ITS-90, deg C]
# name 3 = c0S/m: Conductivity [S/m]
# name 4 = sal00: Salinity, Practical [PSU]
# name 5 = sigma-t00: Density [sigma-t, kg/m^3 ]
# name 6 = flag: flag
# span 0 =          1,       2309       
# span 1 =      0.074,     52.350       
# span 2 =     3.2943,     7.9693       
# span 3 =   0.006051,   3.136492       
# span 4 =     0.0425,    32.7310       
# span 5 =    -0.1068,    25.8931       
# span 6 = 0.0000e+00, 0.0000e+00       
# interval = seconds: 1
# start_time = May 16 2021 17:53:55 [Instrument's time stamp, header]
# bad_flag = -9.990e-29
*END*
          1      0.123     7.8385   0.006058     0.0426    -0.1057 0.0000e+00
          2      0.124     7.8388   0.006059     0.0426    -0.1057 0.0000e+00
          3      0.123     7.8391   0.006060     0.0426    -0.1057 0.0000e+00
          4      0.121     7.8387   0.006058     0.0426    -0.1057 0.0000e+00
          5      0.124     7.8380   0.006058     0.0426    -0.1057 0.0000e+00
          6      0.127     7.8378   0.006057     0.0426    -0.1057 0.0000e+00
          7      0.127     7.8382   0.006057     0.0426    -0.1057 0.0000e+00
          8      0.126     7.8386   0.006060     0.0426    -0.1057 0.0000e+00
          9      0.125     7.8390   0.006062     0.0426    -0.1057 0.0000e+00
         10      0.125     7.8392   0.006062     0.0426    -0.1057 0.0000e+00
         11      0.123     7.8389   0.006061     0.0426    -0.1057 0.0000e+00
         12      0.123     7.8386   0.006060     0.0426    -0.1057 0.0000e+00
         13      0.125     7.8385   0.006060     0.0426    -0.1057 0.0000e+00
         14      0.128     7.8387   0.006062     0.0426    -0.1057 0.0000e+00
         15      0.129     7.8389   0.006065     0.0426    -0.1057 0.0000e+00
         16      0.127     7.8390   0.006065     0.0426    -0.1057 0.0000e+00
         17      0.125     7.8389   0.006063     0.0426    -0.1057 0.0000e+00
         18      0.124     7.8388   0.006060     0.0426    -0.1057 0.0000e+00
         19      0.124     7.8388   0.006060     0.0426    -0.1057 0.0000e+00
         20      0.125     7.8386   0.006061     0.0426    -0.1057 0.0000e+00
         21      0.125     7.8386   0.006060     0.0426    -0.1057 0.0000e+00
         22      0.123     7.8386   0.006062     0.0426    -0.1057 0.0000e+00
         23      0.121     7.8386   0.006065     0.0426    -0.1057 0.0000e+00
         24      0.119     7.8387   0.006066     0.0426    -0.1057 0.0000e+00
         25      0.119     7.8389   0.006066     0.0426    -0.1057 0.0000e+00
         26      0.121     7.8387   0.006063     0.0426    -0.1057 0.0000e+00
         27      0.124     7.8385   0.006063     0.0426    -0.1057 0.0000e+00
         28      0.127     7.8384   0.006063     0.0426    -0.1057 0.0000e+00
         29      0.129     7.8386   0.006063     0.0426    -0.1057 0.0000e+00
         30      0.128     7.8390   0.006064     0.0426    -0.1057 0.0000e+00
         31      0.126     7.8392   0.006065     0.0426    -0.1057 0.0000e+00
         32      0.127     7.8392   0.006065     0.0426    -0.1057 0.0000e+00
         33      0.128     7.8394   0.006065     0.0426    -0.1057 0.0000e+00
         34      0.128     7.8396   0.006067     0.0426    -0.1057 0.0000e+00
         35      0.125     7.8397   0.006067     0.0426    -0.1057 0.0000e+00
         36      0.121     7.8398   0.006066     0.0426    -0.1057 0.0000e+00
         37      0.121     7.8394   0.006065     0.0426    -0.1057 0.0000e+00
         38      0.123     7.8391   0.006065     0.0426    -0.1057 0.0000e+00
         39      0.120     7.8390   0.006065     0.0426    -0.1057 0.0000e+00
         40      0.115     7.8390   0.006066     0.0426    -0.1057 0.0000e+00
         41      0.114     7.8393   0.006066     0.0426    -0.1057 0.0000e+00
         42      0.116     7.8398   0.006065     0.0426    -0.1058 0.0000e+00
         43      0.120     7.8398   0.006066     0.0426    -0.1057 0.0000e+00
         44      0.122     7.8397   0.006066     0.0426    -0.1057 0.0000e+00
         45      0.124     7.8398   0.006066     0.0426    -0.1057 0.0000e+00
         46      0.126     7.8399   0.006064     0.0426    -0.1058 0.0000e+00
         47      0.128     7.8401   0.006062     0.0426    -0.1058 0.0000e+00
         48      0.129     7.8403   0.006065     0.0426    -0.1058 0.0000e+00
         49      0.127     7.8404   0.006068     0.0426    -0.1058 0.0000e+00
         50      0.125     7.8404   0.006065     0.0426    -0.1058 0.0000e+00
         51      0.124     7.8400   0.006063     0.0426    -0.1058 0.0000e+00
         52      0.125     7.8397   0.006064     0.0426    -0.1058 0.0000e+00
         53      0.123     7.8396   0.006064     0.0426    -0.1057 0.0000e+00
         54      0.118     7.8397   0.006064     0.0426    -0.1058 0.0000e+00
         55      0.118     7.8400   0.006064     0.0426    -0.1058 0.0000e+00
         56      0.122     7.8406   0.006066     0.0426    -0.1058 0.0000e+00
         57      0.123     7.8412   0.006071     0.0427    -0.1058 0.0000e+00
         58      0.122     7.8415   0.006075     0.0427    -0.1058 0.0000e+00
         59      0.124     7.8415   0.006075     0.0427    -0.1058 0.0000e+00
         60      0.126     7.8414   0.006072     0.0427    -0.1058 0.0000e+00
         61      0.124     7.8413   0.006069     0.0427    -0.1058 0.0000e+00
         62      0.123     7.8414   0.006071     0.0427    -0.1058 0.0000e+00
         63      0.123     7.8419   0.006072     0.0427    -0.1058 0.0000e+00
         64      0.121     7.8424   0.006071     0.0427    -0.1059 0.0000e+00
         65      0.118     7.8428   0.006069     0.0427    -0.1059 0.0000e+00
         66      0.116     7.8430   0.006071     0.0427    -0.1059 0.0000e+00
         67      0.118     7.8430   0.006072     0.0427    -0.1059 0.0000e+00
         68      0.120     7.8430   0.006071     0.0427    -0.1059 0.0000e+00
         69      0.120     7.8434   0.006069     0.0427    -0.1059 0.0000e+00
         70      0.119     7.8439   0.006068     0.0426    -0.1060 0.0000e+00
         71      0.118     7.8441   0.006068     0.0426    -0.1060 0.0000e+00
         72      0.117     7.8443   0.006070     0.0427    -0.1060 0.0000e+00
         73      0.119     7.8447   0.006072     0.0427    -0.1060 0.0000e+00
         74      0.122     7.8451   0.006075     0.0427    -0.1060 0.0000e+00
         75      0.124     7.8452   0.006073     0.0427    -0.1060 0.0000e+00
         76      0.123     7.8456   0.006072     0.0427    -0.1061 0.0000e+00
         77      0.121     7.8462   0.006074     0.0427    -0.1061 0.0000e+00
         78      0.121     7.8467   0.006076     0.0427    -0.1061 0.0000e+00
         79      0.121     7.8464   0.006072     0.0427    -0.1061 0.0000e+00
         80      0.120     7.8458   0.006066     0.0426    -0.1061 0.0000e+00
         81      0.120     7.8454   0.006064     0.0426    -0.1061 0.0000e+00
         82      0.120     7.8454   0.006062     0.0426    -0.1061 0.0000e+00
         83      0.120     7.8453   0.006062     0.0426    -0.1061 0.0000e+00
         84      0.120     7.8451   0.006061     0.0426    -0.1061 0.0000e+00
         85      0.119     7.8451   0.006060     0.0426    -0.1061 0.0000e+00
         86      0.119     7.8457   0.006061     0.0426    -0.1061 0.0000e+00
         87      0.122     7.8466   0.006062     0.0426    -0.1062 0.0000e+00
         88      0.125     7.8474   0.006066     0.0426    -0.1062 0.0000e+00
         89      0.124     7.8476   0.006065     0.0426    -0.1062 0.0000e+00
         90      0.122     7.8474   0.006064     0.0426    -0.1062 0.0000e+00
         91      0.124     7.8472   0.006063     0.0426    -0.1062 0.0000e+00
         92      0.126     7.8470   0.006062     0.0426    -0.1062 0.0000e+00
         93      0.124     7.8468   0.006058     0.0426    -0.1062 0.0000e+00
         94      0.122     7.8468   0.006055     0.0426    -0.1062 0.0000e+00
         95      0.122     7.8469   0.006053     0.0425    -0.1062 0.0000e+00
         96      0.120     7.8470   0.006053     0.0425    -0.1062 0.0000e+00
         97      0.117     7.8473   0.006055     0.0426    -0.1063 0.0000e+00
         98      0.116     7.8475   0.006054     0.0425    -0.1063 0.0000e+00
         99      0.115     7.8476   0.006052     0.0425    -0.1063 0.0000e+00
        100      0.115     7.8475   0.006051     0.0425    -0.1063 0.0000e+00
        101      0.118     7.8477   0.006052     0.0425    -0.1063 0.0000e+00
        102      0.123     7.8489   0.006057     0.0426    -0.1063 0.0000e+00
        103      0.127     7.8508   0.006061     0.0426    -0.1064 0.0000e+00
        104      0.130     7.8528   0.006063     0.0426    -0.1065 0.0000e+00
        105      0.128     7.8545   0.006066     0.0426    -0.1066 0.0000e+00
        106      0.124     7.8567   0.006070     0.0426    -0.1067 0.0000e+00
        107      0.120     7.8596   0.006083     0.0427    -0.1068 0.0000e+00
        108      0.113     7.8628   0.006139     0.0431    -0.1067 0.0000e+00
        109      0.105     7.8653   0.006302     0.0442    -0.1060 0.0000e+00
        110      0.102     7.8669   0.006677     0.0468    -0.1040 0.0000e+00
        111      0.101     7.8681   0.007471     0.0523    -0.0997 0.0000e+00
        112      0.100     7.8692   0.010585     0.0741    -0.0825 0.0000e+00
        113      0.100     7.8698   0.022759     0.1615    -0.0131 0.0000e+00
        114      0.099     7.8700   0.038938     0.2808     0.0816 0.0000e+00
        115      0.098     7.8702   0.043434     0.3145     0.1082 0.0000e+00
        116      0.100     7.8705   0.039143     0.2824     0.0828 0.0000e+00
        117      0.101     7.8710   0.035422     0.2546     0.0607 0.0000e+00
        118      0.100     7.8716   0.032852     0.2356     0.0456 0.0000e+00
        119      0.095     7.8727   0.031044     0.2222     0.0349 0.0000e+00
        120      0.092     7.8739   0.029599     0.2115     0.0264 0.0000e+00
        121      0.094     7.8751   0.028247     0.2016     0.0184 0.0000e+00
        122      0.097     7.8764   0.027014     0.1925     0.0111 0.0000e+00
        123      0.097     7.8777   0.025929     0.1846     0.0048 0.0000e+00
        124      0.097     7.8789   0.024935     0.1773    -0.0011 0.0000e+00
        125      0.096     7.8802   0.024024     0.1706    -0.0065 0.0000e+00
        126      0.095     7.8814   0.023257     0.1650    -0.0110 0.0000e+00
        127      0.097     7.8827   0.022672     0.1608    -0.0144 0.0000e+00
        128      0.099     7.8840   0.022207     0.1574    -0.0172 0.0000e+00
        129      0.097     7.8851   0.021756     0.1541    -0.0199 0.0000e+00
        130      0.092     7.8861   0.021260     0.1505    -0.0228 0.0000e+00
        131      0.089     7.8869   0.020756     0.1468    -0.0257 0.0000e+00
        132      0.091     7.8874   0.020342     0.1438    -0.0282 0.0000e+00
        133      0.092     7.8877   0.020047     0.1417    -0.0299 0.0000e+00
        134      0.094     7.8879   0.019797     0.1399    -0.0313 0.0000e+00
        135      0.098     7.8882   0.019525     0.1379    -0.0329 0.0000e+00
        136      0.100     7.8888   0.019243     0.1359    -0.0346 0.0000e+00
        137      0.100     7.8896   0.019001     0.1341    -0.0360 0.0000e+00
        138      0.100     7.8903   0.018864     0.1331    -0.0368 0.0000e+00
        139      0.099     7.8909   0.018781     0.1325    -0.0373 0.0000e+00
        140      0.096     7.8911   0.018589     0.1311    -0.0384 0.0000e+00
        141      0.092     7.8916   0.018281     0.1289    -0.0402 0.0000e+00
        142      0.091     7.8928   0.017978     0.1267    -0.0420 0.0000e+00
        143      0.094     7.8946   0.017727     0.1249    -0.0436 0.0000e+00
        144      0.099     7.8972   0.017505     0.1233    -0.0450 0.0000e+00
        145      0.100     7.9002   0.017284     0.1217    -0.0465 0.0000e+00
        146      0.098     7.9021   0.017060     0.1201    -0.0479 0.0000e+00
        147      0.095     7.9018   0.016846     0.1186    -0.0491 0.0000e+00
        148      0.092     7.9009   0.016661     0.1172    -0.0501 0.0000e+00
        149      0.092     7.9014   0.016501     0.1161    -0.0510 0.0000e+00
        150      0.094     7.9034   0.016339     0.1149    -0.0521 0.0000e+00
        151      0.095     7.9056   0.016161     0.1136    -0.0532 0.0000e+00
        152      0.098     7.9064   0.015978     0.1123    -0.0543 0.0000e+00
        153      0.101     7.9057   0.015808     0.1111    -0.0552 0.0000e+00
        154      0.103     7.9049   0.015665     0.1101    -0.0560 0.0000e+00
        155      0.104     7.9050   0.015546     0.1092    -0.0567 0.0000e+00
        156      0.105     7.9059   0.015445     0.1085    -0.0573 0.0000e+00
        157      0.104     7.9070   0.015353     0.1079    -0.0579 0.0000e+00
        158      0.105     7.9083   0.015265     0.1072    -0.0585 0.0000e+00
        159      0.107     7.9097   0.015165     0.1065    -0.0591 0.0000e+00
        160      0.103     7.9110   0.015053     0.1057    -0.0598 0.0000e+00
        161      0.098     7.9119   0.014942     0.1049    -0.0605 0.0000e+00
        162      0.096     7.9129   0.014846     0.1042    -0.0611 0.0000e+00
        163      0.096     7.9142   0.014764     0.1036    -0.0617 0.0000e+00
        164      0.095     7.9157   0.014684     0.1031    -0.0622 0.0000e+00
        165      0.093     7.9172   0.014600     0.1025    -0.0628 0.0000e+00
        166      0.092     7.9185   0.014514     0.1018    -0.0634 0.0000e+00
        167      0.094     7.9197   0.014427     0.1012    -0.0639 0.0000e+00
        168      0.097     7.9207   0.014342     0.1006    -0.0645 0.0000e+00
        169      0.099     7.9215   0.014265     0.1001    -0.0649 0.0000e+00
        170      0.100     7.9220   0.014198     0.0996    -0.0654 0.0000e+00
        171      0.099     7.9222   0.014129     0.0991    -0.0658 0.0000e+00
        172      0.095     7.9223   0.014049     0.0985    -0.0662 0.0000e+00
        173      0.092     7.9223   0.013965     0.0979    -0.0667 0.0000e+00
        174      0.092     7.9223   0.013890     0.0974    -0.0671 0.0000e+00
        175      0.091     7.9223   0.013822     0.0969    -0.0675 0.0000e+00
        176      0.091     7.9224   0.013754     0.0964    -0.0679 0.0000e+00
        177      0.093     7.9226   0.013682     0.0959    -0.0683 0.0000e+00
        178      0.095     7.9227   0.013610     0.0954    -0.0687 0.0000e+00
        179      0.097     7.9227   0.013550     0.0950    -0.0691 0.0000e+00
        180      0.099     7.9229   0.013503     0.0946    -0.0693 0.0000e+00
        181      0.100     7.9231   0.013446     0.0942    -0.0697 0.0000e+00
        182      0.099     7.9232   0.013383     0.0938    -0.0700 0.0000e+00
        183      0.098     7.9232   0.013324     0.0934    -0.0704 0.0000e+00
        184      0.098     7.9233   0.013273     0.0930    -0.0707 0.0000e+00
        185      0.098     7.9235   0.013229     0.0927    -0.0709 0.0000e+00
        186      0.097     7.9238   0.013188     0.0924    -0.0712 0.0000e+00
        187      0.096     7.9240   0.013149     0.0921    -0.0714 0.0000e+00
        188      0.094     7.9242   0.013105     0.0918    -0.0717 0.0000e+00
        189      0.092     7.9244   0.013056     0.0914    -0.0720 0.0000e+00
        190      0.092     7.9245   0.013006     0.0911    -0.0722 0.0000e+00
        191      0.094     7.9247   0.012962     0.0908    -0.0725 0.0000e+00
        192      0.096     7.9253   0.012929     0.0905    -0.0727 0.0000e+00
        193      0.096     7.9259   0.012894     0.0903    -0.0730 0.0000e+00
        194      0.096     7.9263   0.012854     0.0900    -0.0732 0.0000e+00
        195      0.097     7.9265   0.012811     0.0897    -0.0735 0.0000e+00
        196      0.097     7.9266   0.012768     0.0894    -0.0737 0.0000e+00
        197      0.096     7.9267   0.012730     0.0891    -0.0739 0.0000e+00
        198      0.096     7.9265   0.012695     0.0889    -0.0741 0.0000e+00
        199      0.096     7.9262   0.012661     0.0886    -0.0743 0.0000e+00
        200      0.095     7.9258   0.012623     0.0884    -0.0745 0.0000e+00
        201      0.094     7.9249   0.012577     0.0881    -0.0747 0.0000e+00
        202      0.096     7.9232   0.012529     0.0877    -0.0748 0.0000e+00
        203      0.099     7.9214   0.012489     0.0874    -0.0750 0.0000e+00
        204      0.099     7.9196   0.012451     0.0872    -0.0751 0.0000e+00
        205      0.098     7.9181   0.012415     0.0869    -0.0752 0.0000e+00
