Datasets/Test_Dataset_39219_tow/tel219_2021_079.cnv
* Sea-Bird SBE19plus Data File:
* Filename = C:/AQUIRE/tel219_2021_079.hex
* Software Version AquireV2 AF V2.0
* Temperature SN =  4020
* Conductivity SN =  4020
* System UpLoad Time = May 16 2021 10:10:17
** VESSEL/TRIP/SEQ STN: tel219_2021_079
** LATITUDE: 45 46.38 N
** LONGITUDE: 55 48.62 W
** DATE/TIME: 2021-05-16 09:40
** SOUNDING DEPTH (M): 0054
** PROBE TYPE: S4020
** CTD NUMBER:  79
** FORMAT: T
** COMMENTS: 
# nquan = 7                                 
# nvalues = 1797                        
# units = specified
# name 0 = scan: Scan Count
# name 1 = prdM: Pressure, Strain Gauge [db]
# name 2 = tv290C: Temperature [ITS-90, deg C]
# name 3 = c0S/m: Conductivity [S/m]
# name 4 = sal00: Salinity, Practical [PSU]
# name 5 = sigma-t00: Density [sigma-t, kg/m^3 ]
# name 6 = flag: flag
# span 0 =          1,       1797       
# span 1 =      0.016,     51.134       
# span 2 =     2.7797,     5.1340       
# span 3 =   0.006144,   3.036686       
# span 4 =     0.0454,    32.2308       
# span 5 =     0.0012,    25.6050       
# span 6 = 0.0000e+00, 0.0000e+00       
# interval = seconds: 1
# start_time = May 16 2021 09:40:28 [Instrument's time stamp, header]
# bad_flag = -9.990e-29
*END*
[from data line 1026]
       1027     50.495     2.9418   2.927502    32.1266    25.5967 0.0000e+00
       1028     50.483     2.9416   2.927483    32.1265    25.5967 0.0000e+00
       1029     50.473     2.9416   2.927481    32.1265    25.5967 0.0000e+00
       1030     50.472     2.9414   2.927474    32.1266    25.5968 0.0000e+00
       1031     50.473     2.9414   2.927483    32.1267    25.5969 0.0000e+00
       1032     50.464     2.9417   2.927502    32.1267    25.5968 0.0000e+00
       1033     50.447     2.9421   2.927523    32.1265    25.5967 0.0000e+00
       1034     50.435     2.9429   2.927593    32.1266    25.5967 0.0000e+00
       1035     50.438     2.9439   2.927707    32.1270    25.5969 0.0000e+00
       1036     50.451     2.9447   2.927780    32.1271    25.5969 0.0000e+00
       1037     50.465     2.9451   2.927818    32.1271    25.5969 0.0000e+00
       1038     50.481     2.9452   2.927846    32.1273    25.5971 0.0000e+00
       1039     50.496     2.9452   2.927835    32.1272    25.5970 0.0000e+00
       1040     50.503     2.9450   2.927805    32.1270    25.5968 0.0000e+00
       1041     50.503     2.9446   2.927765    32.1269    25.5968 0.0000e+00
       1042     50.502     2.9443   2.927719    32.1267    25.5966 0.0000e+00
       1043     50.500     2.9440   2.927705    32.1268    25.5968 0.0000e+00
       1044     50.496     2.9439   2.927705    32.1269    25.5968 0.0000e+00
       1045     50.492     2.9436   2.927675    32.1269    25.5968 0.0000e+00
       1046     50.493     2.9435   2.927652    32.1267    25.5967 0.0000e+00
       1047     50.500     2.9440   2.927717    32.1270    25.5969 0.0000e+00
       1048     50.507     2.9450   2.927834    32.1274    25.5971 0.0000e+00
       1049     50.508     2.9457   2.927887    32.1273    25.5970 0.0000e+00
       1050     50.503     2.9457   2.927874    32.1272    25.5969 0.0000e+00
       1051     50.499     2.9453   2.927846    32.1272    25.5970 0.0000e+00
       1052     50.493     2.9451   2.927833    32.1273    25.5970 0.0000e+00
       1053     50.476     2.9451   2.927832    32.1273    25.5970 0.0000e+00
       1054     50.455     2.9453   2.927840    32.1272    25.5969 0.0000e+00
       1055     50.445     2.9458   2.927876    32.1271    25.5969 0.0000e+00
       1056     50.454     2.9463   2.927937    32.1274    25.5970 0.0000e+00
       1057     50.474     2.9466   2.927976    32.1275    25.5971 0.0000e+00
       1058     50.492     2.9466   2.927965    32.1274    25.5970 0.0000e+00
       1059     50.503     2.9463   2.927929    32.1272    25.5969 0.0000e+00
       1060     50.507     2.9459   2.927898    32.1273    25.5969 0.0000e+00
       1061     50.506     2.9457   2.927870    32.1271    25.5969 0.0000e+00
       1062     50.508     2.9459   2.927894    32.1272    25.5969 0.0000e+00
       1063     50.519     2.9463   2.927945    32.1274    25.5970 0.0000e+00
       1064     50.535     2.9463   2.927931    32.1272    25.5969 0.0000e+00
       1065     50.543     2.9465   2.927935    32.1271    25.5968 0.0000e+00
       1066     50.537     2.9468   2.927986    32.1274    25.5970 0.0000e+00
       1067     50.532     2.9472   2.928031    32.1276    25.5971 0.0000e+00
       1068     50.545     2.9479   2.928103    32.1277    25.5972 0.0000e+00
       1069     50.575     2.9486   2.928168    32.1278    25.5972 0.0000e+00
       1070     50.608     2.9486   2.928166    32.1278    25.5971 0.0000e+00
       1071     50.629     2.9486   2.928154    32.1276    25.5970 0.0000e+00
       1072     50.634     2.9486   2.928165    32.1277    25.5971 0.0000e+00
       1073     50.630     2.9486   2.928165    32.1277    25.5971 0.0000e+00
       1074     50.629     2.9486   2.928157    32.1276    25.5970 0.0000e+00
       1075     50.636     2.9487   2.928175    32.1277    25.5971 0.0000e+00
       1076     50.651     2.9489   2.928194    32.1278    25.5971 0.0000e+00
       1077     50.667     2.9489   2.928186    32.1277    25.5970 0.0000e+00
       1078     50.683     2.9486   2.928157    32.1276    25.5970 0.0000e+00
       1079     50.701     2.9484   2.928133    32.1275    25.5969 0.0000e+00
       1080     50.720     2.9481   2.928113    32.1276    25.5970 0.0000e+00
       1081     50.740     2.9479   2.928097    32.1275    25.5970 0.0000e+00
       1082     50.755     2.9478   2.928096    32.1276    25.5971 0.0000e+00
       1083     50.756     2.9480   2.928103    32.1275    25.5970 0.0000e+00
       1084     50.742     2.9484   2.928133    32.1275    25.5969 0.0000e+00
       1085     50.723     2.9488   2.928187    32.1277    25.5971 0.0000e+00
       1086     50.715     2.9490   2.928209    32.1278    25.5971 0.0000e+00
       1087     50.714     2.9491   2.928202    32.1276    25.5970 0.0000e+00
       1088     50.707     2.9495   2.928231    32.1276    25.5969 0.0000e+00
       1089     50.693     2.9503   2.928316    32.1278    25.5970 0.0000e+00
       1090     50.678     2.9509   2.928387    32.1281    25.5972 0.0000e+00
       1091     50.667     2.9512   2.928402    32.1280    25.5971 0.0000e+00
       1092     50.668     2.9510   2.928383    32.1280    25.5971 0.0000e+00
       1093     50.681     2.9510   2.928373    32.1278    25.5970 0.0000e+00
       1094     50.696     2.9512   2.928398    32.1279    25.5970 0.0000e+00
       1095     50.705     2.9512   2.928419    32.1282    25.5972 0.0000e+00
       1096     50.706     2.9511   2.928397    32.1280    25.5971 0.0000e+00
       1097     50.700     2.9509   2.928373    32.1279    25.5971 0.0000e+00
       1098     50.699     2.9511   2.928396    32.1280    25.5971 0.0000e+00
       1099     50.703     2.9514   2.928442    32.1283    25.5973 0.0000e+00
       1100     50.697     2.9516   2.928455    32.1282    25.5972 0.0000e+00
       1101     50.675     2.9516   2.928439    32.1280    25.5971 0.0000e+00
       1102     50.655     2.9514   2.928416    32.1280    25.5971 0.0000e+00
       1103     50.654     2.9519   2.928454    32.1279    25.5970 0.0000e+00
       1104     50.672     2.9528   2.928558    32.1283    25.5972 0.0000e+00
       1105     50.695     2.9532   2.928584    32.1282    25.5971 0.0000e+00
       1106     50.711     2.9528   2.928518    32.1278    25.5968 0.0000e+00
       1107     50.715     2.9527   2.928509    32.1278    25.5968 0.0000e+00
       1108     50.709     2.9532   2.928591    32.1283    25.5971 0.0000e+00
       1109     50.702     2.9539   2.928676    32.1286    25.5973 0.0000e+00
       1110     50.700     2.9545   2.928721    32.1285    25.5972 0.0000e+00
       1111     50.697     2.9547   2.928735    32.1285    25.5972 0.0000e+00
       1112     50.686     2.9547   2.928729    32.1284    25.5972 0.0000e+00
       1113     50.667     2.9549   2.928746    32.1285    25.5972 0.0000e+00
       1114     50.650     2.9554   2.928797    32.1286    25.5972 0.0000e+00
       1115     50.643     2.9555   2.928819    32.1288    25.5973 0.0000e+00
       1116     50.648     2.9552   2.928779    32.1286    25.5972 0.0000e+00
       1117     50.658     2.9547   2.928716    32.1283    25.5970 0.0000e+00
       1118     50.667     2.9541   2.928663    32.1283    25.5971 0.0000e+00
       1119     50.670     2.9538   2.928632    32.1282    25.5970 0.0000e+00
       1120     50.664     2.9541   2.928664    32.1283    25.5971 0.0000e+00
       1121     50.659     2.9550   2.928765    32.1286    25.5973 0.0000e+00
       1122     50.657     2.9558   2.928842    32.1287    25.5973 0.0000e+00
       1123     50.655     2.9562   2.928866    32.1286    25.5972 0.0000e+00
       1124     50.648     2.9560   2.928864    32.1288    25.5973 0.0000e+00
       1125     50.633     2.9555   2.928803    32.1286    25.5972 0.0000e+00
       1126     50.617     2.9554   2.928771    32.1283    25.5970 0.0000e+00
       1127     50.606     2.9559   2.928837    32.1286    25.5972 0.0000e+00
       1128     50.605     2.9569   2.928925    32.1287    25.5971 0.0000e+00
       1129     50.615     2.9577   2.929002    32.1288    25.5972 0.0000e+00
       1130     50.626     2.9583   2.929060    32.1289    25.5972 0.0000e+00
       1131     50.635     2.9586   2.929085    32.1289    25.5972 0.0000e+00
       1132     50.642     2.9589   2.929116    32.1290    25.5972 0.0000e+00
       1133     50.643     2.9594   2.929168    32.1291    25.5973 0.0000e+00
       1134     50.642     2.9597   2.929193    32.1291    25.5973 0.0000e+00
       1135     50.640     2.9598   2.929183    32.1289    25.5971 0.0000e+00
       1136     50.635     2.9599   2.929186    32.1288    25.5970 0.0000e+00
       1137     50.623     2.9599   2.929200    32.1290    25.5972 0.0000e+00
       1138     50.607     2.9596   2.929183    32.1291    25.5973 0.0000e+00
       1139     50.591     2.9593   2.929163    32.1292    25.5973 0.0000e+00
       1140     50.576     2.9594   2.929177    32.1292    25.5974 0.0000e+00
       1141     50.569     2.9596   2.929197    32.1293    25.5974 0.0000e+00
       1142     50.578     2.9599   2.929210    32.1291    25.5973 0.0000e+00
       1143     50.595     2.9599   2.929209    32.1291    25.5973 0.0000e+00
       1144     50.607     2.9596   2.929179    32.1290    25.5972 0.0000e+00
       1145     50.605     2.9593   2.929155    32.1291    25.5973 0.0000e+00
       1146     50.590     2.9592   2.929141    32.1290    25.5972 0.0000e+00
       1147     50.570     2.9593   2.929152    32.1290    25.5972 0.0000e+00
       1148     50.556     2.9597   2.929201    32.1292    25.5974 0.0000e+00
       1149     50.556     2.9603   2.929251    32.1292    25.5973 0.0000e+00
       1150     50.562     2.9608   2.929307    32.1294    25.5974 0.0000e+00
       1151     50.562     2.9611   2.929339    32.1295    25.5975 0.0000e+00
       1152     50.552     2.9609   2.929306    32.1293    25.5973 0.0000e+00
       1153     50.535     2.9608   2.929288    32.1292    25.5973 0.0000e+00
       1154     50.520     2.9615   2.929349    32.1293    25.5972 0.0000e+00
       1155     50.515     2.9624   2.929448    32.1296    25.5974 0.0000e+00
       1156     50.521     2.9630   2.929504    32.1296    25.5974 0.0000e+00
       1157     50.528     2.9630   2.929484    32.1294    25.5972 0.0000e+00
       1158     50.529     2.9627   2.929455    32.1293    25.5972 0.0000e+00
       1159     50.523     2.9629   2.929479    32.1294    25.5973 0.0000e+00
       1160     50.512     2.9632   2.929529    32.1297    25.5975 0.0000e+00
       1161     50.505     2.9636   2.929578    32.1299    25.5976 0.0000e+00
       1162     50.508     2.9642   2.929636    32.1300    25.5976 0.0000e+00
       1163     50.518     2.9649   2.929688    32.1300    25.5975 0.0000e+00
       1164     50.526     2.9651   2.929707    32.1300    25.5975 0.0000e+00
       1165     50.522     2.9647   2.929666    32.1299    25.5975 0.0000e+00
       1166     50.504     2.9642   2.929611    32.1297    25.5974 0.0000e+00
       1167     50.483     2.9642   2.929616    32.1298    25.5974 0.0000e+00
       1168     50.477     2.9644   2.929656    32.1301    25.5977 0.0000e+00
       1169     50.497     2.9650   2.929710    32.1301    25.5976 0.0000e+00
       1170     50.543     2.9656   2.929769    32.1302    25.5977 0.0000e+00
       1171     50.596     2.9659   2.929801    32.1303    25.5977 0.0000e+00
       1172     50.637     2.9663   2.929840    32.1303    25.5977 0.0000e+00
       1173     50.663     2.9669   2.929913    32.1306    25.5979 0.0000e+00
       1174     50.664     2.9677   2.929984    32.1307    25.5978 0.0000e+00
       1175     50.625     2.9690   2.930101    32.1308    25.5978 0.0000e+00
       1176     50.547     2.9702   2.930226    32.1312    25.5980 0.0000e+00
       1177     50.436     2.9706   2.930238    32.1310    25.5978 0.0000e+00
       1178     50.304     2.9702   2.930181    32.1308    25.5977 0.0000e+00
       1179     50.158     2.9699   2.930140    32.1306    25.5976 0.0000e+00
       1180     49.997     2.9703   2.930180    32.1308    25.5977 0.0000e+00
       1181     49.818     2.9714   2.930300    32.1313    25.5980 0.0000e+00
       1182     49.618     2.9724   2.930383    32.1314    25.5980 0.0000e+00
       1183     49.394     2.9727   2.930387    32.1312    25.5979 0.0000e+00
       1184     49.150     2.9728   2.930371    32.1311    25.5977 0.0000e+00
       1185     48.890     2.9730   2.930390    32.1312    25.5978 0.0000e+00
       1186     48.622     2.9737   2.930443    32.1313    25.5979 0.0000e+00
       1187     48.351     2.9744   2.930493    32.1314    25.5978 0.0000e+00
       1188     48.074     2.9750   2.930540    32.1315    25.5979 0.0000e+00
       1189     47.788     2.9756   2.930588    32.1316    25.5979 0.0000e+00
       1190     47.496     2.9757   2.930601    32.1318    25.5981 0.0000e+00
       1191     47.203     2.9754   2.930536    32.1315    25.5979 0.0000e+00
       1192     46.911     2.9751   2.930475    32.1312    25.5977 0.0000e+00
       1193     46.613     2.9752   2.930487    32.1314    25.5978 0.0000e+00
       1194     46.307     2.9754   2.930506    32.1316    25.5979 0.0000e+00
       1195     46.000     2.9754   2.930486    32.1315    25.5979 0.0000e+00
       1196     45.692     2.9751   2.930441    32.1314    25.5978 0.0000e+00
       1197     45.381     2.9744   2.930361    32.1313    25.5978 0.0000e+00
       1198     45.065     2.9726   2.930145    32.1307    25.5974 0.0000e+00
       1199     44.744     2.9698   2.929843    32.1300    25.5971 0.0000e+00
       1200     44.418     2.9669   2.929575    32.1298    25.5972 0.0000e+00
       1201     44.087     2.9638   2.929271    32.1294    25.5972 0.0000e+00
       1202     43.753     2.9595   2.928818    32.1284    25.5967 0.0000e+00
       1203     43.417     2.9533   2.928180    32.1270    25.5961 0.0000e+00
       1204     43.075     2.9451   2.927375    32.1256    25.5957 0.0000e+00
       1205     42.730     2.9360   2.926422    32.1234    25.5947 0.0000e+00
       1206     42.389     2.9265   2.925412    32.1208    25.5934 0.0000e+00
       1207     42.049     2.9156   2.924312    32.1185    25.5925 0.0000e+00
       1208     41.706     2.9039   2.923049    32.1151    25.5907 0.0000e+00
       1209     41.356     2.8938   2.921967    32.1122    25.5893 0.0000e+00
       1210     41.001     2.8870   2.921308    32.1112    25.5891 0.0000e+00
       1211     40.648     2.8834   2.920948    32.1106    25.5889 0.0000e+00
       1212     40.295     2.8817   2.920770    32.1103    25.5888 0.0000e+00
       1213     39.935     2.8805   2.920622    32.1099    25.5886 0.0000e+00
       1214     39.568     2.8795   2.920415    32.1086    25.5876 0.0000e+00
       1215     39.197     2.8792   2.920260    32.1072    25.5865 0.0000e+00
       1216     38.823     2.8808   2.920280    32.1061    25.5855 0.0000e+00
       1217     38.446     2.8867   2.920622    32.1045    25.5837 0.0000e+00
       1218     38.067     2.9028   2.921690    32.1016    25.5801 0.0000e+00
       1219     37.680     2.9385   2.924389    32.0989    25.5749 0.0000e+00
       1220     37.287     3.0019   2.929394    32.0965    25.5677 0.0000e+00
       1221     36.892     3.0976   2.936976    32.0930    25.5567 0.0000e+00
       1222     36.497     3.2165   2.946337    32.0878    25.5423 0.0000e+00
       1223     36.103     3.3300   2.954861    32.0778    25.5244 0.0000e+00
       1224     35.702     3.4133   2.960846    32.0672    25.5085 0.0000e+00
       1225     35.294     3.4654   2.964627    32.0611    25.4990 0.0000e+00
       1226     34.883     3.4989   2.967185    32.0588    25.4941 0.0000e+00
       1227     34.471     3.5223   2.969138    32.0592    25.4923 0.0000e+00
       1228     34.054     3.5387   2.970505    32.0596    25.4911 0.0000e+00
       1229     33.629     3.5503   2.971353    32.0585    25.4891 0.0000e+00
       1230     33.197     3.5595   2.971964    32.0569    25.4871 0.0000e+00
