Datasets/Test_Dataset_39219_tow/tel219_2021_026.cnv
* Sea-Bird SBE19plus Data File:
* Filename = C:/AQUIRE/tel219_2021_026.hex
* Software Version AquireV2 AF V2.0
* Temperature SN =  4020
* Conductivity SN =  4020
* System UpLoad Time = May 08 2021 16:17:45
** VESSEL/TRIP/SEQ STN: tel219_2021_026
** LATITUDE: 46 16.31 N
** LONGITUDE: 57 16.70 W
** DATE/TIME: 2021-05-08 15:30
** SOUNDING DEPTH (M): 0231
** PROBE TYPE: S4020
** CTD NUMBER: 026
** FORMAT: T
** COMMENTS: 
# nquan = 7                                 
# nvalues = 2883                        
# units = specified
# name 0 = scan: Scan Count
# name 1 = prdM: Pressure, Strain Gauge [db]
# name 2 = tv290C: Temperature [ITS-90, deg C]
# name 3 = c0S/m: Conductivity [S/m]
# name 4 = sal00: Salinity, Practical [PSU]
# name 5 = sigma-t00: Density [sigma-t, kg/m^3 ]
# name 6 = flag: flag
# span 0 =          1,       2883       
# span 1 =     -0.997,    230.347       
# span 2 =     1.7361,     9.2104       
# span 3 =   0.006354,   3.747936       
# span 4 =     0.0478,    35.1344       
# span 5 =     0.0125,    27.2627       
# span 6 = 0.0000e+00, 0.0000e+00       
# interval = seconds: 1
# start_time = May 08 2021 15:30:42 [Instrument's time stamp, header]
# bad_flag = -9.990e-29
*END*
[from data line 2052]
       2053    182.361     8.8693   3.701035    34.8987    27.0598 0.0000e+00
       2054    181.949     8.8663   3.698105    34.8711    27.0386 0.0000e+00
       2055    181.531     8.8575   3.693706    34.8337    27.0107 0.0000e+00
       2056    181.110     8.8388   3.691641    34.8305    27.0112 0.0000e+00
       2057    180.688     8.8201   3.692780    34.8611    27.0381 0.0000e+00
       2058    180.267     8.8045   3.693402    34.8831    27.0579 0.0000e+00
       2059    179.845     8.7996   3.692029    34.8737    27.0513 0.0000e+00
       2060    179.419     8.8042   3.689313    34.8408    27.0248 0.0000e+00
       2061    178.988     8.7994   3.685739    34.8081    26.9999 0.0000e+00
       2062    178.556     8.7708   3.683205    34.8097    27.0057 0.0000e+00
       2063    178.125     8.7053   3.678414    34.8238    27.0271 0.0000e+00
       2064    177.694     8.6076   3.666130    34.7904    27.0162 0.0000e+00
       2065    177.259     8.5230   3.653406    34.7392    26.9893 0.0000e+00
       2066    176.823     8.4800   3.648118    34.7257    26.9853 0.0000e+00
       2067    176.388     8.4625   3.647132    34.7327    26.9935 0.0000e+00
       2068    175.954     8.4506   3.646255    34.7353    26.9974 0.0000e+00
       2069    175.521     8.4388   3.644793    34.7316    26.9963 0.0000e+00
       2070    175.088     8.4270   3.643239    34.7270    26.9945 0.0000e+00
       2071    174.651     8.4173   3.642677    34.7308    26.9990 0.0000e+00
       2072    174.210     8.4117   3.643906    34.7496    27.0146 0.0000e+00
       2073    173.764     8.4094   3.645885    34.7731    27.0334 0.0000e+00
       2074    173.313     8.4081   3.645546    34.7710    27.0319 0.0000e+00
       2075    172.858     8.4074   3.642477    34.7393    27.0072 0.0000e+00
       2076    172.400     8.4082   3.640382    34.7164    26.9891 0.0000e+00
       2077    171.942     8.4106   3.640433    34.7148    26.9875 0.0000e+00
       2078    171.488     8.4135   3.640736    34.7154    26.9875 0.0000e+00
       2079    171.036     8.4159   3.640533    34.7111    26.9838 0.0000e+00
       2080    170.582     8.4131   3.639882    34.7072    26.9811 0.0000e+00
       2081    170.120     8.4014   3.638801    34.7074    26.9831 0.0000e+00
       2082    169.648     8.3860   3.638271    34.7172    26.9932 0.0000e+00
       2083    169.171     8.3698   3.637727    34.7276    27.0038 0.0000e+00
       2084    168.690     8.3437   3.634403    34.7182    27.0005 0.0000e+00
       2085    168.206     8.3046   3.628395    34.6931    26.9867 0.0000e+00
       2086    167.717     8.2628   3.622253    34.6691    26.9743 0.0000e+00
       2087    167.222     8.2296   3.619229    34.6699    26.9799 0.0000e+00
       2088    166.726     8.2104   3.620881    34.7067    27.0118 0.0000e+00
       2089    166.227     8.1968   3.621749    34.7296    27.0318 0.0000e+00
       2090    165.722     8.1677   3.615935    34.6966    27.0103 0.0000e+00
       2091    165.214     8.1146   3.605714    34.6400    26.9739 0.0000e+00
       2092    164.707     8.0592   3.598449    34.6172    26.9644 0.0000e+00
       2093    164.200     8.0222   3.594907    34.6161    26.9690 0.0000e+00
       2094    163.689     7.9991   3.590019    34.5868    26.9494 0.0000e+00
       2095    163.170     7.9790   3.585405    34.5574    26.9293 0.0000e+00
       2096    162.645     7.9589   3.583669    34.5589    26.9335 0.0000e+00
       2097    162.114     7.9398   3.582548    34.5659    26.9419 0.0000e+00
       2098    161.567     7.9183   3.579581    34.5556    26.9370 0.0000e+00
       2099    161.002     7.8856   3.574648    34.5352    26.9258 0.0000e+00
       2100    160.424     7.8366   3.568496    34.5177    26.9193 0.0000e+00
       2101    159.832     7.7786   3.561674    34.5018    26.9154 0.0000e+00
       2102    159.227     7.7279   3.556205    34.4933    26.9161 0.0000e+00
       2103    158.611     7.6945   3.554452    34.5078    26.9323 0.0000e+00
       2104    157.987     7.6731   3.553959    34.5239    26.9482 0.0000e+00
       2105    157.361     7.6505   3.549903    34.5028    26.9348 0.0000e+00
       2106    156.733     7.6104   3.542283    34.4604    26.9073 0.0000e+00
       2107    156.097     7.5322   3.530273    34.4081    26.8774 0.0000e+00
       2108    155.441     7.4167   3.513997    34.3461    26.8452 0.0000e+00
       2109    154.760     7.3072   3.502746    34.3325    26.8500 0.0000e+00
       2110    154.066     7.2582   3.505797    34.4148    26.9217 0.0000e+00
       2111    153.383     7.2469   3.513987    34.5158    27.0029 0.0000e+00
       2112    152.716     7.1353   3.498289    34.4558    26.9713 0.0000e+00
       2113    152.049     6.8591   3.454493    34.2505    26.8476 0.0000e+00
       2114    151.367     6.5468   3.414329    34.1180    26.7851 0.0000e+00
       2115    150.653     6.3290   3.395099    34.1220    26.8167 0.0000e+00
       2116    149.906     6.2545   3.396987    34.2182    26.9024 0.0000e+00
       2117    149.148     6.3139   3.407134    34.2723    26.9374 0.0000e+00
       2118    148.402     6.3655   3.407462    34.2245    26.8929 0.0000e+00
       2119    147.661     6.2570   3.390044    34.1392    26.8396 0.0000e+00
       2120    146.903     6.0409   3.358781    34.0058    26.7618 0.0000e+00
       2121    146.106     5.8859   3.340590    33.9568    26.7426 0.0000e+00
       2122    145.271     5.8581   3.341763    33.9984    26.7789 0.0000e+00
       2123    144.433     5.8758   3.343819    34.0042    26.7813 0.0000e+00
       2124    143.606     5.8272   3.338217    33.9903    26.7763 0.0000e+00
       2125    142.774     5.6953   3.322538    33.9459    26.7575 0.0000e+00
       2126    141.923     5.5346   3.303576    33.8928    26.7349 0.0000e+00
       2127    141.051     5.3771   3.287431    33.8680    26.7340 0.0000e+00
       2128    140.151     5.2212   3.272854    33.8591    26.7453 0.0000e+00
       2129    139.230     5.0763   3.262276    33.8848    26.7824 0.0000e+00
       2130    138.310     4.9693   3.261899    33.9899    26.8779 0.0000e+00
       2131    137.403     4.8771   3.255119    34.0060    26.9012 0.0000e+00
       2132    136.502     4.7484   3.227977    33.8230    26.7703 0.0000e+00
       2133    135.595     4.6048   3.203700    33.6872    26.6783 0.0000e+00
       2134    134.668     4.4924   3.191482    33.6595    26.6685 0.0000e+00
       2135    133.709     4.4054   3.180971    33.6256    26.6509 0.0000e+00
       2136    132.716     4.3501   3.176796    33.6336    26.6631 0.0000e+00
       2137    131.711     4.3874   3.188027    33.7277    26.7339 0.0000e+00
       2138    130.729     4.4624   3.199455    33.7854    26.7717 0.0000e+00
       2139    129.768     4.3446   3.176193    33.6337    26.6637 0.0000e+00
       2140    128.788     3.9919   3.124137    33.3804    26.4987 0.0000e+00
       2141    127.762     3.6553   3.090887    33.3294    26.4912 0.0000e+00
       2142    126.692     3.5043   3.096342    33.5504    26.6816 0.0000e+00
       2143    125.599     3.4943   3.116280    33.8007    26.8820 0.0000e+00
       2144    124.506     3.5675   3.128352    33.8699    26.9301 0.0000e+00
       2145    123.435     3.7192   3.130709    33.7413    26.8129 0.0000e+00
       2146    122.391     3.7714   3.115357    33.5050    26.6197 0.0000e+00
       2147    121.348     3.5103   3.072686    33.2635    26.4525 0.0000e+00
       2148    120.271     3.1100   3.024573    33.0948    26.3547 0.0000e+00
       2149    119.145     2.8923   3.009795    33.1397    26.4096 0.0000e+00
       2150    117.982     2.9274   3.025756    33.2984    26.5332 0.0000e+00
       2151    116.816     3.0876   3.040861    33.3169    26.5339 0.0000e+00
       2152    115.665     3.1977   3.046270    33.2695    26.4862 0.0000e+00
       2153    114.524     3.1414   3.041025    33.2647    26.4874 0.0000e+00
       2154    113.378     2.9289   3.017939    33.2042    26.4579 0.0000e+00
       2155    112.221     2.6942   2.992523    33.1371    26.4242 0.0000e+00
       2156    111.053     2.5547   2.982664    33.1612    26.4551 0.0000e+00
       2157    109.874     2.5029   2.979655    33.1786    26.4732 0.0000e+00
       2158    108.685     2.4874   2.974536    33.1323    26.4375 0.0000e+00
       2159    107.487     2.4843   2.968070    33.0566    26.3772 0.0000e+00
       2160    106.273     2.4841   2.962741    32.9919    26.3255 0.0000e+00
       2161    105.032     2.4764   2.958884    32.9530    26.2950 0.0000e+00
       2162    103.766     2.4705   2.961669    32.9941    26.3283 0.0000e+00
       2163    102.498     2.4865   2.974821    33.1401    26.4438 0.0000e+00
       2164    101.245     2.4784   2.977081    33.1771    26.4740 0.0000e+00
       2165    100.006     2.3777   2.954590    33.0049    26.3444 0.0000e+00
       2166     98.768     2.2171   2.926022    32.8183    26.2076 0.0000e+00
       2167     97.500     2.0713   2.904754    32.7055    26.1284 0.0000e+00
       2168     96.162     1.9610   2.890003    32.6363    26.0811 0.0000e+00
       2169     94.759     1.8889   2.882123    32.6131    26.0677 0.0000e+00
       2170     93.364     1.8648   2.885224    32.6775    26.1210 0.0000e+00
       2171     92.032     1.8811   2.891159    32.7356    26.1664 0.0000e+00
       2172     90.726     1.9133   2.886976    32.6508    26.0961 0.0000e+00
       2173     89.378     1.9460   2.882458    32.5614    26.0222 0.0000e+00
       2174     87.978     1.9760   2.886222    32.5782    26.0335 0.0000e+00
       2175     86.578     1.9978   2.892231    32.6314    26.0745 0.0000e+00
       2176     85.221     2.0048   2.893372    32.6392    26.0802 0.0000e+00
       2177     83.944     2.0109   2.890644    32.5996    26.0480 0.0000e+00
       2178     82.806     2.0271   2.889933    32.5747    26.0269 0.0000e+00
       2179     81.817     2.0206   2.887093    32.5466    26.0049 0.0000e+00
       2180     80.934     1.9819   2.880896    32.5097    25.9781 0.0000e+00
       2181     80.112     1.9484   2.876879    32.4945    25.9684 0.0000e+00
       2182     79.302     1.9354   2.873836    32.4703    25.9500 0.0000e+00
       2183     78.487     1.9305   2.870175    32.4301    25.9181 0.0000e+00
       2184     77.690     1.9192   2.867155    32.4045    25.8984 0.0000e+00
       2185     76.935     1.8956   2.864747    32.3990    25.8957 0.0000e+00
       2186     76.230     1.8689   2.862920    32.4040    25.9016 0.0000e+00
       2187     75.561     1.8534   2.861552    32.4032    25.9020 0.0000e+00
       2188     74.900     1.8525   2.860129    32.3867    25.8889 0.0000e+00
       2189     74.225     1.8584   2.858817    32.3646    25.8708 0.0000e+00
       2190     73.520     1.8621   2.857963    32.3505    25.8593 0.0000e+00
       2191     72.787     1.8609   2.857448    32.3457    25.8555 0.0000e+00
       2192     72.047     1.8575   2.857093    32.3452    25.8553 0.0000e+00
       2193     71.319     1.8556   2.857074    32.3473    25.8571 0.0000e+00
       2194     70.601     1.8579   2.857277    32.3479    25.8574 0.0000e+00
       2195     69.869     1.8671   2.857483    32.3414    25.8516 0.0000e+00
       2196     69.099     1.8789   2.857618    32.3314    25.8428 0.0000e+00
       2197     68.309     1.8801   2.857114    32.3244    25.8370 0.0000e+00
       2198     67.549     1.8688   2.856399    32.3274    25.8403 0.0000e+00
       2199     66.809     1.8550   2.855521    32.3310    25.8441 0.0000e+00
       2200     66.010     1.8363   2.852075    32.3075    25.8266 0.0000e+00
       2201     65.105     1.8068   2.846752    32.2716    25.7999 0.0000e+00
       2202     64.148     1.7825   2.844169    32.2647    25.7960 0.0000e+00
       2203     63.246     1.7826   2.845278    32.2789    25.8075 0.0000e+00
       2204     62.428     1.7942   2.846754    32.2860    25.8123 0.0000e+00
       2205     61.618     1.7931   2.845557    32.2726    25.8016 0.0000e+00
       2206     60.741     1.7790   2.841617    32.2382    25.7750 0.0000e+00
       2207     59.807     1.7691   2.838425    32.2089    25.7522 0.0000e+00
       2208     58.861     1.7717   2.837688    32.1975    25.7429 0.0000e+00
       2209     57.902     1.7859   2.838096    32.1886    25.7349 0.0000e+00
       2210     56.912     1.8087   2.839189    32.1796    25.7260 0.0000e+00
       2211     55.901     1.8267   2.840447    32.1775    25.7231 0.0000e+00
       2212     54.898     1.8256   2.841068    32.1869    25.7307 0.0000e+00
       2213     53.922     1.8212   2.841266    32.1944    25.7371 0.0000e+00
       2214     52.952     1.8599   2.843101    32.1784    25.7215 0.0000e+00
       2215     51.940     1.9538   2.847472    32.1379    25.6825 0.0000e+00
       2216     50.863     2.0401   2.851093    32.0960    25.6427 0.0000e+00
       2217     49.759     2.0627   2.851639    32.0805    25.6286 0.0000e+00
       2218     48.704     2.0444   2.850680    32.0877    25.6357 0.0000e+00
       2219     47.774     2.0331   2.849879    32.0897    25.6381 0.0000e+00
       2220     46.969     2.0321   2.849252    32.0833    25.6331 0.0000e+00
       2221     46.224     2.0261   2.848698    32.0829    25.6333 0.0000e+00
       2222     45.524     2.0323   2.848870    32.0792    25.6298 0.0000e+00
       2223     44.898     2.0723   2.850659    32.0612    25.6125 0.0000e+00
       2224     44.330     2.1317   2.853061    32.0313    25.5842 0.0000e+00
       2225     43.798     2.1774   2.853930    31.9962    25.5528 0.0000e+00
       2226     43.301     2.1902   2.853154    31.9740    25.5341 0.0000e+00
       2227     42.829     2.1790   2.852142    31.9730    25.5342 0.0000e+00
       2228     42.352     2.1800   2.852594    31.9779    25.5380 0.0000e+00
       2229     41.846     2.2178   2.855540    31.9765    25.5341 0.0000e+00
       2230     41.321     2.2637   2.858456    31.9666    25.5227 0.0000e+00
       2231     40.813     2.2763   2.858240    31.9516    25.5098 0.0000e+00
       2232     40.349     2.2645   2.857002    31.9484    25.5081 0.0000e+00
       2233     39.920     2.2651   2.857885    31.9589    25.5165 0.0000e+00
       2234     39.501     2.2825   2.859637    31.9633    25.5187 0.0000e+00
       2235     39.091     2.2919   2.859628    31.9539    25.5105 0.0000e+00
       2236     38.707     2.2799   2.858344    31.9503    25.5085 0.0000e+00
       2237     38.340     2.2639   2.857865    31.9607    25.5180 0.0000e+00
       2238     37.964     2.2680   2.858969    31.9704    25.5255 0.0000e+00
       2239     37.570     2.2887   2.860516    31.9689    25.5227 0.0000e+00
       2240     37.180     2.3060   2.860802    31.9553    25.5105 0.0000e+00
       2241     36.807     2.3194   2.860874    31.9429    25.4996 0.0000e+00
       2242     36.439     2.3544   2.862615    31.9294    25.4862 0.0000e+00
       2243     36.063     2.4284   2.866240    31.9001    25.4571 0.0000e+00
       2244     35.682     2.5130   2.870292    31.8654    25.4229 0.0000e+00
       2245     35.301     2.5726   2.873000    31.8393    25.3974 0.0000e+00
       2246     34.913     2.6140   2.875800    31.8326    25.3887 0.0000e+00
       2247     34.515     2.6524   2.879427    31.8388    25.3907 0.0000e+00
       2248     34.117     2.6795   2.881086    31.8323    25.3833 0.0000e+00
       2249     33.730     2.6900   2.880135    31.8105    25.3651 0.0000e+00
       2250     33.353     2.6923   2.879491    31.8006    25.3569 0.0000e+00
       2251     32.968     2.6970   2.880896    31.8132    25.3667 0.0000e+00
       2252     32.560     2.7203   2.883564    31.8228    25.3725 0.0000e+00
       2253     32.134     2.7666   2.886377    31.8113    25.3596 0.0000e+00
       2254     31.708     2.8091   2.887257    31.7801    25.3312 0.0000e+00
       2255     31.296     2.8278   2.885521    31.7408    25.2983 0.0000e+00
       2256     30.893     2.8323   2.884579    31.7251    25.2854 0.0000e+00
