Datasets/Test_Dataset_39219_tow/tel219_2021_072.cnv
* Sea-Bird SBE19plus Data File:
* Filename = C:/AQUIRE/tel219_2021_072.hex
* Software Version AquireV2 AF V2.0
* Temperature SN =  4020
* Conductivity SN =  4020
* System UpLoad Time = May 15 2021 15:54:47
** VESSEL/TRIP/SEQ STN: tel219_2021_072
** LATITUDE: 45 44.10 N
** LONGITUDE: 55 25.73 W
** DATE/TIME: 2021-05-15 15:14
** SOUNDING DEPTH (M): 0081
** PROBE TYPE: S4020
** CTD NUMBER:  72
** FORMAT: T
** COMMENTS: 
# nquan = 7                                 
# nvalues = 2494                        
# units = specified
# name 0 = scan: Scan Count
# name 1 = prdM: Pressure, Strain Gauge [db]
# name 2 = tv290C: Temperature [ITS-90, deg C]
# name 3 = c0S/m: Conductivity [S/m]
# name 4 = sal00: Salinity, Practical [PSU]
# name 5 = sigma-t00: Density [sigma-t, kg/m^3 ]
# name 6 = flag: flag
# span 0 =          1,       2494       
# span 1 =     -0.119,     77.423       
# span 2 =     1.2514,     7.4402       
# span 3 =   0.017245,   3.081921       
# span 4 =     0.1330,    32.7623       
# span 5 =    -0.0099,    26.0035       
# span 6 = 0.0000e+00, 0.0000e+00       
# interval = seconds: 1
# start_time = May 15 2021 15:14:44 [Instrument's time stamp, header]
# bad_flag = -9.990e-29
*END*
[from data line 821]
        822     72.418     1.3129   2.801218    32.2010    25.7760 0.0000e+00
        823     72.422     1.3135   2.801230    32.2005    25.7756 0.0000e+00
        824     72.435     1.3131   2.801170    32.2001    25.7753 0.0000e+00
        825     72.451     1.3125   2.801102    32.1999    25.7752 0.0000e+00
        826     72.465     1.3123   2.801092    32.2000    25.7752 0.0000e+00
        827     72.483     1.3123   2.801123    32.2003    25.7755 0.0000e+00
        828     72.503     1.3116   2.801078    32.2005    25.7757 0.0000e+00
        829     72.517     1.3108   2.800997    32.2003    25.7756 0.0000e+00
        830     72.529     1.3102   2.800921    32.1999    25.7753 0.0000e+00
        831     72.544     1.3106   2.800893    32.1991    25.7747 0.0000e+00
        832     72.558     1.3130   2.801056    32.1987    25.7742 0.0000e+00
        833     72.563     1.3168   2.801387    32.1990    25.7742 0.0000e+00
        834     72.547     1.3196   2.801668    32.1997    25.7746 0.0000e+00
        835     72.509     1.3195   2.801728    32.2006    25.7753 0.0000e+00
        836     72.464     1.3167   2.801490    32.2005    25.7754 0.0000e+00
        837     72.433     1.3126   2.801058    32.1992    25.7746 0.0000e+00
        838     72.426     1.3084   2.800695    32.1990    25.7747 0.0000e+00
        839     72.432     1.3056   2.800508    32.1995    25.7753 0.0000e+00
        840     72.433     1.3049   2.800497    32.2000    25.7758 0.0000e+00
        841     72.423     1.3055   2.800559    32.2002    25.7759 0.0000e+00
        842     72.413     1.3055   2.800528    32.1998    25.7756 0.0000e+00
        843     72.415     1.3051   2.800446    32.1992    25.7751 0.0000e+00
        844     72.431     1.3058   2.800472    32.1988    25.7747 0.0000e+00
        845     72.452     1.3074   2.800604    32.1988    25.7746 0.0000e+00
        846     72.471     1.3090   2.800721    32.1986    25.7744 0.0000e+00
        847     72.488     1.3102   2.800804    32.1985    25.7742 0.0000e+00
        848     72.498     1.3109   2.800869    32.1986    25.7742 0.0000e+00
        849     72.502     1.3105   2.800851    32.1987    25.7744 0.0000e+00
        850     72.507     1.3081   2.800668    32.1989    25.7746 0.0000e+00
        851     72.519     1.3043   2.800353    32.1988    25.7748 0.0000e+00
        852     72.538     1.3005   2.800075    32.1992    25.7753 0.0000e+00
        853     72.556     1.2980   2.799925    32.1998    25.7760 0.0000e+00
        854     72.564     1.2967   2.799877    32.2006    25.7767 0.0000e+00
        855     72.561     1.2968   2.799902    32.2008    25.7769 0.0000e+00
        856     72.558     1.2987   2.800009    32.2002    25.7763 0.0000e+00
        857     72.574     1.3026   2.800253    32.1992    25.7753 0.0000e+00
        858     72.609     1.3066   2.800540    32.1987    25.7746 0.0000e+00
        859     72.648     1.3089   2.800684    32.1982    25.7740 0.0000e+00
        860     72.678     1.3097   2.800728    32.1979    25.7737 0.0000e+00
        861     72.695     1.3102   2.800764    32.1978    25.7737 0.0000e+00
        862     72.700     1.3125   2.800857    32.1966    25.7726 0.0000e+00
        863     72.706     1.3180   2.801214    32.1955    25.7713 0.0000e+00
        864     72.722     1.3236   2.801692    32.1958    25.7712 0.0000e+00
        865     72.743     1.3242   2.801764    32.1961    25.7714 0.0000e+00
        866     72.756     1.3206   2.801478    32.1961    25.7716 0.0000e+00
        867     72.755     1.3164   2.801217    32.1972    25.7727 0.0000e+00
        868     72.742     1.3137   2.801041    32.1977    25.7733 0.0000e+00
        869     72.727     1.3127   2.800946    32.1976    25.7733 0.0000e+00
        870     72.726     1.3134   2.800976    32.1972    25.7730 0.0000e+00
        871     72.750     1.3146   2.801067    32.1971    25.7728 0.0000e+00
        872     72.790     1.3154   2.801113    32.1969    25.7725 0.0000e+00
        873     72.822     1.3149   2.801091    32.1971    25.7727 0.0000e+00
        874     72.831     1.3140   2.801014    32.1970    25.7728 0.0000e+00
        875     72.815     1.3141   2.800994    32.1967    25.7725 0.0000e+00
        876     72.791     1.3152   2.801084    32.1967    25.7724 0.0000e+00
        877     72.778     1.3154   2.801120    32.1969    25.7726 0.0000e+00
        878     72.785     1.3131   2.800969    32.1974    25.7731 0.0000e+00
        879     72.806     1.3089   2.800672    32.1979    25.7738 0.0000e+00
        880     72.827     1.3045   2.800371    32.1986    25.7747 0.0000e+00
        881     72.839     1.3022   2.800214    32.1990    25.7751 0.0000e+00
        882     72.841     1.3020   2.800223    32.1993    25.7754 0.0000e+00
        883     72.845     1.3020   2.800212    32.1992    25.7753 0.0000e+00
        884     72.864     1.3011   2.800097    32.1986    25.7749 0.0000e+00
        885     72.898     1.3007   2.800041    32.1983    25.7746 0.0000e+00
        886     72.928     1.3024   2.800177    32.1983    25.7745 0.0000e+00
        887     72.941     1.3055   2.800406    32.1980    25.7741 0.0000e+00
        888     72.935     1.3083   2.800594    32.1975    25.7735 0.0000e+00
        889     72.916     1.3104   2.800725    32.1970    25.7730 0.0000e+00
        890     72.904     1.3116   2.800804    32.1968    25.7727 0.0000e+00
        891     72.919     1.3129   2.800885    32.1965    25.7724 0.0000e+00
        892     72.953     1.3149   2.801028    32.1962    25.7720 0.0000e+00
        893     72.990     1.3171   2.801179    32.1958    25.7716 0.0000e+00
        894     73.021     1.3184   2.801268    32.1956    25.7713 0.0000e+00
        895     73.047     1.3190   2.801296    32.1953    25.7711 0.0000e+00
        896     73.065     1.3202   2.801343    32.1947    25.7705 0.0000e+00
        897     73.075     1.3214   2.801440    32.1947    25.7704 0.0000e+00
        898     73.086     1.3204   2.801404    32.1952    25.7709 0.0000e+00
        899     73.107     1.3183   2.801247    32.1954    25.7712 0.0000e+00
        900     73.131     1.3172   2.801224    32.1962    25.7719 0.0000e+00
        901     73.144     1.3160   2.801181    32.1969    25.7725 0.0000e+00
        902     73.142     1.3145   2.801043    32.1967    25.7725 0.0000e+00
        903     73.136     1.3137   2.800995    32.1969    25.7727 0.0000e+00
        904     73.142     1.3132   2.800950    32.1969    25.7727 0.0000e+00
        905     73.163     1.3135   2.800932    32.1963    25.7722 0.0000e+00
        906     73.187     1.3153   2.801053    32.1960    25.7718 0.0000e+00
        907     73.197     1.3180   2.801225    32.1954    25.7712 0.0000e+00
        908     73.193     1.3198   2.801378    32.1955    25.7711 0.0000e+00
        909     73.189     1.3199   2.801437    32.1961    25.7717 0.0000e+00
        910     73.195     1.3186   2.801349    32.1963    25.7719 0.0000e+00
        911     73.208     1.3161   2.801132    32.1961    25.7719 0.0000e+00
        912     73.223     1.3136   2.800931    32.1962    25.7721 0.0000e+00
        913     73.233     1.3117   2.800883    32.1975    25.7733 0.0000e+00
        914     73.235     1.3099   2.800784    32.1981    25.7739 0.0000e+00
        915     73.237     1.3095   2.800684    32.1972    25.7732 0.0000e+00
        916     73.245     1.3130   2.800898    32.1963    25.7723 0.0000e+00
        917     73.261     1.3210   2.801434    32.1949    25.7706 0.0000e+00
        918     73.281     1.3318   2.802166    32.1931    25.7685 0.0000e+00
        919     73.300     1.3411   2.802871    32.1924    25.7673 0.0000e+00
        920     73.310     1.3424   2.803023    32.1930    25.7677 0.0000e+00
        921     73.310     1.3346   2.802431    32.1935    25.7686 0.0000e+00
        922     73.304     1.3237   2.801635    32.1946    25.7702 0.0000e+00
        923     73.298     1.3141   2.800998    32.1965    25.7723 0.0000e+00
        924     73.299     1.3084   2.800575    32.1970    25.7731 0.0000e+00
        925     73.307     1.3088   2.800591    32.1967    25.7729 0.0000e+00
        926     73.316     1.3142   2.801030    32.1967    25.7725 0.0000e+00
        927     73.319     1.3190   2.801412    32.1966    25.7721 0.0000e+00
        928     73.313     1.3184   2.801391    32.1970    25.7725 0.0000e+00
        929     73.305     1.3125   2.800992    32.1980    25.7737 0.0000e+00
        930     73.301     1.3047   2.800393    32.1985    25.7745 0.0000e+00
        931     73.306     1.2990   2.799961    32.1988    25.7752 0.0000e+00
        932     73.316     1.2973   2.799879    32.1995    25.7758 0.0000e+00
        933     73.325     1.2981   2.799971    32.1999    25.7761 0.0000e+00
        934     73.326     1.3004   2.800114    32.1993    25.7755 0.0000e+00
        935     73.318     1.3043   2.800347    32.1983    25.7744 0.0000e+00
        936     73.314     1.3100   2.800741    32.1974    25.7733 0.0000e+00
        937     73.327     1.3163   2.801195    32.1967    25.7723 0.0000e+00
        938     73.349     1.3208   2.801507    32.1960    25.7715 0.0000e+00
        939     73.363     1.3214   2.801561    32.1960    25.7715 0.0000e+00
        940     73.363     1.3182   2.801366    32.1969    25.7724 0.0000e+00
        941     73.349     1.3134   2.801011    32.1973    25.7730 0.0000e+00
        942     73.337     1.3104   2.800730    32.1968    25.7728 0.0000e+00
        943     73.343     1.3117   2.800809    32.1965    25.7725 0.0000e+00
        944     73.358     1.3158   2.801098    32.1959    25.7718 0.0000e+00
        945     73.360     1.3192   2.801229    32.1941    25.7701 0.0000e+00
        946     73.340     1.3203   2.801229    32.1930    25.7691 0.0000e+00
        947     73.307     1.3186   2.801192    32.1943    25.7703 0.0000e+00
        948     73.285     1.3128   2.800889    32.1964    25.7723 0.0000e+00
        949     73.294     1.3047   2.800317    32.1975    25.7737 0.0000e+00
        950     73.327     1.2991   2.799935    32.1984    25.7748 0.0000e+00
        951     73.359     1.2975   2.799925    32.1999    25.7761 0.0000e+00
        952     73.373     1.2978   2.800017    32.2007    25.7768 0.0000e+00
        953     73.377     1.2988   2.800053    32.2002    25.7762 0.0000e+00
        954     73.386     1.3008   2.800133    32.1991    25.7753 0.0000e+00
        955     73.413     1.3043   2.800354    32.1983    25.7744 0.0000e+00
        956     73.451     1.3082   2.800615    32.1976    25.7736 0.0000e+00
        957     73.479     1.3109   2.800766    32.1967    25.7727 0.0000e+00
        958     73.482     1.3122   2.800820    32.1960    25.7721 0.0000e+00
        959     73.474     1.3123   2.800827    32.1960    25.7721 0.0000e+00
        960     73.478     1.3103   2.800719    32.1967    25.7728 0.0000e+00
        961     73.501     1.3067   2.800485    32.1975    25.7736 0.0000e+00
        962     73.530     1.3030   2.800271    32.1985    25.7747 0.0000e+00
        963     73.547     1.3001   2.800129    32.1997    25.7758 0.0000e+00
        964     73.549     1.2983   2.800011    32.2001    25.7762 0.0000e+00
        965     73.551     1.2975   2.799919    32.1997    25.7760 0.0000e+00
        966     73.561     1.2970   2.799856    32.1994    25.7758 0.0000e+00
        967     73.581     1.2959   2.799779    32.1996    25.7759 0.0000e+00
        968     73.606     1.2946   2.799676    32.1996    25.7760 0.0000e+00
        969     73.632     1.2938   2.799633    32.1999    25.7763 0.0000e+00
        970     73.654     1.2940   2.799662    32.2000    25.7764 0.0000e+00
        971     73.674     1.2951   2.799736    32.1998    25.7762 0.0000e+00
        972     73.691     1.2972   2.799862    32.1992    25.7756 0.0000e+00
        973     73.703     1.2992   2.799990    32.1988    25.7751 0.0000e+00
        974     73.711     1.3001   2.800056    32.1987    25.7750 0.0000e+00
        975     73.717     1.3003   2.800057    32.1985    25.7748 0.0000e+00
        976     73.728     1.3001   2.800035    32.1984    25.7748 0.0000e+00
        977     73.749     1.2989   2.799975    32.1989    25.7752 0.0000e+00
        978     73.771     1.2969   2.799827    32.1990    25.7755 0.0000e+00
        979     73.788     1.2955   2.799697    32.1988    25.7754 0.0000e+00
        980     73.799     1.2955   2.799700    32.1989    25.7754 0.0000e+00
        981     73.810     1.2958   2.799744    32.1991    25.7756 0.0000e+00
        982     73.831     1.2955   2.799711    32.1990    25.7755 0.0000e+00
        983     73.856     1.2952   2.799671    32.1988    25.7753 0.0000e+00
        984     73.872     1.2954   2.799705    32.1990    25.7755 0.0000e+00
        985     73.878     1.2954   2.799733    32.1993    25.7758 0.0000e+00
        986     73.880     1.2950   2.799697    32.1993    25.7758 0.0000e+00
        987     73.886     1.2954   2.799706    32.1990    25.7755 0.0000e+00
        988     73.900     1.2963   2.799789    32.1991    25.7755 0.0000e+00
        989     73.927     1.2964   2.799782    32.1989    25.7754 0.0000e+00
        990     73.959     1.2959   2.799706    32.1984    25.7750 0.0000e+00
        991     73.986     1.2963   2.799720    32.1982    25.7748 0.0000e+00
        992     74.002     1.2986   2.799869    32.1977    25.7743 0.0000e+00
        993     74.008     1.3020   2.800115    32.1973    25.7738 0.0000e+00
        994     74.018     1.3053   2.800385    32.1973    25.7736 0.0000e+00
        995     74.042     1.3070   2.800527    32.1974    25.7735 0.0000e+00
        996     74.071     1.3066   2.800462    32.1969    25.7732 0.0000e+00
        997     74.090     1.3053   2.800350    32.1969    25.7732 0.0000e+00
        998     74.099     1.3032   2.800226    32.1974    25.7738 0.0000e+00
        999     74.108     1.3003   2.800015    32.1977    25.7742 0.0000e+00
       1000     74.122     1.2982   2.799864    32.1980    25.7745 0.0000e+00
       1001     74.140     1.2967   2.799793    32.1986    25.7751 0.0000e+00
       1002     74.158     1.2945   2.799650    32.1991    25.7756 0.0000e+00
       1003     74.172     1.2924   2.799484    32.1991    25.7758 0.0000e+00
       1004     74.186     1.2917   2.799445    32.1993    25.7760 0.0000e+00
       1005     74.199     1.2921   2.799506    32.1997    25.7763 0.0000e+00
       1006     74.214     1.2925   2.799522    32.1995    25.7761 0.0000e+00
       1007     74.234     1.2921   2.799476    32.1993    25.7759 0.0000e+00
       1008     74.258     1.2918   2.799446    32.1992    25.7759 0.0000e+00
       1009     74.279     1.2917   2.799441    32.1992    25.7759 0.0000e+00
       1010     74.294     1.2917   2.799452    32.1994    25.7760 0.0000e+00
       1011     74.305     1.2919   2.799454    32.1992    25.7759 0.0000e+00
       1012     74.315     1.2921   2.799447    32.1989    25.7756 0.0000e+00
       1013     74.328     1.2927   2.799487    32.1987    25.7755 0.0000e+00
       1014     74.343     1.2937   2.799568    32.1987    25.7754 0.0000e+00
       1015     74.357     1.2944   2.799627    32.1988    25.7754 0.0000e+00
       1016     74.374     1.2940   2.799595    32.1988    25.7754 0.0000e+00
       1017     74.393     1.2932   2.799523    32.1987    25.7754 0.0000e+00
       1018     74.409     1.2932   2.799524    32.1987    25.7754 0.0000e+00
       1019     74.417     1.2936   2.799574    32.1989    25.7755 0.0000e+00
       1020     74.422     1.2934   2.799570    32.1990    25.7757 0.0000e+00
       1021     74.435     1.2923   2.799483    32.1991    25.7758 0.0000e+00
       1022     74.456     1.2909   2.799382    32.1992    25.7760 0.0000e+00
       1023     74.470     1.2897   2.799304    32.1994    25.7762 0.0000e+00
       1024     74.470     1.2891   2.799257    32.1995    25.7763 0.0000e+00
       1025     74.465     1.2898   2.799286    32.1991    25.7760 0.0000e+00
