Datasets/Test_Dataset_39219_tow/tel219_2021_084.cnv
* Sea-Bird SBE19plus Data File:
* Filename = C:/AQUIRE/tel219_2021_084.hex
* Software Version AquireV2 AF V2.0
* Temperature SN =  4020
* Conductivity SN =  4020
* System UpLoad Time = May 17 2021 00:56:47
** VESSEL/TRIP/SEQ STN: tel219_2021_084
** LATITUDE: 46 20.26 N
** LONGITUDE: 55 44.63 W
** DATE/TIME: 2021-05-17 00:16
** SOUNDING DEPTH (M): 0143
** PROBE TYPE: S4020
** CTD NUMBER: 074
** FORMAT: T
** COMMENTS: 
# nquan = 7                                 
# nvalues = 2462                        
# units = specified
# name 0 = scan: Scan Count
# name 1 = prdM: Pressure, Strain Gauge [db]
# name 2 = tv290C: Temperature [ITS-90, deg C]
# name 3 = c0S/m: Conductivity [S/m]
# name 4 = sal00: Salinity, Practical [PSU]
# name 5 = sigma-t00: Density [sigma-t, kg/m^3 ]
# name 6 = flag: flag
# span 0 =          1,       2462       
# span 1 =      0.051,    140.177       
# span 2 =     0.1817,     5.2980       
# span 3 =   0.006660,   3.093165       
# span 4 =     0.0491,    32.5870       
# span 5 =     0.0008,    26.1479       
# span 6 = 0.0000e+00, 0.0000e+00       
# interval = seconds: 1
# start_time = May 17 2021 00:16:27 [Instrument's time stamp, header]
# bad_flag = -9.990e-29
*END*
[from data line 616]
        617    130.081     0.3382   2.747828    32.4981    26.0704 0.0000e+00
        618    130.358     0.3362   2.747829    32.5001    26.0721 0.0000e+00
        619    130.641     0.3349   2.747854    32.5016    26.0734 0.0000e+00
        620    130.926     0.3342   2.747940    32.5033    26.0748 0.0000e+00
        621    131.208     0.3342   2.748097    32.5052    26.0763 0.0000e+00
        622    131.490     0.3345   2.748295    32.5073    26.0780 0.0000e+00
        623    131.775     0.3345   2.748505    32.5099    26.0801 0.0000e+00
        624    132.058     0.3336   2.748669    32.5128    26.0825 0.0000e+00
        625    132.334     0.3312   2.748748    32.5162    26.0853 0.0000e+00
        626    132.603     0.3272   2.748762    32.5205    26.0890 0.0000e+00
        627    132.866     0.3219   2.748755    32.5258    26.0936 0.0000e+00
        628    133.118     0.3164   2.748737    32.5313    26.0982 0.0000e+00
        629    133.358     0.3108   2.748669    32.5362    26.1024 0.0000e+00
        630    133.592     0.3063   2.748577    32.5396    26.1054 0.0000e+00
        631    133.818     0.3034   2.748528    32.5419    26.1074 0.0000e+00
        632    134.033     0.3015   2.748511    32.5435    26.1089 0.0000e+00
        633    134.241     0.2994   2.748461    32.5450    26.1101 0.0000e+00
        634    134.445     0.2954   2.748324    32.5473    26.1122 0.0000e+00
        635    134.643     0.2876   2.748042    32.5518    26.1162 0.0000e+00
        636    134.835     0.2749   2.747561    32.5588    26.1225 0.0000e+00
        637    135.020     0.2597   2.746954    32.5669    26.1298 0.0000e+00
        638    135.196     0.2465   2.746385    32.5733    26.1356 0.0000e+00
        639    135.363     0.2373   2.745976    32.5776    26.1396 0.0000e+00
        640    135.522     0.2322   2.745775    32.5803    26.1420 0.0000e+00
        641    135.673     0.2291   2.745684    32.5823    26.1438 0.0000e+00
        642    135.818     0.2271   2.745605    32.5833    26.1447 0.0000e+00
        643    135.957     0.2261   2.745567    32.5838    26.1451 0.0000e+00
        644    136.084     0.2255   2.745569    32.5844    26.1456 0.0000e+00
        645    136.198     0.2248   2.745550    32.5848    26.1460 0.0000e+00
        646    136.300     0.2236   2.745490    32.5853    26.1464 0.0000e+00
        647    136.384     0.2221   2.745438    32.5861    26.1472 0.0000e+00
        648    136.449     0.2210   2.745414    32.5870    26.1479 0.0000e+00
        649    136.497     0.2206   2.745382    32.5869    26.1479 0.0000e+00
        650    136.531     0.2203   2.745310    32.5863    26.1474 0.0000e+00
        651    136.558     0.2195   2.745214    32.5859    26.1471 0.0000e+00
        652    136.589     0.2186   2.745127    32.5857    26.1469 0.0000e+00
        653    136.630     0.2181   2.745073    32.5855    26.1468 0.0000e+00
        654    136.681     0.2183   2.745059    32.5850    26.1465 0.0000e+00
        655    136.739     0.2188   2.745075    32.5847    26.1461 0.0000e+00
        656    136.796     0.2188   2.745083    32.5848    26.1462 0.0000e+00
        657    136.845     0.2181   2.745062    32.5852    26.1466 0.0000e+00
        658    136.882     0.2174   2.745027    32.5855    26.1468 0.0000e+00
        659    136.912     0.2170   2.744980    32.5853    26.1467 0.0000e+00
        660    136.946     0.2170   2.744929    32.5846    26.1461 0.0000e+00
        661    136.989     0.2168   2.744895    32.5843    26.1459 0.0000e+00
        662    137.039     0.2164   2.744885    32.5846    26.1462 0.0000e+00
        663    137.085     0.2164   2.744894    32.5847    26.1462 0.0000e+00
        664    137.125     0.2167   2.744908    32.5845    26.1461 0.0000e+00
        665    137.163     0.2169   2.744900    32.5842    26.1458 0.0000e+00
        666    137.203     0.2167   2.744851    32.5837    26.1455 0.0000e+00
        667    137.249     0.2163   2.744802    32.5835    26.1453 0.0000e+00
        668    137.303     0.2163   2.744795    32.5833    26.1452 0.0000e+00
        669    137.359     0.2163   2.744804    32.5834    26.1453 0.0000e+00
        670    137.413     0.2160   2.744798    32.5836    26.1454 0.0000e+00
        671    137.462     0.2156   2.744784    32.5839    26.1456 0.0000e+00
        672    137.502     0.2153   2.744769    32.5840    26.1457 0.0000e+00
        673    137.536     0.2154   2.744760    32.5837    26.1455 0.0000e+00
        674    137.568     0.2157   2.744753    32.5833    26.1452 0.0000e+00
        675    137.602     0.2158   2.744739    32.5830    26.1449 0.0000e+00
        676    137.643     0.2157   2.744723    32.5828    26.1448 0.0000e+00
        677    137.686     0.2154   2.744714    32.5830    26.1450 0.0000e+00
        678    137.723     0.2152   2.744698    32.5830    26.1450 0.0000e+00
        679    137.758     0.2148   2.744673    32.5831    26.1451 0.0000e+00
        680    137.801     0.2143   2.744650    32.5833    26.1452 0.0000e+00
        681    137.852     0.2142   2.744641    32.5832    26.1452 0.0000e+00
        682    137.906     0.2141   2.744643    32.5833    26.1453 0.0000e+00
        683    137.954     0.2141   2.744645    32.5833    26.1453 0.0000e+00
        684    137.992     0.2142   2.744639    32.5831    26.1451 0.0000e+00
        685    138.028     0.2143   2.744620    32.5828    26.1448 0.0000e+00
        686    138.065     0.2142   2.744602    32.5826    26.1447 0.0000e+00
        687    138.101     0.2138   2.744594    32.5829    26.1450 0.0000e+00
        688    138.133     0.2136   2.744593    32.5831    26.1451 0.0000e+00
        689    138.163     0.2137   2.744599    32.5830    26.1451 0.0000e+00
        690    138.188     0.2140   2.744605    32.5828    26.1449 0.0000e+00
        691    138.210     0.2143   2.744597    32.5824    26.1445 0.0000e+00
        692    138.235     0.2142   2.744581    32.5822    26.1444 0.0000e+00
        693    138.261     0.2138   2.744565    32.5824    26.1446 0.0000e+00
        694    138.285     0.2133   2.744549    32.5827    26.1449 0.0000e+00
        695    138.306     0.2128   2.744536    32.5831    26.1452 0.0000e+00
        696    138.325     0.2127   2.744525    32.5830    26.1451 0.0000e+00
        697    138.340     0.2127   2.744511    32.5829    26.1450 0.0000e+00
        698    138.355     0.2125   2.744489    32.5828    26.1449 0.0000e+00
        699    138.375     0.2122   2.744473    32.5829    26.1450 0.0000e+00
        700    138.398     0.2122   2.744471    32.5828    26.1450 0.0000e+00
        701    138.419     0.2122   2.744467    32.5828    26.1449 0.0000e+00
        702    138.434     0.2120   2.744449    32.5827    26.1449 0.0000e+00
        703    138.446     0.2117   2.744434    32.5828    26.1450 0.0000e+00
        704    138.457     0.2116   2.744426    32.5828    26.1450 0.0000e+00
        705    138.469     0.2113   2.744410    32.5829    26.1451 0.0000e+00
        706    138.484     0.2110   2.744391    32.5830    26.1452 0.0000e+00
        707    138.500     0.2107   2.744373    32.5831    26.1453 0.0000e+00
        708    138.516     0.2103   2.744362    32.5833    26.1455 0.0000e+00
        709    138.531     0.2102   2.744351    32.5833    26.1455 0.0000e+00
        710    138.543     0.2102   2.744332    32.5830    26.1453 0.0000e+00
        711    138.552     0.2100   2.744307    32.5829    26.1452 0.0000e+00
        712    138.563     0.2098   2.744283    32.5828    26.1451 0.0000e+00
        713    138.574     0.2097   2.744265    32.5827    26.1450 0.0000e+00
        714    138.583     0.2097   2.744267    32.5827    26.1450 0.0000e+00
        715    138.587     0.2096   2.744272    32.5829    26.1451 0.0000e+00
        716    138.589     0.2095   2.744268    32.5829    26.1452 0.0000e+00
        717    138.595     0.2094   2.744257    32.5829    26.1452 0.0000e+00
        718    138.604     0.2092   2.744249    32.5830    26.1453 0.0000e+00
        719    138.611     0.2092   2.744237    32.5828    26.1451 0.0000e+00
        720    138.618     0.2091   2.744224    32.5828    26.1451 0.0000e+00
        721    138.624     0.2090   2.744215    32.5827    26.1451 0.0000e+00
        722    138.627     0.2089   2.744203    32.5827    26.1450 0.0000e+00
        723    138.626     0.2090   2.744194    32.5825    26.1448 0.0000e+00
        724    138.624     0.2091   2.744188    32.5823    26.1447 0.0000e+00
        725    138.624     0.2092   2.744179    32.5821    26.1445 0.0000e+00
        726    138.626     0.2091   2.744157    32.5819    26.1444 0.0000e+00
        727    138.628     0.2087   2.744137    32.5820    26.1445 0.0000e+00
        728    138.627     0.2083   2.744126    32.5823    26.1448 0.0000e+00
        729    138.623     0.2081   2.744118    32.5824    26.1449 0.0000e+00
        730    138.620     0.2080   2.744101    32.5823    26.1448 0.0000e+00
        731    138.621     0.2079   2.744090    32.5823    26.1447 0.0000e+00
        732    138.625     0.2080   2.744091    32.5822    26.1447 0.0000e+00
        733    138.629     0.2081   2.744095    32.5821    26.1446 0.0000e+00
        734    138.629     0.2082   2.744090    32.5820    26.1445 0.0000e+00
        735    138.622     0.2082   2.744080    32.5818    26.1444 0.0000e+00
        736    138.613     0.2082   2.744072    32.5817    26.1443 0.0000e+00
        737    138.607     0.2082   2.744068    32.5817    26.1442 0.0000e+00
        738    138.605     0.2082   2.744065    32.5816    26.1442 0.0000e+00
        739    138.604     0.2081   2.744066    32.5818    26.1443 0.0000e+00
        740    138.602     0.2079   2.744061    32.5819    26.1444 0.0000e+00
        741    138.599     0.2077   2.744052    32.5820    26.1445 0.0000e+00
        742    138.591     0.2077   2.744050    32.5820    26.1445 0.0000e+00
        743    138.571     0.2080   2.744049    32.5817    26.1442 0.0000e+00
        744    138.547     0.2082   2.744042    32.5814    26.1440 0.0000e+00
        745    138.528     0.2081   2.744032    32.5814    26.1440 0.0000e+00
        746    138.515     0.2080   2.744024    32.5814    26.1440 0.0000e+00
        747    138.501     0.2082   2.744034    32.5813    26.1439 0.0000e+00
        748    138.488     0.2086   2.744046    32.5810    26.1437 0.0000e+00
        749    138.476     0.2086   2.744042    32.5810    26.1437 0.0000e+00
        750    138.465     0.2082   2.744025    32.5812    26.1439 0.0000e+00
        751    138.456     0.2075   2.743993    32.5815    26.1442 0.0000e+00
        752    138.446     0.2070   2.743963    32.5817    26.1443 0.0000e+00
        753    138.434     0.2067   2.743949    32.5818    26.1444 0.0000e+00
        754    138.422     0.2066   2.743944    32.5819    26.1445 0.0000e+00
        755    138.413     0.2067   2.743936    32.5817    26.1443 0.0000e+00
        756    138.407     0.2068   2.743931    32.5815    26.1442 0.0000e+00
        757    138.404     0.2069   2.743935    32.5814    26.1441 0.0000e+00
        758    138.401     0.2068   2.743925    32.5814    26.1441 0.0000e+00
        759    138.395     0.2067   2.743905    32.5813    26.1440 0.0000e+00
        760    138.382     0.2064   2.743884    32.5813    26.1440 0.0000e+00
        761    138.367     0.2059   2.743864    32.5816    26.1443 0.0000e+00
        762    138.360     0.2055   2.743855    32.5819    26.1446 0.0000e+00
        763    138.360     0.2054   2.743850    32.5819    26.1446 0.0000e+00
        764    138.360     0.2056   2.743841    32.5816    26.1443 0.0000e+00
        765    138.358     0.2059   2.743845    32.5813    26.1441 0.0000e+00
        766    138.352     0.2060   2.743848    32.5813    26.1440 0.0000e+00
        767    138.338     0.2056   2.743829    32.5815    26.1442 0.0000e+00
        768    138.324     0.2051   2.743805    32.5817    26.1444 0.0000e+00
        769    138.315     0.2047   2.743791    32.5819    26.1446 0.0000e+00
        770    138.315     0.2047   2.743788    32.5819    26.1446 0.0000e+00
        771    138.321     0.2047   2.743789    32.5819    26.1446 0.0000e+00
        772    138.325     0.2053   2.743804    32.5815    26.1442 0.0000e+00
        773    138.323     0.2059   2.743826    32.5811    26.1439 0.0000e+00
        774    138.322     0.2057   2.743820    32.5812    26.1440 0.0000e+00
        775    138.322     0.2049   2.743781    32.5816    26.1443 0.0000e+00
        776    138.322     0.2043   2.743745    32.5817    26.1445 0.0000e+00
        777    138.324     0.2042   2.743730    32.5817    26.1444 0.0000e+00
        778    138.327     0.2043   2.743731    32.5816    26.1443 0.0000e+00
        779    138.331     0.2046   2.743735    32.5813    26.1441 0.0000e+00
        780    138.334     0.2044   2.743729    32.5814    26.1442 0.0000e+00
        781    138.334     0.2039   2.743709    32.5817    26.1445 0.0000e+00
        782    138.328     0.2034   2.743692    32.5820    26.1447 0.0000e+00
        783    138.316     0.2032   2.743683    32.5821    26.1448 0.0000e+00
        784    138.308     0.2032   2.743678    32.5820    26.1448 0.0000e+00
        785    138.306     0.2030   2.743665    32.5821    26.1448 0.0000e+00
        786    138.306     0.2027   2.743652    32.5822    26.1450 0.0000e+00
        787    138.306     0.2026   2.743645    32.5823    26.1450 0.0000e+00
        788    138.304     0.2026   2.743645    32.5823    26.1450 0.0000e+00
        789    138.294     0.2027   2.743646    32.5822    26.1449 0.0000e+00
        790    138.279     0.2029   2.743648    32.5820    26.1448 0.0000e+00
        791    138.271     0.2032   2.743656    32.5818    26.1446 0.0000e+00
        792    138.273     0.2034   2.743654    32.5815    26.1444 0.0000e+00
        793    138.280     0.2032   2.743640    32.5816    26.1444 0.0000e+00
        794    138.281     0.2027   2.743632    32.5820    26.1448 0.0000e+00
        795    138.274     0.2024   2.743621    32.5822    26.1449 0.0000e+00
        796    138.266     0.2021   2.743602    32.5822    26.1450 0.0000e+00
        797    138.263     0.2017   2.743585    32.5824    26.1452 0.0000e+00
        798    138.262     0.2015   2.743577    32.5826    26.1453 0.0000e+00
        799    138.259     0.2014   2.743579    32.5827    26.1454 0.0000e+00
        800    138.256     0.2019   2.743593    32.5823    26.1451 0.0000e+00
        801    138.250     0.2024   2.743606    32.5820    26.1448 0.0000e+00
        802    138.244     0.2025   2.743601    32.5818    26.1446 0.0000e+00
        803    138.244     0.2022   2.743585    32.5819    26.1447 0.0000e+00
        804    138.250     0.2021   2.743570    32.5818    26.1447 0.0000e+00
        805    138.255     0.2022   2.743560    32.5816    26.1445 0.0000e+00
        806    138.256     0.2027   2.743572    32.5812    26.1441 0.0000e+00
        807    138.258     0.2033   2.743593    32.5809    26.1438 0.0000e+00
        808    138.262     0.2033   2.743586    32.5808    26.1438 0.0000e+00
        809    138.263     0.2027   2.743558    32.5810    26.1440 0.0000e+00
        810    138.261     0.2022   2.743535    32.5813    26.1442 0.0000e+00
        811    138.261     0.2021   2.743522    32.5812    26.1442 0.0000e+00
        812    138.266     0.2022   2.743522    32.5811    26.1441 0.0000e+00
        813    138.275     0.2021   2.743517    32.5811    26.1441 0.0000e+00
        814    138.281     0.2017   2.743502    32.5814    26.1443 0.0000e+00
        815    138.278     0.2014   2.743495    32.5816    26.1445 0.0000e+00
        816    138.269     0.2016   2.743501    32.5815    26.1444 0.0000e+00
        817    138.269     0.2021   2.743513    32.5811    26.1441 0.0000e+00
        818    138.284     0.2025   2.743516    32.5807    26.1437 0.0000e+00
        819    138.310     0.2027   2.743514    32.5804    26.1435 0.0000e+00
        820    138.339     0.2029   2.743527    32.5804    26.1435 0.0000e+00
