Datasets/Test_Dataset_39219_tow/tel219_2021_033.cnv
* Sea-Bird SBE19plus Data File:
* Filename = C:/AQUIRE/tel219_2021_033.hex
* Software Version AquireV2 AF V2.0
* Temperature SN =  4020
* Conductivity SN =  4020
* System UpLoad Time = May 11 2021 05:41:16
** VESSEL/TRIP/SEQ STN: tel219_2021_033
** LATITUDE: 45 53.11 N
** LONGITUDE: 56 36.87 W
** DATE/TIME: 2021-05-11 05:07
** SOUNDING DEPTH (M): 0055
** PROBE TYPE: S4020
** CTD NUMBER:  33
** FORMAT: T
** COMMENTS: 
# nquan = 7                                 
# nvalues = 2092                        
# units = specified
# name 0 = scan: Scan Count
# name 1 = prdM: Pressure, Strain Gauge [db]
# name 2 = tv290C: Temperature [ITS-90, deg C]
# name 3 = c0S/m: Conductivity [S/m]
# name 4 = sal00: Salinity, Practical [PSU]
# name 5 = sigma-t00: Density [sigma-t, kg/m^3 ]
# name 6 = flag: flag
# span 0 =          1,       2092       
# span 1 =     -0.170,     51.977       
# span 2 =     3.2832,     3.5617       
# span 3 =   0.002764,   2.980302       
# span 4 =     0.0206,    32.3163       
# span 5 =    -0.0104,    25.7094       
# span 6 = 0.0000e+00, 0.0000e+00       
# interval = seconds: 1
# start_time = May 11 2021 05:07:10 [Instrument's time stamp, header]
# bad_flag = -9.990e-29
*END*
[from data line 1231]
       1232     51.076     3.3884   2.979847    32.3114    25.7053 0.0000e+00
       1233     51.129     3.3884   2.979840    32.3113    25.7052 0.0000e+00
       1234     51.181     3.3884   2.979862    32.3116    25.7054 0.0000e+00
       1235     51.207     3.3884   2.979887    32.3118    25.7056 0.0000e+00
       1236     51.208     3.3884   2.979896    32.3119    25.7057 0.0000e+00
       1237     51.194     3.3884   2.979896    32.3120    25.7057 0.0000e+00
       1238     51.168     3.3884   2.979883    32.3118    25.7056 0.0000e+00
       1239     51.139     3.3884   2.979868    32.3116    25.7055 0.0000e+00
       1240     51.135     3.3884   2.979868    32.3116    25.7055 0.0000e+00
       1241     51.164     3.3884   2.979881    32.3118    25.7056 0.0000e+00
       1242     51.200     3.3884   2.979883    32.3118    25.7056 0.0000e+00
       1243     51.214     3.3884   2.979875    32.3117    25.7055 0.0000e+00
       1244     51.204     3.3884   2.979882    32.3118    25.7056 0.0000e+00
       1245     51.192     3.3885   2.979910    32.3120    25.7058 0.0000e+00
       1246     51.192     3.3887   2.979937    32.3121    25.7058 0.0000e+00
       1247     51.195     3.3887   2.979939    32.3122    25.7059 0.0000e+00
       1248     51.194     3.3887   2.979926    32.3120    25.7057 0.0000e+00
       1249     51.197     3.3885   2.979897    32.3119    25.7056 0.0000e+00
       1250     51.210     3.3884   2.979863    32.3115    25.7054 0.0000e+00
       1251     51.227     3.3883   2.979839    32.3114    25.7052 0.0000e+00
       1252     51.233     3.3882   2.979830    32.3113    25.7052 0.0000e+00
       1253     51.227     3.3883   2.979843    32.3114    25.7053 0.0000e+00
       1254     51.219     3.3884   2.979871    32.3116    25.7055 0.0000e+00
       1255     51.218     3.3884   2.979891    32.3119    25.7057 0.0000e+00
       1256     51.229     3.3884   2.979905    32.3120    25.7058 0.0000e+00
       1257     51.250     3.3885   2.979919    32.3121    25.7058 0.0000e+00
       1258     51.277     3.3887   2.979935    32.3121    25.7058 0.0000e+00
       1259     51.296     3.3887   2.979951    32.3123    25.7059 0.0000e+00
       1260     51.303     3.3887   2.979962    32.3124    25.7060 0.0000e+00
       1261     51.306     3.3888   2.979962    32.3123    25.7059 0.0000e+00
       1262     51.315     3.3888   2.979957    32.3122    25.7059 0.0000e+00
       1263     51.326     3.3887   2.979952    32.3123    25.7059 0.0000e+00
       1264     51.330     3.3887   2.979951    32.3122    25.7059 0.0000e+00
       1265     51.324     3.3887   2.979951    32.3122    25.7059 0.0000e+00
       1266     51.322     3.3887   2.979959    32.3123    25.7060 0.0000e+00
       1267     51.337     3.3887   2.979976    32.3125    25.7062 0.0000e+00
       1268     51.352     3.3888   2.979980    32.3125    25.7061 0.0000e+00
       1269     51.347     3.3888   2.979969    32.3123    25.7060 0.0000e+00
       1270     51.327     3.3887   2.979959    32.3123    25.7060 0.0000e+00
       1271     51.303     3.3887   2.979955    32.3123    25.7060 0.0000e+00
       1272     51.287     3.3887   2.979957    32.3123    25.7060 0.0000e+00
       1273     51.295     3.3887   2.979956    32.3123    25.7060 0.0000e+00
       1274     51.327     3.3887   2.979942    32.3121    25.7058 0.0000e+00
       1275     51.370     3.3886   2.979940    32.3122    25.7059 0.0000e+00
       1276     51.409     3.3887   2.979965    32.3124    25.7060 0.0000e+00
       1277     51.432     3.3887   2.979988    32.3126    25.7062 0.0000e+00
       1278     51.436     3.3888   2.979993    32.3126    25.7062 0.0000e+00
       1279     51.416     3.3888   2.979993    32.3126    25.7062 0.0000e+00
       1280     51.375     3.3888   2.979994    32.3126    25.7062 0.0000e+00
       1281     51.328     3.3888   2.979996    32.3127    25.7063 0.0000e+00
       1282     51.295     3.3888   2.980004    32.3128    25.7063 0.0000e+00
       1283     51.291     3.3888   2.980005    32.3128    25.7064 0.0000e+00
       1284     51.316     3.3888   2.980002    32.3128    25.7063 0.0000e+00
       1285     51.350     3.3888   2.980006    32.3128    25.7063 0.0000e+00
       1286     51.374     3.3888   2.980010    32.3128    25.7064 0.0000e+00
       1287     51.384     3.3888   2.980011    32.3128    25.7064 0.0000e+00
       1288     51.388     3.3888   2.980010    32.3128    25.7064 0.0000e+00
       1289     51.386     3.3889   2.980011    32.3127    25.7063 0.0000e+00
       1290     51.369     3.3890   2.980016    32.3127    25.7063 0.0000e+00
       1291     51.339     3.3891   2.980018    32.3126    25.7062 0.0000e+00
       1292     51.316     3.3891   2.980023    32.3127    25.7063 0.0000e+00
       1293     51.321     3.3891   2.980031    32.3128    25.7063 0.0000e+00
       1294     51.348     3.3891   2.980035    32.3128    25.7064 0.0000e+00
       1295     51.368     3.3891   2.980028    32.3127    25.7063 0.0000e+00
       1296     51.366     3.3890   2.980016    32.3127    25.7063 0.0000e+00
       1297     51.349     3.3889   2.980016    32.3128    25.7064 0.0000e+00
       1298     51.333     3.3888   2.980025    32.3130    25.7065 0.0000e+00
       1299     51.328     3.3888   2.980028    32.3131    25.7066 0.0000e+00
       1300     51.336     3.3888   2.980022    32.3130    25.7065 0.0000e+00
       1301     51.348     3.3888   2.980016    32.3129    25.7064 0.0000e+00
       1302     51.356     3.3888   2.980021    32.3130    25.7065 0.0000e+00
       1303     51.358     3.3888   2.980041    32.3132    25.7067 0.0000e+00
       1304     51.357     3.3888   2.980060    32.3134    25.7069 0.0000e+00
       1305     51.367     3.3889   2.980060    32.3133    25.7068 0.0000e+00
       1306     51.391     3.3889   2.980045    32.3131    25.7066 0.0000e+00
       1307     51.413     3.3889   2.980036    32.3130    25.7065 0.0000e+00
       1308     51.421     3.3889   2.980047    32.3131    25.7066 0.0000e+00
       1309     51.414     3.3889   2.980065    32.3134    25.7068 0.0000e+00
       1310     51.398     3.3891   2.980066    32.3132    25.7066 0.0000e+00
       1311     51.376     3.3890   2.980045    32.3130    25.7065 0.0000e+00
       1312     51.356     3.3888   2.980026    32.3130    25.7065 0.0000e+00
       1313     51.350     3.3888   2.980020    32.3130    25.7065 0.0000e+00
       1314     51.364     3.3888   2.980030    32.3131    25.7066 0.0000e+00
       1315     51.383     3.3888   2.980056    32.3134    25.7068 0.0000e+00
       1316     51.389     3.3889   2.980069    32.3134    25.7068 0.0000e+00
       1317     51.380     3.3890   2.980066    32.3133    25.7067 0.0000e+00
       1318     51.374     3.3890   2.980056    32.3132    25.7066 0.0000e+00
       1319     51.384     3.3890   2.980047    32.3131    25.7065 0.0000e+00
       1320     51.397     3.3891   2.980044    32.3129    25.7064 0.0000e+00
       1321     51.392     3.3891   2.980052    32.3130    25.7065 0.0000e+00
       1322     51.365     3.3891   2.980065    32.3132    25.7066 0.0000e+00
       1323     51.331     3.3891   2.980071    32.3133    25.7067 0.0000e+00
       1324     51.305     3.3891   2.980071    32.3133    25.7067 0.0000e+00
       1325     51.288     3.3890   2.980075    32.3134    25.7069 0.0000e+00
       1326     51.283     3.3889   2.980079    32.3136    25.7070 0.0000e+00
       1327     51.297     3.3891   2.980093    32.3136    25.7069 0.0000e+00
       1328     51.331     3.3893   2.980123    32.3137    25.7070 0.0000e+00
       1329     51.373     3.3893   2.980130    32.3138    25.7071 0.0000e+00
       1330     51.400     3.3891   2.980114    32.3138    25.7071 0.0000e+00
       1331     51.400     3.3891   2.980105    32.3137    25.7070 0.0000e+00
       1332     51.383     3.3891   2.980107    32.3137    25.7070 0.0000e+00
       1333     51.363     3.3892   2.980113    32.3137    25.7070 0.0000e+00
       1334     51.346     3.3894   2.980125    32.3136    25.7070 0.0000e+00
       1335     51.329     3.3894   2.980141    32.3138    25.7071 0.0000e+00
       1336     51.314     3.3894   2.980151    32.3139    25.7072 0.0000e+00
       1337     51.309     3.3894   2.980156    32.3140    25.7073 0.0000e+00
       1338     51.323     3.3894   2.980155    32.3140    25.7072 0.0000e+00
       1339     51.345     3.3894   2.980151    32.3139    25.7072 0.0000e+00
       1340     51.356     3.3894   2.980149    32.3139    25.7072 0.0000e+00
       1341     51.351     3.3894   2.980150    32.3139    25.7072 0.0000e+00
       1342     51.339     3.3894   2.980151    32.3139    25.7072 0.0000e+00
       1343     51.334     3.3894   2.980146    32.3139    25.7072 0.0000e+00
       1344     51.343     3.3894   2.980142    32.3138    25.7071 0.0000e+00
       1345     51.361     3.3894   2.980147    32.3139    25.7072 0.0000e+00
       1346     51.376     3.3894   2.980153    32.3139    25.7072 0.0000e+00
       1347     51.375     3.3894   2.980151    32.3139    25.7072 0.0000e+00
       1348     51.361     3.3894   2.980143    32.3138    25.7071 0.0000e+00
       1349     51.343     3.3893   2.980135    32.3138    25.7071 0.0000e+00
       1350     51.322     3.3893   2.980131    32.3138    25.7071 0.0000e+00
       1351     51.295     3.3894   2.980134    32.3138    25.7071 0.0000e+00
       1352     51.276     3.3894   2.980143    32.3139    25.7072 0.0000e+00
       1353     51.291     3.3894   2.980149    32.3139    25.7072 0.0000e+00
       1354     51.348     3.3894   2.980151    32.3139    25.7072 0.0000e+00
       1355     51.423     3.3894   2.980151    32.3139    25.7072 0.0000e+00
       1356     51.471     3.3894   2.980150    32.3139    25.7071 0.0000e+00
       1357     51.464     3.3893   2.980149    32.3139    25.7072 0.0000e+00
       1358     51.408     3.3892   2.980147    32.3141    25.7073 0.0000e+00
       1359     51.333     3.3892   2.980142    32.3140    25.7073 0.0000e+00
       1360     51.280     3.3892   2.980133    32.3139    25.7072 0.0000e+00
       1361     51.266     3.3892   2.980129    32.3139    25.7072 0.0000e+00
       1362     51.279     3.3892   2.980130    32.3139    25.7072 0.0000e+00
       1363     51.309     3.3892   2.980134    32.3139    25.7072 0.0000e+00
       1364     51.346     3.3892   2.980138    32.3140    25.7073 0.0000e+00
       1365     51.370     3.3892   2.980144    32.3140    25.7073 0.0000e+00
       1366     51.367     3.3891   2.980144    32.3141    25.7074 0.0000e+00
       1367     51.347     3.3891   2.980140    32.3141    25.7074 0.0000e+00
       1368     51.332     3.3891   2.980135    32.3140    25.7073 0.0000e+00
       1369     51.331     3.3891   2.980136    32.3141    25.7073 0.0000e+00
       1370     51.336     3.3891   2.980133    32.3140    25.7073 0.0000e+00
       1371     51.344     3.3891   2.980129    32.3140    25.7073 0.0000e+00
       1372     51.359     3.3891   2.980130    32.3140    25.7073 0.0000e+00
       1373     51.376     3.3891   2.980143    32.3141    25.7074 0.0000e+00
       1374     51.386     3.3891   2.980166    32.3144    25.7076 0.0000e+00
       1375     51.381     3.3891   2.980175    32.3145    25.7077 0.0000e+00
       1376     51.364     3.3891   2.980168    32.3144    25.7076 0.0000e+00
       1377     51.348     3.3890   2.980154    32.3144    25.7076 0.0000e+00
       1378     51.345     3.3889   2.980137    32.3143    25.7075 0.0000e+00
       1379     51.350     3.3889   2.980133    32.3142    25.7075 0.0000e+00
       1380     51.357     3.3889   2.980149    32.3144    25.7076 0.0000e+00
       1381     51.370     3.3891   2.980184    32.3146    25.7078 0.0000e+00
       1382     51.394     3.3894   2.980207    32.3146    25.7077 0.0000e+00
       1383     51.418     3.3894   2.980202    32.3145    25.7077 0.0000e+00
       1384     51.424     3.3894   2.980203    32.3145    25.7077 0.0000e+00
       1385     51.401     3.3894   2.980213    32.3146    25.7078 0.0000e+00
       1386     51.360     3.3893   2.980205    32.3147    25.7078 0.0000e+00
       1387     51.328     3.3891   2.980182    32.3146    25.7078 0.0000e+00
       1388     51.329     3.3891   2.980170    32.3145    25.7077 0.0000e+00
       1389     51.368     3.3892   2.980181    32.3145    25.7077 0.0000e+00
       1390     51.428     3.3893   2.980188    32.3144    25.7076 0.0000e+00
       1391     51.474     3.3894   2.980188    32.3143    25.7075 0.0000e+00
       1392     51.487     3.3895   2.980197    32.3143    25.7075 0.0000e+00
       1393     51.473     3.3895   2.980209    32.3145    25.7076 0.0000e+00
       1394     51.451     3.3895   2.980205    32.3144    25.7076 0.0000e+00
       1395     51.431     3.3894   2.980196    32.3144    25.7076 0.0000e+00
       1396     51.416     3.3893   2.980204    32.3146    25.7078 0.0000e+00
       1397     51.400     3.3894   2.980213    32.3146    25.7078 0.0000e+00
       1398     51.386     3.3894   2.980214    32.3147    25.7078 0.0000e+00
       1399     51.383     3.3894   2.980209    32.3146    25.7077 0.0000e+00
       1400     51.401     3.3894   2.980201    32.3145    25.7077 0.0000e+00
       1401     51.437     3.3894   2.980196    32.3144    25.7076 0.0000e+00
       1402     51.475     3.3894   2.980195    32.3144    25.7076 0.0000e+00
       1403     51.503     3.3895   2.980204    32.3144    25.7076 0.0000e+00
       1404     51.513     3.3895   2.980224    32.3146    25.7077 0.0000e+00
       1405     51.501     3.3897   2.980238    32.3146    25.7077 0.0000e+00
       1406     51.477     3.3898   2.980236    32.3145    25.7076 0.0000e+00
       1407     51.453     3.3898   2.980230    32.3144    25.7076 0.0000e+00
       1408     51.430     3.3897   2.980230    32.3145    25.7077 0.0000e+00
       1409     51.410     3.3895   2.980230    32.3147    25.7078 0.0000e+00
       1410     51.400     3.3895   2.980226    32.3147    25.7078 0.0000e+00
       1411     51.411     3.3895   2.980221    32.3146    25.7078 0.0000e+00
       1412     51.450     3.3895   2.980219    32.3146    25.7077 0.0000e+00
       1413     51.508     3.3895   2.980221    32.3146    25.7077 0.0000e+00
       1414     51.561     3.3895   2.980223    32.3146    25.7077 0.0000e+00
       1415     51.589     3.3895   2.980214    32.3145    25.7076 0.0000e+00
       1416     51.581     3.3894   2.980201    32.3144    25.7076 0.0000e+00
       1417     51.542     3.3893   2.980194    32.3144    25.7076 0.0000e+00
       1418     51.497     3.3891   2.980194    32.3147    25.7078 0.0000e+00
       1419     51.464     3.3891   2.980191    32.3146    25.7078 0.0000e+00
       1420     51.448     3.3891   2.980187    32.3146    25.7078 0.0000e+00
       1421     51.453     3.3889   2.980188    32.3148    25.7080 0.0000e+00
       1422     51.476     3.3889   2.980197    32.3149    25.7080 0.0000e+00
       1423     51.503     3.3889   2.980197    32.3149    25.7080 0.0000e+00
       1424     51.516     3.3889   2.980188    32.3148    25.7079 0.0000e+00
       1425     51.511     3.3889   2.980184    32.3147    25.7079 0.0000e+00
       1426     51.504     3.3889   2.980184    32.3147    25.7079 0.0000e+00
       1427     51.514     3.3889   2.980190    32.3148    25.7079 0.0000e+00
       1428     51.547     3.3889   2.980199    32.3149    25.7080 0.0000e+00
       1429     51.576     3.3891   2.980212    32.3148    25.7080 0.0000e+00
       1430     51.571     3.3891   2.980223    32.3150    25.7081 0.0000e+00
       1431     51.539     3.3891   2.980226    32.3150    25.7081 0.0000e+00
       1432     51.503     3.3891   2.980223    32.3150    25.7081 0.0000e+00
       1433     51.478     3.3891   2.980217    32.3150    25.7080 0.0000e+00
       1434     51.474     3.3891   2.980216    32.3149    25.7080 0.0000e+00
       1435     51.501     3.3891   2.980223    32.3150    25.7081 0.0000e+00
