Datasets/Test_Dataset_39219_tow/tel219_2021_033.cnv
* Sea-Bird SBE19plus Data File:
* Filename = C:/AQUIRE/tel219_2021_033.hex
* Software Version AquireV2 AF V2.0
* Temperature SN =  4020
* Conductivity SN =  4020
* System UpLoad Time = May 11 2021 05:41:16
** VESSEL/TRIP/SEQ STN: tel219_2021_033
** LATITUDE: 45 53.11 N
** LONGITUDE: 56 36.87 W
** DATE/TIME: 2021-05-11 05:07
** SOUNDING DEPTH (M): 0055
** PROBE TYPE: S4020
** CTD NUMBER:  33
** FORMAT: T
** COMMENTS: 
# nquan = 7                                 
# nvalues = 2092                        
# units = specified
# name 0 = scan: Scan Count
# name 1 = prdM: Pressure, Strain Gauge [db]
# name 2 = tv290C: Temperature [ITS-90, deg C]
# name 3 = c0S/m: Conductivity [S/m]
# name 4 = sal00: Salinity, Practical [PSU]
# name 5 = sigma-t00: Density [sigma-t, kg/m^3 ]
# name 6 = flag: flag
# span 0 =          1,       2092       
# span 1 =     -0.170,     51.977       
# span 2 =     3.2832,     3.5617       
# span 3 =   0.002764,   2.980302       
# span 4 =     0.0206,    32.3163       
# span 5 =    -0.0104,    25.7094       
# span 6 = 0.0000e+00, 0.0000e+00       
# interval = seconds: 1
# start_time = May 11 2021 05:07:10 [Instrument's time stamp, header]
# bad_flag = -9.990e-29
*END*
[from data line 411]
        412     -0.123     3.5134   0.002941     0.0219    -0.0090 0.0000e+00
        413     -0.123     3.5136   0.002935     0.0219    -0.0091 0.0000e+00
        414     -0.127     3.5134   0.002929     0.0219    -0.0091 0.0000e+00
        415     -0.130     3.5105   0.002914     0.0217    -0.0092 0.0000e+00
        416     -0.129     3.5050   0.002891     0.0216    -0.0094 0.0000e+00
        417     -0.129     3.4995   0.002869     0.0214    -0.0096 0.0000e+00
        418     -0.134     3.4952   0.002855     0.0213    -0.0097 0.0000e+00
        419     -0.136     3.4909   0.002844     0.0212    -0.0098 0.0000e+00
        420     -0.132     3.4869   0.002836     0.0211    -0.0099 0.0000e+00
        421     -0.128     3.4853   0.002837     0.0212    -0.0099 0.0000e+00
        422     -0.125     3.4873   0.002851     0.0213    -0.0098 0.0000e+00
        423     -0.125     3.4911   0.002868     0.0214    -0.0096 0.0000e+00
        424     -0.125     3.4948   0.002884     0.0215    -0.0095 0.0000e+00
        425     -0.125     3.4978   0.002896     0.0216    -0.0094 0.0000e+00
        426     -0.128     3.4998   0.002906     0.0217    -0.0093 0.0000e+00
        427     -0.130     3.5014   0.002913     0.0217    -0.0093 0.0000e+00
        428     -0.129     3.5039   0.003021     0.0226    -0.0086 0.0000e+00
        429     -0.127     3.5081   0.004157     0.0313    -0.0014 0.0000e+00
        430     -0.126     3.5122   0.008628     0.0667     0.0272 0.0000e+00
        431     -0.128     3.5152   0.019340     0.1539     0.0977 0.0000e+00
        432     -0.129     3.5176   0.031028     0.2514     0.1764 0.0000e+00
        433     -0.122     3.5196   0.034032     0.2767     0.1969 0.0000e+00
        434     -0.103     3.5211   0.052085     0.4307     0.3212 0.0000e+00
        435     -0.052     3.5195   0.332290     3.0192     2.3980 0.0000e+00
        436      0.070     3.5121   1.306362    13.0966    10.4225 0.0000e+00
        437      0.224     3.5030   2.494139    26.4910    21.0637 0.0000e+00
        438      0.314     3.4977   2.969823    32.1095    25.5346 0.0000e+00
        439      0.351     3.4954   2.970664    32.1218    25.5446 0.0000e+00
        440      0.398     3.4935   2.969921    32.1148    25.5391 0.0000e+00
        441      0.442     3.4933   2.969591    32.1110    25.5362 0.0000e+00
        442      0.448     3.4946   2.969774    32.1119    25.5368 0.0000e+00
        443      0.424     3.4954   2.969879    32.1124    25.5371 0.0000e+00
        444      0.405     3.4947   2.969647    32.1103    25.5355 0.0000e+00
        445      0.408     3.4930   2.969377    32.1088    25.5344 0.0000e+00
        446      0.446     3.4912   2.969303    32.1096    25.5353 0.0000e+00
        447      0.501     3.4903   2.969600    32.1140    25.5389 0.0000e+00
        448      0.524     3.4907   2.970023    32.1187    25.5425 0.0000e+00
        449      0.484     3.4908   2.969729    32.1151    25.5397 0.0000e+00
        450      0.376     3.4895   2.968760    32.1049    25.5316 0.0000e+00
        451      0.239     3.4886   2.968157    32.0986    25.5267 0.0000e+00
        452      0.153     3.4893   2.968119    32.0975    25.5258 0.0000e+00
        453      0.131     3.4902   2.968167    32.0972    25.5255 0.0000e+00
        454      0.138     3.4907   2.968241    32.0976    25.5257 0.0000e+00
        455      0.167     3.4916   2.968288    32.0973    25.5254 0.0000e+00
        456      0.220     3.4931   2.968239    32.0952    25.5236 0.0000e+00
        457      0.285     3.4939   2.968267    32.0947    25.5231 0.0000e+00
        458      0.343     3.4933   2.968346    32.0962    25.5244 0.0000e+00
        459      0.403     3.4927   2.968343    32.0967    25.5248 0.0000e+00
        460      0.483     3.4932   2.968366    32.0964    25.5246 0.0000e+00
        461      0.565     3.4939   2.968464    32.0969    25.5249 0.0000e+00
        462      0.639     3.4935   2.968581    32.0986    25.5263 0.0000e+00
        463      0.683     3.4923   2.968550    32.0994    25.5270 0.0000e+00
        464      0.618     3.4903   2.968176    32.0970    25.5253 0.0000e+00
        465      0.458     3.4889   2.967809    32.0941    25.5231 0.0000e+00
        466      0.362     3.4892   2.967724    32.0928    25.5220 0.0000e+00
        467      0.412     3.4900   2.967671    32.0913    25.5208 0.0000e+00
        468      0.549     3.4901   2.967638    32.0908    25.5204 0.0000e+00
        469      0.686     3.4899   2.967699    32.0916    25.5211 0.0000e+00
        470      0.762     3.4894   2.967699    32.0921    25.5215 0.0000e+00
        471      0.762     3.4888   2.967653    32.0921    25.5215 0.0000e+00
        472      0.725     3.4888   2.967685    32.0925    25.5219 0.0000e+00
        473      0.679     3.4892   2.967708    32.0924    25.5218 0.0000e+00
        474      0.589     3.4893   2.967597    32.0911    25.5206 0.0000e+00
        475      0.469     3.4892   2.967482    32.0898    25.5197 0.0000e+00
        476      0.433     3.4896   2.967473    32.0894    25.5193 0.0000e+00
        477      0.521     3.4898   2.967508    32.0895    25.5194 0.0000e+00
        478      0.661     3.4894   2.967558    32.0905    25.5202 0.0000e+00
        479      0.809     3.4889   2.967599    32.0914    25.5209 0.0000e+00
        480      0.979     3.4890   2.967615    32.0914    25.5209 0.0000e+00
        481      1.200     3.4895   2.967597    32.0905    25.5202 0.0000e+00
        482      1.462     3.4893   2.967509    32.0895    25.5194 0.0000e+00
        483      1.711     3.4877   2.967357    32.0892    25.5193 0.0000e+00
        484      1.931     3.4859   2.967232    32.0894    25.5196 0.0000e+00
        485      2.134     3.4850   2.967201    32.0898    25.5200 0.0000e+00
        486      2.310     3.4847   2.967223    32.0902    25.5204 0.0000e+00
        487      2.459     3.4847   2.967249    32.0905    25.5206 0.0000e+00
        488      2.598     3.4848   2.967277    32.0906    25.5207 0.0000e+00
        489      2.718     3.4849   2.967264    32.0903    25.5205 0.0000e+00
        490      2.779     3.4852   2.967247    32.0898    25.5200 0.0000e+00
        491      2.767     3.4858   2.967288    32.0897    25.5199 0.0000e+00
        492      2.715     3.4863   2.967346    32.0899    25.5200 0.0000e+00
        493      2.667     3.4867   2.967389    32.0901    25.5201 0.0000e+00
        494      2.657     3.4870   2.967403    32.0899    25.5200 0.0000e+00
        495      2.681     3.4870   2.967378    32.0896    25.5197 0.0000e+00
        496      2.675     3.4862   2.967279    32.0892    25.5195 0.0000e+00
        497      2.595     3.4848   2.967111    32.0887    25.5191 0.0000e+00
        498      2.493     3.4838   2.967034    32.0888    25.5193 0.0000e+00
        499      2.478     3.4839   2.967066    32.0891    25.5196 0.0000e+00
        500      2.601     3.4842   2.967071    32.0888    25.5193 0.0000e+00
        501      2.797     3.4839   2.967054    32.0888    25.5193 0.0000e+00
        502      2.967     3.4833   2.967028    32.0890    25.5195 0.0000e+00
        503      3.078     3.4828   2.966988    32.0889    25.5195 0.0000e+00
        504      3.161     3.4825   2.966957    32.0888    25.5195 0.0000e+00
        505      3.264     3.4825   2.966931    32.0884    25.5192 0.0000e+00
        506      3.410     3.4825   2.966917    32.0882    25.5190 0.0000e+00
        507      3.572     3.4827   2.966935    32.0881    25.5189 0.0000e+00
        508      3.700     3.4828   2.966972    32.0884    25.5191 0.0000e+00
        509      3.748     3.4829   2.966991    32.0885    25.5192 0.0000e+00
        510      3.699     3.4832   2.966995    32.0883    25.5190 0.0000e+00
        511      3.584     3.4834   2.967006    32.0883    25.5190 0.0000e+00
        512      3.473     3.4838   2.967021    32.0881    25.5188 0.0000e+00
        513      3.432     3.4840   2.967031    32.0881    25.5187 0.0000e+00
        514      3.451     3.4842   2.967044    32.0880    25.5187 0.0000e+00
        515      3.463     3.4842   2.967047    32.0880    25.5187 0.0000e+00
        516      3.445     3.4840   2.967033    32.0881    25.5188 0.0000e+00
        517      3.450     3.4840   2.967017    32.0879    25.5186 0.0000e+00
        518      3.521     3.4838   2.967001    32.0878    25.5186 0.0000e+00
        519      3.624     3.4834   2.966990    32.0881    25.5188 0.0000e+00
        520      3.693     3.4833   2.966989    32.0881    25.5188 0.0000e+00
        521      3.703     3.4831   2.966971    32.0881    25.5188 0.0000e+00
        522      3.684     3.4827   2.966942    32.0881    25.5189 0.0000e+00
        523      3.690     3.4823   2.966946    32.0886    25.5193 0.0000e+00
        524      3.730     3.4822   2.966966    32.0889    25.5196 0.0000e+00
        525      3.716     3.4823   2.966957    32.0887    25.5194 0.0000e+00
        526      3.574     3.4819   2.966907    32.0886    25.5193 0.0000e+00
        527      3.346     3.4809   2.966817    32.0886    25.5195 0.0000e+00
        528      3.134     3.4798   2.966750    32.0890    25.5199 0.0000e+00
        529      2.995     3.4792   2.966743    32.0896    25.5204 0.0000e+00
        530      2.931     3.4787   2.966734    32.0900    25.5208 0.0000e+00
        531      2.895     3.4778   2.966650    32.0899    25.5208 0.0000e+00
        532      2.833     3.4767   2.966559    32.0899    25.5209 0.0000e+00
        533      2.703     3.4766   2.966564    32.0902    25.5211 0.0000e+00
        534      2.508     3.4770   2.966599    32.0903    25.5212 0.0000e+00
        535      2.316     3.4774   2.966618    32.0902    25.5211 0.0000e+00
        536      2.221     3.4778   2.966647    32.0902    25.5210 0.0000e+00
        537      2.250     3.4781   2.966662    32.0901    25.5209 0.0000e+00
        538      2.353     3.4783   2.966682    32.0901    25.5209 0.0000e+00
        539      2.440     3.4790   2.966755    32.0902    25.5209 0.0000e+00
        540      2.395     3.4798   2.966821    32.0902    25.5209 0.0000e+00
        541      2.198     3.4803   2.966849    32.0902    25.5208 0.0000e+00
        542      1.970     3.4805   2.966843    32.0900    25.5206 0.0000e+00
        543      1.816     3.4803   2.966819    32.0900    25.5206 0.0000e+00
        544      1.736     3.4802   2.966802    32.0900    25.5206 0.0000e+00
        545      1.685     3.4802   2.966794    32.0899    25.5205 0.0000e+00
        546      1.674     3.4802   2.966786    32.0898    25.5205 0.0000e+00
        547      1.735     3.4801   2.966774    32.0897    25.5204 0.0000e+00
        548      1.821     3.4800   2.966769    32.0897    25.5204 0.0000e+00
        549      1.851     3.4800   2.966775    32.0898    25.5205 0.0000e+00
        550      1.801     3.4800   2.966778    32.0898    25.5205 0.0000e+00
        551      1.685     3.4799   2.966756    32.0897    25.5204 0.0000e+00
        552      1.526     3.4796   2.966720    32.0897    25.5204 0.0000e+00
        553      1.389     3.4795   2.966701    32.0896    25.5204 0.0000e+00
        554      1.346     3.4795   2.966698    32.0896    25.5204 0.0000e+00
        555      1.379     3.4798   2.966708    32.0894    25.5202 0.0000e+00
        556      1.386     3.4801   2.966736    32.0895    25.5202 0.0000e+00
        557      1.293     3.4801   2.966737    32.0895    25.5203 0.0000e+00
        558      1.119     3.4795   2.966668    32.0894    25.5202 0.0000e+00
        559      0.932     3.4786   2.966568    32.0892    25.5201 0.0000e+00
        560      0.810     3.4776   2.966481    32.0892    25.5202 0.0000e+00
        561      0.797     3.4770   2.966444    32.0893    25.5204 0.0000e+00
        562      0.877     3.4768   2.966455    32.0896    25.5206 0.0000e+00
        563      0.989     3.4771   2.966472    32.0895    25.5205 0.0000e+00
        564      1.073     3.4774   2.966479    32.0892    25.5203 0.0000e+00
        565      1.140     3.4774   2.966472    32.0891    25.5202 0.0000e+00
        566      1.256     3.4772   2.966467    32.0892    25.5202 0.0000e+00
        567      1.430     3.4770   2.966466    32.0893    25.5203 0.0000e+00
        568      1.600     3.4768   2.966476    32.0895    25.5205 0.0000e+00
        569      1.711     3.4772   2.966522    32.0896    25.5206 0.0000e+00
        570      1.750     3.4778   2.966593    32.0898    25.5207 0.0000e+00
        571      1.767     3.4781   2.966630    32.0900    25.5208 0.0000e+00
        572      1.850     3.4780   2.966628    32.0900    25.5208 0.0000e+00
        573      2.048     3.4781   2.966653    32.0901    25.5209 0.0000e+00
        574      2.297     3.4786   2.966706    32.0901    25.5209 0.0000e+00
        575      2.454     3.4789   2.966746    32.0902    25.5209 0.0000e+00
        576      2.473     3.4790   2.966753    32.0902    25.5209 0.0000e+00
        577      2.432     3.4790   2.966744    32.0901    25.5208 0.0000e+00
        578      2.439     3.4790   2.966733    32.0900    25.5207 0.0000e+00
        579      2.545     3.4788   2.966715    32.0899    25.5207 0.0000e+00
        580      2.673     3.4787   2.966710    32.0899    25.5207 0.0000e+00
        581      2.711     3.4784   2.966700    32.0900    25.5208 0.0000e+00
        582      2.682     3.4772   2.966628    32.0904    25.5212 0.0000e+00
        583      2.674     3.4756   2.966497    32.0904    25.5213 0.0000e+00
        584      2.753     3.4751   2.966444    32.0902    25.5213 0.0000e+00
        585      2.944     3.4759   2.966546    32.0905    25.5214 0.0000e+00
        586      3.151     3.4768   2.966622    32.0904    25.5213 0.0000e+00
        587      3.269     3.4765   2.966572    32.0901    25.5210 0.0000e+00
        588      3.332     3.4758   2.966527    32.0902    25.5212 0.0000e+00
        589      3.411     3.4762   2.966586    32.0905    25.5214 0.0000e+00
        590      3.466     3.4768   2.966652    32.0906    25.5214 0.0000e+00
        591      3.456     3.4768   2.966637    32.0905    25.5213 0.0000e+00
        592      3.400     3.4764   2.966593    32.0904    25.5213 0.0000e+00
        593      3.326     3.4756   2.966543    32.0906    25.5215 0.0000e+00
        594      3.299     3.4751   2.966501    32.0906    25.5216 0.0000e+00
        595      3.383     3.4754   2.966532    32.0906    25.5216 0.0000e+00
        596      3.510     3.4764   2.966607    32.0905    25.5213 0.0000e+00
        597      3.502     3.4768   2.966641    32.0905    25.5213 0.0000e+00
        598      3.288     3.4768   2.966637    32.0905    25.5214 0.0000e+00
        599      2.969     3.4768   2.966616    32.0905    25.5213 0.0000e+00
        600      2.688     3.4766   2.966581    32.0904    25.5213 0.0000e+00
        601      2.550     3.4765   2.966573    32.0905    25.5213 0.0000e+00
        602      2.565     3.4767   2.966595    32.0905    25.5214 0.0000e+00
        603      2.662     3.4768   2.966613    32.0906    25.5214 0.0000e+00
        604      2.792     3.4768   2.966621    32.0906    25.5214 0.0000e+00
        605      2.949     3.4767   2.966611    32.0905    25.5214 0.0000e+00
        606      3.131     3.4766   2.966604    32.0904    25.5213 0.0000e+00
        607      3.317     3.4768   2.966631    32.0905    25.5213 0.0000e+00
        608      3.532     3.4771   2.966645    32.0902    25.5211 0.0000e+00
        609      3.829     3.4769   2.966621    32.0900    25.5209 0.0000e+00
        610      4.213     3.4764   2.966609    32.0901    25.5211 0.0000e+00
        611      4.635     3.4762   2.966612    32.0901    25.5211 0.0000e+00
        612      4.987     3.4763   2.966621    32.0900    25.5210 0.0000e+00
        613      5.163     3.4762   2.966621    32.0900    25.5210 0.0000e+00
        614      5.210     3.4756   2.966574    32.0900    25.5210 0.0000e+00
        615      5.258     3.4753   2.966527    32.0897    25.5208 0.0000e+00
