Datasets/Test_Dataset_39219_tow/tel219_2021_014.cnv
* Sea-Bird SBE19plus Data File:
* Filename = C:/AQUIRE/tel219_2021_014.hex
* Software Version AquireV2 AF V2.0
* Temperature SN =  4020
* Conductivity SN =  4020
* System UpLoad Time = May 07 2021 09:10:48
** VESSEL/TRIP/SEQ STN: tel219_2021_014
** LATITUDE: 46 16.39 N
** LONGITUDE: 56 35.40 W
** DATE/TIME: 2021-05-07 08:26
** SOUNDING DEPTH (M): 0055
** PROBE TYPE: S4020
** CTD NUMBER:  14
** FORMAT: T
** COMMENTS: 
# nquan = 7                                 
# nvalues = 2708                        
# units = specified
# name 0 = scan: Scan Count
# name 1 = prdM: Pressure, Strain Gauge [db]
# name 2 = tv290C: Temperature [ITS-90, deg C]
# name 3 = c0S/m: Conductivity [S/m]
# name 4 = sal00: Salinity, Practical [PSU]
# name 5 = sigma-t00: Density [sigma-t, kg/m^3 ]
# name 6 = flag: flag
# span 0 =          1,       2708       
# span 1 =     -0.234,     51.018       
# span 2 =     2.2531,     3.8942       
# span 3 =   0.003228,   2.940870       
# span 4 =     0.0241,    32.0712       
# span 5 =    -0.0058,    25.6051       
# span 6 = 0.0000e+00, 0.0000e+00       
# interval = seconds: 1
# start_time = May 07 2021 08:26:44 [Instrument's time stamp, header]
# bad_flag = -9.990e-29
*END*
          1     -0.209     3.8006   0.003236     0.0242    -0.0058 0.0000e+00
          2     -0.213     3.8007   0.003235     0.0241    -0.0058 0.0000e+00
          3     -0.214     3.8007   0.003234     0.0241    -0.0058 0.0000e+00
          4     -0.212     3.8007   0.003233     0.0241    -0.0058 0.0000e+00
          5     -0.211     3.8007   0.003234     0.0241    -0.0058 0.0000e+00
          6     -0.212     3.8007   0.003237     0.0242    -0.0058 0.0000e+00
          7     -0.210     3.8008   0.003238     0.0242    -0.0057 0.0000e+00
          8     -0.204     3.8009   0.003236     0.0242    -0.0058 0.0000e+00
          9     -0.201     3.8010   0.003234     0.0241    -0.0058 0.0000e+00
         10     -0.202     3.8010   0.003235     0.0241    -0.0058 0.0000e+00
         11     -0.203     3.8010   0.003238     0.0242    -0.0057 0.0000e+00
         12     -0.205     3.8010   0.003241     0.0242    -0.0057 0.0000e+00
         13     -0.207     3.8010   0.003241     0.0242    -0.0057 0.0000e+00
         14     -0.209     3.8010   0.003237     0.0242    -0.0058 0.0000e+00
         15     -0.211     3.8011   0.003235     0.0241    -0.0058 0.0000e+00
         16     -0.209     3.8012   0.003237     0.0242    -0.0057 0.0000e+00
         17     -0.206     3.8014   0.003238     0.0242    -0.0057 0.0000e+00
         18     -0.204     3.8014   0.003236     0.0241    -0.0058 0.0000e+00
         19     -0.203     3.8014   0.003236     0.0241    -0.0058 0.0000e+00
         20     -0.203     3.8014   0.003233     0.0241    -0.0058 0.0000e+00
         21     -0.203     3.8014   0.003232     0.0241    -0.0058 0.0000e+00
         22     -0.205     3.8014   0.003235     0.0241    -0.0058 0.0000e+00
         23     -0.206     3.8015   0.003237     0.0242    -0.0057 0.0000e+00
         24     -0.203     3.8018   0.003240     0.0242    -0.0057 0.0000e+00
         25     -0.201     3.8018   0.003239     0.0242    -0.0057 0.0000e+00
         26     -0.200     3.8017   0.003236     0.0241    -0.0058 0.0000e+00
         27     -0.199     3.8018   0.003235     0.0241    -0.0058 0.0000e+00
         28     -0.200     3.8019   0.003234     0.0241    -0.0058 0.0000e+00
         29     -0.201     3.8019   0.003233     0.0241    -0.0058 0.0000e+00
         30     -0.202     3.8019   0.003235     0.0241    -0.0058 0.0000e+00
         31     -0.205     3.8021   0.003236     0.0241    -0.0058 0.0000e+00
         32     -0.208     3.8022   0.003235     0.0241    -0.0058 0.0000e+00
         33     -0.207     3.8024   0.003236     0.0241    -0.0058 0.0000e+00
         34     -0.205     3.8025   0.003237     0.0242    -0.0057 0.0000e+00
         35     -0.205     3.8026   0.003237     0.0242    -0.0057 0.0000e+00
         36     -0.205     3.8026   0.003236     0.0241    -0.0058 0.0000e+00
         37     -0.204     3.8026   0.003234     0.0241    -0.0058 0.0000e+00
         38     -0.202     3.8026   0.003231     0.0241    -0.0058 0.0000e+00
         39     -0.201     3.8026   0.003232     0.0241    -0.0058 0.0000e+00
         40     -0.203     3.8026   0.003235     0.0241    -0.0058 0.0000e+00
         41     -0.207     3.8028   0.003238     0.0242    -0.0057 0.0000e+00
         42     -0.209     3.8028   0.003238     0.0242    -0.0057 0.0000e+00
         43     -0.207     3.8028   0.003236     0.0241    -0.0058 0.0000e+00
         44     -0.205     3.8029   0.003234     0.0241    -0.0058 0.0000e+00
         45     -0.206     3.8032   0.003234     0.0241    -0.0058 0.0000e+00
         46     -0.207     3.8035   0.003239     0.0242    -0.0057 0.0000e+00
         47     -0.207     3.8036   0.003244     0.0242    -0.0057 0.0000e+00
         48     -0.205     3.8037   0.003242     0.0242    -0.0057 0.0000e+00
         49     -0.203     3.8037   0.003238     0.0242    -0.0057 0.0000e+00
         50     -0.201     3.8037   0.003236     0.0241    -0.0057 0.0000e+00
         51     -0.198     3.8037   0.003238     0.0242    -0.0057 0.0000e+00
         52     -0.196     3.8038   0.003242     0.0242    -0.0057 0.0000e+00
         53     -0.198     3.8038   0.003245     0.0242    -0.0057 0.0000e+00
         54     -0.201     3.8038   0.003244     0.0242    -0.0057 0.0000e+00
         55     -0.201     3.8039   0.003240     0.0242    -0.0057 0.0000e+00
         56     -0.200     3.8041   0.003236     0.0241    -0.0057 0.0000e+00
         57     -0.203     3.8041   0.003236     0.0241    -0.0057 0.0000e+00
         58     -0.207     3.8041   0.003238     0.0242    -0.0057 0.0000e+00
         59     -0.209     3.8043   0.003239     0.0242    -0.0057 0.0000e+00
         60     -0.210     3.8045   0.003239     0.0242    -0.0057 0.0000e+00
         61     -0.209     3.8045   0.003235     0.0241    -0.0058 0.0000e+00
         62     -0.208     3.8045   0.003233     0.0241    -0.0058 0.0000e+00
         63     -0.208     3.8046   0.003234     0.0241    -0.0058 0.0000e+00
         64     -0.207     3.8048   0.003237     0.0242    -0.0057 0.0000e+00
         65     -0.205     3.8050   0.003238     0.0242    -0.0057 0.0000e+00
         66     -0.207     3.8052   0.003238     0.0242    -0.0057 0.0000e+00
         67     -0.209     3.8052   0.003237     0.0242    -0.0057 0.0000e+00
         68     -0.209     3.8052   0.003235     0.0241    -0.0058 0.0000e+00
         69     -0.208     3.8053   0.003235     0.0241    -0.0058 0.0000e+00
         70     -0.205     3.8053   0.003236     0.0241    -0.0057 0.0000e+00
         71     -0.202     3.8053   0.003237     0.0242    -0.0057 0.0000e+00
         72     -0.201     3.8055   0.003237     0.0242    -0.0057 0.0000e+00
         73     -0.202     3.8055   0.003236     0.0241    -0.0057 0.0000e+00
         74     -0.204     3.8056   0.003234     0.0241    -0.0058 0.0000e+00
         75     -0.206     3.8057   0.003231     0.0241    -0.0058 0.0000e+00
         76     -0.206     3.8057   0.003229     0.0241    -0.0058 0.0000e+00
         77     -0.204     3.8057   0.003228     0.0241    -0.0058 0.0000e+00
         78     -0.203     3.8059   0.003232     0.0241    -0.0058 0.0000e+00
         79     -0.202     3.8060   0.003237     0.0242    -0.0057 0.0000e+00
         80     -0.201     3.8060   0.003238     0.0242    -0.0057 0.0000e+00
         81     -0.200     3.8060   0.003235     0.0241    -0.0057 0.0000e+00
         82     -0.198     3.8062   0.003230     0.0241    -0.0058 0.0000e+00
         83     -0.196     3.8066   0.003232     0.0241    -0.0058 0.0000e+00
         84     -0.196     3.8067   0.003239     0.0242    -0.0057 0.0000e+00
         85     -0.198     3.8066   0.003245     0.0242    -0.0057 0.0000e+00
         86     -0.199     3.8065   0.003248     0.0242    -0.0057 0.0000e+00
         87     -0.200     3.8067   0.003247     0.0242    -0.0057 0.0000e+00
         88     -0.202     3.8069   0.003242     0.0242    -0.0057 0.0000e+00
         89     -0.204     3.8071   0.003239     0.0242    -0.0057 0.0000e+00
         90     -0.204     3.8072   0.003239     0.0242    -0.0057 0.0000e+00
         91     -0.205     3.8072   0.003242     0.0242    -0.0057 0.0000e+00
         92     -0.205     3.8072   0.003243     0.0242    -0.0057 0.0000e+00
         93     -0.203     3.8074   0.003245     0.0242    -0.0057 0.0000e+00
         94     -0.204     3.8076   0.003242     0.0242    -0.0057 0.0000e+00
         95     -0.209     3.8076   0.003236     0.0241    -0.0057 0.0000e+00
         96     -0.214     3.8076   0.003231     0.0241    -0.0058 0.0000e+00
         97     -0.214     3.8078   0.003232     0.0241    -0.0058 0.0000e+00
         98     -0.213     3.8079   0.003235     0.0241    -0.0057 0.0000e+00
         99     -0.213     3.8078   0.003237     0.0242    -0.0057 0.0000e+00
        100     -0.210     3.8079   0.003238     0.0242    -0.0057 0.0000e+00
        101     -0.207     3.8082   0.003238     0.0242    -0.0057 0.0000e+00
        102     -0.206     3.8083   0.003233     0.0241    -0.0058 0.0000e+00
        103     -0.207     3.8084   0.003231     0.0241    -0.0058 0.0000e+00
        104     -0.208     3.8086   0.003232     0.0241    -0.0058 0.0000e+00
        105     -0.207     3.8087   0.003236     0.0241    -0.0057 0.0000e+00
        106     -0.206     3.8087   0.003242     0.0242    -0.0057 0.0000e+00
        107     -0.204     3.8089   0.003243     0.0242    -0.0057 0.0000e+00
        108     -0.203     3.8089   0.003240     0.0242    -0.0057 0.0000e+00
        109     -0.205     3.8090   0.003234     0.0241    -0.0057 0.0000e+00
        110     -0.206     3.8090   0.003230     0.0241    -0.0058 0.0000e+00
        111     -0.206     3.8091   0.003232     0.0241    -0.0058 0.0000e+00
        112     -0.205     3.8092   0.003238     0.0242    -0.0057 0.0000e+00
        113     -0.205     3.8094   0.003243     0.0242    -0.0057 0.0000e+00
        114     -0.205     3.8095   0.003241     0.0242    -0.0057 0.0000e+00
        115     -0.203     3.8096   0.003236     0.0241    -0.0057 0.0000e+00
        116     -0.200     3.8098   0.003235     0.0241    -0.0057 0.0000e+00
        117     -0.201     3.8098   0.003239     0.0242    -0.0057 0.0000e+00
        118     -0.201     3.8099   0.003243     0.0242    -0.0057 0.0000e+00
        119     -0.200     3.8099   0.003243     0.0242    -0.0057 0.0000e+00
        120     -0.199     3.8099   0.003238     0.0242    -0.0057 0.0000e+00
        121     -0.199     3.8101   0.003238     0.0242    -0.0057 0.0000e+00
        122     -0.201     3.8103   0.003239     0.0242    -0.0057 0.0000e+00
        123     -0.203     3.8105   0.003243     0.0242    -0.0057 0.0000e+00
        124     -0.205     3.8107   0.003245     0.0242    -0.0057 0.0000e+00
        125     -0.207     3.8109   0.003239     0.0242    -0.0057 0.0000e+00
        126     -0.209     3.8110   0.003233     0.0241    -0.0057 0.0000e+00
        127     -0.209     3.8110   0.003232     0.0241    -0.0058 0.0000e+00
        128     -0.207     3.8112   0.003233     0.0241    -0.0057 0.0000e+00
        129     -0.206     3.8113   0.003233     0.0241    -0.0057 0.0000e+00
        130     -0.206     3.8113   0.003232     0.0241    -0.0058 0.0000e+00
        131     -0.207     3.8114   0.003232     0.0241    -0.0058 0.0000e+00
        132     -0.206     3.8115   0.003232     0.0241    -0.0058 0.0000e+00
        133     -0.203     3.8117   0.003230     0.0241    -0.0058 0.0000e+00
        134     -0.203     3.8119   0.003229     0.0241    -0.0058 0.0000e+00
        135     -0.207     3.8122   0.003228     0.0241    -0.0058 0.0000e+00
        136     -0.209     3.8122   0.003231     0.0241    -0.0058 0.0000e+00
        137     -0.209     3.8122   0.003236     0.0241    -0.0057 0.0000e+00
        138     -0.209     3.8124   0.003241     0.0242    -0.0057 0.0000e+00
        139     -0.209     3.8127   0.003240     0.0242    -0.0057 0.0000e+00
        140     -0.207     3.8129   0.003236     0.0241    -0.0057 0.0000e+00
        141     -0.205     3.8130   0.003234     0.0241    -0.0057 0.0000e+00
        142     -0.205     3.8131   0.003235     0.0241    -0.0057 0.0000e+00
        143     -0.207     3.8132   0.003236     0.0241    -0.0057 0.0000e+00
        144     -0.208     3.8133   0.003238     0.0242    -0.0057 0.0000e+00
        145     -0.207     3.8136   0.003238     0.0242    -0.0057 0.0000e+00
        146     -0.207     3.8138   0.003235     0.0241    -0.0057 0.0000e+00
        147     -0.210     3.8140   0.003234     0.0241    -0.0057 0.0000e+00
        148     -0.213     3.8141   0.003235     0.0241    -0.0057 0.0000e+00
        149     -0.211     3.8142   0.003239     0.0242    -0.0057 0.0000e+00
        150     -0.205     3.8144   0.003242     0.0242    -0.0057 0.0000e+00
        151     -0.200     3.8144   0.003244     0.0242    -0.0057 0.0000e+00
        152     -0.200     3.8145   0.003244     0.0242    -0.0057 0.0000e+00
        153     -0.205     3.8148   0.003241     0.0242    -0.0057 0.0000e+00
        154     -0.208     3.8150   0.003240     0.0242    -0.0057 0.0000e+00
        155     -0.208     3.8152   0.003241     0.0242    -0.0057 0.0000e+00
        156     -0.209     3.8153   0.003242     0.0242    -0.0057 0.0000e+00
        157     -0.208     3.8156   0.003243     0.0242    -0.0057 0.0000e+00
        158     -0.204     3.8159   0.003241     0.0242    -0.0057 0.0000e+00
        159     -0.201     3.8160   0.003240     0.0242    -0.0057 0.0000e+00
        160     -0.203     3.8160   0.003239     0.0242    -0.0057 0.0000e+00
        161     -0.206     3.8161   0.003237     0.0242    -0.0057 0.0000e+00
        162     -0.207     3.8164   0.003239     0.0242    -0.0057 0.0000e+00
        163     -0.207     3.8166   0.003241     0.0242    -0.0057 0.0000e+00
        164     -0.206     3.8169   0.003241     0.0242    -0.0057 0.0000e+00
        165     -0.204     3.8171   0.003243     0.0242    -0.0057 0.0000e+00
        166     -0.203     3.8173   0.003242     0.0242    -0.0057 0.0000e+00
        167     -0.201     3.8175   0.003241     0.0242    -0.0057 0.0000e+00
        168     -0.199     3.8176   0.003241     0.0242    -0.0057 0.0000e+00
        169     -0.198     3.8178   0.003242     0.0242    -0.0057 0.0000e+00
        170     -0.198     3.8179   0.003246     0.0242    -0.0057 0.0000e+00
        171     -0.198     3.8179   0.003246     0.0242    -0.0057 0.0000e+00
        172     -0.198     3.8180   0.003244     0.0242    -0.0057 0.0000e+00
        173     -0.199     3.8183   0.003246     0.0242    -0.0057 0.0000e+00
        174     -0.201     3.8186   0.003250     0.0243    -0.0056 0.0000e+00
        175     -0.202     3.8186   0.003253     0.0243    -0.0056 0.0000e+00
        176     -0.202     3.8186   0.003253     0.0243    -0.0056 0.0000e+00
        177     -0.201     3.8188   0.003253     0.0243    -0.0056 0.0000e+00
        178     -0.198     3.8192   0.003250     0.0243    -0.0056 0.0000e+00
        179     -0.195     3.8196   0.003248     0.0242    -0.0056 0.0000e+00
        180     -0.194     3.8197   0.003251     0.0243    -0.0056 0.0000e+00
        181     -0.196     3.8198   0.003255     0.0243    -0.0056 0.0000e+00
        182     -0.202     3.8200   0.003260     0.0243    -0.0056 0.0000e+00
        183     -0.208     3.8203   0.003262     0.0243    -0.0055 0.0000e+00
        184     -0.210     3.8206   0.003258     0.0243    -0.0056 0.0000e+00
        185     -0.206     3.8208   0.003255     0.0243    -0.0056 0.0000e+00
        186     -0.201     3.8209   0.003255     0.0243    -0.0056 0.0000e+00
        187     -0.198     3.8212   0.003260     0.0243    -0.0056 0.0000e+00
        188     -0.197     3.8213   0.003268     0.0244    -0.0055 0.0000e+00
        189     -0.196     3.8214   0.003272     0.0244    -0.0055 0.0000e+00
        190     -0.196     3.8216   0.003272     0.0244    -0.0055 0.0000e+00
        191     -0.197     3.8217   0.003267     0.0244    -0.0055 0.0000e+00
        192     -0.198     3.8221   0.003266     0.0244    -0.0055 0.0000e+00
        193     -0.196     3.8225   0.003268     0.0244    -0.0055 0.0000e+00
        194     -0.194     3.8230   0.003272     0.0244    -0.0055 0.0000e+00
        195     -0.197     3.8232   0.003276     0.0245    -0.0055 0.0000e+00
        196     -0.201     3.8232   0.003278     0.0245    -0.0054 0.0000e+00
        197     -0.200     3.8233   0.003277     0.0245    -0.0054 0.0000e+00
        198     -0.196     3.8235   0.003275     0.0244    -0.0055 0.0000e+00
        199     -0.196     3.8238   0.003275     0.0244    -0.0055 0.0000e+00
        200     -0.196     3.8240   0.003277     0.0245    -0.0054 0.0000e+00
        201     -0.195     3.8240   0.003279     0.0245    -0.0054 0.0000e+00
        202     -0.193     3.8243   0.003283     0.0245    -0.0054 0.0000e+00
        203     -0.195     3.8247   0.003286     0.0245    -0.0054 0.0000e+00
        204     -0.197     3.8251   0.003284     0.0245    -0.0054 0.0000e+00
        205     -0.198     3.8255   0.003283     0.0245    -0.0054 0.0000e+00
