Datasets/Test_Dataset_39219_tow/tel219_2021_032.cnv
* Sea-Bird SBE19plus Data File:
* Filename = C:/AQUIRE/tel219_2021_032.hex
* Software Version AquireV2 AF V2.0
* Temperature SN =  4020
* Conductivity SN =  4020
* System UpLoad Time = May 11 2021 03:18:45
** VESSEL/TRIP/SEQ STN: tel219_2021_032
** LATITUDE: 45 39.81 N
** LONGITUDE: 56 36.66 W
** DATE/TIME: 2021-05-11 02:37
** SOUNDING DEPTH (M): 0144
** PROBE TYPE: S4020
** CTD NUMBER:  32
** FORMAT: T
** COMMENTS: 
# nquan = 7                                 
# nvalues = 2557                        
# units = specified
# name 0 = scan: Scan Count
# name 1 = prdM: Pressure, Strain Gauge [db]
# name 2 = tv290C: Temperature [ITS-90, deg C]
# name 3 = c0S/m: Conductivity [S/m]
# name 4 = sal00: Salinity, Practical [PSU]
# name 5 = sigma-t00: Density [sigma-t, kg/m^3 ]
# name 6 = flag: flag
# span 0 =          1,       2557       
# span 1 =     -0.161,    140.357       
# span 2 =     0.7782,     3.7557       
# span 3 =   0.003048,   2.975210       
# span 4 =     0.0227,    32.7805       
# span 5 =    -0.0071,    26.2303       
# span 6 = 0.0000e+00, 0.0000e+00       
# interval = seconds: 1
# start_time = May 11 2021 02:37:19 [Instrument's time stamp, header]
# bad_flag = -9.990e-29
*END*
[from data line 1847]
       1848     77.522     0.9114   2.783631    32.3897    25.9519 0.0000e+00
       1849     76.706     0.9165   2.783569    32.3840    25.9471 0.0000e+00
       1850     75.874     0.9196   2.783510    32.3805    25.9441 0.0000e+00
       1851     75.048     0.9194   2.783499    32.3810    25.9445 0.0000e+00
       1852     74.241     0.9189   2.783639    32.3838    25.9468 0.0000e+00
       1853     73.452     0.9210   2.783792    32.3840    25.9468 0.0000e+00
       1854     72.668     0.9237   2.783822    32.3821    25.9451 0.0000e+00
       1855     71.875     0.9256   2.783818    32.3805    25.9437 0.0000e+00
       1856     71.069     0.9277   2.783872    32.3794    25.9427 0.0000e+00
       1857     70.250     0.9300   2.783937    32.3783    25.9417 0.0000e+00
       1858     69.424     0.9319   2.783988    32.3775    25.9409 0.0000e+00
       1859     68.606     0.9344   2.784092    32.3767    25.9401 0.0000e+00
       1860     67.809     0.9373   2.784193    32.3754    25.9389 0.0000e+00
       1861     67.020     0.9416   2.784138    32.3706    25.9348 0.0000e+00
       1862     66.216     0.9580   2.784337    32.3566    25.9226 0.0000e+00
       1863     65.387     0.9931   2.785358    32.3336    25.9021 0.0000e+00
       1864     64.540     1.0216   2.786441    32.3183    25.8881 0.0000e+00
       1865     63.694     1.0264   2.788040    32.3343    25.9006 0.0000e+00
       1866     62.865     1.0364   2.791121    32.3637    25.9237 0.0000e+00
       1867     62.056     1.1160   2.794616    32.3262    25.8887 0.0000e+00
       1868     61.252     1.3725   2.810095    32.2582    25.8182 0.0000e+00
       1869     60.428     1.8107   2.845942    32.2601    25.7904 0.0000e+00
       1870     59.574     2.2293   2.879433    32.2506    25.7525 0.0000e+00
       1871     58.695     2.4441   2.888730    32.1484    25.6544 0.0000e+00
       1872     57.808     2.4388   2.876873    32.0086    25.5430 0.0000e+00
       1873     56.936     2.3161   2.863932    31.9731    25.5240 0.0000e+00
       1874     56.108     2.2410   2.864631    32.0577    25.5973 0.0000e+00
       1875     55.350     2.3450   2.881192    32.1575    25.6692 0.0000e+00
       1876     54.666     2.6099   2.910852    32.2546    25.7262 0.0000e+00
       1877     54.053     2.8675   2.935207    32.2926    25.7355 0.0000e+00
       1878     53.501     3.0024   2.944387    32.2689    25.7051 0.0000e+00
       1879     52.990     3.0544   2.947196    32.2510    25.6865 0.0000e+00
       1880     52.512     3.0933   2.949460    32.2397    25.6741 0.0000e+00
       1881     52.063     3.1527   2.954294    32.2390    25.6684 0.0000e+00
       1882     51.635     3.2324   2.961256    32.2435    25.6650 0.0000e+00
       1883     51.223     3.3045   2.966026    32.2292    25.6473 0.0000e+00
       1884     50.821     3.3502   2.968269    32.2108    25.6286 0.0000e+00
       1885     50.430     3.3746   2.970145    32.2093    25.6251 0.0000e+00
       1886     50.042     3.3918   2.972478    32.2203    25.6324 0.0000e+00
       1887     49.644     3.4087   2.975201    32.2363    25.6436 0.0000e+00
       1888     49.229     3.4169   2.975210    32.2285    25.6367 0.0000e+00
       1889     48.802     3.3937   2.970784    32.1988    25.6151 0.0000e+00
       1890     48.369     3.3376   2.966076    32.1983    25.6197 0.0000e+00
       1891     47.921     3.3015   2.965553    32.2282    25.6468 0.0000e+00
       1892     47.457     3.3184   2.968892    32.2517    25.6640 0.0000e+00
       1893     47.007     3.3503   2.972205    32.2599    25.6677 0.0000e+00
       1894     46.584     3.3658   2.972969    32.2539    25.6615 0.0000e+00
       1895     46.160     3.3720   2.971390    32.2290    25.6411 0.0000e+00
       1896     45.709     3.3765   2.969196    32.1985    25.6164 0.0000e+00
       1897     45.244     3.3785   2.969069    32.1952    25.6136 0.0000e+00
       1898     44.788     3.3775   2.971249    32.2225    25.6355 0.0000e+00
       1899     44.346     3.3735   2.972938    32.2470    25.6553 0.0000e+00
       1900     43.897     3.3693   2.973036    32.2526    25.6601 0.0000e+00
       1901     43.435     3.3634   2.971483    32.2401    25.6507 0.0000e+00
       1902     42.972     3.3449   2.968341    32.2211    25.6372 0.0000e+00
       1903     42.506     3.3225   2.966526    32.2218    25.6398 0.0000e+00
       1904     42.017     3.3257   2.968719    32.2452    25.6581 0.0000e+00
       1905     41.490     3.3518   2.973010    32.2710    25.6763 0.0000e+00
       1906     40.923     3.3703   2.974965    32.2763    25.6789 0.0000e+00
       1907     40.340     3.3667   2.974197    32.2710    25.6750 0.0000e+00
       1908     39.762     3.3480   2.973361    32.2799    25.6838 0.0000e+00
       1909     39.186     3.3322   2.972401    32.2844    25.6888 0.0000e+00
       1910     38.598     3.3323   2.971224    32.2705    25.6777 0.0000e+00
       1911     37.994     3.3442   2.971797    32.2658    25.6729 0.0000e+00
       1912     37.377     3.3567   2.973576    32.2750    25.6791 0.0000e+00
       1913     36.761     3.3636   2.974252    32.2766    25.6798 0.0000e+00
       1914     36.170     3.3620   2.973342    32.2676    25.6727 0.0000e+00
       1915     35.625     3.3518   2.971995    32.2619    25.6691 0.0000e+00
       1916     35.139     3.3383   2.971546    32.2702    25.6769 0.0000e+00
       1917     34.700     3.3296   2.971435    32.2777    25.6837 0.0000e+00
       1918     34.271     3.3266   2.970429    32.2689    25.6769 0.0000e+00
       1919     33.846     3.3228   2.969449    32.2611    25.6711 0.0000e+00
       1920     33.470     3.3161   2.969570    32.2695    25.6783 0.0000e+00
       1921     33.163     3.3112   2.969741    32.2766    25.6844 0.0000e+00
       1922     32.915     3.3113   2.969191    32.2700    25.6792 0.0000e+00
       1923     32.702     3.3152   2.968716    32.2605    25.6713 0.0000e+00
       1924     32.495     3.3194   2.968532    32.2542    25.6659 0.0000e+00
       1925     32.278     3.3206   2.968233    32.2496    25.6621 0.0000e+00
       1926     32.049     3.3202   2.968174    32.2494    25.6620 0.0000e+00
       1927     31.806     3.3198   2.968254    32.2509    25.6632 0.0000e+00
       1928     31.542     3.3163   2.967886    32.2501    25.6629 0.0000e+00
       1929     31.265     3.3044   2.967184    32.2536    25.6668 0.0000e+00
       1930     31.007     3.2859   2.966754    32.2670    25.6791 0.0000e+00
       1931     30.785     3.2746   2.967038    32.2819    25.6919 0.0000e+00
       1932     30.571     3.2773   2.967383    32.2834    25.6929 0.0000e+00
       1933     30.318     3.2847   2.967292    32.2751    25.6856 0.0000e+00
       1934     30.052     3.2864   2.967388    32.2747    25.6851 0.0000e+00
       1935     29.842     3.2821   2.967968    32.2860    25.6946 0.0000e+00
       1936     29.702     3.2789   2.968649    32.2975    25.7040 0.0000e+00
       1937     29.609     3.2815   2.968911    32.2981    25.7042 0.0000e+00
       1938     29.529     3.2867   2.968520    32.2882    25.6959 0.0000e+00
       1939     29.417     3.2906   2.968014    32.2783    25.6877 0.0000e+00
       1940     29.246     3.2935   2.968047    32.2759    25.6855 0.0000e+00
       1941     29.035     3.2940   2.968255    32.2780    25.6871 0.0000e+00
       1942     28.819     3.2893   2.968027    32.2801    25.6892 0.0000e+00
       1943     28.618     3.2815   2.967525    32.2820    25.6914 0.0000e+00
       1944     28.450     3.2763   2.967389    32.2856    25.6947 0.0000e+00
       1945     28.316     3.2761   2.967608    32.2885    25.6971 0.0000e+00
       1946     28.184     3.2780   2.967512    32.2855    25.6945 0.0000e+00
       1947     28.021     3.2752   2.967058    32.2829    25.6927 0.0000e+00
       1948     27.823     3.2615   2.966001    32.2840    25.6948 0.0000e+00
       1949     27.619     3.2420   2.964603    32.2868    25.6987 0.0000e+00
       1950     27.432     3.2310   2.963819    32.2884    25.7010 0.0000e+00
       1951     27.268     3.2305   2.963416    32.2842    25.6976 0.0000e+00
       1952     27.122     3.2312   2.963435    32.2838    25.6973 0.0000e+00
       1953     26.957     3.2298   2.963602    32.2873    25.7002 0.0000e+00
       1954     26.721     3.2268   2.963221    32.2858    25.6993 0.0000e+00
       1955     26.423     3.2233   2.962826    32.2847    25.6987 0.0000e+00
       1956     26.133     3.2211   2.962673    32.2852    25.6993 0.0000e+00
       1957     25.882     3.2188   2.962427    32.2847    25.6991 0.0000e+00
       1958     25.653     3.2138   2.962026    32.2850    25.6997 0.0000e+00
       1959     25.430     3.2024   2.961123    32.2856    25.7012 0.0000e+00
       1960     25.208     3.1847   2.959498    32.2838    25.7014 0.0000e+00
       1961     24.983     3.1688   2.957963    32.2814    25.7008 0.0000e+00
       1962     24.745     3.1604   2.957122    32.2797    25.7002 0.0000e+00
       1963     24.484     3.1574   2.956743    32.2783    25.6994 0.0000e+00
       1964     24.192     3.1567   2.956630    32.2778    25.6990 0.0000e+00
       1965     23.871     3.1586   2.957053    32.2812    25.7015 0.0000e+00
       1966     23.529     3.1621   2.957558    32.2839    25.7034 0.0000e+00
       1967     23.164     3.1581   2.956596    32.2765    25.6979 0.0000e+00
       1968     22.769     3.1436   2.954445    32.2653    25.6902 0.0000e+00
       1969     22.365     3.1314   2.953191    32.2626    25.6891 0.0000e+00
       1970     21.959     3.1274   2.953121    32.2660    25.6921 0.0000e+00
       1971     21.539     3.1231   2.952733    32.2658    25.6923 0.0000e+00
       1972     21.123     3.1168   2.951851    32.2617    25.6896 0.0000e+00
       1973     20.738     3.1161   2.951697    32.2607    25.6889 0.0000e+00
       1974     20.391     3.1233   2.952426    32.2625    25.6897 0.0000e+00
       1975     20.077     3.1349   2.953461    32.2635    25.6895 0.0000e+00
       1976     19.786     3.1454   2.954593    32.2669    25.6913 0.0000e+00
       1977     19.512     3.1456   2.954616    32.2671    25.6914 0.0000e+00
       1978     19.250     3.1347   2.953207    32.2611    25.6876 0.0000e+00
       1979     18.980     3.1257   2.952419    32.2608    25.6881 0.0000e+00
       1980     18.696     3.1166   2.951902    32.2638    25.6913 0.0000e+00
       1981     18.397     3.0926   2.949497    32.2589    25.6895 0.0000e+00
       1982     18.064     3.0579   2.945796    32.2491    25.6846 0.0000e+00
       1983     17.666     3.0271   2.942551    32.2409    25.6807 0.0000e+00
       1984     17.174     3.0071   2.940562    32.2371    25.6794 0.0000e+00
       1985     16.588     2.9973   2.939790    32.2378    25.6808 0.0000e+00
       1986     15.941     2.9921   2.939350    32.2381    25.6815 0.0000e+00
       1987     15.256     2.9876   2.938751    32.2357    25.6799 0.0000e+00
       1988     14.538     2.9829   2.938039    32.2321    25.6775 0.0000e+00
       1989     13.813     2.9771   2.937211    32.2283    25.6749 0.0000e+00
       1990     13.135     2.9720   2.936664    32.2271    25.6744 0.0000e+00
       1991     12.525     2.9695   2.936270    32.2252    25.6731 0.0000e+00
       1992     11.933     2.9682   2.935615    32.2189    25.6682 0.0000e+00
       1993     11.296     2.9671   2.935294    32.2164    25.6663 0.0000e+00
       1994     10.622     2.9666   2.935684    32.2220    25.6708 0.0000e+00
       1995      9.967     2.9669   2.936161    32.2278    25.6754 0.0000e+00
       1996      9.350     2.9666   2.936055    32.2272    25.6749 0.0000e+00
       1997      8.798     2.9645   2.935456    32.2223    25.6712 0.0000e+00
       1998      8.355     2.9607   2.934877    32.2193    25.6692 0.0000e+00
       1999      7.992     2.9571   2.934450    32.2180    25.6684 0.0000e+00
       2000      7.630     2.9565   2.934299    32.2169    25.6676 0.0000e+00
       2001      7.241     2.9595   2.934480    32.2163    25.6669 0.0000e+00
       2002      6.883     2.9643   2.934741    32.2149    25.6653 0.0000e+00
       2003      6.634     2.9677   2.934854    32.2130    25.6635 0.0000e+00
       2004      6.499     2.9690   2.934857    32.2118    25.6624 0.0000e+00
       2005      6.403     2.9691   2.934898    32.2122    25.6628 0.0000e+00
       2006      6.275     2.9684   2.934875    32.2127    25.6632 0.0000e+00
       2007      6.116     2.9673   2.934782    32.2128    25.6634 0.0000e+00
       2008      5.969     2.9665   2.934762    32.2134    25.6639 0.0000e+00
       2009      5.849     2.9662   2.934782    32.2140    25.6645 0.0000e+00
       2010      5.743     2.9663   2.934873    32.2151    25.6653 0.0000e+00
       2011      5.653     2.9667   2.935012    32.2164    25.6663 0.0000e+00
       2012      5.561     2.9666   2.934924    32.2155    25.6656 0.0000e+00
       2013      5.414     2.9657   2.934683    32.2135    25.6641 0.0000e+00
       2014      5.178     2.9646   2.934550    32.2132    25.6639 0.0000e+00
       2015      4.885     2.9642   2.934605    32.2144    25.6649 0.0000e+00
       2016      4.626     2.9650   2.934783    32.2159    25.6660 0.0000e+00
       2017      4.459     2.9665   2.934858    32.2154    25.6655 0.0000e+00
       2018      4.352     2.9667   2.934736    32.2137    25.6642 0.0000e+00
       2019      4.211     2.9645   2.934541    32.2137    25.6643 0.0000e+00
       2020      3.945     2.9594   2.934184    32.2146    25.6655 0.0000e+00
       2021      3.547     2.9516   2.933388    32.2130    25.6648 0.0000e+00
       2022      3.108     2.9466   2.932743    32.2104    25.6632 0.0000e+00
       2023      2.744     2.9491   2.932944    32.2105    25.6631 0.0000e+00
       2024      2.471     2.9557   2.933517    32.2110    25.6629 0.0000e+00
       2025      2.196     2.9607   2.933893    32.2107    25.6623 0.0000e+00
       2026      1.887     2.9627   2.933989    32.2100    25.6616 0.0000e+00
       2027      1.647     2.9631   2.933955    32.2093    25.6610 0.0000e+00
       2028      1.537     2.9638   2.933994    32.2091    25.6608 0.0000e+00
       2029      1.451     2.9653   2.934112    32.2091    25.6606 0.0000e+00
       2030      1.284     2.9663   2.934219    32.2095    25.6609 0.0000e+00
       2031      1.056     2.9670   2.934182    32.2085    25.6600 0.0000e+00
       2032      0.790     2.9678   2.934049    32.2062    25.6581 0.0000e+00
       2033      0.513     2.9683   2.934015    32.2054    25.6574 0.0000e+00
       2034      0.314     2.9688   2.933796    32.2024    25.6550 0.0000e+00
       2035      0.226     2.9695   2.932019    32.1802    25.6372 0.0000e+00
       2036      0.200     2.9707   2.926431    32.1113    25.5821 0.0000e+00
       2037      0.187     2.9726   2.922092    32.0569    25.5385 0.0000e+00
       2038      0.176     2.9745   2.917080    31.9943    25.4884 0.0000e+00
       2039      0.176     2.9761   2.911916    31.9302    25.4372 0.0000e+00
       2040      0.190     2.9770   2.917874    32.0014    25.4939 0.0000e+00
       2041      0.207     2.9771   2.924949    32.0870    25.5622 0.0000e+00
       2042      0.216     2.9767   2.926205    32.1026    25.5747 0.0000e+00
       2043      0.213     2.9763   2.924233    32.0791    25.5560 0.0000e+00
       2044      0.203     2.9760   2.893640    31.7091    25.2609 0.0000e+00
       2045      0.202     2.9760   2.858763    31.2877    24.9247 0.0000e+00
       2046      0.210     2.9759   2.878837    31.5303    25.1182 0.0000e+00
       2047      0.205     2.9757   2.915824    31.9779    25.4753 0.0000e+00
       2048      0.191     2.9756   2.928352    32.1297    25.5964 0.0000e+00
       2049      0.192     2.9754   2.931120    32.1634    25.6233 0.0000e+00
       2050      0.207     2.9753   2.931671    32.1702    25.6287 0.0000e+00
       2051      0.218     2.9753   2.930577    32.1569    25.6182 0.0000e+00
