Datasets/Test_Dataset_39219_tow/tel219_2021_006.cnv
* Sea-Bird SBE19plus Data File:
* Filename = C:/AQUIRE/tel219_2021_006.hex
* Software Version AquireV2 AF V2.0
* Temperature SN =  4020
* Conductivity SN =  4020
* System UpLoad Time = May 06 2021 11:05:39
** VESSEL/TRIP/SEQ STN: tel219_2021_006
** LATITUDE: 45 49.02 N
** LONGITUDE: 55 27.86 W
** DATE/TIME: 2021-05-06 10:20
** SOUNDING DEPTH (M): 0077
** PROBE TYPE: S4020
** CTD NUMBER:   6
** FORMAT: T
** COMMENTS: 
# nquan = 7                                 
# nvalues = 2790                        
# units = specified
# name 0 = scan: Scan Count
# name 1 = prdM: Pressure, Strain Gauge [db]
# name 2 = tv290C: Temperature [ITS-90, deg C]
# name 3 = c0S/m: Conductivity [S/m]
# name 4 = sal00: Salinity, Practical [PSU]
# name 5 = sigma-t00: Density [sigma-t, kg/m^3 ]
# name 6 = flag: flag
# span 0 =          1,       2790       
# span 1 =     -0.149,     75.509       
# span 2 =     0.8808,     3.5997       
# span 3 =   0.002628,   2.952752       
# span 4 =     0.0195,    32.2448       
# span 5 =    -0.0110,    25.8371       
# span 6 = 0.0000e+00, 0.0000e+00       
# interval = seconds: 1
# start_time = May 06 2021 10:20:00 [Instrument's time stamp, header]
# bad_flag = -9.990e-29
*END*
[from data line 1231]
       1232     71.666     1.2314   2.797168    32.2340    25.8076 0.0000e+00
       1233     71.669     1.2313   2.797154    32.2339    25.8075 0.0000e+00
       1234     71.660     1.2313   2.797173    32.2341    25.8077 0.0000e+00
       1235     71.643     1.2313   2.797190    32.2344    25.8079 0.0000e+00
       1236     71.630     1.2312   2.797178    32.2343    25.8079 0.0000e+00
       1237     71.626     1.2312   2.797170    32.2342    25.8078 0.0000e+00
       1238     71.637     1.2313   2.797194    32.2344    25.8079 0.0000e+00
       1239     71.662     1.2313   2.797203    32.2345    25.8080 0.0000e+00
       1240     71.688     1.2313   2.797186    32.2343    25.8078 0.0000e+00
       1241     71.699     1.2312   2.797180    32.2343    25.8079 0.0000e+00
       1242     71.691     1.2312   2.797191    32.2344    25.8080 0.0000e+00
       1243     71.675     1.2312   2.797194    32.2345    25.8080 0.0000e+00
       1244     71.672     1.2311   2.797178    32.2344    25.8079 0.0000e+00
       1245     71.690     1.2310   2.797161    32.2343    25.8078 0.0000e+00
       1246     71.717     1.2308   2.797138    32.2342    25.8078 0.0000e+00
       1247     71.735     1.2306   2.797119    32.2341    25.8078 0.0000e+00
       1248     71.734     1.2306   2.797117    32.2341    25.8077 0.0000e+00
       1249     71.719     1.2304   2.797107    32.2342    25.8078 0.0000e+00
       1250     71.705     1.2304   2.797097    32.2341    25.8077 0.0000e+00
       1251     71.705     1.2304   2.797100    32.2341    25.8078 0.0000e+00
       1252     71.718     1.2303   2.797098    32.2342    25.8078 0.0000e+00
       1253     71.727     1.2302   2.797095    32.2342    25.8079 0.0000e+00
       1254     71.724     1.2302   2.797105    32.2344    25.8080 0.0000e+00
       1255     71.723     1.2302   2.797103    32.2343    25.8080 0.0000e+00
       1256     71.732     1.2301   2.797072    32.2340    25.8077 0.0000e+00
       1257     71.745     1.2299   2.797045    32.2339    25.8076 0.0000e+00
       1258     71.752     1.2298   2.797053    32.2341    25.8078 0.0000e+00
       1259     71.752     1.2298   2.797061    32.2342    25.8079 0.0000e+00
       1260     71.746     1.2296   2.797015    32.2338    25.8076 0.0000e+00
       1261     71.733     1.2290   2.796927    32.2333    25.8072 0.0000e+00
       1262     71.719     1.2285   2.796881    32.2333    25.8072 0.0000e+00
       1263     71.716     1.2288   2.796935    32.2337    25.8075 0.0000e+00
       1264     71.724     1.2294   2.797011    32.2340    25.8077 0.0000e+00
       1265     71.739     1.2294   2.797008    32.2339    25.8077 0.0000e+00
       1266     71.759     1.2291   2.796944    32.2334    25.8073 0.0000e+00
       1267     71.777     1.2288   2.796918    32.2334    25.8073 0.0000e+00
       1268     71.784     1.2291   2.796970    32.2337    25.8075 0.0000e+00
       1269     71.781     1.2293   2.797002    32.2340    25.8077 0.0000e+00
       1270     71.776     1.2291   2.796974    32.2338    25.8076 0.0000e+00
       1271     71.776     1.2288   2.796941    32.2337    25.8075 0.0000e+00
       1272     71.783     1.2287   2.796938    32.2338    25.8076 0.0000e+00
       1273     71.792     1.2287   2.796934    32.2337    25.8075 0.0000e+00
       1274     71.797     1.2286   2.796921    32.2336    25.8075 0.0000e+00
       1275     71.800     1.2287   2.796936    32.2337    25.8076 0.0000e+00
       1276     71.805     1.2287   2.796949    32.2339    25.8077 0.0000e+00
       1277     71.814     1.2286   2.796922    32.2336    25.8075 0.0000e+00
       1278     71.821     1.2283   2.796886    32.2335    25.8074 0.0000e+00
       1279     71.827     1.2281   2.796872    32.2335    25.8074 0.0000e+00
       1280     71.833     1.2278   2.796854    32.2336    25.8075 0.0000e+00
       1281     71.836     1.2275   2.796811    32.2334    25.8073 0.0000e+00
       1282     71.842     1.2273   2.796793    32.2333    25.8073 0.0000e+00
       1283     71.858     1.2274   2.796820    32.2336    25.8075 0.0000e+00
       1284     71.877     1.2273   2.796802    32.2334    25.8074 0.0000e+00
       1285     71.891     1.2269   2.796743    32.2331    25.8071 0.0000e+00
       1286     71.898     1.2270   2.796771    32.2333    25.8073 0.0000e+00
       1287     71.901     1.2275   2.796847    32.2338    25.8077 0.0000e+00
       1288     71.903     1.2275   2.796847    32.2338    25.8077 0.0000e+00
       1289     71.906     1.2270   2.796797    32.2337    25.8076 0.0000e+00
       1290     71.908     1.2257   2.796672    32.2334    25.8075 0.0000e+00
       1291     71.912     1.2231   2.796420    32.2329    25.8072 0.0000e+00
       1292     71.914     1.2207   2.796241    32.2331    25.8075 0.0000e+00
       1293     71.917     1.2202   2.796228    32.2334    25.8078 0.0000e+00
       1294     71.921     1.2205   2.796247    32.2334    25.8078 0.0000e+00
       1295     71.924     1.2193   2.796168    32.2336    25.8080 0.0000e+00
       1296     71.926     1.2166   2.795919    32.2332    25.8079 0.0000e+00
       1297     71.926     1.2136   2.795644    32.2328    25.8078 0.0000e+00
       1298     71.922     1.2077   2.795132    32.2324    25.8078 0.0000e+00
       1299     71.909     1.1962   2.794113    32.2313    25.8076 0.0000e+00
       1300     71.886     1.1828   2.792999    32.2310    25.8082 0.0000e+00
       1301     71.858     1.1707   2.792027    32.2311    25.8090 0.0000e+00
       1302     71.832     1.1587   2.790992    32.2304    25.8091 0.0000e+00
       1303     71.813     1.1473   2.789973    32.2292    25.8089 0.0000e+00
       1304     71.807     1.1380   2.789152    32.2283    25.8088 0.0000e+00
       1305     71.814     1.1312   2.788548    32.2276    25.8086 0.0000e+00
       1306     71.830     1.1280   2.788367    32.2286    25.8096 0.0000e+00
       1307     71.851     1.1279   2.788484    32.2302    25.8109 0.0000e+00
       1308     71.872     1.1279   2.788524    32.2307    25.8113 0.0000e+00
       1309     71.892     1.1265   2.788370    32.2302    25.8110 0.0000e+00
       1310     71.911     1.1242   2.788096    32.2291    25.8102 0.0000e+00
       1311     71.929     1.1208   2.787816    32.2290    25.8104 0.0000e+00
       1312     71.944     1.1178   2.787542    32.2286    25.8102 0.0000e+00
       1313     71.951     1.1196   2.787689    32.2286    25.8101 0.0000e+00
       1314     71.951     1.1265   2.788452    32.2312    25.8118 0.0000e+00
       1315     71.953     1.1313   2.788894    32.2319    25.8120 0.0000e+00
       1316     71.961     1.1315   2.788710    32.2293    25.8100 0.0000e+00
       1317     71.970     1.1313   2.788688    32.2292    25.8099 0.0000e+00
       1318     71.976     1.1294   2.788587    32.2299    25.8106 0.0000e+00
       1319     71.980     1.1229   2.787924    32.2282    25.8096 0.0000e+00
       1320     71.986     1.1170   2.787431    32.2280    25.8098 0.0000e+00
       1321     71.995     1.1147   2.787310    32.2288    25.8106 0.0000e+00
       1322     72.003     1.1132   2.787159    32.2284    25.8104 0.0000e+00
       1323     72.011     1.1118   2.787077    32.2288    25.8108 0.0000e+00
       1324     72.020     1.1098   2.786929    32.2290    25.8110 0.0000e+00
       1325     72.032     1.1073   2.786643    32.2279    25.8103 0.0000e+00
       1326     72.047     1.1055   2.786514    32.2282    25.8106 0.0000e+00
       1327     72.062     1.1042   2.786440    32.2285    25.8110 0.0000e+00
       1328     72.074     1.1028   2.786311    32.2283    25.8109 0.0000e+00
       1329     72.082     1.1001   2.786085    32.2282    25.8110 0.0000e+00
       1330     72.087     1.0953   2.785643    32.2276    25.8107 0.0000e+00
       1331     72.094     1.0904   2.785217    32.2272    25.8107 0.0000e+00
       1332     72.103     1.0875   2.784994    32.2273    25.8110 0.0000e+00
       1333     72.112     1.0865   2.784956    32.2279    25.8115 0.0000e+00
       1334     72.117     1.0856   2.784913    32.2283    25.8119 0.0000e+00
       1335     72.117     1.0836   2.784719    32.2279    25.8117 0.0000e+00
       1336     72.113     1.0815   2.784514    32.2274    25.8115 0.0000e+00
       1337     72.113     1.0795   2.784346    32.2273    25.8115 0.0000e+00
       1338     72.118     1.0766   2.784131    32.2276    25.8119 0.0000e+00
       1339     72.124     1.0740   2.783918    32.2276    25.8120 0.0000e+00
       1340     72.129     1.0725   2.783780    32.2274    25.8119 0.0000e+00
       1341     72.137     1.0714   2.783694    32.2274    25.8120 0.0000e+00
       1342     72.144     1.0709   2.783687    32.2278    25.8124 0.0000e+00
       1343     72.148     1.0714   2.783740    32.2280    25.8125 0.0000e+00
       1344     72.147     1.0722   2.783781    32.2277    25.8122 0.0000e+00
       1345     72.142     1.0738   2.783941    32.2281    25.8124 0.0000e+00
       1346     72.140     1.0740   2.784007    32.2287    25.8129 0.0000e+00
       1347     72.141     1.0714   2.783693    32.2274    25.8120 0.0000e+00
       1348     72.146     1.0673   2.783297    32.2266    25.8116 0.0000e+00
       1349     72.151     1.0640   2.782996    32.2261    25.8115 0.0000e+00
       1350     72.153     1.0633   2.783060    32.2277    25.8127 0.0000e+00
       1351     72.156     1.0640   2.783233    32.2291    25.8139 0.0000e+00
       1352     72.158     1.0611   2.782816    32.2268    25.8122 0.0000e+00
       1353     72.159     1.0553   2.782285    32.2260    25.8119 0.0000e+00
       1354     72.165     1.0511   2.782051    32.2274    25.8133 0.0000e+00
       1355     72.176     1.0488   2.781864    32.2274    25.8134 0.0000e+00
       1356     72.189     1.0471   2.781699    32.2270    25.8132 0.0000e+00
       1357     72.202     1.0463   2.781656    32.2273    25.8135 0.0000e+00
       1358     72.215     1.0469   2.781722    32.2275    25.8136 0.0000e+00
       1359     72.226     1.0474   2.781763    32.2275    25.8136 0.0000e+00
       1360     72.234     1.0478   2.781795    32.2275    25.8135 0.0000e+00
       1361     72.240     1.0486   2.781878    32.2277    25.8137 0.0000e+00
       1362     72.242     1.0507   2.782017    32.2273    25.8132 0.0000e+00
       1363     72.241     1.0544   2.782380    32.2281    25.8137 0.0000e+00
       1364     72.244     1.0564   2.782601    32.2289    25.8141 0.0000e+00
       1365     72.253     1.0534   2.782229    32.2272    25.8130 0.0000e+00
       1366     72.265     1.0480   2.781740    32.2266    25.8128 0.0000e+00
       1367     72.282     1.0440   2.781462    32.2272    25.8135 0.0000e+00
       1368     72.304     1.0416   2.781275    32.2272    25.8137 0.0000e+00
       1369     72.326     1.0404   2.781198    32.2275    25.8140 0.0000e+00
       1370     72.348     1.0404   2.781208    32.2276    25.8141 0.0000e+00
       1371     72.368     1.0397   2.781160    32.2277    25.8142 0.0000e+00
       1372     72.378     1.0380   2.781018    32.2276    25.8142 0.0000e+00
       1373     72.378     1.0366   2.780903    32.2276    25.8143 0.0000e+00
       1374     72.376     1.0356   2.780828    32.2277    25.8144 0.0000e+00
       1375     72.376     1.0351   2.780784    32.2277    25.8144 0.0000e+00
       1376     72.373     1.0354   2.780824    32.2279    25.8146 0.0000e+00
       1377     72.370     1.0358   2.780874    32.2281    25.8147 0.0000e+00
       1378     72.378     1.0366   2.780939    32.2281    25.8147 0.0000e+00
       1379     72.395     1.0374   2.781047    32.2286    25.8150 0.0000e+00
       1380     72.414     1.0369   2.780972    32.2282    25.8147 0.0000e+00
       1381     72.429     1.0347   2.780716    32.2272    25.8140 0.0000e+00
       1382     72.444     1.0326   2.780557    32.2273    25.8143 0.0000e+00
       1383     72.456     1.0318   2.780560    32.2282    25.8150 0.0000e+00
       1384     72.459     1.0320   2.780623    32.2288    25.8155 0.0000e+00
       1385     72.455     1.0318   2.780572    32.2283    25.8151 0.0000e+00
       1386     72.450     1.0306   2.780398    32.2273    25.8144 0.0000e+00
       1387     72.452     1.0288   2.780275    32.2276    25.8148 0.0000e+00
       1388     72.462     1.0276   2.780210    32.2280    25.8152 0.0000e+00
       1389     72.473     1.0268   2.780145    32.2280    25.8152 0.0000e+00
       1390     72.485     1.0263   2.780110    32.2281    25.8153 0.0000e+00
       1391     72.497     1.0261   2.780102    32.2282    25.8154 0.0000e+00
       1392     72.504     1.0261   2.780089    32.2280    25.8152 0.0000e+00
       1393     72.507     1.0259   2.780072    32.2280    25.8152 0.0000e+00
       1394     72.508     1.0257   2.780072    32.2282    25.8154 0.0000e+00
       1395     72.509     1.0254   2.780046    32.2282    25.8154 0.0000e+00
       1396     72.508     1.0246   2.779972    32.2281    25.8154 0.0000e+00
       1397     72.506     1.0240   2.779921    32.2280    25.8154 0.0000e+00
       1398     72.514     1.0236   2.779908    32.2283    25.8156 0.0000e+00
       1399     72.531     1.0236   2.779900    32.2282    25.8155 0.0000e+00
       1400     72.548     1.0237   2.779912    32.2282    25.8155 0.0000e+00
       1401     72.557     1.0239   2.779942    32.2284    25.8157 0.0000e+00
       1402     72.553     1.0239   2.779931    32.2282    25.8155 0.0000e+00
       1403     72.546     1.0238   2.779920    32.2282    25.8155 0.0000e+00
       1404     72.544     1.0250   2.780028    32.2284    25.8156 0.0000e+00
       1405     72.547     1.0274   2.780211    32.2282    25.8153 0.0000e+00
       1406     72.552     1.0272   2.780173    32.2279    25.8151 0.0000e+00
       1407     72.557     1.0242   2.779907    32.2276    25.8150 0.0000e+00
       1408     72.563     1.0217   2.779756    32.2283    25.8157 0.0000e+00
       1409     72.571     1.0204   2.779667    32.2285    25.8159 0.0000e+00
       1410     72.587     1.0190   2.779534    32.2282    25.8158 0.0000e+00
       1411     72.614     1.0183   2.779496    32.2284    25.8160 0.0000e+00
       1412     72.641     1.0187   2.779525    32.2284    25.8160 0.0000e+00
       1413     72.654     1.0191   2.779553    32.2283    25.8159 0.0000e+00
       1414     72.650     1.0189   2.779548    32.2285    25.8160 0.0000e+00
       1415     72.631     1.0178   2.779458    32.2285    25.8161 0.0000e+00
       1416     72.611     1.0166   2.779364    32.2285    25.8162 0.0000e+00
       1417     72.604     1.0160   2.779332    32.2287    25.8164 0.0000e+00
       1418     72.614     1.0158   2.779327    32.2289    25.8165 0.0000e+00
       1419     72.637     1.0159   2.779331    32.2288    25.8165 0.0000e+00
       1420     72.659     1.0160   2.779334    32.2287    25.8164 0.0000e+00
       1421     72.668     1.0156   2.779299    32.2287    25.8164 0.0000e+00
       1422     72.671     1.0146   2.779222    32.2287    25.8165 0.0000e+00
       1423     72.678     1.0133   2.779123    32.2288    25.8166 0.0000e+00
       1424     72.690     1.0122   2.779040    32.2289    25.8168 0.0000e+00
       1425     72.697     1.0116   2.779005    32.2291    25.8169 0.0000e+00
       1426     72.691     1.0115   2.778996    32.2291    25.8169 0.0000e+00
       1427     72.680     1.0119   2.779032    32.2291    25.8169 0.0000e+00
       1428     72.681     1.0127   2.779104    32.2292    25.8170 0.0000e+00
       1429     72.702     1.0128   2.779113    32.2292    25.8170 0.0000e+00
       1430     72.730     1.0121   2.779043    32.2290    25.8169 0.0000e+00
       1431     72.750     1.0112   2.778965    32.2289    25.8169 0.0000e+00
       1432     72.754     1.0107   2.778931    32.2290    25.8169 0.0000e+00
       1433     72.745     1.0109   2.778960    32.2292    25.8171 0.0000e+00
       1434     72.738     1.0114   2.778996    32.2291    25.8170 0.0000e+00
       1435     72.745     1.0115   2.778995    32.2290    25.8169 0.0000e+00
