Datasets/Test_Dataset_39219_tow/tel219_2021_052.cnv
* Sea-Bird SBE19plus Data File:
* Filename = C:/AQUIRE/tel219_2021_052.hex
* Software Version AquireV2 AF V2.0
* Temperature SN =  4020
* Conductivity SN =  4020
* System UpLoad Time = May 13 2021 14:11:46
** VESSEL/TRIP/SEQ STN: tel219_2021_052
** LATITUDE: 44 59.32 N
** LONGITUDE: 55 18.07 W
** DATE/TIME: 2021-05-13 13:11
** SOUNDING DEPTH (M): 0339
** PROBE TYPE: S4020
** CTD NUMBER:  52
** FORMAT: T
** COMMENTS: UNSUCCESSFUL
# nquan = 7                                 
# nvalues = 2602                        
# units = specified
# name 0 = scan: Scan Count
# name 1 = prdM: Pressure, Strain Gauge [db]
# name 2 = tv290C: Temperature [ITS-90, deg C]
# name 3 = c0S/m: Conductivity [S/m]
# name 4 = sal00: Salinity, Practical [PSU]
# name 5 = sigma-t00: Density [sigma-t, kg/m^3 ]
# name 6 = flag: flag
# span 0 =          1,       2602       
# span 1 =     -0.808,    334.101       
# span 2 =     0.5999,     9.3154       
# span 3 =   0.005901,   3.759207       
# span 4 =     0.0435,    35.2934       
# span 5 =    -0.0037,    27.3986       
# span 6 = 0.0000e+00, 0.0000e+00       
# interval = seconds: 1
# start_time = May 13 2021 13:11:22 [Instrument's time stamp, header]
# bad_flag = -9.990e-29
*END*
[from data line 1231]
       1232    247.305     8.7913   3.729063    35.2398    27.3396 0.0000e+00
       1233    248.068     8.7740   3.728013    35.2456    27.3468 0.0000e+00
       1234    248.850     8.7548   3.726644    35.2499    27.3532 0.0000e+00
       1235    249.655     8.7350   3.725424    35.2563    27.3614 0.0000e+00
       1236    250.469     8.7258   3.726324    35.2746    27.3772 0.0000e+00
       1237    251.271     8.7339   3.728912    35.2934    27.3907 0.0000e+00
       1238    252.071     8.7427   3.729711    35.2927    27.3888 0.0000e+00
       1239    252.901     8.7241   3.725571    35.2672    27.3717 0.0000e+00
       1240    253.772     8.6810   3.718625    35.2363    27.3543 0.0000e+00
       1241    254.653     8.6563   3.717052    35.2438    27.3641 0.0000e+00
       1242    255.495     8.6847   3.722167    35.2692    27.3795 0.0000e+00
       1243    256.284     8.7453   3.726150    35.2506    27.3553 0.0000e+00
       1244    257.055     8.7867   3.726597    35.2138    27.3199 0.0000e+00
       1245    257.844     8.7942   3.726121    35.2010    27.3086 0.0000e+00
       1246    258.651     8.7919   3.725249    35.1937    27.3033 0.0000e+00
       1247    259.444     8.7903   3.722191    35.1627    27.2792 0.0000e+00
       1248    260.200     8.7752   3.717237    35.1251    27.2522 0.0000e+00
       1249    260.924     8.7503   3.714063    35.1160    27.2490 0.0000e+00
       1250    261.627     8.7368   3.713681    35.1250    27.2582 0.0000e+00
       1251    262.312     8.7381   3.714633    35.1334    27.2646 0.0000e+00
       1252    262.981     8.7419   3.716127    35.1451    27.2731 0.0000e+00
       1253    263.641     8.7403   3.717690    35.1628    27.2873 0.0000e+00
       1254    264.298     8.7350   3.718770    35.1792    27.3009 0.0000e+00
       1255    264.946     8.7348   3.718500    35.1762    27.2987 0.0000e+00
       1256    265.563     8.7301   3.717421    35.1692    27.2939 0.0000e+00
       1257    266.142     8.6914   3.714359    35.1750    27.3046 0.0000e+00
       1258    266.701     8.6253   3.707820    35.1713    27.3121 0.0000e+00
       1259    267.256     8.5724   3.702311    35.1653    27.3157 0.0000e+00
       1260    267.807     8.5476   3.700448    35.1700    27.3233 0.0000e+00
       1261    268.335     8.5376   3.699894    35.1738    27.3279 0.0000e+00
       1262    268.817     8.5324   3.699434    35.1739    27.3287 0.0000e+00
       1263    269.252     8.5275   3.698700    35.1708    27.3271 0.0000e+00
       1264    269.667     8.5200   3.697374    35.1640    27.3229 0.0000e+00
       1265    270.085     8.5108   3.696126    35.1597    27.3210 0.0000e+00
       1266    270.502     8.5047   3.696745    35.1722    27.3317 0.0000e+00
       1267    270.894     8.5041   3.699069    35.1972    27.3515 0.0000e+00
       1268    271.241     8.5070   3.699667    35.2005    27.3536 0.0000e+00
       1269    271.548     8.5114   3.697800    35.1762    27.3338 0.0000e+00
       1270    271.846     8.5165   3.696331    35.1554    27.3167 0.0000e+00
       1271    272.161     8.5214   3.696196    35.1489    27.3109 0.0000e+00
       1272    272.482     8.5247   3.696626    35.1501    27.3112 0.0000e+00
       1273    272.777     8.5264   3.697159    35.1539    27.3140 0.0000e+00
       1274    273.036     8.5268   3.697350    35.1554    27.3151 0.0000e+00
       1275    273.274     8.5269   3.697034    35.1518    27.3123 0.0000e+00
       1276    273.512     8.5276   3.696687    35.1473    27.3086 0.0000e+00
       1277    273.759     8.5282   3.696740    35.1472    27.3084 0.0000e+00
       1278    273.999     8.5284   3.696992    35.1495    27.3102 0.0000e+00
       1279    274.214     8.5282   3.697102    35.1508    27.3113 0.0000e+00
       1280    274.404     8.5274   3.696943    35.1498    27.3106 0.0000e+00
       1281    274.582     8.5244   3.696487    35.1479    27.3096 0.0000e+00
       1282    274.757     8.5176   3.695823    35.1475    27.3104 0.0000e+00
       1283    274.925     8.5098   3.695587    35.1527    27.3156 0.0000e+00
       1284    275.074     8.5089   3.696274    35.1608    27.3221 0.0000e+00
       1285    275.201     8.5115   3.696598    35.1616    27.3223 0.0000e+00
       1286    275.314     8.5049   3.695149    35.1527    27.3164 0.0000e+00
       1287    275.427     8.4910   3.693012    35.1439    27.3116 0.0000e+00
       1288    275.541     8.4839   3.692104    35.1412    27.3107 0.0000e+00
       1289    275.643     8.4868   3.692511    35.1426    27.3113 0.0000e+00
       1290    275.727     8.4923   3.693183    35.1442    27.3117 0.0000e+00
       1291    275.796     8.4958   3.693488    35.1440    27.3110 0.0000e+00
       1292    275.858     8.4971   3.693502    35.1428    27.3098 0.0000e+00
       1293    275.916     8.4960   3.693264    35.1413    27.3089 0.0000e+00
       1294    275.967     8.4934   3.692827    35.1393    27.3076 0.0000e+00
       1295    276.005     8.4926   3.692744    35.1391    27.3077 0.0000e+00
       1296    276.028     8.4941   3.693195    35.1424    27.3100 0.0000e+00
       1297    276.041     8.4973   3.693696    35.1446    27.3112 0.0000e+00
       1298    276.044     8.5046   3.694209    35.1427    27.3086 0.0000e+00
       1299    276.038     8.5142   3.694933    35.1409    27.3057 0.0000e+00
       1300    276.026     8.5180   3.695159    35.1395    27.3040 0.0000e+00
       1301    276.007     8.5151   3.694702    35.1375    27.3029 0.0000e+00
       1302    275.980     8.5107   3.694358    35.1383    27.3042 0.0000e+00
       1303    275.946     8.5046   3.694210    35.1428    27.3087 0.0000e+00
       1304    275.904     8.4953   3.694126    35.1512    27.3167 0.0000e+00
       1305    275.861     8.4819   3.693623    35.1592    27.3251 0.0000e+00
       1306    275.821     8.4636   3.691347    35.1533    27.3233 0.0000e+00
       1307    275.783     8.4489   3.688683    35.1396    27.3149 0.0000e+00
       1308    275.739     8.4471   3.688192    35.1362    27.3125 0.0000e+00
       1309    275.689     8.4541   3.688937    35.1372    27.3122 0.0000e+00
       1310    275.639     8.4645   3.689811    35.1362    27.3097 0.0000e+00
       1311    275.588     8.4756   3.690860    35.1363    27.3081 0.0000e+00
       1312    275.534     8.4832   3.691576    35.1363    27.3069 0.0000e+00
       1313    275.477     8.4865   3.691895    35.1365    27.3065 0.0000e+00
       1314    275.416     8.4876   3.692072    35.1373    27.3070 0.0000e+00
       1315    275.352     8.4881   3.692156    35.1377    27.3073 0.0000e+00
       1316    275.284     8.4871   3.692014    35.1372    27.3070 0.0000e+00
       1317    275.211     8.4842   3.691628    35.1360    27.3066 0.0000e+00
       1318    275.132     8.4817   3.691375    35.1359    27.3068 0.0000e+00
       1319    275.047     8.4801   3.691300    35.1367    27.3077 0.0000e+00
       1320    274.955     8.4781   3.691017    35.1358    27.3073 0.0000e+00
       1321    274.863     8.4763   3.690691    35.1341    27.3063 0.0000e+00
       1322    274.777     8.4761   3.690706    35.1345    27.3066 0.0000e+00
       1323    274.691     8.4775   3.690906    35.1353    27.3070 0.0000e+00
       1324    274.603     8.4792   3.691035    35.1350    27.3065 0.0000e+00
       1325    274.513     8.4826   3.691178    35.1332    27.3046 0.0000e+00
       1326    274.423     8.4935   3.692071    35.1319    27.3018 0.0000e+00
       1327    274.336     8.5115   3.693640    35.1307    27.2981 0.0000e+00
       1328    274.249     8.5262   3.694603    35.1263    27.2924 0.0000e+00
       1329    274.158     8.5336   3.695292    35.1263    27.2912 0.0000e+00
       1330    274.058     8.5394   3.696366    35.1319    27.2947 0.0000e+00
       1331    273.950     8.5457   3.697180    35.1344    27.2956 0.0000e+00
       1332    273.837     8.5498   3.697566    35.1344    27.2950 0.0000e+00
       1333    273.723     8.5502   3.697630    35.1348    27.2952 0.0000e+00
       1334    273.609     8.5483   3.697401    35.1343    27.2952 0.0000e+00
       1335    273.495     8.5468   3.697186    35.1335    27.2948 0.0000e+00
       1336    273.379     8.5464   3.697046    35.1325    27.2941 0.0000e+00
       1337    273.263     8.5465   3.697021    35.1322    27.2938 0.0000e+00
       1338    273.146     8.5481   3.697328    35.1339    27.2949 0.0000e+00
       1339    273.025     8.5522   3.697819    35.1351    27.2952 0.0000e+00
       1340    272.904     8.5575   3.698186    35.1338    27.2933 0.0000e+00
       1341    272.784     8.5630   3.698537    35.1321    27.2911 0.0000e+00
       1342    272.664     8.5677   3.698821    35.1305    27.2891 0.0000e+00
       1343    272.543     8.5702   3.698918    35.1291    27.2877 0.0000e+00
       1344    272.423     8.5710   3.699147    35.1308    27.2889 0.0000e+00
       1345    272.304     8.5713   3.699396    35.1332    27.2907 0.0000e+00
       1346    272.186     8.5715   3.699486    35.1340    27.2913 0.0000e+00
       1347    272.066     8.5717   3.699571    35.1347    27.2919 0.0000e+00
       1348    271.940     8.5722   3.699666    35.1353    27.2922 0.0000e+00
       1349    271.811     8.5739   3.699859    35.1357    27.2923 0.0000e+00
       1350    271.682     8.5770   3.700118    35.1354    27.2916 0.0000e+00
       1351    271.550     8.5793   3.700276    35.1349    27.2908 0.0000e+00
       1352    271.415     8.5793   3.700315    35.1354    27.2912 0.0000e+00
       1353    271.276     8.5788   3.700313    35.1359    27.2917 0.0000e+00
       1354    271.133     8.5801   3.700354    35.1351    27.2908 0.0000e+00
       1355    270.987     8.5822   3.700507    35.1347    27.2902 0.0000e+00
       1356    270.838     8.5839   3.700805    35.1363    27.2911 0.0000e+00
       1357    270.682     8.5839   3.700936    35.1377    27.2923 0.0000e+00
       1358    270.522     8.5821   3.700750    35.1376    27.2925 0.0000e+00
       1359    270.359     8.5802   3.700524    35.1372    27.2924 0.0000e+00
       1360    270.192     8.5785   3.700373    35.1374    27.2928 0.0000e+00
       1361    270.023     8.5766   3.700195    35.1374    27.2932 0.0000e+00
       1362    269.853     8.5743   3.699943    35.1371    27.2933 0.0000e+00
       1363    269.682     8.5730   3.699787    35.1369    27.2933 0.0000e+00
       1364    269.511     8.5731   3.699824    35.1372    27.2936 0.0000e+00
       1365    269.340     8.5735   3.699881    35.1375    27.2938 0.0000e+00
       1366    269.169     8.5736   3.699879    35.1375    27.2937 0.0000e+00
       1367    269.001     8.5738   3.699916    35.1378    27.2939 0.0000e+00
       1368    268.831     8.5740   3.699937    35.1379    27.2940 0.0000e+00
       1369    268.657     8.5739   3.699884    35.1375    27.2937 0.0000e+00
       1370    268.485     8.5735   3.699845    35.1376    27.2938 0.0000e+00
       1371    268.318     8.5734   3.699861    35.1379    27.2941 0.0000e+00
       1372    268.151     8.5738   3.699932    35.1383    27.2944 0.0000e+00
       1373    267.978     8.5741   3.699980    35.1386    27.2945 0.0000e+00
       1374    267.807     8.5742   3.699952    35.1383    27.2943 0.0000e+00
       1375    267.641     8.5753   3.700011    35.1379    27.2938 0.0000e+00
       1376    267.476     8.5796   3.700475    35.1386    27.2937 0.0000e+00
       1377    267.312     8.5859   3.701215    35.1403    27.2940 0.0000e+00
       1378    267.150     8.5903   3.701649    35.1406    27.2935 0.0000e+00
       1379    266.985     8.5914   3.701685    35.1400    27.2929 0.0000e+00
       1380    266.815     8.5906   3.701557    35.1395    27.2926 0.0000e+00
       1381    266.644     8.5897   3.701406    35.1389    27.2923 0.0000e+00
       1382    266.476     8.5892   3.701327    35.1386    27.2921 0.0000e+00
       1383    266.311     8.5881   3.701248    35.1389    27.2926 0.0000e+00
       1384    266.149     8.5854   3.701054    35.1396    27.2936 0.0000e+00
       1385    265.993     8.5819   3.700802    35.1405    27.2948 0.0000e+00
       1386    265.845     8.5795   3.700635    35.1412    27.2957 0.0000e+00
       1387    265.703     8.5787   3.700501    35.1407    27.2954 0.0000e+00
       1388    265.563     8.5787   3.700337    35.1390    27.2941 0.0000e+00
       1389    265.426     8.5790   3.700289    35.1382    27.2935 0.0000e+00
       1390    265.295     8.5793   3.700352    35.1387    27.2938 0.0000e+00
       1391    265.171     8.5794   3.700383    35.1390    27.2940 0.0000e+00
       1392    265.059     8.5794   3.700348    35.1386    27.2937 0.0000e+00
       1393    264.962     8.5793   3.700294    35.1382    27.2934 0.0000e+00
       1394    264.877     8.5792   3.700275    35.1382    27.2934 0.0000e+00
       1395    264.804     8.5792   3.700291    35.1384    27.2935 0.0000e+00
       1396    264.741     8.5795   3.700328    35.1385    27.2936 0.0000e+00
       1397    264.688     8.5801   3.700338    35.1380    27.2931 0.0000e+00
       1398    264.651     8.5809   3.700338    35.1372    27.2924 0.0000e+00
       1399    264.634     8.5813   3.700390    35.1374    27.2924 0.0000e+00
       1400    264.639     8.5807   3.700396    35.1381    27.2931 0.0000e+00
       1401    264.654     8.5793   3.700312    35.1386    27.2937 0.0000e+00
       1402    264.665     8.5785   3.700248    35.1387    27.2939 0.0000e+00
       1403    264.676     8.5785   3.700234    35.1385    27.2938 0.0000e+00
       1404    264.707     8.5792   3.700270    35.1382    27.2934 0.0000e+00
       1405    264.765     8.5801   3.700348    35.1381    27.2932 0.0000e+00
       1406    264.840     8.5807   3.700389    35.1379    27.2929 0.0000e+00
       1407    264.917     8.5809   3.700390    35.1377    27.2927 0.0000e+00
       1408    264.986     8.5809   3.700400    35.1377    27.2928 0.0000e+00
       1409    265.055     8.5815   3.700434    35.1375    27.2925 0.0000e+00
       1410    265.145     8.5834   3.700631    35.1376    27.2923 0.0000e+00
       1411    265.269     8.5861   3.700915    35.1379    27.2921 0.0000e+00
       1412    265.418     8.5881   3.700996    35.1367    27.2908 0.0000e+00
       1413    265.572     8.5892   3.700939    35.1349    27.2893 0.0000e+00
       1414    265.723     8.5895   3.700964    35.1348    27.2891 0.0000e+00
       1415    265.879     8.5899   3.701117    35.1360    27.2900 0.0000e+00
       1416    266.059     8.5915   3.701417    35.1375    27.2909 0.0000e+00
       1417    266.266     8.5944   3.701819    35.1387    27.2914 0.0000e+00
       1418    266.490     8.5964   3.702081    35.1394    27.2917 0.0000e+00
       1419    266.715     8.5962   3.702096    35.1397    27.2919 0.0000e+00
       1420    266.933     8.5943   3.701938    35.1398    27.2923 0.0000e+00
       1421    267.143     8.5916   3.701689    35.1397    27.2926 0.0000e+00
       1422    267.354     8.5890   3.701426    35.1394    27.2928 0.0000e+00
       1423    267.581     8.5864   3.701154    35.1390    27.2929 0.0000e+00
       1424    267.832     8.5844   3.700918    35.1384    27.2927 0.0000e+00
       1425    268.107     8.5831   3.700805    35.1384    27.2929 0.0000e+00
       1426    268.395     8.5826   3.700795    35.1386    27.2932 0.0000e+00
       1427    268.680     8.5823   3.700813    35.1390    27.2935 0.0000e+00
       1428    268.953     8.5823   3.700824    35.1390    27.2935 0.0000e+00
       1429    269.224     8.5823   3.700845    35.1390    27.2936 0.0000e+00
       1430    269.509     8.5820   3.700851    35.1393    27.2938 0.0000e+00
       1431    269.821     8.5808   3.700769    35.1394    27.2941 0.0000e+00
       1432    270.159     8.5788   3.700617    35.1397    27.2946 0.0000e+00
       1433    270.505     8.5772   3.700529    35.1402    27.2952 0.0000e+00
       1434    270.835     8.5763   3.700563    35.1413    27.2962 0.0000e+00
       1435    271.146     8.5759   3.700575    35.1416    27.2966 0.0000e+00
