Datasets/Test_Dataset_39219_tow/tel219_2021_028.cnv
* Sea-Bird SBE19plus Data File:
* Filename = C:/AQUIRE/tel219_2021_028.hex
* Software Version AquireV2 AF V2.0
* Temperature SN =  4020
* Conductivity SN =  4020
* System UpLoad Time = May 09 2021 05:48:35
** VESSEL/TRIP/SEQ STN: tel219_2021_028
** LATITUDE: 45 57.56 N
** LONGITUDE: 56 54.84 W
** DATE/TIME: 2021-05-09 05:10
** SOUNDING DEPTH (M): 0171
** PROBE TYPE: S4020
** CTD NUMBER:  28
** FORMAT: T
** COMMENTS: 
# nquan = 7                                 
# nvalues = 2325                        
# units = specified
# name 0 = scan: Scan Count
# name 1 = prdM: Pressure, Strain Gauge [db]
# name 2 = tv290C: Temperature [ITS-90, deg C]
# name 3 = c0S/m: Conductivity [S/m]
# name 4 = sal00: Salinity, Practical [PSU]
# name 5 = sigma-t00: Density [sigma-t, kg/m^3 ]
# name 6 = flag: flag
# span 0 =          1,       2325       
# span 1 =     -0.212,    162.924       
# span 2 =     1.6105,     5.8526       
# span 3 =   0.005699,   3.071180       
# span 4 =     0.0415,    33.2630       
# span 5 =    -0.0188,    26.4572       
# span 6 = 0.0000e+00, 0.0000e+00       
# interval = seconds: 1
# start_time = May 09 2021 05:10:53 [Instrument's time stamp, header]
# bad_flag = -9.990e-29
*END*
          1     -0.180     5.7861   0.005911     0.0431    -0.0161 0.0000e+00
          2     -0.178     5.7872   0.005914     0.0431    -0.0161 0.0000e+00
          3     -0.179     5.7880   0.005915     0.0432    -0.0161 0.0000e+00
          4     -0.180     5.7881   0.005915     0.0432    -0.0161 0.0000e+00
          5     -0.179     5.7879   0.005912     0.0431    -0.0161 0.0000e+00
          6     -0.177     5.7876   0.005909     0.0431    -0.0161 0.0000e+00
          7     -0.173     5.7873   0.005906     0.0431    -0.0161 0.0000e+00
          8     -0.172     5.7871   0.005903     0.0431    -0.0161 0.0000e+00
          9     -0.175     5.7874   0.005898     0.0430    -0.0162 0.0000e+00
         10     -0.176     5.7881   0.005895     0.0430    -0.0162 0.0000e+00
         11     -0.176     5.7887   0.005897     0.0430    -0.0162 0.0000e+00
         12     -0.177     5.7883   0.005898     0.0430    -0.0162 0.0000e+00
         13     -0.178     5.7869   0.005898     0.0430    -0.0162 0.0000e+00
         14     -0.176     5.7853   0.005899     0.0430    -0.0161 0.0000e+00
         15     -0.174     5.7844   0.005897     0.0430    -0.0161 0.0000e+00
         16     -0.172     5.7839   0.005897     0.0430    -0.0161 0.0000e+00
         17     -0.171     5.7832   0.005899     0.0430    -0.0160 0.0000e+00
         18     -0.174     5.7824   0.005899     0.0430    -0.0160 0.0000e+00
         19     -0.178     5.7813   0.005901     0.0431    -0.0160 0.0000e+00
         20     -0.179     5.7796   0.005902     0.0431    -0.0159 0.0000e+00
         21     -0.177     5.7778   0.005901     0.0431    -0.0159 0.0000e+00
         22     -0.174     5.7767   0.005899     0.0430    -0.0159 0.0000e+00
         23     -0.174     5.7765   0.005899     0.0430    -0.0158 0.0000e+00
         24     -0.176     5.7762   0.005901     0.0431    -0.0158 0.0000e+00
         25     -0.178     5.7762   0.005902     0.0431    -0.0158 0.0000e+00
         26     -0.179     5.7768   0.005898     0.0430    -0.0159 0.0000e+00
         27     -0.177     5.7781   0.005895     0.0430    -0.0159 0.0000e+00
         28     -0.176     5.7795   0.005898     0.0430    -0.0159 0.0000e+00
         29     -0.176     5.7807   0.005902     0.0431    -0.0160 0.0000e+00
         30     -0.175     5.7819   0.005906     0.0431    -0.0160 0.0000e+00
         31     -0.175     5.7830   0.005906     0.0431    -0.0160 0.0000e+00
         32     -0.177     5.7839   0.005901     0.0431    -0.0160 0.0000e+00
         33     -0.178     5.7850   0.005893     0.0430    -0.0161 0.0000e+00
         34     -0.178     5.7860   0.005888     0.0430    -0.0162 0.0000e+00
         35     -0.178     5.7872   0.005886     0.0429    -0.0162 0.0000e+00
         36     -0.176     5.7883   0.005886     0.0429    -0.0163 0.0000e+00
         37     -0.173     5.7893   0.005885     0.0429    -0.0163 0.0000e+00
         38     -0.173     5.7901   0.005883     0.0429    -0.0163 0.0000e+00
         39     -0.177     5.7908   0.005879     0.0429    -0.0164 0.0000e+00
         40     -0.183     5.7916   0.005874     0.0429    -0.0164 0.0000e+00
         41     -0.184     5.7923   0.005871     0.0428    -0.0165 0.0000e+00
         42     -0.181     5.7931   0.005867     0.0428    -0.0165 0.0000e+00
         43     -0.179     5.7937   0.005862     0.0428    -0.0166 0.0000e+00
         44     -0.179     5.7942   0.005853     0.0427    -0.0166 0.0000e+00
         45     -0.180     5.7946   0.005844     0.0426    -0.0167 0.0000e+00
         46     -0.181     5.7951   0.005843     0.0426    -0.0167 0.0000e+00
         47     -0.182     5.7955   0.005847     0.0427    -0.0167 0.0000e+00
         48     -0.181     5.7958   0.005851     0.0427    -0.0167 0.0000e+00
         49     -0.178     5.7964   0.005851     0.0427    -0.0167 0.0000e+00
         50     -0.177     5.7976   0.005848     0.0427    -0.0168 0.0000e+00
         51     -0.180     5.7997   0.005841     0.0426    -0.0169 0.0000e+00
         52     -0.182     5.8025   0.005835     0.0426    -0.0170 0.0000e+00
         53     -0.183     5.8045   0.005828     0.0425    -0.0171 0.0000e+00
         54     -0.183     5.8051   0.005823     0.0425    -0.0171 0.0000e+00
         55     -0.183     5.8047   0.005827     0.0425    -0.0171 0.0000e+00
         56     -0.182     5.8038   0.005835     0.0426    -0.0170 0.0000e+00
         57     -0.179     5.8031   0.005838     0.0426    -0.0170 0.0000e+00
         58     -0.177     5.8031   0.005835     0.0426    -0.0170 0.0000e+00
         59     -0.177     5.8035   0.005830     0.0425    -0.0170 0.0000e+00
         60     -0.175     5.8040   0.005825     0.0425    -0.0171 0.0000e+00
         61     -0.172     5.8049   0.005819     0.0424    -0.0171 0.0000e+00
         62     -0.173     5.8071   0.005814     0.0424    -0.0172 0.0000e+00
         63     -0.177     5.8100   0.005810     0.0424    -0.0173 0.0000e+00
         64     -0.179     5.8123   0.005805     0.0423    -0.0174 0.0000e+00
         65     -0.177     5.8136   0.005804     0.0423    -0.0175 0.0000e+00
         66     -0.171     5.8140   0.005806     0.0423    -0.0175 0.0000e+00
         67     -0.168     5.8140   0.005809     0.0424    -0.0175 0.0000e+00
         68     -0.170     5.8144   0.005810     0.0424    -0.0175 0.0000e+00
         69     -0.174     5.8152   0.005808     0.0424    -0.0175 0.0000e+00
         70     -0.175     5.8161   0.005804     0.0423    -0.0176 0.0000e+00
         71     -0.174     5.8171   0.005798     0.0423    -0.0176 0.0000e+00
         72     -0.174     5.8183   0.005793     0.0422    -0.0177 0.0000e+00
         73     -0.174     5.8196   0.005789     0.0422    -0.0177 0.0000e+00
         74     -0.169     5.8206   0.005786     0.0422    -0.0178 0.0000e+00
         75     -0.165     5.8221   0.005786     0.0422    -0.0178 0.0000e+00
         76     -0.167     5.8251   0.005786     0.0422    -0.0179 0.0000e+00
         77     -0.174     5.8287   0.005788     0.0422    -0.0180 0.0000e+00
         78     -0.180     5.8315   0.005791     0.0422    -0.0181 0.0000e+00
         79     -0.183     5.8320   0.005790     0.0422    -0.0181 0.0000e+00
         80     -0.183     5.8308   0.005787     0.0422    -0.0181 0.0000e+00
         81     -0.181     5.8296   0.005784     0.0422    -0.0181 0.0000e+00
         82     -0.178     5.8292   0.005779     0.0421    -0.0181 0.0000e+00
         83     -0.176     5.8294   0.005778     0.0421    -0.0181 0.0000e+00
         84     -0.175     5.8304   0.005778     0.0421    -0.0181 0.0000e+00
         85     -0.174     5.8321   0.005776     0.0421    -0.0182 0.0000e+00
         86     -0.176     5.8332   0.005775     0.0421    -0.0182 0.0000e+00
         87     -0.180     5.8335   0.005773     0.0421    -0.0182 0.0000e+00
         88     -0.180     5.8331   0.005770     0.0421    -0.0183 0.0000e+00
         89     -0.176     5.8325   0.005766     0.0420    -0.0183 0.0000e+00
         90     -0.174     5.8320   0.005762     0.0420    -0.0183 0.0000e+00
         91     -0.174     5.8327   0.005757     0.0420    -0.0183 0.0000e+00
         92     -0.174     5.8350   0.005751     0.0419    -0.0184 0.0000e+00
         93     -0.175     5.8383   0.005744     0.0419    -0.0186 0.0000e+00
         94     -0.176     5.8415   0.005742     0.0418    -0.0187 0.0000e+00
         95     -0.176     5.8436   0.005746     0.0419    -0.0187 0.0000e+00
         96     -0.177     5.8439   0.005753     0.0419    -0.0187 0.0000e+00
         97     -0.179     5.8428   0.005754     0.0419    -0.0186 0.0000e+00
         98     -0.182     5.8412   0.005747     0.0419    -0.0186 0.0000e+00
         99     -0.182     5.8401   0.005743     0.0419    -0.0186 0.0000e+00
        100     -0.177     5.8397   0.005740     0.0418    -0.0186 0.0000e+00
        101     -0.172     5.8398   0.005739     0.0418    -0.0186 0.0000e+00
        102     -0.173     5.8400   0.005738     0.0418    -0.0186 0.0000e+00
        103     -0.175     5.8398   0.005737     0.0418    -0.0186 0.0000e+00
        104     -0.178     5.8391   0.005737     0.0418    -0.0186 0.0000e+00
        105     -0.183     5.8386   0.005737     0.0418    -0.0186 0.0000e+00
        106     -0.183     5.8394   0.005736     0.0418    -0.0186 0.0000e+00
        107     -0.176     5.8413   0.005738     0.0418    -0.0187 0.0000e+00
        108     -0.170     5.8430   0.005740     0.0418    -0.0187 0.0000e+00
        109     -0.168     5.8442   0.005738     0.0418    -0.0188 0.0000e+00
        110     -0.167     5.8449   0.005736     0.0418    -0.0188 0.0000e+00
        111     -0.167     5.8448   0.005738     0.0418    -0.0188 0.0000e+00
        112     -0.169     5.8435   0.005739     0.0418    -0.0187 0.0000e+00
        113     -0.173     5.8418   0.005739     0.0418    -0.0187 0.0000e+00
        114     -0.179     5.8408   0.005737     0.0418    -0.0187 0.0000e+00
        115     -0.181     5.8414   0.005736     0.0418    -0.0187 0.0000e+00
        116     -0.180     5.8425   0.005733     0.0418    -0.0188 0.0000e+00
        117     -0.180     5.8431   0.005734     0.0418    -0.0188 0.0000e+00
        118     -0.179     5.8430   0.005735     0.0418    -0.0188 0.0000e+00
        119     -0.175     5.8426   0.005734     0.0418    -0.0187 0.0000e+00
        120     -0.173     5.8413   0.005730     0.0418    -0.0187 0.0000e+00
        121     -0.172     5.8392   0.005726     0.0417    -0.0187 0.0000e+00
        122     -0.170     5.8371   0.005724     0.0417    -0.0186 0.0000e+00
        123     -0.169     5.8361   0.005725     0.0417    -0.0186 0.0000e+00
        124     -0.169     5.8356   0.005727     0.0417    -0.0186 0.0000e+00
        125     -0.169     5.8351   0.005728     0.0418    -0.0186 0.0000e+00
        126     -0.171     5.8347   0.005723     0.0417    -0.0186 0.0000e+00
        127     -0.174     5.8347   0.005717     0.0417    -0.0186 0.0000e+00
        128     -0.177     5.8351   0.005717     0.0417    -0.0186 0.0000e+00
        129     -0.177     5.8356   0.005717     0.0417    -0.0186 0.0000e+00
        130     -0.177     5.8360   0.005715     0.0417    -0.0187 0.0000e+00
        131     -0.178     5.8361   0.005715     0.0417    -0.0187 0.0000e+00
        132     -0.176     5.8360   0.005716     0.0417    -0.0187 0.0000e+00
        133     -0.172     5.8362   0.005715     0.0417    -0.0187 0.0000e+00
        134     -0.170     5.8367   0.005714     0.0416    -0.0187 0.0000e+00
        135     -0.171     5.8369   0.005712     0.0416    -0.0187 0.0000e+00
        136     -0.173     5.8369   0.005711     0.0416    -0.0187 0.0000e+00
        137     -0.176     5.8369   0.005709     0.0416    -0.0187 0.0000e+00
        138     -0.178     5.8369   0.005708     0.0416    -0.0187 0.0000e+00
        139     -0.176     5.8368   0.005707     0.0416    -0.0187 0.0000e+00
        140     -0.172     5.8369   0.005708     0.0416    -0.0187 0.0000e+00
        141     -0.169     5.8372   0.005712     0.0416    -0.0187 0.0000e+00
        142     -0.169     5.8373   0.005712     0.0416    -0.0187 0.0000e+00
        143     -0.172     5.8365   0.005707     0.0416    -0.0187 0.0000e+00
        144     -0.177     5.8356   0.005699     0.0415    -0.0187 0.0000e+00
        145     -0.181     5.8361   0.005700     0.0415    -0.0188 0.0000e+00
        146     -0.181     5.8377   0.005711     0.0416    -0.0187 0.0000e+00
        147     -0.180     5.8393   0.005739     0.0418    -0.0186 0.0000e+00
        148     -0.180     5.8401   0.005759     0.0420    -0.0185 0.0000e+00
        149     -0.178     5.8402   0.005760     0.0420    -0.0185 0.0000e+00
        150     -0.172     5.8398   0.005763     0.0420    -0.0185 0.0000e+00
        151     -0.167     5.8395   0.005770     0.0421    -0.0184 0.0000e+00
        152     -0.165     5.8403   0.005770     0.0421    -0.0185 0.0000e+00
        153     -0.167     5.8422   0.005764     0.0420    -0.0186 0.0000e+00
        154     -0.170     5.8447   0.005759     0.0420    -0.0187 0.0000e+00
        155     -0.173     5.8468   0.005758     0.0420    -0.0187 0.0000e+00
        156     -0.173     5.8478   0.005758     0.0420    -0.0188 0.0000e+00
        157     -0.174     5.8475   0.005762     0.0420    -0.0187 0.0000e+00
        158     -0.174     5.8467   0.005767     0.0420    -0.0187 0.0000e+00
        159     -0.173     5.8464   0.005769     0.0420    -0.0187 0.0000e+00
        160     -0.173     5.8466   0.005766     0.0420    -0.0187 0.0000e+00
        161     -0.174     5.8468   0.005770     0.0420    -0.0187 0.0000e+00
        162     -0.172     5.8464   0.005779     0.0421    -0.0186 0.0000e+00
        163     -0.169     5.8452   0.005818     0.0424    -0.0183 0.0000e+00
        164     -0.167     5.8438   0.006036     0.0440    -0.0170 0.0000e+00
        165     -0.164     5.8437   0.006743     0.0492    -0.0129 0.0000e+00
        166     -0.164     5.8453   0.007800     0.0570    -0.0067 0.0000e+00
        167     -0.168     5.8476   0.008537     0.0624    -0.0023 0.0000e+00
        168     -0.170     5.8499   0.008769     0.0642    -0.0010 0.0000e+00
        169     -0.166     5.8517   0.008860     0.0648    -0.0006 0.0000e+00
        170     -0.158     5.8526   0.009700     0.0711     0.0044 0.0000e+00
        171     -0.150     5.8522   0.019562     0.1459     0.0643 0.0000e+00
        172     -0.143     5.8426   0.100429     0.7977     0.5849 0.0000e+00
        173     -0.127     5.6963   0.660774     5.8849     4.6230 0.0000e+00
        174     -0.086     5.2547   1.828467    17.8924    14.1240 0.0000e+00
        175     -0.014     4.7180   2.763102    28.5707    22.6100 0.0000e+00
        176      0.079     4.4303   3.017846    31.7652    25.1712 0.0000e+00
        177      0.189     4.3780   3.005424    31.6709    25.1017 0.0000e+00
        178      0.298     4.3643   2.990947    31.5155    24.9796 0.0000e+00
        179      0.367     4.3281   2.997526    31.6268    25.0716 0.0000e+00
        180      0.384     4.3075   3.018075    31.8864    25.2798 0.0000e+00
        181      0.365     4.2681   3.033281    32.1024    25.4553 0.0000e+00
        182      0.325     4.1739   3.032770    32.1886    25.5332 0.0000e+00
        183      0.298     4.1264   3.030118    32.2041    25.5502 0.0000e+00
        184      0.324     4.1686   3.031739    32.1817    25.5282 0.0000e+00
        185      0.414     4.2001   3.029363    32.1230    25.4784 0.0000e+00
        186      0.537     4.1882   3.026745    32.1039    25.4644 0.0000e+00
        187      0.660     4.1847   3.026483    32.1042    25.4650 0.0000e+00
        188      0.775     4.1915   3.027645    32.1111    25.4698 0.0000e+00
        189      0.873     4.1744   3.029130    32.1452    25.4986 0.0000e+00
        190      0.916     4.1345   3.032278    32.2212    25.5630 0.0000e+00
        191      0.885     4.1051   3.036104    32.2951    25.6246 0.0000e+00
        192      0.830     4.1067   3.034572    32.2756    25.6089 0.0000e+00
        193      0.811     4.1220   3.029584    32.2019    25.5489 0.0000e+00
        194      0.823     4.1249   3.026769    32.1660    25.5201 0.0000e+00
        195      0.830     4.1121   3.025049    32.1583    25.5152 0.0000e+00
        196      0.825     4.0955   3.025144    32.1757    25.5307 0.0000e+00
        197      0.825     4.0910   3.026531    32.1965    25.5476 0.0000e+00
        198      0.837     4.0999   3.027951    32.2044    25.5530 0.0000e+00
        199      0.853     4.1176   3.032557    32.2411    25.5805 0.0000e+00
        200      0.867     4.1477   3.036143    32.2537    25.5875 0.0000e+00
        201      0.869     4.1675   3.035433    32.2259    25.5634 0.0000e+00
        202      0.801     4.1169   3.028101    32.1895    25.5395 0.0000e+00
        203      0.612     4.0027   3.014787    32.1450    25.5154 0.0000e+00
        204      0.395     3.9219   3.007916    32.1435    25.5219 0.0000e+00
        205      0.296     3.9097   3.008653    32.1642    25.5396 0.0000e+00
