Datasets/Test_Dataset_39219_tow/tel219_2021_081.cnv
* Sea-Bird SBE19plus Data File:
* Filename = C:/AQUIRE/tel219_2021_081.hex
* Software Version AquireV2 AF V2.0
* Temperature SN =  4020
* Conductivity SN =  4020
* System UpLoad Time = May 16 2021 16:45:53
** VESSEL/TRIP/SEQ STN: tel219_2021_081
** LATITUDE: 46 04.58 N
** LONGITUDE: 59 47.63 W
** DATE/TIME: 2021-05-16 16:02
** SOUNDING DEPTH (M): 0053
** PROBE TYPE: S4020
** CTD NUMBER: 081
** FORMAT: T
** COMMENTS: 
# nquan = 7                                 
# nvalues = 2715                        
# units = specified
# name 0 = scan: Scan Count
# name 1 = prdM: Pressure, Strain Gauge [db]
# name 2 = tv290C: Temperature [ITS-90, deg C]
# name 3 = c0S/m: Conductivity [S/m]
# name 4 = sal00: Salinity, Practical [PSU]
# name 5 = sigma-t00: Density [sigma-t, kg/m^3 ]
# name 6 = flag: flag
# span 0 =          1,       2715       
# span 1 =     -0.123,     48.274       
# span 2 =     3.2282,     7.7344       
# span 3 =   0.017324,   3.103363       
# span 4 =     0.1319,    32.1885       
# span 5 =     0.0041,    25.6215       
# span 6 = 0.0000e+00, 0.0000e+00       
# interval = seconds: 1
# start_time = May 16 2021 16:02:08 [Instrument's time stamp, header]
# bad_flag = -9.990e-29
*END*
          1      0.038     7.6578   0.027426     0.1967     0.0271 0.0000e+00
          2      0.042     7.6578   0.027445     0.1968     0.0272 0.0000e+00
          3      0.045     7.6578   0.027438     0.1968     0.0272 0.0000e+00
          4      0.050     7.6578   0.027376     0.1963     0.0268 0.0000e+00
          5      0.054     7.6579   0.027283     0.1956     0.0263 0.0000e+00
          6      0.056     7.6581   0.027204     0.1951     0.0258 0.0000e+00
          7      0.055     7.6582   0.027170     0.1948     0.0256 0.0000e+00
          8      0.052     7.6582   0.027187     0.1949     0.0257 0.0000e+00
          9      0.052     7.6581   0.027246     0.1954     0.0260 0.0000e+00
         10      0.054     7.6579   0.027303     0.1958     0.0264 0.0000e+00
         11      0.053     7.6578   0.027284     0.1957     0.0263 0.0000e+00
         12      0.049     7.6578   0.027210     0.1951     0.0258 0.0000e+00
         13      0.048     7.6578   0.027174     0.1948     0.0256 0.0000e+00
         14      0.051     7.6577   0.027205     0.1951     0.0258 0.0000e+00
         15      0.053     7.6578   0.027263     0.1955     0.0262 0.0000e+00
         16      0.052     7.6579   0.027280     0.1956     0.0262 0.0000e+00
         17      0.052     7.6582   0.027211     0.1951     0.0258 0.0000e+00
         18      0.054     7.6585   0.027063     0.1940     0.0249 0.0000e+00
         19      0.056     7.6588   0.026897     0.1928     0.0239 0.0000e+00
         20      0.055     7.6592   0.026789     0.1920     0.0233 0.0000e+00
         21      0.050     7.6593   0.026756     0.1917     0.0231 0.0000e+00
         22      0.047     7.6593   0.026769     0.1918     0.0232 0.0000e+00
         23      0.047     7.6592   0.026796     0.1920     0.0233 0.0000e+00
         24      0.047     7.6592   0.026792     0.1920     0.0233 0.0000e+00
         25      0.048     7.6593   0.026733     0.1916     0.0230 0.0000e+00
         26      0.050     7.6593   0.026646     0.1909     0.0224 0.0000e+00
         27      0.050     7.6593   0.026556     0.1903     0.0219 0.0000e+00
         28      0.050     7.6591   0.026481     0.1897     0.0215 0.0000e+00
         29      0.051     7.6589   0.026444     0.1894     0.0213 0.0000e+00
         30      0.050     7.6589   0.026449     0.1895     0.0213 0.0000e+00
         31      0.047     7.6588   0.026472     0.1897     0.0215 0.0000e+00
         32      0.044     7.6589   0.026475     0.1897     0.0215 0.0000e+00
         33      0.045     7.6590   0.026428     0.1893     0.0212 0.0000e+00
         34      0.050     7.6589   0.026313     0.1885     0.0205 0.0000e+00
         35      0.053     7.6589   0.026171     0.1874     0.0197 0.0000e+00
         36      0.052     7.6588   0.026094     0.1869     0.0192 0.0000e+00
         37      0.051     7.6586   0.026136     0.1872     0.0195 0.0000e+00
         38      0.051     7.6584   0.026262     0.1881     0.0202 0.0000e+00
         39      0.052     7.6582   0.026366     0.1889     0.0209 0.0000e+00
         40      0.053     7.6582   0.026374     0.1889     0.0209 0.0000e+00
         41      0.053     7.6581   0.026320     0.1885     0.0206 0.0000e+00
         42      0.052     7.6579   0.026278     0.1882     0.0204 0.0000e+00
         43      0.052     7.6579   0.026268     0.1882     0.0203 0.0000e+00
         44      0.053     7.6582   0.026270     0.1882     0.0203 0.0000e+00
         45      0.053     7.6584   0.026265     0.1881     0.0203 0.0000e+00
         46      0.055     7.6585   0.026225     0.1878     0.0200 0.0000e+00
         47      0.058     7.6584   0.026138     0.1872     0.0195 0.0000e+00
         48      0.057     7.6582   0.026039     0.1865     0.0190 0.0000e+00
         49      0.054     7.6582   0.025988     0.1861     0.0187 0.0000e+00
         50      0.052     7.6582   0.026007     0.1862     0.0188 0.0000e+00
         51      0.048     7.6580   0.026089     0.1868     0.0193 0.0000e+00
         52      0.046     7.6578   0.026214     0.1878     0.0200 0.0000e+00
         53      0.048     7.6575   0.026324     0.1886     0.0207 0.0000e+00
         54      0.049     7.6572   0.026344     0.1887     0.0208 0.0000e+00
         55      0.051     7.6570   0.026289     0.1883     0.0205 0.0000e+00
         56      0.053     7.6570   0.026269     0.1882     0.0204 0.0000e+00
         57      0.052     7.6569   0.026344     0.1887     0.0208 0.0000e+00
         58      0.051     7.6569   0.026472     0.1897     0.0216 0.0000e+00
         59      0.050     7.6567   0.026581     0.1905     0.0222 0.0000e+00
         60      0.047     7.6564   0.026609     0.1907     0.0224 0.0000e+00
         61      0.045     7.6565   0.026544     0.1902     0.0220 0.0000e+00
         62      0.046     7.6568   0.026432     0.1894     0.0213 0.0000e+00
         63      0.051     7.6569   0.026339     0.1887     0.0208 0.0000e+00
         64      0.058     7.6568   0.026301     0.1884     0.0206 0.0000e+00
         65      0.060     7.6569   0.026318     0.1885     0.0207 0.0000e+00
         66      0.056     7.6569   0.026349     0.1888     0.0208 0.0000e+00
         67      0.051     7.6566   0.026346     0.1887     0.0208 0.0000e+00
         68      0.047     7.6563   0.026281     0.1883     0.0205 0.0000e+00
         69      0.047     7.6563   0.026182     0.1875     0.0199 0.0000e+00
         70      0.049     7.6564   0.026098     0.1869     0.0194 0.0000e+00
         71      0.048     7.6566   0.026055     0.1866     0.0191 0.0000e+00
         72      0.047     7.6566   0.026058     0.1866     0.0192 0.0000e+00
         73      0.048     7.6563   0.026107     0.1870     0.0195 0.0000e+00
         74      0.049     7.6560   0.026168     0.1874     0.0198 0.0000e+00
         75      0.049     7.6556   0.026204     0.1877     0.0201 0.0000e+00
         76      0.049     7.6555   0.026199     0.1877     0.0201 0.0000e+00
         77      0.046     7.6557   0.026167     0.1874     0.0199 0.0000e+00
         78      0.040     7.6558   0.026143     0.1872     0.0197 0.0000e+00
         79      0.035     7.6556   0.026153     0.1873     0.0198 0.0000e+00
         80      0.036     7.6555   0.026182     0.1875     0.0200 0.0000e+00
         81      0.042     7.6557   0.026198     0.1877     0.0200 0.0000e+00
         82      0.049     7.6558   0.026175     0.1875     0.0199 0.0000e+00
         83      0.050     7.6558   0.026106     0.1870     0.0195 0.0000e+00
         84      0.049     7.6560   0.026007     0.1862     0.0189 0.0000e+00
         85      0.047     7.6561   0.025927     0.1857     0.0184 0.0000e+00
         86      0.044     7.6558   0.025915     0.1856     0.0184 0.0000e+00
         87      0.041     7.6553   0.025971     0.1860     0.0187 0.0000e+00
         88      0.042     7.6551   0.026046     0.1865     0.0192 0.0000e+00
         89      0.049     7.6554   0.026078     0.1868     0.0194 0.0000e+00
         90      0.055     7.6556   0.026041     0.1865     0.0191 0.0000e+00
         91      0.055     7.6555   0.025970     0.1860     0.0187 0.0000e+00
         92      0.049     7.6552   0.025910     0.1855     0.0184 0.0000e+00
         93      0.046     7.6550   0.025889     0.1854     0.0183 0.0000e+00
         94      0.047     7.6548   0.025930     0.1857     0.0185 0.0000e+00
         95      0.050     7.6547   0.026036     0.1865     0.0191 0.0000e+00
         96      0.051     7.6546   0.026146     0.1873     0.0198 0.0000e+00
         97      0.051     7.6543   0.026195     0.1876     0.0201 0.0000e+00
         98      0.051     7.6542   0.026164     0.1874     0.0199 0.0000e+00
         99      0.050     7.6546   0.026086     0.1868     0.0194 0.0000e+00
        100      0.048     7.6547   0.026028     0.1864     0.0191 0.0000e+00
        101      0.048     7.6547   0.026036     0.1865     0.0191 0.0000e+00
        102      0.047     7.6547   0.026109     0.1870     0.0196 0.0000e+00
        103      0.047     7.6545   0.026223     0.1878     0.0203 0.0000e+00
        104      0.050     7.6541   0.026317     0.1885     0.0208 0.0000e+00
        105      0.052     7.6541   0.026327     0.1886     0.0209 0.0000e+00
        106      0.049     7.6543   0.026251     0.1880     0.0204 0.0000e+00
        107      0.045     7.6544   0.026176     0.1875     0.0200 0.0000e+00
        108      0.043     7.6542   0.026192     0.1876     0.0201 0.0000e+00
        109      0.043     7.6540   0.026311     0.1885     0.0208 0.0000e+00
        110      0.045     7.6537   0.026453     0.1895     0.0217 0.0000e+00
        111      0.048     7.6535   0.026532     0.1901     0.0221 0.0000e+00
        112      0.052     7.6535   0.026539     0.1902     0.0222 0.0000e+00
        113      0.052     7.6533   0.026507     0.1899     0.0220 0.0000e+00
        114      0.050     7.6534   0.026479     0.1897     0.0218 0.0000e+00
        115      0.049     7.6538   0.026470     0.1897     0.0217 0.0000e+00
        116      0.050     7.6540   0.026467     0.1896     0.0217 0.0000e+00
        117      0.052     7.6539   0.026451     0.1895     0.0216 0.0000e+00
        118      0.052     7.6536   0.026428     0.1894     0.0215 0.0000e+00
        119      0.049     7.6533   0.026435     0.1894     0.0216 0.0000e+00
        120      0.046     7.6532   0.026500     0.1899     0.0220 0.0000e+00
        121      0.045     7.6531   0.026602     0.1906     0.0226 0.0000e+00
        122      0.046     7.6528   0.026682     0.1912     0.0230 0.0000e+00
        123      0.048     7.6525   0.026709     0.1914     0.0232 0.0000e+00
        124      0.050     7.6526   0.026700     0.1914     0.0232 0.0000e+00
        125      0.051     7.6526   0.026696     0.1913     0.0231 0.0000e+00
        126      0.052     7.6525   0.026725     0.1916     0.0233 0.0000e+00
        127      0.054     7.6523   0.026782     0.1920     0.0237 0.0000e+00
        128      0.056     7.6523   0.026831     0.1923     0.0240 0.0000e+00
        129      0.055     7.6521   0.026845     0.1924     0.0240 0.0000e+00
        130      0.052     7.6518   0.026841     0.1924     0.0240 0.0000e+00
        131      0.049     7.6517   0.026868     0.1926     0.0242 0.0000e+00
        132      0.046     7.6519   0.026922     0.1930     0.0245 0.0000e+00
        133      0.045     7.6521   0.026959     0.1933     0.0247 0.0000e+00
        134      0.048     7.6521   0.026968     0.1934     0.0248 0.0000e+00
        135      0.052     7.6520   0.026965     0.1933     0.0248 0.0000e+00
        136      0.053     7.6520   0.026960     0.1933     0.0247 0.0000e+00
        137      0.049     7.6521   0.026935     0.1931     0.0246 0.0000e+00
        138      0.046     7.6521   0.026885     0.1927     0.0243 0.0000e+00
        139      0.045     7.6519   0.026831     0.1923     0.0240 0.0000e+00
        140      0.045     7.6518   0.026811     0.1922     0.0239 0.0000e+00
        141      0.047     7.6520   0.026848     0.1925     0.0241 0.0000e+00
        142      0.049     7.6521   0.026918     0.1930     0.0245 0.0000e+00
        143      0.050     7.6518   0.026972     0.1934     0.0248 0.0000e+00
        144      0.050     7.6515   0.026990     0.1935     0.0249 0.0000e+00
        145      0.048     7.6513   0.026990     0.1935     0.0249 0.0000e+00
        146      0.044     7.6513   0.027016     0.1937     0.0251 0.0000e+00
        147      0.042     7.6512   0.027075     0.1941     0.0254 0.0000e+00
        148      0.041     7.6511   0.027136     0.1946     0.0258 0.0000e+00
        149      0.041     7.6509   0.027161     0.1948     0.0260 0.0000e+00
        150      0.042     7.6506   0.027165     0.1948     0.0260 0.0000e+00
        151      0.042     7.6505   0.027196     0.1950     0.0262 0.0000e+00
        152      0.041     7.6503   0.027278     0.1957     0.0267 0.0000e+00
        153      0.040     7.6502   0.027389     0.1965     0.0274 0.0000e+00
        154      0.040     7.6503   0.027490     0.1972     0.0279 0.0000e+00
        155      0.041     7.6505   0.027562     0.1977     0.0283 0.0000e+00
        156      0.043     7.6506   0.027593     0.1980     0.0285 0.0000e+00
        157      0.043     7.6506   0.027596     0.1980     0.0285 0.0000e+00
        158      0.042     7.6505   0.027618     0.1982     0.0287 0.0000e+00
        159      0.041     7.6505   0.027671     0.1986     0.0290 0.0000e+00
        160      0.039     7.6503   0.027711     0.1989     0.0292 0.0000e+00
        161      0.038     7.6504   0.027707     0.1988     0.0292 0.0000e+00
        162      0.039     7.6505   0.027660     0.1985     0.0289 0.0000e+00
        163      0.039     7.6502   0.027607     0.1981     0.0286 0.0000e+00
        164      0.038     7.6499   0.027589     0.1980     0.0285 0.0000e+00
        165      0.039     7.6498   0.027606     0.1981     0.0286 0.0000e+00
        166      0.040     7.6499   0.027624     0.1982     0.0287 0.0000e+00
        167      0.041     7.6501   0.027616     0.1981     0.0287 0.0000e+00
        168      0.042     7.6501   0.027572     0.1978     0.0284 0.0000e+00
        169      0.042     7.6497   0.027517     0.1974     0.0281 0.0000e+00
        170      0.038     7.6494   0.027491     0.1972     0.0280 0.0000e+00
        171      0.035     7.6493   0.027512     0.1974     0.0281 0.0000e+00
        172      0.036     7.6492   0.027556     0.1977     0.0284 0.0000e+00
        173      0.038     7.6490   0.027582     0.1979     0.0286 0.0000e+00
        174      0.040     7.6490   0.027558     0.1977     0.0284 0.0000e+00
        175      0.043     7.6488   0.027487     0.1972     0.0280 0.0000e+00
        176      0.046     7.6487   0.027409     0.1966     0.0276 0.0000e+00
        177      0.045     7.6490   0.027359     0.1963     0.0272 0.0000e+00
        178      0.042     7.6492   0.027329     0.1960     0.0271 0.0000e+00
        179      0.042     7.6490   0.027310     0.1959     0.0270 0.0000e+00
        180      0.040     7.6486   0.027304     0.1959     0.0269 0.0000e+00
        181      0.039     7.6486   0.027317     0.1959     0.0270 0.0000e+00
        182      0.041     7.6486   0.027319     0.1960     0.0270 0.0000e+00
        183      0.044     7.6485   0.027297     0.1958     0.0269 0.0000e+00
        184      0.044     7.6481   0.027285     0.1957     0.0269 0.0000e+00
        185      0.044     7.6478   0.027316     0.1959     0.0271 0.0000e+00
        186      0.045     7.6477   0.027355     0.1962     0.0273 0.0000e+00
        187      0.045     7.6479   0.027336     0.1961     0.0272 0.0000e+00
        188      0.042     7.6480   0.027256     0.1955     0.0267 0.0000e+00
        189      0.037     7.6479   0.027180     0.1949     0.0263 0.0000e+00
        190      0.036     7.6474   0.027151     0.1947     0.0261 0.0000e+00
        191      0.038     7.6471   0.027163     0.1948     0.0262 0.0000e+00
        192      0.039     7.6470   0.027175     0.1949     0.0263 0.0000e+00
        193      0.040     7.6468   0.027137     0.1946     0.0261 0.0000e+00
        194      0.043     7.6468   0.027051     0.1940     0.0256 0.0000e+00
        195      0.046     7.6471   0.026976     0.1934     0.0251 0.0000e+00
        196      0.047     7.6472   0.026940     0.1932     0.0249 0.0000e+00
        197      0.047     7.6470   0.026931     0.1931     0.0249 0.0000e+00
        198      0.048     7.6466   0.026930     0.1931     0.0249 0.0000e+00
        199      0.048     7.6464   0.026925     0.1931     0.0249 0.0000e+00
        200      0.047     7.6464   0.026922     0.1930     0.0248 0.0000e+00
        201      0.047     7.6462   0.026907     0.1929     0.0248 0.0000e+00
        202      0.045     7.6462   0.026872     0.1927     0.0246 0.0000e+00
        203      0.043     7.6461   0.026837     0.1924     0.0244 0.0000e+00
        204      0.043     7.6458   0.026818     0.1923     0.0243 0.0000e+00
        205      0.043     7.6456   0.026800     0.1921     0.0242 0.0000e+00
