Datasets/Test_Dataset_39219_tow/tel219_2021_003.cnv
* Sea-Bird SBE19plus Data File:
* Filename = C:/AQUIRE/tel219_2021_003.hex
* Software Version AquireV2 AF V2.0
* Temperature SN =  4020
* Conductivity SN =  4020
* System UpLoad Time = May 06 2021 05:21:40
** VESSEL/TRIP/SEQ STN: tel219_2021_003
** LATITUDE: 45 54.58 N
** LONGITUDE: 54 01.44 W
** DATE/TIME: 2021-05-06 04:24
** SOUNDING DEPTH (M): 0127
** PROBE TYPE: S4020
** CTD NUMBER:   3
** FORMAT: t
** COMMENTS: 
# nquan = 7                                 
# nvalues = 2728                        
# units = specified
# name 0 = scan: Scan Count
# name 1 = prdM: Pressure, Strain Gauge [db]
# name 2 = tv290C: Temperature [ITS-90, deg C]
# name 3 = c0S/m: Conductivity [S/m]
# name 4 = sal00: Salinity, Practical [PSU]
# name 5 = sigma-t00: Density [sigma-t, kg/m^3 ]
# name 6 = flag: flag
# span 0 =          1,       2728       
# span 1 =     -0.095,    123.717       
# span 2 =     0.5914,     3.2392       
# span 3 =   0.004008,   2.951093       
# span 4 =     0.0304,    32.6742       
# span 5 =    -0.0069,    26.1963       
# span 6 = 0.0000e+00, 0.0000e+00       
# interval = seconds: 1
# start_time = May 06 2021 04:24:57 [Instrument's time stamp, header]
# bad_flag = -9.990e-29
*END*
[from data line 1231]
       1232    123.346     0.6094   2.779621    32.6287    26.1613 0.0000e+00
       1233    123.350     0.6094   2.779618    32.6287    26.1613 0.0000e+00
       1234    123.353     0.6095   2.779634    32.6288    26.1613 0.0000e+00
       1235    123.343     0.6096   2.779636    32.6287    26.1613 0.0000e+00
       1236    123.328     0.6097   2.779631    32.6285    26.1611 0.0000e+00
       1237    123.323     0.6099   2.779659    32.6287    26.1612 0.0000e+00
       1238    123.328     0.6104   2.779708    32.6288    26.1613 0.0000e+00
       1239    123.334     0.6110   2.779745    32.6286    26.1611 0.0000e+00
       1240    123.336     0.6115   2.779771    32.6285    26.1610 0.0000e+00
       1241    123.330     0.6117   2.779777    32.6283    26.1608 0.0000e+00
       1242    123.325     0.6115   2.779753    32.6282    26.1608 0.0000e+00
       1243    123.332     0.6115   2.779746    32.6281    26.1607 0.0000e+00
       1244    123.340     0.6116   2.779766    32.6283    26.1608 0.0000e+00
       1245    123.341     0.6117   2.779775    32.6283    26.1608 0.0000e+00
       1246    123.335     0.6119   2.779794    32.6283    26.1608 0.0000e+00
       1247    123.327     0.6127   2.779863    32.6284    26.1608 0.0000e+00
       1248    123.323     0.6139   2.779960    32.6284    26.1608 0.0000e+00
       1249    123.324     0.6147   2.780017    32.6283    26.1606 0.0000e+00
       1250    123.328     0.6146   2.779993    32.6281    26.1605 0.0000e+00
       1251    123.333     0.6141   2.779949    32.6280    26.1605 0.0000e+00
       1252    123.336     0.6140   2.779945    32.6281    26.1605 0.0000e+00
       1253    123.333     0.6141   2.779968    32.6283    26.1607 0.0000e+00
       1254    123.325     0.6143   2.779984    32.6283    26.1606 0.0000e+00
       1255    123.320     0.6143   2.779980    32.6282    26.1606 0.0000e+00
       1256    123.320     0.6142   2.779970    32.6282    26.1606 0.0000e+00
       1257    123.320     0.6145   2.779984    32.6281    26.1605 0.0000e+00
       1258    123.318     0.6154   2.780048    32.6279    26.1603 0.0000e+00
       1259    123.315     0.6165   2.780133    32.6279    26.1602 0.0000e+00
       1260    123.310     0.6177   2.780209    32.6276    26.1599 0.0000e+00
       1261    123.305     0.6190   2.780314    32.6276    26.1598 0.0000e+00
       1262    123.301     0.6196   2.780371    32.6277    26.1599 0.0000e+00
       1263    123.296     0.6187   2.780302    32.6277    26.1600 0.0000e+00
       1264    123.295     0.6173   2.780195    32.6278    26.1601 0.0000e+00
       1265    123.299     0.6162   2.780122    32.6281    26.1604 0.0000e+00
       1266    123.303     0.6159   2.780097    32.6280    26.1604 0.0000e+00
       1267    123.301     0.6160   2.780112    32.6281    26.1605 0.0000e+00
       1268    123.292     0.6164   2.780147    32.6282    26.1605 0.0000e+00
       1269    123.287     0.6167   2.780180    32.6283    26.1605 0.0000e+00
       1270    123.292     0.6167   2.780179    32.6283    26.1605 0.0000e+00
       1271    123.298     0.6164   2.780154    32.6283    26.1605 0.0000e+00
       1272    123.301     0.6163   2.780145    32.6282    26.1605 0.0000e+00
       1273    123.297     0.6164   2.780149    32.6282    26.1605 0.0000e+00
       1274    123.286     0.6164   2.780147    32.6282    26.1605 0.0000e+00
       1275    123.274     0.6167   2.780152    32.6279    26.1602 0.0000e+00
       1276    123.269     0.6170   2.780171    32.6279    26.1602 0.0000e+00
       1277    123.270     0.6174   2.780205    32.6279    26.1602 0.0000e+00
       1278    123.274     0.6178   2.780242    32.6279    26.1602 0.0000e+00
       1279    123.276     0.6180   2.780259    32.6279    26.1602 0.0000e+00
       1280    123.272     0.6183   2.780273    32.6278    26.1601 0.0000e+00
       1281    123.264     0.6192   2.780334    32.6277    26.1599 0.0000e+00
       1282    123.259     0.6206   2.780454    32.6277    26.1599 0.0000e+00
       1283    123.268     0.6218   2.780562    32.6279    26.1599 0.0000e+00
       1284    123.286     0.6221   2.780577    32.6277    26.1598 0.0000e+00
       1285    123.298     0.6222   2.780565    32.6275    26.1596 0.0000e+00
       1286    123.295     0.6225   2.780600    32.6276    26.1597 0.0000e+00
       1287    123.282     0.6225   2.780613    32.6278    26.1598 0.0000e+00
       1288    123.272     0.6223   2.780596    32.6278    26.1598 0.0000e+00
       1289    123.272     0.6224   2.780605    32.6278    26.1598 0.0000e+00
       1290    123.279     0.6228   2.780638    32.6278    26.1598 0.0000e+00
       1291    123.283     0.6231   2.780655    32.6277    26.1597 0.0000e+00
       1292    123.279     0.6239   2.780699    32.6274    26.1594 0.0000e+00
       1293    123.273     0.6250   2.780806    32.6276    26.1596 0.0000e+00
       1294    123.275     0.6260   2.780889    32.6277    26.1595 0.0000e+00
       1295    123.287     0.6263   2.780908    32.6276    26.1594 0.0000e+00
       1296    123.301     0.6262   2.780906    32.6277    26.1595 0.0000e+00
       1297    123.311     0.6252   2.780832    32.6277    26.1596 0.0000e+00
       1298    123.313     0.6235   2.780678    32.6275    26.1596 0.0000e+00
       1299    123.308     0.6220   2.780558    32.6276    26.1597 0.0000e+00
       1300    123.301     0.6215   2.780514    32.6275    26.1597 0.0000e+00
       1301    123.293     0.6217   2.780532    32.6276    26.1597 0.0000e+00
       1302    123.287     0.6224   2.780592    32.6276    26.1597 0.0000e+00
       1303    123.287     0.6238   2.780689    32.6274    26.1594 0.0000e+00
       1304    123.294     0.6256   2.780847    32.6275    26.1594 0.0000e+00
       1305    123.302     0.6269   2.780979    32.6279    26.1596 0.0000e+00
       1306    123.307     0.6269   2.780963    32.6276    26.1595 0.0000e+00
       1307    123.306     0.6261   2.780875    32.6274    26.1593 0.0000e+00
       1308    123.304     0.6256   2.780835    32.6274    26.1593 0.0000e+00
       1309    123.305     0.6250   2.780798    32.6275    26.1595 0.0000e+00
       1310    123.308     0.6243   2.780748    32.6276    26.1596 0.0000e+00
       1311    123.309     0.6237   2.780712    32.6278    26.1597 0.0000e+00
       1312    123.312     0.6226   2.780632    32.6279    26.1599 0.0000e+00
       1313    123.318     0.6214   2.780511    32.6276    26.1597 0.0000e+00
       1314    123.320     0.6204   2.780426    32.6275    26.1597 0.0000e+00
       1315    123.314     0.6204   2.780422    32.6275    26.1597 0.0000e+00
       1316    123.302     0.6210   2.780483    32.6277    26.1598 0.0000e+00
       1317    123.292     0.6216   2.780536    32.6277    26.1598 0.0000e+00
       1318    123.290     0.6216   2.780527    32.6276    26.1597 0.0000e+00
       1319    123.296     0.6211   2.780481    32.6275    26.1597 0.0000e+00
       1320    123.308     0.6206   2.780441    32.6275    26.1597 0.0000e+00
       1321    123.318     0.6203   2.780423    32.6276    26.1598 0.0000e+00
       1322    123.314     0.6202   2.780418    32.6277    26.1598 0.0000e+00
       1323    123.296     0.6202   2.780411    32.6276    26.1598 0.0000e+00
       1324    123.279     0.6204   2.780418    32.6275    26.1597 0.0000e+00
       1325    123.276     0.6212   2.780479    32.6274    26.1596 0.0000e+00
       1326    123.287     0.6224   2.780581    32.6275    26.1596 0.0000e+00
       1327    123.303     0.6236   2.780674    32.6274    26.1594 0.0000e+00
       1328    123.309     0.6240   2.780707    32.6274    26.1594 0.0000e+00
       1329    123.291     0.6240   2.780699    32.6273    26.1593 0.0000e+00
       1330    123.254     0.6241   2.780704    32.6273    26.1593 0.0000e+00
       1331    123.224     0.6246   2.780749    32.6274    26.1593 0.0000e+00
       1332    123.221     0.6256   2.780832    32.6274    26.1593 0.0000e+00
       1333    123.233     0.6270   2.780933    32.6272    26.1591 0.0000e+00
       1334    123.240     0.6284   2.781030    32.6270    26.1588 0.0000e+00
       1335    123.237     0.6294   2.781110    32.6270    26.1588 0.0000e+00
       1336    123.231     0.6294   2.781109    32.6269    26.1588 0.0000e+00
       1337    123.233     0.6287   2.781045    32.6269    26.1587 0.0000e+00
       1338    123.247     0.6289   2.781077    32.6270    26.1589 0.0000e+00
       1339    123.266     0.6296   2.781147    32.6272    26.1590 0.0000e+00
       1340    123.284     0.6290   2.781093    32.6271    26.1589 0.0000e+00
       1341    123.291     0.6276   2.780965    32.6269    26.1589 0.0000e+00
       1342    123.282     0.6263   2.780862    32.6270    26.1590 0.0000e+00
       1343    123.269     0.6259   2.780824    32.6269    26.1589 0.0000e+00
       1344    123.267     0.6260   2.780853    32.6272    26.1591 0.0000e+00
       1345    123.276     0.6262   2.780881    32.6273    26.1593 0.0000e+00
       1346    123.282     0.6262   2.780867    32.6272    26.1591 0.0000e+00
       1347    123.282     0.6267   2.780889    32.6269    26.1589 0.0000e+00
       1348    123.285     0.6278   2.780981    32.6269    26.1588 0.0000e+00
       1349    123.296     0.6297   2.781124    32.6268    26.1586 0.0000e+00
       1350    123.313     0.6318   2.781307    32.6269    26.1586 0.0000e+00
       1351    123.323     0.6319   2.781345    32.6273    26.1589 0.0000e+00
       1352    123.321     0.6295   2.781109    32.6268    26.1586 0.0000e+00
       1353    123.314     0.6275   2.780915    32.6264    26.1584 0.0000e+00
       1354    123.309     0.6277   2.780957    32.6267    26.1587 0.0000e+00
       1355    123.306     0.6291   2.781071    32.6267    26.1586 0.0000e+00
       1356    123.303     0.6303   2.781175    32.6268    26.1586 0.0000e+00
       1357    123.301     0.6311   2.781239    32.6268    26.1585 0.0000e+00
       1358    123.302     0.6315   2.781256    32.6266    26.1584 0.0000e+00
       1359    123.302     0.6317   2.781268    32.6265    26.1583 0.0000e+00
       1360    123.301     0.6314   2.781248    32.6266    26.1584 0.0000e+00
       1361    123.298     0.6304   2.781177    32.6267    26.1585 0.0000e+00
       1362    123.295     0.6290   2.781065    32.6268    26.1586 0.0000e+00
       1363    123.296     0.6280   2.780973    32.6266    26.1586 0.0000e+00
       1364    123.299     0.6276   2.780934    32.6265    26.1585 0.0000e+00
       1365    123.299     0.6280   2.780957    32.6264    26.1584 0.0000e+00
       1366    123.293     0.6288   2.781037    32.6266    26.1585 0.0000e+00
       1367    123.288     0.6299   2.781123    32.6266    26.1584 0.0000e+00
       1368    123.285     0.6303   2.781167    32.6267    26.1585 0.0000e+00
       1369    123.287     0.6299   2.781122    32.6266    26.1584 0.0000e+00
       1370    123.294     0.6288   2.781021    32.6264    26.1584 0.0000e+00
       1371    123.301     0.6282   2.780976    32.6264    26.1584 0.0000e+00
       1372    123.299     0.6281   2.780982    32.6266    26.1586 0.0000e+00
       1373    123.287     0.6283   2.780995    32.6266    26.1585 0.0000e+00
       1374    123.273     0.6289   2.781034    32.6265    26.1584 0.0000e+00
       1375    123.268     0.6301   2.781114    32.6262    26.1582 0.0000e+00
       1376    123.268     0.6313   2.781210    32.6262    26.1581 0.0000e+00
       1377    123.264     0.6321   2.781272    32.6262    26.1580 0.0000e+00
       1378    123.254     0.6328   2.781305    32.6259    26.1577 0.0000e+00
       1379    123.242     0.6335   2.781372    32.6260    26.1578 0.0000e+00
       1380    123.227     0.6334   2.781376    32.6262    26.1579 0.0000e+00
       1381    123.215     0.6324   2.781270    32.6259    26.1577 0.0000e+00
       1382    123.213     0.6318   2.781216    32.6258    26.1577 0.0000e+00
       1383    123.217     0.6322   2.781267    32.6260    26.1579 0.0000e+00
       1384    123.219     0.6332   2.781344    32.6260    26.1578 0.0000e+00
       1385    123.213     0.6343   2.781417    32.6258    26.1575 0.0000e+00
       1386    123.201     0.6358   2.781535    32.6257    26.1574 0.0000e+00
       1387    123.194     0.6369   2.781641    32.6259    26.1575 0.0000e+00
       1388    123.197     0.6371   2.781643    32.6257    26.1574 0.0000e+00
       1389    123.201     0.6372   2.781636    32.6256    26.1572 0.0000e+00
       1390    123.202     0.6378   2.781681    32.6255    26.1571 0.0000e+00
       1391    123.200     0.6383   2.781728    32.6256    26.1572 0.0000e+00
       1392    123.201     0.6386   2.781751    32.6256    26.1571 0.0000e+00
       1393    123.206     0.6390   2.781772    32.6254    26.1570 0.0000e+00
       1394    123.208     0.6398   2.781836    32.6254    26.1569 0.0000e+00
       1395    123.205     0.6404   2.781906    32.6257    26.1571 0.0000e+00
       1396    123.202     0.6404   2.781890    32.6255    26.1570 0.0000e+00
       1397    123.207     0.6398   2.781829    32.6253    26.1569 0.0000e+00
       1398    123.219     0.6380   2.781706    32.6256    26.1572 0.0000e+00
       1399    123.226     0.6354   2.781484    32.6255    26.1572 0.0000e+00
       1400    123.222     0.6336   2.781322    32.6253    26.1572 0.0000e+00
       1401    123.210     0.6330   2.781296    32.6256    26.1575 0.0000e+00
       1402    123.197     0.6333   2.781333    32.6257    26.1576 0.0000e+00
       1403    123.190     0.6338   2.781366    32.6257    26.1575 0.0000e+00
       1404    123.195     0.6343   2.781384    32.6254    26.1572 0.0000e+00
       1405    123.210     0.6355   2.781468    32.6252    26.1570 0.0000e+00
       1406    123.217     0.6373   2.781627    32.6253    26.1570 0.0000e+00
       1407    123.209     0.6396   2.781782    32.6249    26.1566 0.0000e+00
       1408    123.197     0.6425   2.782004    32.6247    26.1562 0.0000e+00
       1409    123.190     0.6448   2.782214    32.6250    26.1564 0.0000e+00
       1410    123.194     0.6448   2.782205    32.6249    26.1563 0.0000e+00
       1411    123.202     0.6434   2.782085    32.6248    26.1563 0.0000e+00
       1412    123.202     0.6420   2.781971    32.6248    26.1564 0.0000e+00
       1413    123.193     0.6413   2.781909    32.6248    26.1563 0.0000e+00
       1414    123.187     0.6416   2.781954    32.6250    26.1565 0.0000e+00
       1415    123.190     0.6419   2.781996    32.6253    26.1567 0.0000e+00
       1416    123.195     0.6412   2.781921    32.6250    26.1566 0.0000e+00
       1417    123.194     0.6406   2.781844    32.6247    26.1563 0.0000e+00
       1418    123.189     0.6417   2.781935    32.6247    26.1563 0.0000e+00
       1419    123.183     0.6444   2.782171    32.6249    26.1563 0.0000e+00
       1420    123.177     0.6475   2.782398    32.6246    26.1558 0.0000e+00
       1421    123.174     0.6495   2.782534    32.6242    26.1554 0.0000e+00
       1422    123.176     0.6505   2.782604    32.6241    26.1553 0.0000e+00
       1423    123.182     0.6515   2.782704    32.6243    26.1554 0.0000e+00
       1424    123.189     0.6516   2.782738    32.6246    26.1557 0.0000e+00
       1425    123.193     0.6496   2.782549    32.6243    26.1555 0.0000e+00
       1426    123.189     0.6471   2.782330    32.6241    26.1555 0.0000e+00
       1427    123.176     0.6462   2.782284    32.6245    26.1558 0.0000e+00
       1428    123.165     0.6466   2.782342    32.6248    26.1561 0.0000e+00
       1429    123.163     0.6467   2.782337    32.6246    26.1559 0.0000e+00
       1430    123.165     0.6466   2.782303    32.6243    26.1557 0.0000e+00
       1431    123.164     0.6475   2.782389    32.6245    26.1558 0.0000e+00
       1432    123.160     0.6492   2.782518    32.6243    26.1556 0.0000e+00
       1433    123.157     0.6505   2.782624    32.6243    26.1555 0.0000e+00
       1434    123.156     0.6503   2.782627    32.6246    26.1557 0.0000e+00
       1435    123.153     0.6478   2.782393    32.6242    26.1555 0.0000e+00
