Datasets/Test_Dataset_39219_tow/tel219_2021_020.cnv
* Sea-Bird SBE19plus Data File:
* Filename = C:/AQUIRE/tel219_2021_020.hex
* Software Version AquireV2 AF V2.0
* Temperature SN =  4020
* Conductivity SN =  4020
* System UpLoad Time = May 08 2021 00:00:30
** VESSEL/TRIP/SEQ STN: tel219_2021_020
** LATITUDE: 47 01.65 N
** LONGITUDE: 56 55.69 W
** DATE/TIME: 2021-05-07 23:06
** SOUNDING DEPTH (M): 0237
** PROBE TYPE: S4020
** CTD NUMBER:  20
** FORMAT: t
** COMMENTS: 
# nquan = 7                                 
# nvalues = 3272                        
# units = specified
# name 0 = scan: Scan Count
# name 1 = prdM: Pressure, Strain Gauge [db]
# name 2 = tv290C: Temperature [ITS-90, deg C]
# name 3 = c0S/m: Conductivity [S/m]
# name 4 = sal00: Salinity, Practical [PSU]
# name 5 = sigma-t00: Density [sigma-t, kg/m^3 ]
# name 6 = flag: flag
# span 0 =          1,       3272       
# span 1 =     -0.685,    239.822       
# span 2 =     1.3390,     8.6228       
# span 3 =   0.007638,   3.683621       
# span 4 =     0.0590,    35.0031       
# span 5 =     0.0195,    27.2114       
# span 6 = 0.0000e+00, 0.0000e+00       
# interval = seconds: 1
# start_time = May 07 2021 23:06:44 [Instrument's time stamp, header]
# bad_flag = -9.990e-29
*END*
[from data line 1231]
       1232    220.958     8.4564   3.663794    34.8942    27.1212 0.0000e+00
       1233    221.356     8.4563   3.664013    34.8965    27.1229 0.0000e+00
       1234    221.759     8.4545   3.663985    34.8977    27.1242 0.0000e+00
       1235    222.161     8.4529   3.663986    34.8991    27.1256 0.0000e+00
       1236    222.555     8.4527   3.664125    34.9006    27.1268 0.0000e+00
       1237    222.947     8.4524   3.664275    34.9023    27.1282 0.0000e+00
       1238    223.343     8.4521   3.664499    34.9048    27.1301 0.0000e+00
       1239    223.737     8.4544   3.665068    34.9084    27.1326 0.0000e+00
       1240    224.126     8.4607   3.666004    34.9119    27.1344 0.0000e+00
       1241    224.510     8.4691   3.667213    34.9162    27.1365 0.0000e+00
       1242    224.888     8.4787   3.668711    34.9224    27.1399 0.0000e+00
       1243    225.255     8.4883   3.670318    34.9298    27.1441 0.0000e+00
       1244    225.609     8.4958   3.671609    34.9359    27.1478 0.0000e+00
       1245    225.957     8.5000   3.672332    34.9393    27.1497 0.0000e+00
       1246    226.303     8.5020   3.672717    34.9412    27.1509 0.0000e+00
       1247    226.645     8.5025   3.673089    34.9445    27.1534 0.0000e+00
       1248    226.984     8.5010   3.673342    34.9485    27.1568 0.0000e+00
       1249    227.319     8.4972   3.673283    34.9515    27.1597 0.0000e+00
       1250    227.647     8.4925   3.673050    34.9535    27.1621 0.0000e+00
       1251    227.970     8.4884   3.672844    34.9552    27.1640 0.0000e+00
       1252    228.292     8.4854   3.672746    34.9570    27.1659 0.0000e+00
       1253    228.616     8.4837   3.672755    34.9586    27.1674 0.0000e+00
       1254    228.942     8.4821   3.672788    34.9604    27.1691 0.0000e+00
       1255    229.267     8.4803   3.672762    34.9617    27.1704 0.0000e+00
       1256    229.588     8.4789   3.672695    34.9623    27.1711 0.0000e+00
       1257    229.898     8.4777   3.672666    34.9630    27.1718 0.0000e+00
       1258    230.195     8.4760   3.672695    34.9648    27.1735 0.0000e+00
       1259    230.492     8.4732   3.672722    34.9678    27.1763 0.0000e+00
       1260    230.798     8.4700   3.672707    34.9706    27.1790 0.0000e+00
       1261    231.111     8.4674   3.672656    34.9725    27.1809 0.0000e+00
       1262    231.420     8.4659   3.672588    34.9731    27.1816 0.0000e+00
       1263    231.708     8.4650   3.672543    34.9734    27.1820 0.0000e+00
       1264    231.973     8.4640   3.672543    34.9743    27.1828 0.0000e+00
       1265    232.238     8.4629   3.672589    34.9757    27.1841 0.0000e+00
       1266    232.523     8.4622   3.672648    34.9769    27.1851 0.0000e+00
       1267    232.824     8.4619   3.672677    34.9774    27.1855 0.0000e+00
       1268    233.118     8.4613   3.672680    34.9779    27.1860 0.0000e+00
       1269    233.401     8.4599   3.672684    34.9791    27.1873 0.0000e+00
       1270    233.681     8.4580   3.672663    34.9807    27.1887 0.0000e+00
       1271    233.957     8.4560   3.672636    34.9822    27.1903 0.0000e+00
       1272    234.231     8.4541   3.672629    34.9839    27.1919 0.0000e+00
       1273    234.504     8.4506   3.672566    34.9866    27.1945 0.0000e+00
       1274    234.769     8.4451   3.672392    34.9901    27.1981 0.0000e+00
       1275    235.017     8.4392   3.672186    34.9936    27.2018 0.0000e+00
       1276    235.245     8.4353   3.672055    34.9960    27.2043 0.0000e+00
       1277    235.457     8.4335   3.672006    34.9971    27.2055 0.0000e+00
       1278    235.658     8.4321   3.671971    34.9981    27.2064 0.0000e+00
       1279    235.864     8.4301   3.671925    34.9995    27.2078 0.0000e+00
       1280    236.086     8.4282   3.671886    35.0008    27.2092 0.0000e+00
       1281    236.309     8.4272   3.671876    35.0016    27.2099 0.0000e+00
       1282    236.514     8.4269   3.671882    35.0019    27.2102 0.0000e+00
       1283    236.695     8.4265   3.671866    35.0020    27.2104 0.0000e+00
       1284    236.860     8.4260   3.671832    35.0021    27.2105 0.0000e+00
       1285    237.023     8.4255   3.671814    35.0023    27.2107 0.0000e+00
       1286    237.196     8.4253   3.671829    35.0026    27.2110 0.0000e+00
       1287    237.371     8.4253   3.671863    35.0028    27.2112 0.0000e+00
       1288    237.539     8.4254   3.671888    35.0029    27.2113 0.0000e+00
       1289    237.696     8.4257   3.671895    35.0026    27.2110 0.0000e+00
       1290    237.838     8.4258   3.671892    35.0024    27.2108 0.0000e+00
       1291    237.967     8.4257   3.671892    35.0025    27.2109 0.0000e+00
       1292    238.091     8.4256   3.671904    35.0026    27.2110 0.0000e+00
       1293    238.209     8.4257   3.671920    35.0027    27.2110 0.0000e+00
       1294    238.321     8.4257   3.671933    35.0027    27.2111 0.0000e+00
       1295    238.424     8.4256   3.671942    35.0029    27.2112 0.0000e+00
       1296    238.515     8.4255   3.671948    35.0030    27.2113 0.0000e+00
       1297    238.590     8.4255   3.671941    35.0029    27.2112 0.0000e+00
       1298    238.654     8.4255   3.671936    35.0028    27.2112 0.0000e+00
       1299    238.723     8.4255   3.671955    35.0030    27.2113 0.0000e+00
       1300    238.803     8.4257   3.671989    35.0031    27.2114 0.0000e+00
       1301    238.881     8.4261   3.672009    35.0029    27.2111 0.0000e+00
       1302    238.941     8.4263   3.672006    35.0026    27.2109 0.0000e+00
       1303    238.981     8.4263   3.672001    35.0025    27.2108 0.0000e+00
       1304    239.017     8.4261   3.672009    35.0028    27.2111 0.0000e+00
       1305    239.058     8.4263   3.672026    35.0028    27.2110 0.0000e+00
       1306    239.103     8.4269   3.672054    35.0025    27.2107 0.0000e+00
       1307    239.149     8.4275   3.672092    35.0022    27.2104 0.0000e+00
       1308    239.200     8.4280   3.672132    35.0021    27.2102 0.0000e+00
       1309    239.255     8.4284   3.672158    35.0020    27.2101 0.0000e+00
       1310    239.297     8.4285   3.672154    35.0018    27.2099 0.0000e+00
       1311    239.321     8.4283   3.672124    35.0017    27.2099 0.0000e+00
       1312    239.337     8.4278   3.672091    35.0018    27.2100 0.0000e+00
       1313    239.353     8.4274   3.672072    35.0020    27.2102 0.0000e+00
       1314    239.378     8.4271   3.672076    35.0024    27.2106 0.0000e+00
       1315    239.415     8.4273   3.672098    35.0024    27.2105 0.0000e+00
       1316    239.450     8.4276   3.672115    35.0022    27.2104 0.0000e+00
       1317    239.472     8.4277   3.672118    35.0022    27.2103 0.0000e+00
       1318    239.489     8.4276   3.672116    35.0022    27.2104 0.0000e+00
       1319    239.513     8.4276   3.672125    35.0023    27.2104 0.0000e+00
       1320    239.542     8.4278   3.672135    35.0022    27.2103 0.0000e+00
       1321    239.563     8.4282   3.672143    35.0019    27.2100 0.0000e+00
       1322    239.566     8.4286   3.672163    35.0017    27.2098 0.0000e+00
       1323    239.561     8.4289   3.672179    35.0016    27.2097 0.0000e+00
       1324    239.562     8.4289   3.672189    35.0017    27.2097 0.0000e+00
       1325    239.575     8.4289   3.672197    35.0018    27.2098 0.0000e+00
       1326    239.604     8.4289   3.672204    35.0018    27.2099 0.0000e+00
       1327    239.643     8.4289   3.672206    35.0018    27.2099 0.0000e+00
       1328    239.675     8.4289   3.672206    35.0018    27.2098 0.0000e+00
       1329    239.691     8.4288   3.672199    35.0018    27.2099 0.0000e+00
       1330    239.698     8.4286   3.672187    35.0019    27.2100 0.0000e+00
       1331    239.704     8.4286   3.672188    35.0019    27.2100 0.0000e+00
       1332    239.712     8.4289   3.672207    35.0018    27.2098 0.0000e+00
       1333    239.726     8.4291   3.672227    35.0018    27.2098 0.0000e+00
       1334    239.744     8.4293   3.672238    35.0017    27.2097 0.0000e+00
       1335    239.765     8.4297   3.672247    35.0014    27.2094 0.0000e+00
       1336    239.787     8.4299   3.672259    35.0013    27.2093 0.0000e+00
       1337    239.805     8.4300   3.672273    35.0014    27.2093 0.0000e+00
       1338    239.811     8.4298   3.672270    35.0015    27.2095 0.0000e+00
       1339    239.804     8.4293   3.672240    35.0017    27.2097 0.0000e+00
       1340    239.794     8.4290   3.672212    35.0017    27.2098 0.0000e+00
       1341    239.794     8.4289   3.672212    35.0018    27.2098 0.0000e+00
       1342    239.801     8.4290   3.672234    35.0020    27.2099 0.0000e+00
       1343    239.808     8.4292   3.672260    35.0020    27.2100 0.0000e+00
       1344    239.812     8.4295   3.672272    35.0019    27.2098 0.0000e+00
       1345    239.815     8.4298   3.672277    35.0016    27.2095 0.0000e+00
       1346    239.820     8.4300   3.672282    35.0015    27.2094 0.0000e+00
       1347    239.822     8.4303   3.672289    35.0012    27.2092 0.0000e+00
       1348    239.817     8.4304   3.672291    35.0012    27.2091 0.0000e+00
       1349    239.811     8.4304   3.672264    35.0009    27.2089 0.0000e+00
       1350    239.812     8.4303   3.672238    35.0007    27.2088 0.0000e+00
       1351    239.818     8.4303   3.672263    35.0010    27.2090 0.0000e+00
       1352    239.817     8.4304   3.672290    35.0012    27.2091 0.0000e+00
       1353    239.806     8.4305   3.672297    35.0011    27.2091 0.0000e+00
       1354    239.799     8.4306   3.672308    35.0012    27.2091 0.0000e+00
       1355    239.799     8.4308   3.672324    35.0011    27.2090 0.0000e+00
       1356    239.797     8.4309   3.672338    35.0012    27.2090 0.0000e+00
       1357    239.789     8.4308   3.672332    35.0012    27.2091 0.0000e+00
       1358    239.781     8.4306   3.672313    35.0012    27.2091 0.0000e+00
       1359    239.780     8.4306   3.672313    35.0012    27.2091 0.0000e+00
       1360    239.786     8.4310   3.672346    35.0012    27.2090 0.0000e+00
       1361    239.789     8.4317   3.672382    35.0009    27.2087 0.0000e+00
       1362    239.784     8.4319   3.672384    35.0007    27.2085 0.0000e+00
       1363    239.774     8.4317   3.672359    35.0006    27.2085 0.0000e+00
       1364    239.764     8.4314   3.672345    35.0008    27.2086 0.0000e+00
       1365    239.759     8.4315   3.672357    35.0008    27.2086 0.0000e+00
       1366    239.761     8.4318   3.672386    35.0008    27.2086 0.0000e+00
       1367    239.760     8.4320   3.672400    35.0008    27.2085 0.0000e+00
       1368    239.754     8.4318   3.672385    35.0008    27.2086 0.0000e+00
       1369    239.747     8.4315   3.672366    35.0009    27.2087 0.0000e+00
       1370    239.743     8.4315   3.672366    35.0009    27.2087 0.0000e+00
       1371    239.738     8.4318   3.672374    35.0007    27.2085 0.0000e+00
       1372    239.728     8.4318   3.672374    35.0007    27.2085 0.0000e+00
       1373    239.716     8.4318   3.672371    35.0007    27.2085 0.0000e+00
       1374    239.711     8.4319   3.672376    35.0006    27.2084 0.0000e+00
       1375    239.711     8.4321   3.672394    35.0006    27.2084 0.0000e+00
       1376    239.708     8.4324   3.672413    35.0005    27.2083 0.0000e+00
       1377    239.698     8.4328   3.672420    35.0002    27.2080 0.0000e+00
       1378    239.687     8.4329   3.672419    35.0001    27.2079 0.0000e+00
       1379    239.677     8.4329   3.672417    35.0001    27.2079 0.0000e+00
       1380    239.668     8.4328   3.672423    35.0003    27.2080 0.0000e+00
       1381    239.660     8.4329   3.672434    35.0003    27.2080 0.0000e+00
       1382    239.652     8.4329   3.672435    35.0003    27.2080 0.0000e+00
       1383    239.641     8.4328   3.672428    35.0003    27.2081 0.0000e+00
       1384    239.625     8.4325   3.672407    35.0004    27.2082 0.0000e+00
       1385    239.606     8.4322   3.672391    35.0005    27.2083 0.0000e+00
       1386    239.592     8.4323   3.672401    35.0006    27.2083 0.0000e+00
       1387    239.584     8.4324   3.672416    35.0006    27.2084 0.0000e+00
       1388    239.574     8.4324   3.672418    35.0006    27.2084 0.0000e+00
       1389    239.562     8.4322   3.672403    35.0007    27.2084 0.0000e+00
       1390    239.554     8.4322   3.672398    35.0006    27.2084 0.0000e+00
       1391    239.550     8.4324   3.672415    35.0006    27.2084 0.0000e+00
       1392    239.545     8.4328   3.672435    35.0004    27.2082 0.0000e+00
       1393    239.535     8.4330   3.672440    35.0003    27.2080 0.0000e+00
       1394    239.517     8.4332   3.672440    35.0001    27.2078 0.0000e+00
       1395    239.494     8.4335   3.672444    34.9999    27.2076 0.0000e+00
       1396    239.473     8.4338   3.672462    34.9998    27.2075 0.0000e+00
       1397    239.464     8.4342   3.672481    34.9996    27.2073 0.0000e+00
       1398    239.466     8.4345   3.672492    34.9994    27.2071 0.0000e+00
       1399    239.465     8.4345   3.672497    34.9995    27.2071 0.0000e+00
       1400    239.454     8.4344   3.672490    34.9995    27.2072 0.0000e+00
       1401    239.439     8.4344   3.672484    34.9994    27.2071 0.0000e+00
       1402    239.431     8.4347   3.672497    34.9993    27.2069 0.0000e+00
       1403    239.433     8.4350   3.672517    34.9992    27.2068 0.0000e+00
       1404    239.433     8.4349   3.672522    34.9993    27.2070 0.0000e+00
       1405    239.424     8.4346   3.672511    34.9995    27.2072 0.0000e+00
       1406    239.406     8.4345   3.672498    34.9995    27.2072 0.0000e+00
       1407    239.382     8.4344   3.672479    34.9994    27.2071 0.0000e+00
       1408    239.359     8.4344   3.672473    34.9993    27.2071 0.0000e+00
       1409    239.347     8.4346   3.672501    34.9995    27.2071 0.0000e+00
       1410    239.351     8.4351   3.672537    34.9993    27.2069 0.0000e+00
       1411    239.355     8.4355   3.672538    34.9989    27.2066 0.0000e+00
       1412    239.329     8.4359   3.672508    34.9982    27.2060 0.0000e+00
       1413    239.271     8.4358   3.672488    34.9982    27.2059 0.0000e+00
       1414    239.202     8.4354   3.672494    34.9987    27.2064 0.0000e+00
       1415    239.145     8.4350   3.672494    34.9991    27.2067 0.0000e+00
       1416    239.121     8.4346   3.672494    34.9995    27.2071 0.0000e+00
       1417    239.123     8.4348   3.672511    34.9995    27.2071 0.0000e+00
       1418    239.123     8.4351   3.672524    34.9993    27.2069 0.0000e+00
       1419    239.109     8.4352   3.672529    34.9993    27.2069 0.0000e+00
       1420    239.093     8.4352   3.672523    34.9992    27.2068 0.0000e+00
       1421    239.091     8.4351   3.672519    34.9993    27.2069 0.0000e+00
       1422    239.102     8.4353   3.672533    34.9992    27.2068 0.0000e+00
       1423    239.109     8.4357   3.672555    34.9990    27.2066 0.0000e+00
       1424    239.104     8.4363   3.672564    34.9985    27.2061 0.0000e+00
       1425    239.091     8.4367   3.672571    34.9982    27.2058 0.0000e+00
       1426    239.076     8.4369   3.672591    34.9983    27.2058 0.0000e+00
       1427    239.068     8.4371   3.672608    34.9982    27.2058 0.0000e+00
       1428    239.068     8.4369   3.672604    34.9984    27.2059 0.0000e+00
       1429    239.066     8.4367   3.672589    34.9984    27.2060 0.0000e+00
       1430    239.062     8.4364   3.672580    34.9986    27.2062 0.0000e+00
       1431    239.059     8.4364   3.672586    34.9987    27.2062 0.0000e+00
       1432    239.058     8.4366   3.672597    34.9986    27.2061 0.0000e+00
       1433    239.057     8.4368   3.672609    34.9986    27.2061 0.0000e+00
       1434    239.057     8.4371   3.672622    34.9984    27.2059 0.0000e+00
       1435    239.055     8.4373   3.672629    34.9983    27.2058 0.0000e+00
