Datasets/Test_Dataset_39219_tow/tel219_2021_030.cnv
* Sea-Bird SBE19plus Data File:
* Filename = C:/AQUIRE/tel219_2021_030.hex
* Software Version AquireV2 AF V2.0
* Temperature SN =  4020
* Conductivity SN =  4020
* System UpLoad Time = May 10 2021 22:13:29
** VESSEL/TRIP/SEQ STN: tel219_2021_030
** LATITUDE: 45 43.97 N
** LONGITUDE: 56 21.65 W
** DATE/TIME: 2021-05-10 19:31
** SOUNDING DEPTH (M): 0041
** PROBE TYPE: S4020
** CTD NUMBER:  30
** FORMAT: T
** COMMENTS: Set 30
# nquan = 7                                 
# nvalues = 8454                        
# units = specified
# name 0 = scan: Scan Count
# name 1 = prdM: Pressure, Strain Gauge [db]
# name 2 = tv290C: Temperature [ITS-90, deg C]
# name 3 = c0S/m: Conductivity [S/m]
# name 4 = sal00: Salinity, Practical [PSU]
# name 5 = sigma-t00: Density [sigma-t, kg/m^3 ]
# name 6 = flag: flag
# span 0 =          1,       8454       
# span 1 =     -0.282,     40.653       
# span 2 =     3.3619,     6.0341       
# span 3 =   0.000832,   3.004702       
# span 4 =     0.0072,    32.5029       
# span 5 =    -0.0517,    25.8474       
# span 6 = 0.0000e+00, 0.0000e+00       
# interval = seconds: 1
# start_time = May 10 2021 19:31:04 [Instrument's time stamp, header]
# bad_flag = -9.990e-29
*END*
[from data line 4924]
       4925     -0.222     4.7765   0.002219     0.0165    -0.0168 0.0000e+00
       4926     -0.224     4.7763   0.002219     0.0165    -0.0168 0.0000e+00
       4927     -0.224     4.7763   0.002222     0.0165    -0.0167 0.0000e+00
       4928     -0.224     4.7761   0.002224     0.0166    -0.0167 0.0000e+00
       4929     -0.223     4.7759   0.002224     0.0166    -0.0167 0.0000e+00
       4930     -0.221     4.7759   0.002222     0.0165    -0.0167 0.0000e+00
       4931     -0.220     4.7759   0.002221     0.0165    -0.0167 0.0000e+00
       4932     -0.219     4.7759   0.002220     0.0165    -0.0167 0.0000e+00
       4933     -0.220     4.7758   0.002219     0.0165    -0.0167 0.0000e+00
       4934     -0.223     4.7756   0.002219     0.0165    -0.0167 0.0000e+00
       4935     -0.224     4.7756   0.002221     0.0165    -0.0167 0.0000e+00
       4936     -0.224     4.7756   0.002222     0.0165    -0.0167 0.0000e+00
       4937     -0.224     4.7754   0.002222     0.0165    -0.0167 0.0000e+00
       4938     -0.224     4.7753   0.002222     0.0165    -0.0167 0.0000e+00
       4939     -0.223     4.7752   0.002223     0.0165    -0.0167 0.0000e+00
       4940     -0.223     4.7752   0.002222     0.0165    -0.0167 0.0000e+00
       4941     -0.225     4.7752   0.002219     0.0165    -0.0167 0.0000e+00
       4942     -0.229     4.7751   0.002219     0.0165    -0.0167 0.0000e+00
       4943     -0.232     4.7750   0.002221     0.0165    -0.0167 0.0000e+00
       4944     -0.235     4.7750   0.002221     0.0165    -0.0167 0.0000e+00
       4945     -0.233     4.7750   0.002221     0.0165    -0.0167 0.0000e+00
       4946     -0.228     4.7750   0.002220     0.0165    -0.0167 0.0000e+00
       4947     -0.225     4.7748   0.002219     0.0165    -0.0167 0.0000e+00
       4948     -0.223     4.7747   0.002219     0.0165    -0.0167 0.0000e+00
       4949     -0.220     4.7745   0.002216     0.0165    -0.0167 0.0000e+00
       4950     -0.219     4.7745   0.002217     0.0165    -0.0167 0.0000e+00
       4951     -0.220     4.7745   0.002218     0.0165    -0.0167 0.0000e+00
       4952     -0.222     4.7745   0.002219     0.0165    -0.0167 0.0000e+00
       4953     -0.220     4.7744   0.002219     0.0165    -0.0167 0.0000e+00
       4954     -0.216     4.7744   0.002218     0.0165    -0.0167 0.0000e+00
       4955     -0.217     4.7743   0.002219     0.0165    -0.0167 0.0000e+00
       4956     -0.223     4.7742   0.002219     0.0165    -0.0167 0.0000e+00
       4957     -0.228     4.7740   0.002219     0.0165    -0.0167 0.0000e+00
       4958     -0.232     4.7740   0.002219     0.0165    -0.0167 0.0000e+00
       4959     -0.232     4.7740   0.002219     0.0165    -0.0167 0.0000e+00
       4960     -0.228     4.7740   0.002220     0.0165    -0.0167 0.0000e+00
       4961     -0.223     4.7738   0.002220     0.0165    -0.0167 0.0000e+00
       4962     -0.220     4.7736   0.002219     0.0165    -0.0167 0.0000e+00
       4963     -0.219     4.7736   0.002218     0.0165    -0.0167 0.0000e+00
       4964     -0.220     4.7736   0.002215     0.0165    -0.0167 0.0000e+00
       4965     -0.223     4.7736   0.002217     0.0165    -0.0167 0.0000e+00
       4966     -0.223     4.7736   0.002219     0.0165    -0.0167 0.0000e+00
       4967     -0.221     4.7736   0.002222     0.0165    -0.0167 0.0000e+00
       4968     -0.220     4.7736   0.002221     0.0165    -0.0167 0.0000e+00
       4969     -0.220     4.7734   0.002218     0.0165    -0.0167 0.0000e+00
       4970     -0.221     4.7733   0.002216     0.0165    -0.0167 0.0000e+00
       4971     -0.223     4.7733   0.002214     0.0165    -0.0167 0.0000e+00
       4972     -0.225     4.7731   0.002214     0.0165    -0.0167 0.0000e+00
       4973     -0.225     4.7729   0.002213     0.0165    -0.0167 0.0000e+00
       4974     -0.226     4.7729   0.002214     0.0165    -0.0167 0.0000e+00
       4975     -0.229     4.7729   0.002214     0.0165    -0.0167 0.0000e+00
       4976     -0.232     4.7729   0.002215     0.0165    -0.0167 0.0000e+00
       4977     -0.232     4.7729   0.002214     0.0165    -0.0167 0.0000e+00
       4978     -0.231     4.7729   0.002213     0.0165    -0.0167 0.0000e+00
       4979     -0.231     4.7729   0.002212     0.0165    -0.0168 0.0000e+00
       4980     -0.231     4.7728   0.002212     0.0165    -0.0167 0.0000e+00
       4981     -0.228     4.7728   0.002215     0.0165    -0.0167 0.0000e+00
       4982     -0.226     4.7728   0.002219     0.0165    -0.0167 0.0000e+00
       4983     -0.226     4.7728   0.002218     0.0165    -0.0167 0.0000e+00
       4984     -0.229     4.7727   0.002215     0.0165    -0.0167 0.0000e+00
       4985     -0.233     4.7726   0.002213     0.0165    -0.0167 0.0000e+00
       4986     -0.232     4.7725   0.002212     0.0165    -0.0167 0.0000e+00
       4987     -0.228     4.7725   0.002214     0.0165    -0.0167 0.0000e+00
       4988     -0.226     4.7725   0.002215     0.0165    -0.0167 0.0000e+00
       4989     -0.227     4.7725   0.002215     0.0165    -0.0167 0.0000e+00
       4990     -0.227     4.7725   0.002214     0.0165    -0.0167 0.0000e+00
       4991     -0.226     4.7724   0.002211     0.0165    -0.0168 0.0000e+00
       4992     -0.224     4.7724   0.002209     0.0164    -0.0168 0.0000e+00
       4993     -0.222     4.7724   0.002209     0.0164    -0.0168 0.0000e+00
       4994     -0.223     4.7723   0.002210     0.0165    -0.0168 0.0000e+00
       4995     -0.226     4.7722   0.002213     0.0165    -0.0167 0.0000e+00
       4996     -0.227     4.7722   0.002213     0.0165    -0.0167 0.0000e+00
       4997     -0.227     4.7722   0.002210     0.0165    -0.0168 0.0000e+00
       4998     -0.227     4.7721   0.002208     0.0164    -0.0168 0.0000e+00
       4999     -0.227     4.7721   0.002209     0.0164    -0.0168 0.0000e+00
       5000     -0.227     4.7721   0.002209     0.0164    -0.0168 0.0000e+00
       5001     -0.227     4.7721   0.002209     0.0164    -0.0168 0.0000e+00
       5002     -0.225     4.7721   0.002211     0.0165    -0.0167 0.0000e+00
       5003     -0.222     4.7721   0.002212     0.0165    -0.0167 0.0000e+00
       5004     -0.220     4.7721   0.002211     0.0165    -0.0167 0.0000e+00
       5005     -0.221     4.7721   0.002209     0.0164    -0.0168 0.0000e+00
       5006     -0.224     4.7721   0.002210     0.0165    -0.0168 0.0000e+00
       5007     -0.227     4.7720   0.002207     0.0164    -0.0168 0.0000e+00
       5008     -0.228     4.7720   0.002205     0.0164    -0.0168 0.0000e+00
       5009     -0.229     4.7718   0.002202     0.0164    -0.0168 0.0000e+00
       5010     -0.231     4.7718   0.002203     0.0164    -0.0168 0.0000e+00
       5011     -0.230     4.7717   0.002206     0.0164    -0.0168 0.0000e+00
       5012     -0.227     4.7717   0.002206     0.0164    -0.0168 0.0000e+00
       5013     -0.227     4.7717   0.002206     0.0164    -0.0168 0.0000e+00
       5014     -0.229     4.7715   0.002205     0.0164    -0.0168 0.0000e+00
       5015     -0.229     4.7714   0.002205     0.0164    -0.0168 0.0000e+00
       5016     -0.228     4.7714   0.002206     0.0164    -0.0168 0.0000e+00
       5017     -0.225     4.7712   0.002207     0.0164    -0.0168 0.0000e+00
       5018     -0.222     4.7710   0.002206     0.0164    -0.0168 0.0000e+00
       5019     -0.223     4.7710   0.002202     0.0164    -0.0168 0.0000e+00
       5020     -0.225     4.7709   0.002201     0.0164    -0.0168 0.0000e+00
       5021     -0.226     4.7707   0.002200     0.0164    -0.0168 0.0000e+00
       5022     -0.226     4.7706   0.002201     0.0164    -0.0168 0.0000e+00
       5023     -0.225     4.7705   0.002204     0.0164    -0.0168 0.0000e+00
       5024     -0.224     4.7703   0.002203     0.0164    -0.0168 0.0000e+00
       5025     -0.224     4.7701   0.002200     0.0164    -0.0168 0.0000e+00
       5026     -0.225     4.7699   0.002198     0.0164    -0.0168 0.0000e+00
       5027     -0.226     4.7698   0.002197     0.0164    -0.0168 0.0000e+00
       5028     -0.228     4.7697   0.002197     0.0164    -0.0168 0.0000e+00
       5029     -0.229     4.7695   0.002198     0.0164    -0.0168 0.0000e+00
       5030     -0.228     4.7693   0.002198     0.0164    -0.0168 0.0000e+00
       5031     -0.227     4.7691   0.002198     0.0164    -0.0168 0.0000e+00
       5032     -0.226     4.7690   0.002197     0.0164    -0.0168 0.0000e+00
       5033     -0.228     4.7688   0.002195     0.0163    -0.0168 0.0000e+00
       5034     -0.229     4.7686   0.002193     0.0163    -0.0168 0.0000e+00
       5035     -0.227     4.7684   0.002192     0.0163    -0.0168 0.0000e+00
       5036     -0.226     4.7683   0.002194     0.0163    -0.0168 0.0000e+00
       5037     -0.226     4.7682   0.002196     0.0163    -0.0168 0.0000e+00
       5038     -0.226     4.7680   0.002197     0.0164    -0.0168 0.0000e+00
       5039     -0.224     4.7679   0.002195     0.0163    -0.0168 0.0000e+00
       5040     -0.224     4.7677   0.002193     0.0163    -0.0168 0.0000e+00
       5041     -0.224     4.7675   0.002191     0.0163    -0.0168 0.0000e+00
       5042     -0.224     4.7673   0.002189     0.0163    -0.0168 0.0000e+00
       5043     -0.227     4.7672   0.002189     0.0163    -0.0168 0.0000e+00
       5044     -0.228     4.7670   0.002193     0.0163    -0.0168 0.0000e+00
       5045     -0.224     4.7668   0.002199     0.0164    -0.0168 0.0000e+00
       5046     -0.221     4.7668   0.002200     0.0164    -0.0167 0.0000e+00
       5047     -0.223     4.7666   0.002198     0.0164    -0.0168 0.0000e+00
       5048     -0.228     4.7664   0.002193     0.0163    -0.0168 0.0000e+00
       5049     -0.232     4.7663   0.002191     0.0163    -0.0168 0.0000e+00
       5050     -0.233     4.7661   0.002190     0.0163    -0.0168 0.0000e+00
       5051     -0.233     4.7660   0.002192     0.0163    -0.0168 0.0000e+00
       5052     -0.230     4.7659   0.002192     0.0163    -0.0168 0.0000e+00
       5053     -0.228     4.7657   0.002193     0.0163    -0.0168 0.0000e+00
       5054     -0.229     4.7656   0.002194     0.0163    -0.0168 0.0000e+00
       5055     -0.229     4.7654   0.002193     0.0163    -0.0168 0.0000e+00
       5056     -0.228     4.7653   0.002192     0.0163    -0.0168 0.0000e+00
       5057     -0.227     4.7653   0.002193     0.0163    -0.0168 0.0000e+00
       5058     -0.227     4.7653   0.002195     0.0163    -0.0168 0.0000e+00
       5059     -0.231     4.7652   0.002195     0.0163    -0.0168 0.0000e+00
       5060     -0.233     4.7650   0.002192     0.0163    -0.0168 0.0000e+00
       5061     -0.233     4.7649   0.002191     0.0163    -0.0168 0.0000e+00
       5062     -0.233     4.7647   0.002189     0.0163    -0.0168 0.0000e+00
       5063     -0.234     4.7645   0.002190     0.0163    -0.0168 0.0000e+00
       5064     -0.234     4.7645   0.002192     0.0163    -0.0168 0.0000e+00
       5065     -0.233     4.7645   0.002193     0.0163    -0.0168 0.0000e+00
       5066     -0.231     4.7645   0.002192     0.0163    -0.0168 0.0000e+00
       5067     -0.228     4.7645   0.002194     0.0163    -0.0168 0.0000e+00
       5068     -0.226     4.7644   0.002193     0.0163    -0.0168 0.0000e+00
       5069     -0.229     4.7643   0.002189     0.0163    -0.0168 0.0000e+00
       5070     -0.232     4.7641   0.002189     0.0163    -0.0168 0.0000e+00
       5071     -0.232     4.7641   0.002188     0.0163    -0.0168 0.0000e+00
       5072     -0.231     4.7641   0.002188     0.0163    -0.0168 0.0000e+00
       5073     -0.228     4.7641   0.002191     0.0163    -0.0168 0.0000e+00
       5074     -0.225     4.7641   0.002194     0.0163    -0.0167 0.0000e+00
       5075     -0.224     4.7641   0.002194     0.0163    -0.0167 0.0000e+00
       5076     -0.224     4.7641   0.002195     0.0163    -0.0167 0.0000e+00
       5077     -0.222     4.7640   0.002191     0.0163    -0.0168 0.0000e+00
       5078     -0.222     4.7639   0.002188     0.0163    -0.0168 0.0000e+00
       5079     -0.225     4.7639   0.002188     0.0163    -0.0168 0.0000e+00
       5080     -0.229     4.7639   0.002189     0.0163    -0.0168 0.0000e+00
       5081     -0.233     4.7640   0.002187     0.0163    -0.0168 0.0000e+00
       5082     -0.235     4.7641   0.002188     0.0163    -0.0168 0.0000e+00
       5083     -0.235     4.7641   0.002188     0.0163    -0.0168 0.0000e+00
       5084     -0.235     4.7641   0.002189     0.0163    -0.0168 0.0000e+00
       5085     -0.236     4.7641   0.002190     0.0163    -0.0168 0.0000e+00
       5086     -0.236     4.7640   0.002189     0.0163    -0.0168 0.0000e+00
       5087     -0.238     4.7641   0.002188     0.0163    -0.0168 0.0000e+00
       5088     -0.238     4.7641   0.002188     0.0163    -0.0168 0.0000e+00
       5089     -0.235     4.7641   0.002186     0.0163    -0.0168 0.0000e+00
       5090     -0.231     4.7643   0.002187     0.0163    -0.0168 0.0000e+00
       5091     -0.230     4.7643   0.002188     0.0163    -0.0168 0.0000e+00
       5092     -0.229     4.7644   0.002190     0.0163    -0.0168 0.0000e+00
       5093     -0.229     4.7644   0.002189     0.0163    -0.0168 0.0000e+00
       5094     -0.230     4.7644   0.002188     0.0163    -0.0168 0.0000e+00
       5095     -0.230     4.7644   0.002186     0.0163    -0.0168 0.0000e+00
       5096     -0.229     4.7645   0.002187     0.0163    -0.0168 0.0000e+00
       5097     -0.227     4.7645   0.002188     0.0163    -0.0168 0.0000e+00
       5098     -0.227     4.7645   0.002186     0.0163    -0.0168 0.0000e+00
       5099     -0.228     4.7645   0.002186     0.0163    -0.0168 0.0000e+00
       5100     -0.227     4.7646   0.002188     0.0163    -0.0168 0.0000e+00
       5101     -0.226     4.7647   0.002189     0.0163    -0.0168 0.0000e+00
       5102     -0.228     4.7648   0.002187     0.0163    -0.0168 0.0000e+00
       5103     -0.229     4.7648   0.002185     0.0163    -0.0168 0.0000e+00
       5104     -0.229     4.7649   0.002186     0.0163    -0.0168 0.0000e+00
       5105     -0.228     4.7649   0.002189     0.0163    -0.0168 0.0000e+00
       5106     -0.227     4.7649   0.002188     0.0163    -0.0168 0.0000e+00
       5107     -0.229     4.7649   0.002185     0.0163    -0.0168 0.0000e+00
       5108     -0.232     4.7649   0.002185     0.0163    -0.0168 0.0000e+00
       5109     -0.234     4.7649   0.002186     0.0163    -0.0168 0.0000e+00
       5110     -0.235     4.7649   0.002187     0.0163    -0.0168 0.0000e+00
       5111     -0.235     4.7651   0.002189     0.0163    -0.0168 0.0000e+00
       5112     -0.234     4.7651   0.002189     0.0163    -0.0168 0.0000e+00
       5113     -0.235     4.7651   0.002189     0.0163    -0.0168 0.0000e+00
       5114     -0.233     4.7651   0.002188     0.0163    -0.0168 0.0000e+00
       5115     -0.230     4.7651   0.002188     0.0163    -0.0168 0.0000e+00
       5116     -0.231     4.7652   0.002187     0.0163    -0.0168 0.0000e+00
       5117     -0.231     4.7652   0.002187     0.0163    -0.0168 0.0000e+00
       5118     -0.229     4.7653   0.002189     0.0163    -0.0168 0.0000e+00
       5119     -0.227     4.7653   0.002188     0.0163    -0.0168 0.0000e+00
       5120     -0.229     4.7653   0.002186     0.0163    -0.0168 0.0000e+00
       5121     -0.231     4.7653   0.002185     0.0163    -0.0168 0.0000e+00
       5122     -0.231     4.7652   0.002183     0.0163    -0.0168 0.0000e+00
       5123     -0.231     4.7653   0.002184     0.0163    -0.0168 0.0000e+00
       5124     -0.232     4.7653   0.002186     0.0163    -0.0168 0.0000e+00
       5125     -0.233     4.7653   0.002189     0.0163    -0.0168 0.0000e+00
       5126     -0.233     4.7653   0.002187     0.0163    -0.0168 0.0000e+00
       5127     -0.233     4.7654   0.002185     0.0163    -0.0168 0.0000e+00
       5128     -0.232     4.7654   0.002184     0.0163    -0.0168 0.0000e+00
