Datasets/Test_Dataset_39219_tow/tel219_2021_076.cnv
* Sea-Bird SBE19plus Data File:
* Filename = C:/AQUIRE/tel219_2021_076.hex
* Software Version AquireV2 AF V2.0
* Temperature SN =  4020
* Conductivity SN =  4020
* System UpLoad Time = May 16 2021 01:01:54
** VESSEL/TRIP/SEQ STN: tel219_2021_076
** LATITUDE: 45 21.85 N
** LONGITUDE: 56 05.53 W
** DATE/TIME: 2021-05-16 00:18
** SOUNDING DEPTH (M): 0065
** PROBE TYPE: S4020
** CTD NUMBER: 076
** FORMAT: t
** COMMENTS: 
# nquan = 7                                 
# nvalues = 2646                        
# units = specified
# name 0 = scan: Scan Count
# name 1 = prdM: Pressure, Strain Gauge [db]
# name 2 = tv290C: Temperature [ITS-90, deg C]
# name 3 = c0S/m: Conductivity [S/m]
# name 4 = sal00: Salinity, Practical [PSU]
# name 5 = sigma-t00: Density [sigma-t, kg/m^3 ]
# name 6 = flag: flag
# span 0 =          1,       2646       
# span 1 =     -0.022,     61.705       
# span 2 =     2.3324,     4.6357       
# span 3 =   0.014294,   3.044441       
# span 4 =     0.1091,    32.2704       
# span 5 =     0.0594,    25.7572       
# span 6 = 0.0000e+00, 0.0000e+00       
# interval = seconds: 1
# start_time = May 16 2021 00:18:54 [Instrument's time stamp, header]
# bad_flag = -9.990e-29
*END*
[from data line 821]
        822      4.257     4.1567   3.031110    32.1840    25.5312 0.0000e+00
        823      4.123     4.1555   3.030964    32.1835    25.5310 0.0000e+00
        824      4.023     4.1574   3.031166    32.1841    25.5312 0.0000e+00
        825      3.949     4.1604   3.031482    32.1849    25.5316 0.0000e+00
        826      3.901     4.1612   3.031541    32.1848    25.5314 0.0000e+00
        827      3.867     4.1597   3.031431    32.1850    25.5318 0.0000e+00
        828      3.836     4.1582   3.031356    32.1856    25.5324 0.0000e+00
        829      3.835     4.1593   3.031429    32.1854    25.5321 0.0000e+00
        830      3.864     4.1627   3.031718    32.1855    25.5318 0.0000e+00
        831      3.876     4.1662   3.032008    32.1854    25.5314 0.0000e+00
        832      3.859     4.1687   3.032194    32.1852    25.5310 0.0000e+00
        833      3.836     4.1704   3.032352    32.1854    25.5310 0.0000e+00
        834      3.829     4.1714   3.032442    32.1855    25.5309 0.0000e+00
        835      3.859     4.1719   3.032481    32.1854    25.5308 0.0000e+00
        836      3.914     4.1723   3.032524    32.1855    25.5309 0.0000e+00
        837      3.974     4.1727   3.032547    32.1853    25.5307 0.0000e+00
        838      4.043     4.1728   3.032540    32.1851    25.5305 0.0000e+00
        839      4.118     4.1726   3.032550    32.1854    25.5308 0.0000e+00
        840      4.182     4.1704   3.032451    32.1864    25.5317 0.0000e+00
        841      4.242     4.1643   3.031932    32.1862    25.5322 0.0000e+00
        842      4.364     4.1564   3.031290    32.1864    25.5331 0.0000e+00
        843      4.611     4.1500   3.030828    32.1871    25.5343 0.0000e+00
        844      4.891     4.1430   3.030210    32.1866    25.5346 0.0000e+00
        845      5.034     4.1262   3.029065    32.1895    25.5386 0.0000e+00
        846      5.034     4.0905   3.026187    32.1907    25.5431 0.0000e+00
        847      5.018     4.0512   3.022753    32.1889    25.5455 0.0000e+00
        848      5.035     4.0343   3.021811    32.1945    25.5516 0.0000e+00
        849      4.984     4.0343   3.022158    32.1986    25.5548 0.0000e+00
        850      4.773     4.0263   3.021551    32.1994    25.5563 0.0000e+00
        851      4.494     3.9990   3.019360    32.2006    25.5599 0.0000e+00
        852      4.278     3.9537   3.015656    32.2016    25.5651 0.0000e+00
        853      4.150     3.8989   3.010930    32.1998    25.5689 0.0000e+00
        854      4.118     3.8804   3.009062    32.1959    25.5677 0.0000e+00
        855      4.222     3.9469   3.015675    32.2085    25.5712 0.0000e+00
        856      4.435     4.0470   3.024777    32.2172    25.5684 0.0000e+00
        857      4.663     4.0965   3.027488    32.2003    25.5501 0.0000e+00
        858      4.846     4.1050   3.027304    32.1897    25.5409 0.0000e+00
        859      4.962     4.1145   3.028538    32.1949    25.5440 0.0000e+00
        860      5.035     4.1128   3.028443    32.1954    25.5446 0.0000e+00
        861      5.121     4.0624   3.023838    32.1907    25.5458 0.0000e+00
        862      5.238     3.9741   3.015880    32.1836    25.5488 0.0000e+00
        863      5.378     3.9192   3.011452    32.1853    25.5555 0.0000e+00
        864      5.547     3.9410   3.014740    32.2026    25.5671 0.0000e+00
        865      5.741     4.0091   3.020933    32.2085    25.5652 0.0000e+00
        866      5.951     4.0726   3.025563    32.2005    25.5526 0.0000e+00
        867      6.187     4.1141   3.028691    32.1964    25.5453 0.0000e+00
        868      6.431     4.1377   3.030429    32.1935    25.5407 0.0000e+00
        869      6.654     4.1462   3.030885    32.1904    25.5374 0.0000e+00
        870      6.842     4.1407   3.030422    32.1903    25.5378 0.0000e+00
        871      6.994     4.1037   3.027795    32.1957    25.5457 0.0000e+00
        872      7.147     4.0045   3.019777    32.1987    25.5579 0.0000e+00
        873      7.338     3.8632   3.007412    32.1917    25.5659 0.0000e+00
        874      7.578     3.7515   2.998414    32.1952    25.5793 0.0000e+00
        875      7.870     3.7201   2.996774    32.2066    25.5913 0.0000e+00
        876      8.188     3.7681   3.001415    32.2141    25.5928 0.0000e+00
        877      8.464     3.8453   3.008586    32.2227    25.5923 0.0000e+00
        878      8.670     3.8971   3.012416    32.2168    25.5826 0.0000e+00
        879      8.863     3.9185   3.013054    32.2031    25.5697 0.0000e+00
        880      9.096     3.9302   3.014172    32.2047    25.5698 0.0000e+00
        881      9.347     3.9269   3.014203    32.2082    25.5729 0.0000e+00
        882      9.580     3.8807   3.009739    32.2008    25.5715 0.0000e+00
        883      9.813     3.7963   3.002263    32.1955    25.5753 0.0000e+00
        884     10.069     3.7207   2.996441    32.2009    25.5868 0.0000e+00
        885     10.343     3.6818   2.993987    32.2101    25.5977 0.0000e+00
        886     10.627     3.6683   2.993316    32.2153    25.6031 0.0000e+00
        887     10.918     3.6643   2.993137    32.2170    25.6048 0.0000e+00
        888     11.205     3.6637   2.993153    32.2176    25.6054 0.0000e+00
        889     11.480     3.6644   2.993300    32.2185    25.6060 0.0000e+00
        890     11.740     3.6674   2.993572    32.2187    25.6059 0.0000e+00
        891     11.985     3.6746   2.994314    32.2202    25.6064 0.0000e+00
        892     12.227     3.6807   2.994953    32.2217    25.6070 0.0000e+00
        893     12.483     3.6831   2.994590    32.2148    25.6014 0.0000e+00
        894     12.767     3.7031   2.995883    32.2103    25.5959 0.0000e+00
        895     13.083     3.7465   3.000378    32.2206    25.6000 0.0000e+00
        896     13.425     3.7656   3.002227    32.2235    25.6005 0.0000e+00
        897     13.784     3.7333   2.998465    32.2106    25.5932 0.0000e+00
        898     14.166     3.6848   2.994204    32.2077    25.5955 0.0000e+00
        899     14.571     3.6514   2.992015    32.2145    25.6040 0.0000e+00
        900     14.991     3.6315   2.990690    32.2182    25.6089 0.0000e+00
        901     15.416     3.6181   2.989731    32.2199    25.6114 0.0000e+00
        902     15.843     3.6094   2.989084    32.2205    25.6127 0.0000e+00
        903     16.274     3.6044   2.988708    32.2208    25.6134 0.0000e+00
        904     16.709     3.6017   2.988489    32.2206    25.6135 0.0000e+00
        905     17.146     3.5989   2.988243    32.2203    25.6135 0.0000e+00
        906     17.580     3.5943   2.987805    32.2194    25.6132 0.0000e+00
        907     18.013     3.5885   2.987283    32.2187    25.6132 0.0000e+00
        908     18.454     3.5823   2.986815    32.2190    25.6140 0.0000e+00
        909     18.907     3.5727   2.986129    32.2201    25.6158 0.0000e+00
        910     19.370     3.5587   2.984957    32.2198    25.6168 0.0000e+00
        911     19.833     3.5440   2.983766    32.2199    25.6183 0.0000e+00
        912     20.294     3.5298   2.982805    32.2223    25.6214 0.0000e+00
        913     20.756     3.5162   2.981779    32.2233    25.6235 0.0000e+00
        914     21.214     3.5058   2.981010    32.2242    25.6252 0.0000e+00
        915     21.673     3.4998   2.980638    32.2254    25.6267 0.0000e+00
        916     22.141     3.4962   2.980388    32.2258    25.6273 0.0000e+00
        917     22.617     3.4931   2.980190    32.2263    25.6280 0.0000e+00
        918     23.095     3.4894   2.979956    32.2269    25.6288 0.0000e+00
        919     23.574     3.4833   2.979501    32.2272    25.6297 0.0000e+00
        920     24.052     3.4744   2.978806    32.2275    25.6307 0.0000e+00
        921     24.531     3.4635   2.978017    32.2287    25.6326 0.0000e+00
        922     25.016     3.4496   2.977047    32.2306    25.6354 0.0000e+00
        923     25.510     3.4288   2.975655    32.2344    25.6403 0.0000e+00
        924     26.015     3.3964   2.973310    32.2383    25.6463 0.0000e+00
        925     26.531     3.3524   2.969852    32.2403    25.6519 0.0000e+00
        926     27.050     3.3073   2.966439    32.2440    25.6588 0.0000e+00
        927     27.566     3.2709   2.963925    32.2498    25.6667 0.0000e+00
        928     28.078     3.2415   2.961731    32.2525    25.6714 0.0000e+00
        929     28.591     3.2144   2.959408    32.2513    25.6728 0.0000e+00
        930     29.108     3.1911   2.957431    32.2505    25.6742 0.0000e+00
        931     29.626     3.1749   2.956157    32.2510    25.6761 0.0000e+00
        932     30.143     3.1654   2.955473    32.2520    25.6777 0.0000e+00
        933     30.662     3.1591   2.955020    32.2526    25.6787 0.0000e+00
        934     31.187     3.1527   2.954434    32.2516    25.6785 0.0000e+00
        935     31.720     3.1450   2.953741    32.2507    25.6784 0.0000e+00
        936     32.262     3.1370   2.953022    32.2497    25.6783 0.0000e+00
        937     32.813     3.1277   2.952132    32.2480    25.6778 0.0000e+00
        938     33.375     3.1169   2.951112    32.2462    25.6772 0.0000e+00
        939     33.948     3.1067   2.950234    32.2455    25.6776 0.0000e+00
        940     34.529     3.0984   2.949589    32.2457    25.6784 0.0000e+00
        941     35.116     3.0913   2.949032    32.2457    25.6791 0.0000e+00
        942     35.700     3.0851   2.948474    32.2449    25.6790 0.0000e+00
        943     36.274     3.0807   2.948071    32.2441    25.6787 0.0000e+00
        944     36.832     3.0783   2.947870    32.2438    25.6787 0.0000e+00
        945     37.375     3.0763   2.947729    32.2438    25.6789 0.0000e+00
        946     37.908     3.0709   2.947293    32.2437    25.6792 0.0000e+00
        947     38.433     3.0603   2.946317    32.2422    25.6789 0.0000e+00
        948     38.950     3.0475   2.945255    32.2419    25.6798 0.0000e+00
        949     39.455     3.0345   2.944314    32.2433    25.6820 0.0000e+00
        950     39.944     3.0174   2.942992    32.2441    25.6841 0.0000e+00
        951     40.418     2.9894   2.940632    32.2433    25.6859 0.0000e+00
        952     40.886     2.9500   2.937210    32.2411    25.6874 0.0000e+00
        953     41.351     2.9012   2.933330    32.2427    25.6928 0.0000e+00
        954     41.810     2.8337   2.927537    32.2398    25.6961 0.0000e+00
        955     42.257     2.7528   2.920340    32.2333    25.6976 0.0000e+00
        956     42.691     2.6872   2.915438    32.2392    25.7077 0.0000e+00
        957     43.114     2.6389   2.911978    32.2454    25.7165 0.0000e+00
        958     43.522     2.5875   2.907656    32.2441    25.7195 0.0000e+00
        959     43.915     2.5332   2.903259    32.2448    25.7244 0.0000e+00
        960     44.291     2.4915   2.900135    32.2484    25.7306 0.0000e+00
        961     44.646     2.4693   2.898728    32.2533    25.7363 0.0000e+00
        962     44.975     2.4604   2.898276    32.2566    25.7396 0.0000e+00
        963     45.278     2.4565   2.898083    32.2580    25.7410 0.0000e+00
        964     45.554     2.4543   2.897992    32.2590    25.7420 0.0000e+00
        965     45.808     2.4512   2.897656    32.2578    25.7413 0.0000e+00
        966     46.048     2.4470   2.897149    32.2557    25.7399 0.0000e+00
        967     46.281     2.4440   2.896909    32.2557    25.7401 0.0000e+00
        968     46.507     2.4438   2.896903    32.2557    25.7402 0.0000e+00
        969     46.722     2.4465   2.897162    32.2560    25.7402 0.0000e+00
        970     46.926     2.4514   2.897623    32.2566    25.7403 0.0000e+00
        971     47.121     2.4549   2.897855    32.2558    25.7394 0.0000e+00
        972     47.314     2.4493   2.897392    32.2557    25.7397 0.0000e+00
        973     47.505     2.4274   2.895623    32.2560    25.7417 0.0000e+00
        974     47.688     2.3948   2.892952    32.2560    25.7442 0.0000e+00
        975     47.861     2.3690   2.890984    32.2578    25.7477 0.0000e+00
        976     48.027     2.3617   2.890647    32.2610    25.7507 0.0000e+00
        977     48.189     2.3664   2.891292    32.2641    25.7529 0.0000e+00
        978     48.353     2.3671   2.891332    32.2638    25.7526 0.0000e+00
        979     48.527     2.3590   2.890484    32.2614    25.7513 0.0000e+00
        980     48.708     2.3498   2.889762    32.2618    25.7523 0.0000e+00
        981     48.889     2.3442   2.889459    32.2636    25.7542 0.0000e+00
        982     49.069     2.3414   2.889362    32.2651    25.7556 0.0000e+00
        983     49.245     2.3400   2.889352    32.2664    25.7567 0.0000e+00
        984     49.412     2.3398   2.889394    32.2670    25.7572 0.0000e+00
        985     49.571     2.3405   2.889444    32.2668    25.7570 0.0000e+00
        986     49.728     2.3416   2.889479    32.2660    25.7563 0.0000e+00
        987     49.888     2.3424   2.889512    32.2655    25.7559 0.0000e+00
        988     50.051     2.3419   2.889460    32.2653    25.7557 0.0000e+00
        989     50.213     2.3409   2.889367    32.2651    25.7556 0.0000e+00
        990     50.373     2.3410   2.889386    32.2651    25.7557 0.0000e+00
        991     50.533     2.3414   2.889435    32.2653    25.7557 0.0000e+00
        992     50.693     2.3401   2.889336    32.2653    25.7558 0.0000e+00
        993     50.852     2.3379   2.889124    32.2648    25.7556 0.0000e+00
        994     51.015     2.3367   2.888997    32.2644    25.7554 0.0000e+00
        995     51.189     2.3370   2.889047    32.2646    25.7555 0.0000e+00
        996     51.373     2.3377   2.889150    32.2650    25.7558 0.0000e+00
        997     51.558     2.3374   2.889112    32.2648    25.7556 0.0000e+00
        998     51.738     2.3362   2.888942    32.2638    25.7549 0.0000e+00
        999     51.919     2.3356   2.888859    32.2633    25.7546 0.0000e+00
       1000     52.104     2.3366   2.888969    32.2635    25.7547 0.0000e+00
       1001     52.290     2.3392   2.889179    32.2634    25.7544 0.0000e+00
       1002     52.474     2.3414   2.889305    32.2626    25.7536 0.0000e+00
       1003     52.660     2.3414   2.889243    32.2617    25.7529 0.0000e+00
       1004     52.853     2.3394   2.889069    32.2615    25.7529 0.0000e+00
       1005     53.053     2.3379   2.888939    32.2613    25.7528 0.0000e+00
       1006     53.262     2.3381   2.888995    32.2617    25.7531 0.0000e+00
       1007     53.477     2.3381   2.889059    32.2624    25.7537 0.0000e+00
       1008     53.696     2.3366   2.888931    32.2622    25.7536 0.0000e+00
       1009     53.922     2.3355   2.888846    32.2622    25.7537 0.0000e+00
       1010     54.147     2.3354   2.888877    32.2625    25.7540 0.0000e+00
       1011     54.364     2.3351   2.888847    32.2623    25.7539 0.0000e+00
       1012     54.581     2.3343   2.888782    32.2622    25.7538 0.0000e+00
       1013     54.803     2.3338   2.888733    32.2620    25.7537 0.0000e+00
       1014     55.032     2.3336   2.888707    32.2618    25.7535 0.0000e+00
       1015     55.265     2.3338   2.888741    32.2619    25.7536 0.0000e+00
       1016     55.504     2.3344   2.888838    32.2623    25.7539 0.0000e+00
       1017     55.747     2.3349   2.888909    32.2626    25.7540 0.0000e+00
       1018     55.992     2.3348   2.888895    32.2623    25.7539 0.0000e+00
       1019     56.236     2.3344   2.888866    32.2623    25.7539 0.0000e+00
       1020     56.478     2.3342   2.888863    32.2623    25.7539 0.0000e+00
       1021     56.718     2.3338   2.888836    32.2622    25.7539 0.0000e+00
       1022     56.959     2.3331   2.888785    32.2622    25.7539 0.0000e+00
       1023     57.202     2.3324   2.888745    32.2623    25.7540 0.0000e+00
       1024     57.447     2.3324   2.888747    32.2622    25.7539 0.0000e+00
       1025     57.693     2.3331   2.888814    32.2622    25.7539 0.0000e+00
