Datasets/Test_Dataset_39219_tow/tel219_2021_032.cnv
* Sea-Bird SBE19plus Data File:
* Filename = C:/AQUIRE/tel219_2021_032.hex
* Software Version AquireV2 AF V2.0
* Temperature SN =  4020
* Conductivity SN =  4020
* System UpLoad Time = May 11 2021 03:18:45
** VESSEL/TRIP/SEQ STN: tel219_2021_032
** LATITUDE: 45 39.81 N
** LONGITUDE: 56 36.66 W
** DATE/TIME: 2021-05-11 02:37
** SOUNDING DEPTH (M): 0144
** PROBE TYPE: S4020
** CTD NUMBER:  32
** FORMAT: T
** COMMENTS: 
# nquan = 7                                 
# nvalues = 2557                        
# units = specified
# name 0 = scan: Scan Count
# name 1 = prdM: Pressure, Strain Gauge [db]
# name 2 = tv290C: Temperature [ITS-90, deg C]
# name 3 = c0S/m: Conductivity [S/m]
# name 4 = sal00: Salinity, Practical [PSU]
# name 5 = sigma-t00: Density [sigma-t, kg/m^3 ]
# name 6 = flag: flag
# span 0 =          1,       2557       
# span 1 =     -0.161,    140.357       
# span 2 =     0.7782,     3.7557       
# span 3 =   0.003048,   2.975210       
# span 4 =     0.0227,    32.7805       
# span 5 =    -0.0071,    26.2303       
# span 6 = 0.0000e+00, 0.0000e+00       
# interval = seconds: 1
# start_time = May 11 2021 02:37:19 [Instrument's time stamp, header]
# bad_flag = -9.990e-29
*END*
[from data line 821]
        822    139.510     1.6830   2.879252    32.7657    26.2046 0.0000e+00
        823    139.512     1.6844   2.879090    32.7622    26.2017 0.0000e+00
        824    139.517     1.6880   2.878923    32.7564    26.1967 0.0000e+00
        825    139.529     1.6932   2.879090    32.7531    26.1937 0.0000e+00
        826    139.539     1.6953   2.879297    32.7535    26.1939 0.0000e+00
        827    139.531     1.6929   2.879412    32.7574    26.1972 0.0000e+00
        828    139.502     1.6908   2.879668    32.7628    26.2017 0.0000e+00
        829    139.470     1.6912   2.879745    32.7634    26.2021 0.0000e+00
        830    139.456     1.6914   2.879529    32.7605    26.1998 0.0000e+00
        831    139.468     1.6908   2.879356    32.7589    26.1986 0.0000e+00
        832    139.489     1.6903   2.879281    32.7585    26.1983 0.0000e+00
        833    139.498     1.6898   2.879261    32.7588    26.1985 0.0000e+00
        834    139.492     1.6892   2.879325    32.7602    26.1997 0.0000e+00
        835    139.474     1.6889   2.879406    32.7615    26.2008 0.0000e+00
        836    139.450     1.6889   2.879350    32.7608    26.2002 0.0000e+00
        837    139.439     1.6884   2.879146    32.7588    26.1986 0.0000e+00
        838    139.457     1.6881   2.879000    32.7573    26.1974 0.0000e+00
        839    139.489     1.6888   2.879031    32.7569    26.1971 0.0000e+00
        840    139.509     1.6891   2.879099    32.7574    26.1975 0.0000e+00
        841    139.502     1.6884   2.879079    32.7579    26.1979 0.0000e+00
        842    139.474     1.6875   2.879018    32.7581    26.1981 0.0000e+00
        843    139.446     1.6871   2.878941    32.7576    26.1977 0.0000e+00
        844    139.442     1.6865   2.878885    32.7575    26.1977 0.0000e+00
        845    139.465     1.6849   2.878884    32.7591    26.1991 0.0000e+00
        846    139.494     1.6826   2.878867    32.7613    26.2010 0.0000e+00
        847    139.511     1.6814   2.878826    32.7620    26.2017 0.0000e+00
        848    139.517     1.6821   2.878799    32.7610    26.2008 0.0000e+00
        849    139.517     1.6831   2.878753    32.7593    26.1994 0.0000e+00
        850    139.517     1.6833   2.878675    32.7581    26.1985 0.0000e+00
        851    139.521     1.6825   2.878585    32.7578    26.1983 0.0000e+00
        852    139.535     1.6808   2.878437    32.7577    26.1983 0.0000e+00
        853    139.560     1.6793   2.878286    32.7574    26.1981 0.0000e+00
        854    139.577     1.6788   2.878275    32.7578    26.1985 0.0000e+00
        855    139.578     1.6787   2.878320    32.7584    26.1990 0.0000e+00
        856    139.573     1.6792   2.878319    32.7579    26.1986 0.0000e+00
        857    139.574     1.6813   2.878390    32.7566    26.1974 0.0000e+00
        858    139.584     1.6844   2.878554    32.7554    26.1962 0.0000e+00
        859    139.590     1.6866   2.878649    32.7543    26.1952 0.0000e+00
        860    139.584     1.6878   2.878668    32.7533    26.1943 0.0000e+00
        861    139.581     1.6890   2.878830    32.7541    26.1949 0.0000e+00
        862    139.588     1.6907   2.879124    32.7561    26.1963 0.0000e+00
        863    139.602     1.6921   2.879270    32.7564    26.1965 0.0000e+00
        864    139.611     1.6929   2.879185    32.7545    26.1949 0.0000e+00
        865    139.613     1.6922   2.879007    32.7530    26.1937 0.0000e+00
        866    139.610     1.6900   2.878922    32.7542    26.1949 0.0000e+00
        867    139.603     1.6879   2.879017    32.7576    26.1977 0.0000e+00
        868    139.594     1.6877   2.879132    32.7593    26.1991 0.0000e+00
        869    139.592     1.6888   2.879205    32.7590    26.1988 0.0000e+00
        870    139.601     1.6887   2.879240    32.7596    26.1992 0.0000e+00
        871    139.617     1.6862   2.879117    32.7606    26.2003 0.0000e+00
        872    139.622     1.6834   2.878990    32.7619    26.2015 0.0000e+00
        873    139.609     1.6822   2.878994    32.7632    26.2026 0.0000e+00
        874    139.586     1.6814   2.878959    32.7637    26.2030 0.0000e+00
        875    139.565     1.6789   2.878716    32.7632    26.2028 0.0000e+00
        876    139.549     1.6758   2.878344    32.7618    26.2019 0.0000e+00
        877    139.539     1.6746   2.878185    32.7610    26.2014 0.0000e+00
        878    139.533     1.6755   2.878386    32.7626    26.2026 0.0000e+00
        879    139.525     1.6772   2.878584    32.7633    26.2031 0.0000e+00
        880    139.511     1.6791   2.878539    32.7608    26.2009 0.0000e+00
        881    139.492     1.6806   2.878463    32.7583    26.1988 0.0000e+00
        882    139.477     1.6819   2.878531    32.7578    26.1983 0.0000e+00
        883    139.475     1.6826   2.878662    32.7587    26.1990 0.0000e+00
        884    139.477     1.6826   2.878706    32.7593    26.1994 0.0000e+00
        885    139.472     1.6826   2.878666    32.7588    26.1990 0.0000e+00
        886    139.462     1.6844   2.878749    32.7580    26.1982 0.0000e+00
        887    139.457     1.6887   2.879153    32.7586    26.1984 0.0000e+00
        888    139.461     1.6929   2.879578    32.7595    26.1989 0.0000e+00
        889    139.466     1.6946   2.879533    32.7572    26.1969 0.0000e+00
        890    139.463     1.6937   2.879176    32.7537    26.1941 0.0000e+00
        891    139.452     1.6910   2.878952    32.7537    26.1943 0.0000e+00
        892    139.439     1.6887   2.878982    32.7564    26.1967 0.0000e+00
        893    139.434     1.6875   2.879112    32.7593    26.1991 0.0000e+00
        894    139.442     1.6860   2.879078    32.7604    26.2001 0.0000e+00
        895    139.454     1.6843   2.878878    32.7597    26.1996 0.0000e+00
        896    139.462     1.6837   2.878764    32.7589    26.1990 0.0000e+00
        897    139.463     1.6839   2.878807    32.7592    26.1993 0.0000e+00
        898    139.455     1.6836   2.878868    32.7603    26.2002 0.0000e+00
        899    139.441     1.6802   2.878621    32.7607    26.2008 0.0000e+00
        900    139.434     1.6705   2.877652    32.7586    26.1998 0.0000e+00
        901    139.443     1.6583   2.876433    32.7560    26.1985 0.0000e+00
        902    139.464     1.6503   2.875904    32.7577    26.2004 0.0000e+00
        903    139.476     1.6477   2.875939    32.7608    26.2031 0.0000e+00
        904    139.468     1.6478   2.876098    32.7627    26.2046 0.0000e+00
        905    139.451     1.6498   2.876212    32.7621    26.2039 0.0000e+00
        906    139.444     1.6544   2.876147    32.7565    26.1991 0.0000e+00
        907    139.452     1.6603   2.876235    32.7514    26.1947 0.0000e+00
        908    139.467     1.6637   2.876588    32.7523    26.1952 0.0000e+00
        909    139.481     1.6635   2.876874    32.7561    26.1982 0.0000e+00
        910    139.495     1.6628   2.876998    32.7584    26.2001 0.0000e+00
        911    139.503     1.6639   2.877031    32.7577    26.1994 0.0000e+00
        912    139.503     1.6646   2.876989    32.7564    26.1984 0.0000e+00
        913    139.506     1.6620   2.876773    32.7564    26.1985 0.0000e+00
        914    139.517     1.6572   2.876397    32.7566    26.1991 0.0000e+00
        915    139.527     1.6540   2.876241    32.7580    26.2004 0.0000e+00
        916    139.524     1.6534   2.876291    32.7593    26.2014 0.0000e+00
        917    139.509     1.6558   2.876247    32.7562    26.1988 0.0000e+00
        918    139.499     1.6606   2.876360    32.7527    26.1956 0.0000e+00
        919    139.502     1.6652   2.876716    32.7524    26.1951 0.0000e+00
        920    139.507     1.6678   2.876961    32.7527    26.1952 0.0000e+00
        921    139.500     1.6687   2.877010    32.7524    26.1949 0.0000e+00
        922    139.483     1.6690   2.877017    32.7522    26.1947 0.0000e+00
        923    139.469     1.6690   2.877057    32.7527    26.1951 0.0000e+00
        924    139.470     1.6672   2.877032    32.7543    26.1965 0.0000e+00
        925    139.486     1.6631   2.876695    32.7543    26.1968 0.0000e+00
        926    139.504     1.6595   2.876235    32.7522    26.1954 0.0000e+00
        927    139.517     1.6583   2.876113    32.7519    26.1952 0.0000e+00
        928    139.527     1.6585   2.876228    32.7532    26.1962 0.0000e+00
        929    139.532     1.6583   2.876294    32.7542    26.1970 0.0000e+00
        930    139.531     1.6563   2.876163    32.7546    26.1975 0.0000e+00
        931    139.530     1.6528   2.875771    32.7533    26.1967 0.0000e+00
        932    139.534     1.6504   2.875403    32.7512    26.1952 0.0000e+00
        933    139.540     1.6502   2.875403    32.7514    26.1954 0.0000e+00
        934    139.543     1.6512   2.875706    32.7542    26.1975 0.0000e+00
        935    139.541     1.6529   2.876004    32.7562    26.1990 0.0000e+00
        936    139.537     1.6550   2.876104    32.7552    26.1981 0.0000e+00
        937    139.533     1.6565   2.876056    32.7531    26.1963 0.0000e+00
        938    139.535     1.6565   2.875956    32.7518    26.1953 0.0000e+00
        939    139.548     1.6538   2.875715    32.7516    26.1953 0.0000e+00
        940    139.568     1.6492   2.875342    32.7517    26.1956 0.0000e+00
        941    139.585     1.6448   2.875034    32.7524    26.1965 0.0000e+00
        942    139.593     1.6419   2.874814    32.7526    26.1969 0.0000e+00
        943    139.592     1.6391   2.874543    32.7521    26.1967 0.0000e+00
        944    139.590     1.6348   2.874100    32.7510    26.1961 0.0000e+00
        945    139.591     1.6309   2.873793    32.7512    26.1965 0.0000e+00
        946    139.589     1.6298   2.874009    32.7551    26.1997 0.0000e+00
        947    139.580     1.6314   2.874241    32.7563    26.2006 0.0000e+00
        948    139.575     1.6351   2.874203    32.7520    26.1969 0.0000e+00
        949    139.581     1.6392   2.874306    32.7490    26.1942 0.0000e+00
        950    139.591     1.6424   2.874481    32.7479    26.1931 0.0000e+00
        951    139.590     1.6447   2.874625    32.7473    26.1925 0.0000e+00
        952    139.571     1.6464   2.874810    32.7479    26.1928 0.0000e+00
        953    139.540     1.6475   2.874923    32.7482    26.1930 0.0000e+00
        954    139.511     1.6496   2.875086    32.7481    26.1927 0.0000e+00
        955    139.506     1.6532   2.875443    32.7488    26.1931 0.0000e+00
        956    139.527     1.6563   2.875779    32.7498    26.1937 0.0000e+00
        957    139.546     1.6569   2.875828    32.7498    26.1936 0.0000e+00
        958    139.538     1.6562   2.875683    32.7487    26.1928 0.0000e+00
        959    139.503     1.6555   2.875621    32.7487    26.1928 0.0000e+00
        960    139.464     1.6560   2.875682    32.7489    26.1930 0.0000e+00
        961    139.447     1.6582   2.875878    32.7491    26.1930 0.0000e+00
        962    139.458     1.6616   2.876168    32.7492    26.1928 0.0000e+00
        963    139.475     1.6646   2.876349    32.7484    26.1919 0.0000e+00
        964    139.482     1.6656   2.876448    32.7486    26.1920 0.0000e+00
        965    139.482     1.6643   2.876534    32.7510    26.1941 0.0000e+00
        966    139.482     1.6614   2.876452    32.7530    26.1959 0.0000e+00
        967    139.487     1.6589   2.876187    32.7523    26.1954 0.0000e+00
        968    139.498     1.6584   2.876015    32.7506    26.1941 0.0000e+00
        969    139.511     1.6587   2.876045    32.7507    26.1942 0.0000e+00
        970    139.522     1.6577   2.876034    32.7516    26.1950 0.0000e+00
        971    139.531     1.6544   2.875760    32.7515    26.1952 0.0000e+00
        972    139.546     1.6508   2.875360    32.7502    26.1944 0.0000e+00
        973    139.560     1.6493   2.875203    32.7498    26.1942 0.0000e+00
        974    139.557     1.6493   2.875279    32.7508    26.1949 0.0000e+00
        975    139.537     1.6498   2.875316    32.7507    26.1948 0.0000e+00
        976    139.522     1.6504   2.875323    32.7502    26.1944 0.0000e+00
        977    139.529     1.6502   2.875306    32.7502    26.1944 0.0000e+00
        978    139.546     1.6493   2.875205    32.7499    26.1942 0.0000e+00
        979    139.552     1.6487   2.875176    32.7501    26.1944 0.0000e+00
        980    139.542     1.6492   2.875218    32.7501    26.1944 0.0000e+00
        981    139.527     1.6519   2.875329    32.7487    26.1931 0.0000e+00
        982    139.522     1.6562   2.875714    32.7491    26.1931 0.0000e+00
        983    139.535     1.6582   2.876085    32.7517    26.1950 0.0000e+00
        984    139.552     1.6551   2.875934    32.7530    26.1963 0.0000e+00
        985    139.560     1.6506   2.875453    32.7516    26.1955 0.0000e+00
        986    139.554     1.6494   2.875191    32.7496    26.1939 0.0000e+00
        987    139.542     1.6513   2.875344    32.7495    26.1938 0.0000e+00
        988    139.543     1.6528   2.875534    32.7504    26.1943 0.0000e+00
        989    139.558     1.6528   2.875499    32.7499    26.1940 0.0000e+00
        990    139.564     1.6525   2.875470    32.7499    26.1940 0.0000e+00
        991    139.551     1.6520   2.875480    32.7505    26.1945 0.0000e+00
        992    139.531     1.6499   2.875338    32.7509    26.1950 0.0000e+00
        993    139.526     1.6450   2.874924    32.7508    26.1952 0.0000e+00
        994    139.540     1.6386   2.874350    32.7502    26.1952 0.0000e+00
        995    139.558     1.6345   2.873978    32.7498    26.1952 0.0000e+00
        996    139.563     1.6343   2.873875    32.7487    26.1943 0.0000e+00
        997    139.556     1.6370   2.873944    32.7468    26.1926 0.0000e+00
        998    139.552     1.6412   2.874287    32.7467    26.1922 0.0000e+00
        999    139.560     1.6453   2.874742    32.7482    26.1931 0.0000e+00
       1000    139.575     1.6481   2.874973    32.7482    26.1929 0.0000e+00
       1001    139.586     1.6494   2.875030    32.7475    26.1923 0.0000e+00
       1002    139.589     1.6493   2.875038    32.7477    26.1925 0.0000e+00
       1003    139.589     1.6472   2.874898    32.7482    26.1930 0.0000e+00
       1004    139.595     1.6439   2.874628    32.7482    26.1932 0.0000e+00
       1005    139.604     1.6416   2.874531    32.7494    26.1943 0.0000e+00
       1006    139.599     1.6413   2.874661    32.7513    26.1959 0.0000e+00
       1007    139.577     1.6416   2.874677    32.7512    26.1958 0.0000e+00
       1008    139.561     1.6412   2.874423    32.7484    26.1936 0.0000e+00
       1009    139.565     1.6410   2.874258    32.7466    26.1921 0.0000e+00
       1010    139.579     1.6413   2.874400    32.7480    26.1933 0.0000e+00
       1011    139.585     1.6406   2.874458    32.7495    26.1945 0.0000e+00
       1012    139.583     1.6401   2.874309    32.7481    26.1934 0.0000e+00
       1013    139.590     1.6421   2.874362    32.7467    26.1922 0.0000e+00
       1014    139.607     1.6452   2.874650    32.7471    26.1923 0.0000e+00
       1015    139.614     1.6471   2.874786    32.7468    26.1919 0.0000e+00
       1016    139.597     1.6473   2.874735    32.7460    26.1912 0.0000e+00
       1017    139.561     1.6466   2.874667    32.7459    26.1912 0.0000e+00
       1018    139.522     1.6449   2.874573    32.7465    26.1918 0.0000e+00
       1019    139.498     1.6427   2.874413    32.7468    26.1922 0.0000e+00
       1020    139.504     1.6412   2.874336    32.7474    26.1927 0.0000e+00
       1021    139.530     1.6411   2.874424    32.7486    26.1937 0.0000e+00
       1022    139.544     1.6418   2.874465    32.7484    26.1935 0.0000e+00
       1023    139.528     1.6424   2.874414    32.7471    26.1924 0.0000e+00
       1024    139.495     1.6419   2.874366    32.7470    26.1924 0.0000e+00
       1025    139.467     1.6393   2.874125    32.7467    26.1923 0.0000e+00
