Datasets/Test_Dataset_39219_tow/tel219_2021_005.cnv
* Sea-Bird SBE19plus Data File:
* Filename = C:/AQUIRE/tel219_2021_005.hex
* Software Version AquireV2 AF V2.0
* Temperature SN =  4020
* Conductivity SN =  4020
* System UpLoad Time = May 06 2021 09:08:31
** VESSEL/TRIP/SEQ STN: tel219_2021_005
** LATITUDE: 45 51.93 N
** LONGITUDE: 055 16.13 W
** DATE/TIME: 2021-05-06 08:30
** SOUNDING DEPTH (M): 0158
** PROBE TYPE: S4020
** CTD NUMBER: 005
** FORMAT: T
** COMMENTS: 
# nquan = 7                                 
# nvalues = 2322                        
# units = specified
# name 0 = scan: Scan Count
# name 1 = prdM: Pressure, Strain Gauge [db]
# name 2 = tv290C: Temperature [ITS-90, deg C]
# name 3 = c0S/m: Conductivity [S/m]
# name 4 = sal00: Salinity, Practical [PSU]
# name 5 = sigma-t00: Density [sigma-t, kg/m^3 ]
# name 6 = flag: flag
# span 0 =          1,       2322       
# span 1 =     -0.123,    154.995       
# span 2 =     0.1677,     3.2390       
# span 3 =   0.001643,   2.945911       
# span 4 =     0.0120,    32.6304       
# span 5 =    -0.0238,    26.1852       
# span 6 = 0.0000e+00, 0.0000e+00       
# interval = seconds: 1
# start_time = May 06 2021 08:30:48 [Instrument's time stamp, header]
# bad_flag = -9.990e-29
*END*
[from data line 1436]
       1437    153.468     0.1746   2.745625    32.6292    26.1842 0.0000e+00
       1438    153.489     0.1745   2.745633    32.6294    26.1844 0.0000e+00
       1439    153.508     0.1745   2.745639    32.6294    26.1844 0.0000e+00
       1440    153.515     0.1745   2.745639    32.6294    26.1844 0.0000e+00
       1441    153.515     0.1745   2.745640    32.6294    26.1844 0.0000e+00
       1442    153.516     0.1745   2.745641    32.6295    26.1844 0.0000e+00
       1443    153.525     0.1745   2.745640    32.6294    26.1844 0.0000e+00
       1444    153.537     0.1745   2.745646    32.6295    26.1845 0.0000e+00
       1445    153.547     0.1746   2.745645    32.6294    26.1844 0.0000e+00
       1446    153.555     0.1746   2.745641    32.6293    26.1843 0.0000e+00
       1447    153.559     0.1746   2.745645    32.6294    26.1844 0.0000e+00
       1448    153.563     0.1746   2.745644    32.6294    26.1843 0.0000e+00
       1449    153.573     0.1746   2.745645    32.6294    26.1843 0.0000e+00
       1450    153.584     0.1746   2.745647    32.6294    26.1844 0.0000e+00
       1451    153.595     0.1745   2.745646    32.6295    26.1844 0.0000e+00
       1452    153.608     0.1745   2.745652    32.6295    26.1845 0.0000e+00
       1453    153.620     0.1745   2.745661    32.6297    26.1846 0.0000e+00
       1454    153.633     0.1745   2.745673    32.6298    26.1847 0.0000e+00
       1455    153.647     0.1746   2.745681    32.6298    26.1847 0.0000e+00
       1456    153.653     0.1746   2.745678    32.6298    26.1847 0.0000e+00
       1457    153.642     0.1745   2.745665    32.6297    26.1846 0.0000e+00
       1458    153.625     0.1745   2.745659    32.6296    26.1846 0.0000e+00
       1459    153.619     0.1745   2.745659    32.6296    26.1846 0.0000e+00
       1460    153.630     0.1745   2.745662    32.6297    26.1846 0.0000e+00
       1461    153.651     0.1745   2.745667    32.6297    26.1846 0.0000e+00
       1462    153.672     0.1745   2.745665    32.6297    26.1846 0.0000e+00
       1463    153.688     0.1745   2.745661    32.6296    26.1846 0.0000e+00
       1464    153.698     0.1746   2.745665    32.6296    26.1845 0.0000e+00
       1465    153.704     0.1746   2.745664    32.6295    26.1845 0.0000e+00
       1466    153.708     0.1746   2.745661    32.6295    26.1845 0.0000e+00
       1467    153.710     0.1746   2.745663    32.6295    26.1845 0.0000e+00
       1468    153.711     0.1746   2.745661    32.6295    26.1845 0.0000e+00
       1469    153.717     0.1746   2.745660    32.6295    26.1844 0.0000e+00
       1470    153.730     0.1746   2.745664    32.6295    26.1845 0.0000e+00
       1471    153.750     0.1747   2.745671    32.6295    26.1844 0.0000e+00
       1472    153.769     0.1747   2.745673    32.6295    26.1845 0.0000e+00
       1473    153.778     0.1747   2.745665    32.6294    26.1844 0.0000e+00
       1474    153.779     0.1747   2.745660    32.6293    26.1843 0.0000e+00
       1475    153.778     0.1747   2.745664    32.6294    26.1844 0.0000e+00
       1476    153.780     0.1747   2.745667    32.6294    26.1844 0.0000e+00
       1477    153.787     0.1747   2.745672    32.6295    26.1844 0.0000e+00
       1478    153.804     0.1746   2.745673    32.6296    26.1845 0.0000e+00
       1479    153.826     0.1747   2.745667    32.6294    26.1844 0.0000e+00
       1480    153.846     0.1747   2.745664    32.6294    26.1843 0.0000e+00
       1481    153.865     0.1747   2.745674    32.6295    26.1844 0.0000e+00
       1482    153.881     0.1746   2.745689    32.6298    26.1847 0.0000e+00
       1483    153.887     0.1745   2.745692    32.6299    26.1848 0.0000e+00
       1484    153.884     0.1745   2.745693    32.6299    26.1848 0.0000e+00
       1485    153.875     0.1745   2.745694    32.6299    26.1848 0.0000e+00
       1486    153.871     0.1745   2.745692    32.6299    26.1848 0.0000e+00
       1487    153.881     0.1745   2.745689    32.6299    26.1848 0.0000e+00
       1488    153.904     0.1745   2.745686    32.6298    26.1847 0.0000e+00
       1489    153.927     0.1745   2.745686    32.6298    26.1847 0.0000e+00
       1490    153.940     0.1746   2.745692    32.6298    26.1847 0.0000e+00
       1491    153.946     0.1746   2.745697    32.6298    26.1847 0.0000e+00
       1492    153.954     0.1746   2.745698    32.6298    26.1847 0.0000e+00
       1493    153.961     0.1745   2.745700    32.6300    26.1848 0.0000e+00
       1494    153.964     0.1745   2.745704    32.6300    26.1849 0.0000e+00
       1495    153.971     0.1745   2.745701    32.6300    26.1848 0.0000e+00
       1496    153.987     0.1745   2.745697    32.6299    26.1848 0.0000e+00
       1497    154.006     0.1745   2.745703    32.6300    26.1848 0.0000e+00
       1498    154.020     0.1746   2.745712    32.6300    26.1848 0.0000e+00
       1499    154.028     0.1747   2.745709    32.6298    26.1847 0.0000e+00
       1500    154.036     0.1747   2.745697    32.6297    26.1846 0.0000e+00
       1501    154.050     0.1746   2.745696    32.6298    26.1847 0.0000e+00
       1502    154.068     0.1745   2.745697    32.6299    26.1848 0.0000e+00
       1503    154.081     0.1745   2.745701    32.6299    26.1848 0.0000e+00
       1504    154.086     0.1745   2.745710    32.6300    26.1849 0.0000e+00
       1505    154.085     0.1745   2.745711    32.6300    26.1849 0.0000e+00
       1506    154.086     0.1745   2.745708    32.6300    26.1849 0.0000e+00
       1507    154.096     0.1745   2.745705    32.6300    26.1848 0.0000e+00
       1508    154.111     0.1745   2.745705    32.6299    26.1848 0.0000e+00
       1509    154.128     0.1745   2.745706    32.6300    26.1848 0.0000e+00
       1510    154.142     0.1745   2.745709    32.6300    26.1849 0.0000e+00
       1511    154.157     0.1745   2.745713    32.6300    26.1849 0.0000e+00
       1512    154.170     0.1745   2.745718    32.6301    26.1849 0.0000e+00
       1513    154.179     0.1745   2.745721    32.6301    26.1850 0.0000e+00
       1514    154.191     0.1745   2.745719    32.6301    26.1849 0.0000e+00
       1515    154.207     0.1745   2.745716    32.6300    26.1849 0.0000e+00
       1516    154.221     0.1745   2.745716    32.6300    26.1849 0.0000e+00
       1517    154.230     0.1745   2.745718    32.6301    26.1849 0.0000e+00
       1518    154.236     0.1745   2.745721    32.6301    26.1849 0.0000e+00
       1519    154.244     0.1745   2.745725    32.6301    26.1850 0.0000e+00
       1520    154.257     0.1745   2.745727    32.6302    26.1850 0.0000e+00
       1521    154.270     0.1745   2.745724    32.6301    26.1849 0.0000e+00
       1522    154.282     0.1745   2.745723    32.6301    26.1849 0.0000e+00
       1523    154.296     0.1745   2.745727    32.6301    26.1850 0.0000e+00
       1524    154.315     0.1745   2.745733    32.6302    26.1850 0.0000e+00
       1525    154.339     0.1745   2.745734    32.6302    26.1850 0.0000e+00
       1526    154.357     0.1745   2.745729    32.6301    26.1850 0.0000e+00
       1527    154.366     0.1745   2.745725    32.6301    26.1849 0.0000e+00
       1528    154.366     0.1745   2.745724    32.6301    26.1849 0.0000e+00
       1529    154.367     0.1745   2.745727    32.6301    26.1849 0.0000e+00
       1530    154.385     0.1745   2.745733    32.6302    26.1850 0.0000e+00
       1531    154.415     0.1745   2.745741    32.6302    26.1851 0.0000e+00
       1532    154.439     0.1745   2.745744    32.6303    26.1851 0.0000e+00
       1533    154.453     0.1745   2.745744    32.6303    26.1851 0.0000e+00
       1534    154.461     0.1745   2.745744    32.6303    26.1851 0.0000e+00
       1535    154.466     0.1745   2.745739    32.6302    26.1850 0.0000e+00
       1536    154.469     0.1745   2.745732    32.6301    26.1849 0.0000e+00
       1537    154.474     0.1745   2.745732    32.6301    26.1849 0.0000e+00
       1538    154.482     0.1745   2.745740    32.6302    26.1850 0.0000e+00
       1539    154.490     0.1745   2.745743    32.6302    26.1850 0.0000e+00
       1540    154.503     0.1745   2.745739    32.6302    26.1850 0.0000e+00
       1541    154.520     0.1745   2.745740    32.6302    26.1850 0.0000e+00
       1542    154.536     0.1745   2.745740    32.6302    26.1850 0.0000e+00
       1543    154.548     0.1745   2.745737    32.6301    26.1850 0.0000e+00
       1544    154.554     0.1746   2.745735    32.6300    26.1848 0.0000e+00
       1545    154.560     0.1746   2.745736    32.6300    26.1849 0.0000e+00
       1546    154.584     0.1747   2.745750    32.6301    26.1849 0.0000e+00
       1547    154.635     0.1748   2.745769    32.6302    26.1850 0.0000e+00
       1548    154.706     0.1748   2.745781    32.6303    26.1851 0.0000e+00
       1549    154.779     0.1749   2.745792    32.6303    26.1851 0.0000e+00
       1550    154.848     0.1749   2.745802    32.6304    26.1851 0.0000e+00
       1551    154.912     0.1749   2.745809    32.6304    26.1852 0.0000e+00
       1552    154.965     0.1750   2.745819    32.6304    26.1852 0.0000e+00
       1553    154.995     0.1752   2.745831    32.6303    26.1851 0.0000e+00
       1554    154.993     0.1753   2.745831    32.6302    26.1850 0.0000e+00
       1555    154.955     0.1753   2.745825    32.6302    26.1850 0.0000e+00
       1556    154.881     0.1753   2.745817    32.6301    26.1849 0.0000e+00
       1557    154.778     0.1753   2.745811    32.6301    26.1849 0.0000e+00
       1558    154.651     0.1754   2.745808    32.6300    26.1848 0.0000e+00
       1559    154.501     0.1754   2.745798    32.6300    26.1848 0.0000e+00
       1560    154.330     0.1754   2.745777    32.6298    26.1847 0.0000e+00
       1561    154.143     0.1754   2.745757    32.6297    26.1845 0.0000e+00
       1562    153.944     0.1754   2.745747    32.6296    26.1845 0.0000e+00
       1563    153.736     0.1754   2.745747    32.6298    26.1846 0.0000e+00
       1564    153.521     0.1753   2.745747    32.6300    26.1848 0.0000e+00
       1565    153.303     0.1753   2.745734    32.6299    26.1848 0.0000e+00
       1566    153.083     0.1753   2.745719    32.6299    26.1847 0.0000e+00
       1567    152.858     0.1752   2.745710    32.6300    26.1848 0.0000e+00
       1568    152.627     0.1753   2.745692    32.6298    26.1847 0.0000e+00
       1569    152.390     0.1753   2.745668    32.6296    26.1845 0.0000e+00
       1570    152.150     0.1753   2.745648    32.6295    26.1844 0.0000e+00
       1571    151.907     0.1753   2.745630    32.6294    26.1843 0.0000e+00
       1572    151.664     0.1753   2.745615    32.6293    26.1843 0.0000e+00
       1573    151.423     0.1754   2.745595    32.6291    26.1841 0.0000e+00
       1574    151.182     0.1754   2.745572    32.6289    26.1840 0.0000e+00
       1575    150.941     0.1754   2.745551    32.6288    26.1839 0.0000e+00
       1576    150.699     0.1754   2.745528    32.6286    26.1837 0.0000e+00
       1577    150.459     0.1754   2.745509    32.6285    26.1836 0.0000e+00
       1578    150.228     0.1754   2.745500    32.6285    26.1836 0.0000e+00
       1579    150.004     0.1754   2.745493    32.6286    26.1837 0.0000e+00
       1580    149.779     0.1754   2.745483    32.6286    26.1837 0.0000e+00
       1581    149.552     0.1754   2.745470    32.6285    26.1836 0.0000e+00
       1582    149.325     0.1754   2.745459    32.6285    26.1836 0.0000e+00
       1583    149.102     0.1754   2.745456    32.6286    26.1837 0.0000e+00
       1584    148.881     0.1753   2.745446    32.6287    26.1838 0.0000e+00
       1585    148.664     0.1752   2.745426    32.6287    26.1838 0.0000e+00
       1586    148.453     0.1753   2.745411    32.6285    26.1836 0.0000e+00
       1587    148.243     0.1753   2.745392    32.6284    26.1835 0.0000e+00
       1588    148.037     0.1753   2.745372    32.6282    26.1834 0.0000e+00
       1589    147.833     0.1753   2.745356    32.6281    26.1833 0.0000e+00
       1590    147.628     0.1753   2.745350    32.6282    26.1834 0.0000e+00
       1591    147.426     0.1753   2.745346    32.6283    26.1834 0.0000e+00
       1592    147.230     0.1753   2.745337    32.6282    26.1834 0.0000e+00
       1593    147.035     0.1752   2.745328    32.6283    26.1835 0.0000e+00
       1594    146.839     0.1752   2.745326    32.6284    26.1836 0.0000e+00
       1595    146.644     0.1752   2.745319    32.6285    26.1836 0.0000e+00
       1596    146.452     0.1752   2.745302    32.6283    26.1835 0.0000e+00
       1597    146.263     0.1752   2.745284    32.6282    26.1834 0.0000e+00
       1598    146.074     0.1750   2.745270    32.6284    26.1835 0.0000e+00
       1599    145.884     0.1750   2.745260    32.6283    26.1835 0.0000e+00
       1600    145.697     0.1750   2.745251    32.6283    26.1835 0.0000e+00
       1601    145.515     0.1750   2.745241    32.6283    26.1835 0.0000e+00
       1602    145.337     0.1750   2.745234    32.6283    26.1835 0.0000e+00
       1603    145.158     0.1750   2.745228    32.6283    26.1835 0.0000e+00
       1604    144.974     0.1750   2.745216    32.6283    26.1835 0.0000e+00
       1605    144.785     0.1749   2.745200    32.6283    26.1835 0.0000e+00
       1606    144.598     0.1749   2.745181    32.6281    26.1833 0.0000e+00
       1607    144.416     0.1749   2.745134    32.6276    26.1829 0.0000e+00
       1608    144.237     0.1749   2.745063    32.6268    26.1823 0.0000e+00
       1609    144.058     0.1748   2.745004    32.6262    26.1818 0.0000e+00
       1610    143.881     0.1747   2.744968    32.6260    26.1816 0.0000e+00
       1611    143.709     0.1747   2.744949    32.6258    26.1815 0.0000e+00
       1612    143.535     0.1747   2.744905    32.6254    26.1811 0.0000e+00
       1613    143.358     0.1746   2.744812    32.6243    26.1803 0.0000e+00
       1614    143.186     0.1745   2.744729    32.6235    26.1796 0.0000e+00
       1615    143.013     0.1745   2.744685    32.6230    26.1792 0.0000e+00
       1616    142.833     0.1745   2.744655    32.6227    26.1790 0.0000e+00
       1617    142.648     0.1745   2.744617    32.6223    26.1787 0.0000e+00
       1618    142.462     0.1745   2.744552    32.6216    26.1781 0.0000e+00
       1619    142.278     0.1748   2.744417    32.6196    26.1764 0.0000e+00
       1620    142.093     0.1751   2.744165    32.6161    26.1736 0.0000e+00
       1621    141.907     0.1754   2.743847    32.6117    26.1701 0.0000e+00
       1622    141.721     0.1757   2.743574    32.6079    26.1670 0.0000e+00
       1623    141.533     0.1758   2.743385    32.6054    26.1650 0.0000e+00
       1624    141.338     0.1758   2.743247    32.6037    26.1636 0.0000e+00
       1625    141.139     0.1755   2.743125    32.6026    26.1627 0.0000e+00
       1626    140.939     0.1753   2.743033    32.6017    26.1620 0.0000e+00
       1627    140.740     0.1752   2.742973    32.6011    26.1615 0.0000e+00
       1628    140.543     0.1752   2.742930    32.6007    26.1612 0.0000e+00
       1629    140.347     0.1753   2.742892    32.6002    26.1608 0.0000e+00
       1630    140.145     0.1755   2.742858    32.5996    26.1603 0.0000e+00
       1631    139.937     0.1760   2.742845    32.5991    26.1598 0.0000e+00
       1632    139.721     0.1766   2.742845    32.5986    26.1594 0.0000e+00
       1633    139.500     0.1772   2.742842    32.5980    26.1589 0.0000e+00
       1634    139.280     0.1775   2.742839    32.5978    26.1587 0.0000e+00
       1635    139.059     0.1779   2.742850    32.5976    26.1586 0.0000e+00
       1636    138.832     0.1782   2.742867    32.5977    26.1586 0.0000e+00
       1637    138.595     0.1790   2.742903    32.5974    26.1584 0.0000e+00
       1638    138.346     0.1799   2.742956    32.5973    26.1582 0.0000e+00
       1639    138.089     0.1810   2.743018    32.5971    26.1580 0.0000e+00
       1640    137.830     0.1820   2.743083    32.5970    26.1579 0.0000e+00
       1641    137.567     0.1829   2.743138    32.5969    26.1578 0.0000e+00
