Datasets/Test_Dataset_39219_tow/tel219_2021_039.cnv
* Sea-Bird SBE19plus Data File:
* Filename = C:/AQUIRE/tel219_2021_039.hex
* Software Version AquireV2 AF V2.0
* Temperature SN =  4020
* Conductivity SN =  4020
* System UpLoad Time = May 12 2021 00:21:16
** VESSEL/TRIP/SEQ STN: tel219_2021_039
** LATITUDE: 44 54.39 N
** LONGITUDE: 56 15.83 W
** DATE/TIME: 2021-05-11 23:24
** SOUNDING DEPTH (M): 0339
** PROBE TYPE: S4020
** CTD NUMBER:  39
** FORMAT: t
** COMMENTS: 
# nquan = 7                                 
# nvalues = 3401                        
# units = specified
# name 0 = scan: Scan Count
# name 1 = prdM: Pressure, Strain Gauge [db]
# name 2 = tv290C: Temperature [ITS-90, deg C]
# name 3 = c0S/m: Conductivity [S/m]
# name 4 = sal00: Salinity, Practical [PSU]
# name 5 = sigma-t00: Density [sigma-t, kg/m^3 ]
# name 6 = flag: flag
# span 0 =          1,       3401       
# span 1 =     -0.454,    343.595       
# span 2 =     4.7090,     9.7255       
# span 3 =   0.006003,   3.807068       
# span 4 =     0.0445,    35.1755       
# span 5 =     0.0028,    27.4780       
# span 6 = 0.0000e+00, 0.0000e+00       
# interval = seconds: 1
# start_time = May 11 2021 23:24:52 [Instrument's time stamp, header]
# bad_flag = -9.990e-29
*END*
[from data line 2462]
       2463    303.052     7.5673   3.602341    35.0829    27.4032 0.0000e+00
       2464    302.608     7.5709   3.602678    35.0832    27.4028 0.0000e+00
       2465    302.166     7.5775   3.603344    35.0839    27.4025 0.0000e+00
       2466    301.737     7.5883   3.604414    35.0849    27.4016 0.0000e+00
       2467    301.313     7.6049   3.606291    35.0887    27.4022 0.0000e+00
       2468    300.876     7.6247   3.608557    35.0935    27.4031 0.0000e+00
       2469    300.415     7.6427   3.610324    35.0948    27.4015 0.0000e+00
       2470    299.928     7.6582   3.611798    35.0953    27.3996 0.0000e+00
       2471    299.434     7.6710   3.613034    35.0961    27.3983 0.0000e+00
       2472    298.954     7.6810   3.613849    35.0951    27.3961 0.0000e+00
       2473    298.493     7.6919   3.614845    35.0951    27.3945 0.0000e+00
       2474    298.041     7.7045   3.616087    35.0961    27.3934 0.0000e+00
       2475    297.592     7.7171   3.617304    35.0968    27.3921 0.0000e+00
       2476    297.141     7.7306   3.618649    35.0979    27.3910 0.0000e+00
       2477    296.676     7.7439   3.619954    35.0989    27.3898 0.0000e+00
       2478    296.177     7.7536   3.620818    35.0987    27.3882 0.0000e+00
       2479    295.641     7.7592   3.621182    35.0973    27.3863 0.0000e+00
       2480    295.089     7.7631   3.621371    35.0957    27.3844 0.0000e+00
       2481    294.547     7.7676   3.621685    35.0948    27.3831 0.0000e+00
       2482    294.036     7.7738   3.622238    35.0948    27.3821 0.0000e+00
       2483    293.556     7.7810   3.622868    35.0946    27.3809 0.0000e+00
       2484    293.088     7.7880   3.623452    35.0941    27.3795 0.0000e+00
       2485    292.611     7.7957   3.624146    35.0941    27.3783 0.0000e+00
       2486    292.108     7.8047   3.624955    35.0940    27.3769 0.0000e+00
       2487    291.572     7.8137   3.625770    35.0940    27.3756 0.0000e+00
       2488    291.002     7.8219   3.626527    35.0942    27.3746 0.0000e+00
       2489    290.416     7.8298   3.627249    35.0943    27.3735 0.0000e+00
       2490    289.835     7.8366   3.627882    35.0946    27.3727 0.0000e+00
       2491    289.268     7.8417   3.628342    35.0947    27.3720 0.0000e+00
       2492    288.722     7.8464   3.628755    35.0947    27.3713 0.0000e+00
       2493    288.190     7.8515   3.629206    35.0947    27.3706 0.0000e+00
       2494    287.659     7.8558   3.629450    35.0933    27.3688 0.0000e+00
       2495    287.116     7.8577   3.629377    35.0909    27.3666 0.0000e+00
       2496    286.558     7.8577   3.629198    35.0892    27.3653 0.0000e+00
       2497    285.982     7.8570   3.629008    35.0881    27.3646 0.0000e+00
       2498    285.385     7.8553   3.628733    35.0872    27.3641 0.0000e+00
       2499    284.771     7.8518   3.628163    35.0848    27.3627 0.0000e+00
       2500    284.141     7.8464   3.627279    35.0810    27.3606 0.0000e+00
       2501    283.500     7.8407   3.626406    35.0777    27.3588 0.0000e+00
       2502    282.856     7.8373   3.625869    35.0756    27.3576 0.0000e+00
       2503    282.217     7.8371   3.625776    35.0751    27.3573 0.0000e+00
       2504    281.592     7.8383   3.625865    35.0752    27.3572 0.0000e+00
       2505    280.985     7.8385   3.625773    35.0743    27.3564 0.0000e+00
       2506    280.380     7.8377   3.625530    35.0727    27.3553 0.0000e+00
       2507    279.761     7.8384   3.625498    35.0720    27.3547 0.0000e+00
       2508    279.122     7.8419   3.625743    35.0714    27.3537 0.0000e+00
       2509    278.464     7.8459   3.625856    35.0690    27.3511 0.0000e+00
       2510    277.796     7.8486   3.625663    35.0645    27.3472 0.0000e+00
       2511    277.120     7.8538   3.625783    35.0609    27.3436 0.0000e+00
       2512    276.419     7.8642   3.626656    35.0602    27.3416 0.0000e+00
       2513    275.679     7.8750   3.627635    35.0603    27.3400 0.0000e+00
       2514    274.923     7.8841   3.628436    35.0602    27.3385 0.0000e+00
       2515    274.200     7.8934   3.629419    35.0618    27.3384 0.0000e+00
       2516    273.536     7.9021   3.630250    35.0623    27.3375 0.0000e+00
       2517    272.916     7.9061   3.630425    35.0605    27.3355 0.0000e+00
       2518    272.296     7.9049   3.630066    35.0581    27.3338 0.0000e+00
       2519    271.631     7.9028   3.629686    35.0565    27.3328 0.0000e+00
       2520    270.913     7.9019   3.629483    35.0555    27.3322 0.0000e+00
       2521    270.161     7.9024   3.629425    35.0548    27.3316 0.0000e+00
       2522    269.393     7.9051   3.629641    35.0548    27.3312 0.0000e+00
       2523    268.617     7.9085   3.629965    35.0552    27.3310 0.0000e+00
       2524    267.836     7.9091   3.629871    35.0540    27.3299 0.0000e+00
       2525    267.064     7.9070   3.629408    35.0515    27.3283 0.0000e+00
       2526    266.311     7.9055   3.629129    35.0503    27.3276 0.0000e+00
       2527    265.574     7.9059   3.629071    35.0497    27.3270 0.0000e+00
       2528    264.840     7.9077   3.629109    35.0486    27.3260 0.0000e+00
       2529    264.107     7.9108   3.629318    35.0481    27.3251 0.0000e+00
       2530    263.386     7.9158   3.629759    35.0482    27.3244 0.0000e+00
       2531    262.680     7.9245   3.630590    35.0488    27.3236 0.0000e+00
       2532    261.963     7.9360   3.631681    35.0494    27.3223 0.0000e+00
       2533    261.191     7.9467   3.632593    35.0488    27.3203 0.0000e+00
       2534    260.337     7.9625   3.633960    35.0481    27.3173 0.0000e+00
       2535    259.435     7.9964   3.637542    35.0531    27.3162 0.0000e+00
       2536    258.561     8.0444   3.642965    35.0637    27.3172 0.0000e+00
       2537    257.765     8.0895   3.647651    35.0692    27.3148 0.0000e+00
       2538    257.039     8.1230   3.650798    35.0698    27.3101 0.0000e+00
       2539    256.342     8.1437   3.652788    35.0707    27.3077 0.0000e+00
       2540    255.621     8.1533   3.653611    35.0703    27.3059 0.0000e+00
       2541    254.833     8.1581   3.653964    35.0697    27.3047 0.0000e+00
       2542    253.972     8.1629   3.654396    35.0699    27.3041 0.0000e+00
       2543    253.068     8.1715   3.655197    35.0703    27.3032 0.0000e+00
       2544    252.158     8.1904   3.657228    35.0736    27.3029 0.0000e+00
       2545    251.279     8.2195   3.660277    35.0775    27.3015 0.0000e+00
       2546    250.460     8.2503   3.663123    35.0776    27.2968 0.0000e+00
       2547    249.688     8.2787   3.665919    35.0795    27.2940 0.0000e+00
       2548    248.918     8.3049   3.668757    35.0840    27.2935 0.0000e+00
       2549    248.106     8.3297   3.671310    35.0869    27.2919 0.0000e+00
       2550    247.229     8.3582   3.674363    35.0914    27.2911 0.0000e+00
       2551    246.306     8.3889   3.677649    35.0962    27.2901 0.0000e+00
       2552    245.382     8.4162   3.680442    35.0992    27.2882 0.0000e+00
       2553    244.477     8.4419   3.683139    35.1027    27.2870 0.0000e+00
       2554    243.589     8.4684   3.685856    35.1056    27.2852 0.0000e+00
       2555    242.712     8.4951   3.688615    35.1088    27.2835 0.0000e+00
       2556    241.850     8.5216   3.691453    35.1129    27.2826 0.0000e+00
       2557    241.007     8.5453   3.693866    35.1154    27.2808 0.0000e+00
       2558    240.161     8.5631   3.695545    35.1159    27.2784 0.0000e+00
       2559    239.272     8.5714   3.696249    35.1155    27.2768 0.0000e+00
       2560    238.322     8.5684   3.695138    35.1072    27.2708 0.0000e+00
       2561    237.340     8.5569   3.692599    35.0922    27.2608 0.0000e+00
       2562    236.380     8.5436   3.690338    35.0819    27.2548 0.0000e+00
       2563    235.470     8.5348   3.688943    35.0763    27.2518 0.0000e+00
       2564    234.596     8.5355   3.688797    35.0744    27.2502 0.0000e+00
       2565    233.717     8.5478   3.689979    35.0752    27.2489 0.0000e+00
       2566    232.793     8.5801   3.693216    35.0778    27.2459 0.0000e+00
       2567    231.813     8.6436   3.700708    35.0946    27.2491 0.0000e+00
       2568    230.813     8.7281   3.710652    35.1163    27.2528 0.0000e+00
       2569    229.844     8.8097   3.719071    35.1247    27.2464 0.0000e+00
       2570    228.935     8.8697   3.724883    35.1269    27.2385 0.0000e+00
       2571    228.070     8.9070   3.728557    35.1290    27.2342 0.0000e+00
       2572    227.198     8.9424   3.732110    35.1318    27.2307 0.0000e+00
       2573    226.272     8.9964   3.737849    35.1391    27.2277 0.0000e+00
       2574    225.274     9.0584   3.744408    35.1470    27.2239 0.0000e+00
       2575    224.230     9.1024   3.748355    35.1454    27.2155 0.0000e+00
       2576    223.190     9.1264   3.749689    35.1362    27.2044 0.0000e+00
       2577    222.191     9.1463   3.750903    35.1297    27.1961 0.0000e+00
       2578    221.228     9.1697   3.752982    35.1289    27.1916 0.0000e+00
       2579    220.279     9.1914   3.754841    35.1274    27.1869 0.0000e+00
       2580    219.322     9.2071   3.755906    35.1235    27.1813 0.0000e+00
       2581    218.335     9.2169   3.756306    35.1185    27.1758 0.0000e+00
       2582    217.308     9.2203   3.755950    35.1119    27.1701 0.0000e+00
       2583    216.260     9.2241   3.755919    35.1083    27.1667 0.0000e+00
       2584    215.232     9.2384   3.757394    35.1101    27.1657 0.0000e+00
       2585    214.242     9.2586   3.759592    35.1136    27.1652 0.0000e+00
       2586    213.267     9.2740   3.761102    35.1147    27.1635 0.0000e+00
       2587    212.267     9.2833   3.761967    35.1150    27.1622 0.0000e+00
       2588    211.223     9.2889   3.762492    35.1155    27.1616 0.0000e+00
       2589    210.147     9.2937   3.762875    35.1153    27.1607 0.0000e+00
       2590    209.069     9.3028   3.763760    35.1160    27.1598 0.0000e+00
       2591    208.014     9.3171   3.765336    35.1189    27.1597 0.0000e+00
       2592    206.984     9.3338   3.767055    35.1208    27.1584 0.0000e+00
       2593    205.968     9.3530   3.768820    35.1208    27.1553 0.0000e+00
       2594    204.942     9.3773   3.771090    35.1210    27.1514 0.0000e+00
       2595    203.894     9.4057   3.773773    35.1215    27.1471 0.0000e+00
       2596    202.836     9.4359   3.776572    35.1214    27.1420 0.0000e+00
       2597    201.788     9.4633   3.778921    35.1194    27.1359 0.0000e+00
       2598    200.746     9.4815   3.780052    35.1138    27.1285 0.0000e+00
       2599    199.680     9.4916   3.780258    35.1066    27.1211 0.0000e+00
       2600    198.564     9.5008   3.780612    35.1017    27.1158 0.0000e+00
       2601    197.413     9.5109   3.781229    35.0988    27.1119 0.0000e+00
       2602    196.271     9.5195   3.781473    35.0934    27.1062 0.0000e+00
       2603    195.165     9.5275   3.781613    35.0876    27.1003 0.0000e+00
       2604    194.098     9.5371   3.782210    35.0849    27.0966 0.0000e+00
       2605    193.056     9.5462   3.782936    35.0840    27.0944 0.0000e+00
       2606    192.017     9.5536   3.783484    35.0829    27.0923 0.0000e+00
       2607    190.950     9.5611   3.784084    35.0823    27.0905 0.0000e+00
       2608    189.820     9.5713   3.784877    35.0810    27.0879 0.0000e+00
       2609    188.622     9.5840   3.785684    35.0775    27.0830 0.0000e+00
       2610    187.386     9.5945   3.786070    35.0718    27.0768 0.0000e+00
       2611    186.169     9.6003   3.786021    35.0662    27.0714 0.0000e+00
       2612    185.026     9.6033   3.785843    35.0620    27.0676 0.0000e+00
       2613    183.961     9.6052   3.785633    35.0585    27.0646 0.0000e+00
       2614    182.929     9.6075   3.785449    35.0548    27.0613 0.0000e+00
       2615    181.876     9.6108   3.785325    35.0508    27.0576 0.0000e+00
       2616    180.763     9.6145   3.785317    35.0476    27.0545 0.0000e+00
       2617    179.573     9.6168   3.785207    35.0448    27.0519 0.0000e+00
       2618    178.330     9.6165   3.784639    35.0398    27.0481 0.0000e+00
       2619    177.089     9.6130   3.783708    35.0342    27.0443 0.0000e+00
       2620    175.901     9.6084   3.782773    35.0295    27.0414 0.0000e+00
       2621    174.765     9.6051   3.782084    35.0262    27.0393 0.0000e+00
       2622    173.631     9.6044   3.781703    35.0235    27.0373 0.0000e+00
       2623    172.464     9.6051   3.781352    35.0197    27.0343 0.0000e+00
       2624    171.260     9.6016   3.780212    35.0119    27.0287 0.0000e+00
       2625    170.034     9.5877   3.777469    34.9977    27.0200 0.0000e+00
       2626    168.817     9.5653   3.773572    34.9798    27.0097 0.0000e+00
       2627    167.641     9.5445   3.770273    34.9665    27.0028 0.0000e+00
       2628    166.511     9.5310   3.768501    34.9619    27.0014 0.0000e+00
       2629    165.387     9.5192   3.766982    34.9582    27.0005 0.0000e+00
       2630    164.218     9.4950   3.763432    34.9456    26.9946 0.0000e+00
       2631    162.991     9.4496   3.756511    34.9187    26.9812 0.0000e+00
       2632    161.742     9.3901   3.747976    34.8888    26.9676 0.0000e+00
       2633    160.509     9.3354   3.740848    34.8687    26.9608 0.0000e+00
       2634    159.300     9.3075   3.736933    34.8557    26.9553 0.0000e+00
       2635    158.090     9.3247   3.738623    34.8571    26.9536 0.0000e+00
       2636    156.855     9.3743   3.744510    34.8705    26.9559 0.0000e+00
       2637    155.607     9.4161   3.748408    34.8708    26.9492 0.0000e+00
       2638    154.386     9.4263   3.748061    34.8578    26.9374 0.0000e+00
       2639    153.206     9.4123   3.745376    34.8442    26.9290 0.0000e+00
       2640    152.043     9.3872   3.741891    34.8330    26.9244 0.0000e+00
       2641    150.858     9.3514   3.737131    34.8190    26.9193 0.0000e+00
       2642    149.636     9.3048   3.730747    34.7986    26.9110 0.0000e+00
       2643    148.399     9.2515   3.723497    34.7757    26.9018 0.0000e+00
       2644    147.177     9.1879   3.714840    34.7480    26.8905 0.0000e+00
       2645    145.974     9.1126   3.704662    34.7157    26.8774 0.0000e+00
       2646    144.768     9.0294   3.693709    34.6829    26.8651 0.0000e+00
       2647    143.525     8.9194   3.680151    34.6488    26.8560 0.0000e+00
       2648    142.233     8.7588   3.659487    34.5890    26.8346 0.0000e+00
       2649    140.923     8.5830   3.636640    34.5203    26.8082 0.0000e+00
       2650    139.643     8.4613   3.623340    34.4991    26.8105 0.0000e+00
       2651    138.416     8.4011   3.618115    34.5032    26.8229 0.0000e+00
       2652    137.225     8.3588   3.613119    34.4921    26.8207 0.0000e+00
       2653    136.029     8.3209   3.608210    34.4777    26.8152 0.0000e+00
       2654    134.791     8.2884   3.605085    34.4769    26.8195 0.0000e+00
       2655    133.507     8.2324   3.598087    34.4578    26.8131 0.0000e+00
       2656    132.205     8.1321   3.583902    34.4055    26.7871 0.0000e+00
       2657    130.924     8.0166   3.569485    34.3652    26.7728 0.0000e+00
       2658    129.685     7.9305   3.559987    34.3485    26.7725 0.0000e+00
       2659    128.485     7.8848   3.555260    34.3432    26.7751 0.0000e+00
       2660    127.299     7.8613   3.552871    34.3412    26.7770 0.0000e+00
       2661    126.094     7.8423   3.550585    34.3359    26.7756 0.0000e+00
       2662    124.848     7.8206   3.547973    34.3298    26.7739 0.0000e+00
       2663    123.563     7.7922   3.544468    34.3206    26.7709 0.0000e+00
       2664    122.265     7.7581   3.540115    34.3079    26.7659 0.0000e+00
       2665    120.986     7.7257   3.536388    34.3002    26.7646 0.0000e+00
       2666    119.740     7.6945   3.532874    34.2936    26.7639 0.0000e+00
