Datasets/Test_Dataset_39219_tow/tel219_2021_020.cnv
* Sea-Bird SBE19plus Data File:
* Filename = C:/AQUIRE/tel219_2021_020.hex
* Software Version AquireV2 AF V2.0
* Temperature SN =  4020
* Conductivity SN =  4020
* System UpLoad Time = May 08 2021 00:00:30
** VESSEL/TRIP/SEQ STN: tel219_2021_020
** LATITUDE: 47 01.65 N
** LONGITUDE: 56 55.69 W
** DATE/TIME: 2021-05-07 23:06
** SOUNDING DEPTH (M): 0237
** PROBE TYPE: S4020
** CTD NUMBER:  20
** FORMAT: t
** COMMENTS: 
# nquan = 7                                 
# nvalues = 3272                        
# units = specified
# name 0 = scan: Scan Count
# name 1 = prdM: Pressure, Strain Gauge [db]
# name 2 = tv290C: Temperature [ITS-90, deg C]
# name 3 = c0S/m: Conductivity [S/m]
# name 4 = sal00: Salinity, Practical [PSU]
# name 5 = sigma-t00: Density [sigma-t, kg/m^3 ]
# name 6 = flag: flag
# span 0 =          1,       3272       
# span 1 =     -0.685,    239.822       
# span 2 =     1.3390,     8.6228       
# span 3 =   0.007638,   3.683621       
# span 4 =     0.0590,    35.0031       
# span 5 =     0.0195,    27.2114       
# span 6 = 0.0000e+00, 0.0000e+00       
# interval = seconds: 1
# start_time = May 07 2021 23:06:44 [Instrument's time stamp, header]
# bad_flag = -9.990e-29
*END*
[from data line 206]
        207     -0.095     4.1173   0.008079     0.0614     0.0244 0.0000e+00
        208     -0.092     4.1170   0.008064     0.0613     0.0243 0.0000e+00
        209     -0.087     4.1166   0.008056     0.0612     0.0243 0.0000e+00
        210     -0.083     4.1161   0.008063     0.0613     0.0243 0.0000e+00
        211     -0.081     4.1157   0.008075     0.0614     0.0244 0.0000e+00
        212     -0.081     4.1152   0.008081     0.0614     0.0244 0.0000e+00
        213     -0.085     4.1150   0.008084     0.0615     0.0245 0.0000e+00
        214     -0.091     4.1138   0.008083     0.0615     0.0245 0.0000e+00
        215     -0.095     4.1107   0.008088     0.0615     0.0245 0.0000e+00
        216     -0.095     4.1064   0.008107     0.0617     0.0246 0.0000e+00
        217     -0.092     4.1029   0.008128     0.0618     0.0248 0.0000e+00
        218     -0.093     4.1010   0.008132     0.0619     0.0248 0.0000e+00
        219     -0.095     4.0999   0.008113     0.0617     0.0247 0.0000e+00
        220     -0.096     4.0990   0.008094     0.0616     0.0246 0.0000e+00
        221     -0.095     4.0980   0.008092     0.0615     0.0246 0.0000e+00
        222     -0.091     4.0979   0.008104     0.0616     0.0246 0.0000e+00
        223     -0.087     4.0984   0.008116     0.0617     0.0247 0.0000e+00
        224     -0.087     4.0989   0.008121     0.0618     0.0247 0.0000e+00
        225     -0.089     4.0992   0.008116     0.0617     0.0247 0.0000e+00
        226     -0.088     4.0996   0.008104     0.0616     0.0246 0.0000e+00
        227     -0.088     4.0998   0.008099     0.0616     0.0246 0.0000e+00
        228     -0.090     4.0999   0.008101     0.0616     0.0246 0.0000e+00
        229     -0.093     4.0999   0.008104     0.0616     0.0246 0.0000e+00
        230     -0.095     4.0999   0.008115     0.0617     0.0247 0.0000e+00
        231     -0.094     4.0999   0.008132     0.0619     0.0248 0.0000e+00
        232     -0.093     4.0999   0.008141     0.0619     0.0249 0.0000e+00
        233     -0.092     4.0999   0.008137     0.0619     0.0248 0.0000e+00
        234     -0.090     4.1000   0.008131     0.0619     0.0248 0.0000e+00
        235     -0.088     4.1002   0.008122     0.0618     0.0247 0.0000e+00
        236     -0.086     4.1002   0.008107     0.0617     0.0246 0.0000e+00
        237     -0.085     4.1001   0.008095     0.0616     0.0246 0.0000e+00
        238     -0.085     4.0999   0.008094     0.0616     0.0246 0.0000e+00
        239     -0.089     4.0998   0.008107     0.0617     0.0247 0.0000e+00
        240     -0.094     4.0994   0.008123     0.0618     0.0248 0.0000e+00
        241     -0.096     4.0987   0.008127     0.0618     0.0248 0.0000e+00
        242     -0.097     4.0979   0.008112     0.0617     0.0247 0.0000e+00
        243     -0.099     4.0968   0.008085     0.0615     0.0245 0.0000e+00
        244     -0.100     4.0957   0.008067     0.0614     0.0244 0.0000e+00
        245     -0.101     4.0951   0.008063     0.0613     0.0244 0.0000e+00
        246     -0.099     4.0947   0.008070     0.0614     0.0244 0.0000e+00
        247     -0.094     4.0945   0.008069     0.0614     0.0244 0.0000e+00
        248     -0.092     4.0945   0.008056     0.0613     0.0243 0.0000e+00
        249     -0.094     4.0943   0.008042     0.0612     0.0243 0.0000e+00
        250     -0.094     4.0935   0.008041     0.0612     0.0243 0.0000e+00
        251     -0.093     4.0926   0.008051     0.0612     0.0243 0.0000e+00
        252     -0.094     4.0919   0.008060     0.0613     0.0244 0.0000e+00
        253     -0.095     4.0903   0.008050     0.0612     0.0243 0.0000e+00
        254     -0.094     4.0880   0.008021     0.0610     0.0241 0.0000e+00
        255     -0.093     4.0863   0.007991     0.0608     0.0240 0.0000e+00
        256     -0.094     4.0858   0.007974     0.0606     0.0239 0.0000e+00
        257     -0.095     4.0859   0.007971     0.0606     0.0238 0.0000e+00
        258     -0.094     4.0861   0.007983     0.0607     0.0239 0.0000e+00
        259     -0.091     4.0863   0.008011     0.0609     0.0241 0.0000e+00
        260     -0.089     4.0858   0.008030     0.0611     0.0242 0.0000e+00
        261     -0.090     4.0846   0.008019     0.0610     0.0241 0.0000e+00
        262     -0.089     4.0829   0.007989     0.0608     0.0240 0.0000e+00
        263     -0.089     4.0810   0.007969     0.0606     0.0238 0.0000e+00
        264     -0.092     4.0797   0.007970     0.0606     0.0238 0.0000e+00
        265     -0.095     4.0793   0.007986     0.0607     0.0239 0.0000e+00
        266     -0.096     4.0797   0.008005     0.0609     0.0241 0.0000e+00
        267     -0.097     4.0801   0.008010     0.0609     0.0241 0.0000e+00
        268     -0.099     4.0804   0.008001     0.0609     0.0240 0.0000e+00
        269     -0.099     4.0808   0.008002     0.0609     0.0240 0.0000e+00
        270     -0.096     4.0810   0.008023     0.0610     0.0242 0.0000e+00
        271     -0.092     4.0813   0.008044     0.0612     0.0243 0.0000e+00
        272     -0.090     4.0815   0.008043     0.0612     0.0243 0.0000e+00
        273     -0.091     4.0816   0.008026     0.0611     0.0242 0.0000e+00
        274     -0.092     4.0815   0.008021     0.0610     0.0242 0.0000e+00
        275     -0.092     4.0811   0.008040     0.0612     0.0243 0.0000e+00
        276     -0.091     4.0806   0.008079     0.0615     0.0245 0.0000e+00
        277     -0.092     4.0803   0.008118     0.0618     0.0248 0.0000e+00
        278     -0.095     4.0804   0.008128     0.0619     0.0248 0.0000e+00
        279     -0.097     4.0804   0.008098     0.0616     0.0247 0.0000e+00
        280     -0.097     4.0804   0.008062     0.0613     0.0244 0.0000e+00
        281     -0.095     4.0802   0.008044     0.0612     0.0243 0.0000e+00
        282     -0.095     4.0800   0.008044     0.0612     0.0243 0.0000e+00
        283     -0.097     4.0798   0.008058     0.0613     0.0244 0.0000e+00
        284     -0.100     4.0797   0.008074     0.0614     0.0245 0.0000e+00
        285     -0.100     4.0796   0.008087     0.0615     0.0246 0.0000e+00
        286     -0.099     4.0794   0.008087     0.0615     0.0246 0.0000e+00
        287     -0.099     4.0792   0.008076     0.0615     0.0245 0.0000e+00
        288     -0.098     4.0789   0.008065     0.0614     0.0244 0.0000e+00
        289     -0.098     4.0788   0.008056     0.0613     0.0244 0.0000e+00
        290     -0.097     4.0787   0.008049     0.0612     0.0243 0.0000e+00
        291     -0.095     4.0785   0.008037     0.0611     0.0243 0.0000e+00
        292     -0.093     4.0781   0.008027     0.0611     0.0242 0.0000e+00
        293     -0.095     4.0777   0.008040     0.0612     0.0243 0.0000e+00
        294     -0.099     4.0761   0.008063     0.0614     0.0244 0.0000e+00
        295     -0.102     4.0722   0.008083     0.0615     0.0246 0.0000e+00
        296     -0.103     4.0682   0.008099     0.0616     0.0247 0.0000e+00
        297     -0.103     4.0665   0.008105     0.0617     0.0247 0.0000e+00
        298     -0.103     4.0666   0.008103     0.0617     0.0247 0.0000e+00
        299     -0.100     4.0669   0.008105     0.0617     0.0247 0.0000e+00
        300     -0.097     4.0671   0.008117     0.0618     0.0248 0.0000e+00
        301     -0.096     4.0673   0.008136     0.0619     0.0249 0.0000e+00
        302     -0.097     4.0674   0.008154     0.0621     0.0250 0.0000e+00
        303     -0.097     4.0674   0.008163     0.0621     0.0251 0.0000e+00
        304     -0.095     4.0672   0.008164     0.0622     0.0251 0.0000e+00
        305     -0.098     4.0672   0.008176     0.0623     0.0252 0.0000e+00
        306     -0.102     4.0674   0.008189     0.0624     0.0253 0.0000e+00
        307     -0.100     4.0673   0.008181     0.0623     0.0252 0.0000e+00
        308     -0.096     4.0671   0.008151     0.0621     0.0250 0.0000e+00
        309     -0.092     4.0671   0.008125     0.0619     0.0249 0.0000e+00
        310     -0.088     4.0671   0.008119     0.0618     0.0248 0.0000e+00
        311     -0.088     4.0671   0.008128     0.0619     0.0249 0.0000e+00
        312     -0.094     4.0670   0.008145     0.0620     0.0250 0.0000e+00
        313     -0.101     4.0668   0.008159     0.0621     0.0251 0.0000e+00
        314     -0.101     4.0664   0.008165     0.0622     0.0251 0.0000e+00
        315     -0.096     4.0662   0.008158     0.0621     0.0251 0.0000e+00
        316     -0.095     4.0656   0.008138     0.0620     0.0249 0.0000e+00
        317     -0.097     4.0648   0.008117     0.0618     0.0248 0.0000e+00
        318     -0.098     4.0640   0.008095     0.0616     0.0247 0.0000e+00
        319     -0.095     4.0631   0.008076     0.0615     0.0246 0.0000e+00
        320     -0.092     4.0620   0.008067     0.0614     0.0245 0.0000e+00
        321     -0.093     4.0606   0.008068     0.0614     0.0245 0.0000e+00
        322     -0.095     4.0586   0.008072     0.0614     0.0246 0.0000e+00
        323     -0.096     4.0560   0.008076     0.0615     0.0246 0.0000e+00
        324     -0.096     4.0509   0.008065     0.0614     0.0245 0.0000e+00
        325     -0.097     4.0428   0.008041     0.0612     0.0244 0.0000e+00
        326     -0.100     4.0362   0.008027     0.0611     0.0243 0.0000e+00
        327     -0.103     4.0338   0.008023     0.0611     0.0243 0.0000e+00
        328     -0.101     4.0340   0.008022     0.0611     0.0243 0.0000e+00
        329     -0.096     4.0351   0.008020     0.0611     0.0243 0.0000e+00
        330     -0.092     4.0365   0.008017     0.0610     0.0243 0.0000e+00
        331     -0.093     4.0379   0.008019     0.0611     0.0243 0.0000e+00
        332     -0.097     4.0391   0.008026     0.0611     0.0243 0.0000e+00
        333     -0.099     4.0402   0.008040     0.0612     0.0244 0.0000e+00
        334     -0.098     4.0407   0.008048     0.0613     0.0244 0.0000e+00
        335     -0.096     4.0408   0.008040     0.0612     0.0244 0.0000e+00
        336     -0.099     4.0410   0.008027     0.0611     0.0243 0.0000e+00
        337     -0.103     4.0414   0.008016     0.0610     0.0242 0.0000e+00
        338     -0.102     4.0418   0.008005     0.0609     0.0242 0.0000e+00
        339     -0.100     4.0421   0.008003     0.0609     0.0242 0.0000e+00
        340     -0.101     4.0426   0.008023     0.0611     0.0243 0.0000e+00
        341     -0.100     4.0433   0.008043     0.0612     0.0244 0.0000e+00
        342     -0.098     4.0439   0.008047     0.0613     0.0244 0.0000e+00
        343     -0.097     4.0444   0.008046     0.0613     0.0244 0.0000e+00
        344     -0.097     4.0448   0.008049     0.0613     0.0244 0.0000e+00
        345     -0.096     4.0450   0.008056     0.0613     0.0245 0.0000e+00
        346     -0.096     4.0454   0.008062     0.0614     0.0245 0.0000e+00
        347     -0.097     4.0456   0.008060     0.0614     0.0245 0.0000e+00
        348     -0.097     4.0453   0.008050     0.0613     0.0244 0.0000e+00
        349     -0.097     4.0438   0.008034     0.0612     0.0243 0.0000e+00
        350     -0.097     4.0409   0.008028     0.0611     0.0243 0.0000e+00
        351     -0.095     4.0382   0.008039     0.0612     0.0244 0.0000e+00
        352     -0.093     4.0372   0.008058     0.0614     0.0245 0.0000e+00
        353     -0.095     4.0367   0.008062     0.0614     0.0245 0.0000e+00
        354     -0.098     4.0365   0.008046     0.0613     0.0244 0.0000e+00
        355     -0.096     4.0366   0.008026     0.0611     0.0243 0.0000e+00
        356     -0.093     4.0365   0.008023     0.0611     0.0243 0.0000e+00
        357     -0.094     4.0353   0.008040     0.0612     0.0244 0.0000e+00
        358     -0.099     4.0339   0.008070     0.0615     0.0246 0.0000e+00
        359     -0.103     4.0337   0.008097     0.0617     0.0248 0.0000e+00
        360     -0.104     4.0342   0.008096     0.0617     0.0248 0.0000e+00
        361     -0.102     4.0346   0.008070     0.0615     0.0246 0.0000e+00
        362     -0.098     4.0349   0.008061     0.0614     0.0245 0.0000e+00
        363     -0.097     4.0349   0.008084     0.0616     0.0247 0.0000e+00
        364     -0.097     4.0349   0.008110     0.0618     0.0248 0.0000e+00
        365     -0.100     4.0351   0.008132     0.0620     0.0250 0.0000e+00
        366     -0.106     4.0351   0.008150     0.0621     0.0251 0.0000e+00
        367     -0.106     4.0351   0.008156     0.0621     0.0251 0.0000e+00
        368     -0.102     4.0352   0.008142     0.0620     0.0251 0.0000e+00
        369     -0.098     4.0354   0.008122     0.0619     0.0249 0.0000e+00
        370     -0.097     4.0355   0.008114     0.0618     0.0249 0.0000e+00
        371     -0.098     4.0357   0.008119     0.0619     0.0249 0.0000e+00
        372     -0.099     4.0358   0.008122     0.0619     0.0249 0.0000e+00
        373     -0.099     4.0358   0.008109     0.0618     0.0248 0.0000e+00
        374     -0.098     4.0358   0.008095     0.0617     0.0248 0.0000e+00
        375     -0.097     4.0358   0.008087     0.0616     0.0247 0.0000e+00
        376     -0.098     4.0358   0.008081     0.0616     0.0247 0.0000e+00
        377     -0.101     4.0358   0.008072     0.0615     0.0246 0.0000e+00
        378     -0.103     4.0357   0.008061     0.0614     0.0245 0.0000e+00
        379     -0.104     4.0355   0.008050     0.0613     0.0245 0.0000e+00
        380     -0.102     4.0353   0.008047     0.0613     0.0244 0.0000e+00
        381     -0.101     4.0347   0.008041     0.0612     0.0244 0.0000e+00
        382     -0.100     4.0337   0.008033     0.0612     0.0244 0.0000e+00
        383     -0.100     4.0326   0.008035     0.0612     0.0244 0.0000e+00
        384     -0.101     4.0320   0.008042     0.0613     0.0244 0.0000e+00
        385     -0.103     4.0320   0.008033     0.0612     0.0244 0.0000e+00
        386     -0.102     4.0321   0.008015     0.0610     0.0243 0.0000e+00
        387     -0.100     4.0320   0.008013     0.0610     0.0242 0.0000e+00
        388     -0.103     4.0320   0.008028     0.0611     0.0243 0.0000e+00
        389     -0.107     4.0320   0.008050     0.0613     0.0245 0.0000e+00
        390     -0.108     4.0319   0.008073     0.0615     0.0246 0.0000e+00
        391     -0.106     4.0311   0.008078     0.0615     0.0247 0.0000e+00
        392     -0.103     4.0299   0.008057     0.0614     0.0245 0.0000e+00
        393     -0.100     4.0292   0.008026     0.0611     0.0243 0.0000e+00
        394     -0.099     4.0290   0.008003     0.0609     0.0242 0.0000e+00
        395     -0.100     4.0288   0.007991     0.0609     0.0241 0.0000e+00
        396     -0.101     4.0284   0.007987     0.0608     0.0241 0.0000e+00
        397     -0.102     4.0273   0.007986     0.0608     0.0241 0.0000e+00
        398     -0.103     4.0239   0.007986     0.0608     0.0241 0.0000e+00
        399     -0.105     4.0178   0.007989     0.0609     0.0241 0.0000e+00
        400     -0.106     4.0116   0.008001     0.0610     0.0242 0.0000e+00
        401     -0.106     4.0085   0.008019     0.0611     0.0243 0.0000e+00
        402     -0.106     4.0085   0.008018     0.0611     0.0243 0.0000e+00
        403     -0.107     4.0098   0.007996     0.0609     0.0242 0.0000e+00
        404     -0.104     4.0109   0.007975     0.0608     0.0240 0.0000e+00
        405     -0.101     4.0119   0.007970     0.0607     0.0240 0.0000e+00
        406     -0.102     4.0126   0.007977     0.0608     0.0241 0.0000e+00
        407     -0.105     4.0130   0.007986     0.0608     0.0241 0.0000e+00
        408     -0.106     4.0135   0.007992     0.0609     0.0241 0.0000e+00
        409     -0.107     4.0139   0.007995     0.0609     0.0242 0.0000e+00
        410     -0.107     4.0143   0.008006     0.0610     0.0242 0.0000e+00
