Datasets/Test_Dataset_39219_tow/tel219_2021_083.cnv
* Sea-Bird SBE19plus Data File:
* Filename = C:/AQUIRE/tel219_2021_083.hex
* Software Version AquireV2 AF V2.0
* Temperature SN =  4020
* Conductivity SN =  4020
* System UpLoad Time = May 16 2021 21:34:31
** VESSEL/TRIP/SEQ STN: tel219_2021_083
** LATITUDE: 46 28.35 N
** LONGITUDE: 56 23.86 W
** DATE/TIME: 2021-05-16 20:52
** SOUNDING DEPTH (M): 0063
** PROBE TYPE: S4020
** CTD NUMBER: 083
** FORMAT: T
** COMMENTS: 
# nquan = 7                                 
# nvalues = 2582                        
# units = specified
# name 0 = scan: Scan Count
# name 1 = prdM: Pressure, Strain Gauge [db]
# name 2 = tv290C: Temperature [ITS-90, deg C]
# name 3 = c0S/m: Conductivity [S/m]
# name 4 = sal00: Salinity, Practical [PSU]
# name 5 = sigma-t00: Density [sigma-t, kg/m^3 ]
# name 6 = flag: flag
# span 0 =          1,       2582       
# span 1 =      0.040,     59.498       
# span 2 =     2.3876,     6.9413       
# span 3 =   0.009839,   3.124567       
# span 4 =     0.0704,    32.3304       
# span 5 =    -0.0347,    25.5945       
# span 6 = 0.0000e+00, 0.0000e+00       
# interval = seconds: 1
# start_time = May 16 2021 20:52:17 [Instrument's time stamp, header]
# bad_flag = -9.990e-29
*END*
[from data line 411]
        412      0.057     6.9078   0.011148     0.0798    -0.0279 0.0000e+00
        413      0.057     6.9086   0.011165     0.0800    -0.0278 0.0000e+00
        414      0.055     6.9104   0.011182     0.0801    -0.0278 0.0000e+00
        415      0.054     6.9120   0.011193     0.0802    -0.0278 0.0000e+00
        416      0.055     6.9133   0.011203     0.0802    -0.0278 0.0000e+00
        417      0.056     6.9143   0.011223     0.0804    -0.0277 0.0000e+00
        418      0.056     6.9141   0.011243     0.0805    -0.0276 0.0000e+00
        419      0.057     6.9119   0.011253     0.0806    -0.0274 0.0000e+00
        420      0.059     6.9074   0.011244     0.0805    -0.0273 0.0000e+00
        421      0.060     6.9019   0.011229     0.0804    -0.0271 0.0000e+00
        422      0.059     6.8978   0.011232     0.0805    -0.0269 0.0000e+00
        423      0.059     6.8964   0.011257     0.0807    -0.0267 0.0000e+00
        424      0.059     6.8959   0.011283     0.0809    -0.0265 0.0000e+00
        425      0.057     6.8930   0.011293     0.0809    -0.0263 0.0000e+00
        426      0.056     6.8870   0.011284     0.0809    -0.0261 0.0000e+00
        427      0.056     6.8807   0.011279     0.0809    -0.0258 0.0000e+00
        428      0.056     6.8779   0.011293     0.0810    -0.0256 0.0000e+00
        429      0.056     6.8792   0.011324     0.0812    -0.0255 0.0000e+00
        430      0.057     6.8826   0.011363     0.0815    -0.0255 0.0000e+00
        431      0.058     6.8862   0.011401     0.0817    -0.0254 0.0000e+00
        432      0.059     6.8891   0.011428     0.0819    -0.0254 0.0000e+00
        433      0.060     6.8912   0.011444     0.0820    -0.0254 0.0000e+00
        434      0.063     6.8929   0.011456     0.0821    -0.0254 0.0000e+00
        435      0.066     6.8949   0.011470     0.0822    -0.0254 0.0000e+00
        436      0.064     6.8972   0.011488     0.0823    -0.0254 0.0000e+00
        437      0.061     6.8995   0.011508     0.0825    -0.0254 0.0000e+00
        438      0.061     6.9011   0.011525     0.0826    -0.0254 0.0000e+00
        439      0.061     6.9022   0.011535     0.0827    -0.0254 0.0000e+00
        440      0.060     6.9035   0.011543     0.0827    -0.0254 0.0000e+00
        441      0.058     6.9051   0.011548     0.0828    -0.0254 0.0000e+00
        442      0.056     6.9065   0.011559     0.0828    -0.0254 0.0000e+00
        443      0.056     6.9076   0.011578     0.0830    -0.0254 0.0000e+00
        444      0.059     6.9084   0.011594     0.0831    -0.0253 0.0000e+00
        445      0.059     6.9093   0.011602     0.0831    -0.0253 0.0000e+00
        446      0.056     6.9106   0.011604     0.0832    -0.0254 0.0000e+00
        447      0.054     6.9120   0.011602     0.0831    -0.0254 0.0000e+00
        448      0.055     6.9135   0.011603     0.0831    -0.0255 0.0000e+00
        449      0.056     6.9150   0.011613     0.0832    -0.0255 0.0000e+00
        450      0.056     6.9165   0.011620     0.0833    -0.0255 0.0000e+00
        451      0.055     6.9178   0.011622     0.0833    -0.0256 0.0000e+00
        452      0.055     6.9192   0.011619     0.0833    -0.0257 0.0000e+00
        453      0.053     6.9203   0.011615     0.0832    -0.0257 0.0000e+00
        454      0.053     6.9213   0.011616     0.0832    -0.0258 0.0000e+00
        455      0.055     6.9221   0.011624     0.0833    -0.0258 0.0000e+00
        456      0.055     6.9227   0.011630     0.0833    -0.0258 0.0000e+00
        457      0.054     6.9231   0.011628     0.0833    -0.0258 0.0000e+00
        458      0.054     6.9238   0.011623     0.0833    -0.0259 0.0000e+00
        459      0.056     6.9246   0.011617     0.0832    -0.0259 0.0000e+00
        460      0.058     6.9254   0.011616     0.0832    -0.0260 0.0000e+00
        461      0.058     6.9260   0.011623     0.0833    -0.0260 0.0000e+00
        462      0.058     6.9263   0.011631     0.0833    -0.0259 0.0000e+00
        463      0.057     6.9266   0.011632     0.0833    -0.0259 0.0000e+00
        464      0.056     6.9269   0.011627     0.0833    -0.0260 0.0000e+00
        465      0.055     6.9275   0.011622     0.0833    -0.0260 0.0000e+00
        466      0.055     6.9281   0.011623     0.0833    -0.0261 0.0000e+00
        467      0.055     6.9288   0.011627     0.0833    -0.0261 0.0000e+00
        468      0.053     6.9295   0.011631     0.0833    -0.0261 0.0000e+00
        469      0.053     6.9300   0.011633     0.0833    -0.0261 0.0000e+00
        470      0.052     6.9304   0.011633     0.0833    -0.0261 0.0000e+00
        471      0.050     6.9307   0.011633     0.0833    -0.0261 0.0000e+00
        472      0.047     6.9312   0.011633     0.0833    -0.0262 0.0000e+00
        473      0.043     6.9316   0.011638     0.0834    -0.0261 0.0000e+00
        474      0.040     6.9320   0.011644     0.0834    -0.0261 0.0000e+00
        475      0.043     6.9322   0.011647     0.0834    -0.0261 0.0000e+00
        476      0.048     6.9327   0.011645     0.0834    -0.0262 0.0000e+00
        477      0.052     6.9331   0.011641     0.0834    -0.0262 0.0000e+00
        478      0.054     6.9337   0.011643     0.0834    -0.0262 0.0000e+00
        479      0.054     6.9341   0.011648     0.0834    -0.0262 0.0000e+00
        480      0.054     6.9345   0.011653     0.0835    -0.0262 0.0000e+00
        481      0.053     6.9350   0.011656     0.0835    -0.0262 0.0000e+00
        482      0.052     6.9353   0.011658     0.0835    -0.0262 0.0000e+00
        483      0.052     6.9357   0.011658     0.0835    -0.0262 0.0000e+00
        484      0.052     6.9359   0.011660     0.0835    -0.0262 0.0000e+00
        485      0.052     6.9361   0.011663     0.0835    -0.0262 0.0000e+00
        486      0.053     6.9365   0.011669     0.0836    -0.0262 0.0000e+00
        487      0.053     6.9368   0.011672     0.0836    -0.0262 0.0000e+00
        488      0.052     6.9368   0.011671     0.0836    -0.0262 0.0000e+00
        489      0.052     6.9369   0.011668     0.0836    -0.0262 0.0000e+00
        490      0.050     6.9373   0.011669     0.0836    -0.0262 0.0000e+00
        491      0.048     6.9376   0.011673     0.0836    -0.0262 0.0000e+00
        492      0.049     6.9379   0.011680     0.0837    -0.0262 0.0000e+00
        493      0.050     6.9380   0.011683     0.0837    -0.0262 0.0000e+00
        494      0.051     6.9382   0.011678     0.0836    -0.0262 0.0000e+00
        495      0.048     6.9384   0.011674     0.0836    -0.0263 0.0000e+00
        496      0.044     6.9387   0.011676     0.0836    -0.0263 0.0000e+00
        497      0.045     6.9390   0.011684     0.0837    -0.0262 0.0000e+00
        498      0.049     6.9392   0.011693     0.0837    -0.0262 0.0000e+00
        499      0.050     6.9396   0.011693     0.0837    -0.0262 0.0000e+00
        500      0.050     6.9399   0.011688     0.0837    -0.0262 0.0000e+00
        501      0.050     6.9401   0.011684     0.0837    -0.0263 0.0000e+00
        502      0.047     6.9404   0.011687     0.0837    -0.0263 0.0000e+00
        503      0.043     6.9406   0.011693     0.0837    -0.0262 0.0000e+00
        504      0.042     6.9409   0.011698     0.0838    -0.0262 0.0000e+00
        505      0.048     6.9410   0.011700     0.0838    -0.0262 0.0000e+00
        506      0.053     6.9411   0.011704     0.0838    -0.0262 0.0000e+00
        507      0.053     6.9412   0.011706     0.0838    -0.0262 0.0000e+00
        508      0.051     6.9412   0.011709     0.0839    -0.0262 0.0000e+00
        509      0.050     6.9412   0.011705     0.0838    -0.0262 0.0000e+00
        510      0.050     6.9413   0.011702     0.0838    -0.0262 0.0000e+00
        511      0.051     6.9412   0.011704     0.0838    -0.0262 0.0000e+00
        512      0.052     6.9407   0.011708     0.0839    -0.0262 0.0000e+00
        513      0.052     6.9399   0.011710     0.0839    -0.0261 0.0000e+00
        514      0.054     6.9391   0.011707     0.0839    -0.0261 0.0000e+00
        515      0.054     6.9387   0.011703     0.0838    -0.0261 0.0000e+00
        516      0.053     6.9390   0.011705     0.0838    -0.0261 0.0000e+00
        517      0.052     6.9396   0.011710     0.0839    -0.0261 0.0000e+00
        518      0.049     6.9400   0.011714     0.0839    -0.0261 0.0000e+00
        519      0.047     6.9405   0.011715     0.0839    -0.0261 0.0000e+00
        520      0.049     6.9406   0.011716     0.0839    -0.0261 0.0000e+00
        521      0.052     6.9407   0.011716     0.0839    -0.0261 0.0000e+00
        522      0.055     6.9407   0.011716     0.0839    -0.0261 0.0000e+00
        523      0.056     6.9403   0.011720     0.0839    -0.0261 0.0000e+00
        524      0.054     6.9396   0.011720     0.0839    -0.0260 0.0000e+00
        525      0.052     6.9388   0.011720     0.0839    -0.0260 0.0000e+00
        526      0.048     6.9386   0.011719     0.0839    -0.0260 0.0000e+00
        527      0.047     6.9387   0.011722     0.0840    -0.0260 0.0000e+00
        528      0.050     6.9381   0.011724     0.0840    -0.0259 0.0000e+00
        529      0.053     6.9370   0.011722     0.0840    -0.0259 0.0000e+00
        530      0.053     6.9365   0.011718     0.0839    -0.0259 0.0000e+00
        531      0.050     6.9368   0.011716     0.0839    -0.0259 0.0000e+00
        532      0.048     6.9375   0.011719     0.0839    -0.0259 0.0000e+00
        533      0.049     6.9377   0.011725     0.0840    -0.0259 0.0000e+00
        534      0.054     6.9375   0.011731     0.0840    -0.0259 0.0000e+00
        535      0.059     6.9370   0.011731     0.0840    -0.0259 0.0000e+00
        536      0.060     6.9368   0.011723     0.0840    -0.0259 0.0000e+00
        537      0.057     6.9371   0.011718     0.0839    -0.0259 0.0000e+00
        538      0.052     6.9378   0.011721     0.0840    -0.0260 0.0000e+00
        539      0.049     6.9382   0.011728     0.0840    -0.0259 0.0000e+00
        540      0.048     6.9379   0.011732     0.0840    -0.0259 0.0000e+00
        541      0.047     6.9367   0.011730     0.0840    -0.0258 0.0000e+00
        542      0.046     6.9345   0.011722     0.0840    -0.0258 0.0000e+00
        543      0.046     6.9329   0.011714     0.0839    -0.0258 0.0000e+00
        544      0.049     6.9325   0.011712     0.0839    -0.0258 0.0000e+00
        545      0.050     6.9323   0.011714     0.0839    -0.0257 0.0000e+00
        546      0.049     6.9320   0.011719     0.0840    -0.0257 0.0000e+00
        547      0.047     6.9313   0.011720     0.0840    -0.0257 0.0000e+00
        548      0.048     6.9301   0.011716     0.0839    -0.0256 0.0000e+00
        549      0.050     6.9295   0.011713     0.0839    -0.0256 0.0000e+00
        550      0.049     6.9298   0.011712     0.0839    -0.0256 0.0000e+00
        551      0.046     6.9307   0.011712     0.0839    -0.0257 0.0000e+00
        552      0.044     6.9318   0.011716     0.0839    -0.0257 0.0000e+00
        553      0.045     6.9329   0.011725     0.0840    -0.0257 0.0000e+00
        554      0.049     6.9340   0.011734     0.0841    -0.0257 0.0000e+00
        555      0.051     6.9349   0.011737     0.0841    -0.0257 0.0000e+00
        556      0.049     6.9357   0.011735     0.0841    -0.0258 0.0000e+00
        557      0.046     6.9360   0.011733     0.0840    -0.0258 0.0000e+00
        558      0.045     6.9360   0.011735     0.0841    -0.0258 0.0000e+00
        559      0.043     6.9363   0.011739     0.0841    -0.0258 0.0000e+00
        560      0.041     6.9366   0.011743     0.0841    -0.0258 0.0000e+00
        561      0.044     6.9365   0.011742     0.0841    -0.0258 0.0000e+00
        562      0.049     6.9366   0.011741     0.0841    -0.0258 0.0000e+00
        563      0.051     6.9369   0.011742     0.0841    -0.0258 0.0000e+00
        564      0.049     6.9370   0.011743     0.0841    -0.0258 0.0000e+00
        565      0.045     6.9354   0.011738     0.0841    -0.0257 0.0000e+00
        566      0.044     6.9326   0.011742     0.0841    -0.0256 0.0000e+00
        567      0.045     6.9307   0.011899     0.0853    -0.0246 0.0000e+00
        568      0.043     6.9309   0.012431     0.0891    -0.0215 0.0000e+00
        569      0.042     6.9321   0.013071     0.0938    -0.0178 0.0000e+00
        570      0.044     6.9331   0.013365     0.0960    -0.0162 0.0000e+00
        571      0.045     6.9340   0.013497     0.0969    -0.0154 0.0000e+00
        572      0.044     6.9348   0.013866     0.0996    -0.0133 0.0000e+00
        573      0.045     6.9346   0.016280     0.1174     0.0008 0.0000e+00
        574      0.050     6.9320   0.026425     0.1931     0.0613 0.0000e+00
        575      0.058     6.9283   0.039369     0.2916     0.1398 0.0000e+00
        576      0.066     6.9266   0.042432     0.3151     0.1587 0.0000e+00
        577      0.074     6.9244   0.081599     0.6222     0.4029 0.0000e+00
        578      0.089     6.7589   0.580113     4.9618     3.8402 0.0000e+00
        579      0.129     6.2010   1.756690    16.6554    13.0757 0.0000e+00
        580      0.210     5.4884   2.780692    28.1145    22.1718 0.0000e+00
        581      0.305     5.0796   3.090697    31.9815    25.2742 0.0000e+00
        582      0.361     5.0010   3.102879    32.1969    25.4533 0.0000e+00
        583      0.368     5.0575   3.112635    32.2541    25.4925 0.0000e+00
        584      0.358     5.1237   3.117164    32.2420    25.4756 0.0000e+00
        585      0.347     5.1148   3.120744    32.2916    25.5158 0.0000e+00
        586      0.343     5.0358   3.117447    32.3304    25.5553 0.0000e+00
        587      0.349     4.9524   3.105849    32.2781    25.5230 0.0000e+00
        588      0.363     4.8979   3.096526    32.2237    25.4858 0.0000e+00
        589      0.379     4.8765   3.091985    32.1921    25.4631 0.0000e+00
        590      0.381     4.8847   3.089074    32.1506    25.4294 0.0000e+00
        591      0.368     4.9020   3.088652    32.1291    25.4104 0.0000e+00
        592      0.357     4.9097   3.090107    32.1384    25.4169 0.0000e+00
        593      0.359     4.9145   3.093110    32.1683    25.4401 0.0000e+00
        594      0.380     4.9429   3.100238    32.2227    25.4802 0.0000e+00
        595      0.431     5.0151   3.108728    32.2503    25.4942 0.0000e+00
        596      0.515     5.1138   3.112941    32.2031    25.4459 0.0000e+00
        597      0.617     5.1942   3.114722    32.1459    25.3917 0.0000e+00
        598      0.718     5.2304   3.117597    32.1438    25.3860 0.0000e+00
        599      0.809     5.2305   3.119989    32.1710    25.4075 0.0000e+00
        600      0.886     5.2161   3.120948    32.1958    25.4287 0.0000e+00
        601      0.946     5.1898   3.119512    32.2047    25.4387 0.0000e+00
        602      0.980     5.1426   3.113556    32.1821    25.4261 0.0000e+00
        603      0.991     5.0991   3.108109    32.1617    25.4148 0.0000e+00
        604      0.994     5.0934   3.110743    32.1974    25.4436 0.0000e+00
        605      1.003     5.1341   3.117357    32.2338    25.4679 0.0000e+00
        606      1.025     5.2119   3.121097    32.2015    25.4337 0.0000e+00
        607      1.047     5.2855   3.122975    32.1520    25.3863 0.0000e+00
        608      1.048     5.3197   3.124567    32.1373    25.3707 0.0000e+00
        609      1.014     5.3127   3.124060    32.1383    25.3723 0.0000e+00
        610      0.906     5.2592   3.116155    32.0996    25.3478 0.0000e+00
        611      0.687     5.1731   3.101905    32.0198    25.2942 0.0000e+00
        612      0.429     5.1002   3.092155    31.9784    25.2694 0.0000e+00
        613      0.272     5.0651   3.089880    31.9861    25.2794 0.0000e+00
        614      0.244     5.0560   3.089476    31.9902    25.2837 0.0000e+00
        615      0.275     5.0490   3.088482    31.9855    25.2807 0.0000e+00
