Datasets/Test_Dataset_39219_tow/tel219_2021_070.cnv
* Sea-Bird SBE19plus Data File:
* Filename = C:/AQUIRE/tel219_2021_070.hex
* Software Version AquireV2 AF V2.0
* Temperature SN =  4020
* Conductivity SN =  4020
* System UpLoad Time = May 15 2021 10:49:53
** VESSEL/TRIP/SEQ STN: tel219_2021_070
** LATITUDE: 45 58.72 N
** LONGITUDE: 54 45.09 W
** DATE/TIME: 2021-05-15 10:08
** SOUNDING DEPTH (M): 0075
** PROBE TYPE: S4020
** CTD NUMBER:  70
** FORMAT: T
** COMMENTS: 
# nquan = 7                                 
# nvalues = 2585                        
# units = specified
# name 0 = scan: Scan Count
# name 1 = prdM: Pressure, Strain Gauge [db]
# name 2 = tv290C: Temperature [ITS-90, deg C]
# name 3 = c0S/m: Conductivity [S/m]
# name 4 = sal00: Salinity, Practical [PSU]
# name 5 = sigma-t00: Density [sigma-t, kg/m^3 ]
# name 6 = flag: flag
# span 0 =          1,       2585       
# span 1 =     -0.045,     72.790       
# span 2 =     0.4831,     4.4124       
# span 3 =   0.013689,   2.999598       
# span 4 =     0.1079,    32.6414       
# span 5 =     0.0597,    26.1783       
# span 6 = 0.0000e+00, 0.0000e+00       
# interval = seconds: 1
# start_time = May 15 2021 10:08:07 [Instrument's time stamp, header]
# bad_flag = -9.990e-29
*END*
[from data line 1026]
       1027     71.280     0.6852   2.781243    32.5995    26.1336 0.0000e+00
       1028     71.275     0.6858   2.781259    32.5991    26.1332 0.0000e+00
       1029     71.278     0.6859   2.781267    32.5991    26.1332 0.0000e+00
       1030     71.283     0.6855   2.781256    32.5993    26.1334 0.0000e+00
       1031     71.280     0.6847   2.781224    32.5998    26.1338 0.0000e+00
       1032     71.262     0.6841   2.781185    32.5999    26.1340 0.0000e+00
       1033     71.237     0.6834   2.781133    32.6000    26.1341 0.0000e+00
       1034     71.216     0.6827   2.781058    32.5998    26.1339 0.0000e+00
       1035     71.209     0.6821   2.780997    32.5996    26.1339 0.0000e+00
       1036     71.212     0.6815   2.780964    32.5998    26.1340 0.0000e+00
       1037     71.215     0.6810   2.780915    32.5997    26.1340 0.0000e+00
       1038     71.207     0.6805   2.780878    32.5998    26.1341 0.0000e+00
       1039     71.184     0.6802   2.780909    32.6005    26.1347 0.0000e+00
       1040     71.155     0.6796   2.780903    32.6011    26.1352 0.0000e+00
       1041     71.132     0.6785   2.780806    32.6010    26.1352 0.0000e+00
       1042     71.124     0.6771   2.780696    32.6011    26.1353 0.0000e+00
       1043     71.127     0.6760   2.780630    32.6014    26.1356 0.0000e+00
       1044     71.132     0.6755   2.780634    32.6019    26.1361 0.0000e+00
       1045     71.130     0.6760   2.780682    32.6020    26.1361 0.0000e+00
       1046     71.121     0.6764   2.780702    32.6019    26.1360 0.0000e+00
       1047     71.112     0.6764   2.780666    32.6014    26.1356 0.0000e+00
       1048     71.110     0.6760   2.780616    32.6012    26.1354 0.0000e+00
       1049     71.112     0.6755   2.780581    32.6013    26.1355 0.0000e+00
       1050     71.110     0.6754   2.780564    32.6011    26.1354 0.0000e+00
       1051     71.103     0.6757   2.780579    32.6010    26.1353 0.0000e+00
       1052     71.095     0.6766   2.780634    32.6008    26.1351 0.0000e+00
       1053     71.090     0.6775   2.780689    32.6006    26.1349 0.0000e+00
       1054     71.089     0.6777   2.780690    32.6004    26.1347 0.0000e+00
       1055     71.093     0.6769   2.780626    32.6004    26.1347 0.0000e+00
       1056     71.102     0.6754   2.780542    32.6009    26.1352 0.0000e+00
       1057     71.104     0.6741   2.780485    32.6015    26.1358 0.0000e+00
       1058     71.093     0.6734   2.780457    32.6019    26.1361 0.0000e+00
       1059     71.069     0.6738   2.780459    32.6015    26.1358 0.0000e+00
       1060     71.047     0.6744   2.780481    32.6012    26.1355 0.0000e+00
       1061     71.040     0.6745   2.780471    32.6009    26.1353 0.0000e+00
       1062     71.047     0.6741   2.780433    32.6009    26.1353 0.0000e+00
       1063     71.059     0.6736   2.780412    32.6011    26.1355 0.0000e+00
       1064     71.064     0.6734   2.780411    32.6013    26.1357 0.0000e+00
       1065     71.059     0.6738   2.780429    32.6011    26.1355 0.0000e+00
       1066     71.054     0.6741   2.780449    32.6011    26.1355 0.0000e+00
       1067     71.053     0.6733   2.780398    32.6012    26.1356 0.0000e+00
       1068     71.055     0.6718   2.780292    32.6015    26.1359 0.0000e+00
       1069     71.053     0.6712   2.780264    32.6017    26.1361 0.0000e+00
       1070     71.046     0.6721   2.780330    32.6016    26.1360 0.0000e+00
       1071     71.039     0.6735   2.780406    32.6011    26.1356 0.0000e+00
       1072     71.037     0.6744   2.780455    32.6008    26.1352 0.0000e+00
       1073     71.039     0.6744   2.780456    32.6008    26.1353 0.0000e+00
       1074     71.042     0.6733   2.780386    32.6011    26.1355 0.0000e+00
       1075     71.040     0.6714   2.780278    32.6017    26.1361 0.0000e+00
       1076     71.037     0.6697   2.780180    32.6022    26.1366 0.0000e+00
       1077     71.036     0.6687   2.780120    32.6025    26.1369 0.0000e+00
       1078     71.038     0.6690   2.780130    32.6023    26.1367 0.0000e+00
       1079     71.040     0.6696   2.780176    32.6023    26.1367 0.0000e+00
       1080     71.038     0.6695   2.780176    32.6024    26.1368 0.0000e+00
       1081     71.029     0.6688   2.780136    32.6026    26.1370 0.0000e+00
       1082     71.015     0.6680   2.780092    32.6029    26.1373 0.0000e+00
       1083     71.003     0.6669   2.780022    32.6032    26.1375 0.0000e+00
       1084     71.002     0.6660   2.779951    32.6032    26.1376 0.0000e+00
       1085     71.011     0.6655   2.779933    32.6035    26.1379 0.0000e+00
       1086     71.021     0.6652   2.779926    32.6037    26.1381 0.0000e+00
       1087     71.025     0.6647   2.779897    32.6038    26.1382 0.0000e+00
       1088     71.021     0.6650   2.779890    32.6034    26.1379 0.0000e+00
       1089     71.011     0.6658   2.779926    32.6031    26.1375 0.0000e+00
       1090     71.000     0.6657   2.779922    32.6031    26.1376 0.0000e+00
       1091     70.994     0.6643   2.779834    32.6035    26.1379 0.0000e+00
       1092     70.991     0.6634   2.779774    32.6036    26.1381 0.0000e+00
       1093     70.992     0.6638   2.779810    32.6037    26.1381 0.0000e+00
       1094     70.993     0.6643   2.779852    32.6037    26.1381 0.0000e+00
       1095     70.990     0.6639   2.779822    32.6037    26.1382 0.0000e+00
       1096     70.987     0.6625   2.779740    32.6042    26.1386 0.0000e+00
       1097     70.988     0.6606   2.779633    32.6048    26.1392 0.0000e+00
       1098     70.993     0.6590   2.779543    32.6053    26.1397 0.0000e+00
       1099     70.998     0.6585   2.779525    32.6056    26.1400 0.0000e+00
       1100     70.995     0.6592   2.779567    32.6054    26.1398 0.0000e+00
       1101     70.987     0.6603   2.779612    32.6048    26.1392 0.0000e+00
       1102     70.982     0.6610   2.779635    32.6044    26.1389 0.0000e+00
       1103     70.981     0.6612   2.779642    32.6043    26.1387 0.0000e+00
       1104     70.978     0.6603   2.779595    32.6046    26.1391 0.0000e+00
       1105     70.973     0.6585   2.779480    32.6050    26.1395 0.0000e+00
       1106     70.968     0.6565   2.779363    32.6056    26.1401 0.0000e+00
       1107     70.968     0.6549   2.779285    32.6063    26.1407 0.0000e+00
       1108     70.977     0.6539   2.779225    32.6066    26.1410 0.0000e+00
       1109     70.990     0.6532   2.779196    32.6069    26.1413 0.0000e+00
       1110     71.002     0.6526   2.779184    32.6074    26.1417 0.0000e+00
       1111     71.010     0.6516   2.779120    32.6076    26.1420 0.0000e+00
       1112     71.016     0.6505   2.779044    32.6078    26.1422 0.0000e+00
       1113     71.021     0.6502   2.779012    32.6077    26.1421 0.0000e+00
       1114     71.027     0.6502   2.779008    32.6076    26.1421 0.0000e+00
       1115     71.033     0.6506   2.779037    32.6076    26.1420 0.0000e+00
       1116     71.026     0.6513   2.779085    32.6075    26.1419 0.0000e+00
       1117     71.004     0.6516   2.779108    32.6075    26.1419 0.0000e+00
       1118     70.981     0.6512   2.779067    32.6074    26.1418 0.0000e+00
       1119     70.976     0.6498   2.778958    32.6074    26.1419 0.0000e+00
       1120     70.990     0.6481   2.778855    32.6079    26.1424 0.0000e+00
       1121     71.008     0.6468   2.778807    32.6086    26.1431 0.0000e+00
       1122     71.016     0.6466   2.778812    32.6089    26.1433 0.0000e+00
       1123     71.013     0.6468   2.778827    32.6089    26.1433 0.0000e+00
       1124     71.007     0.6465   2.778800    32.6089    26.1433 0.0000e+00
       1125     71.004     0.6460   2.778750    32.6087    26.1432 0.0000e+00
       1126     71.007     0.6451   2.778662    32.6085    26.1431 0.0000e+00
       1127     71.015     0.6436   2.778549    32.6087    26.1433 0.0000e+00
       1128     71.024     0.6422   2.778502    32.6095    26.1440 0.0000e+00
       1129     71.030     0.6414   2.778495    32.6103    26.1447 0.0000e+00
       1130     71.025     0.6413   2.778501    32.6105    26.1448 0.0000e+00
       1131     71.012     0.6418   2.778525    32.6102    26.1446 0.0000e+00
       1132     71.003     0.6419   2.778510    32.6100    26.1444 0.0000e+00
       1133     71.004     0.6408   2.778421    32.6100    26.1445 0.0000e+00
       1134     71.013     0.6391   2.778306    32.6103    26.1448 0.0000e+00
       1135     71.022     0.6383   2.778281    32.6108    26.1453 0.0000e+00
       1136     71.020     0.6389   2.778348    32.6110    26.1454 0.0000e+00
       1137     71.000     0.6391   2.778370    32.6111    26.1455 0.0000e+00
       1138     70.973     0.6379   2.778278    32.6112    26.1456 0.0000e+00
       1139     70.953     0.6357   2.778124    32.6115    26.1460 0.0000e+00
       1140     70.953     0.6338   2.778006    32.6120    26.1465 0.0000e+00
       1141     70.972     0.6326   2.777959    32.6127    26.1471 0.0000e+00
       1142     70.988     0.6323   2.777953    32.6129    26.1473 0.0000e+00
       1143     70.989     0.6324   2.777961    32.6129    26.1473 0.0000e+00
       1144     70.980     0.6321   2.777937    32.6129    26.1473 0.0000e+00
       1145     70.972     0.6310   2.777843    32.6128    26.1473 0.0000e+00
       1146     70.971     0.6300   2.777772    32.6130    26.1475 0.0000e+00
       1147     70.972     0.6294   2.777750    32.6133    26.1478 0.0000e+00
       1148     70.970     0.6289   2.777728    32.6136    26.1480 0.0000e+00
       1149     70.964     0.6284   2.777704    32.6138    26.1482 0.0000e+00
       1150     70.961     0.6282   2.777685    32.6138    26.1482 0.0000e+00
       1151     70.965     0.6279   2.777664    32.6138    26.1483 0.0000e+00
       1152     70.972     0.6276   2.777648    32.6139    26.1484 0.0000e+00
       1153     70.979     0.6274   2.777635    32.6139    26.1484 0.0000e+00
       1154     70.990     0.6275   2.777625    32.6137    26.1482 0.0000e+00
       1155     71.009     0.6271   2.777602    32.6138    26.1483 0.0000e+00
       1156     71.024     0.6261   2.777539    32.6140    26.1486 0.0000e+00
       1157     71.019     0.6249   2.777470    32.6144    26.1489 0.0000e+00
       1158     70.991     0.6242   2.777437    32.6147    26.1492 0.0000e+00
       1159     70.953     0.6237   2.777406    32.6149    26.1494 0.0000e+00
       1160     70.927     0.6232   2.777360    32.6148    26.1494 0.0000e+00
       1161     70.924     0.6232   2.777346    32.6147    26.1492 0.0000e+00
       1162     70.935     0.6237   2.777376    32.6145    26.1491 0.0000e+00
       1163     70.949     0.6235   2.777377    32.6147    26.1493 0.0000e+00
       1164     70.961     0.6222   2.777305    32.6152    26.1497 0.0000e+00
       1165     70.969     0.6211   2.777235    32.6154    26.1499 0.0000e+00
       1166     70.969     0.6204   2.777203    32.6157    26.1502 0.0000e+00
       1167     70.963     0.6200   2.777174    32.6158    26.1503 0.0000e+00
       1168     70.957     0.6194   2.777130    32.6159    26.1504 0.0000e+00
       1169     70.957     0.6186   2.777076    32.6160    26.1505 0.0000e+00
       1170     70.962     0.6180   2.777037    32.6161    26.1507 0.0000e+00
       1171     70.968     0.6178   2.777025    32.6162    26.1507 0.0000e+00
       1172     70.971     0.6176   2.777018    32.6163    26.1508 0.0000e+00
       1173     70.972     0.6176   2.777011    32.6162    26.1508 0.0000e+00
       1174     70.976     0.6173   2.776992    32.6163    26.1508 0.0000e+00
       1175     70.990     0.6165   2.776943    32.6165    26.1510 0.0000e+00
       1176     71.005     0.6158   2.776895    32.6166    26.1512 0.0000e+00
       1177     71.012     0.6150   2.776856    32.6169    26.1515 0.0000e+00
       1178     71.015     0.6144   2.776811    32.6170    26.1515 0.0000e+00
       1179     71.018     0.6141   2.776779    32.6169    26.1515 0.0000e+00
       1180     71.023     0.6139   2.776764    32.6169    26.1515 0.0000e+00
       1181     71.027     0.6133   2.776736    32.6171    26.1518 0.0000e+00
       1182     71.029     0.6125   2.776698    32.6175    26.1521 0.0000e+00
       1183     71.033     0.6121   2.776677    32.6176    26.1522 0.0000e+00
       1184     71.041     0.6121   2.776676    32.6176    26.1522 0.0000e+00
       1185     71.047     0.6125   2.776692    32.6174    26.1520 0.0000e+00
       1186     71.047     0.6131   2.776718    32.6171    26.1517 0.0000e+00
       1187     71.043     0.6134   2.776735    32.6170    26.1516 0.0000e+00
       1188     71.038     0.6130   2.776712    32.6171    26.1518 0.0000e+00
       1189     71.035     0.6122   2.776656    32.6173    26.1519 0.0000e+00
       1190     71.038     0.6119   2.776630    32.6172    26.1519 0.0000e+00
       1191     71.037     0.6117   2.776634    32.6175    26.1521 0.0000e+00
       1192     71.026     0.6114   2.776621    32.6177    26.1523 0.0000e+00
       1193     71.011     0.6108   2.776579    32.6178    26.1524 0.0000e+00
       1194     71.003     0.6102   2.776539    32.6179    26.1525 0.0000e+00
       1195     71.005     0.6101   2.776529    32.6179    26.1525 0.0000e+00
       1196     71.010     0.6100   2.776530    32.6180    26.1526 0.0000e+00
       1197     71.005     0.6100   2.776523    32.6179    26.1525 0.0000e+00
       1198     70.986     0.6103   2.776539    32.6178    26.1524 0.0000e+00
       1199     70.962     0.6109   2.776575    32.6176    26.1523 0.0000e+00
       1200     70.953     0.6109   2.776559    32.6174    26.1521 0.0000e+00
       1201     70.962     0.6105   2.776518    32.6173    26.1520 0.0000e+00
       1202     70.973     0.6098   2.776489    32.6177    26.1524 0.0000e+00
       1203     70.978     0.6086   2.776419    32.6180    26.1527 0.0000e+00
       1204     70.983     0.6075   2.776352    32.6183    26.1530 0.0000e+00
       1205     70.983     0.6069   2.776330    32.6187    26.1533 0.0000e+00
       1206     70.975     0.6068   2.776317    32.6186    26.1533 0.0000e+00
       1207     70.969     0.6067   2.776305    32.6186    26.1533 0.0000e+00
       1208     70.971     0.6066   2.776299    32.6186    26.1533 0.0000e+00
       1209     70.980     0.6061   2.776275    32.6188    26.1535 0.0000e+00
       1210     70.991     0.6057   2.776244    32.6188    26.1535 0.0000e+00
       1211     70.995     0.6052   2.776225    32.6191    26.1538 0.0000e+00
       1212     70.993     0.6045   2.776181    32.6193    26.1539 0.0000e+00
       1213     70.990     0.6038   2.776112    32.6191    26.1539 0.0000e+00
       1214     70.989     0.6029   2.776065    32.6195    26.1542 0.0000e+00
       1215     70.988     0.6022   2.776043    32.6199    26.1546 0.0000e+00
       1216     70.982     0.6019   2.776027    32.6200    26.1547 0.0000e+00
       1217     70.970     0.6021   2.776033    32.6199    26.1546 0.0000e+00
       1218     70.961     0.6027   2.776069    32.6197    26.1544 0.0000e+00
       1219     70.962     0.6030   2.776083    32.6196    26.1543 0.0000e+00
       1220     70.969     0.6029   2.776069    32.6195    26.1542 0.0000e+00
       1221     70.973     0.6024   2.776043    32.6197    26.1544 0.0000e+00
       1222     70.971     0.6015   2.775988    32.6199    26.1547 0.0000e+00
       1223     70.969     0.6008   2.775938    32.6200    26.1548 0.0000e+00
       1224     70.966     0.6008   2.775945    32.6201    26.1548 0.0000e+00
       1225     70.964     0.6013   2.775977    32.6200    26.1547 0.0000e+00
       1226     70.972     0.6010   2.775963    32.6202    26.1548 0.0000e+00
       1227     70.984     0.6003   2.775909    32.6202    26.1549 0.0000e+00
       1228     70.991     0.6001   2.775889    32.6201    26.1549 0.0000e+00
       1229     70.990     0.6005   2.775920    32.6201    26.1548 0.0000e+00
       1230     70.982     0.6003   2.775916    32.6203    26.1550 0.0000e+00
