Datasets/Test_Dataset_39219_tow/tel219_2021_052.cnv
* Sea-Bird SBE19plus Data File:
* Filename = C:/AQUIRE/tel219_2021_052.hex
* Software Version AquireV2 AF V2.0
* Temperature SN =  4020
* Conductivity SN =  4020
* System UpLoad Time = May 13 2021 14:11:46
** VESSEL/TRIP/SEQ STN: tel219_2021_052
** LATITUDE: 44 59.32 N
** LONGITUDE: 55 18.07 W
** DATE/TIME: 2021-05-13 13:11
** SOUNDING DEPTH (M): 0339
** PROBE TYPE: S4020
** CTD NUMBER:  52
** FORMAT: T
** COMMENTS: UNSUCCESSFUL
# nquan = 7                                 
# nvalues = 2602                        
# units = specified
# name 0 = scan: Scan Count
# name 1 = prdM: Pressure, Strain Gauge [db]
# name 2 = tv290C: Temperature [ITS-90, deg C]
# name 3 = c0S/m: Conductivity [S/m]
# name 4 = sal00: Salinity, Practical [PSU]
# name 5 = sigma-t00: Density [sigma-t, kg/m^3 ]
# name 6 = flag: flag
# span 0 =          1,       2602       
# span 1 =     -0.808,    334.101       
# span 2 =     0.5999,     9.3154       
# span 3 =   0.005901,   3.759207       
# span 4 =     0.0435,    35.2934       
# span 5 =    -0.0037,    27.3986       
# span 6 = 0.0000e+00, 0.0000e+00       
# interval = seconds: 1
# start_time = May 13 2021 13:11:22 [Instrument's time stamp, header]
# bad_flag = -9.990e-29
*END*
[from data line 2462]
       2463     -0.298     4.3583   0.054124     0.4372     0.3256 0.0000e+00
       2464     -0.296     4.3583   0.056461     0.4569     0.3415 0.0000e+00
       2465     -0.295     4.3584   0.053476     0.4317     0.3213 0.0000e+00
       2466     -0.292     4.3590   0.050341     0.4054     0.3001 0.0000e+00
       2467     -0.288     4.3603   0.047443     0.3811     0.2806 0.0000e+00
       2468     -0.285     4.3624   0.045378     0.3639     0.2667 0.0000e+00
       2469     -0.284     4.3644   0.044626     0.3576     0.2617 0.0000e+00
       2470     -0.283     4.3659   0.044317     0.3550     0.2596 0.0000e+00
       2471     -0.283     4.3674   0.043121     0.3450     0.2515 0.0000e+00
       2472     -0.284     4.3692   0.041173     0.3288     0.2385 0.0000e+00
       2473     -0.286     4.3708   0.039655     0.3162     0.2284 0.0000e+00
       2474     -0.288     4.3725   0.039411     0.3142     0.2267 0.0000e+00
       2475     -0.289     4.3743   0.040106     0.3199     0.2313 0.0000e+00
       2476     -0.288     4.3765   0.040318     0.3217     0.2327 0.0000e+00
       2477     -0.286     4.3788   0.039167     0.3121     0.2250 0.0000e+00
       2478     -0.286     4.3807   0.037472     0.2981     0.2137 0.0000e+00
       2479     -0.288     4.3823   0.036644     0.2912     0.2082 0.0000e+00
       2480     -0.288     4.3838   0.037127     0.2952     0.2114 0.0000e+00
       2481     -0.285     4.3845   0.037943     0.3019     0.2168 0.0000e+00
       2482     -0.285     4.3842   0.037774     0.3005     0.2156 0.0000e+00
       2483     -0.286     4.3838   0.036601     0.2908     0.2079 0.0000e+00
       2484     -0.284     4.3834   0.035365     0.2807     0.1997 0.0000e+00
       2485     -0.280     4.3831   0.034716     0.2753     0.1954 0.0000e+00
       2486     -0.278     4.3834   0.034693     0.2751     0.1952 0.0000e+00
       2487     -0.278     4.3842   0.034905     0.2769     0.1966 0.0000e+00
       2488     -0.279     4.3849   0.034706     0.2752     0.1953 0.0000e+00
       2489     -0.281     4.3853   0.033839     0.2681     0.1896 0.0000e+00
       2490     -0.281     4.3849   0.032891     0.2603     0.1833 0.0000e+00
       2491     -0.281     4.3843   0.032427     0.2565     0.1802 0.0000e+00
       2492     -0.280     4.3842   0.032338     0.2558     0.1797 0.0000e+00
       2493     -0.280     4.3849   0.032125     0.2540     0.1782 0.0000e+00
       2494     -0.281     4.3858   0.031563     0.2494     0.1745 0.0000e+00
       2495     -0.281     4.3864   0.030983     0.2446     0.1707 0.0000e+00
       2496     -0.280     4.3863   0.030661     0.2420     0.1686 0.0000e+00
       2497     -0.276     4.3858   0.030473     0.2405     0.1673 0.0000e+00
       2498     -0.271     4.3854   0.030198     0.2382     0.1655 0.0000e+00
       2499     -0.268     4.3855   0.029827     0.2352     0.1631 0.0000e+00
       2500     -0.268     4.3865   0.029572     0.2331     0.1614 0.0000e+00
       2501     -0.271     4.3876   0.029456     0.2321     0.1606 0.0000e+00
       2502     -0.274     4.3883   0.029185     0.2299     0.1588 0.0000e+00
       2503     -0.273     4.3889   0.028732     0.2262     0.1559 0.0000e+00
       2504     -0.270     4.3900   0.028427     0.2237     0.1538 0.0000e+00
       2505     -0.269     4.3911   0.028336     0.2230     0.1532 0.0000e+00
       2506     -0.270     4.3918   0.028136     0.2213     0.1519 0.0000e+00
       2507     -0.271     4.3914   0.027689     0.2177     0.1490 0.0000e+00
       2508     -0.270     4.3906   0.027333     0.2148     0.1467 0.0000e+00
       2509     -0.268     4.3899   0.027375     0.2151     0.1469 0.0000e+00
       2510     -0.266     4.3892   0.027578     0.2168     0.1483 0.0000e+00
       2511     -0.267     4.3887   0.027498     0.2161     0.1478 0.0000e+00
       2512     -0.270     4.3884   0.027217     0.2139     0.1459 0.0000e+00
       2513     -0.272     4.3882   0.026970     0.2119     0.1443 0.0000e+00
       2514     -0.270     4.3880   0.026702     0.2097     0.1426 0.0000e+00
       2515     -0.269     4.3880   0.026458     0.2077     0.1410 0.0000e+00
       2516     -0.270     4.3881   0.026373     0.2070     0.1404 0.0000e+00
       2517     -0.271     4.3883   0.026452     0.2076     0.1409 0.0000e+00
       2518     -0.270     4.3883   0.026705     0.2097     0.1426 0.0000e+00
       2519     -0.266     4.3881   0.026989     0.2120     0.1444 0.0000e+00
       2520     -0.259     4.3879   0.026953     0.2117     0.1442 0.0000e+00
       2521     -0.255     4.3877   0.026566     0.2086     0.1417 0.0000e+00
       2522     -0.257     4.3874   0.026205     0.2056     0.1393 0.0000e+00
       2523     -0.260     4.3873   0.026137     0.2051     0.1389 0.0000e+00
       2524     -0.262     4.3874   0.026218     0.2057     0.1394 0.0000e+00
       2525     -0.262     4.3876   0.026188     0.2055     0.1392 0.0000e+00
       2526     -0.262     4.3876   0.026106     0.2048     0.1387 0.0000e+00
       2527     -0.262     4.3877   0.026177     0.2054     0.1391 0.0000e+00
       2528     -0.262     4.3878   0.026375     0.2070     0.1404 0.0000e+00
       2529     -0.260     4.3879   0.026491     0.2080     0.1412 0.0000e+00
       2530     -0.257     4.3880   0.026465     0.2077     0.1410 0.0000e+00
       2531     -0.258     4.3881   0.027820     0.2188     0.1499 0.0000e+00
       2532     -0.260     4.3887   0.033553     0.2657     0.1876 0.0000e+00
       2533     -0.260     4.3901   0.041982     0.3353     0.2436 0.0000e+00
       2534     -0.260     4.3919   0.047952     0.3850     0.2835 0.0000e+00
       2535     -0.259     4.3933   0.051001     0.4105     0.3040 0.0000e+00
       2536     -0.255     4.3939   0.055114     0.4450     0.3317 0.0000e+00
       2537     -0.253     4.3941   0.066223     0.5389     0.4070 0.0000e+00
       2538     -0.253     4.3943   0.091270     0.7534     0.5791 0.0000e+00
       2539     -0.253     4.3948   0.129324     1.0855     0.8452 0.0000e+00
       2540     -0.252     4.3952   0.160153     1.3590     1.0640 0.0000e+00
       2541     -0.252     4.3967   0.162188     1.3771     1.0785 0.0000e+00
       2542     -0.255     4.3997   0.143050     1.2066     0.9421 0.0000e+00
       2543     -0.258     4.4024   0.129983     1.0911     0.8495 0.0000e+00
       2544     -0.257     4.4032   0.133588     1.1228     0.8750 0.0000e+00
       2545     -0.256     4.4033   0.143286     1.2086     0.9436 0.0000e+00
       2546     -0.259     4.4037   0.148662     1.2563     0.9818 0.0000e+00
       2547     -0.261     4.4040   0.143628     1.2116     0.9460 0.0000e+00
       2548     -0.260     4.4039   0.129622     1.0878     0.8469 0.0000e+00
       2549     -0.255     4.4037   0.114579     0.9558     0.7412 0.0000e+00
       2550     -0.251     4.4035   0.103874     0.8624     0.6664 0.0000e+00
       2551     -0.251     4.4035   0.098808     0.8184     0.6311 0.0000e+00
       2552     -0.252     4.4040   0.095918     0.7934     0.6110 0.0000e+00
       2553     -0.253     4.4047   0.092562     0.7643     0.5878 0.0000e+00
       2554     -0.254     4.4049   0.088185     0.7266     0.5575 0.0000e+00
       2555     -0.255     4.4048   0.082877     0.6809     0.5209 0.0000e+00
       2556     -0.254     4.4048   0.078660     0.6448     0.4919 0.0000e+00
       2557     -0.254     4.4051   0.077045     0.6309     0.4808 0.0000e+00
       2558     -0.256     4.4055   0.078835     0.6462     0.4931 0.0000e+00
       2559     -0.256     4.4060   0.082506     0.6777     0.5183 0.0000e+00
       2560     -0.255     4.4063   0.083314     0.6846     0.5238 0.0000e+00
       2561     -0.255     4.4063   0.079575     0.6526     0.4981 0.0000e+00
       2562     -0.256     4.4065   0.074992     0.6134     0.4667 0.0000e+00
       2563     -0.254     4.4069   0.073252     0.5985     0.4547 0.0000e+00
       2564     -0.249     4.4074   0.074446     0.6087     0.4629 0.0000e+00
       2565     -0.247     4.4079   0.076800     0.6288     0.4790 0.0000e+00
       2566     -0.250     4.4086   0.077999     0.6390     0.4872 0.0000e+00
       2567     -0.254     4.4095   0.076144     0.6231     0.4745 0.0000e+00
       2568     -0.251     4.4105   0.072959     0.5959     0.4527 0.0000e+00
       2569     -0.246     4.4112   0.070920     0.5786     0.4387 0.0000e+00
       2570     -0.245     4.4117   0.070110     0.5716     0.4332 0.0000e+00
       2571     -0.247     4.4125   0.070783     0.5774     0.4377 0.0000e+00
       2572     -0.247     4.4135   0.081643     0.6701     0.5122 0.0000e+00
       2573     -0.245     4.4143   0.130237     1.0929     0.8509 0.0000e+00
       2574     -0.244     4.4152   0.197141     1.6906     1.3289 0.0000e+00
       2575     -0.242     4.4159   0.206492     1.7753     1.3966 0.0000e+00
       2576     -0.239     4.4164   0.160372     1.3601     1.0647 0.0000e+00
       2577     -0.238     4.4170   0.119182     0.9957     0.7730 0.0000e+00
       2578     -0.238     4.4177   0.096209     0.7956     0.6127 0.0000e+00
       2579     -0.236     4.4186   0.079954     0.6556     0.5004 0.0000e+00
       2580     -0.231     4.4196   0.069024     0.5623     0.4256 0.0000e+00
       2581     -0.226     4.4202   0.063319     0.5139     0.3867 0.0000e+00
       2582     -0.225     4.4206   0.056347     0.4551     0.3395 0.0000e+00
       2583     -0.231     4.4209   0.046770     0.3748     0.2751 0.0000e+00
       2584     -0.236     4.4215   0.039468     0.3142     0.2263 0.0000e+00
       2585     -0.238     4.4223   0.035369     0.2804     0.1991 0.0000e+00
       2586     -0.236     4.4231   0.033031     0.2612     0.1837 0.0000e+00
       2587     -0.234     4.4241   0.031351     0.2474     0.1726 0.0000e+00
       2588     -0.234     4.4249   0.029507     0.2323     0.1605 0.0000e+00
       2589     -0.235     4.4256   0.027610     0.2168     0.1480 0.0000e+00
       2590     -0.236     4.4264   0.026116     0.2047     0.1382 0.0000e+00
       2591     -0.235     4.4276   0.025313     0.1982     0.1330 0.0000e+00
       2592     -0.235     4.4291   0.025064     0.1961     0.1313 0.0000e+00
       2593     -0.237     4.4300   0.024820     0.1941     0.1297 0.0000e+00
       2594     -0.240     4.4307   0.024148     0.1887     0.1254 0.0000e+00
       2595     -0.241     4.4314   0.023252     0.1814     0.1195 0.0000e+00
       2596     -0.238     4.4323   0.022578     0.1760     0.1151 0.0000e+00
       2597     -0.236     4.4335   0.022277     0.1736     0.1132 0.0000e+00
       2598     -0.235     4.4352   0.022111     0.1722     0.1121 0.0000e+00
       2599     -0.236     4.4369   0.021757     0.1694     0.1098 0.0000e+00
       2600     -0.236     4.4380   0.021294     0.1656     0.1067 0.0000e+00
       2601     -0.234     4.4383   0.020996     0.1632     0.1048 0.0000e+00
       2602     -0.232 -9.990e-29   0.020887 -9.990e-29 -9.990e-29 0.0000e+00
