Datasets/Test_Dataset_39219_tow/tel219_2021_026.cnv
* Sea-Bird SBE19plus Data File:
* Filename = C:/AQUIRE/tel219_2021_026.hex
* Software Version AquireV2 AF V2.0
* Temperature SN =  4020
* Conductivity SN =  4020
* System UpLoad Time = May 08 2021 16:17:45
** VESSEL/TRIP/SEQ STN: tel219_2021_026
** LATITUDE: 46 16.31 N
** LONGITUDE: 57 16.70 W
** DATE/TIME: 2021-05-08 15:30
** SOUNDING DEPTH (M): 0231
** PROBE TYPE: S4020
** CTD NUMBER: 026
** FORMAT: T
** COMMENTS: 
# nquan = 7                                 
# nvalues = 2883                        
# units = specified
# name 0 = scan: Scan Count
# name 1 = prdM: Pressure, Strain Gauge [db]
# name 2 = tv290C: Temperature [ITS-90, deg C]
# name 3 = c0S/m: Conductivity [S/m]
# name 4 = sal00: Salinity, Practical [PSU]
# name 5 = sigma-t00: Density [sigma-t, kg/m^3 ]
# name 6 = flag: flag
# span 0 =          1,       2883       
# span 1 =     -0.997,    230.347       
# span 2 =     1.7361,     9.2104       
# span 3 =   0.006354,   3.747936       
# span 4 =     0.0478,    35.1344       
# span 5 =     0.0125,    27.2627       
# span 6 = 0.0000e+00, 0.0000e+00       
# interval = seconds: 1
# start_time = May 08 2021 15:30:42 [Instrument's time stamp, header]
# bad_flag = -9.990e-29
*END*
[from data line 2667]
       2668     -0.388     3.4167   0.013970     0.1102     0.0616 0.0000e+00
       2669     -0.387     3.4167   0.013959     0.1101     0.0615 0.0000e+00
       2670     -0.385     3.4171   0.013916     0.1097     0.0612 0.0000e+00
       2671     -0.381     3.4177   0.013854     0.1092     0.0608 0.0000e+00
       2672     -0.378     3.4182   0.013791     0.1087     0.0604 0.0000e+00
       2673     -0.377     3.4184   0.013751     0.1084     0.0602 0.0000e+00
       2674     -0.375     3.4184   0.013763     0.1085     0.0602 0.0000e+00
       2675     -0.372     3.4185   0.013813     0.1089     0.0606 0.0000e+00
       2676     -0.372     3.4189   0.013888     0.1095     0.0611 0.0000e+00
       2677     -0.375     3.4192   0.014473     0.1143     0.0649 0.0000e+00
       2678     -0.375     3.4193   0.015669     0.1241     0.0729 0.0000e+00
       2679     -0.373     3.4193   0.016469     0.1306     0.0782 0.0000e+00
       2680     -0.373     3.4194   0.016603     0.1317     0.0791 0.0000e+00
       2681     -0.375     3.4197   0.016845     0.1337     0.0807 0.0000e+00
       2682     -0.375     3.4197   0.017939     0.1428     0.0880 0.0000e+00
       2683     -0.371     3.4196   0.019838     0.1585     0.1007 0.0000e+00
       2684     -0.368     3.4196   0.022072     0.1770     0.1157 0.0000e+00
       2685     -0.368     3.4202   0.026279     0.2121     0.1441 0.0000e+00
       2686     -0.368     3.4218   0.035612     0.2909     0.2077 0.0000e+00
       2687     -0.367     3.4237   0.048135     0.3980     0.2941 0.0000e+00
       2688     -0.368     3.4251   0.056890     0.4736     0.3551 0.0000e+00
       2689     -0.368     3.4261   0.061278     0.5117     0.3858 0.0000e+00
       2690     -0.368     3.4273   0.066811     0.5600     0.4248 0.0000e+00
       2691     -0.369     3.4287   0.073716     0.6206     0.4735 0.0000e+00
       2692     -0.370     3.4298   0.077850     0.6569     0.5028 0.0000e+00
       2693     -0.369     3.4307   0.077527     0.6541     0.5005 0.0000e+00
       2694     -0.369     3.4318   0.075604     0.6371     0.4869 0.0000e+00
       2695     -0.369     3.4328   0.076624     0.6461     0.4941 0.0000e+00
       2696     -0.366     3.4333   0.080600     0.6811     0.5224 0.0000e+00
       2697     -0.364     3.4335   0.083663     0.7082     0.5442 0.0000e+00
       2698     -0.362     3.4333   0.083825     0.7097     0.5453 0.0000e+00
       2699     -0.360     3.4335   0.082157     0.6949     0.5334 0.0000e+00
       2700     -0.359     3.4345   0.080305     0.6785     0.5202 0.0000e+00
       2701     -0.359     3.4360   0.079107     0.6679     0.5117 0.0000e+00
       2702     -0.359     3.4368   0.078925     0.6663     0.5104 0.0000e+00
       2703     -0.357     3.4371   0.079618     0.6724     0.5153 0.0000e+00
       2704     -0.356     3.4375   0.080945     0.6841     0.5248 0.0000e+00
       2705     -0.354     3.4383   0.083466     0.7064     0.5427 0.0000e+00
       2706     -0.353     3.4387   0.087733     0.7442     0.5731 0.0000e+00
       2707     -0.353     3.4385   0.093285     0.7935     0.6129 0.0000e+00
       2708     -0.353     3.4383   0.098602     0.8409     0.6510 0.0000e+00
       2709     -0.353     3.4383   0.101297     0.8650     0.6704 0.0000e+00
       2710     -0.354     3.4383   0.100977     0.8622     0.6681 0.0000e+00
       2711     -0.356     3.4383   0.100666     0.8594     0.6659 0.0000e+00
       2712     -0.357     3.4383   0.101486     0.8667     0.6718 0.0000e+00
       2713     -0.356     3.4382   0.101674     0.8684     0.6731 0.0000e+00
       2714     -0.354     3.4378   0.101145     0.8637     0.6693 0.0000e+00
       2715     -0.351     3.4375   0.100766     0.8603     0.6666 0.0000e+00
       2716     -0.347     3.4376   0.100010     0.8535     0.6612 0.0000e+00
       2717     -0.344     3.4381   0.098257     0.8379     0.6485 0.0000e+00
       2718     -0.343     3.4387   0.096507     0.8222     0.6360 0.0000e+00
       2719     -0.343     3.4391   0.096309     0.8205     0.6345 0.0000e+00
       2720     -0.342     3.4392   0.097340     0.8296     0.6419 0.0000e+00
       2721     -0.341     3.4391   0.098004     0.8356     0.6467 0.0000e+00
       2722     -0.340     3.4390   0.097520     0.8313     0.6432 0.0000e+00
       2723     -0.341     3.4392   0.095976     0.8175     0.6322 0.0000e+00
       2724     -0.341     3.4402   0.094840     0.8073     0.6240 0.0000e+00
       2725     -0.340     3.4413   0.096227     0.8197     0.6339 0.0000e+00
       2726     -0.342     3.4419   0.100848     0.8609     0.6671 0.0000e+00
       2727     -0.344     3.4420   0.105803     0.9053     0.7028 0.0000e+00
       2728     -0.344     3.4421   0.106679     0.9131     0.7091 0.0000e+00
       2729     -0.340     3.4426   0.104735     0.8957     0.6951 0.0000e+00
       2730     -0.336     3.4436   0.104230     0.8911     0.6914 0.0000e+00
       2731     -0.333     3.4444   0.105826     0.9054     0.7029 0.0000e+00
       2732     -0.332     3.4450   0.108035     0.9252     0.7189 0.0000e+00
       2733     -0.335     3.4451   0.109444     0.9379     0.7290 0.0000e+00
       2734     -0.338     3.4451   0.108948     0.9334     0.7255 0.0000e+00
       2735     -0.337     3.4451   0.107086     0.9167     0.7120 0.0000e+00
       2736     -0.335     3.4451   0.105606     0.9034     0.7013 0.0000e+00
       2737     -0.332     3.4449   0.104828     0.8965     0.6957 0.0000e+00
       2738     -0.330     3.4448   0.103780     0.8871     0.6882 0.0000e+00
       2739     -0.330     3.4450   0.102484     0.8755     0.6788 0.0000e+00
       2740     -0.332     3.4453   0.101806     0.8694     0.6740 0.0000e+00
       2741     -0.334     3.4459   0.101376     0.8655     0.6709 0.0000e+00
       2742     -0.333     3.4465   0.100316     0.8560     0.6632 0.0000e+00
       2743     -0.333     3.4469   0.098853     0.8430     0.6527 0.0000e+00
       2744     -0.331     3.4475   0.097903     0.8345     0.6459 0.0000e+00
       2745     -0.329     3.4485   0.097619     0.8319     0.6438 0.0000e+00
       2746     -0.331     3.4493   0.097215     0.8283     0.6409 0.0000e+00
       2747     -0.332     3.4497   0.096544     0.8223     0.6361 0.0000e+00
       2748     -0.327     3.4498   0.096051     0.8179     0.6325 0.0000e+00
       2749     -0.323     3.4502   0.095818     0.8158     0.6309 0.0000e+00
       2750     -0.323     3.4509   0.095535     0.8133     0.6288 0.0000e+00
       2751     -0.324     3.4515   0.094757     0.8063     0.6232 0.0000e+00
       2752     -0.324     3.4519   0.093186     0.7923     0.6120 0.0000e+00
       2753     -0.323     3.4520   0.091311     0.7756     0.5986 0.0000e+00
       2754     -0.321     3.4520   0.090506     0.7685     0.5928 0.0000e+00
       2755     -0.320     3.4521   0.091641     0.7786     0.6009 0.0000e+00
       2756     -0.320     3.4524   0.094056     0.8000     0.6182 0.0000e+00
       2757     -0.320     3.4527   0.095576     0.8136     0.6291 0.0000e+00
       2758     -0.321     3.4529   0.094134     0.8007     0.6188 0.0000e+00
       2759     -0.320     3.4531   0.090979     0.7727     0.5962 0.0000e+00
       2760     -0.319     3.4532   0.089566     0.7601     0.5861 0.0000e+00
       2761     -0.321     3.4534   0.090576     0.7691     0.5933 0.0000e+00
       2762     -0.323     3.4539   0.091822     0.7801     0.6022 0.0000e+00
       2763     -0.322     3.4545   0.091897     0.7808     0.6027 0.0000e+00
       2764     -0.319     3.4550   0.090924     0.7721     0.5957 0.0000e+00
       2765     -0.318     3.4554   0.089069     0.7556     0.5825 0.0000e+00
       2766     -0.321     3.4559   0.086150     0.7297     0.5616 0.0000e+00
       2767     -0.323     3.4564   0.082920     0.7012     0.5386 0.0000e+00
       2768     -0.322     3.4564   0.081550     0.6890     0.5289 0.0000e+00
       2769     -0.321     3.4562   0.082336     0.6960     0.5345 0.0000e+00
       2770     -0.320     3.4562   0.082841     0.7005     0.5381 0.0000e+00
       2771     -0.320     3.4565   0.082503     0.6975     0.5356 0.0000e+00
       2772     -0.318     3.4564   0.082531     0.6977     0.5358 0.0000e+00
       2773     -0.315     3.4562   0.082377     0.6964     0.5348 0.0000e+00
       2774     -0.314     3.4562   0.080110     0.6763     0.5186 0.0000e+00
       2775     -0.318     3.4562   0.075803     0.6384     0.4881 0.0000e+00
       2776     -0.321     3.4562   0.073643     0.6194     0.4728 0.0000e+00
       2777     -0.319     3.4562   0.075575     0.6364     0.4865 0.0000e+00
       2778     -0.317     3.4564   0.077569     0.6539     0.5006 0.0000e+00
       2779     -0.317     3.4564   0.077456     0.6529     0.4998 0.0000e+00
       2780     -0.318     3.4565   0.076705     0.6463     0.4945 0.0000e+00
       2781     -0.318     3.4570   0.075901     0.6392     0.4888 0.0000e+00
       2782     -0.317     3.4577   0.074438     0.6264     0.4784 0.0000e+00
       2783     -0.313     3.4582   0.071800     0.6032     0.4597 0.0000e+00
       2784     -0.309     3.4586   0.069383     0.5820     0.4427 0.0000e+00
       2785     -0.306     3.4591   0.069316     0.5814     0.4422 0.0000e+00
       2786     -0.303     3.4596   0.071064     0.5967     0.4545 0.0000e+00
       2787     -0.302     3.4604   0.074718     0.6288     0.4804 0.0000e+00
       2788     -0.305     3.4612   0.082596     0.6982     0.5363 0.0000e+00
       2789     -0.310     3.4619   0.091146     0.7739     0.5972 0.0000e+00
       2790     -0.313     3.4625   0.092788     0.7885     0.6090 0.0000e+00
       2791     -0.313     3.4635   0.088002     0.7460     0.5748 0.0000e+00
       2792     -0.315     3.4646   0.084496     0.7149     0.5497 0.0000e+00
       2793     -0.316     3.4650   0.092651     0.7872     0.6080 0.0000e+00
       2794     -0.313     3.4650   0.104124     0.8896     0.6903 0.0000e+00
       2795     -0.310     3.4647   0.100427     0.8565     0.6637 0.0000e+00
       2796     -0.309     3.4642   0.091672     0.7786     0.6010 0.0000e+00
       2797     -0.307     3.4638   0.089987     0.7636     0.5889 0.0000e+00
       2798     -0.307     3.4636   0.087789     0.7441     0.5732 0.0000e+00
       2799     -0.308     3.4634   0.081410     0.6877     0.5278 0.0000e+00
       2800     -0.303     3.4632   0.076361     0.6432     0.4920 0.0000e+00
       2801     -0.299     3.4630   0.074217     0.6243     0.4768 0.0000e+00
       2802     -0.300     3.4627   0.073310     0.6164     0.4704 0.0000e+00
       2803     -0.301     3.4625   0.073789     0.6206     0.4738 0.0000e+00
       2804     -0.300     3.4623   0.074622     0.6279     0.4797 0.0000e+00
       2805     -0.298     3.4623   0.074133     0.6236     0.4762 0.0000e+00
       2806     -0.296     3.4622   0.073751     0.6202     0.4735 0.0000e+00
       2807     -0.297     3.4621   0.076525     0.6446     0.4931 0.0000e+00
       2808     -0.300     3.4621   0.080206     0.6771     0.5193 0.0000e+00
       2809     -0.302     3.4621   0.081267     0.6864     0.5268 0.0000e+00
       2810     -0.300     3.4622   0.080171     0.6768     0.5190 0.0000e+00
       2811     -0.299     3.4623   0.078547     0.6624     0.5075 0.0000e+00
       2812     -0.299     3.4627   0.077231     0.6508     0.4981 0.0000e+00
       2813     -0.299     3.4632   0.076690     0.6461     0.4943 0.0000e+00
       2814     -0.299     3.4643   0.077136     0.6500     0.4974 0.0000e+00
       2815     -0.303     3.4655   0.077291     0.6513     0.4985 0.0000e+00
       2816     -0.305     3.4662   0.076917     0.6480     0.4959 0.0000e+00
       2817     -0.302     3.4662   0.078122     0.6586     0.5044 0.0000e+00
       2818     -0.296     3.4661   0.080485     0.6794     0.5212 0.0000e+00
       2819     -0.294     3.4660   0.081033     0.6843     0.5251 0.0000e+00
       2820     -0.295     3.4659   0.078344     0.6606     0.5060 0.0000e+00
       2821     -0.298     3.4660   0.074572     0.6274     0.4793 0.0000e+00
       2822     -0.299     3.4661   0.073708     0.6198     0.4732 0.0000e+00
       2823     -0.298     3.4663   0.075898     0.6390     0.4887 0.0000e+00
       2824     -0.297     3.4665   0.078038     0.6579     0.5038 0.0000e+00
       2825     -0.299     3.4666   0.079458     0.6704     0.5139 0.0000e+00
       2826     -0.300     3.4668   0.080995     0.6839     0.5248 0.0000e+00
       2827     -0.299     3.4668   0.081666     0.6899     0.5296 0.0000e+00
       2828     -0.297     3.4669   0.080148     0.6765     0.5188 0.0000e+00
       2829     -0.296     3.4670   0.077304     0.6514     0.4986 0.0000e+00
       2830     -0.297     3.4672   0.076757     0.6466     0.4947 0.0000e+00
       2831     -0.297     3.4672   0.079792     0.6733     0.5163 0.0000e+00
       2832     -0.297     3.4673   0.082232     0.6948     0.5336 0.0000e+00
       2833     -0.295     3.4673   0.083180     0.7032     0.5403 0.0000e+00
       2834     -0.290     3.4675   0.089804     0.7619     0.5876 0.0000e+00
       2835     -0.286     3.4677   0.106454     0.9104     0.7071 0.0000e+00
       2836     -0.286     3.4679   0.116204     0.9980     0.7775 0.0000e+00
       2837     -0.287     3.4682   0.103572     0.8846     0.6863 0.0000e+00
       2838     -0.287     3.4686   0.087182     0.7386     0.5688 0.0000e+00
       2839     -0.285     3.4688   0.080486     0.6794     0.5212 0.0000e+00
       2840     -0.284     3.4690   0.070827     0.5945     0.4528 0.0000e+00
       2841     -0.287     3.4692   0.053488     0.4435     0.3312 0.0000e+00
       2842     -0.289     3.4695   0.038044     0.3111     0.2243 0.0000e+00
       2843     -0.288     3.4699   0.030777     0.2496     0.1747 0.0000e+00
       2844     -0.286     3.4703   0.028418     0.2298     0.1587 0.0000e+00
       2845     -0.285     3.4705   0.027025     0.2181     0.1492 0.0000e+00
       2846     -0.286     3.4707   0.026014     0.2096     0.1424 0.0000e+00
       2847     -0.287     3.4710   0.025314     0.2038     0.1377 0.0000e+00
       2848     -0.287     3.4712   0.024931     0.2006     0.1351 0.0000e+00
       2849     -0.287     3.4714   0.024817     0.1996     0.1343 0.0000e+00
       2850     -0.287     3.4716   0.024878     0.2001     0.1347 0.0000e+00
       2851     -0.289     3.4720   0.025025     0.2013     0.1357 0.0000e+00
       2852     -0.290     3.4723   0.025093     0.2019     0.1362 0.0000e+00
       2853     -0.289     3.4725   0.024956     0.2008     0.1353 0.0000e+00
       2854     -0.289     3.4728   0.024660     0.1983     0.1333 0.0000e+00
       2855     -0.290     3.4732   0.024317     0.1954     0.1310 0.0000e+00
       2856     -0.292     3.4733   0.024026     0.1930     0.1290 0.0000e+00
       2857     -0.291     3.4735   0.023830     0.1914     0.1277 0.0000e+00
       2858     -0.287     3.4737   0.023668     0.1900     0.1266 0.0000e+00
       2859     -0.286     3.4739   0.023458     0.1883     0.1252 0.0000e+00
       2860     -0.287     3.4741   0.023194     0.1861     0.1234 0.0000e+00
       2861     -0.286     3.4744   0.022946     0.1840     0.1217 0.0000e+00
       2862     -0.285     3.4746   0.022769     0.1825     0.1206 0.0000e+00
       2863     -0.287     3.4748   0.022639     0.1814     0.1197 0.0000e+00
       2864     -0.289     3.4751   0.022503     0.1803     0.1188 0.0000e+00
       2865     -0.289     3.4754   0.022339     0.1789     0.1177 0.0000e+00
       2866     -0.289     3.4758   0.022167     0.1775     0.1165 0.0000e+00
       2867     -0.289     3.4762   0.022072     0.1767     0.1159 0.0000e+00
       2868     -0.288     3.4768   0.022315     0.1787     0.1175 0.0000e+00
       2869     -0.285     3.4776   0.022874     0.1834     0.1213 0.0000e+00
       2870     -0.283     3.4783   0.023316     0.1871     0.1242 0.0000e+00
       2871     -0.283     3.4789   0.023621     0.1896     0.1263 0.0000e+00
