Datasets/Test_Dataset_39219_tow/tel219_2021_039.cnv
* Sea-Bird SBE19plus Data File:
* Filename = C:/AQUIRE/tel219_2021_039.hex
* Software Version AquireV2 AF V2.0
* Temperature SN =  4020
* Conductivity SN =  4020
* System UpLoad Time = May 12 2021 00:21:16
** VESSEL/TRIP/SEQ STN: tel219_2021_039
** LATITUDE: 44 54.39 N
** LONGITUDE: 56 15.83 W
** DATE/TIME: 2021-05-11 23:24
** SOUNDING DEPTH (M): 0339
** PROBE TYPE: S4020
** CTD NUMBER:  39
** FORMAT: t
** COMMENTS: 
# nquan = 7                                 
# nvalues = 3401                        
# units = specified
# name 0 = scan: Scan Count
# name 1 = prdM: Pressure, Strain Gauge [db]
# name 2 = tv290C: Temperature [ITS-90, deg C]
# name 3 = c0S/m: Conductivity [S/m]
# name 4 = sal00: Salinity, Practical [PSU]
# name 5 = sigma-t00: Density [sigma-t, kg/m^3 ]
# name 6 = flag: flag
# span 0 =          1,       3401       
# span 1 =     -0.454,    343.595       
# span 2 =     4.7090,     9.7255       
# span 3 =   0.006003,   3.807068       
# span 4 =     0.0445,    35.1755       
# span 5 =     0.0028,    27.4780       
# span 6 = 0.0000e+00, 0.0000e+00       
# interval = seconds: 1
# start_time = May 11 2021 23:24:52 [Instrument's time stamp, header]
# bad_flag = -9.990e-29
*END*
[from data line 1642]
       1643    279.630     7.6996   3.612877    35.0752    27.3778 0.0000e+00
       1644    279.773     7.6992   3.612857    35.0754    27.3779 0.0000e+00
       1645    279.913     7.6993   3.612862    35.0752    27.3778 0.0000e+00
       1646    280.055     7.6991   3.612839    35.0751    27.3777 0.0000e+00
       1647    280.198     7.6990   3.612824    35.0750    27.3776 0.0000e+00
       1648    280.334     7.6990   3.612850    35.0752    27.3778 0.0000e+00
       1649    280.462     7.6990   3.612866    35.0753    27.3779 0.0000e+00
       1650    280.594     7.6989   3.612839    35.0751    27.3777 0.0000e+00
       1651    280.731     7.6987   3.612810    35.0749    27.3776 0.0000e+00
       1652    280.867     7.6986   3.612803    35.0748    27.3776 0.0000e+00
       1653    281.004     7.6986   3.612805    35.0748    27.3776 0.0000e+00
       1654    281.151     7.6986   3.612811    35.0748    27.3775 0.0000e+00
       1655    281.304     7.6986   3.612813    35.0747    27.3775 0.0000e+00
       1656    281.450     7.6987   3.612815    35.0746    27.3774 0.0000e+00
       1657    281.585     7.6990   3.612846    35.0746    27.3773 0.0000e+00
       1658    281.718     7.6991   3.612869    35.0746    27.3774 0.0000e+00
       1659    281.859     7.6991   3.612869    35.0746    27.3773 0.0000e+00
       1660    282.008     7.6990   3.612867    35.0746    27.3773 0.0000e+00
       1661    282.161     7.6988   3.612842    35.0744    27.3772 0.0000e+00
       1662    282.313     7.6984   3.612797    35.0743    27.3772 0.0000e+00
       1663    282.455     7.6982   3.612783    35.0743    27.3772 0.0000e+00
       1664    282.587     7.6982   3.612798    35.0744    27.3773 0.0000e+00
       1665    282.724     7.6985   3.612827    35.0743    27.3772 0.0000e+00
       1666    282.875     7.6986   3.612838    35.0742    27.3771 0.0000e+00
       1667    283.038     7.6982   3.612792    35.0741    27.3770 0.0000e+00
       1668    283.208     7.6975   3.612735    35.0741    27.3771 0.0000e+00
       1669    283.381     7.6972   3.612715    35.0741    27.3772 0.0000e+00
       1670    283.551     7.6969   3.612698    35.0741    27.3773 0.0000e+00
       1671    283.710     7.6967   3.612675    35.0740    27.3772 0.0000e+00
       1672    283.855     7.6966   3.612674    35.0740    27.3772 0.0000e+00
       1673    284.000     7.6970   3.612720    35.0740    27.3772 0.0000e+00
       1674    284.162     7.6974   3.612773    35.0741    27.3772 0.0000e+00
       1675    284.331     7.6975   3.612773    35.0739    27.3770 0.0000e+00
       1676    284.495     7.6972   3.612730    35.0737    27.3769 0.0000e+00
       1677    284.656     7.6967   3.612682    35.0736    27.3769 0.0000e+00
       1678    284.820     7.6963   3.612642    35.0735    27.3769 0.0000e+00
       1679    284.990     7.6951   3.612525    35.0734    27.3769 0.0000e+00
       1680    285.161     7.6936   3.612369    35.0731    27.3769 0.0000e+00
       1681    285.323     7.6935   3.612401    35.0735    27.3772 0.0000e+00
       1682    285.479     7.6951   3.612589    35.0738    27.3773 0.0000e+00
       1683    285.640     7.6964   3.612698    35.0736    27.3769 0.0000e+00
       1684    285.808     7.6963   3.612686    35.0735    27.3769 0.0000e+00
       1685    285.975     7.6954   3.612601    35.0734    27.3769 0.0000e+00
       1686    286.139     7.6938   3.612439    35.0732    27.3770 0.0000e+00
       1687    286.307     7.6921   3.612288    35.0732    27.3772 0.0000e+00
       1688    286.481     7.6918   3.612264    35.0731    27.3772 0.0000e+00
       1689    286.653     7.6929   3.612388    35.0733    27.3772 0.0000e+00
       1690    286.816     7.6933   3.612473    35.0737    27.3775 0.0000e+00
       1691    286.976     7.6923   3.612371    35.0735    27.3775 0.0000e+00
       1692    287.141     7.6909   3.612215    35.0732    27.3774 0.0000e+00
       1693    287.312     7.6894   3.612073    35.0731    27.3775 0.0000e+00
       1694    287.483     7.6865   3.611780    35.0727    27.3777 0.0000e+00
       1695    287.651     7.6792   3.611065    35.0723    27.3784 0.0000e+00
       1696    287.816     7.6674   3.609892    35.0714    27.3794 0.0000e+00
       1697    287.977     7.6576   3.608975    35.0712    27.3808 0.0000e+00
       1698    288.137     7.6532   3.608635    35.0719    27.3819 0.0000e+00
       1699    288.306     7.6515   3.608440    35.0714    27.3818 0.0000e+00
       1700    288.478     7.6493   3.608309    35.0721    27.3827 0.0000e+00
       1701    288.647     7.6446   3.607949    35.0729    27.3840 0.0000e+00
       1702    288.818     7.6405   3.607458    35.0716    27.3836 0.0000e+00
       1703    288.999     7.6405   3.607437    35.0713    27.3833 0.0000e+00
       1704    289.192     7.6410   3.607547    35.0719    27.3837 0.0000e+00
       1705    289.388     7.6397   3.607483    35.0724    27.3843 0.0000e+00
       1706    289.573     7.6359   3.607136    35.0724    27.3848 0.0000e+00
       1707    289.753     7.6264   3.606069    35.0703    27.3846 0.0000e+00
       1708    289.950     7.6135   3.604776    35.0692    27.3856 0.0000e+00
       1709    290.168     7.6043   3.603964    35.0695    27.3872 0.0000e+00
       1710    290.385     7.6004   3.603659    35.0700    27.3882 0.0000e+00
       1711    290.587     7.5990   3.603598    35.0707    27.3889 0.0000e+00
       1712    290.777     7.5977   3.603508    35.0709    27.3893 0.0000e+00
       1713    290.974     7.5958   3.603330    35.0708    27.3895 0.0000e+00
       1714    291.189     7.5935   3.603108    35.0706    27.3897 0.0000e+00
       1715    291.421     7.5921   3.602993    35.0707    27.3899 0.0000e+00
       1716    291.662     7.5920   3.603024    35.0710    27.3902 0.0000e+00
       1717    291.906     7.5926   3.603100    35.0711    27.3902 0.0000e+00
       1718    292.145     7.5935   3.603206    35.0712    27.3902 0.0000e+00
       1719    292.377     7.5945   3.603334    35.0715    27.3902 0.0000e+00
       1720    292.603     7.5951   3.603406    35.0715    27.3902 0.0000e+00
       1721    292.819     7.5951   3.603414    35.0715    27.3902 0.0000e+00
       1722    293.028     7.5950   3.603433    35.0717    27.3903 0.0000e+00
       1723    293.238     7.5950   3.603465    35.0720    27.3905 0.0000e+00
       1724    293.449     7.5943   3.603411    35.0720    27.3906 0.0000e+00
       1725    293.662     7.5928   3.603270    35.0719    27.3908 0.0000e+00
       1726    293.884     7.5907   3.603090    35.0719    27.3911 0.0000e+00
       1727    294.124     7.5884   3.602893    35.0720    27.3915 0.0000e+00
       1728    294.381     7.5861   3.602694    35.0720    27.3919 0.0000e+00
       1729    294.644     7.5837   3.602478    35.0720    27.3922 0.0000e+00
       1730    294.912     7.5804   3.602184    35.0720    27.3927 0.0000e+00
       1731    295.182     7.5755   3.601727    35.0718    27.3933 0.0000e+00
       1732    295.445     7.5690   3.601097    35.0714    27.3939 0.0000e+00
       1733    295.703     7.5609   3.600277    35.0706    27.3944 0.0000e+00
       1734    295.962     7.5532   3.599475    35.0695    27.3947 0.0000e+00
       1735    296.226     7.5480   3.599025    35.0697    27.3956 0.0000e+00
       1736    296.490     7.5450   3.598794    35.0701    27.3963 0.0000e+00
       1737    296.752     7.5418   3.598506    35.0701    27.3968 0.0000e+00
       1738    297.026     7.5362   3.597932    35.0694    27.3970 0.0000e+00
       1739    297.320     7.5296   3.597215    35.0681    27.3970 0.0000e+00
       1740    297.628     7.5250   3.596845    35.0685    27.3980 0.0000e+00
       1741    297.934     7.5229   3.596739    35.0694    27.3990 0.0000e+00
       1742    298.224     7.5200   3.596465    35.0692    27.3993 0.0000e+00
       1743    298.497     7.5153   3.595969    35.0684    27.3993 0.0000e+00
       1744    298.753     7.5107   3.595570    35.0686    27.4001 0.0000e+00
       1745    299.001     7.5076   3.595366    35.0694    27.4012 0.0000e+00
       1746    299.260     7.5049   3.595123    35.0693    27.4016 0.0000e+00
       1747    299.549     7.5019   3.594802    35.0687    27.4015 0.0000e+00
       1748    299.870     7.5000   3.594619    35.0685    27.4016 0.0000e+00
       1749    300.206     7.4997   3.594643    35.0689    27.4020 0.0000e+00
       1750    300.537     7.5004   3.594759    35.0693    27.4022 0.0000e+00
       1751    300.864     7.5004   3.594831    35.0699    27.4027 0.0000e+00
       1752    301.206     7.4985   3.594639    35.0696    27.4027 0.0000e+00
       1753    301.586     7.4946   3.594184    35.0684    27.4023 0.0000e+00
       1754    302.003     7.4908   3.593820    35.0680    27.4026 0.0000e+00
       1755    302.427     7.4878   3.593588    35.0683    27.4033 0.0000e+00
       1756    302.837     7.4855   3.593381    35.0682    27.4035 0.0000e+00
       1757    303.236     7.4841   3.593287    35.0684    27.4039 0.0000e+00
       1758    303.639     7.4837   3.593283    35.0686    27.4040 0.0000e+00
       1759    304.051     7.4830   3.593232    35.0685    27.4041 0.0000e+00
       1760    304.475     7.4798   3.592922    35.0682    27.4043 0.0000e+00
       1761    304.913     7.4709   3.592059    35.0675    27.4051 0.0000e+00
       1762    305.361     7.4553   3.590455    35.0656    27.4058 0.0000e+00
       1763    305.810     7.4389   3.588777    35.0637    27.4067 0.0000e+00
       1764    306.250     7.4290   3.587953    35.0645    27.4088 0.0000e+00
       1765    306.678     7.4249   3.587727    35.0660    27.4105 0.0000e+00
       1766    307.094     7.4227   3.587564    35.0662    27.4110 0.0000e+00
       1767    307.515     7.4198   3.587311    35.0662    27.4114 0.0000e+00
       1768    307.958     7.4122   3.586590    35.0658    27.4122 0.0000e+00
       1769    308.424     7.3953   3.584836    35.0635    27.4129 0.0000e+00
       1770    308.903     7.3741   3.582629    35.0607    27.4136 0.0000e+00
       1771    309.378     7.3592   3.581417    35.0623    27.4171 0.0000e+00
       1772    309.835     7.3487   3.580742    35.0653    27.4209 0.0000e+00
       1773    310.275     7.3323   3.579116    35.0639    27.4222 0.0000e+00
       1774    310.712     7.3110   3.576924    35.0613    27.4232 0.0000e+00
       1775    311.159     7.2917   3.575175    35.0615    27.4261 0.0000e+00
       1776    311.622     7.2719   3.573297    35.0608    27.4284 0.0000e+00
       1777    312.102     7.2478   3.570719    35.0568    27.4287 0.0000e+00
       1778    312.592     7.2256   3.568464    35.0544    27.4299 0.0000e+00
       1779    313.076     7.2119   3.567300    35.0553    27.4326 0.0000e+00
       1780    313.545     7.2035   3.566651    35.0565    27.4347 0.0000e+00
       1781    314.002     7.1953   3.565863    35.0559    27.4354 0.0000e+00
       1782    314.459     7.1849   3.564794    35.0545    27.4358 0.0000e+00
       1783    314.927     7.1732   3.563586    35.0529    27.4362 0.0000e+00
       1784    315.410     7.1627   3.562544    35.0519    27.4369 0.0000e+00
       1785    315.899     7.1539   3.561746    35.0518    27.4381 0.0000e+00
       1786    316.388     7.1404   3.560508    35.0517    27.4399 0.0000e+00
       1787    316.874     7.1149   3.557894    35.0487    27.4411 0.0000e+00
       1788    317.353     7.0847   3.554727    35.0443    27.4419 0.0000e+00
       1789    317.826     7.0630   3.552755    35.0444    27.4451 0.0000e+00
       1790    318.297     7.0504   3.551784    35.0463    27.4483 0.0000e+00
       1791    318.766     7.0417   3.550992    35.0462    27.4494 0.0000e+00
       1792    319.242     7.0343   3.550323    35.0462    27.4504 0.0000e+00
       1793    319.733     7.0275   3.549697    35.0459    27.4512 0.0000e+00
       1794    320.230     7.0188   3.548945    35.0463    27.4527 0.0000e+00
       1795    320.719     7.0054   3.547718    35.0461    27.4544 0.0000e+00
       1796    321.202     6.9791   3.545215    35.0451    27.4573 0.0000e+00
       1797    321.687     6.9346   3.540760    35.0410    27.4603 0.0000e+00
       1798    322.178     6.8902   3.536327    35.0371    27.4633 0.0000e+00
       1799    322.672     6.8677   3.534607    35.0407    27.4693 0.0000e+00
       1800    323.163     6.8631   3.534578    35.0449    27.4732 0.0000e+00
       1801    323.647     6.8621   3.534499    35.0448    27.4733 0.0000e+00
       1802    324.121     6.8586   3.534183    35.0446    27.4736 0.0000e+00
       1803    324.593     6.8517   3.533519    35.0441    27.4742 0.0000e+00
       1804    325.068     6.8440   3.532747    35.0431    27.4745 0.0000e+00
       1805    325.541     6.8390   3.532324    35.0433    27.4753 0.0000e+00
       1806    326.004     6.8361   3.532166    35.0443    27.4765 0.0000e+00
       1807    326.456     6.8340   3.532027    35.0447    27.4771 0.0000e+00
       1808    326.897     6.8329   3.531986    35.0451    27.4776 0.0000e+00
       1809    327.334     6.8329   3.532049    35.0456    27.4780 0.0000e+00
       1810    327.782     6.8331   3.532080    35.0455    27.4779 0.0000e+00
       1811    328.252     6.8331   3.532046    35.0449    27.4774 0.0000e+00
       1812    328.743     6.8328   3.531999    35.0445    27.4771 0.0000e+00
       1813    329.239     6.8329   3.532009    35.0442    27.4769 0.0000e+00
       1814    329.710     6.8331   3.532069    35.0445    27.4770 0.0000e+00
       1815    330.141     6.8332   3.532139    35.0449    27.4774 0.0000e+00
       1816    330.548     6.8331   3.532175    35.0452    27.4776 0.0000e+00
       1817    330.954     6.8331   3.532175    35.0450    27.4775 0.0000e+00
       1818    331.371     6.8330   3.532165    35.0448    27.4773 0.0000e+00
       1819    331.791     6.8327   3.532156    35.0448    27.4773 0.0000e+00
       1820    332.204     6.8323   3.532145    35.0449    27.4775 0.0000e+00
       1821    332.612     6.8320   3.532138    35.0449    27.4775 0.0000e+00
       1822    333.019     6.8322   3.532150    35.0446    27.4773 0.0000e+00
       1823    333.421     6.8325   3.532196    35.0446    27.4772 0.0000e+00
       1824    333.812     6.8330   3.532251    35.0445    27.4771 0.0000e+00
       1825    334.189     6.8333   3.532285    35.0444    27.4770 0.0000e+00
       1826    334.554     6.8337   3.532317    35.0442    27.4767 0.0000e+00
       1827    334.903     6.8341   3.532371    35.0442    27.4767 0.0000e+00
       1828    335.232     6.8345   3.532421    35.0442    27.4766 0.0000e+00
       1829    335.547     6.8344   3.532411    35.0440    27.4765 0.0000e+00
       1830    335.858     6.8336   3.532342    35.0439    27.4765 0.0000e+00
       1831    336.166     6.8329   3.532291    35.0439    27.4766 0.0000e+00
       1832    336.467     6.8328   3.532300    35.0440    27.4767 0.0000e+00
       1833    336.756     6.8328   3.532311    35.0439    27.4767 0.0000e+00
       1834    337.032     6.8325   3.532302    35.0440    27.4767 0.0000e+00
       1835    337.301     6.8325   3.532317    35.0440    27.4768 0.0000e+00
       1836    337.566     6.8329   3.532360    35.0440    27.4767 0.0000e+00
       1837    337.823     6.8331   3.532397    35.0440    27.4767 0.0000e+00
       1838    338.059     6.8333   3.532428    35.0441    27.4767 0.0000e+00
       1839    338.276     6.8334   3.532441    35.0440    27.4766 0.0000e+00
       1840    338.486     6.8334   3.532433    35.0438    27.4765 0.0000e+00
       1841    338.699     6.8333   3.532426    35.0437    27.4764 0.0000e+00
       1842    338.916     6.8332   3.532424    35.0437    27.4764 0.0000e+00
       1843    339.128     6.8332   3.532437    35.0437    27.4764 0.0000e+00
       1844    339.326     6.8334   3.532454    35.0436    27.4763 0.0000e+00
       1845    339.506     6.8333   3.532453    35.0436    27.4763 0.0000e+00
       1846    339.668     6.8330   3.532434    35.0436    27.4764 0.0000e+00
