Datasets/Test_Dataset_39219_tow/tel219_2021_031.cnv
* Sea-Bird SBE19plus Data File:
* Filename = C:/AQUIRE/tel219_2021_031.hex
* Software Version AquireV2 AF V2.0
* Temperature SN =  4020
* Conductivity SN =  4020
* System UpLoad Time = May 11 2021 00:41:35
** VESSEL/TRIP/SEQ STN: tel219_2021_031
** LATITUDE: 45 33.71 N
** LONGITUDE: 56 33.92 W
** DATE/TIME: 2021-05-10 23:44
** SOUNDING DEPTH (M): 0232
** PROBE TYPE: S4020
** CTD NUMBER: 031
** FORMAT: T
** COMMENTS: 
# nquan = 7                                 
# nvalues = 3471                        
# units = specified
# name 0 = scan: Scan Count
# name 1 = prdM: Pressure, Strain Gauge [db]
# name 2 = tv290C: Temperature [ITS-90, deg C]
# name 3 = c0S/m: Conductivity [S/m]
# name 4 = sal00: Salinity, Practical [PSU]
# name 5 = sigma-t00: Density [sigma-t, kg/m^3 ]
# name 6 = flag: flag
# span 0 =          1,       3471       
# span 1 =     -0.752,    233.884       
# span 2 =     0.6650,     9.4189       
# span 3 =   0.003260,   3.765834       
# span 4 =     0.0243,    35.1264       
# span 5 =    -0.0055,    27.3512       
# span 6 = 0.0000e+00, 0.0000e+00       
# interval = seconds: 1
# start_time = May 10 2021 23:44:56 [Instrument's time stamp, header]
# bad_flag = -9.990e-29
*END*
[from data line 616]
        617     -0.187     3.7830   0.003502     0.0262    -0.0042 0.0000e+00
        618     -0.187     3.7826   0.003501     0.0262    -0.0042 0.0000e+00
        619     -0.187     3.7821   0.003498     0.0262    -0.0042 0.0000e+00
        620     -0.186     3.7817   0.003496     0.0261    -0.0042 0.0000e+00
        621     -0.185     3.7813   0.003491     0.0261    -0.0042 0.0000e+00
        622     -0.184     3.7809   0.003484     0.0260    -0.0043 0.0000e+00
        623     -0.184     3.7805   0.003483     0.0260    -0.0043 0.0000e+00
        624     -0.185     3.7801   0.003483     0.0260    -0.0043 0.0000e+00
        625     -0.186     3.7797   0.003483     0.0260    -0.0043 0.0000e+00
        626     -0.186     3.7794   0.003483     0.0260    -0.0043 0.0000e+00
        627     -0.186     3.7790   0.003481     0.0260    -0.0043 0.0000e+00
        628     -0.187     3.7786   0.003479     0.0260    -0.0043 0.0000e+00
        629     -0.188     3.7781   0.003479     0.0260    -0.0043 0.0000e+00
        630     -0.188     3.7777   0.003482     0.0260    -0.0043 0.0000e+00
        631     -0.187     3.7774   0.003486     0.0261    -0.0043 0.0000e+00
        632     -0.184     3.7771   0.003490     0.0261    -0.0043 0.0000e+00
        633     -0.181     3.7767   0.003486     0.0261    -0.0043 0.0000e+00
        634     -0.180     3.7763   0.003480     0.0260    -0.0043 0.0000e+00
        635     -0.183     3.7759   0.003473     0.0260    -0.0044 0.0000e+00
        636     -0.186     3.7756   0.003471     0.0260    -0.0044 0.0000e+00
        637     -0.187     3.7752   0.003478     0.0260    -0.0043 0.0000e+00
        638     -0.185     3.7748   0.003487     0.0261    -0.0043 0.0000e+00
        639     -0.182     3.7746   0.003494     0.0261    -0.0042 0.0000e+00
        640     -0.182     3.7742   0.003494     0.0261    -0.0042 0.0000e+00
        641     -0.185     3.7738   0.003489     0.0261    -0.0043 0.0000e+00
        642     -0.187     3.7735   0.003484     0.0261    -0.0043 0.0000e+00
        643     -0.187     3.7731   0.003487     0.0261    -0.0043 0.0000e+00
        644     -0.185     3.7728   0.003506     0.0262    -0.0042 0.0000e+00
        645     -0.183     3.7725   0.003520     0.0263    -0.0041 0.0000e+00
        646     -0.185     3.7721   0.003521     0.0263    -0.0041 0.0000e+00
        647     -0.187     3.7717   0.003516     0.0263    -0.0041 0.0000e+00
        648     -0.185     3.7714   0.003517     0.0263    -0.0041 0.0000e+00
        649     -0.184     3.7712   0.003529     0.0264    -0.0040 0.0000e+00
        650     -0.183     3.7709   0.003542     0.0265    -0.0039 0.0000e+00
        651     -0.183     3.7706   0.003548     0.0265    -0.0039 0.0000e+00
        652     -0.186     3.7703   0.003546     0.0265    -0.0039 0.0000e+00
        653     -0.189     3.7699   0.003537     0.0265    -0.0040 0.0000e+00
        654     -0.192     3.7696   0.003534     0.0264    -0.0040 0.0000e+00
        655     -0.192     3.7694   0.003545     0.0265    -0.0039 0.0000e+00
        656     -0.191     3.7691   0.003563     0.0267    -0.0038 0.0000e+00
        657     -0.190     3.7689   0.003578     0.0268    -0.0037 0.0000e+00
        658     -0.190     3.7685   0.003581     0.0268    -0.0037 0.0000e+00
        659     -0.191     3.7682   0.003577     0.0268    -0.0037 0.0000e+00
        660     -0.190     3.7679   0.003569     0.0267    -0.0038 0.0000e+00
        661     -0.189     3.7676   0.003568     0.0267    -0.0038 0.0000e+00
        662     -0.188     3.7674   0.003583     0.0268    -0.0037 0.0000e+00
        663     -0.185     3.7670   0.003600     0.0269    -0.0036 0.0000e+00
        664     -0.184     3.7667   0.003609     0.0270    -0.0035 0.0000e+00
        665     -0.187     3.7664   0.003603     0.0270    -0.0036 0.0000e+00
        666     -0.189     3.7662   0.003591     0.0269    -0.0037 0.0000e+00
        667     -0.190     3.7660   0.003588     0.0269    -0.0037 0.0000e+00
        668     -0.190     3.7656   0.003604     0.0270    -0.0036 0.0000e+00
        669     -0.190     3.7654   0.003626     0.0271    -0.0034 0.0000e+00
        670     -0.190     3.7652   0.003630     0.0272    -0.0034 0.0000e+00
        671     -0.189     3.7650   0.003619     0.0271    -0.0035 0.0000e+00
        672     -0.190     3.7648   0.003607     0.0270    -0.0036 0.0000e+00
        673     -0.190     3.7645   0.003600     0.0269    -0.0036 0.0000e+00
        674     -0.190     3.7643   0.003608     0.0270    -0.0036 0.0000e+00
        675     -0.189     3.7641   0.003621     0.0271    -0.0035 0.0000e+00
        676     -0.188     3.7638   0.003630     0.0272    -0.0034 0.0000e+00
        677     -0.186     3.7636   0.003628     0.0272    -0.0034 0.0000e+00
        678     -0.183     3.7634   0.003621     0.0271    -0.0035 0.0000e+00
        679     -0.183     3.7632   0.003618     0.0271    -0.0035 0.0000e+00
        680     -0.185     3.7630   0.003621     0.0271    -0.0035 0.0000e+00
        681     -0.188     3.7628   0.003627     0.0272    -0.0034 0.0000e+00
        682     -0.192     3.7626   0.003628     0.0272    -0.0034 0.0000e+00
        683     -0.194     3.7624   0.003622     0.0271    -0.0035 0.0000e+00
        684     -0.195     3.7622   0.003612     0.0270    -0.0035 0.0000e+00
        685     -0.194     3.7621   0.003603     0.0270    -0.0036 0.0000e+00
        686     -0.192     3.7619   0.003600     0.0269    -0.0036 0.0000e+00
        687     -0.191     3.7617   0.003604     0.0270    -0.0036 0.0000e+00
        688     -0.190     3.7615   0.003614     0.0271    -0.0035 0.0000e+00
        689     -0.187     3.7613   0.003619     0.0271    -0.0035 0.0000e+00
        690     -0.185     3.7611   0.003616     0.0271    -0.0035 0.0000e+00
        691     -0.186     3.7609   0.003609     0.0270    -0.0036 0.0000e+00
        692     -0.189     3.7606   0.003609     0.0270    -0.0036 0.0000e+00
        693     -0.193     3.7604   0.003627     0.0272    -0.0035 0.0000e+00
        694     -0.195     3.7603   0.003655     0.0274    -0.0033 0.0000e+00
        695     -0.197     3.7601   0.003673     0.0275    -0.0032 0.0000e+00
        696     -0.198     3.7599   0.003673     0.0275    -0.0032 0.0000e+00
        697     -0.198     3.7599   0.003664     0.0274    -0.0032 0.0000e+00
        698     -0.197     3.7597   0.003660     0.0274    -0.0033 0.0000e+00
        699     -0.194     3.7595   0.003675     0.0275    -0.0032 0.0000e+00
        700     -0.190     3.7593   0.003697     0.0277    -0.0030 0.0000e+00
        701     -0.187     3.7592   0.003708     0.0278    -0.0030 0.0000e+00
        702     -0.187     3.7591   0.003702     0.0277    -0.0030 0.0000e+00
        703     -0.187     3.7589   0.003690     0.0276    -0.0031 0.0000e+00
        704     -0.190     3.7588   0.003689     0.0276    -0.0031 0.0000e+00
        705     -0.194     3.7586   0.003701     0.0277    -0.0030 0.0000e+00
        706     -0.193     3.7584   0.003712     0.0278    -0.0029 0.0000e+00
        707     -0.190     3.7584   0.003715     0.0278    -0.0029 0.0000e+00
        708     -0.189     3.7582   0.003706     0.0278    -0.0030 0.0000e+00
        709     -0.189     3.7580   0.003689     0.0276    -0.0031 0.0000e+00
        710     -0.190     3.7579   0.003677     0.0275    -0.0032 0.0000e+00
        711     -0.191     3.7577   0.003670     0.0275    -0.0032 0.0000e+00
        712     -0.191     3.7576   0.003667     0.0275    -0.0032 0.0000e+00
        713     -0.191     3.7576   0.003661     0.0274    -0.0033 0.0000e+00
        714     -0.193     3.7575   0.003654     0.0274    -0.0033 0.0000e+00
        715     -0.193     3.7573   0.003646     0.0273    -0.0033 0.0000e+00
        716     -0.190     3.7571   0.003639     0.0272    -0.0034 0.0000e+00
        717     -0.188     3.7569   0.003640     0.0273    -0.0034 0.0000e+00
        718     -0.187     3.7569   0.003654     0.0274    -0.0033 0.0000e+00
        719     -0.184     3.7567   0.003676     0.0275    -0.0032 0.0000e+00
        720     -0.182     3.7565   0.003696     0.0277    -0.0030 0.0000e+00
        721     -0.185     3.7564   0.003700     0.0277    -0.0030 0.0000e+00
        722     -0.189     3.7562   0.003689     0.0276    -0.0031 0.0000e+00
        723     -0.192     3.7560   0.003679     0.0276    -0.0031 0.0000e+00
        724     -0.195     3.7558   0.003683     0.0276    -0.0031 0.0000e+00
        725     -0.197     3.7557   0.003708     0.0278    -0.0030 0.0000e+00
        726     -0.196     3.7556   0.003730     0.0279    -0.0028 0.0000e+00
        727     -0.194     3.7554   0.003735     0.0280    -0.0028 0.0000e+00
        728     -0.192     3.7553   0.003722     0.0279    -0.0029 0.0000e+00
        729     -0.190     3.7551   0.003705     0.0278    -0.0030 0.0000e+00
        730     -0.187     3.7550   0.003696     0.0277    -0.0030 0.0000e+00
        731     -0.187     3.7548   0.003706     0.0278    -0.0030 0.0000e+00
        732     -0.191     3.7546   0.003721     0.0279    -0.0029 0.0000e+00
        733     -0.191     3.7545   0.003725     0.0279    -0.0029 0.0000e+00
        734     -0.188     3.7542   0.003711     0.0278    -0.0030 0.0000e+00
        735     -0.188     3.7540   0.003693     0.0277    -0.0031 0.0000e+00
        736     -0.191     3.7538   0.003689     0.0276    -0.0031 0.0000e+00
        737     -0.194     3.7536   0.003713     0.0278    -0.0029 0.0000e+00
        738     -0.195     3.7535   0.003741     0.0280    -0.0028 0.0000e+00
        739     -0.192     3.7533   0.003751     0.0281    -0.0027 0.0000e+00
        740     -0.189     3.7531   0.003742     0.0280    -0.0028 0.0000e+00
        741     -0.189     3.7530   0.003724     0.0279    -0.0029 0.0000e+00
        742     -0.191     3.7527   0.003711     0.0278    -0.0030 0.0000e+00
        743     -0.190     3.7525   0.003714     0.0278    -0.0029 0.0000e+00
        744     -0.190     3.7523   0.003733     0.0280    -0.0028 0.0000e+00
        745     -0.191     3.7522   0.003748     0.0281    -0.0027 0.0000e+00
        746     -0.193     3.7520   0.003748     0.0281    -0.0027 0.0000e+00
        747     -0.195     3.7517   0.003736     0.0280    -0.0028 0.0000e+00
        748     -0.195     3.7515   0.003718     0.0279    -0.0029 0.0000e+00
        749     -0.195     3.7512   0.003701     0.0277    -0.0030 0.0000e+00
        750     -0.197     3.7510   0.003696     0.0277    -0.0031 0.0000e+00
        751     -0.199     3.7508   0.003704     0.0277    -0.0030 0.0000e+00
        752     -0.198     3.7506   0.003714     0.0278    -0.0029 0.0000e+00
        753     -0.197     3.7504   0.003714     0.0278    -0.0029 0.0000e+00
        754     -0.196     3.7502   0.003702     0.0277    -0.0030 0.0000e+00
        755     -0.198     3.7500   0.003684     0.0276    -0.0031 0.0000e+00
        756     -0.202     3.7497   0.003668     0.0275    -0.0032 0.0000e+00
        757     -0.202     3.7494   0.003664     0.0274    -0.0033 0.0000e+00
        758     -0.198     3.7493   0.003671     0.0275    -0.0032 0.0000e+00
        759     -0.195     3.7491   0.003681     0.0276    -0.0032 0.0000e+00
        760     -0.196     3.7489   0.003681     0.0276    -0.0032 0.0000e+00
        761     -0.197     3.7487   0.003673     0.0275    -0.0032 0.0000e+00
        762     -0.198     3.7484   0.003661     0.0274    -0.0033 0.0000e+00
        763     -0.198     3.7481   0.003647     0.0273    -0.0034 0.0000e+00
        764     -0.198     3.7479   0.003641     0.0273    -0.0034 0.0000e+00
        765     -0.198     3.7477   0.003642     0.0273    -0.0034 0.0000e+00
        766     -0.201     3.7474   0.003644     0.0273    -0.0034 0.0000e+00
        767     -0.204     3.7472   0.003640     0.0273    -0.0034 0.0000e+00
        768     -0.204     3.7470   0.003632     0.0272    -0.0035 0.0000e+00
        769     -0.203     3.7466   0.003622     0.0271    -0.0035 0.0000e+00
        770     -0.202     3.7464   0.003618     0.0271    -0.0036 0.0000e+00
        771     -0.198     3.7461   0.003622     0.0271    -0.0035 0.0000e+00
        772     -0.194     3.7458   0.003631     0.0272    -0.0035 0.0000e+00
        773     -0.192     3.7456   0.003633     0.0272    -0.0035 0.0000e+00
        774     -0.192     3.7454   0.003628     0.0272    -0.0035 0.0000e+00
        775     -0.194     3.7451   0.003619     0.0271    -0.0036 0.0000e+00
        776     -0.196     3.7449   0.003617     0.0271    -0.0036 0.0000e+00
        777     -0.196     3.7446   0.003625     0.0271    -0.0035 0.0000e+00
        778     -0.195     3.7443   0.003636     0.0272    -0.0035 0.0000e+00
        779     -0.195     3.7442   0.003640     0.0273    -0.0034 0.0000e+00
        780     -0.194     3.7439   0.003632     0.0272    -0.0035 0.0000e+00
        781     -0.191     3.7436   0.003624     0.0271    -0.0035 0.0000e+00
        782     -0.189     3.7434   0.003623     0.0271    -0.0035 0.0000e+00
        783     -0.190     3.7432   0.003633     0.0272    -0.0035 0.0000e+00
        784     -0.190     3.7430   0.003643     0.0273    -0.0034 0.0000e+00
        785     -0.190     3.7428   0.003641     0.0273    -0.0034 0.0000e+00
        786     -0.191     3.7426   0.003631     0.0272    -0.0035 0.0000e+00
        787     -0.193     3.7423   0.003619     0.0271    -0.0036 0.0000e+00
        788     -0.198     3.7420   0.003614     0.0271    -0.0036 0.0000e+00
        789     -0.201     3.7417   0.003620     0.0271    -0.0036 0.0000e+00
        790     -0.200     3.7416   0.003630     0.0272    -0.0035 0.0000e+00
        791     -0.198     3.7414   0.003632     0.0272    -0.0035 0.0000e+00
        792     -0.197     3.7412   0.003624     0.0271    -0.0035 0.0000e+00
        793     -0.197     3.7409   0.003612     0.0270    -0.0036 0.0000e+00
        794     -0.199     3.7407   0.003604     0.0270    -0.0037 0.0000e+00
        795     -0.200     3.7405   0.003600     0.0270    -0.0037 0.0000e+00
        796     -0.199     3.7403   0.003600     0.0270    -0.0037 0.0000e+00
        797     -0.200     3.7401   0.003598     0.0269    -0.0037 0.0000e+00
        798     -0.200     3.7400   0.003594     0.0269    -0.0037 0.0000e+00
        799     -0.196     3.7397   0.003589     0.0269    -0.0038 0.0000e+00
        800     -0.196     3.7394   0.003584     0.0268    -0.0038 0.0000e+00
        801     -0.199     3.7393   0.003580     0.0268    -0.0038 0.0000e+00
        802     -0.201     3.7391   0.003576     0.0268    -0.0038 0.0000e+00
        803     -0.201     3.7390   0.003576     0.0268    -0.0038 0.0000e+00
        804     -0.197     3.7388   0.003575     0.0268    -0.0039 0.0000e+00
        805     -0.193     3.7386   0.003570     0.0267    -0.0039 0.0000e+00
        806     -0.192     3.7385   0.003567     0.0267    -0.0039 0.0000e+00
        807     -0.193     3.7383   0.003567     0.0267    -0.0039 0.0000e+00
        808     -0.196     3.7380   0.003569     0.0267    -0.0039 0.0000e+00
        809     -0.198     3.7378   0.003573     0.0267    -0.0039 0.0000e+00
        810     -0.198     3.7376   0.003573     0.0267    -0.0039 0.0000e+00
        811     -0.199     3.7374   0.003570     0.0267    -0.0039 0.0000e+00
        812     -0.200     3.7373   0.003565     0.0267    -0.0039 0.0000e+00
        813     -0.200     3.7371   0.003564     0.0267    -0.0039 0.0000e+00
        814     -0.200     3.7369   0.003565     0.0267    -0.0039 0.0000e+00
        815     -0.198     3.7367   0.003569     0.0267    -0.0039 0.0000e+00
        816     -0.195     3.7367   0.003571     0.0267    -0.0039 0.0000e+00
        817     -0.193     3.7365   0.003570     0.0267    -0.0039 0.0000e+00
        818     -0.191     3.7363   0.003567     0.0267    -0.0039 0.0000e+00
        819     -0.191     3.7361   0.003562     0.0267    -0.0039 0.0000e+00
        820     -0.192     3.7359   0.003558     0.0266    -0.0040 0.0000e+00
