Datasets/Test_Dataset_39219_tow/tel219_2021_018.cnv
* Sea-Bird SBE19plus Data File:
* Filename = C:/AQUIRE/tel219_2021_018.hex
* Software Version AquireV2 AF V2.0
* Temperature SN =  4020
* Conductivity SN =  4020
* System UpLoad Time = May 07 2021 19:44:13
** VESSEL/TRIP/SEQ STN: tel219_2021_018
** LATITUDE: 46 56.78 N
** LONGITUDE: 56 47.44 W
** DATE/TIME: 2021-05-07 18:39
** SOUNDING DEPTH (M): 0109
** PROBE TYPE: S4020
** CTD NUMBER:  18
** FORMAT: t
** COMMENTS: 
# nquan = 7                                 
# nvalues = 3979                        
# units = specified
# name 0 = scan: Scan Count
# name 1 = prdM: Pressure, Strain Gauge [db]
# name 2 = tv290C: Temperature [ITS-90, deg C]
# name 3 = c0S/m: Conductivity [S/m]
# name 4 = sal00: Salinity, Practical [PSU]
# name 5 = sigma-t00: Density [sigma-t, kg/m^3 ]
# name 6 = flag: flag
# span 0 =          1,       3979       
# span 1 =     -0.137,    106.555       
# span 2 =     1.4470,     4.5854       
# span 3 =   0.004914,   2.961283       
# span 4 =     0.0366,    32.2539       
# span 5 =     0.0024,    25.7936       
# span 6 = 0.0000e+00, 0.0000e+00       
# interval = seconds: 1
# start_time = May 07 2021 18:39:02 [Instrument's time stamp, header]
# bad_flag = -9.990e-29
*END*
[from data line 1847]
       1848    104.093     1.6250   2.830153    32.2282    25.7776 0.0000e+00
       1849    104.096     1.6236   2.829983    32.2275    25.7771 0.0000e+00
       1850    104.100     1.6218   2.829755    32.2265    25.7764 0.0000e+00
       1851    104.085     1.6203   2.829583    32.2259    25.7760 0.0000e+00
       1852    104.056     1.6191   2.829479    32.2258    25.7760 0.0000e+00
       1853    104.027     1.6177   2.829345    32.2256    25.7759 0.0000e+00
       1854    104.008     1.6147   2.828966    32.2239    25.7748 0.0000e+00
       1855    104.000     1.6105   2.828485    32.2222    25.7737 0.0000e+00
       1856    103.994     1.6079   2.828294    32.2224    25.7741 0.0000e+00
       1857    103.984     1.6069   2.828165    32.2219    25.7737 0.0000e+00
       1858    103.984     1.6079   2.828236    32.2217    25.7735 0.0000e+00
       1859    103.999     1.6107   2.828657    32.2241    25.7752 0.0000e+00
       1860    104.018     1.6124   2.828797    32.2241    25.7751 0.0000e+00
       1861    104.034     1.6115   2.828615    32.2228    25.7741 0.0000e+00
       1862    104.041     1.6086   2.828310    32.2219    25.7736 0.0000e+00
       1863    104.033     1.6058   2.827960    32.2204    25.7726 0.0000e+00
       1864    104.012     1.6055   2.827923    32.2202    25.7725 0.0000e+00
       1865    103.995     1.6075   2.828183    32.2215    25.7733 0.0000e+00
       1866    103.993     1.6098   2.828463    32.2226    25.7741 0.0000e+00
       1867    104.010     1.6116   2.828648    32.2231    25.7744 0.0000e+00
       1868    104.037     1.6122   2.828717    32.2233    25.7745 0.0000e+00
       1869    104.054     1.6105   2.828538    32.2228    25.7742 0.0000e+00
       1870    104.051     1.6067   2.828023    32.2202    25.7724 0.0000e+00
       1871    104.031     1.6030   2.827570    32.2183    25.7711 0.0000e+00
       1872    104.010     1.6029   2.827648    32.2194    25.7720 0.0000e+00
       1873    104.003     1.6063   2.828101    32.2217    25.7735 0.0000e+00
       1874    104.009     1.6096   2.828447    32.2226    25.7741 0.0000e+00
       1875    104.023     1.6110   2.828553    32.2225    25.7739 0.0000e+00
       1876    104.040     1.6114   2.828577    32.2224    25.7738 0.0000e+00
       1877    104.055     1.6117   2.828610    32.2225    25.7739 0.0000e+00
       1878    104.062     1.6118   2.828641    32.2228    25.7741 0.0000e+00
       1879    104.058     1.6115   2.828631    32.2230    25.7742 0.0000e+00
       1880    104.048     1.6109   2.828560    32.2227    25.7741 0.0000e+00
       1881    104.042     1.6099   2.828386    32.2215    25.7732 0.0000e+00
       1882    104.043     1.6090   2.828262    32.2209    25.7728 0.0000e+00
       1883    104.041     1.6090   2.828315    32.2216    25.7733 0.0000e+00
       1884    104.024     1.6092   2.828339    32.2217    25.7734 0.0000e+00
       1885    103.996     1.6084   2.828237    32.2212    25.7731 0.0000e+00
       1886    103.978     1.6064   2.827971    32.2199    25.7722 0.0000e+00
       1887    103.985     1.6049   2.827788    32.2192    25.7716 0.0000e+00
       1888    104.007     1.6060   2.828021    32.2210    25.7730 0.0000e+00
       1889    104.017     1.6082   2.828270    32.2218    25.7736 0.0000e+00
       1890    104.007     1.6094   2.828335    32.2214    25.7732 0.0000e+00
       1891    103.991     1.6101   2.828406    32.2216    25.7733 0.0000e+00
       1892    103.985     1.6107   2.828464    32.2217    25.7733 0.0000e+00
       1893    103.993     1.6111   2.828522    32.2220    25.7735 0.0000e+00
       1894    104.000     1.6115   2.828582    32.2224    25.7738 0.0000e+00
       1895    103.992     1.6117   2.828591    32.2223    25.7737 0.0000e+00
       1896    103.966     1.6116   2.828564    32.2221    25.7735 0.0000e+00
       1897    103.939     1.6113   2.828525    32.2219    25.7734 0.0000e+00
       1898    103.929     1.6107   2.828468    32.2218    25.7734 0.0000e+00
       1899    103.943     1.6097   2.828343    32.2212    25.7730 0.0000e+00
       1900    103.962     1.6083   2.828190    32.2207    25.7727 0.0000e+00
       1901    103.957     1.6072   2.828099    32.2207    25.7727 0.0000e+00
       1902    103.928     1.6066   2.828044    32.2207    25.7727 0.0000e+00
       1903    103.896     1.6063   2.827998    32.2204    25.7726 0.0000e+00
       1904    103.876     1.6058   2.827931    32.2201    25.7723 0.0000e+00
       1905    103.875     1.6048   2.827811    32.2196    25.7720 0.0000e+00
       1906    103.892     1.6042   2.827738    32.2193    25.7718 0.0000e+00
       1907    103.909     1.6043   2.827765    32.2195    25.7720 0.0000e+00
       1908    103.911     1.6039   2.827744    32.2197    25.7721 0.0000e+00
       1909    103.900     1.6025   2.827556    32.2188    25.7715 0.0000e+00
       1910    103.889     1.6018   2.827447    32.2181    25.7710 0.0000e+00
       1911    103.896     1.6027   2.827596    32.2191    25.7717 0.0000e+00
       1912    103.922     1.6035   2.827679    32.2193    25.7718 0.0000e+00
       1913    103.946     1.6035   2.827644    32.2188    25.7715 0.0000e+00
       1914    103.947     1.6043   2.827753    32.2194    25.7718 0.0000e+00
       1915    103.928     1.6057   2.827904    32.2198    25.7721 0.0000e+00
       1916    103.914     1.6066   2.827982    32.2199    25.7721 0.0000e+00
       1917    103.923     1.6069   2.828006    32.2199    25.7721 0.0000e+00
       1918    103.954     1.6069   2.827993    32.2197    25.7719 0.0000e+00
       1919    103.991     1.6069   2.827996    32.2197    25.7720 0.0000e+00
       1920    104.018     1.6067   2.827974    32.2196    25.7719 0.0000e+00
       1921    104.030     1.6063   2.827908    32.2192    25.7716 0.0000e+00
       1922    104.034     1.6057   2.827848    32.2191    25.7715 0.0000e+00
       1923    104.041     1.6052   2.827796    32.2189    25.7714 0.0000e+00
       1924    104.056     1.6049   2.827770    32.2189    25.7714 0.0000e+00
       1925    104.074     1.6048   2.827774    32.2190    25.7716 0.0000e+00
       1926    104.091     1.6045   2.827737    32.2189    25.7714 0.0000e+00
       1927    104.106     1.6039   2.827651    32.2184    25.7711 0.0000e+00
       1928    104.118     1.6029   2.827553    32.2182    25.7710 0.0000e+00
       1929    104.128     1.6010   2.827351    32.2176    25.7706 0.0000e+00
       1930    104.136     1.5980   2.826973    32.2159    25.7695 0.0000e+00
       1931    104.142     1.5970   2.826858    32.2155    25.7692 0.0000e+00
       1932    104.150     1.5991   2.827195    32.2176    25.7707 0.0000e+00
       1933    104.157     1.6014   2.827453    32.2184    25.7713 0.0000e+00
       1934    104.163     1.6021   2.827467    32.2179    25.7708 0.0000e+00
       1935    104.178     1.6019   2.827405    32.2173    25.7704 0.0000e+00
       1936    104.196     1.6011   2.827316    32.2170    25.7702 0.0000e+00
       1937    104.197     1.5999   2.827193    32.2167    25.7700 0.0000e+00
       1938    104.177     1.5989   2.827079    32.2163    25.7697 0.0000e+00
       1939    104.150     1.5989   2.827099    32.2166    25.7700 0.0000e+00
       1940    104.138     1.5993   2.827144    32.2167    25.7701 0.0000e+00
       1941    104.150     1.5983   2.827006    32.2160    25.7696 0.0000e+00
       1942    104.172     1.5964   2.826742    32.2146    25.7686 0.0000e+00
       1943    104.183     1.5956   2.826659    32.2144    25.7684 0.0000e+00
       1944    104.175     1.5966   2.826827    32.2155    25.7692 0.0000e+00
       1945    104.162     1.5977   2.826945    32.2158    25.7695 0.0000e+00
       1946    104.166     1.5977   2.826925    32.2156    25.7693 0.0000e+00
       1947    104.186     1.5971   2.826866    32.2155    25.7692 0.0000e+00
       1948    104.203     1.5962   2.826747    32.2149    25.7688 0.0000e+00
       1949    104.203     1.5950   2.826606    32.2143    25.7684 0.0000e+00
       1950    104.191     1.5938   2.826472    32.2139    25.7681 0.0000e+00
       1951    104.177     1.5922   2.826287    32.2132    25.7677 0.0000e+00
       1952    104.171     1.5907   2.826116    32.2126    25.7673 0.0000e+00
       1953    104.182     1.5899   2.826021    32.2122    25.7671 0.0000e+00
       1954    104.209     1.5896   2.825980    32.2120    25.7669 0.0000e+00
       1955    104.232     1.5892   2.825957    32.2121    25.7670 0.0000e+00
       1956    104.237     1.5887   2.825910    32.2120    25.7670 0.0000e+00
       1957    104.226     1.5880   2.825830    32.2117    25.7668 0.0000e+00
       1958    104.212     1.5871   2.825742    32.2115    25.7667 0.0000e+00
       1959    104.208     1.5863   2.825653    32.2112    25.7665 0.0000e+00
       1960    104.218     1.5856   2.825565    32.2109    25.7663 0.0000e+00
       1961    104.234     1.5849   2.825492    32.2106    25.7661 0.0000e+00
       1962    104.246     1.5840   2.825403    32.2104    25.7660 0.0000e+00
       1963    104.250     1.5839   2.825386    32.2103    25.7660 0.0000e+00
       1964    104.242     1.5854   2.825544    32.2108    25.7662 0.0000e+00
       1965    104.225     1.5869   2.825682    32.2110    25.7663 0.0000e+00
       1966    104.200     1.5868   2.825642    32.2106    25.7660 0.0000e+00
       1967    104.172     1.5858   2.825520    32.2101    25.7657 0.0000e+00
       1968    104.155     1.5846   2.825374    32.2095    25.7653 0.0000e+00
       1969    104.159     1.5832   2.825237    32.2092    25.7651 0.0000e+00
       1970    104.177     1.5814   2.825067    32.2089    25.7650 0.0000e+00
       1971    104.186     1.5794   2.824855    32.2083    25.7646 0.0000e+00
       1972    104.177     1.5781   2.824718    32.2079    25.7644 0.0000e+00
       1973    104.163     1.5780   2.824716    32.2080    25.7645 0.0000e+00
       1974    104.158     1.5791   2.824847    32.2085    25.7648 0.0000e+00
       1975    104.161     1.5804   2.824981    32.2089    25.7650 0.0000e+00
       1976    104.160     1.5809   2.825013    32.2088    25.7649 0.0000e+00
       1977    104.154     1.5805   2.824969    32.2086    25.7648 0.0000e+00
       1978    104.156     1.5803   2.824949    32.2086    25.7648 0.0000e+00
       1979    104.169     1.5805   2.824980    32.2087    25.7649 0.0000e+00
       1980    104.181     1.5803   2.824940    32.2084    25.7647 0.0000e+00
       1981    104.178     1.5797   2.824846    32.2079    25.7643 0.0000e+00
       1982    104.163     1.5791   2.824792    32.2078    25.7643 0.0000e+00
       1983    104.150     1.5791   2.824771    32.2076    25.7641 0.0000e+00
       1984    104.152     1.5793   2.824794    32.2076    25.7641 0.0000e+00
       1985    104.164     1.5794   2.824805    32.2077    25.7641 0.0000e+00
       1986    104.169     1.5791   2.824756    32.2074    25.7639 0.0000e+00
       1987    104.163     1.5786   2.824711    32.2073    25.7639 0.0000e+00
       1988    104.152     1.5782   2.824664    32.2071    25.7638 0.0000e+00
       1989    104.145     1.5777   2.824595    32.2068    25.7635 0.0000e+00
       1990    104.142     1.5768   2.824500    32.2065    25.7634 0.0000e+00
       1991    104.132     1.5757   2.824390    32.2063    25.7632 0.0000e+00
       1992    104.120     1.5745   2.824267    32.2060    25.7631 0.0000e+00
       1993    104.122     1.5733   2.824118    32.2053    25.7626 0.0000e+00
       1994    104.139     1.5720   2.823970    32.2048    25.7623 0.0000e+00
       1995    104.152     1.5711   2.823870    32.2044    25.7621 0.0000e+00
       1996    104.146     1.5708   2.823861    32.2046    25.7623 0.0000e+00
       1997    104.130     1.5712   2.823923    32.2050    25.7625 0.0000e+00
       1998    104.120     1.5717   2.823967    32.2050    25.7625 0.0000e+00
       1999    104.120     1.5718   2.823954    32.2048    25.7623 0.0000e+00
       2000    104.131     1.5720   2.823977    32.2049    25.7624 0.0000e+00
       2001    104.147     1.5725   2.824060    32.2054    25.7628 0.0000e+00
       2002    104.161     1.5730   2.824094    32.2053    25.7626 0.0000e+00
       2003    104.171     1.5728   2.824046    32.2049    25.7623 0.0000e+00
       2004    104.169     1.5722   2.823965    32.2045    25.7620 0.0000e+00
       2005    104.150     1.5714   2.823889    32.2044    25.7620 0.0000e+00
       2006    104.126     1.5708   2.823836    32.2043    25.7620 0.0000e+00
       2007    104.108     1.5701   2.823762    32.2041    25.7619 0.0000e+00
       2008    104.104     1.5693   2.823666    32.2037    25.7616 0.0000e+00
       2009    104.117     1.5687   2.823611    32.2036    25.7616 0.0000e+00
       2010    104.139     1.5688   2.823617    32.2036    25.7616 0.0000e+00
       2011    104.151     1.5692   2.823661    32.2037    25.7617 0.0000e+00
       2012    104.137     1.5693   2.823675    32.2038    25.7617 0.0000e+00
       2013    104.103     1.5688   2.823617    32.2036    25.7616 0.0000e+00
       2014    104.073     1.5679   2.823491    32.2030    25.7611 0.0000e+00
       2015    104.065     1.5667   2.823366    32.2026    25.7609 0.0000e+00
       2016    104.076     1.5662   2.823351    32.2030    25.7612 0.0000e+00
       2017    104.087     1.5654   2.823268    32.2027    25.7611 0.0000e+00
       2018    104.089     1.5640   2.823054    32.2015    25.7602 0.0000e+00
       2019    104.090     1.5640   2.823063    32.2016    25.7603 0.0000e+00
       2020    104.095     1.5656   2.823300    32.2029    25.7612 0.0000e+00
       2021    104.100     1.5665   2.823391    32.2031    25.7613 0.0000e+00
       2022    104.101     1.5663   2.823342    32.2027    25.7610 0.0000e+00
       2023    104.100     1.5659   2.823295    32.2025    25.7609 0.0000e+00
       2024    104.101     1.5651   2.823192    32.2021    25.7606 0.0000e+00
       2025    104.099     1.5640   2.823052    32.2014    25.7601 0.0000e+00
       2026    104.090     1.5630   2.822954    32.2012    25.7601 0.0000e+00
       2027    104.077     1.5625   2.822909    32.2012    25.7600 0.0000e+00
       2028    104.064     1.5623   2.822895    32.2012    25.7601 0.0000e+00
       2029    104.054     1.5622   2.822882    32.2012    25.7600 0.0000e+00
       2030    104.039     1.5617   2.822833    32.2011    25.7600 0.0000e+00
       2031    104.015     1.5603   2.822662    32.2004    25.7595 0.0000e+00
       2032    103.996     1.5575   2.822335    32.1991    25.7587 0.0000e+00
       2033    103.993     1.5545   2.821986    32.1978    25.7579 0.0000e+00
       2034    103.999     1.5537   2.821933    32.1980    25.7580 0.0000e+00
       2035    104.005     1.5551   2.822126    32.1989    25.7587 0.0000e+00
       2036    104.004     1.5564   2.822232    32.1989    25.7587 0.0000e+00
       2037    103.989     1.5577   2.822364    32.1993    25.7588 0.0000e+00
       2038    103.966     1.5589   2.822502    32.1998    25.7592 0.0000e+00
       2039    103.944     1.5592   2.822510    32.1996    25.7590 0.0000e+00
       2040    103.926     1.5589   2.822467    32.1994    25.7588 0.0000e+00
       2041    103.918     1.5584   2.822414    32.1992    25.7588 0.0000e+00
       2042    103.924     1.5577   2.822350    32.1991    25.7587 0.0000e+00
       2043    103.938     1.5570   2.822271    32.1989    25.7586 0.0000e+00
       2044    103.950     1.5566   2.822238    32.1988    25.7586 0.0000e+00
       2045    103.953     1.5561   2.822186    32.1987    25.7585 0.0000e+00
       2046    103.946     1.5547   2.821996    32.1978    25.7578 0.0000e+00
       2047    103.932     1.5534   2.821845    32.1972    25.7574 0.0000e+00
       2048    103.921     1.5532   2.821856    32.1975    25.7577 0.0000e+00
       2049    103.915     1.5532   2.821868    32.1977    25.7579 0.0000e+00
       2050    103.914     1.5530   2.821839    32.1975    25.7578 0.0000e+00
       2051    103.915     1.5533   2.821861    32.1975    25.7577 0.0000e+00
