Datasets/Test_Dataset_39219_tow/tel219_2021_061.cnv
* Sea-Bird SBE19plus Data File:
* Filename = C:/AQUIRE/tel219_2021_061.hex
* Software Version AquireV2 AF V2.0
* Temperature SN =  4020
* Conductivity SN =  4020
* System UpLoad Time = May 14 2021 14:37:52
** VESSEL/TRIP/SEQ STN: tel219_2021_061
** LATITUDE: 45 22.83 N
** LONGITUDE: 54 41.58 W
** DATE/TIME: 2021-05-14 14:03
** SOUNDING DEPTH (M): 0082
** PROBE TYPE: S4020
** CTD NUMBER: 061
** FORMAT: T
** COMMENTS: 
# nquan = 7                                 
# nvalues = 2137                        
# units = specified
# name 0 = scan: Scan Count
# name 1 = prdM: Pressure, Strain Gauge [db]
# name 2 = tv290C: Temperature [ITS-90, deg C]
# name 3 = c0S/m: Conductivity [S/m]
# name 4 = sal00: Salinity, Practical [PSU]
# name 5 = sigma-t00: Density [sigma-t, kg/m^3 ]
# name 6 = flag: flag
# span 0 =          1,       2137       
# span 1 =     -0.234,     80.904       
# span 2 =     0.4441,     7.0085       
# span 3 =   0.018318,   3.075492       
# span 4 =     0.1452,    32.8139       
# span 5 =     0.0753,    26.3175       
# span 6 = 0.0000e+00, 0.0000e+00       
# interval = seconds: 1
# start_time = May 14 2021 14:03:10 [Instrument's time stamp, header]
# bad_flag = -9.990e-29
*END*
[from data line 2052]
       2053     -0.027     3.6185   0.067039     0.5588     0.4248 0.0000e+00
       2054     -0.026     3.6199   0.072784     0.6088     0.4651 0.0000e+00
       2055     -0.024     3.6212   0.079898     0.6711     0.5152 0.0000e+00
       2056     -0.024     3.6225   0.081988     0.6894     0.5299 0.0000e+00
       2057     -0.024     3.6238   0.079084     0.6639     0.5094 0.0000e+00
       2058     -0.024     3.6251   0.073202     0.6124     0.4679 0.0000e+00
       2059     -0.022     3.6265   0.065987     0.5495     0.4173 0.0000e+00
       2060     -0.023     3.6277   0.059058     0.4894     0.3690 0.0000e+00
       2061     -0.026     3.6291   0.053853     0.4445     0.3328 0.0000e+00
       2062     -0.026     3.6304   0.054388     0.4491     0.3365 0.0000e+00
       2063     -0.026     3.6318   0.061295     0.5087     0.3845 0.0000e+00
       2064     -0.027     3.6330   0.066618     0.5549     0.4217 0.0000e+00
       2065     -0.029     3.6343   0.065723     0.5471     0.4154 0.0000e+00
       2066     -0.028     3.6356   0.061836     0.5133     0.3883 0.0000e+00
       2067     -0.024     3.6368   0.058225     0.4821     0.3631 0.0000e+00
       2068     -0.021     3.6381   0.057580     0.4765     0.3586 0.0000e+00
       2069     -0.022     3.6394   0.060913     0.5053     0.3818 0.0000e+00
       2070     -0.024     3.6406   0.064481     0.5362     0.4067 0.0000e+00
       2071     -0.025     3.6420   0.065375     0.5439     0.4129 0.0000e+00
       2072     -0.025     3.6433   0.065711     0.5468     0.4152 0.0000e+00
       2073     -0.025     3.6445   0.066421     0.5529     0.4202 0.0000e+00
       2074     -0.024     3.6457   0.065360     0.5437     0.4128 0.0000e+00
       2075     -0.024     3.6471   0.061480     0.5101     0.3857 0.0000e+00
       2076     -0.024     3.6483   0.057938     0.4795     0.3610 0.0000e+00
       2077     -0.026     3.6496   0.058415     0.4835     0.3643 0.0000e+00
       2078     -0.028     3.6509   0.060988     0.5058     0.3822 0.0000e+00
       2079     -0.028     3.6521   0.062635     0.5200     0.3937 0.0000e+00
       2080     -0.029     3.6535   0.061335     0.5087     0.3846 0.0000e+00
       2081     -0.029     3.6547   0.056989     0.4712     0.3544 0.0000e+00
       2082     -0.029     3.6561   0.053810     0.4438     0.3323 0.0000e+00
       2083     -0.030     3.6574   0.054450     0.4493     0.3368 0.0000e+00
       2084     -0.029     3.6586   0.057665     0.4769     0.3590 0.0000e+00
       2085     -0.029     3.6598   0.061490     0.5100     0.3856 0.0000e+00
       2086     -0.030     3.6610   0.063969     0.5314     0.4029 0.0000e+00
       2087     -0.030     3.6623   0.062595     0.5195     0.3933 0.0000e+00
       2088     -0.030     3.6636   0.056281     0.4650     0.3494 0.0000e+00
       2089     -0.030     3.6648   0.048705     0.3999     0.2970 0.0000e+00
       2090     -0.030     3.6661   0.047060     0.3859     0.2857 0.0000e+00
       2091     -0.032     3.6674   0.052114     0.4291     0.3205 0.0000e+00
       2092     -0.034     3.6687   0.057112     0.4720     0.3551 0.0000e+00
       2093     -0.033     3.6698   0.057077     0.4717     0.3549 0.0000e+00
       2094     -0.030     3.6710   0.051478     0.4236     0.3161 0.0000e+00
       2095     -0.030     3.6723   0.045494     0.3724     0.2749 0.0000e+00
       2096     -0.031     3.6736   0.044740     0.3660     0.2697 0.0000e+00
       2097     -0.032     3.6749   0.048128     0.3949     0.2930 0.0000e+00
       2098     -0.033     3.6761   0.051824     0.4265     0.3185 0.0000e+00
       2099     -0.037     3.6773   0.053498     0.4408     0.3300 0.0000e+00
       2100     -0.042     3.6787   0.052519     0.4324     0.3232 0.0000e+00
       2101     -0.045     3.6799   0.050317     0.4135     0.3080 0.0000e+00
       2102     -0.046     3.6812   0.048746     0.4001     0.2972 0.0000e+00
       2103     -0.043     3.6824   0.048876     0.4012     0.2981 0.0000e+00
       2104     -0.039     3.6837   0.051209     0.4211     0.3142 0.0000e+00
       2105     -0.037     3.6851   0.062616     0.5193     0.3932 0.0000e+00
       2106     -0.037     3.6866   0.080752     0.6772     0.5203 0.0000e+00
       2107     -0.037     3.6882   0.106688     0.9064     0.7045 0.0000e+00
       2108     -0.036     3.6899   0.138713     1.1937     0.9353 0.0000e+00
       2109     -0.036     3.6918   0.147044     1.2691     0.9959 0.0000e+00
       2110     -0.038     3.6943   0.137540     1.1829     0.9267 0.0000e+00
       2111     -0.040     3.6970   0.132914     1.1411     0.8931 0.0000e+00
       2112     -0.040     3.6999   0.136701     1.1752     0.9205 0.0000e+00
       2113     -0.039     3.7027   0.140670     1.2109     0.9492 0.0000e+00
       2114     -0.039     3.7050   0.129865     1.1133     0.8708 0.0000e+00
       2115     -0.039     3.7065   0.116467     0.9931     0.7742 0.0000e+00
       2116     -0.039     3.7073   0.110013     0.9354     0.7279 0.0000e+00
       2117     -0.040     3.7087   0.109916     0.9345     0.7272 0.0000e+00
       2118     -0.041     3.7110   0.114178     0.9725     0.7577 0.0000e+00
       2119     -0.044     3.7132   0.107855     0.9160     0.7124 0.0000e+00
       2120     -0.048     3.7150   0.091168     0.7682     0.5935 0.0000e+00
       2121     -0.048     3.7168   0.078222     0.6545     0.5021 0.0000e+00
       2122     -0.047     3.7186   0.072099     0.6010     0.4591 0.0000e+00
       2123     -0.047     3.7203   0.069203     0.5758     0.4388 0.0000e+00
       2124     -0.047     3.7221   0.067603     0.5619     0.4276 0.0000e+00
       2125     -0.046     3.7238   0.066545     0.5527     0.4202 0.0000e+00
       2126     -0.046     3.7255   0.065464     0.5433     0.4127 0.0000e+00
       2127     -0.047     3.7272   0.063980     0.5304     0.4023 0.0000e+00
       2128     -0.047     3.7289   0.062820     0.5204     0.3942 0.0000e+00
       2129     -0.047     3.7306   0.062263     0.5155     0.3903 0.0000e+00
       2130     -0.047     3.7322   0.061105     0.5055     0.3823 0.0000e+00
       2131     -0.047     3.7338   0.059321     0.4901     0.3699 0.0000e+00
       2132     -0.048     3.7354   0.057910     0.4779     0.3601 0.0000e+00
       2133     -0.049     3.7370   0.057008     0.4702     0.3538 0.0000e+00
       2134     -0.050     3.7386   0.056123     0.4625     0.3477 0.0000e+00
       2135     -0.051     3.7401   0.054826     0.4514     0.3387 0.0000e+00
       2136     -0.050     3.7413   0.053500     0.4400     0.3295 0.0000e+00
       2137     -0.050 -9.990e-29   0.052907 -9.990e-29 -9.990e-29 0.0000e+00
