Datasets/Test_Dataset_39219_tow/tel219_2021_008.cnv
* Sea-Bird SBE19plus Data File:
* Filename = C:/AQUIRE/tel219_2021_008.hex
* Software Version AquireV2 AF V2.0
* Temperature SN =  4020
* Conductivity SN =  4020
* System UpLoad Time = May 06 2021 15:49:32
** VESSEL/TRIP/SEQ STN: tel219_2021_008
** LATITUDE: 45 56.30 N
** LONGITUDE: 55 56.00 W
** DATE/TIME: 2021-05-06 15:14
** SOUNDING DEPTH (M): 0059
** PROBE TYPE: S4020
** CTD NUMBER: 008
** FORMAT: t
** COMMENTS: 
# nquan = 7                                 
# nvalues = 2065                        
# units = specified
# name 0 = scan: Scan Count
# name 1 = prdM: Pressure, Strain Gauge [db]
# name 2 = tv290C: Temperature [ITS-90, deg C]
# name 3 = c0S/m: Conductivity [S/m]
# name 4 = sal00: Salinity, Practical [PSU]
# name 5 = sigma-t00: Density [sigma-t, kg/m^3 ]
# name 6 = flag: flag
# span 0 =          1,       2065       
# span 1 =     -0.118,     55.448       
# span 2 =     1.9369,     4.2089       
# span 3 =   0.004624,   2.992923       
# span 4 =     0.0346,    32.1706       
# span 5 =     0.0027,    25.7003       
# span 6 = 0.0000e+00, 0.0000e+00       
# interval = seconds: 1
# start_time = May 06 2021 15:14:28 [Instrument's time stamp, header]
# bad_flag = -9.990e-29
*END*
[from data line 1436]
       1437     55.220     1.9371   2.846599    32.1422    25.6871 0.0000e+00
       1438     55.209     1.9371   2.846601    32.1423    25.6871 0.0000e+00
       1439     55.171     1.9371   2.846602    32.1423    25.6872 0.0000e+00
       1440     55.102     1.9370   2.846594    32.1424    25.6872 0.0000e+00
       1441     55.003     1.9369   2.846578    32.1423    25.6872 0.0000e+00
       1442     54.875     1.9373   2.846597    32.1422    25.6871 0.0000e+00
       1443     54.722     1.9385   2.846684    32.1422    25.6869 0.0000e+00
       1444     54.559     1.9394   2.846777    32.1425    25.6871 0.0000e+00
       1445     54.384     1.9400   2.846796    32.1422    25.6869 0.0000e+00
       1446     54.185     1.9411   2.846839    32.1417    25.6864 0.0000e+00
       1447     53.961     1.9449   2.847130    32.1416    25.6861 0.0000e+00
       1448     53.723     1.9524   2.847738    32.1417    25.6856 0.0000e+00
       1449     53.474     1.9622   2.848514    32.1415    25.6848 0.0000e+00
       1450     53.218     1.9712   2.849156    32.1405    25.6833 0.0000e+00
       1451     52.960     1.9772   2.849516    32.1391    25.6817 0.0000e+00
       1452     52.698     1.9813   2.849743    32.1379    25.6804 0.0000e+00
       1453     52.428     1.9851   2.849976    32.1370    25.6795 0.0000e+00
       1454     52.144     1.9887   2.850230    32.1367    25.6790 0.0000e+00
       1455     51.849     1.9921   2.850444    32.1361    25.6782 0.0000e+00
       1456     51.554     1.9974   2.850793    32.1352    25.6772 0.0000e+00
       1457     51.257     2.0058   2.851457    32.1351    25.6765 0.0000e+00
       1458     50.953     2.0153   2.852166    32.1344    25.6752 0.0000e+00
       1459     50.643     2.0224   2.852608    32.1329    25.6735 0.0000e+00
       1460     50.328     2.0262   2.852781    32.1313    25.6720 0.0000e+00
       1461     50.010     2.0289   2.852902    32.1303    25.6710 0.0000e+00
       1462     49.693     2.0331   2.853201    32.1299    25.6704 0.0000e+00
       1463     49.380     2.0391   2.853617    32.1292    25.6693 0.0000e+00
       1464     49.068     2.0460   2.854026    32.1274    25.6674 0.0000e+00
       1465     48.753     2.0544   2.854546    32.1255    25.6653 0.0000e+00
       1466     48.440     2.0648   2.855225    32.1236    25.6630 0.0000e+00
       1467     48.128     2.0764   2.856013    32.1218    25.6607 0.0000e+00
       1468     47.813     2.0869   2.856756    32.1205    25.6589 0.0000e+00
       1469     47.495     2.0945   2.857310    32.1199    25.6579 0.0000e+00
       1470     47.171     2.1011   2.857763    32.1190    25.6567 0.0000e+00
       1471     46.841     2.1097   2.858333    32.1175    25.6549 0.0000e+00
       1472     46.511     2.1198   2.859067    32.1166    25.6534 0.0000e+00
       1473     46.183     2.1287   2.859698    32.1155    25.6519 0.0000e+00
       1474     45.856     2.1353   2.860085    32.1138    25.6500 0.0000e+00
       1475     45.532     2.1419   2.860429    32.1116    25.6478 0.0000e+00
       1476     45.207     2.1536   2.861098    32.1082    25.6442 0.0000e+00
       1477     44.878     2.1807   2.862897    32.1032    25.6382 0.0000e+00
       1478     44.547     2.2336   2.866704    32.0970    25.6293 0.0000e+00
       1479     44.209     2.3110   2.872348    32.0888    25.6169 0.0000e+00
       1480     43.860     2.4027   2.878741    32.0753    25.5991 0.0000e+00
       1481     43.505     2.4989   2.885431    32.0609    25.5802 0.0000e+00
       1482     43.144     2.5879   2.891947    32.0516    25.5658 0.0000e+00
       1483     42.780     2.6515   2.896568    32.0446    25.5551 0.0000e+00
       1484     42.416     2.6832   2.898769    32.0399    25.5488 0.0000e+00
       1485     42.052     2.6963   2.899810    32.0397    25.5476 0.0000e+00
       1486     41.688     2.7060   2.900704    32.0411    25.5479 0.0000e+00
       1487     41.328     2.7178   2.901649    32.0410    25.5469 0.0000e+00
       1488     40.969     2.7306   2.902651    32.0406    25.5456 0.0000e+00
       1489     40.607     2.7409   2.903531    32.0412    25.5452 0.0000e+00
       1490     40.238     2.7486   2.903944    32.0388    25.5426 0.0000e+00
       1491     39.860     2.7558   2.904281    32.0359    25.5397 0.0000e+00
       1492     39.472     2.7665   2.905112    32.0355    25.5386 0.0000e+00
       1493     39.076     2.7860   2.906618    32.0346    25.5362 0.0000e+00
       1494     38.681     2.8189   2.909021    32.0312    25.5308 0.0000e+00
       1495     38.287     2.8630   2.912191    32.0259    25.5230 0.0000e+00
       1496     37.887     2.9108   2.915511    32.0188    25.5133 0.0000e+00
       1497     37.476     2.9557   2.918608    32.0118    25.5040 0.0000e+00
       1498     37.054     2.9941   2.921299    32.0064    25.4965 0.0000e+00
       1499     36.624     3.0230   2.923136    32.0001    25.4890 0.0000e+00
       1500     36.189     3.0425   2.924273    31.9947    25.4831 0.0000e+00
       1501     35.749     3.0564   2.925318    31.9938    25.4812 0.0000e+00
       1502     35.302     3.0674   2.926237    31.9942    25.4805 0.0000e+00
       1503     34.849     3.0765   2.926891    31.9933    25.4791 0.0000e+00
       1504     34.387     3.0840   2.927338    31.9915    25.4770 0.0000e+00
       1505     33.911     3.0897   2.927594    31.9892    25.4746 0.0000e+00
       1506     33.423     3.0938   2.927696    31.9866    25.4722 0.0000e+00
       1507     32.928     3.0970   2.927642    31.9830    25.4691 0.0000e+00
       1508     32.430     3.0995   2.927746    31.9821    25.4681 0.0000e+00
       1509     31.930     3.1022   2.928202    31.9852    25.4704 0.0000e+00
       1510     31.423     3.1046   2.928456    31.9861    25.4709 0.0000e+00
       1511     30.905     3.1061   2.928317    31.9832    25.4685 0.0000e+00
       1512     30.386     3.1022   2.927381    31.9761    25.4631 0.0000e+00
       1513     29.884     3.0898   2.925429    31.9651    25.4554 0.0000e+00
       1514     29.411     3.0799   2.924395    31.9627    25.4543 0.0000e+00
       1515     28.975     3.0837   2.924999    31.9664    25.4570 0.0000e+00
       1516     28.582     3.0950   2.925758    31.9646    25.4546 0.0000e+00
       1517     28.227     3.1063   2.926860    31.9669    25.4554 0.0000e+00
       1518     27.903     3.1180   2.928658    31.9771    25.4626 0.0000e+00
       1519     27.604     3.1300   2.930046    31.9821    25.4655 0.0000e+00
       1520     27.319     3.1403   2.930550    31.9781    25.4615 0.0000e+00
       1521     27.040     3.1469   2.930324    31.9690    25.4536 0.0000e+00
       1522     26.771     3.1517   2.930062    31.9612    25.4470 0.0000e+00
       1523     26.517     3.1563   2.930544    31.9626    25.4477 0.0000e+00
       1524     26.281     3.1601   2.931416    31.9695    25.4529 0.0000e+00
       1525     26.063     3.1571   2.930923    31.9666    25.4509 0.0000e+00
       1526     25.855     3.1409   2.928317    31.9514    25.4401 0.0000e+00
       1527     25.643     3.1205   2.926083    31.9448    25.4366 0.0000e+00
       1528     25.414     3.1178   2.926650    31.9544    25.4445 0.0000e+00
       1529     25.178     3.1379   2.929863    31.9733    25.4579 0.0000e+00
       1530     24.956     3.1645   2.933613    31.9923    25.4707 0.0000e+00
       1531     24.758     3.1829   2.935399    31.9956    25.4718 0.0000e+00
       1532     24.575     3.1902   2.934559    31.9784    25.4574 0.0000e+00
       1533     24.392     3.1875   2.932471    31.9560    25.4398 0.0000e+00
       1534     24.213     3.1732   2.930850    31.9508    25.4368 0.0000e+00
       1535     24.052     3.1525   2.930228    31.9639    25.4491 0.0000e+00
       1536     23.919     3.1370   2.930246    31.9795    25.4629 0.0000e+00
       1537     23.823     3.1327   2.930902    31.9917    25.4730 0.0000e+00
       1538     23.767     3.1386   2.931893    31.9978    25.4774 0.0000e+00
       1539     23.734     3.1471   2.932386    31.9954    25.4747 0.0000e+00
       1540     23.714     3.1513   2.932562    31.9933    25.4727 0.0000e+00
       1541     23.713     3.1530   2.932903    31.9958    25.4745 0.0000e+00
       1542     23.737     3.1561   2.933203    31.9963    25.4746 0.0000e+00
       1543     23.787     3.1586   2.933322    31.9952    25.4735 0.0000e+00
       1544     23.858     3.1581   2.933189    31.9941    25.4727 0.0000e+00
       1545     23.945     3.1545   2.932730    31.9921    25.4714 0.0000e+00
       1546     24.047     3.1493   2.932055    31.9890    25.4694 0.0000e+00
       1547     24.156     3.1445   2.931340    31.9851    25.4667 0.0000e+00
       1548     24.264     3.1413   2.930803    31.9818    25.4643 0.0000e+00
       1549     24.367     3.1389   2.930443    31.9798    25.4629 0.0000e+00
       1550     24.476     3.1356   2.930095    31.9788    25.4624 0.0000e+00
       1551     24.595     3.1319   2.929779    31.9786    25.4626 0.0000e+00
       1552     24.724     3.1288   2.929528    31.9786    25.4628 0.0000e+00
       1553     24.863     3.1258   2.929295    31.9786    25.4631 0.0000e+00
       1554     25.007     3.1227   2.929090    31.9792    25.4638 0.0000e+00
       1555     25.154     3.1200   2.928937    31.9799    25.4647 0.0000e+00
       1556     25.304     3.1180   2.928906    31.9815    25.4661 0.0000e+00
       1557     25.461     3.1163   2.929128    31.9857    25.4696 0.0000e+00
       1558     25.629     3.1125   2.929570    31.9947    25.4771 0.0000e+00
       1559     25.806     3.1050   2.930012    32.0074    25.4879 0.0000e+00
       1560     25.987     3.0968   2.930205    32.0178    25.4969 0.0000e+00
       1561     26.168     3.0931   2.929957    32.0184    25.4976 0.0000e+00
       1562     26.329     3.0980   2.929481    32.0077    25.4887 0.0000e+00
       1563     26.462     3.1094   2.929243    31.9934    25.4764 0.0000e+00
       1564     26.581     3.1156   2.929337    31.9884    25.4718 0.0000e+00
       1565     26.707     3.1102   2.929643    31.9973    25.4794 0.0000e+00
       1566     26.845     3.1000   2.929918    32.0107    25.4909 0.0000e+00
       1567     26.980     3.0930   2.929886    32.0172    25.4967 0.0000e+00
       1568     27.103     3.0934   2.929630    32.0137    25.4938 0.0000e+00
       1569     27.213     3.1060   2.929519    31.9997    25.4817 0.0000e+00
       1570     27.313     3.1299   2.929780    31.9791    25.4632 0.0000e+00
       1571     27.409     3.1507   2.930117    31.9625    25.4482 0.0000e+00
       1572     27.515     3.1578   2.930129    31.9556    25.4420 0.0000e+00
       1573     27.635     3.1563   2.929947    31.9548    25.4415 0.0000e+00
       1574     27.759     3.1558   2.929941    31.9552    25.4419 0.0000e+00
       1575     27.877     3.1613   2.930506    31.9565    25.4424 0.0000e+00
       1576     27.979     3.1725   2.931866    31.9617    25.4456 0.0000e+00
       1577     28.061     3.1829   2.933325    31.9690    25.4505 0.0000e+00
       1578     28.128     3.1869   2.933765    31.9703    25.4512 0.0000e+00
       1579     28.188     3.1847   2.933105    31.9645    25.4468 0.0000e+00
       1580     28.245     3.1787   2.932270    31.9603    25.4440 0.0000e+00
       1581     28.286     3.1741   2.932392    31.9663    25.4492 0.0000e+00
       1582     28.292     3.1746   2.933701    31.9816    25.4613 0.0000e+00
       1583     28.263     3.1763   2.934373    31.9880    25.4663 0.0000e+00
       1584     28.209     3.1744   2.933649    31.9812    25.4610 0.0000e+00
       1585     28.132     3.1678   2.932879    31.9785    25.4594 0.0000e+00
       1586     28.036     3.1560   2.932426    31.9848    25.4654 0.0000e+00
       1587     27.928     3.1437   2.932473    31.9976    25.4767 0.0000e+00
       1588     27.816     3.1385   2.933092    32.0103    25.4873 0.0000e+00
       1589     27.702     3.1403   2.933592    32.0146    25.4905 0.0000e+00
       1590     27.576     3.1424   2.933625    32.0129    25.4891 0.0000e+00
       1591     27.433     3.1418   2.933412    32.0111    25.4876 0.0000e+00
       1592     27.269     3.1414   2.933328    32.0105    25.4872 0.0000e+00
       1593     27.077     3.1428   2.933463    32.0109    25.4874 0.0000e+00
       1594     26.863     3.1452   2.933848    32.0132    25.4891 0.0000e+00
       1595     26.656     3.1491   2.934397    32.0161    25.4910 0.0000e+00
       1596     26.471     3.1537   2.934791    32.0164    25.4908 0.0000e+00
       1597     26.302     3.1568   2.934928    32.0150    25.4895 0.0000e+00
       1598     26.147     3.1585   2.934973    32.0140    25.4885 0.0000e+00
       1599     26.006     3.1603   2.935017    32.0128    25.4874 0.0000e+00
       1600     25.873     3.1620   2.935016    32.0112    25.4860 0.0000e+00
       1601     25.744     3.1618   2.934954    32.0107    25.4856 0.0000e+00
       1602     25.617     3.1604   2.934870    32.0111    25.4861 0.0000e+00
       1603     25.489     3.1610   2.934798    32.0097    25.4849 0.0000e+00
       1604     25.348     3.1691   2.935206    32.0067    25.4818 0.0000e+00
       1605     25.189     3.1845   2.936294    32.0046    25.4788 0.0000e+00
       1606     25.008     3.1955   2.937059    32.0030    25.4766 0.0000e+00
       1607     24.800     3.1987   2.937183    32.0014    25.4750 0.0000e+00
       1608     24.573     3.2046   2.937524    31.9998    25.4732 0.0000e+00
       1609     24.346     3.2152   2.938254    31.9982    25.4710 0.0000e+00
       1610     24.126     3.2234   2.938633    31.9948    25.4676 0.0000e+00
       1611     23.913     3.2255   2.938203    31.9876    25.4617 0.0000e+00
       1612     23.706     3.2229   2.937551    31.9825    25.4578 0.0000e+00
       1613     23.496     3.2251   2.937874    31.9843    25.4591 0.0000e+00
       1614     23.265     3.2462   2.940440    31.9944    25.4653 0.0000e+00
       1615     23.006     3.2848   2.944610    32.0064    25.4715 0.0000e+00
       1616     22.709     3.3166   2.947308    32.0075    25.4695 0.0000e+00
       1617     22.374     3.3236   2.947694    32.0053    25.4672 0.0000e+00
       1618     22.005     3.3224   2.947821    32.0082    25.4696 0.0000e+00
       1619     21.566     3.3468   2.949506    32.0045    25.4645 0.0000e+00
       1620     21.041     3.3985   2.952767    31.9928    25.4506 0.0000e+00
       1621     20.478     3.4373   2.955269    31.9847    25.4407 0.0000e+00
       1622     19.895     3.4444   2.956262    31.9899    25.4442 0.0000e+00
       1623     19.271     3.4495   2.957804    32.0036    25.4546 0.0000e+00
       1624     18.590     3.4741   2.960640    32.0136    25.4603 0.0000e+00
       1625     17.853     3.5060   2.963424    32.0158    25.4592 0.0000e+00
       1626     17.084     3.5296   2.965298    32.0153    25.4566 0.0000e+00
       1627     16.319     3.5401   2.965978    32.0134    25.4542 0.0000e+00
       1628     15.585     3.5410   2.965872    32.0116    25.4527 0.0000e+00
       1629     14.911     3.5381   2.965915    32.0154    25.4559 0.0000e+00
       1630     14.315     3.5347   2.965607    32.0154    25.4562 0.0000e+00
       1631     13.782     3.5316   2.964674    32.0076    25.4503 0.0000e+00
       1632     13.297     3.5286   2.963671    31.9988    25.4436 0.0000e+00
       1633     12.866     3.5240   2.962975    31.9953    25.4412 0.0000e+00
       1634     12.487     3.5198   2.962779    31.9973    25.4432 0.0000e+00
       1635     12.125     3.5242   2.963492    32.0016    25.4463 0.0000e+00
       1636     11.755     3.5392   2.965273    32.0083    25.4502 0.0000e+00
       1637     11.389     3.5564   2.966852    32.0103    25.4503 0.0000e+00
       1638     11.059     3.5693   2.967459    32.0050    25.4449 0.0000e+00
       1639     10.769     3.5774   2.967552    31.9983    25.4388 0.0000e+00
       1640     10.500     3.5816   2.967678    31.9958    25.4364 0.0000e+00
       1641     10.237     3.5821   2.968068    32.0001    25.4398 0.0000e+00
