Datasets/Test_Dataset_39219_tow/tel219_2021_027.cnv
* Sea-Bird SBE19plus Data File:
* Filename = C:/AQUIRE/tel219_2021_027.hex
* Software Version AquireV2 AF V2.0
* Temperature SN =  4020
* Conductivity SN =  4020
* System UpLoad Time = May 08 2021 21:59:41
** VESSEL/TRIP/SEQ STN: tel219_2021_027
** LATITUDE: 46 02.70 N
** LONGITUDE: 56 54.74 W
** DATE/TIME: 2021-05-08 18:26
** SOUNDING DEPTH (M): 0067
** PROBE TYPE: S4020
** CTD NUMBER: 027
** FORMAT: T
** COMMENTS: 
# nquan = 7                                 
# nvalues = 12742                       
# units = specified
# name 0 = scan: Scan Count
# name 1 = prdM: Pressure, Strain Gauge [db]
# name 2 = tv290C: Temperature [ITS-90, deg C]
# name 3 = c0S/m: Conductivity [S/m]
# name 4 = sal00: Salinity, Practical [PSU]
# name 5 = sigma-t00: Density [sigma-t, kg/m^3 ]
# name 6 = flag: flag
# span 0 =          1,      12742       
# span 1 =     -0.299,     62.698       
# span 2 =     2.7885,     3.8600       
# span 3 =   0.005664,   2.988238       
# span 4 =     0.0430,    32.3548       
# span 5 =     0.0092,    25.7672       
# span 6 = 0.0000e+00, 0.0000e+00       
# interval = seconds: 1
# start_time = May 08 2021 18:26:55 [Instrument's time stamp, header]
# bad_flag = -9.990e-29
*END*
[from data line 2667]
       2668     -0.222     3.6464   0.016762     0.1322     0.0810 0.0000e+00
       2669     -0.221     3.6467   0.016781     0.1324     0.0811 0.0000e+00
       2670     -0.221     3.6471   0.016840     0.1328     0.0815 0.0000e+00
       2671     -0.223     3.6473   0.016892     0.1333     0.0818 0.0000e+00
       2672     -0.225     3.6470   0.016906     0.1334     0.0819 0.0000e+00
       2673     -0.223     3.6467   0.016840     0.1328     0.0815 0.0000e+00
       2674     -0.221     3.6467   0.016706     0.1317     0.0806 0.0000e+00
       2675     -0.222     3.6467   0.016611     0.1310     0.0800 0.0000e+00
       2676     -0.225     3.6467   0.016610     0.1310     0.0800 0.0000e+00
       2677     -0.225     3.6467   0.016638     0.1312     0.0802 0.0000e+00
       2678     -0.223     3.6466   0.016625     0.1311     0.0801 0.0000e+00
       2679     -0.222     3.6464   0.016565     0.1306     0.0797 0.0000e+00
       2680     -0.222     3.6464   0.016481     0.1299     0.0791 0.0000e+00
       2681     -0.222     3.6464   0.016408     0.1293     0.0786 0.0000e+00
       2682     -0.222     3.6463   0.016384     0.1291     0.0785 0.0000e+00
       2683     -0.226     3.6461   0.016400     0.1292     0.0786 0.0000e+00
       2684     -0.225     3.6460   0.016413     0.1294     0.0787 0.0000e+00
       2685     -0.218     3.6462   0.016372     0.1290     0.0784 0.0000e+00
       2686     -0.215     3.6464   0.016290     0.1283     0.0779 0.0000e+00
       2687     -0.216     3.6464   0.016251     0.1280     0.0776 0.0000e+00
       2688     -0.219     3.6464   0.016272     0.1282     0.0777 0.0000e+00
       2689     -0.219     3.6464   0.016276     0.1282     0.0778 0.0000e+00
       2690     -0.218     3.6463   0.016206     0.1277     0.0773 0.0000e+00
       2691     -0.218     3.6461   0.016119     0.1270     0.0767 0.0000e+00
       2692     -0.216     3.6460   0.016115     0.1269     0.0767 0.0000e+00
       2693     -0.213     3.6461   0.016172     0.1274     0.0771 0.0000e+00
       2694     -0.214     3.6463   0.016181     0.1275     0.0771 0.0000e+00
       2695     -0.217     3.6463   0.016114     0.1269     0.0767 0.0000e+00
       2696     -0.221     3.6461   0.016036     0.1263     0.0762 0.0000e+00
       2697     -0.224     3.6460   0.016004     0.1260     0.0760 0.0000e+00
       2698     -0.225     3.6460   0.016027     0.1262     0.0761 0.0000e+00
       2699     -0.224     3.6459   0.016060     0.1265     0.0763 0.0000e+00
       2700     -0.223     3.6459   0.016062     0.1265     0.0764 0.0000e+00
       2701     -0.223     3.6460   0.016026     0.1262     0.0761 0.0000e+00
       2702     -0.225     3.6460   0.015995     0.1259     0.0759 0.0000e+00
       2703     -0.226     3.6460   0.016008     0.1260     0.0760 0.0000e+00
       2704     -0.224     3.6460   0.016045     0.1264     0.0762 0.0000e+00
       2705     -0.223     3.6463   0.016066     0.1265     0.0764 0.0000e+00
       2706     -0.224     3.6468   0.016060     0.1265     0.0763 0.0000e+00
       2707     -0.224     3.6471   0.016037     0.1263     0.0762 0.0000e+00
       2708     -0.223     3.6471   0.016018     0.1261     0.0761 0.0000e+00
       2709     -0.222     3.6472   0.016017     0.1261     0.0761 0.0000e+00
       2710     -0.222     3.6475   0.016017     0.1261     0.0761 0.0000e+00
       2711     -0.220     3.6478   0.015997     0.1260     0.0759 0.0000e+00
       2712     -0.218     3.6479   0.015943     0.1255     0.0756 0.0000e+00
       2713     -0.219     3.6479   0.015887     0.1251     0.0752 0.0000e+00
       2714     -0.223     3.6479   0.015857     0.1248     0.0750 0.0000e+00
       2715     -0.226     3.6480   0.015842     0.1247     0.0749 0.0000e+00
       2716     -0.227     3.6482   0.015839     0.1247     0.0749 0.0000e+00
       2717     -0.227     3.6483   0.015854     0.1248     0.0750 0.0000e+00
       2718     -0.224     3.6483   0.015886     0.1250     0.0752 0.0000e+00
       2719     -0.222     3.6483   0.015909     0.1252     0.0754 0.0000e+00
       2720     -0.223     3.6481   0.015895     0.1251     0.0753 0.0000e+00
       2721     -0.224     3.6478   0.015841     0.1247     0.0749 0.0000e+00
       2722     -0.224     3.6476   0.015779     0.1242     0.0745 0.0000e+00
       2723     -0.223     3.6475   0.015733     0.1238     0.0742 0.0000e+00
       2724     -0.223     3.6475   0.015709     0.1236     0.0740 0.0000e+00
       2725     -0.225     3.6475   0.015695     0.1235     0.0739 0.0000e+00
       2726     -0.228     3.6477   0.015683     0.1234     0.0739 0.0000e+00
       2727     -0.230     3.6478   0.015683     0.1234     0.0739 0.0000e+00
       2728     -0.232     3.6478   0.015697     0.1235     0.0740 0.0000e+00
       2729     -0.232     3.6478   0.015701     0.1235     0.0740 0.0000e+00
       2730     -0.232     3.6479   0.015666     0.1233     0.0737 0.0000e+00
       2731     -0.233     3.6479   0.015631     0.1230     0.0735 0.0000e+00
       2732     -0.233     3.6480   0.015655     0.1232     0.0737 0.0000e+00
       2733     -0.232     3.6483   0.015722     0.1237     0.0741 0.0000e+00
       2734     -0.230     3.6486   0.015754     0.1240     0.0743 0.0000e+00
       2735     -0.227     3.6490   0.015708     0.1236     0.0740 0.0000e+00
       2736     -0.227     3.6495   0.015653     0.1231     0.0737 0.0000e+00
       2737     -0.229     3.6501   0.015678     0.1233     0.0738 0.0000e+00
       2738     -0.229     3.6505   0.015761     0.1240     0.0744 0.0000e+00
       2739     -0.228     3.6506   0.015800     0.1243     0.0746 0.0000e+00
       2740     -0.228     3.6507   0.015751     0.1239     0.0743 0.0000e+00
       2741     -0.227     3.6511   0.015653     0.1231     0.0737 0.0000e+00
       2742     -0.222     3.6513   0.015581     0.1225     0.0732 0.0000e+00
       2743     -0.218     3.6513   0.015591     0.1226     0.0733 0.0000e+00
       2744     -0.217     3.6513   0.015651     0.1231     0.0737 0.0000e+00
       2745     -0.219     3.6513   0.015682     0.1234     0.0739 0.0000e+00
       2746     -0.223     3.6516   0.015673     0.1233     0.0738 0.0000e+00
       2747     -0.226     3.6520   0.015717     0.1237     0.0741 0.0000e+00
       2748     -0.228     3.6525   0.015836     0.1246     0.0749 0.0000e+00
       2749     -0.229     3.6529   0.015932     0.1254     0.0755 0.0000e+00
       2750     -0.231     3.6531   0.015958     0.1256     0.0757 0.0000e+00
       2751     -0.232     3.6530   0.015946     0.1255     0.0756 0.0000e+00
       2752     -0.230     3.6528   0.015915     0.1253     0.0754 0.0000e+00
       2753     -0.228     3.6527   0.015849     0.1247     0.0750 0.0000e+00
       2754     -0.226     3.6525   0.015778     0.1242     0.0745 0.0000e+00
       2755     -0.225     3.6523   0.015757     0.1240     0.0744 0.0000e+00
       2756     -0.225     3.6521   0.015768     0.1241     0.0744 0.0000e+00
       2757     -0.225     3.6521   0.015752     0.1239     0.0743 0.0000e+00
       2758     -0.223     3.6521   0.015702     0.1235     0.0740 0.0000e+00
       2759     -0.222     3.6521   0.015663     0.1232     0.0737 0.0000e+00
       2760     -0.223     3.6521   0.015653     0.1231     0.0737 0.0000e+00
       2761     -0.224     3.6521   0.015655     0.1231     0.0737 0.0000e+00
       2762     -0.224     3.6520   0.015647     0.1231     0.0736 0.0000e+00
       2763     -0.224     3.6521   0.015614     0.1228     0.0734 0.0000e+00
       2764     -0.224     3.6522   0.015562     0.1224     0.0731 0.0000e+00
       2765     -0.223     3.6525   0.015530     0.1221     0.0729 0.0000e+00
       2766     -0.222     3.6528   0.015529     0.1221     0.0729 0.0000e+00
       2767     -0.221     3.6532   0.015540     0.1222     0.0729 0.0000e+00
       2768     -0.223     3.6533   0.015535     0.1222     0.0729 0.0000e+00
       2769     -0.228     3.6532   0.015491     0.1218     0.0726 0.0000e+00
       2770     -0.232     3.6532   0.015440     0.1214     0.0723 0.0000e+00
       2771     -0.233     3.6532   0.015440     0.1214     0.0723 0.0000e+00
       2772     -0.233     3.6532   0.015480     0.1217     0.0725 0.0000e+00
       2773     -0.234     3.6534   0.015514     0.1220     0.0728 0.0000e+00
       2774     -0.233     3.6533   0.015504     0.1219     0.0727 0.0000e+00
       2775     -0.230     3.6530   0.015461     0.1216     0.0724 0.0000e+00
       2776     -0.228     3.6528   0.015438     0.1214     0.0723 0.0000e+00
       2777     -0.226     3.6528   0.015419     0.1212     0.0721 0.0000e+00
       2778     -0.225     3.6526   0.015361     0.1208     0.0718 0.0000e+00
       2779     -0.225     3.6524   0.015285     0.1201     0.0713 0.0000e+00
       2780     -0.225     3.6524   0.015239     0.1198     0.0709 0.0000e+00
       2781     -0.223     3.6524   0.015226     0.1197     0.0709 0.0000e+00
       2782     -0.223     3.6522   0.015222     0.1196     0.0708 0.0000e+00
       2783     -0.224     3.6521   0.015219     0.1196     0.0708 0.0000e+00
       2784     -0.225     3.6524   0.015222     0.1196     0.0708 0.0000e+00
       2785     -0.226     3.6526   0.015223     0.1196     0.0708 0.0000e+00
       2786     -0.230     3.6528   0.015214     0.1196     0.0708 0.0000e+00
       2787     -0.233     3.6528   0.015194     0.1194     0.0707 0.0000e+00
       2788     -0.233     3.6528   0.015139     0.1189     0.0703 0.0000e+00
       2789     -0.228     3.6527   0.015086     0.1185     0.0699 0.0000e+00
       2790     -0.223     3.6529   0.015089     0.1185     0.0700 0.0000e+00
       2791     -0.223     3.6534   0.015107     0.1187     0.0701 0.0000e+00
       2792     -0.226     3.6535   0.015112     0.1187     0.0701 0.0000e+00
       2793     -0.227     3.6534   0.015122     0.1188     0.0702 0.0000e+00
       2794     -0.229     3.6534   0.015154     0.1191     0.0704 0.0000e+00
       2795     -0.231     3.6535   0.015182     0.1193     0.0706 0.0000e+00
       2796     -0.231     3.6535   0.015194     0.1194     0.0707 0.0000e+00
       2797     -0.229     3.6533   0.015202     0.1195     0.0707 0.0000e+00
       2798     -0.227     3.6530   0.015182     0.1193     0.0706 0.0000e+00
       2799     -0.227     3.6528   0.015115     0.1187     0.0701 0.0000e+00
       2800     -0.227     3.6525   0.015032     0.1181     0.0696 0.0000e+00
       2801     -0.227     3.6525   0.014972     0.1176     0.0692 0.0000e+00
       2802     -0.229     3.6527   0.014969     0.1176     0.0692 0.0000e+00
       2803     -0.233     3.6530   0.014988     0.1177     0.0693 0.0000e+00
       2804     -0.234     3.6532   0.014968     0.1176     0.0692 0.0000e+00
       2805     -0.234     3.6534   0.014923     0.1172     0.0689 0.0000e+00
       2806     -0.234     3.6535   0.014886     0.1169     0.0686 0.0000e+00
       2807     -0.232     3.6537   0.014863     0.1167     0.0685 0.0000e+00
       2808     -0.230     3.6540   0.014860     0.1167     0.0685 0.0000e+00
       2809     -0.230     3.6544   0.014866     0.1167     0.0685 0.0000e+00
       2810     -0.230     3.6547   0.014854     0.1166     0.0684 0.0000e+00
       2811     -0.229     3.6546   0.014823     0.1164     0.0682 0.0000e+00
       2812     -0.227     3.6543   0.014769     0.1159     0.0679 0.0000e+00
       2813     -0.225     3.6540   0.014715     0.1155     0.0675 0.0000e+00
       2814     -0.223     3.6538   0.014692     0.1153     0.0674 0.0000e+00
       2815     -0.221     3.6538   0.014692     0.1153     0.0674 0.0000e+00
       2816     -0.221     3.6539   0.014675     0.1152     0.0672 0.0000e+00
       2817     -0.225     3.6538   0.014631     0.1148     0.0670 0.0000e+00
       2818     -0.229     3.6534   0.014581     0.1144     0.0666 0.0000e+00
       2819     -0.230     3.6530   0.014534     0.1140     0.0663 0.0000e+00
       2820     -0.229     3.6528   0.014503     0.1138     0.0661 0.0000e+00
       2821     -0.230     3.6527   0.014500     0.1137     0.0661 0.0000e+00
       2822     -0.231     3.6525   0.014514     0.1139     0.0662 0.0000e+00
       2823     -0.232     3.6523   0.014513     0.1139     0.0662 0.0000e+00
       2824     -0.231     3.6521   0.014487     0.1136     0.0660 0.0000e+00
       2825     -0.231     3.6523   0.014449     0.1133     0.0658 0.0000e+00
       2826     -0.233     3.6523   0.014424     0.1131     0.0656 0.0000e+00
       2827     -0.234     3.6523   0.014417     0.1131     0.0655 0.0000e+00
       2828     -0.234     3.6522   0.014420     0.1131     0.0656 0.0000e+00
       2829     -0.234     3.6524   0.014419     0.1131     0.0656 0.0000e+00
       2830     -0.233     3.6527   0.014402     0.1130     0.0655 0.0000e+00
       2831     -0.233     3.6528   0.014378     0.1128     0.0653 0.0000e+00
       2832     -0.232     3.6527   0.014359     0.1126     0.0652 0.0000e+00
       2833     -0.230     3.6525   0.014338     0.1124     0.0650 0.0000e+00
       2834     -0.229     3.6523   0.014302     0.1121     0.0648 0.0000e+00
       2835     -0.230     3.6521   0.014264     0.1118     0.0645 0.0000e+00
       2836     -0.230     3.6521   0.014250     0.1117     0.0645 0.0000e+00
       2837     -0.230     3.6521   0.014240     0.1116     0.0644 0.0000e+00
       2838     -0.233     3.6520   0.014201     0.1113     0.0641 0.0000e+00
       2839     -0.236     3.6521   0.014153     0.1109     0.0638 0.0000e+00
       2840     -0.235     3.6525   0.014135     0.1108     0.0637 0.0000e+00
       2841     -0.233     3.6528   0.014156     0.1110     0.0638 0.0000e+00
       2842     -0.232     3.6532   0.014198     0.1113     0.0641 0.0000e+00
       2843     -0.230     3.6535   0.014228     0.1115     0.0643 0.0000e+00
       2844     -0.228     3.6535   0.014215     0.1114     0.0642 0.0000e+00
       2845     -0.226     3.6534   0.014184     0.1112     0.0640 0.0000e+00
       2846     -0.224     3.6535   0.014179     0.1111     0.0640 0.0000e+00
       2847     -0.221     3.6535   0.014185     0.1112     0.0640 0.0000e+00
       2848     -0.222     3.6533   0.014157     0.1110     0.0638 0.0000e+00
       2849     -0.227     3.6532   0.014106     0.1105     0.0635 0.0000e+00
       2850     -0.230     3.6532   0.014072     0.1103     0.0633 0.0000e+00
       2851     -0.231     3.6530   0.014076     0.1103     0.0633 0.0000e+00
       2852     -0.230     3.6528   0.014104     0.1105     0.0635 0.0000e+00
       2853     -0.230     3.6528   0.014102     0.1105     0.0635 0.0000e+00
       2854     -0.231     3.6528   0.014055     0.1101     0.0632 0.0000e+00
       2855     -0.230     3.6527   0.013997     0.1097     0.0628 0.0000e+00
       2856     -0.229     3.6527   0.013954     0.1093     0.0625 0.0000e+00
       2857     -0.229     3.6527   0.013942     0.1092     0.0624 0.0000e+00
       2858     -0.228     3.6526   0.013954     0.1093     0.0625 0.0000e+00
       2859     -0.229     3.6524   0.013964     0.1094     0.0626 0.0000e+00
       2860     -0.230     3.6521   0.013957     0.1093     0.0625 0.0000e+00
       2861     -0.229     3.6519   0.013945     0.1092     0.0625 0.0000e+00
       2862     -0.227     3.6517   0.013950     0.1093     0.0625 0.0000e+00
       2863     -0.227     3.6518   0.013960     0.1094     0.0625 0.0000e+00
       2864     -0.227     3.6521   0.013965     0.1094     0.0626 0.0000e+00
       2865     -0.229     3.6528   0.013965     0.1094     0.0626 0.0000e+00
       2866     -0.230     3.6534   0.013972     0.1095     0.0626 0.0000e+00
       2867     -0.229     3.6536   0.013958     0.1093     0.0625 0.0000e+00
       2868     -0.228     3.6536   0.013908     0.1089     0.0622 0.0000e+00
       2869     -0.229     3.6535   0.013862     0.1086     0.0619 0.0000e+00
       2870     -0.230     3.6533   0.013831     0.1083     0.0617 0.0000e+00
       2871     -0.231     3.6532   0.013818     0.1082     0.0616 0.0000e+00
