Datasets/Test_Dataset_39219_tow/tel219_2021_080.cnv
* Sea-Bird SBE19plus Data File:
* Filename = C:/AQUIRE/tel219_2021_080.hex
* Software Version AquireV2 AF V2.0
* Temperature SN =  4020
* Conductivity SN =  4020
* System UpLoad Time = May 16 2021 12:27:46
** VESSEL/TRIP/SEQ STN: tel219_2021_080
** LATITUDE: 45 48.49 N
** LONGITUDE: 56 14.56 W
** DATE/TIME: 2021-05-16 11:52
** SOUNDING DEPTH (M): 0054
** PROBE TYPE: S4020
** CTD NUMBER:  80
** FORMAT: T
** COMMENTS: 
# nquan = 7                                 
# nvalues = 2174                        
# units = specified
# name 0 = scan: Scan Count
# name 1 = prdM: Pressure, Strain Gauge [db]
# name 2 = tv290C: Temperature [ITS-90, deg C]
# name 3 = c0S/m: Conductivity [S/m]
# name 4 = sal00: Salinity, Practical [PSU]
# name 5 = sigma-t00: Density [sigma-t, kg/m^3 ]
# name 6 = flag: flag
# span 0 =          1,       2174       
# span 1 =     -0.001,     51.652       
# span 2 =     3.6295,     5.2634       
# span 3 =   0.008625,   3.067058       
# span 4 =     0.0640,    32.3559       
# span 5 =     0.0135,    25.7138       
# span 6 = 0.0000e+00, 0.0000e+00       
# interval = seconds: 1
# start_time = May 16 2021 11:52:35 [Instrument's time stamp, header]
# bad_flag = -9.990e-29
*END*
[from data line 1436]
       1437     51.307     3.6334   3.000438    32.3135    25.6845 0.0000e+00
       1438     51.294     3.6336   3.000440    32.3133    25.6844 0.0000e+00
       1439     51.290     3.6336   3.000433    32.3133    25.6843 0.0000e+00
       1440     51.298     3.6335   3.000427    32.3133    25.6843 0.0000e+00
       1441     51.308     3.6336   3.000431    32.3132    25.6843 0.0000e+00
       1442     51.311     3.6337   3.000428    32.3131    25.6842 0.0000e+00
       1443     51.310     3.6336   3.000419    32.3131    25.6842 0.0000e+00
       1444     51.319     3.6334   3.000413    32.3132    25.6843 0.0000e+00
       1445     51.338     3.6334   3.000413    32.3132    25.6843 0.0000e+00
       1446     51.355     3.6334   3.000414    32.3132    25.6843 0.0000e+00
       1447     51.358     3.6334   3.000417    32.3132    25.6843 0.0000e+00
       1448     51.341     3.6334   3.000421    32.3133    25.6843 0.0000e+00
       1449     51.313     3.6334   3.000417    32.3133    25.6843 0.0000e+00
       1450     51.296     3.6334   3.000412    32.3132    25.6843 0.0000e+00
       1451     51.299     3.6336   3.000412    32.3130    25.6841 0.0000e+00
       1452     51.311     3.6336   3.000412    32.3130    25.6841 0.0000e+00
       1453     51.318     3.6337   3.000416    32.3129    25.6840 0.0000e+00
       1454     51.320     3.6338   3.000423    32.3129    25.6840 0.0000e+00
       1455     51.327     3.6340   3.000431    32.3128    25.6839 0.0000e+00
       1456     51.345     3.6341   3.000434    32.3127    25.6838 0.0000e+00
       1457     51.365     3.6341   3.000431    32.3127    25.6838 0.0000e+00
       1458     51.373     3.6341   3.000425    32.3126    25.6837 0.0000e+00
       1459     51.367     3.6340   3.000420    32.3127    25.6838 0.0000e+00
       1460     51.361     3.6338   3.000422    32.3129    25.6840 0.0000e+00
       1461     51.365     3.6338   3.000426    32.3129    25.6840 0.0000e+00
       1462     51.375     3.6338   3.000430    32.3130    25.6841 0.0000e+00
       1463     51.382     3.6340   3.000440    32.3129    25.6840 0.0000e+00
       1464     51.380     3.6340   3.000442    32.3129    25.6840 0.0000e+00
       1465     51.374     3.6340   3.000435    32.3128    25.6839 0.0000e+00
       1466     51.377     3.6341   3.000434    32.3127    25.6838 0.0000e+00
       1467     51.386     3.6341   3.000435    32.3127    25.6838 0.0000e+00
       1468     51.385     3.6341   3.000440    32.3128    25.6839 0.0000e+00
       1469     51.373     3.6342   3.000445    32.3128    25.6838 0.0000e+00
       1470     51.364     3.6342   3.000446    32.3128    25.6839 0.0000e+00
       1471     51.364     3.6342   3.000446    32.3128    25.6839 0.0000e+00
       1472     51.371     3.6342   3.000446    32.3128    25.6839 0.0000e+00
       1473     51.379     3.6342   3.000444    32.3127    25.6838 0.0000e+00
       1474     51.385     3.6341   3.000443    32.3128    25.6839 0.0000e+00
       1475     51.389     3.6342   3.000444    32.3127    25.6838 0.0000e+00
       1476     51.395     3.6342   3.000447    32.3128    25.6839 0.0000e+00
       1477     51.404     3.6342   3.000452    32.3128    25.6839 0.0000e+00
       1478     51.415     3.6342   3.000450    32.3128    25.6839 0.0000e+00
       1479     51.426     3.6342   3.000445    32.3127    25.6838 0.0000e+00
       1480     51.431     3.6342   3.000442    32.3127    25.6838 0.0000e+00
       1481     51.422     3.6342   3.000442    32.3127    25.6838 0.0000e+00
       1482     51.407     3.6342   3.000443    32.3127    25.6838 0.0000e+00
       1483     51.399     3.6341   3.000444    32.3128    25.6839 0.0000e+00
       1484     51.397     3.6340   3.000445    32.3129    25.6840 0.0000e+00
       1485     51.397     3.6340   3.000446    32.3130    25.6840 0.0000e+00
       1486     51.396     3.6341   3.000446    32.3129    25.6839 0.0000e+00
       1487     51.391     3.6342   3.000446    32.3128    25.6839 0.0000e+00
       1488     51.391     3.6342   3.000446    32.3128    25.6839 0.0000e+00
       1489     51.405     3.6342   3.000449    32.3128    25.6839 0.0000e+00
       1490     51.430     3.6342   3.000457    32.3129    25.6839 0.0000e+00
       1491     51.453     3.6342   3.000462    32.3129    25.6840 0.0000e+00
       1492     51.462     3.6342   3.000463    32.3129    25.6840 0.0000e+00
       1493     51.454     3.6342   3.000461    32.3129    25.6840 0.0000e+00
       1494     51.439     3.6342   3.000461    32.3129    25.6840 0.0000e+00
       1495     51.431     3.6342   3.000468    32.3130    25.6840 0.0000e+00
       1496     51.430     3.6342   3.000457    32.3129    25.6839 0.0000e+00
       1497     51.420     3.6342   3.000320    32.3112    25.6826 0.0000e+00
       1498     51.394     3.6343   3.000177    32.3095    25.6812 0.0000e+00
       1499     51.369     3.6344   3.000280    32.3106    25.6821 0.0000e+00
       1500     51.365     3.6342   3.000433    32.3126    25.6837 0.0000e+00
       1501     51.384     3.6342   3.000469    32.3130    25.6841 0.0000e+00
       1502     51.407     3.6342   3.000472    32.3131    25.6841 0.0000e+00
       1503     51.414     3.6344   3.000475    32.3129    25.6839 0.0000e+00
       1504     51.407     3.6344   3.000473    32.3129    25.6839 0.0000e+00
       1505     51.402     3.6344   3.000468    32.3128    25.6839 0.0000e+00
       1506     51.403     3.6343   3.000465    32.3129    25.6839 0.0000e+00
       1507     51.402     3.6343   3.000465    32.3129    25.6839 0.0000e+00
       1508     51.394     3.6342   3.000469    32.3130    25.6841 0.0000e+00
       1509     51.386     3.6342   3.000470    32.3130    25.6841 0.0000e+00
       1510     51.384     3.6342   3.000465    32.3130    25.6840 0.0000e+00
       1511     51.384     3.6342   3.000464    32.3130    25.6840 0.0000e+00
       1512     51.376     3.6343   3.000465    32.3129    25.6839 0.0000e+00
       1513     51.362     3.6345   3.000464    32.3127    25.6838 0.0000e+00
       1514     51.355     3.6345   3.000463    32.3127    25.6838 0.0000e+00
       1515     51.358     3.6345   3.000473    32.3128    25.6839 0.0000e+00
       1516     51.365     3.6346   3.000486    32.3129    25.6839 0.0000e+00
       1517     51.374     3.6346   3.000489    32.3129    25.6839 0.0000e+00
       1518     51.385     3.6345   3.000484    32.3129    25.6839 0.0000e+00
       1519     51.395     3.6345   3.000479    32.3129    25.6839 0.0000e+00
       1520     51.397     3.6345   3.000481    32.3129    25.6839 0.0000e+00
       1521     51.383     3.6345   3.000480    32.3129    25.6839 0.0000e+00
       1522     51.356     3.6345   3.000472    32.3128    25.6838 0.0000e+00
       1523     51.339     3.6345   3.000473    32.3128    25.6839 0.0000e+00
       1524     51.345     3.6345   3.000477    32.3129    25.6839 0.0000e+00
       1525     51.356     3.6345   3.000471    32.3128    25.6838 0.0000e+00
       1526     51.356     3.6345   3.000465    32.3127    25.6838 0.0000e+00
       1527     51.343     3.6346   3.000466    32.3126    25.6837 0.0000e+00
       1528     51.329     3.6346   3.000471    32.3127    25.6838 0.0000e+00
       1529     51.325     3.6347   3.000473    32.3126    25.6837 0.0000e+00
       1530     51.336     3.6347   3.000474    32.3126    25.6837 0.0000e+00
       1531     51.357     3.6348   3.000483    32.3126    25.6837 0.0000e+00
       1532     51.393     3.6349   3.000495    32.3126    25.6837 0.0000e+00
       1533     51.457     3.6350   3.000501    32.3126    25.6836 0.0000e+00
       1534     51.533     3.6352   3.000513    32.3125    25.6835 0.0000e+00
       1535     51.591     3.6354   3.000531    32.3125    25.6835 0.0000e+00
       1536     51.628     3.6354   3.000540    32.3126    25.6836 0.0000e+00
       1537     51.652     3.6353   3.000533    32.3126    25.6836 0.0000e+00
       1538     51.650     3.6353   3.000530    32.3125    25.6836 0.0000e+00
       1539     51.607     3.6354   3.000533    32.3125    25.6835 0.0000e+00
       1540     51.524     3.6356   3.000536    32.3124    25.6834 0.0000e+00
       1541     51.409     3.6356   3.000537    32.3124    25.6835 0.0000e+00
       1542     51.273     3.6356   3.000531    32.3124    25.6835 0.0000e+00
       1543     51.122     3.6357   3.000521    32.3123    25.6833 0.0000e+00
       1544     50.955     3.6357   3.000514    32.3123    25.6834 0.0000e+00
       1545     50.763     3.6357   3.000500    32.3122    25.6833 0.0000e+00
       1546     50.547     3.6357   3.000491    32.3122    25.6833 0.0000e+00
       1547     50.319     3.6359   3.000489    32.3121    25.6832 0.0000e+00
       1548     50.083     3.6359   3.000472    32.3121    25.6831 0.0000e+00
       1549     49.837     3.6357   3.000459    32.3122    25.6833 0.0000e+00
       1550     49.578     3.6357   3.000463    32.3124    25.6834 0.0000e+00
       1551     49.308     3.6357   3.000458    32.3125    25.6835 0.0000e+00
       1552     49.032     3.6357   3.000436    32.3124    25.6834 0.0000e+00
       1553     48.754     3.6357   3.000414    32.3123    25.6833 0.0000e+00
       1554     48.479     3.6357   3.000402    32.3123    25.6833 0.0000e+00
       1555     48.205     3.6357   3.000394    32.3123    25.6834 0.0000e+00
       1556     47.923     3.6357   3.000383    32.3123    25.6834 0.0000e+00
       1557     47.633     3.6357   3.000370    32.3123    25.6834 0.0000e+00
       1558     47.340     3.6357   3.000349    32.3122    25.6833 0.0000e+00
       1559     47.048     3.6357   3.000326    32.3121    25.6832 0.0000e+00
       1560     46.760     3.6357   3.000318    32.3122    25.6832 0.0000e+00
       1561     46.473     3.6357   3.000315    32.3123    25.6833 0.0000e+00
       1562     46.184     3.6357   3.000295    32.3122    25.6832 0.0000e+00
       1563     45.889     3.6357   3.000271    32.3120    25.6831 0.0000e+00
       1564     45.590     3.6358   3.000264    32.3120    25.6831 0.0000e+00
       1565     45.290     3.6360   3.000267    32.3120    25.6831 0.0000e+00
       1566     44.989     3.6361   3.000255    32.3119    25.6830 0.0000e+00
       1567     44.682     3.6361   3.000228    32.3118    25.6829 0.0000e+00
       1568     44.364     3.6359   3.000207    32.3119    25.6830 0.0000e+00
       1569     44.042     3.6357   3.000189    32.3120    25.6831 0.0000e+00
       1570     43.722     3.6359   3.000165    32.3117    25.6829 0.0000e+00
       1571     43.401     3.6360   3.000149    32.3116    25.6828 0.0000e+00
       1572     43.076     3.6359   3.000145    32.3118    25.6829 0.0000e+00
       1573     42.747     3.6358   3.000151    32.3122    25.6832 0.0000e+00
       1574     42.412     3.6359   3.000136    32.3120    25.6831 0.0000e+00
       1575     42.072     3.6361   3.000104    32.3116    25.6828 0.0000e+00
       1576     41.734     3.6364   3.000089    32.3113    25.6825 0.0000e+00
       1577     41.399     3.6364   3.000092    32.3116    25.6827 0.0000e+00
       1578     41.062     3.6362   3.000095    32.3120    25.6830 0.0000e+00
       1579     40.717     3.6363   3.000082    32.3119    25.6830 0.0000e+00
       1580     40.361     3.6366   3.000073    32.3117    25.6828 0.0000e+00
       1581     40.002     3.6370   3.000092    32.3117    25.6827 0.0000e+00
       1582     39.643     3.6374   3.000097    32.3115    25.6826 0.0000e+00
       1583     39.278     3.6375   3.000062    32.3112    25.6823 0.0000e+00
       1584     38.902     3.6372   3.000017    32.3112    25.6823 0.0000e+00
       1585     38.516     3.6368   2.999982    32.3113    25.6825 0.0000e+00
       1586     38.123     3.6365   2.999955    32.3115    25.6827 0.0000e+00
       1587     37.725     3.6368   2.999952    32.3114    25.6825 0.0000e+00
       1588     37.322     3.6373   2.999984    32.3115    25.6826 0.0000e+00
       1589     36.912     3.6378   3.000001    32.3114    25.6824 0.0000e+00
       1590     36.490     3.6378   2.999959    32.3111    25.6822 0.0000e+00
       1591     36.056     3.6374   2.999914    32.3112    25.6823 0.0000e+00
       1592     35.610     3.6370   2.999905    32.3117    25.6828 0.0000e+00
       1593     35.153     3.6369   2.999893    32.3119    25.6829 0.0000e+00
       1594     34.685     3.6373   2.999876    32.3116    25.6826 0.0000e+00
       1595     34.207     3.6380   2.999907    32.3115    25.6825 0.0000e+00
       1596     33.714     3.6387   2.999953    32.3116    25.6825 0.0000e+00
       1597     33.202     3.6393   2.999963    32.3114    25.6823 0.0000e+00
       1598     32.668     3.6396   2.999945    32.3112    25.6821 0.0000e+00
       1599     32.115     3.6399   2.999929    32.3110    25.6819 0.0000e+00
       1600     31.552     3.6405   2.999942    32.3108    25.6817 0.0000e+00
       1601     30.990     3.6410   2.999954    32.3108    25.6816 0.0000e+00
       1602     30.442     3.6414   2.999938    32.3105    25.6813 0.0000e+00
       1603     29.915     3.6414   2.999931    32.3106    25.6815 0.0000e+00
       1604     29.410     3.6414   2.999936    32.3110    25.6818 0.0000e+00
       1605     28.939     3.6415   2.999940    32.3112    25.6819 0.0000e+00
       1606     28.514     3.6418   2.999950    32.3112    25.6819 0.0000e+00
       1607     28.135     3.6421   2.999956    32.3112    25.6819 0.0000e+00
       1608     27.797     3.6424   2.999964    32.3112    25.6818 0.0000e+00
       1609     27.496     3.6425   2.999958    32.3111    25.6818 0.0000e+00
       1610     27.219     3.6424   2.999924    32.3110    25.6817 0.0000e+00
       1611     26.955     3.6425   2.999916    32.3109    25.6816 0.0000e+00
       1612     26.690     3.6432   2.999957    32.3108    25.6815 0.0000e+00
       1613     26.416     3.6441   3.000013    32.3108    25.6813 0.0000e+00
       1614     26.132     3.6452   3.000090    32.3107    25.6812 0.0000e+00
       1615     25.834     3.6457   3.000137    32.3110    25.6813 0.0000e+00
       1616     25.531     3.6451   3.000077    32.3110    25.6814 0.0000e+00
       1617     25.225     3.6443   2.999984    32.3108    25.6814 0.0000e+00
       1618     24.899     3.6441   2.999973    32.3111    25.6816 0.0000e+00
       1619     24.540     3.6443   2.999990    32.3113    25.6817 0.0000e+00
       1620     24.147     3.6441   2.999954    32.3112    25.6817 0.0000e+00
       1621     23.734     3.6440   2.999907    32.3110    25.6815 0.0000e+00
       1622     23.325     3.6444   2.999913    32.3109    25.6814 0.0000e+00
       1623     22.931     3.6460   3.000013    32.3107    25.6811 0.0000e+00
       1624     22.550     3.6491   3.000223    32.3103    25.6805 0.0000e+00
       1625     22.181     3.6523   3.000385    32.3093    25.6794 0.0000e+00
       1626     21.825     3.6539   3.000367    32.3076    25.6779 0.0000e+00
       1627     21.463     3.6540   3.000333    32.3073    25.6777 0.0000e+00
       1628     21.096     3.6539   3.000366    32.3080    25.6782 0.0000e+00
       1629     20.757     3.6544   3.000380    32.3079    25.6781 0.0000e+00
       1630     20.465     3.6571   3.000497    32.3067    25.6769 0.0000e+00
       1631     20.216     3.6634   3.000920    32.3056    25.6754 0.0000e+00
       1632     20.004     3.6715   3.001511    32.3047    25.6740 0.0000e+00
       1633     19.820     3.6782   3.001967    32.3036    25.6725 0.0000e+00
       1634     19.652     3.6828   3.002295    32.3030    25.6716 0.0000e+00
       1635     19.480     3.6864   3.002567    32.3028    25.6710 0.0000e+00
       1636     19.287     3.6877   3.002677    32.3029    25.6710 0.0000e+00
       1637     19.076     3.6857   3.002542    32.3034    25.6716 0.0000e+00
       1638     18.866     3.6828   3.002279    32.3032    25.6717 0.0000e+00
       1639     18.678     3.6825   3.002199    32.3027    25.6713 0.0000e+00
       1640     18.520     3.6863   3.002483    32.3024    25.6707 0.0000e+00
       1641     18.379     3.6921   3.002990    32.3027    25.6705 0.0000e+00
