* ID=Minilog-II-T
* Serial Number=356316
* Study ID=Foxtrap 2015
* Start Time=2015-05-18 12:00:00
* Finish Time=2015-11-09 17:00:00
* Sample Period=01:00:00
* Date(yyyy-mm-dd),Time(hh:mm:ss),Temperature (°C)
2015-05-18,12:00:00,18.85
2015-05-18,13:00:00,18.98
2015-05-18,14:00:00,19.10
2015-05-18,15:00:00,19.51
2015-05-18,16:00:00,20.22
2015-05-18,17:00:00,20.41
2015-05-18,18:00:00,17.02
2015-05-18,19:00:00,7.82
2015-05-18,20:00:00,6.77
2015-05-18,21:00:00,6.18
2015-05-18,22:00:00,5.76
2015-05-18,23:00:00,5.87
2015-05-19,00:00:00,7.72
2015-05-19,01:00:00,8.07
2015-05-19,02:00:00,8.07
2015-05-19,03:00:00,7.96
2015-05-19,04:00:00,7.83
2015-05-19,05:00:00,7.70
2015-05-19,06:00:00,7.58
2015-05-19,07:00:00,7.49
2015-05-19,08:00:00,7.39
2015-05-19,09:00:00,7.10
2015-05-19,10:00:00,5.02
2015-05-19,11:00:00,5.66
2015-05-19,12:00:00,3.48
2015-05-19,13:00:00,3.64
2015-05-19,14:00:00,3.79
2015-05-19,15:00:00,3.87
2015-05-19,16:00:00,3.96
2015-05-19,17:00:00,3.96
2015-05-19,18:00:00,3.97
2015-05-19,19:00:00,4.04
2015-05-19,20:00:00,4.11
2015-05-19,21:00:00,4.20
2015-05-19,22:00:00,4.24
2015-05-19,23:00:00,4.17
2015-05-20,00:00:00,4.29
2015-05-20,01:00:00,4.31
2015-05-20,02:00:00,4.27
2015-05-20,03:00:00,4.31
2015-05-20,04:00:00,4.34
2015-05-20,05:00:00,4.33
2015-05-20,06:00:00,4.37
2015-05-20,07:00:00,4.38
2015-05-20,08:00:00,4.52
2015-05-20,09:00:00,4.58
2015-05-20,10:00:00,4.58
2015-05-20,11:00:00,4.65
2015-05-20,12:00:00,4.75
2015-05-20,13:00:00,4.67
2015-05-20,14:00:00,4.78
2015-05-20,15:00:00,4.77
2015-05-20,16:00:00,4.73
2015-05-20,17:00:00,4.71
2015-05-20,18:00:00,4.70
2015-05-20,19:00:00,4.60
2015-05-20,20:00:00,4.74
2015-05-20,21:00:00,4.77
2015-05-20,22:00:00,4.75
2015-05-20,23:00:00,4.83
2015-05-21,00:00:00,4.78
2015-05-21,01:00:00,4.65
2015-05-21,02:00:00,4.86
2015-05-21,03:00:00,4.75
2015-05-21,04:00:00,4.88
2015-05-21,05:00:00,4.72
2015-05-21,06:00:00,4.70
2015-05-21,07:00:00,4.57
2015-05-21,08:00:00,4.69
2015-05-21,09:00:00,4.71
2015-05-21,10:00:00,4.74
2015-05-21,11:00:00,4.85
2015-05-21,12:00:00,4.91
2015-05-21,13:00:00,5.01
2015-05-21,14:00:00,5.05
2015-05-21,15:00:00,5.11
2015-05-21,16:00:00,5.41
2015-05-21,17:00:00,5.67
2015-05-21,18:00:00,5.70
2015-05-21,19:00:00,5.79
2015-05-21,20:00:00,5.85
2015-05-21,21:00:00,5.72
2015-05-21,22:00:00,5.43
2015-05-21,23:00:00,5.22
2015-05-22,00:00:00,5.05
2015-05-22,01:00:00,4.62
2015-05-22,02:00:00,4.40
2015-05-22,03:00:00,4.26
2015-05-22,04:00:00,4.31
2015-05-22,05:00:00,4.43
2015-05-22,06:00:00,4.79
2015-05-22,07:00:00,4.76
2015-05-22,08:00:00,4.72
2015-05-22,09:00:00,4.67
2015-05-22,10:00:00,4.49
2015-05-22,11:00:00,4.45
2015-05-22,12:00:00,4.51
2015-05-22,13:00:00,4.61
2015-05-22,14:00:00,5.00
2015-05-22,15:00:00,4.88
2015-05-22,16:00:00,5.30
2015-05-22,17:00:00,5.00
2015-05-22,18:00:00,4.99
2015-05-22,19:00:00,5.07
2015-05-22,20:00:00,5.05
2015-05-22,21:00:00,4.90
2015-05-22,22:00:00,4.80
2015-05-22,23:00:00,4.68
2015-05-23,00:00:00,4.58
2015-05-23,01:00:00,4.50
2015-05-23,02:00:00,4.46
2015-05-23,03:00:00,4.44
2015-05-23,04:00:00,4.44
2015-05-23,05:00:00,2.47
2015-05-23,06:00:00,0.30
2015-05-23,07:00:00,-0.31
2015-05-23,08:00:00,-0.76
2015-05-23,09:00:00,-0.36
2015-05-23,10:00:00,-0.08
2015-05-23,11:00:00,0.15
2015-05-23,12:00:00,1.18
2015-05-23,13:00:00,0.92
2015-05-23,14:00:00,1.18
2015-05-23,15:00:00,1.27
2015-05-23,16:00:00,1.43
2015-05-23,17:00:00,1.82
2015-05-23,18:00:00,2.02
2015-05-23,19:00:00,2.34
2015-05-23,20:00:00,2.68
2015-05-23,21:00:00,2.65
2015-05-23,22:00:00,2.80
2015-05-23,23:00:00,3.04
2015-05-24,00:00:00,3.19
2015-05-24,01:00:00,3.25
2015-05-24,02:00:00,3.25
2015-05-24,03:00:00,3.22
2015-05-24,04:00:00,3.23
2015-05-24,05:00:00,3.22
2015-05-24,06:00:00,3.26
2015-05-24,07:00:00,3.19
2015-05-24,08:00:00,3.15
2015-05-24,09:00:00,3.17
2015-05-24,10:00:00,3.16
2015-05-24,11:00:00,3.21
2015-05-24,12:00:00,3.20
2015-05-24,13:00:00,3.29
2015-05-24,14:00:00,3.45
2015-05-24,15:00:00,3.52
2015-05-24,16:00:00,3.67
2015-05-24,17:00:00,3.70
2015-05-24,18:00:00,3.78
2015-05-24,19:00:00,3.81
2015-05-24,20:00:00,3.71
2015-05-24,21:00:00,3.60
2015-05-24,22:00:00,3.01
2015-05-24,23:00:00,2.65
2015-05-25,00:00:00,2.66
2015-05-25,01:00:00,2.79
2015-05-25,02:00:00,2.90
2015-05-25,03:00:00,2.98
2015-05-25,04:00:00,3.03
2015-05-25,05:00:00,3.05
2015-05-25,06:00:00,2.96
2015-05-25,07:00:00,2.95
2015-05-25,08:00:00,2.99
2015-05-25,09:00:00,3.00
2015-05-25,10:00:00,2.99
2015-05-25,11:00:00,3.14
2015-05-25,12:00:00,3.24
2015-05-25,13:00:00,3.32
2015-05-25,14:00:00,3.22
2015-05-25,15:00:00,3.52
2015-05-25,16:00:00,3.48
2015-05-25,17:00:00,3.63
2015-05-25,18:00:00,3.74
2015-05-25,19:00:00,3.50
2015-05-25,20:00:00,3.40
2015-05-25,21:00:00,3.17
2015-05-25,22:00:00,3.20
2015-05-25,23:00:00,3.21
2015-05-26,00:00:00,3.18
2015-05-26,01:00:00,3.20
2015-05-26,02:00:00,3.22
2015-05-26,03:00:00,3.22
2015-05-26,04:00:00,3.24
2015-05-26,05:00:00,3.36
2015-05-26,06:00:00,3.29
2015-05-26,07:00:00,3.39
2015-05-26,08:00:00,3.32
2015-05-26,09:00:00,3.32
2015-05-26,10:00:00,3.34
2015-05-26,11:00:00,3.38
2015-05-26,12:00:00,3.46
2015-05-26,13:00:00,3.54
2015-05-26,14:00:00,3.62
2015-05-26,15:00:00,3.79
2015-05-26,16:00:00,3.73
2015-05-26,17:00:00,3.82
2015-05-26,18:00:00,3.68
2015-05-26,19:00:00,2.74
2015-05-26,20:00:00,3.76
2015-05-26,21:00:00,4.21
2015-05-26,22:00:00,4.02
2015-05-26,23:00:00,3.20
2015-05-27,00:00:00,3.10
2015-05-27,01:00:00,3.27
2015-05-27,02:00:00,3.38
2015-05-27,03:00:00,3.38
2015-05-27,04:00:00,3.44
2015-05-27,05:00:00,3.45
2015-05-27,06:00:00,3.50
2015-05-27,07:00:00,3.48
2015-05-27,08:00:00,3.36
2015-05-27,09:00:00,3.45
2015-05-27,10:00:00,3.50
2015-05-27,11:00:00,3.66
2015-05-27,12:00:00,3.69
2015-05-27,13:00:00,3.76
2015-05-27,14:00:00,3.90
2015-05-27,15:00:00,3.56
2015-05-27,16:00:00,3.67
2015-05-27,17:00:00,3.04
2015-05-27,18:00:00,2.88
2015-05-27,19:00:00,3.40
2015-05-27,20:00:00,3.39
2015-05-27,21:00:00,3.38
2015-05-27,22:00:00,3.14
2015-05-27,23:00:00,2.84
2015-05-28,00:00:00,3.24
2015-05-28,01:00:00,3.40
2015-05-28,02:00:00,3.31
2015-05-28,03:00:00,3.17
2015-05-28,04:00:00,3.05
2015-05-28,05:00:00,3.09
2015-05-28,06:00:00,3.11
2015-05-28,07:00:00,3.29
2015-05-28,08:00:00,3.36
2015-05-28,09:00:00,3.36
2015-05-28,10:00:00,3.29
2015-05-28,11:00:00,3.30
2015-05-28,12:00:00,3.31
2015-05-28,13:00:00,3.41
2015-05-28,14:00:00,3.22
2015-05-28,15:00:00,3.35
2015-05-28,16:00:00,3.28
2015-05-28,17:00:00,3.28
2015-05-28,18:00:00,3.36
2015-05-28,19:00:00,3.39
2015-05-28,20:00:00,3.37
2015-05-28,21:00:00,3.32
2015-05-28,22:00:00,3.25
2015-05-28,23:00:00,3.31
2015-05-29,00:00:00,3.35
2015-05-29,01:00:00,3.39
2015-05-29,02:00:00,3.48
2015-05-29,03:00:00,3.54
2015-05-29,04:00:00,3.54
2015-05-29,05:00:00,3.54
2015-05-29,06:00:00,3.56
2015-05-29,07:00:00,3.61
2015-05-29,08:00:00,3.62
2015-05-29,09:00:00,3.63
2015-05-29,10:00:00,3.59
2015-05-29,11:00:00,3.70
2015-05-29,12:00:00,3.76
2015-05-29,13:00:00,3.79
2015-05-29,14:00:00,3.75
2015-05-29,15:00:00,3.72
2015-05-29,16:00:00,3.54
2015-05-29,17:00:00,3.39
2015-05-29,18:00:00,3.06
2015-05-29,19:00:00,2.72
2015-05-29,20:00:00,2.76
2015-05-29,21:00:00,2.72
2015-05-29,22:00:00,3.83
2015-05-29,23:00:00,3.71
2015-05-30,00:00:00,3.29
2015-05-30,01:00:00,3.16
2015-05-30,02:00:00,3.10
2015-05-30,03:00:00,3.02
2015-05-30,04:00:00,2.74
2015-05-30,05:00:00,2.65
2015-05-30,06:00:00,2.87
2015-05-30,07:00:00,2.86
2015-05-30,08:00:00,2.80
2015-05-30,09:00:00,2.91
2015-05-30,10:00:00,3.11
2015-05-30,11:00:00,3.25
2015-05-30,12:00:00,3.37
2015-05-30,13:00:00,3.36
2015-05-30,14:00:00,3.43
2015-05-30,15:00:00,3.55
2015-05-30,16:00:00,3.94
2015-05-30,17:00:00,3.96
2015-05-30,18:00:00,3.99
2015-05-30,19:00:00,4.05
2015-05-30,20:00:00,4.08
2015-05-30,21:00:00,4.44
2015-05-30,22:00:00,4.61
2015-05-30,23:00:00,4.44
2015-05-31,00:00:00,4.63
2015-05-31,01:00:00,4.31
2015-05-31,02:00:00,4.28
2015-05-31,03:00:00,4.40
2015-05-31,04:00:00,4.32
2015-05-31,05:00:00,4.39
2015-05-31,06:00:00,4.67
2015-05-31,07:00:00,4.69
2015-05-31,08:00:00,4.79
2015-05-31,09:00:00,4.80
2015-05-31,10:00:00,4.91
2015-05-31,11:00:00,4.94
2015-05-31,12:00:00,4.89
2015-05-31,13:00:00,4.88
2015-05-31,14:00:00,4.80
2015-05-31,15:00:00,5.40
2015-05-31,16:00:00,5.42
2015-05-31,17:00:00,5.69
2015-05-31,18:00:00,5.65
2015-05-31,19:00:00,5.44
2015-05-31,20:00:00,5.76
2015-05-31,21:00:00,5.84
2015-05-31,22:00:00,5.59
2015-05-31,23:00:00,5.16
2015-06-01,00:00:00,5.33
2015-06-01,01:00:00,4.75
2015-06-01,02:00:00,4.59
2015-06-01,03:00:00,4.57
2015-06-01,04:00:00,4.90
2015-06-01,05:00:00,5.48
2015-06-01,06:00:00,5.20
2015-06-01,07:00:00,5.25
2015-06-01,08:00:00,5.23
2015-06-01,09:00:00,5.13
2015-06-01,10:00:00,4.98
2015-06-01,11:00:00,4.87
2015-06-01,12:00:00,4.83
2015-06-01,13:00:00,4.66
2015-06-01,14:00:00,4.96
2015-06-01,15:00:00,4.94
2015-06-01,16:00:00,4.96
2015-06-01,17:00:00,5.06
2015-06-01,18:00:00,5.13
2015-06-01,19:00:00,5.27
2015-06-01,20:00:00,5.30
2015-06-01,21:00:00,5.28
2015-06-01,22:00:00,4.80
2015-06-01,23:00:00,3.99
2015-06-02,00:00:00,3.89
2015-06-02,01:00:00,3.74
2015-06-02,02:00:00,3.58
2015-06-02,03:00:00,3.75
2015-06-02,04:00:00,3.63
2015-06-02,05:00:00,3.69
2015-06-02,06:00:00,3.50
2015-06-02,07:00:00,3.29
2015-06-02,08:00:00,3.46
2015-06-02,09:00:00,3.57
2015-06-02,10:00:00,3.47
2015-06-02,11:00:00,3.67
2015-06-02,12:00:00,3.71
2015-06-02,13:00:00,3.84
2015-06-02,14:00:00,4.22
2015-06-02,15:00:00,4.77
2015-06-02,16:00:00,4.70
2015-06-02,17:00:00,4.58
2015-06-02,18:00:00,4.16
2015-06-02,19:00:00,3.89
2015-06-02,20:00:00,3.58
2015-06-02,21:00:00,3.64
2015-06-02,22:00:00,3.78
2015-06-02,23:00:00,3.76
2015-06-03,00:00:00,4.00
2015-06-03,01:00:00,3.81
2015-06-03,02:00:00,3.82
2015-06-03,03:00:00,3.91
2015-06-03,04:00:00,3.93
2015-06-03,05:00:00,4.27
2015-06-03,06:00:00,4.37
2015-06-03,07:00:00,4.42
2015-06-03,08:00:00,4.45
2015-06-03,09:00:00,4.44
2015-06-03,10:00:00,4.44
2015-06-03,11:00:00,4.49
2015-06-03,12:00:00,4.43
2015-06-03,13:00:00,4.44
2015-06-03,14:00:00,4.48
2015-06-03,15:00:00,4.49
2015-06-03,16:00:00,4.55
2015-06-03,17:00:00,4.53
2015-06-03,18:00:00,4.52
2015-06-03,19:00:00,4.51
2015-06-03,20:00:00,4.52
2015-06-03,21:00:00,4.54
2015-06-03,22:00:00,4.57
2015-06-03,23:00:00,4.55
2015-06-04,00:00:00,4.58
2015-06-04,01:00:00,4.51
2015-06-04,02:00:00,4.40
2015-06-04,03:00:00,4.33
2015-06-04,04:00:00,4.28
2015-06-04,05:00:00,4.33
2015-06-04,06:00:00,4.35
2015-06-04,07:00:00,4.25
2015-06-04,08:00:00,4.14
2015-06-04,09:00:00,3.78
2015-06-04,10:00:00,2.76
2015-06-04,11:00:00,2.51
2015-06-04,12:00:00,2.43
2015-06-04,13:00:00,2.82
2015-06-04,14:00:00,2.97
2015-06-04,15:00:00,2.90
2015-06-04,16:00:00,3.17
2015-06-04,17:00:00,3.13
2015-06-04,18:00:00,3.26
2015-06-04,19:00:00,3.34
2015-06-04,20:00:00,3.22
2015-06-04,21:00:00,3.18
2015-06-04,22:00:00,3.27
2015-06-04,23:00:00,2.65
2015-06-05,00:00:00,2.49
2015-06-05,01:00:00,2.58
2015-06-05,02:00:00,2.65
2015-06-05,03:00:00,2.60
2015-06-05,04:00:00,2.55
2015-06-05,05:00:00,2.56
2015-06-05,06:00:00,2.56
2015-06-05,07:00:00,2.44
2015-06-05,08:00:00,2.45
2015-06-05,09:00:00,2.48
2015-06-05,10:00:00,2.50
2015-06-05,11:00:00,2.59
2015-06-05,12:00:00,2.88
2015-06-05,13:00:00,2.98
2015-06-05,14:00:00,2.95
2015-06-05,15:00:00,3.17
2015-06-05,16:00:00,3.54
2015-06-05,17:00:00,3.65
2015-06-05,18:00:00,3.43
2015-06-05,19:00:00,3.36
2015-06-05,20:00:00,3.20
2015-06-05,21:00:00,3.02
2015-06-05,22:00:00,2.71
2015-06-05,23:00:00,2.55
2015-06-06,00:00:00,2.43
2015-06-06,01:00:00,2.51
2015-06-06,02:00:00,2.97
2015-06-06,03:00:00,2.67
2015-06-06,04:00:00,2.90
2015-06-06,05:00:00,2.87
2015-06-06,06:00:00,3.33
2015-06-06,07:00:00,3.86
2015-06-06,08:00:00,3.94
2015-06-06,09:00:00,4.06
2015-06-06,10:00:00,4.08
2015-06-06,11:00:00,4.06
2015-06-06,12:00:00,4.17
2015-06-06,13:00:00,4.24
2015-06-06,14:00:00,4.22
2015-06-06,15:00:00,4.43
2015-06-06,16:00:00,4.43
2015-06-06,17:00:00,4.70
2015-06-06,18:00:00,4.73
2015-06-06,19:00:00,4.74
2015-06-06,20:00:00,4.95
2015-06-06,21:00:00,5.05
2015-06-06,22:00:00,5.13
2015-06-06,23:00:00,5.34
2015-06-07,00:00:00,5.40
2015-06-07,01:00:00,5.44
2015-06-07,02:00:00,5.38
2015-06-07,03:00:00,5.40
2015-06-07,04:00:00,5.28
2015-06-07,05:00:00,4.92
2015-06-07,06:00:00,5.17
2015-06-07,07:00:00,5.26
2015-06-07,08:00:00,5.28
2015-06-07,09:00:00,5.28
2015-06-07,10:00:00,5.34
2015-06-07,11:00:00,5.40
2015-06-07,12:00:00,5.43
2015-06-07,13:00:00,5.50
2015-06-07,14:00:00,5.55
2015-06-07,15:00:00,5.56
2015-06-07,16:00:00,5.61
2015-06-07,17:00:00,5.65
2015-06-07,18:00:00,5.71
2015-06-07,19:00:00,5.84
2015-06-07,20:00:00,5.95
2015-06-07,21:00:00,5.98
2015-06-07,22:00:00,5.65
2015-06-07,23:00:00,5.48
2015-06-08,00:00:00,5.72
2015-06-08,01:00:00,5.73
2015-06-08,02:00:00,5.72
2015-06-08,03:00:00,5.70
2015-06-08,04:00:00,5.69
2015-06-08,05:00:00,5.67
2015-06-08,06:00:00,5.67
2015-06-08,07:00:00,5.67
2015-06-08,08:00:00,5.62
2015-06-08,09:00:00,5.59
2015-06-08,10:00:00,5.43
2015-06-08,11:00:00,5.28
2015-06-08,12:00:00,4.76
2015-06-08,13:00:00,3.69
2015-06-08,14:00:00,3.56
2015-06-08,15:00:00,3.66
2015-06-08,16:00:00,3.99
2015-06-08,17:00:00,3.90
2015-06-08,18:00:00,3.58
2015-06-08,19:00:00,4.13
2015-06-08,20:00:00,4.05
2015-06-08,21:00:00,3.41
2015-06-08,22:00:00,2.98
2015-06-08,23:00:00,2.77
2015-06-09,00:00:00,2.41
2015-06-09,01:00:00,3.19
2015-06-09,02:00:00,2.91
2015-06-09,03:00:00,2.85
2015-06-09,04:00:00,2.88
2015-06-09,05:00:00,3.16
2015-06-09,06:00:00,3.37
2015-06-09,07:00:00,3.71
2015-06-09,08:00:00,4.00
2015-06-09,09:00:00,4.04
2015-06-09,10:00:00,4.16
2015-06-09,11:00:00,4.25
2015-06-09,12:00:00,4.31
2015-06-09,13:00:00,4.36
2015-06-09,14:00:00,4.51
2015-06-09,15:00:00,4.77
2015-06-09,16:00:00,4.97
2015-06-09,17:00:00,5.06
2015-06-09,18:00:00,5.28
2015-06-09,19:00:00,5.34
2015-06-09,20:00:00,5.14
2015-06-09,21:00:00,5.16
2015-06-09,22:00:00,5.31
2015-06-09,23:00:00,5.28
2015-06-10,00:00:00,5.30
2015-06-10,01:00:00,5.51
2015-06-10,02:00:00,5.59
2015-06-10,03:00:00,6.05
2015-06-10,04:00:00,5.80
2015-06-10,05:00:00,6.25
2015-06-10,06:00:00,6.36
2015-06-10,07:00:00,6.32
2015-06-10,08:00:00,5.81
2015-06-10,09:00:00,6.33
2015-06-10,10:00:00,6.63
2015-06-10,11:00:00,6.48
2015-06-10,12:00:00,6.45
2015-06-10,13:00:00,6.47
2015-06-10,14:00:00,6.64
2015-06-10,15:00:00,6.78
2015-06-10,16:00:00,6.86
2015-06-10,17:00:00,6.87
2015-06-10,18:00:00,6.91
2015-06-10,19:00:00,6.96
2015-06-10,20:00:00,6.91
2015-06-10,21:00:00,6.77
2015-06-10,22:00:00,6.57
2015-06-10,23:00:00,6.59
2015-06-11,00:00:00,6.81
2015-06-11,01:00:00,6.80
2015-06-11,02:00:00,6.83
2015-06-11,03:00:00,6.75
2015-06-11,04:00:00,6.83
2015-06-11,05:00:00,6.85
2015-06-11,06:00:00,6.88
2015-06-11,07:00:00,6.92
2015-06-11,08:00:00,6.95
2015-06-11,09:00:00,6.98
2015-06-11,10:00:00,7.08
2015-06-11,11:00:00,7.10
2015-06-11,12:00:00,7.18
2015-06-11,13:00:00,7.30
2015-06-11,14:00:00,7.30
2015-06-11,15:00:00,7.35
2015-06-11,16:00:00,7.35
2015-06-11,17:00:00,7.30
2015-06-11,18:00:00,7.18
2015-06-11,19:00:00,7.28
2015-06-11,20:00:00,7.31
2015-06-11,21:00:00,7.13
2015-06-11,22:00:00,7.15
2015-06-11,23:00:00,7.08
2015-06-12,00:00:00,7.16
2015-06-12,01:00:00,7.09
2015-06-12,02:00:00,7.01
2015-06-12,03:00:00,6.91
2015-06-12,04:00:00,6.87
2015-06-12,05:00:00,7.04
2015-06-12,06:00:00,7.17
2015-06-12,07:00:00,7.45
2015-06-12,08:00:00,7.55
2015-06-12,09:00:00,7.53
2015-06-12,10:00:00,7.44
2015-06-12,11:00:00,7.34
2015-06-12,12:00:00,7.56
2015-06-12,13:00:00,7.98
2015-06-12,14:00:00,8.32
2015-06-12,15:00:00,8.06
2015-06-12,16:00:00,7.78
2015-06-12,17:00:00,7.77
2015-06-12,18:00:00,7.82
2015-06-12,19:00:00,7.92
2015-06-12,20:00:00,8.41
2015-06-12,21:00:00,8.58
2015-06-12,22:00:00,8.52
2015-06-12,23:00:00,8.40
2015-06-13,00:00:00,8.30
2015-06-13,01:00:00,8.18
2015-06-13,02:00:00,8.09
2015-06-13,03:00:00,8.08
2015-06-13,04:00:00,7.98
2015-06-13,05:00:00,7.90
2015-06-13,06:00:00,7.96
2015-06-13,07:00:00,8.02
2015-06-13,08:00:00,8.01
2015-06-13,09:00:00,8.08
2015-06-13,10:00:00,8.07
2015-06-13,11:00:00,8.02
2015-06-13,12:00:00,8.05
2015-06-13,13:00:00,8.10
2015-06-13,14:00:00,8.13
2015-06-13,15:00:00,8.12
2015-06-13,16:00:00,8.16
2015-06-13,17:00:00,8.16
2015-06-13,18:00:00,8.13
2015-06-13,19:00:00,8.14
2015-06-13,20:00:00,8.11
2015-06-13,21:00:00,8.11
2015-06-13,22:00:00,8.09
2015-06-13,23:00:00,8.11
2015-06-14,00:00:00,8.16
2015-06-14,01:00:00,8.29
2015-06-14,02:00:00,8.25
2015-06-14,03:00:00,8.21
2015-06-14,04:00:00,8.24
2015-06-14,05:00:00,8.26
2015-06-14,06:00:00,8.17
2015-06-14,07:00:00,8.11
2015-06-14,08:00:00,8.08
2015-06-14,09:00:00,8.08
2015-06-14,10:00:00,8.07
2015-06-14,11:00:00,8.07
2015-06-14,12:00:00,8.08
2015-06-14,13:00:00,8.13
2015-06-14,14:00:00,8.12
2015-06-14,15:00:00,8.12
2015-06-14,16:00:00,8.02
2015-06-14,17:00:00,8.04
2015-06-14,18:00:00,8.12
2015-06-14,19:00:00,8.14
2015-06-14,20:00:00,8.15
2015-06-14,21:00:00,8.13
2015-06-14,22:00:00,8.15
2015-06-14,23:00:00,8.20
2015-06-15,00:00:00,8.17
2015-06-15,01:00:00,8.11
2015-06-15,02:00:00,7.87
2015-06-15,03:00:00,8.16
2015-06-15,04:00:00,8.18
2015-06-15,05:00:00,8.15
2015-06-15,06:00:00,8.10
2015-06-15,07:00:00,8.10
2015-06-15,08:00:00,7.93
2015-06-15,09:00:00,7.88
2015-06-15,10:00:00,7.84
2015-06-15,11:00:00,7.85
2015-06-15,12:00:00,7.86
2015-06-15,13:00:00,7.88
2015-06-15,14:00:00,7.96
2015-06-15,15:00:00,8.04
2015-06-15,16:00:00,8.19
2015-06-15,17:00:00,8.08
2015-06-15,18:00:00,8.22
2015-06-15,19:00:00,8.18
2015-06-15,20:00:00,7.58
2015-06-15,21:00:00,7.23
2015-06-15,22:00:00,7.13
2015-06-15,23:00:00,7.11
2015-06-16,00:00:00,7.16
2015-06-16,01:00:00,7.16
2015-06-16,02:00:00,7.16
2015-06-16,03:00:00,7.15
2015-06-16,04:00:00,7.13
2015-06-16,05:00:00,7.10
2015-06-16,06:00:00,7.05
2015-06-16,07:00:00,7.04
2015-06-16,08:00:00,7.07
2015-06-16,09:00:00,7.10
2015-06-16,10:00:00,7.15
2015-06-16,11:00:00,7.21
2015-06-16,12:00:00,7.31
2015-06-16,13:00:00,7.47
2015-06-16,14:00:00,7.71
2015-06-16,15:00:00,8.07
2015-06-16,16:00:00,8.20
2015-06-16,17:00:00,8.33
2015-06-16,18:00:00,8.24
2015-06-16,19:00:00,8.28
2015-06-16,20:00:00,8.20
2015-06-16,21:00:00,8.04
2015-06-16,22:00:00,7.91
2015-06-16,23:00:00,7.76
2015-06-17,00:00:00,7.63
2015-06-17,01:00:00,7.65
2015-06-17,02:00:00,7.68
2015-06-17,03:00:00,7.66
2015-06-17,04:00:00,7.60
2015-06-17,05:00:00,7.79
2015-06-17,06:00:00,7.67
2015-06-17,07:00:00,7.60
2015-06-17,08:00:00,7.56
2015-06-17,09:00:00,7.74
2015-06-17,10:00:00,7.75
2015-06-17,11:00:00,7.34
2015-06-17,12:00:00,7.12
2015-06-17,13:00:00,7.08
2015-06-17,14:00:00,7.09
2015-06-17,15:00:00,7.21
2015-06-17,16:00:00,7.24
2015-06-17,17:00:00,7.29
2015-06-17,18:00:00,7.14
2015-06-17,19:00:00,7.55
2015-06-17,20:00:00,7.55
2015-06-17,21:00:00,7.67
2015-06-17,22:00:00,7.59
2015-06-17,23:00:00,7.78
2015-06-18,00:00:00,7.71
2015-06-18,01:00:00,7.68
2015-06-18,02:00:00,7.65
2015-06-18,03:00:00,7.61
2015-06-18,04:00:00,7.51
2015-06-18,05:00:00,7.45
2015-06-18,06:00:00,7.40
2015-06-18,07:00:00,7.22
2015-06-18,08:00:00,7.07
2015-06-18,09:00:00,6.97
2015-06-18,10:00:00,7.35
2015-06-18,11:00:00,7.41
2015-06-18,12:00:00,7.35
2015-06-18,13:00:00,7.44
2015-06-18,14:00:00,7.50
2015-06-18,15:00:00,7.58
2015-06-18,16:00:00,7.56
2015-06-18,17:00:00,7.61
2015-06-18,18:00:00,7.77
2015-06-18,19:00:00,8.49
2015-06-18,20:00:00,8.38
2015-06-18,21:00:00,8.05
2015-06-18,22:00:00,7.83
2015-06-18,23:00:00,7.70
2015-06-19,00:00:00,7.65
2015-06-19,01:00:00,7.68
2015-06-19,02:00:00,7.67
2015-06-19,03:00:00,7.69
2015-06-19,04:00:00,7.69
2015-06-19,05:00:00,7.70
2015-06-19,06:00:00,7.81
2015-06-19,07:00:00,7.81
2015-06-19,08:00:00,7.80
2015-06-19,09:00:00,7.82
2015-06-19,10:00:00,7.84
2015-06-19,11:00:00,7.85
2015-06-19,12:00:00,7.90
2015-06-19,13:00:00,7.89
2015-06-19,14:00:00,7.74
2015-06-19,15:00:00,7.67
2015-06-19,16:00:00,7.64
2015-06-19,17:00:00,7.60
2015-06-19,18:00:00,7.61
2015-06-19,19:00:00,7.69
2015-06-19,20:00:00,7.55
2015-06-19,21:00:00,7.53
2015-06-19,22:00:00,7.55
2015-06-19,23:00:00,7.56
2015-06-20,00:00:00,7.60
2015-06-20,01:00:00,7.71
2015-06-20,02:00:00,7.73
2015-06-20,03:00:00,7.78
2015-06-20,04:00:00,7.78
2015-06-20,05:00:00,7.80
2015-06-20,06:00:00,7.83
2015-06-20,07:00:00,7.86
2015-06-20,08:00:00,7.88
2015-06-20,09:00:00,7.93
2015-06-20,10:00:00,8.00
2015-06-20,11:00:00,7.95
2015-06-20,12:00:00,8.06
2015-06-20,13:00:00,7.94
2015-06-20,14:00:00,7.68
2015-06-20,15:00:00,7.89
2015-06-20,16:00:00,7.83
2015-06-20,17:00:00,8.05
2015-06-20,18:00:00,8.17
2015-06-20,19:00:00,8.40
2015-06-20,20:00:00,8.29
2015-06-20,21:00:00,8.31
2015-06-20,22:00:00,8.30
2015-06-20,23:00:00,8.30
2015-06-21,00:00:00,8.27
2015-06-21,01:00:00,8.22
2015-06-21,02:00:00,8.21
2015-06-21,03:00:00,8.25
2015-06-21,04:00:00,8.05
2015-06-21,05:00:00,7.96
2015-06-21,06:00:00,8.10
2015-06-21,07:00:00,8.15
2015-06-21,08:00:00,8.13
2015-06-21,09:00:00,8.20
2015-06-21,10:00:00,8.16
2015-06-21,11:00:00,8.09
2015-06-21,12:00:00,8.08
2015-06-21,13:00:00,8.22
2015-06-21,14:00:00,8.33
2015-06-21,15:00:00,9.02
2015-06-21,16:00:00,9.01
2015-06-21,17:00:00,8.70
2015-06-21,18:00:00,8.64
2015-06-21,19:00:00,8.93
2015-06-21,20:00:00,8.83
2015-06-21,21:00:00,8.61
2015-06-21,22:00:00,8.57
2015-06-21,23:00:00,8.58
2015-06-22,00:00:00,8.76
2015-06-22,01:00:00,8.95
2015-06-22,02:00:00,8.37
2015-06-22,03:00:00,8.42
2015-06-22,04:00:00,8.52
2015-06-22,05:00:00,8.47
2015-06-22,06:00:00,8.54
2015-06-22,07:00:00,8.46
2015-06-22,08:00:00,8.51
2015-06-22,09:00:00,8.52
2015-06-22,10:00:00,8.68
2015-06-22,11:00:00,8.74
2015-06-22,12:00:00,8.81
2015-06-22,13:00:00,8.65
2015-06-22,14:00:00,8.81
2015-06-22,15:00:00,8.81
2015-06-22,16:00:00,8.41
2015-06-22,17:00:00,8.52
2015-06-22,18:00:00,8.57
2015-06-22,19:00:00,8.61
2015-06-22,20:00:00,8.68
2015-06-22,21:00:00,8.72
2015-06-22,22:00:00,8.72
2015-06-22,23:00:00,8.66
2015-06-23,00:00:00,8.47
2015-06-23,01:00:00,7.98
2015-06-23,02:00:00,7.97
2015-06-23,03:00:00,7.82
2015-06-23,04:00:00,7.56
2015-06-23,05:00:00,7.49
2015-06-23,06:00:00,7.51
2015-06-23,07:00:00,7.77
2015-06-23,08:00:00,7.76
2015-06-23,09:00:00,7.63
2015-06-23,10:00:00,7.61
2015-06-23,11:00:00,7.67
2015-06-23,12:00:00,7.47
2015-06-23,13:00:00,7.54
2015-06-23,14:00:00,7.66
2015-06-23,15:00:00,7.69
2015-06-23,16:00:00,7.67
2015-06-23,17:00:00,7.76
2015-06-23,18:00:00,7.85
2015-06-23,19:00:00,7.95
2015-06-23,20:00:00,7.99
2015-06-23,21:00:00,8.00
2015-06-23,22:00:00,7.85
2015-06-23,23:00:00,7.61
2015-06-24,00:00:00,7.42
2015-06-24,01:00:00,7.11
2015-06-24,02:00:00,6.91
2015-06-24,03:00:00,6.81
2015-06-24,04:00:00,6.86
2015-06-24,05:00:00,6.91
2015-06-24,06:00:00,6.86
2015-06-24,07:00:00,6.47
2015-06-24,08:00:00,6.75
2015-06-24,09:00:00,6.33
2015-06-24,10:00:00,6.46
2015-06-24,11:00:00,6.45
2015-06-24,12:00:00,6.41
2015-06-24,13:00:00,6.29
2015-06-24,14:00:00,6.34
2015-06-24,15:00:00,6.44
2015-06-24,16:00:00,6.56
2015-06-24,17:00:00,6.68
2015-06-24,18:00:00,7.04
2015-06-24,19:00:00,7.19
2015-06-24,20:00:00,6.98
2015-06-24,21:00:00,6.89
2015-06-24,22:00:00,6.96
2015-06-24,23:00:00,6.85
2015-06-25,00:00:00,6.78
2015-06-25,01:00:00,6.74
2015-06-25,02:00:00,6.73
2015-06-25,03:00:00,6.73
2015-06-25,04:00:00,6.70
2015-06-25,05:00:00,6.70
2015-06-25,06:00:00,6.70
2015-06-25,07:00:00,6.71
2015-06-25,08:00:00,6.76
2015-06-25,09:00:00,6.80
2015-06-25,10:00:00,6.85
2015-06-25,11:00:00,6.94
2015-06-25,12:00:00,7.06
2015-06-25,13:00:00,7.10
2015-06-25,14:00:00,7.07
2015-06-25,15:00:00,7.11
2015-06-25,16:00:00,7.16
2015-06-25,17:00:00,7.20
2015-06-25,18:00:00,7.22
2015-06-25,19:00:00,7.26
2015-06-25,20:00:00,7.30
2015-06-25,21:00:00,7.28
2015-06-25,22:00:00,6.96
2015-06-25,23:00:00,6.90
2015-06-26,00:00:00,6.87
2015-06-26,01:00:00,6.87
2015-06-26,02:00:00,6.98
2015-06-26,03:00:00,7.07
2015-06-26,04:00:00,7.07
2015-06-26,05:00:00,7.09
2015-06-26,06:00:00,7.05
2015-06-26,07:00:00,7.05
2015-06-26,08:00:00,7.08
2015-06-26,09:00:00,7.10
2015-06-26,10:00:00,7.13
2015-06-26,11:00:00,7.22
2015-06-26,12:00:00,7.25
2015-06-26,13:00:00,7.29
2015-06-26,14:00:00,7.28
2015-06-26,15:00:00,7.28
2015-06-26,16:00:00,7.36
2015-06-26,17:00:00,7.43
2015-06-26,18:00:00,7.48
2015-06-26,19:00:00,7.48
2015-06-26,20:00:00,7.44
2015-06-26,21:00:00,7.41
2015-06-26,22:00:00,7.46
2015-06-26,23:00:00,7.47
2015-06-27,00:00:00,7.48
2015-06-27,01:00:00,7.47
2015-06-27,02:00:00,7.48
2015-06-27,03:00:00,7.42
2015-06-27,04:00:00,7.43
2015-06-27,05:00:00,7.34
2015-06-27,06:00:00,7.32
2015-06-27,07:00:00,7.30
2015-06-27,08:00:00,7.31
2015-06-27,09:00:00,7.33
2015-06-27,10:00:00,7.43
2015-06-27,11:00:00,7.47
2015-06-27,12:00:00,7.48
2015-06-27,13:00:00,7.49
2015-06-27,14:00:00,7.50
2015-06-27,15:00:00,7.59
2015-06-27,16:00:00,7.71
2015-06-27,17:00:00,7.83
2015-06-27,18:00:00,7.95
2015-06-27,19:00:00,8.05
2015-06-27,20:00:00,7.67
2015-06-27,21:00:00,7.42
2015-06-27,22:00:00,7.39
2015-06-27,23:00:00,8.22
2015-06-28,00:00:00,7.58
2015-06-28,01:00:00,7.65
2015-06-28,02:00:00,7.51
2015-06-28,03:00:00,7.45
2015-06-28,04:00:00,7.40
2015-06-28,05:00:00,7.36
2015-06-28,06:00:00,7.37
2015-06-28,07:00:00,7.37
2015-06-28,08:00:00,7.40
2015-06-28,09:00:00,7.36
2015-06-28,10:00:00,7.38
2015-06-28,11:00:00,7.44
2015-06-28,12:00:00,7.54
2015-06-28,13:00:00,7.73
2015-06-28,14:00:00,7.82
2015-06-28,15:00:00,8.02
2015-06-28,16:00:00,8.11
2015-06-28,17:00:00,8.32
2015-06-28,18:00:00,8.41
2015-06-28,19:00:00,8.44
2015-06-28,20:00:00,8.40
2015-06-28,21:00:00,8.43
2015-06-28,22:00:00,8.60
2015-06-28,23:00:00,8.46
2015-06-29,00:00:00,8.55
2015-06-29,01:00:00,8.66
2015-06-29,02:00:00,8.77
2015-06-29,03:00:00,8.89
2015-06-29,04:00:00,8.89
2015-06-29,05:00:00,8.82
2015-06-29,06:00:00,8.87
2015-06-29,07:00:00,8.88
2015-06-29,08:00:00,8.98
2015-06-29,09:00:00,8.87
2015-06-29,10:00:00,8.87
2015-06-29,11:00:00,8.77
2015-06-29,12:00:00,8.82
2015-06-29,13:00:00,8.89
2015-06-29,14:00:00,9.10
2015-06-29,15:00:00,9.13
2015-06-29,16:00:00,9.13
2015-06-29,17:00:00,9.03
2015-06-29,18:00:00,8.99
2015-06-29,19:00:00,8.97
2015-06-29,20:00:00,8.93
2015-06-29,21:00:00,8.90
2015-06-29,22:00:00,8.87
2015-06-29,23:00:00,8.81
2015-06-30,00:00:00,8.88
2015-06-30,01:00:00,8.89
2015-06-30,02:00:00,8.86
2015-06-30,03:00:00,8.83
2015-06-30,04:00:00,8.81
2015-06-30,05:00:00,8.76
2015-06-30,06:00:00,8.74
2015-06-30,07:00:00,8.73
2015-06-30,08:00:00,8.74
2015-06-30,09:00:00,8.77
2015-06-30,10:00:00,8.85
2015-06-30,11:00:00,8.83
2015-06-30,12:00:00,8.94
2015-06-30,13:00:00,9.02
2015-06-30,14:00:00,9.15
2015-06-30,15:00:00,9.28
2015-06-30,16:00:00,9.34
2015-06-30,17:00:00,9.44
2015-06-30,18:00:00,9.61
2015-06-30,19:00:00,9.56
2015-06-30,20:00:00,9.68
2015-06-30,21:00:00,9.72
2015-06-30,22:00:00,9.54
2015-06-30,23:00:00,9.09
2015-07-01,00:00:00,8.97
2015-07-01,01:00:00,8.99
2015-07-01,02:00:00,9.08
2015-07-01,03:00:00,9.04
2015-07-01,04:00:00,9.02
2015-07-01,05:00:00,9.03
2015-07-01,06:00:00,9.14
2015-07-01,07:00:00,9.20
2015-07-01,08:00:00,9.27
2015-07-01,09:00:00,9.34
2015-07-01,10:00:00,9.38
2015-07-01,11:00:00,9.40
2015-07-01,12:00:00,9.44
2015-07-01,13:00:00,9.49
2015-07-01,14:00:00,9.47
2015-07-01,15:00:00,9.21
2015-07-01,16:00:00,9.13
2015-07-01,17:00:00,9.07
2015-07-01,18:00:00,9.08
2015-07-01,19:00:00,9.04
2015-07-01,20:00:00,9.00
2015-07-01,21:00:00,8.99
2015-07-01,22:00:00,8.93
2015-07-01,23:00:00,8.88
2015-07-02,00:00:00,8.86
2015-07-02,01:00:00,8.86
2015-07-02,02:00:00,8.83
2015-07-02,03:00:00,8.93
2015-07-02,04:00:00,9.02
2015-07-02,05:00:00,9.04
2015-07-02,06:00:00,9.04
2015-07-02,07:00:00,9.04
2015-07-02,08:00:00,9.04
2015-07-02,09:00:00,9.02
2015-07-02,10:00:00,9.03
2015-07-02,11:00:00,9.07
2015-07-02,12:00:00,9.10
2015-07-02,13:00:00,9.25
2015-07-02,14:00:00,9.35
2015-07-02,15:00:00,10.37
2015-07-02,16:00:00,10.58
2015-07-02,17:00:00,10.61
2015-07-02,18:00:00,9.52
2015-07-02,19:00:00,9.29
2015-07-02,20:00:00,9.09
2015-07-02,21:00:00,8.76
2015-07-02,22:00:00,8.77
2015-07-02,23:00:00,8.70
2015-07-03,00:00:00,8.64
2015-07-03,01:00:00,8.68
2015-07-03,02:00:00,8.68
2015-07-03,03:00:00,8.80
2015-07-03,04:00:00,8.68
2015-07-03,05:00:00,8.69
2015-07-03,06:00:00,8.84
2015-07-03,07:00:00,8.89
2015-07-03,08:00:00,9.03
2015-07-03,09:00:00,9.06
2015-07-03,10:00:00,9.11
2015-07-03,11:00:00,9.16
2015-07-03,12:00:00,9.21
2015-07-03,13:00:00,9.29
2015-07-03,14:00:00,9.36
2015-07-03,15:00:00,9.49
2015-07-03,16:00:00,9.67
2015-07-03,17:00:00,9.69
2015-07-03,18:00:00,9.64
2015-07-03,19:00:00,9.66
2015-07-03,20:00:00,9.70
2015-07-03,21:00:00,9.66
2015-07-03,22:00:00,9.75
2015-07-03,23:00:00,9.82
2015-07-04,00:00:00,9.36
2015-07-04,01:00:00,9.83
2015-07-04,02:00:00,10.73
2015-07-04,03:00:00,10.76
2015-07-04,04:00:00,10.46
2015-07-04,05:00:00,10.41
2015-07-04,06:00:00,9.54
2015-07-04,07:00:00,9.27
2015-07-04,08:00:00,9.11
2015-07-04,09:00:00,9.01
2015-07-04,10:00:00,9.07
2015-07-04,11:00:00,9.06
2015-07-04,12:00:00,9.39
2015-07-04,13:00:00,9.78
2015-07-04,14:00:00,9.94
2015-07-04,15:00:00,10.14
2015-07-04,16:00:00,10.21
2015-07-04,17:00:00,10.47
2015-07-04,18:00:00,10.86
2015-07-04,19:00:00,10.52
2015-07-04,20:00:00,10.61
2015-07-04,21:00:00,10.63
2015-07-04,22:00:00,10.58
2015-07-04,23:00:00,10.76
2015-07-05,00:00:00,10.73
2015-07-05,01:00:00,10.57
2015-07-05,02:00:00,10.59
2015-07-05,03:00:00,10.63
2015-07-05,04:00:00,10.56
2015-07-05,05:00:00,10.63
2015-07-05,06:00:00,10.66
2015-07-05,07:00:00,10.68
2015-07-05,08:00:00,10.62
2015-07-05,09:00:00,10.64
2015-07-05,10:00:00,10.55
2015-07-05,11:00:00,10.53
2015-07-05,12:00:00,10.61
2015-07-05,13:00:00,10.70
2015-07-05,14:00:00,10.99
2015-07-05,15:00:00,10.98
2015-07-05,16:00:00,10.53
2015-07-05,17:00:00,10.65
2015-07-05,18:00:00,10.52
2015-07-05,19:00:00,10.42
2015-07-05,20:00:00,10.39
2015-07-05,21:00:00,10.41
2015-07-05,22:00:00,10.33
2015-07-05,23:00:00,10.55
2015-07-06,00:00:00,10.43
2015-07-06,01:00:00,10.82
2015-07-06,02:00:00,10.78
2015-07-06,03:00:00,10.54
2015-07-06,04:00:00,11.04
2015-07-06,05:00:00,10.44
2015-07-06,06:00:00,11.02
2015-07-06,07:00:00,10.66
2015-07-06,08:00:00,10.39
2015-07-06,09:00:00,10.57
2015-07-06,10:00:00,10.54
2015-07-06,11:00:00,10.61
2015-07-06,12:00:00,10.33
2015-07-06,13:00:00,10.31
2015-07-06,14:00:00,10.36
2015-07-06,15:00:00,10.29
2015-07-06,16:00:00,10.40
2015-07-06,17:00:00,10.55
2015-07-06,18:00:00,10.48
2015-07-06,19:00:00,10.39
2015-07-06,20:00:00,9.90
2015-07-06,21:00:00,9.83
2015-07-06,22:00:00,9.91
2015-07-06,23:00:00,9.90
2015-07-07,00:00:00,9.88
2015-07-07,01:00:00,9.74
2015-07-07,02:00:00,9.30
2015-07-07,03:00:00,9.20
2015-07-07,04:00:00,9.22
2015-07-07,05:00:00,9.79
2015-07-07,06:00:00,9.77
2015-07-07,07:00:00,9.76
2015-07-07,08:00:00,9.64
2015-07-07,09:00:00,9.47
2015-07-07,10:00:00,9.54
2015-07-07,11:00:00,9.20
2015-07-07,12:00:00,9.17
2015-07-07,13:00:00,9.27
2015-07-07,14:00:00,9.80
2015-07-07,15:00:00,10.04
2015-07-07,16:00:00,10.11
2015-07-07,17:00:00,10.34
2015-07-07,18:00:00,10.33
2015-07-07,19:00:00,10.36
2015-07-07,20:00:00,10.61
2015-07-07,21:00:00,10.71
2015-07-07,22:00:00,10.69
2015-07-07,23:00:00,10.61
2015-07-08,00:00:00,10.49
2015-07-08,01:00:00,10.56
2015-07-08,02:00:00,10.63
2015-07-08,03:00:00,10.52
2015-07-08,04:00:00,10.50
2015-07-08,05:00:00,10.60
2015-07-08,06:00:00,10.71
2015-07-08,07:00:00,10.66
2015-07-08,08:00:00,10.70
2015-07-08,09:00:00,10.82
2015-07-08,10:00:00,10.96
2015-07-08,11:00:00,11.00
2015-07-08,12:00:00,11.02
2015-07-08,13:00:00,11.06
2015-07-08,14:00:00,11.20
2015-07-08,15:00:00,11.39
2015-07-08,16:00:00,11.52
2015-07-08,17:00:00,11.74
2015-07-08,18:00:00,11.89
2015-07-08,19:00:00,11.75
2015-07-08,20:00:00,11.51
2015-07-08,21:00:00,11.47
2015-07-08,22:00:00,11.47
2015-07-08,23:00:00,11.49
2015-07-09,00:00:00,11.53
2015-07-09,01:00:00,11.45
2015-07-09,02:00:00,11.36
2015-07-09,03:00:00,11.24
2015-07-09,04:00:00,11.19
2015-07-09,05:00:00,11.19
2015-07-09,06:00:00,11.12
2015-07-09,07:00:00,11.09
2015-07-09,08:00:00,11.34
2015-07-09,09:00:00,11.47
2015-07-09,10:00:00,11.46
2015-07-09,11:00:00,11.52
2015-07-09,12:00:00,11.59
2015-07-09,13:00:00,11.61
2015-07-09,14:00:00,11.62
2015-07-09,15:00:00,11.45
2015-07-09,16:00:00,11.42
2015-07-09,17:00:00,11.49
2015-07-09,18:00:00,11.51
2015-07-09,19:00:00,11.79
2015-07-09,20:00:00,11.86
2015-07-09,21:00:00,11.83
2015-07-09,22:00:00,11.82
2015-07-09,23:00:00,11.87
2015-07-10,00:00:00,11.83
2015-07-10,01:00:00,11.87
2015-07-10,02:00:00,11.85
2015-07-10,03:00:00,11.93
2015-07-10,04:00:00,11.96
2015-07-10,05:00:00,11.72
2015-07-10,06:00:00,11.61
2015-07-10,07:00:00,11.49
2015-07-10,08:00:00,11.47
2015-07-10,09:00:00,11.49
2015-07-10,10:00:00,11.54
2015-07-10,11:00:00,11.53
2015-07-10,12:00:00,11.67
2015-07-10,13:00:00,11.76
2015-07-10,14:00:00,12.13
2015-07-10,15:00:00,12.19
2015-07-10,16:00:00,12.23
2015-07-10,17:00:00,12.23
2015-07-10,18:00:00,12.27
2015-07-10,19:00:00,13.03
2015-07-10,20:00:00,13.12
2015-07-10,21:00:00,13.10
2015-07-10,22:00:00,13.05
2015-07-10,23:00:00,13.01
2015-07-11,00:00:00,12.91
2015-07-11,01:00:00,12.56
2015-07-11,02:00:00,12.28
2015-07-11,03:00:00,12.11
2015-07-11,04:00:00,11.94
2015-07-11,05:00:00,11.88
2015-07-11,06:00:00,11.69
2015-07-11,07:00:00,11.71
2015-07-11,08:00:00,11.74
2015-07-11,09:00:00,11.72
2015-07-11,10:00:00,11.49
2015-07-11,11:00:00,11.44
2015-07-11,12:00:00,11.48
2015-07-11,13:00:00,11.47
2015-07-11,14:00:00,11.52
2015-07-11,15:00:00,11.55
2015-07-11,16:00:00,11.68
2015-07-11,17:00:00,11.67
2015-07-11,18:00:00,11.78
2015-07-11,19:00:00,11.97
2015-07-11,20:00:00,11.90
2015-07-11,21:00:00,11.70
2015-07-11,22:00:00,11.67
2015-07-11,23:00:00,11.69
2015-07-12,00:00:00,11.69
2015-07-12,01:00:00,11.57
2015-07-12,02:00:00,11.44
2015-07-12,03:00:00,11.39
2015-07-12,04:00:00,11.41
2015-07-12,05:00:00,11.39
2015-07-12,06:00:00,11.29
2015-07-12,07:00:00,11.19
2015-07-12,08:00:00,11.21
2015-07-12,09:00:00,11.17
2015-07-12,10:00:00,11.16
2015-07-12,11:00:00,10.95
2015-07-12,12:00:00,11.09
2015-07-12,13:00:00,11.15
2015-07-12,14:00:00,11.13
2015-07-12,15:00:00,11.15
2015-07-12,16:00:00,11.24
2015-07-12,17:00:00,11.74
2015-07-12,18:00:00,11.78
2015-07-12,19:00:00,11.41
2015-07-12,20:00:00,11.35
2015-07-12,21:00:00,11.27
2015-07-12,22:00:00,11.15
2015-07-12,23:00:00,11.13
2015-07-13,00:00:00,11.22
2015-07-13,01:00:00,11.12
2015-07-13,02:00:00,11.21
2015-07-13,03:00:00,11.21
2015-07-13,04:00:00,11.17
2015-07-13,05:00:00,11.19
2015-07-13,06:00:00,11.20
2015-07-13,07:00:00,11.28
2015-07-13,08:00:00,11.21
2015-07-13,09:00:00,11.46
2015-07-13,10:00:00,11.59
2015-07-13,11:00:00,11.55
2015-07-13,12:00:00,11.63
2015-07-13,13:00:00,11.74
2015-07-13,14:00:00,11.64
2015-07-13,15:00:00,11.67
2015-07-13,16:00:00,11.71
2015-07-13,17:00:00,11.83
2015-07-13,18:00:00,11.90
2015-07-13,19:00:00,11.71
2015-07-13,20:00:00,11.53
2015-07-13,21:00:00,11.71
2015-07-13,22:00:00,11.66
2015-07-13,23:00:00,11.61
2015-07-14,00:00:00,11.62
2015-07-14,01:00:00,11.72
2015-07-14,02:00:00,11.82
2015-07-14,03:00:00,11.89
2015-07-14,04:00:00,11.86
2015-07-14,05:00:00,11.84
2015-07-14,06:00:00,11.77
2015-07-14,07:00:00,11.73
2015-07-14,08:00:00,11.71
2015-07-14,09:00:00,11.71
2015-07-14,10:00:00,11.73
2015-07-14,11:00:00,11.76
2015-07-14,12:00:00,11.83
2015-07-14,13:00:00,11.99
2015-07-14,14:00:00,12.02
2015-07-14,15:00:00,12.11
2015-07-14,16:00:00,12.20
2015-07-14,17:00:00,12.24
2015-07-14,18:00:00,12.16
2015-07-14,19:00:00,12.01
2015-07-14,20:00:00,11.98
2015-07-14,21:00:00,11.90
2015-07-14,22:00:00,11.89
2015-07-14,23:00:00,11.60
2015-07-15,00:00:00,11.18
2015-07-15,01:00:00,11.63
2015-07-15,02:00:00,11.42
2015-07-15,03:00:00,11.50
2015-07-15,04:00:00,11.67
2015-07-15,05:00:00,11.62
2015-07-15,06:00:00,11.56
2015-07-15,07:00:00,11.52
2015-07-15,08:00:00,11.52
2015-07-15,09:00:00,11.60
2015-07-15,10:00:00,11.65
2015-07-15,11:00:00,11.69
2015-07-15,12:00:00,11.64
2015-07-15,13:00:00,11.49
2015-07-15,14:00:00,11.05
2015-07-15,15:00:00,10.84
2015-07-15,16:00:00,10.71
2015-07-15,17:00:00,10.64
2015-07-15,18:00:00,10.63
2015-07-15,19:00:00,10.66
2015-07-15,20:00:00,10.74
2015-07-15,21:00:00,11.28
2015-07-15,22:00:00,11.34
2015-07-15,23:00:00,11.40
2015-07-16,00:00:00,11.58
2015-07-16,01:00:00,11.60
2015-07-16,02:00:00,11.65
2015-07-16,03:00:00,11.71
2015-07-16,04:00:00,11.71
2015-07-16,05:00:00,11.75
2015-07-16,06:00:00,11.81
2015-07-16,07:00:00,11.81
2015-07-16,08:00:00,11.82
2015-07-16,09:00:00,11.86
2015-07-16,10:00:00,11.88
2015-07-16,11:00:00,11.90
2015-07-16,12:00:00,11.93
2015-07-16,13:00:00,12.04
2015-07-16,14:00:00,12.12
2015-07-16,15:00:00,12.10
2015-07-16,16:00:00,12.08
2015-07-16,17:00:00,12.09
2015-07-16,18:00:00,12.06
2015-07-16,19:00:00,12.11
2015-07-16,20:00:00,12.10
2015-07-16,21:00:00,12.13
2015-07-16,22:00:00,12.10
2015-07-16,23:00:00,12.05
2015-07-17,00:00:00,12.12
2015-07-17,01:00:00,12.13
2015-07-17,02:00:00,12.16
2015-07-17,03:00:00,12.20
2015-07-17,04:00:00,12.39
2015-07-17,05:00:00,12.55
2015-07-17,06:00:00,12.64
2015-07-17,07:00:00,12.50
2015-07-17,08:00:00,12.54
2015-07-17,09:00:00,12.45
2015-07-17,10:00:00,12.39
2015-07-17,11:00:00,12.34
2015-07-17,12:00:00,12.28
2015-07-17,13:00:00,12.26
2015-07-17,14:00:00,12.39
2015-07-17,15:00:00,12.30
2015-07-17,16:00:00,12.43
2015-07-17,17:00:00,12.34
2015-07-17,18:00:00,12.40
2015-07-17,19:00:00,12.50
2015-07-17,20:00:00,12.52
2015-07-17,21:00:00,12.29
2015-07-17,22:00:00,12.38
2015-07-17,23:00:00,11.91
2015-07-18,00:00:00,11.80
2015-07-18,01:00:00,11.83
2015-07-18,02:00:00,11.57
2015-07-18,03:00:00,11.40
2015-07-18,04:00:00,11.45
2015-07-18,05:00:00,11.42
2015-07-18,06:00:00,11.33
2015-07-18,07:00:00,11.32
2015-07-18,08:00:00,11.54
2015-07-18,09:00:00,11.53
2015-07-18,10:00:00,11.56
2015-07-18,11:00:00,11.78
2015-07-18,12:00:00,11.76
2015-07-18,13:00:00,11.92
2015-07-18,14:00:00,12.03
2015-07-18,15:00:00,12.03
2015-07-18,16:00:00,12.14
2015-07-18,17:00:00,12.40
2015-07-18,18:00:00,12.60
2015-07-18,19:00:00,12.72
2015-07-18,20:00:00,12.29
2015-07-18,21:00:00,11.63
2015-07-18,22:00:00,12.59
2015-07-18,23:00:00,12.40
2015-07-19,00:00:00,12.11
2015-07-19,01:00:00,11.69
2015-07-19,02:00:00,11.57
2015-07-19,03:00:00,11.75
2015-07-19,04:00:00,11.65
2015-07-19,05:00:00,11.43
2015-07-19,06:00:00,11.34
2015-07-19,07:00:00,11.40
2015-07-19,08:00:00,11.52
2015-07-19,09:00:00,11.44
2015-07-19,10:00:00,11.49
2015-07-19,11:00:00,11.62
2015-07-19,12:00:00,11.50
2015-07-19,13:00:00,11.52
2015-07-19,14:00:00,11.47
2015-07-19,15:00:00,11.39
2015-07-19,16:00:00,11.52
2015-07-19,17:00:00,11.59
2015-07-19,18:00:00,11.58
2015-07-19,19:00:00,11.70
2015-07-19,20:00:00,11.64
2015-07-19,21:00:00,11.61
2015-07-19,22:00:00,11.59
2015-07-19,23:00:00,11.59
2015-07-20,00:00:00,11.63
2015-07-20,01:00:00,11.60
2015-07-20,02:00:00,11.60
2015-07-20,03:00:00,11.57
2015-07-20,04:00:00,11.47
2015-07-20,05:00:00,11.35
2015-07-20,06:00:00,11.36
2015-07-20,07:00:00,11.32
2015-07-20,08:00:00,11.58
2015-07-20,09:00:00,11.58
2015-07-20,10:00:00,11.54
2015-07-20,11:00:00,11.59
2015-07-20,12:00:00,11.53
2015-07-20,13:00:00,11.52
2015-07-20,14:00:00,11.51
2015-07-20,15:00:00,11.36
2015-07-20,16:00:00,11.34
2015-07-20,17:00:00,11.34
2015-07-20,18:00:00,11.33
2015-07-20,19:00:00,11.20
2015-07-20,20:00:00,11.30
2015-07-20,21:00:00,11.28
2015-07-20,22:00:00,11.15
2015-07-20,23:00:00,11.03
2015-07-21,00:00:00,10.96
2015-07-21,01:00:00,10.87
2015-07-21,02:00:00,10.84
2015-07-21,03:00:00,10.80
2015-07-21,04:00:00,10.75
2015-07-21,05:00:00,10.71
2015-07-21,06:00:00,10.71
2015-07-21,07:00:00,10.70
2015-07-21,08:00:00,10.61
2015-07-21,09:00:00,10.57
2015-07-21,10:00:00,10.53
2015-07-21,11:00:00,10.54
2015-07-21,12:00:00,10.49
2015-07-21,13:00:00,10.46
2015-07-21,14:00:00,10.47
2015-07-21,15:00:00,10.52
2015-07-21,16:00:00,10.57
2015-07-21,17:00:00,10.63
2015-07-21,18:00:00,10.70
2015-07-21,19:00:00,10.77
2015-07-21,20:00:00,10.77
2015-07-21,21:00:00,10.71
2015-07-21,22:00:00,10.64
2015-07-21,23:00:00,10.61
2015-07-22,00:00:00,10.60
2015-07-22,01:00:00,10.60
2015-07-22,02:00:00,10.59
2015-07-22,03:00:00,10.55
2015-07-22,04:00:00,10.56
2015-07-22,05:00:00,10.57
2015-07-22,06:00:00,10.56
2015-07-22,07:00:00,10.56
2015-07-22,08:00:00,10.55
2015-07-22,09:00:00,10.55
2015-07-22,10:00:00,10.55
2015-07-22,11:00:00,10.55
2015-07-22,12:00:00,10.55
2015-07-22,13:00:00,10.60
2015-07-22,14:00:00,10.66
2015-07-22,15:00:00,10.66
2015-07-22,16:00:00,10.70
2015-07-22,17:00:00,10.76
2015-07-22,18:00:00,10.84
2015-07-22,19:00:00,10.82
2015-07-22,20:00:00,10.79
2015-07-22,21:00:00,10.77
2015-07-22,22:00:00,10.76
2015-07-22,23:00:00,10.73
2015-07-23,00:00:00,10.71
2015-07-23,01:00:00,10.70
2015-07-23,02:00:00,10.63
2015-07-23,03:00:00,10.54
2015-07-23,04:00:00,10.53
2015-07-23,05:00:00,10.54
2015-07-23,06:00:00,10.55
2015-07-23,07:00:00,10.55
2015-07-23,08:00:00,10.51
2015-07-23,09:00:00,10.50
2015-07-23,10:00:00,10.48
2015-07-23,11:00:00,10.47
2015-07-23,12:00:00,10.46
2015-07-23,13:00:00,10.47
2015-07-23,14:00:00,10.66
2015-07-23,15:00:00,10.83
2015-07-23,16:00:00,10.98
2015-07-23,17:00:00,11.09
2015-07-23,18:00:00,11.26
2015-07-23,19:00:00,11.40
2015-07-23,20:00:00,11.50
2015-07-23,21:00:00,11.54
2015-07-23,22:00:00,11.61
2015-07-23,23:00:00,11.61
2015-07-24,00:00:00,11.61
2015-07-24,01:00:00,11.64
2015-07-24,02:00:00,11.70
2015-07-24,03:00:00,11.75
2015-07-24,04:00:00,11.76
2015-07-24,05:00:00,11.81
2015-07-24,06:00:00,11.81
2015-07-24,07:00:00,11.80
2015-07-24,08:00:00,11.78
2015-07-24,09:00:00,11.75
2015-07-24,10:00:00,11.74
2015-07-24,11:00:00,11.75
2015-07-24,12:00:00,11.78
2015-07-24,13:00:00,11.84
2015-07-24,14:00:00,11.87
2015-07-24,15:00:00,11.89
2015-07-24,16:00:00,11.90
2015-07-24,17:00:00,11.92
2015-07-24,18:00:00,11.97
2015-07-24,19:00:00,11.97
2015-07-24,20:00:00,12.02
2015-07-24,21:00:00,12.00
2015-07-24,22:00:00,11.96
2015-07-24,23:00:00,11.84
2015-07-25,00:00:00,11.82
2015-07-25,01:00:00,11.73
2015-07-25,02:00:00,11.68
2015-07-25,03:00:00,11.66
2015-07-25,04:00:00,11.72
2015-07-25,05:00:00,11.65
2015-07-25,06:00:00,11.63
2015-07-25,07:00:00,11.62
2015-07-25,08:00:00,11.59
2015-07-25,09:00:00,11.57
2015-07-25,10:00:00,11.48
2015-07-25,11:00:00,11.49
2015-07-25,12:00:00,11.48
2015-07-25,13:00:00,11.50
2015-07-25,14:00:00,11.56
2015-07-25,15:00:00,11.47
2015-07-25,16:00:00,11.58
2015-07-25,17:00:00,11.61
2015-07-25,18:00:00,11.61
2015-07-25,19:00:00,11.59
2015-07-25,20:00:00,11.64
2015-07-25,21:00:00,11.67
2015-07-25,22:00:00,11.55
2015-07-25,23:00:00,11.51
2015-07-26,00:00:00,11.54
2015-07-26,01:00:00,11.52
2015-07-26,02:00:00,11.46
2015-07-26,03:00:00,11.35
2015-07-26,04:00:00,11.31
2015-07-26,05:00:00,11.27
2015-07-26,06:00:00,11.25
2015-07-26,07:00:00,11.22
2015-07-26,08:00:00,11.17
2015-07-26,09:00:00,11.09
2015-07-26,10:00:00,11.09
2015-07-26,11:00:00,11.09
2015-07-26,12:00:00,11.10
2015-07-26,13:00:00,11.16
2015-07-26,14:00:00,11.15
2015-07-26,15:00:00,11.17
2015-07-26,16:00:00,11.18
2015-07-26,17:00:00,11.18
2015-07-26,18:00:00,11.29
2015-07-26,19:00:00,11.31
2015-07-26,20:00:00,11.33
2015-07-26,21:00:00,11.34
2015-07-26,22:00:00,11.35
2015-07-26,23:00:00,11.34
2015-07-27,00:00:00,11.33
2015-07-27,01:00:00,11.29
2015-07-27,02:00:00,11.26
2015-07-27,03:00:00,11.21
2015-07-27,04:00:00,11.20
2015-07-27,05:00:00,11.19
2015-07-27,06:00:00,11.18
2015-07-27,07:00:00,11.22
2015-07-27,08:00:00,11.21
2015-07-27,09:00:00,11.21
2015-07-27,10:00:00,11.21
2015-07-27,11:00:00,11.24
2015-07-27,12:00:00,11.23
2015-07-27,13:00:00,11.26
2015-07-27,14:00:00,11.34
2015-07-27,15:00:00,11.47
2015-07-27,16:00:00,11.56
2015-07-27,17:00:00,11.77
2015-07-27,18:00:00,11.69
2015-07-27,19:00:00,11.77
2015-07-27,20:00:00,11.92
2015-07-27,21:00:00,11.76
2015-07-27,22:00:00,11.64
2015-07-27,23:00:00,11.64
2015-07-28,00:00:00,11.60
2015-07-28,01:00:00,11.90
2015-07-28,02:00:00,12.07
2015-07-28,03:00:00,11.81
2015-07-28,04:00:00,11.78
2015-07-28,05:00:00,11.85
2015-07-28,06:00:00,11.87
2015-07-28,07:00:00,11.88
2015-07-28,08:00:00,11.88
2015-07-28,09:00:00,11.87
2015-07-28,10:00:00,11.89
2015-07-28,11:00:00,11.95
2015-07-28,12:00:00,12.00
2015-07-28,13:00:00,12.07
2015-07-28,14:00:00,12.16
2015-07-28,15:00:00,12.19
2015-07-28,16:00:00,12.31
2015-07-28,17:00:00,12.21
2015-07-28,18:00:00,12.24
2015-07-28,19:00:00,12.24
2015-07-28,20:00:00,12.09
2015-07-28,21:00:00,12.07
2015-07-28,22:00:00,12.29
2015-07-28,23:00:00,12.08
2015-07-29,00:00:00,12.07
2015-07-29,01:00:00,12.29
2015-07-29,02:00:00,12.30
2015-07-29,03:00:00,12.42
2015-07-29,04:00:00,12.45
2015-07-29,05:00:00,12.35
2015-07-29,06:00:00,12.30
2015-07-29,07:00:00,12.30
2015-07-29,08:00:00,12.35
2015-07-29,09:00:00,12.34
2015-07-29,10:00:00,12.31
2015-07-29,11:00:00,12.34
2015-07-29,12:00:00,12.43
2015-07-29,13:00:00,12.50
2015-07-29,14:00:00,12.55
2015-07-29,15:00:00,12.60
2015-07-29,16:00:00,12.61
2015-07-29,17:00:00,12.61
2015-07-29,18:00:00,12.53
2015-07-29,19:00:00,12.38
2015-07-29,20:00:00,12.25
2015-07-29,21:00:00,12.17
2015-07-29,22:00:00,12.10
2015-07-29,23:00:00,12.08
2015-07-30,00:00:00,12.09
2015-07-30,01:00:00,12.17
2015-07-30,02:00:00,12.37
2015-07-30,03:00:00,12.44
2015-07-30,04:00:00,12.44
2015-07-30,05:00:00,12.44
2015-07-30,06:00:00,12.46
2015-07-30,07:00:00,12.45
2015-07-30,08:00:00,12.36
2015-07-30,09:00:00,12.18
2015-07-30,10:00:00,12.12
2015-07-30,11:00:00,12.16
2015-07-30,12:00:00,12.20
2015-07-30,13:00:00,12.29
2015-07-30,14:00:00,12.05
2015-07-30,15:00:00,11.90
2015-07-30,16:00:00,11.73
2015-07-30,17:00:00,11.67
2015-07-30,18:00:00,11.80
2015-07-30,19:00:00,11.79
2015-07-30,20:00:00,11.75
2015-07-30,21:00:00,11.75
2015-07-30,22:00:00,11.79
2015-07-30,23:00:00,11.80
2015-07-31,00:00:00,11.83
2015-07-31,01:00:00,11.82
2015-07-31,02:00:00,11.81
2015-07-31,03:00:00,11.79
2015-07-31,04:00:00,11.79
2015-07-31,05:00:00,11.81
2015-07-31,06:00:00,11.78
2015-07-31,07:00:00,11.78
2015-07-31,08:00:00,11.78
2015-07-31,09:00:00,11.78
2015-07-31,10:00:00,11.77
2015-07-31,11:00:00,11.76
2015-07-31,12:00:00,11.80
2015-07-31,13:00:00,11.68
2015-07-31,14:00:00,11.74
2015-07-31,15:00:00,11.80
2015-07-31,16:00:00,11.86
2015-07-31,17:00:00,11.92
2015-07-31,18:00:00,11.94
2015-07-31,19:00:00,11.94
2015-07-31,20:00:00,11.95
2015-07-31,21:00:00,11.96
2015-07-31,22:00:00,11.96
2015-07-31,23:00:00,11.82
2015-08-01,00:00:00,11.72
2015-08-01,01:00:00,11.75
2015-08-01,02:00:00,11.60
2015-08-01,03:00:00,11.58
2015-08-01,04:00:00,11.63
2015-08-01,05:00:00,11.68
2015-08-01,06:00:00,11.66
2015-08-01,07:00:00,11.64
2015-08-01,08:00:00,11.70
2015-08-01,09:00:00,11.75
2015-08-01,10:00:00,11.75
2015-08-01,11:00:00,11.68
2015-08-01,12:00:00,11.65
2015-08-01,13:00:00,11.61
2015-08-01,14:00:00,11.66
2015-08-01,15:00:00,11.65
2015-08-01,16:00:00,11.69
2015-08-01,17:00:00,11.77
2015-08-01,18:00:00,11.82
2015-08-01,19:00:00,11.82
2015-08-01,20:00:00,11.86
2015-08-01,21:00:00,11.92
2015-08-01,22:00:00,12.07
2015-08-01,23:00:00,12.06
2015-08-02,00:00:00,12.10
2015-08-02,01:00:00,12.14
2015-08-02,02:00:00,12.18
2015-08-02,03:00:00,12.19
2015-08-02,04:00:00,12.18
2015-08-02,05:00:00,12.22
2015-08-02,06:00:00,12.31
2015-08-02,07:00:00,12.31
2015-08-02,08:00:00,12.29
2015-08-02,09:00:00,12.27
2015-08-02,10:00:00,12.28
2015-08-02,11:00:00,12.29
2015-08-02,12:00:00,12.34
2015-08-02,13:00:00,12.37
2015-08-02,14:00:00,12.46
2015-08-02,15:00:00,12.52
2015-08-02,16:00:00,12.68
2015-08-02,17:00:00,12.77
2015-08-02,18:00:00,12.87
2015-08-02,19:00:00,12.82
2015-08-02,20:00:00,12.66
2015-08-02,21:00:00,12.56
2015-08-02,22:00:00,12.40
2015-08-02,23:00:00,12.37
2015-08-03,00:00:00,12.43
2015-08-03,01:00:00,12.71
2015-08-03,02:00:00,12.75
2015-08-03,03:00:00,12.77
2015-08-03,04:00:00,12.89
2015-08-03,05:00:00,12.97
2015-08-03,06:00:00,13.06
2015-08-03,07:00:00,13.27
2015-08-03,08:00:00,13.22
2015-08-03,09:00:00,13.26
2015-08-03,10:00:00,13.33
2015-08-03,11:00:00,13.34
2015-08-03,12:00:00,13.37
2015-08-03,13:00:00,13.43
2015-08-03,14:00:00,13.63
2015-08-03,15:00:00,13.61
2015-08-03,16:00:00,13.44
2015-08-03,17:00:00,13.36
2015-08-03,18:00:00,13.94
2015-08-03,19:00:00,13.88
2015-08-03,20:00:00,13.76
2015-08-03,21:00:00,13.57
2015-08-03,22:00:00,13.39
2015-08-03,23:00:00,13.39
2015-08-04,00:00:00,13.66
2015-08-04,01:00:00,13.54
2015-08-04,02:00:00,13.50
2015-08-04,03:00:00,13.54
2015-08-04,04:00:00,13.60
2015-08-04,05:00:00,13.58
2015-08-04,06:00:00,13.57
2015-08-04,07:00:00,13.53
2015-08-04,08:00:00,13.66
2015-08-04,09:00:00,13.59
2015-08-04,10:00:00,13.52
2015-08-04,11:00:00,13.53
2015-08-04,12:00:00,13.62
2015-08-04,13:00:00,13.57
2015-08-04,14:00:00,13.63
2015-08-04,15:00:00,13.72
2015-08-04,16:00:00,13.77
2015-08-04,17:00:00,13.79
2015-08-04,18:00:00,13.80
2015-08-04,19:00:00,13.84
2015-08-04,20:00:00,13.87
2015-08-04,21:00:00,13.68
2015-08-04,22:00:00,13.57
2015-08-04,23:00:00,13.51
2015-08-05,00:00:00,13.50
2015-08-05,01:00:00,13.54
2015-08-05,02:00:00,13.53
2015-08-05,03:00:00,13.58
2015-08-05,04:00:00,13.46
2015-08-05,05:00:00,13.49
2015-08-05,06:00:00,13.47
2015-08-05,07:00:00,13.54
2015-08-05,08:00:00,13.54
2015-08-05,09:00:00,13.52
2015-08-05,10:00:00,13.52
2015-08-05,11:00:00,13.57
2015-08-05,12:00:00,13.58
2015-08-05,13:00:00,13.51
2015-08-05,14:00:00,13.68
2015-08-05,15:00:00,13.72
2015-08-05,16:00:00,13.76
2015-08-05,17:00:00,13.77
2015-08-05,18:00:00,13.58
2015-08-05,19:00:00,13.43
2015-08-05,20:00:00,13.45
2015-08-05,21:00:00,14.31
2015-08-05,22:00:00,14.23
2015-08-05,23:00:00,14.17
2015-08-06,00:00:00,14.52
2015-08-06,01:00:00,14.12
2015-08-06,02:00:00,14.18
2015-08-06,03:00:00,14.27
2015-08-06,04:00:00,14.26
2015-08-06,05:00:00,14.22
2015-08-06,06:00:00,14.24
2015-08-06,07:00:00,14.32
2015-08-06,08:00:00,14.42
2015-08-06,09:00:00,14.38
2015-08-06,10:00:00,14.24
2015-08-06,11:00:00,14.34
2015-08-06,12:00:00,14.26
2015-08-06,13:00:00,14.39
2015-08-06,14:00:00,14.65
2015-08-06,15:00:00,14.40
2015-08-06,16:00:00,14.55
2015-08-06,17:00:00,14.57
2015-08-06,18:00:00,14.50
2015-08-06,19:00:00,14.58
2015-08-06,20:00:00,14.77
2015-08-06,21:00:00,14.68
2015-08-06,22:00:00,14.70
2015-08-06,23:00:00,14.64
2015-08-07,00:00:00,14.61
2015-08-07,01:00:00,14.28
2015-08-07,02:00:00,14.40
2015-08-07,03:00:00,14.64
2015-08-07,04:00:00,14.64
2015-08-07,05:00:00,14.55
2015-08-07,06:00:00,14.40
2015-08-07,07:00:00,14.14
2015-08-07,08:00:00,14.35
2015-08-07,09:00:00,14.40
2015-08-07,10:00:00,14.43
2015-08-07,11:00:00,14.35
2015-08-07,12:00:00,14.31
2015-08-07,13:00:00,14.41
2015-08-07,14:00:00,14.61
2015-08-07,15:00:00,14.74
2015-08-07,16:00:00,14.86
2015-08-07,17:00:00,14.98
2015-08-07,18:00:00,15.04
2015-08-07,19:00:00,15.20
2015-08-07,20:00:00,14.92
2015-08-07,21:00:00,14.74
2015-08-07,22:00:00,14.89
2015-08-07,23:00:00,14.60
2015-08-08,00:00:00,14.51
2015-08-08,01:00:00,14.51
2015-08-08,02:00:00,14.48
2015-08-08,03:00:00,14.48
2015-08-08,04:00:00,14.49
2015-08-08,05:00:00,14.45
2015-08-08,06:00:00,14.41
2015-08-08,07:00:00,14.43
2015-08-08,08:00:00,14.43
2015-08-08,09:00:00,14.45
2015-08-08,10:00:00,14.49
2015-08-08,11:00:00,14.48
2015-08-08,12:00:00,14.54
2015-08-08,13:00:00,14.57
2015-08-08,14:00:00,14.64
2015-08-08,15:00:00,14.68
2015-08-08,16:00:00,14.72
2015-08-08,17:00:00,14.83
2015-08-08,18:00:00,14.83
2015-08-08,19:00:00,14.38
2015-08-08,20:00:00,14.26
2015-08-08,21:00:00,14.14
2015-08-08,22:00:00,14.07
2015-08-08,23:00:00,14.22
2015-08-09,00:00:00,13.93
2015-08-09,01:00:00,13.89
2015-08-09,02:00:00,13.87
2015-08-09,03:00:00,13.95
2015-08-09,04:00:00,13.89
2015-08-09,05:00:00,13.80
2015-08-09,06:00:00,13.82
2015-08-09,07:00:00,13.85
2015-08-09,08:00:00,13.93
2015-08-09,09:00:00,13.96
2015-08-09,10:00:00,13.96
2015-08-09,11:00:00,13.92
2015-08-09,12:00:00,13.84
2015-08-09,13:00:00,13.79
2015-08-09,14:00:00,13.72
2015-08-09,15:00:00,13.43
2015-08-09,16:00:00,12.96
2015-08-09,17:00:00,12.52
2015-08-09,18:00:00,12.49
2015-08-09,19:00:00,12.42
2015-08-09,20:00:00,12.22
2015-08-09,21:00:00,12.07
2015-08-09,22:00:00,11.80
2015-08-09,23:00:00,11.53
2015-08-10,00:00:00,11.49
2015-08-10,01:00:00,11.37
2015-08-10,02:00:00,11.80
2015-08-10,03:00:00,11.67
2015-08-10,04:00:00,11.60
2015-08-10,05:00:00,11.58
2015-08-10,06:00:00,11.55
2015-08-10,07:00:00,11.57
2015-08-10,08:00:00,11.55
2015-08-10,09:00:00,11.69
2015-08-10,10:00:00,11.60
2015-08-10,11:00:00,11.64
2015-08-10,12:00:00,11.66
2015-08-10,13:00:00,11.71
2015-08-10,14:00:00,11.83
2015-08-10,15:00:00,11.92
2015-08-10,16:00:00,12.04
2015-08-10,17:00:00,12.14
2015-08-10,18:00:00,12.67
2015-08-10,19:00:00,12.81
2015-08-10,20:00:00,13.25
2015-08-10,21:00:00,13.59
2015-08-10,22:00:00,13.63
2015-08-10,23:00:00,13.56
2015-08-11,00:00:00,13.41
2015-08-11,01:00:00,13.50
2015-08-11,02:00:00,13.74
2015-08-11,03:00:00,13.74
2015-08-11,04:00:00,13.76
2015-08-11,05:00:00,13.81
2015-08-11,06:00:00,13.92
2015-08-11,07:00:00,14.00
2015-08-11,08:00:00,13.98
2015-08-11,09:00:00,13.98
2015-08-11,10:00:00,13.93
2015-08-11,11:00:00,13.86
2015-08-11,12:00:00,13.93
2015-08-11,13:00:00,13.96
2015-08-11,14:00:00,14.10
2015-08-11,15:00:00,14.29
2015-08-11,16:00:00,14.24
2015-08-11,17:00:00,14.26
2015-08-11,18:00:00,14.34
2015-08-11,19:00:00,14.41
2015-08-11,20:00:00,14.29
2015-08-11,21:00:00,14.26
2015-08-11,22:00:00,14.22
2015-08-11,23:00:00,14.17
2015-08-12,00:00:00,14.33
2015-08-12,01:00:00,14.28
2015-08-12,02:00:00,14.54
2015-08-12,03:00:00,14.61
2015-08-12,04:00:00,14.70
2015-08-12,05:00:00,14.48
2015-08-12,06:00:00,14.41
2015-08-12,07:00:00,14.41
2015-08-12,08:00:00,14.42
2015-08-12,09:00:00,14.37
2015-08-12,10:00:00,14.42
2015-08-12,11:00:00,14.50
2015-08-12,12:00:00,14.61
2015-08-12,13:00:00,14.63
2015-08-12,14:00:00,14.58
2015-08-12,15:00:00,14.04
2015-08-12,16:00:00,13.87
2015-08-12,17:00:00,14.11
2015-08-12,18:00:00,14.19
2015-08-12,19:00:00,14.00
2015-08-12,20:00:00,13.82
2015-08-12,21:00:00,13.74
2015-08-12,22:00:00,13.89
2015-08-12,23:00:00,13.85
2015-08-13,00:00:00,13.95
2015-08-13,01:00:00,14.13
2015-08-13,02:00:00,14.66
2015-08-13,03:00:00,14.76
2015-08-13,04:00:00,14.80
2015-08-13,05:00:00,14.73
2015-08-13,06:00:00,14.97
2015-08-13,07:00:00,14.89
2015-08-13,08:00:00,14.96
2015-08-13,09:00:00,14.81
2015-08-13,10:00:00,15.00
2015-08-13,11:00:00,14.86
2015-08-13,12:00:00,15.09
2015-08-13,13:00:00,15.18
2015-08-13,14:00:00,15.18
2015-08-13,15:00:00,14.79
2015-08-13,16:00:00,14.87
2015-08-13,17:00:00,14.88
2015-08-13,18:00:00,14.82
2015-08-13,19:00:00,14.95
2015-08-13,20:00:00,15.09
2015-08-13,21:00:00,15.18
2015-08-13,22:00:00,15.21
2015-08-13,23:00:00,15.25
2015-08-14,00:00:00,15.29
2015-08-14,01:00:00,15.47
2015-08-14,02:00:00,15.31
2015-08-14,03:00:00,15.36
2015-08-14,04:00:00,15.52
2015-08-14,05:00:00,15.53
2015-08-14,06:00:00,15.50
2015-08-14,07:00:00,15.32
2015-08-14,08:00:00,15.29
2015-08-14,09:00:00,15.36
2015-08-14,10:00:00,15.47
2015-08-14,11:00:00,15.40
2015-08-14,12:00:00,15.45
2015-08-14,13:00:00,15.43
2015-08-14,14:00:00,15.39
2015-08-14,15:00:00,15.35
2015-08-14,16:00:00,15.32
2015-08-14,17:00:00,15.51
2015-08-14,18:00:00,15.79
2015-08-14,19:00:00,15.89
2015-08-14,20:00:00,15.71
2015-08-14,21:00:00,15.68
2015-08-14,22:00:00,15.41
2015-08-14,23:00:00,15.42
2015-08-15,00:00:00,15.40
2015-08-15,01:00:00,15.41
2015-08-15,02:00:00,15.50
2015-08-15,03:00:00,15.48
2015-08-15,04:00:00,15.43
2015-08-15,05:00:00,15.53
2015-08-15,06:00:00,15.56
2015-08-15,07:00:00,15.55
2015-08-15,08:00:00,15.47
2015-08-15,09:00:00,15.46
2015-08-15,10:00:00,15.55
2015-08-15,11:00:00,15.57
2015-08-15,12:00:00,15.58
2015-08-15,13:00:00,15.62
2015-08-15,14:00:00,15.68
2015-08-15,15:00:00,15.58
2015-08-15,16:00:00,15.64
2015-08-15,17:00:00,15.86
2015-08-15,18:00:00,16.08
2015-08-15,19:00:00,15.76
2015-08-15,20:00:00,16.10
2015-08-15,21:00:00,16.01
2015-08-15,22:00:00,16.05
2015-08-15,23:00:00,15.71
2015-08-16,00:00:00,15.64
2015-08-16,01:00:00,15.57
2015-08-16,02:00:00,15.82
2015-08-16,03:00:00,15.81
2015-08-16,04:00:00,15.56
2015-08-16,05:00:00,15.27
2015-08-16,06:00:00,15.36
2015-08-16,07:00:00,15.42
2015-08-16,08:00:00,15.44
2015-08-16,09:00:00,15.33
2015-08-16,10:00:00,15.31
2015-08-16,11:00:00,15.20
2015-08-16,12:00:00,15.22
2015-08-16,13:00:00,15.19
2015-08-16,14:00:00,15.29
2015-08-16,15:00:00,15.30
2015-08-16,16:00:00,15.45
2015-08-16,17:00:00,15.55
2015-08-16,18:00:00,15.50
2015-08-16,19:00:00,15.44
2015-08-16,20:00:00,15.58
2015-08-16,21:00:00,15.63
2015-08-16,22:00:00,15.68
2015-08-16,23:00:00,15.58
2015-08-17,00:00:00,15.54
2015-08-17,01:00:00,15.58
2015-08-17,02:00:00,15.58
2015-08-17,03:00:00,15.59
2015-08-17,04:00:00,15.55
2015-08-17,05:00:00,15.52
2015-08-17,06:00:00,15.40
2015-08-17,07:00:00,15.38
2015-08-17,08:00:00,15.45
2015-08-17,09:00:00,15.43
2015-08-17,10:00:00,15.24
2015-08-17,11:00:00,15.23
2015-08-17,12:00:00,15.26
2015-08-17,13:00:00,15.43
2015-08-17,14:00:00,15.55
2015-08-17,15:00:00,15.59
2015-08-17,16:00:00,15.75
2015-08-17,17:00:00,15.74
2015-08-17,18:00:00,15.83
2015-08-17,19:00:00,15.35
2015-08-17,20:00:00,15.06
2015-08-17,21:00:00,14.76
2015-08-17,22:00:00,14.05
2015-08-17,23:00:00,13.62
2015-08-18,00:00:00,13.45
2015-08-18,01:00:00,13.36
2015-08-18,02:00:00,13.59
2015-08-18,03:00:00,13.68
2015-08-18,04:00:00,13.81
2015-08-18,05:00:00,13.86
2015-08-18,06:00:00,14.05
2015-08-18,07:00:00,14.29
2015-08-18,08:00:00,14.59
2015-08-18,09:00:00,14.79
2015-08-18,10:00:00,14.95
2015-08-18,11:00:00,15.03
2015-08-18,12:00:00,15.13
2015-08-18,13:00:00,14.87
2015-08-18,14:00:00,15.42
2015-08-18,15:00:00,15.41
2015-08-18,16:00:00,15.18
2015-08-18,17:00:00,15.65
2015-08-18,18:00:00,15.92
2015-08-18,19:00:00,16.04
2015-08-18,20:00:00,16.07
2015-08-18,21:00:00,16.20
2015-08-18,22:00:00,16.14
2015-08-18,23:00:00,16.05
2015-08-19,00:00:00,16.00
2015-08-19,01:00:00,16.16
2015-08-19,02:00:00,16.06
2015-08-19,03:00:00,16.09
2015-08-19,04:00:00,15.99
2015-08-19,05:00:00,15.86
2015-08-19,06:00:00,15.84
2015-08-19,07:00:00,15.81
2015-08-19,08:00:00,15.78
2015-08-19,09:00:00,15.74
2015-08-19,10:00:00,15.71
2015-08-19,11:00:00,15.64
2015-08-19,12:00:00,15.49
2015-08-19,13:00:00,15.34
2015-08-19,14:00:00,15.22
2015-08-19,15:00:00,15.57
2015-08-19,16:00:00,15.25
2015-08-19,17:00:00,14.43
2015-08-19,18:00:00,13.99
2015-08-19,19:00:00,15.14
2015-08-19,20:00:00,14.00
2015-08-19,21:00:00,13.20
2015-08-19,22:00:00,13.07
2015-08-19,23:00:00,13.16
2015-08-20,00:00:00,12.96
2015-08-20,01:00:00,13.24
2015-08-20,02:00:00,13.14
2015-08-20,03:00:00,13.04
2015-08-20,04:00:00,12.83
2015-08-20,05:00:00,12.74
2015-08-20,06:00:00,13.09
2015-08-20,07:00:00,13.04
2015-08-20,08:00:00,13.24
2015-08-20,09:00:00,13.58
2015-08-20,10:00:00,13.59
2015-08-20,11:00:00,13.70
2015-08-20,12:00:00,14.17
2015-08-20,13:00:00,14.72
2015-08-20,14:00:00,15.14
2015-08-20,15:00:00,14.77
2015-08-20,16:00:00,14.64
2015-08-20,17:00:00,14.61
2015-08-20,18:00:00,14.83
2015-08-20,19:00:00,14.76
2015-08-20,20:00:00,14.71
2015-08-20,21:00:00,14.49
2015-08-20,22:00:00,14.40
2015-08-20,23:00:00,14.15
2015-08-21,00:00:00,14.06
2015-08-21,01:00:00,13.98
2015-08-21,02:00:00,14.30
2015-08-21,03:00:00,14.26
2015-08-21,04:00:00,14.82
2015-08-21,05:00:00,14.82
2015-08-21,06:00:00,14.87
2015-08-21,07:00:00,14.88
2015-08-21,08:00:00,14.92
2015-08-21,09:00:00,14.94
2015-08-21,10:00:00,15.09
2015-08-21,11:00:00,15.11
2015-08-21,12:00:00,15.05
2015-08-21,13:00:00,15.16
2015-08-21,14:00:00,15.24
2015-08-21,15:00:00,15.39
2015-08-21,16:00:00,15.56
2015-08-21,17:00:00,15.68
2015-08-21,18:00:00,15.62
2015-08-21,19:00:00,15.50
2015-08-21,20:00:00,15.97
2015-08-21,21:00:00,15.82
2015-08-21,22:00:00,15.88
2015-08-21,23:00:00,15.83
2015-08-22,00:00:00,15.77
2015-08-22,01:00:00,15.88
2015-08-22,02:00:00,15.81
2015-08-22,03:00:00,15.95
2015-08-22,04:00:00,15.91
2015-08-22,05:00:00,15.93
2015-08-22,06:00:00,15.91
2015-08-22,07:00:00,15.90
2015-08-22,08:00:00,15.93
2015-08-22,09:00:00,15.90
2015-08-22,10:00:00,15.92
2015-08-22,11:00:00,15.98
2015-08-22,12:00:00,15.98
2015-08-22,13:00:00,16.08
2015-08-22,14:00:00,16.11
2015-08-22,15:00:00,16.19
2015-08-22,16:00:00,16.14
2015-08-22,17:00:00,16.13
2015-08-22,18:00:00,16.52
2015-08-22,19:00:00,16.45
2015-08-22,20:00:00,16.56
2015-08-22,21:00:00,16.58
2015-08-22,22:00:00,16.47
2015-08-22,23:00:00,16.40
2015-08-23,00:00:00,16.42
2015-08-23,01:00:00,16.47
2015-08-23,02:00:00,16.37
2015-08-23,03:00:00,16.37
2015-08-23,04:00:00,16.39
2015-08-23,05:00:00,16.38
2015-08-23,06:00:00,16.46
2015-08-23,07:00:00,16.54
2015-08-23,08:00:00,16.57
2015-08-23,09:00:00,16.57
2015-08-23,10:00:00,16.51
2015-08-23,11:00:00,16.51
2015-08-23,12:00:00,16.52
2015-08-23,13:00:00,16.56
2015-08-23,14:00:00,16.66
2015-08-23,15:00:00,16.62
2015-08-23,16:00:00,16.68
2015-08-23,17:00:00,16.71
2015-08-23,18:00:00,16.78
2015-08-23,19:00:00,16.57
2015-08-23,20:00:00,16.56
2015-08-23,21:00:00,16.59
2015-08-23,22:00:00,16.61
2015-08-23,23:00:00,16.59
2015-08-24,00:00:00,16.61
2015-08-24,01:00:00,16.64
2015-08-24,02:00:00,16.58
2015-08-24,03:00:00,16.59
2015-08-24,04:00:00,16.61
2015-08-24,05:00:00,16.60
2015-08-24,06:00:00,16.62
2015-08-24,07:00:00,16.74
2015-08-24,08:00:00,16.80
2015-08-24,09:00:00,16.80
2015-08-24,10:00:00,16.74
2015-08-24,11:00:00,16.74
2015-08-24,12:00:00,16.76
2015-08-24,13:00:00,16.81
2015-08-24,14:00:00,16.82
2015-08-24,15:00:00,17.01
2015-08-24,16:00:00,17.02
2015-08-24,17:00:00,16.91
2015-08-24,18:00:00,16.85
2015-08-24,19:00:00,16.80
2015-08-24,20:00:00,16.76
2015-08-24,21:00:00,16.71
2015-08-24,22:00:00,16.71
2015-08-24,23:00:00,16.74
2015-08-25,00:00:00,16.83
2015-08-25,01:00:00,16.88
2015-08-25,02:00:00,16.69
2015-08-25,03:00:00,16.67
2015-08-25,04:00:00,16.59
2015-08-25,05:00:00,16.45
2015-08-25,06:00:00,16.29
2015-08-25,07:00:00,16.35
2015-08-25,08:00:00,16.43
2015-08-25,09:00:00,16.38
2015-08-25,10:00:00,16.28
2015-08-25,11:00:00,16.06
2015-08-25,12:00:00,15.70
2015-08-25,13:00:00,15.41
2015-08-25,14:00:00,15.37
2015-08-25,15:00:00,15.20
2015-08-25,16:00:00,14.68
2015-08-25,17:00:00,14.60
2015-08-25,18:00:00,14.72
2015-08-25,19:00:00,15.14
2015-08-25,20:00:00,14.96
2015-08-25,21:00:00,14.90
2015-08-25,22:00:00,15.01
2015-08-25,23:00:00,15.25
2015-08-26,00:00:00,15.11
2015-08-26,01:00:00,15.07
2015-08-26,02:00:00,14.97
2015-08-26,03:00:00,14.77
2015-08-26,04:00:00,14.70
2015-08-26,05:00:00,14.65
2015-08-26,06:00:00,14.49
2015-08-26,07:00:00,14.30
2015-08-26,08:00:00,14.08
2015-08-26,09:00:00,14.00
2015-08-26,10:00:00,14.03
2015-08-26,11:00:00,14.09
2015-08-26,12:00:00,14.09
2015-08-26,13:00:00,14.11
2015-08-26,14:00:00,14.19
2015-08-26,15:00:00,14.59
2015-08-26,16:00:00,14.75
2015-08-26,17:00:00,15.17
2015-08-26,18:00:00,15.32
2015-08-26,19:00:00,15.39
2015-08-26,20:00:00,15.28
2015-08-26,21:00:00,14.19
2015-08-26,22:00:00,13.77
2015-08-26,23:00:00,14.07
2015-08-27,00:00:00,14.01
2015-08-27,01:00:00,13.84
2015-08-27,02:00:00,13.98
2015-08-27,03:00:00,14.40
2015-08-27,04:00:00,14.25
2015-08-27,05:00:00,14.38
2015-08-27,06:00:00,14.56
2015-08-27,07:00:00,14.61
2015-08-27,08:00:00,14.77
2015-08-27,09:00:00,14.74
2015-08-27,10:00:00,14.79
2015-08-27,11:00:00,14.82
2015-08-27,12:00:00,14.91
2015-08-27,13:00:00,14.99
2015-08-27,14:00:00,15.25
2015-08-27,15:00:00,15.49
2015-08-27,16:00:00,15.78
2015-08-27,17:00:00,16.10
2015-08-27,18:00:00,16.22
2015-08-27,19:00:00,16.23
2015-08-27,20:00:00,16.21
2015-08-27,21:00:00,16.12
2015-08-27,22:00:00,16.23
2015-08-27,23:00:00,16.18
2015-08-28,00:00:00,16.21
2015-08-28,01:00:00,16.22
2015-08-28,02:00:00,16.22
2015-08-28,03:00:00,16.21
2015-08-28,04:00:00,16.03
2015-08-28,05:00:00,15.94
2015-08-28,06:00:00,15.97
2015-08-28,07:00:00,15.99
2015-08-28,08:00:00,16.06
2015-08-28,09:00:00,15.99
2015-08-28,10:00:00,15.66
2015-08-28,11:00:00,15.92
2015-08-28,12:00:00,15.86
2015-08-28,13:00:00,14.00
2015-08-28,14:00:00,13.42
2015-08-28,15:00:00,13.44
2015-08-28,16:00:00,14.71
2015-08-28,17:00:00,14.41
2015-08-28,18:00:00,14.77
2015-08-28,19:00:00,15.06
2015-08-28,20:00:00,15.39
2015-08-28,21:00:00,15.60
2015-08-28,22:00:00,15.70
2015-08-28,23:00:00,15.81
2015-08-29,00:00:00,15.79
2015-08-29,01:00:00,15.78
2015-08-29,02:00:00,15.80
2015-08-29,03:00:00,15.86
2015-08-29,04:00:00,15.86
2015-08-29,05:00:00,15.89
2015-08-29,06:00:00,15.91
2015-08-29,07:00:00,15.81
2015-08-29,08:00:00,15.82
2015-08-29,09:00:00,15.79
2015-08-29,10:00:00,15.79
2015-08-29,11:00:00,15.83
2015-08-29,12:00:00,15.82
2015-08-29,13:00:00,15.62
2015-08-29,14:00:00,15.55
2015-08-29,15:00:00,15.84
2015-08-29,16:00:00,16.15
2015-08-29,17:00:00,16.27
2015-08-29,18:00:00,16.48
2015-08-29,19:00:00,16.40
2015-08-29,20:00:00,16.35
2015-08-29,21:00:00,16.34
2015-08-29,22:00:00,16.29
2015-08-29,23:00:00,16.20
2015-08-30,00:00:00,16.25
2015-08-30,01:00:00,16.15
2015-08-30,02:00:00,16.24
2015-08-30,03:00:00,16.50
2015-08-30,04:00:00,16.64
2015-08-30,05:00:00,16.70
2015-08-30,06:00:00,16.67
2015-08-30,07:00:00,16.58
2015-08-30,08:00:00,16.49
2015-08-30,09:00:00,16.44
2015-08-30,10:00:00,16.44
2015-08-30,11:00:00,16.47
2015-08-30,12:00:00,16.50
2015-08-30,13:00:00,16.52
2015-08-30,14:00:00,16.52
2015-08-30,15:00:00,16.52
2015-08-30,16:00:00,16.50
2015-08-30,17:00:00,16.49
2015-08-30,18:00:00,16.53
2015-08-30,19:00:00,16.42
2015-08-30,20:00:00,16.25
2015-08-30,21:00:00,16.20
2015-08-30,22:00:00,16.12
2015-08-30,23:00:00,15.88
2015-08-31,00:00:00,15.95
2015-08-31,01:00:00,15.79
2015-08-31,02:00:00,15.77
2015-08-31,03:00:00,16.06
2015-08-31,04:00:00,16.09
2015-08-31,05:00:00,16.11
2015-08-31,06:00:00,16.11
2015-08-31,07:00:00,16.10
2015-08-31,08:00:00,16.01
2015-08-31,09:00:00,16.12
2015-08-31,10:00:00,16.19
2015-08-31,11:00:00,16.18
2015-08-31,12:00:00,16.25
2015-08-31,13:00:00,16.29
2015-08-31,14:00:00,16.40
2015-08-31,15:00:00,16.47
2015-08-31,16:00:00,16.53
2015-08-31,17:00:00,16.59
2015-08-31,18:00:00,16.67
2015-08-31,19:00:00,16.74
2015-08-31,20:00:00,16.80
2015-08-31,21:00:00,16.76
2015-08-31,22:00:00,16.62
2015-08-31,23:00:00,16.42
2015-09-01,00:00:00,16.39
2015-09-01,01:00:00,16.39
2015-09-01,02:00:00,16.42
2015-09-01,03:00:00,16.47
2015-09-01,04:00:00,16.49
2015-09-01,05:00:00,16.48
2015-09-01,06:00:00,16.44
2015-09-01,07:00:00,16.45
2015-09-01,08:00:00,16.46
2015-09-01,09:00:00,16.46
2015-09-01,10:00:00,16.44
2015-09-01,11:00:00,16.44
2015-09-01,12:00:00,16.16
2015-09-01,13:00:00,16.37
2015-09-01,14:00:00,16.39
2015-09-01,15:00:00,16.33
2015-09-01,16:00:00,16.53
2015-09-01,17:00:00,16.54
2015-09-01,18:00:00,16.52
2015-09-01,19:00:00,16.45
2015-09-01,20:00:00,16.39
2015-09-01,21:00:00,16.46
2015-09-01,22:00:00,16.63
2015-09-01,23:00:00,16.60
2015-09-02,00:00:00,16.72
2015-09-02,01:00:00,16.69
2015-09-02,02:00:00,16.65
2015-09-02,03:00:00,16.63
2015-09-02,04:00:00,16.60
2015-09-02,05:00:00,16.54
2015-09-02,06:00:00,16.46
2015-09-02,07:00:00,16.46
2015-09-02,08:00:00,16.48
2015-09-02,09:00:00,16.17
2015-09-02,10:00:00,16.02
2015-09-02,11:00:00,15.30
2015-09-02,12:00:00,15.80
2015-09-02,13:00:00,14.08
2015-09-02,14:00:00,13.67
2015-09-02,15:00:00,14.58
2015-09-02,16:00:00,14.33
2015-09-02,17:00:00,14.48
2015-09-02,18:00:00,14.58
2015-09-02,19:00:00,14.85
2015-09-02,20:00:00,15.00
2015-09-02,21:00:00,14.90
2015-09-02,22:00:00,14.46
2015-09-02,23:00:00,14.29
2015-09-03,00:00:00,14.19
2015-09-03,01:00:00,14.10
2015-09-03,02:00:00,14.60
2015-09-03,03:00:00,14.74
2015-09-03,04:00:00,14.81
2015-09-03,05:00:00,14.82
2015-09-03,06:00:00,14.79
2015-09-03,07:00:00,14.81
2015-09-03,08:00:00,14.85
2015-09-03,09:00:00,14.87
2015-09-03,10:00:00,14.85
2015-09-03,11:00:00,14.86
2015-09-03,12:00:00,14.93
2015-09-03,13:00:00,15.01
2015-09-03,14:00:00,14.92
2015-09-03,15:00:00,15.01
2015-09-03,16:00:00,15.20
2015-09-03,17:00:00,15.23
2015-09-03,18:00:00,15.24
2015-09-03,19:00:00,15.27
2015-09-03,20:00:00,15.27
2015-09-03,21:00:00,15.25
2015-09-03,22:00:00,15.18
2015-09-03,23:00:00,15.21
2015-09-04,00:00:00,15.20
2015-09-04,01:00:00,15.19
2015-09-04,02:00:00,15.18
2015-09-04,03:00:00,15.16
2015-09-04,04:00:00,15.25
2015-09-04,05:00:00,15.29
2015-09-04,06:00:00,15.29
2015-09-04,07:00:00,15.28
2015-09-04,08:00:00,15.27
2015-09-04,09:00:00,15.23
2015-09-04,10:00:00,15.22
2015-09-04,11:00:00,15.20
2015-09-04,12:00:00,15.20
2015-09-04,13:00:00,15.20
2015-09-04,14:00:00,15.22
2015-09-04,15:00:00,15.23
2015-09-04,16:00:00,15.23
2015-09-04,17:00:00,15.28
2015-09-04,18:00:00,15.29
2015-09-04,19:00:00,15.29
2015-09-04,20:00:00,15.28
2015-09-04,21:00:00,15.27
2015-09-04,22:00:00,15.24
2015-09-04,23:00:00,15.20
2015-09-05,00:00:00,15.14
2015-09-05,01:00:00,15.08
2015-09-05,02:00:00,15.04
2015-09-05,03:00:00,15.01
2015-09-05,04:00:00,14.93
2015-09-05,05:00:00,14.87
2015-09-05,06:00:00,14.84
2015-09-05,07:00:00,14.76
2015-09-05,08:00:00,14.74
2015-09-05,09:00:00,14.68
2015-09-05,10:00:00,14.66
2015-09-05,11:00:00,14.72
2015-09-05,12:00:00,14.62
2015-09-05,13:00:00,14.69
2015-09-05,14:00:00,14.74
2015-09-05,15:00:00,14.82
2015-09-05,16:00:00,14.84
2015-09-05,17:00:00,14.84
2015-09-05,18:00:00,14.78
2015-09-05,19:00:00,14.79
2015-09-05,20:00:00,14.72
2015-09-05,21:00:00,14.64
2015-09-05,22:00:00,14.53
2015-09-05,23:00:00,14.40
2015-09-06,00:00:00,14.30
2015-09-06,01:00:00,14.26
2015-09-06,02:00:00,14.21
2015-09-06,03:00:00,14.21
2015-09-06,04:00:00,14.17
2015-09-06,05:00:00,14.02
2015-09-06,06:00:00,13.97
2015-09-06,07:00:00,14.00
2015-09-06,08:00:00,14.01
2015-09-06,09:00:00,13.99
2015-09-06,10:00:00,13.97
2015-09-06,11:00:00,13.96
2015-09-06,12:00:00,13.99
2015-09-06,13:00:00,14.07
2015-09-06,14:00:00,14.11
2015-09-06,15:00:00,14.15
2015-09-06,16:00:00,14.30
2015-09-06,17:00:00,14.38
2015-09-06,18:00:00,14.46
2015-09-06,19:00:00,14.53
2015-09-06,20:00:00,14.52
2015-09-06,21:00:00,14.53
2015-09-06,22:00:00,14.57
2015-09-06,23:00:00,14.37
2015-09-07,00:00:00,14.17
2015-09-07,01:00:00,14.08
2015-09-07,02:00:00,14.09
2015-09-07,03:00:00,14.10
2015-09-07,04:00:00,14.07
2015-09-07,05:00:00,14.03
2015-09-07,06:00:00,13.99
2015-09-07,07:00:00,13.97
2015-09-07,08:00:00,13.94
2015-09-07,09:00:00,13.91
2015-09-07,10:00:00,13.91
2015-09-07,11:00:00,13.88
2015-09-07,12:00:00,13.90
2015-09-07,13:00:00,13.95
2015-09-07,14:00:00,14.07
2015-09-07,15:00:00,14.25
2015-09-07,16:00:00,14.22
2015-09-07,17:00:00,14.34
2015-09-07,18:00:00,14.48
2015-09-07,19:00:00,14.49
2015-09-07,20:00:00,14.43
2015-09-07,21:00:00,14.45
2015-09-07,22:00:00,14.40
2015-09-07,23:00:00,14.52
2015-09-08,00:00:00,14.52
2015-09-08,01:00:00,14.49
2015-09-08,02:00:00,14.61
2015-09-08,03:00:00,14.54
2015-09-08,04:00:00,14.62
2015-09-08,05:00:00,14.67
2015-09-08,06:00:00,14.62
2015-09-08,07:00:00,14.59
2015-09-08,08:00:00,14.43
2015-09-08,09:00:00,14.37
2015-09-08,10:00:00,14.36
2015-09-08,11:00:00,14.30
2015-09-08,12:00:00,14.28
2015-09-08,13:00:00,14.24
2015-09-08,14:00:00,14.23
2015-09-08,15:00:00,14.26
2015-09-08,16:00:00,14.31
2015-09-08,17:00:00,14.36
2015-09-08,18:00:00,14.38
2015-09-08,19:00:00,14.39
2015-09-08,20:00:00,14.40
2015-09-08,21:00:00,14.37
2015-09-08,22:00:00,14.27
2015-09-08,23:00:00,14.24
2015-09-09,00:00:00,14.16
2015-09-09,01:00:00,14.09
2015-09-09,02:00:00,13.98
2015-09-09,03:00:00,13.89
2015-09-09,04:00:00,13.83
2015-09-09,05:00:00,13.76
2015-09-09,06:00:00,13.72
2015-09-09,07:00:00,13.58
2015-09-09,08:00:00,13.57
2015-09-09,09:00:00,13.54
2015-09-09,10:00:00,13.49
2015-09-09,11:00:00,13.50
2015-09-09,12:00:00,13.52
2015-09-09,13:00:00,13.54
2015-09-09,14:00:00,13.55
2015-09-09,15:00:00,13.65
2015-09-09,16:00:00,13.75
2015-09-09,17:00:00,13.82
2015-09-09,18:00:00,13.89
2015-09-09,19:00:00,13.79
2015-09-09,20:00:00,13.67
2015-09-09,21:00:00,13.58
2015-09-09,22:00:00,13.52
2015-09-09,23:00:00,13.51
2015-09-10,00:00:00,13.50
2015-09-10,01:00:00,13.48
2015-09-10,02:00:00,13.44
2015-09-10,03:00:00,13.50
2015-09-10,04:00:00,13.49
2015-09-10,05:00:00,13.48
2015-09-10,06:00:00,13.47
2015-09-10,07:00:00,13.47
2015-09-10,08:00:00,13.45
2015-09-10,09:00:00,13.46
2015-09-10,10:00:00,13.47
2015-09-10,11:00:00,13.50
2015-09-10,12:00:00,13.54
2015-09-10,13:00:00,13.61
2015-09-10,14:00:00,13.71
2015-09-10,15:00:00,13.83
2015-09-10,16:00:00,13.93
2015-09-10,17:00:00,14.02
2015-09-10,18:00:00,14.03
2015-09-10,19:00:00,14.09
2015-09-10,20:00:00,14.07
2015-09-10,21:00:00,14.07
2015-09-10,22:00:00,14.05
2015-09-10,23:00:00,14.02
2015-09-11,00:00:00,14.03
2015-09-11,01:00:00,14.00
2015-09-11,02:00:00,14.03
2015-09-11,03:00:00,14.07
2015-09-11,04:00:00,14.02
2015-09-11,05:00:00,14.06
2015-09-11,06:00:00,14.07
2015-09-11,07:00:00,14.02
2015-09-11,08:00:00,13.98
2015-09-11,09:00:00,13.95
2015-09-11,10:00:00,13.78
2015-09-11,11:00:00,14.10
2015-09-11,12:00:00,14.18
2015-09-11,13:00:00,14.22
2015-09-11,14:00:00,14.28
2015-09-11,15:00:00,14.25
2015-09-11,16:00:00,14.21
2015-09-11,17:00:00,14.18
2015-09-11,18:00:00,14.18
2015-09-11,19:00:00,13.99
2015-09-11,20:00:00,13.91
2015-09-11,21:00:00,13.83
2015-09-11,22:00:00,13.92
2015-09-11,23:00:00,13.83
2015-09-12,00:00:00,13.82
2015-09-12,01:00:00,13.86
2015-09-12,02:00:00,13.86
2015-09-12,03:00:00,13.86
2015-09-12,04:00:00,13.90
2015-09-12,05:00:00,13.84
2015-09-12,06:00:00,13.72
2015-09-12,07:00:00,13.87
2015-09-12,08:00:00,13.70
2015-09-12,09:00:00,13.76
2015-09-12,10:00:00,13.80
2015-09-12,11:00:00,13.80
2015-09-12,12:00:00,13.78
2015-09-12,13:00:00,13.73
2015-09-12,14:00:00,13.76
2015-09-12,15:00:00,13.80
2015-09-12,16:00:00,13.78
2015-09-12,17:00:00,13.74
2015-09-12,18:00:00,13.82
2015-09-12,19:00:00,13.93
2015-09-12,20:00:00,13.82
2015-09-12,21:00:00,13.73
2015-09-12,22:00:00,13.54
2015-09-12,23:00:00,13.58
2015-09-13,00:00:00,13.44
2015-09-13,01:00:00,13.61
2015-09-13,02:00:00,13.61
2015-09-13,03:00:00,13.50
2015-09-13,04:00:00,13.47
2015-09-13,05:00:00,13.51
2015-09-13,06:00:00,13.39
2015-09-13,07:00:00,13.35
2015-09-13,08:00:00,13.34
2015-09-13,09:00:00,13.34
2015-09-13,10:00:00,13.42
2015-09-13,11:00:00,13.48
2015-09-13,12:00:00,13.50
2015-09-13,13:00:00,13.53
2015-09-13,14:00:00,13.59
2015-09-13,15:00:00,13.63
2015-09-13,16:00:00,13.70
2015-09-13,17:00:00,13.76
2015-09-13,18:00:00,13.81
2015-09-13,19:00:00,13.82
2015-09-13,20:00:00,13.83
2015-09-13,21:00:00,13.74
2015-09-13,22:00:00,13.76
2015-09-13,23:00:00,13.90
2015-09-14,00:00:00,14.24
2015-09-14,01:00:00,14.30
2015-09-14,02:00:00,14.35
2015-09-14,03:00:00,14.28
2015-09-14,04:00:00,14.44
2015-09-14,05:00:00,14.39
2015-09-14,06:00:00,14.35
2015-09-14,07:00:00,14.34
2015-09-14,08:00:00,14.28
2015-09-14,09:00:00,14.10
2015-09-14,10:00:00,14.02
2015-09-14,11:00:00,14.01
2015-09-14,12:00:00,14.04
2015-09-14,13:00:00,14.16
2015-09-14,14:00:00,14.26
2015-09-14,15:00:00,14.26
2015-09-14,16:00:00,14.25
2015-09-14,17:00:00,14.28
2015-09-14,18:00:00,14.20
2015-09-14,19:00:00,14.08
2015-09-14,20:00:00,14.04
2015-09-14,21:00:00,14.02
2015-09-14,22:00:00,13.97
2015-09-14,23:00:00,13.96
2015-09-15,00:00:00,13.92
2015-09-15,01:00:00,13.89
2015-09-15,02:00:00,13.91
2015-09-15,03:00:00,13.93
2015-09-15,04:00:00,13.81
2015-09-15,05:00:00,13.74
2015-09-15,06:00:00,13.34
2015-09-15,07:00:00,13.35
2015-09-15,08:00:00,13.31
2015-09-15,09:00:00,13.30
2015-09-15,10:00:00,13.27
2015-09-15,11:00:00,13.23
2015-09-15,12:00:00,13.32
2015-09-15,13:00:00,13.41
2015-09-15,14:00:00,13.57
2015-09-15,15:00:00,13.55
2015-09-15,16:00:00,13.66
2015-09-15,17:00:00,13.78
2015-09-15,18:00:00,13.78
2015-09-15,19:00:00,13.77
2015-09-15,20:00:00,13.86
2015-09-15,21:00:00,13.88
2015-09-15,22:00:00,13.91
2015-09-15,23:00:00,13.90
2015-09-16,00:00:00,13.84
2015-09-16,01:00:00,13.86
2015-09-16,02:00:00,14.00
2015-09-16,03:00:00,13.99
2015-09-16,04:00:00,14.05
2015-09-16,05:00:00,14.09
2015-09-16,06:00:00,14.15
2015-09-16,07:00:00,14.17
2015-09-16,08:00:00,14.23
2015-09-16,09:00:00,14.14
2015-09-16,10:00:00,14.13
2015-09-16,11:00:00,14.11
2015-09-16,12:00:00,14.35
2015-09-16,13:00:00,14.40
2015-09-16,14:00:00,14.34
2015-09-16,15:00:00,14.34
2015-09-16,16:00:00,14.29
2015-09-16,17:00:00,14.36
2015-09-16,18:00:00,14.38
2015-09-16,19:00:00,14.33
2015-09-16,20:00:00,14.30
2015-09-16,21:00:00,14.30
2015-09-16,22:00:00,14.22
2015-09-16,23:00:00,14.21
2015-09-17,00:00:00,14.16
2015-09-17,01:00:00,14.14
2015-09-17,02:00:00,14.11
2015-09-17,03:00:00,14.12
2015-09-17,04:00:00,13.95
2015-09-17,05:00:00,13.93
2015-09-17,06:00:00,13.87
2015-09-17,07:00:00,13.89
2015-09-17,08:00:00,13.88
2015-09-17,09:00:00,13.92
2015-09-17,10:00:00,13.79
2015-09-17,11:00:00,13.77
2015-09-17,12:00:00,13.74
2015-09-17,13:00:00,13.75
2015-09-17,14:00:00,13.71
2015-09-17,15:00:00,13.70
2015-09-17,16:00:00,13.68
2015-09-17,17:00:00,13.71
2015-09-17,18:00:00,13.71
2015-09-17,19:00:00,13.71
2015-09-17,20:00:00,13.64
2015-09-17,21:00:00,13.61
2015-09-17,22:00:00,13.59
2015-09-17,23:00:00,13.60
2015-09-18,00:00:00,13.69
2015-09-18,01:00:00,13.68
2015-09-18,02:00:00,13.66
2015-09-18,03:00:00,13.64
2015-09-18,04:00:00,13.66
2015-09-18,05:00:00,13.65
2015-09-18,06:00:00,13.65
2015-09-18,07:00:00,13.65
2015-09-18,08:00:00,13.66
2015-09-18,09:00:00,13.66
2015-09-18,10:00:00,13.68
2015-09-18,11:00:00,13.70
2015-09-18,12:00:00,13.71
2015-09-18,13:00:00,13.73
2015-09-18,14:00:00,13.86
2015-09-18,15:00:00,13.71
2015-09-18,16:00:00,13.66
2015-09-18,17:00:00,13.65
2015-09-18,18:00:00,13.64
2015-09-18,19:00:00,13.64
2015-09-18,20:00:00,13.64
2015-09-18,21:00:00,13.64
2015-09-18,22:00:00,13.64
2015-09-18,23:00:00,13.65
2015-09-19,00:00:00,13.63
2015-09-19,01:00:00,13.59
2015-09-19,02:00:00,13.49
2015-09-19,03:00:00,13.36
2015-09-19,04:00:00,13.34
2015-09-19,05:00:00,13.34
2015-09-19,06:00:00,13.35
2015-09-19,07:00:00,13.36
2015-09-19,08:00:00,13.39
2015-09-19,09:00:00,13.37
2015-09-19,10:00:00,13.36
2015-09-19,11:00:00,13.38
2015-09-19,12:00:00,13.38
2015-09-19,13:00:00,13.35
2015-09-19,14:00:00,13.41
2015-09-19,15:00:00,13.53
2015-09-19,16:00:00,13.67
2015-09-19,17:00:00,13.43
2015-09-19,18:00:00,13.35
2015-09-19,19:00:00,13.32
2015-09-19,20:00:00,13.35
2015-09-19,21:00:00,13.36
2015-09-19,22:00:00,13.39
2015-09-19,23:00:00,13.43
2015-09-20,00:00:00,13.48
2015-09-20,01:00:00,13.50
2015-09-20,02:00:00,13.50
2015-09-20,03:00:00,13.55
2015-09-20,04:00:00,13.57
2015-09-20,05:00:00,13.62
2015-09-20,06:00:00,13.73
2015-09-20,07:00:00,13.72
2015-09-20,08:00:00,13.69
2015-09-20,09:00:00,13.69
2015-09-20,10:00:00,13.66
2015-09-20,11:00:00,13.68
2015-09-20,12:00:00,13.71
2015-09-20,13:00:00,13.73
2015-09-20,14:00:00,13.71
2015-09-20,15:00:00,13.72
2015-09-20,16:00:00,13.73
2015-09-20,17:00:00,13.74
2015-09-20,18:00:00,13.73
2015-09-20,19:00:00,13.72
2015-09-20,20:00:00,13.83
2015-09-20,21:00:00,13.90
2015-09-20,22:00:00,13.87
2015-09-20,23:00:00,13.87
2015-09-21,00:00:00,13.95
2015-09-21,01:00:00,14.00
2015-09-21,02:00:00,13.86
2015-09-21,03:00:00,13.87
2015-09-21,04:00:00,13.97
2015-09-21,05:00:00,13.96
2015-09-21,06:00:00,13.97
2015-09-21,07:00:00,13.98
2015-09-21,08:00:00,13.97
2015-09-21,09:00:00,13.87
2015-09-21,10:00:00,14.04
2015-09-21,11:00:00,14.17
2015-09-21,12:00:00,14.10
2015-09-21,13:00:00,14.09
2015-09-21,14:00:00,14.01
2015-09-21,15:00:00,14.22
2015-09-21,16:00:00,14.17
2015-09-21,17:00:00,14.24
2015-09-21,18:00:00,14.24
2015-09-21,19:00:00,14.15
2015-09-21,20:00:00,13.99
2015-09-21,21:00:00,13.98
2015-09-21,22:00:00,13.97
2015-09-21,23:00:00,13.96
2015-09-22,00:00:00,13.92
2015-09-22,01:00:00,13.87
2015-09-22,02:00:00,13.87
2015-09-22,03:00:00,13.92
2015-09-22,04:00:00,13.80
2015-09-22,05:00:00,13.82
2015-09-22,06:00:00,13.66
2015-09-22,07:00:00,13.60
2015-09-22,08:00:00,13.58
2015-09-22,09:00:00,13.43
2015-09-22,10:00:00,13.41
2015-09-22,11:00:00,13.38
2015-09-22,12:00:00,13.50
2015-09-22,13:00:00,13.55
2015-09-22,14:00:00,13.63
2015-09-22,15:00:00,13.69
2015-09-22,16:00:00,13.70
2015-09-22,17:00:00,13.64
2015-09-22,18:00:00,13.51
2015-09-22,19:00:00,13.00
2015-09-22,20:00:00,12.89
2015-09-22,21:00:00,12.91
2015-09-22,22:00:00,12.97
2015-09-22,23:00:00,13.04
2015-09-23,00:00:00,12.86
2015-09-23,01:00:00,12.81
2015-09-23,02:00:00,12.79
2015-09-23,03:00:00,12.77
2015-09-23,04:00:00,12.75
2015-09-23,05:00:00,12.72
2015-09-23,06:00:00,12.70
2015-09-23,07:00:00,12.66
2015-09-23,08:00:00,12.69
2015-09-23,09:00:00,12.69
2015-09-23,10:00:00,12.69
2015-09-23,11:00:00,12.75
2015-09-23,12:00:00,12.74
2015-09-23,13:00:00,12.73
2015-09-23,14:00:00,12.72
2015-09-23,15:00:00,12.71
2015-09-23,16:00:00,12.77
2015-09-23,17:00:00,13.09
2015-09-23,18:00:00,13.24
2015-09-23,19:00:00,13.26
2015-09-23,20:00:00,13.24
2015-09-23,21:00:00,13.23
2015-09-23,22:00:00,13.25
2015-09-23,23:00:00,13.23
2015-09-24,00:00:00,13.02
2015-09-24,01:00:00,13.10
2015-09-24,02:00:00,13.13
2015-09-24,03:00:00,13.08
2015-09-24,04:00:00,13.09
2015-09-24,05:00:00,13.05
2015-09-24,06:00:00,13.01
2015-09-24,07:00:00,13.19
2015-09-24,08:00:00,13.19
2015-09-24,09:00:00,13.40
2015-09-24,10:00:00,13.37
2015-09-24,11:00:00,13.39
2015-09-24,12:00:00,13.33
2015-09-24,13:00:00,13.31
2015-09-24,14:00:00,13.41
2015-09-24,15:00:00,13.54
2015-09-24,16:00:00,13.61
2015-09-24,17:00:00,13.63
2015-09-24,18:00:00,13.61
2015-09-24,19:00:00,13.72
2015-09-24,20:00:00,13.63
2015-09-24,21:00:00,13.71
2015-09-24,22:00:00,13.86
2015-09-24,23:00:00,13.56
2015-09-25,00:00:00,13.54
2015-09-25,01:00:00,13.47
2015-09-25,02:00:00,13.48
2015-09-25,03:00:00,13.49
2015-09-25,04:00:00,13.50
2015-09-25,05:00:00,13.47
2015-09-25,06:00:00,13.42
2015-09-25,07:00:00,13.38
2015-09-25,08:00:00,13.41
2015-09-25,09:00:00,13.39
2015-09-25,10:00:00,13.35
2015-09-25,11:00:00,13.35
2015-09-25,12:00:00,13.49
2015-09-25,13:00:00,13.31
2015-09-25,14:00:00,13.32
2015-09-25,15:00:00,13.36
2015-09-25,16:00:00,13.36
2015-09-25,17:00:00,13.39
2015-09-25,18:00:00,13.38
2015-09-25,19:00:00,13.36
2015-09-25,20:00:00,13.34
2015-09-25,21:00:00,13.34
2015-09-25,22:00:00,13.32
2015-09-25,23:00:00,13.26
2015-09-26,00:00:00,13.17
2015-09-26,01:00:00,13.17
2015-09-26,02:00:00,13.27
2015-09-26,03:00:00,13.12
2015-09-26,04:00:00,13.11
2015-09-26,05:00:00,12.96
2015-09-26,06:00:00,12.98
2015-09-26,07:00:00,13.00
2015-09-26,08:00:00,13.05
2015-09-26,09:00:00,13.03
2015-09-26,10:00:00,13.04
2015-09-26,11:00:00,13.11
2015-09-26,12:00:00,12.45
2015-09-26,13:00:00,12.64
2015-09-26,14:00:00,13.14
2015-09-26,15:00:00,13.02
2015-09-26,16:00:00,12.88
2015-09-26,17:00:00,12.94
2015-09-26,18:00:00,12.67
2015-09-26,19:00:00,12.62
2015-09-26,20:00:00,12.81
2015-09-26,21:00:00,13.02
2015-09-26,22:00:00,12.66
2015-09-26,23:00:00,12.60
2015-09-27,00:00:00,12.61
2015-09-27,01:00:00,12.72
2015-09-27,02:00:00,12.64
2015-09-27,03:00:00,12.62
2015-09-27,04:00:00,12.23
2015-09-27,05:00:00,12.18
2015-09-27,06:00:00,12.17
2015-09-27,07:00:00,12.28
2015-09-27,08:00:00,12.34
2015-09-27,09:00:00,12.33
2015-09-27,10:00:00,12.30
2015-09-27,11:00:00,12.15
2015-09-27,12:00:00,12.45
2015-09-27,13:00:00,12.50
2015-09-27,14:00:00,12.83
2015-09-27,15:00:00,12.30
2015-09-27,16:00:00,12.38
2015-09-27,17:00:00,12.55
2015-09-27,18:00:00,12.57
2015-09-27,19:00:00,12.68
2015-09-27,20:00:00,12.75
2015-09-27,21:00:00,12.74
2015-09-27,22:00:00,12.73
2015-09-27,23:00:00,12.72
2015-09-28,00:00:00,12.52
2015-09-28,01:00:00,12.46
2015-09-28,02:00:00,12.58
2015-09-28,03:00:00,12.57
2015-09-28,04:00:00,12.58
2015-09-28,05:00:00,12.64
2015-09-28,06:00:00,12.55
2015-09-28,07:00:00,12.49
2015-09-28,08:00:00,12.46
2015-09-28,09:00:00,12.42
2015-09-28,10:00:00,12.45
2015-09-28,11:00:00,12.44
2015-09-28,12:00:00,12.50
2015-09-28,13:00:00,12.58
2015-09-28,14:00:00,12.68
2015-09-28,15:00:00,12.79
2015-09-28,16:00:00,12.90
2015-09-28,17:00:00,12.96
2015-09-28,18:00:00,12.97
2015-09-28,19:00:00,13.02
2015-09-28,20:00:00,13.10
2015-09-28,21:00:00,13.10
2015-09-28,22:00:00,13.08
2015-09-28,23:00:00,13.00
2015-09-29,00:00:00,12.92
2015-09-29,01:00:00,12.95
2015-09-29,02:00:00,12.95
2015-09-29,03:00:00,12.91
2015-09-29,04:00:00,12.96
2015-09-29,05:00:00,12.97
2015-09-29,06:00:00,12.94
2015-09-29,07:00:00,12.97
2015-09-29,08:00:00,12.99
2015-09-29,09:00:00,13.01
2015-09-29,10:00:00,13.03
2015-09-29,11:00:00,12.99
2015-09-29,12:00:00,12.97
2015-09-29,13:00:00,13.02
2015-09-29,14:00:00,13.07
2015-09-29,15:00:00,13.12
2015-09-29,16:00:00,13.18
2015-09-29,17:00:00,13.40
2015-09-29,18:00:00,13.53
2015-09-29,19:00:00,13.72
2015-09-29,20:00:00,13.42
2015-09-29,21:00:00,13.37
2015-09-29,22:00:00,13.04
2015-09-29,23:00:00,12.85
2015-09-30,00:00:00,12.85
2015-09-30,01:00:00,12.92
2015-09-30,02:00:00,13.10
2015-09-30,03:00:00,13.07
2015-09-30,04:00:00,13.24
2015-09-30,05:00:00,13.27
2015-09-30,06:00:00,13.29
2015-09-30,07:00:00,13.29
2015-09-30,08:00:00,13.39
2015-09-30,09:00:00,13.38
2015-09-30,10:00:00,13.30
2015-09-30,11:00:00,13.07
2015-09-30,12:00:00,13.05
2015-09-30,13:00:00,13.04
2015-09-30,14:00:00,13.22
2015-09-30,15:00:00,13.13
2015-09-30,16:00:00,13.27
2015-09-30,17:00:00,13.37
2015-09-30,18:00:00,13.40
2015-09-30,19:00:00,13.54
2015-09-30,20:00:00,13.48
2015-09-30,21:00:00,13.71
2015-09-30,22:00:00,13.56
2015-09-30,23:00:00,13.28
2015-10-01,00:00:00,13.25
2015-10-01,01:00:00,13.25
2015-10-01,02:00:00,13.26
2015-10-01,03:00:00,13.33
2015-10-01,04:00:00,13.50
2015-10-01,05:00:00,13.59
2015-10-01,06:00:00,13.59
2015-10-01,07:00:00,13.57
2015-10-01,08:00:00,13.59
2015-10-01,09:00:00,13.61
2015-10-01,10:00:00,13.61
2015-10-01,11:00:00,13.63
2015-10-01,12:00:00,13.63
2015-10-01,13:00:00,13.66
2015-10-01,14:00:00,13.67
2015-10-01,15:00:00,13.53
2015-10-01,16:00:00,13.49
2015-10-01,17:00:00,13.51
2015-10-01,18:00:00,13.52
2015-10-01,19:00:00,13.87
2015-10-01,20:00:00,13.82
2015-10-01,21:00:00,13.77
2015-10-01,22:00:00,13.76
2015-10-01,23:00:00,13.72
2015-10-02,00:00:00,13.50
2015-10-02,01:00:00,13.46
2015-10-02,02:00:00,13.51
2015-10-02,03:00:00,13.59
2015-10-02,04:00:00,13.74
2015-10-02,05:00:00,13.78
2015-10-02,06:00:00,13.80
2015-10-02,07:00:00,13.74
2015-10-02,08:00:00,13.65
2015-10-02,09:00:00,13.77
2015-10-02,10:00:00,13.70
2015-10-02,11:00:00,13.74
2015-10-02,12:00:00,13.75
2015-10-02,13:00:00,13.84
2015-10-02,14:00:00,13.79
2015-10-02,15:00:00,13.78
2015-10-02,16:00:00,13.77
2015-10-02,17:00:00,13.76
2015-10-02,18:00:00,13.74
2015-10-02,19:00:00,13.72
2015-10-02,20:00:00,13.68
2015-10-02,21:00:00,13.54
2015-10-02,22:00:00,13.51
2015-10-02,23:00:00,13.50
2015-10-03,00:00:00,13.45
2015-10-03,01:00:00,13.42
2015-10-03,02:00:00,13.38
2015-10-03,03:00:00,13.34
2015-10-03,04:00:00,13.28
2015-10-03,05:00:00,13.22
2015-10-03,06:00:00,13.11
2015-10-03,07:00:00,12.94
2015-10-03,08:00:00,12.89
2015-10-03,09:00:00,12.80
2015-10-03,10:00:00,12.70
2015-10-03,11:00:00,12.58
2015-10-03,12:00:00,12.47
2015-10-03,13:00:00,12.39
2015-10-03,14:00:00,12.17
2015-10-03,15:00:00,12.00
2015-10-03,16:00:00,11.92
2015-10-03,17:00:00,11.89
2015-10-03,18:00:00,11.88
2015-10-03,19:00:00,11.84
2015-10-03,20:00:00,11.82
2015-10-03,21:00:00,11.78
2015-10-03,22:00:00,11.71
2015-10-03,23:00:00,11.67
2015-10-04,00:00:00,11.59
2015-10-04,01:00:00,11.52
2015-10-04,02:00:00,11.52
2015-10-04,03:00:00,11.48
2015-10-04,04:00:00,11.41
2015-10-04,05:00:00,11.34
2015-10-04,06:00:00,11.29
2015-10-04,07:00:00,11.24
2015-10-04,08:00:00,11.26
2015-10-04,09:00:00,11.25
2015-10-04,10:00:00,11.24
2015-10-04,11:00:00,11.28
2015-10-04,12:00:00,11.24
2015-10-04,13:00:00,11.28
2015-10-04,14:00:00,11.30
2015-10-04,15:00:00,11.34
2015-10-04,16:00:00,11.40
2015-10-04,17:00:00,11.45
2015-10-04,18:00:00,11.48
2015-10-04,19:00:00,11.51
2015-10-04,20:00:00,11.51
2015-10-04,21:00:00,11.52
2015-10-04,22:00:00,11.52
2015-10-04,23:00:00,11.53
2015-10-05,00:00:00,11.63
2015-10-05,01:00:00,11.64
2015-10-05,02:00:00,11.65
2015-10-05,03:00:00,11.67
2015-10-05,04:00:00,11.71
2015-10-05,05:00:00,11.73
2015-10-05,06:00:00,11.74
2015-10-05,07:00:00,11.74
2015-10-05,08:00:00,11.73
2015-10-05,09:00:00,11.72
2015-10-05,10:00:00,11.72
2015-10-05,11:00:00,11.71
2015-10-05,12:00:00,11.69
2015-10-05,13:00:00,11.62
2015-10-05,14:00:00,11.61
2015-10-05,15:00:00,11.63
2015-10-05,16:00:00,11.68
2015-10-05,17:00:00,11.80
2015-10-05,18:00:00,11.79
2015-10-05,19:00:00,11.97
2015-10-05,20:00:00,12.06
2015-10-05,21:00:00,11.87
2015-10-05,22:00:00,12.06
2015-10-05,23:00:00,12.09
2015-10-06,00:00:00,12.20
2015-10-06,01:00:00,12.20
2015-10-06,02:00:00,12.14
2015-10-06,03:00:00,12.14
2015-10-06,04:00:00,12.16
2015-10-06,05:00:00,12.14
2015-10-06,06:00:00,12.16
2015-10-06,07:00:00,12.20
2015-10-06,08:00:00,12.24
2015-10-06,09:00:00,12.04
2015-10-06,10:00:00,12.09
2015-10-06,11:00:00,12.24
2015-10-06,12:00:00,12.27
2015-10-06,13:00:00,12.25
2015-10-06,14:00:00,12.29
2015-10-06,15:00:00,12.29
2015-10-06,16:00:00,12.35
2015-10-06,17:00:00,12.38
2015-10-06,18:00:00,12.38
2015-10-06,19:00:00,12.40
2015-10-06,20:00:00,12.41
2015-10-06,21:00:00,12.40
2015-10-06,22:00:00,12.36
2015-10-06,23:00:00,12.36
2015-10-07,00:00:00,12.36
2015-10-07,01:00:00,12.38
2015-10-07,02:00:00,12.39
2015-10-07,03:00:00,12.38
2015-10-07,04:00:00,12.39
2015-10-07,05:00:00,12.40
2015-10-07,06:00:00,12.44
2015-10-07,07:00:00,12.43
2015-10-07,08:00:00,12.40
2015-10-07,09:00:00,12.42
2015-10-07,10:00:00,12.42
2015-10-07,11:00:00,12.43
2015-10-07,12:00:00,12.42
2015-10-07,13:00:00,12.44
2015-10-07,14:00:00,12.44
2015-10-07,15:00:00,12.44
2015-10-07,16:00:00,12.45
2015-10-07,17:00:00,12.45
2015-10-07,18:00:00,12.44
2015-10-07,19:00:00,12.43
2015-10-07,20:00:00,12.40
2015-10-07,21:00:00,12.37
2015-10-07,22:00:00,12.35
2015-10-07,23:00:00,12.33
2015-10-08,00:00:00,12.32
2015-10-08,01:00:00,12.32
2015-10-08,02:00:00,12.28
2015-10-08,03:00:00,12.24
2015-10-08,04:00:00,12.22
2015-10-08,05:00:00,12.20
2015-10-08,06:00:00,12.19
2015-10-08,07:00:00,12.18
2015-10-08,08:00:00,12.16
2015-10-08,09:00:00,12.14
2015-10-08,10:00:00,12.12
2015-10-08,11:00:00,12.12
2015-10-08,12:00:00,12.13
2015-10-08,13:00:00,12.16
2015-10-08,14:00:00,12.14
2015-10-08,15:00:00,12.17
2015-10-08,16:00:00,12.22
2015-10-08,17:00:00,12.30
2015-10-08,18:00:00,12.36
2015-10-08,19:00:00,12.40
2015-10-08,20:00:00,12.42
2015-10-08,21:00:00,12.42
2015-10-08,22:00:00,12.41
2015-10-08,23:00:00,12.41
2015-10-09,00:00:00,12.40
2015-10-09,01:00:00,12.40
2015-10-09,02:00:00,12.40
2015-10-09,03:00:00,12.35
2015-10-09,04:00:00,12.30
2015-10-09,05:00:00,12.26
2015-10-09,06:00:00,12.25
2015-10-09,07:00:00,12.26
2015-10-09,08:00:00,12.23
2015-10-09,09:00:00,12.19
2015-10-09,10:00:00,12.16
2015-10-09,11:00:00,12.12
2015-10-09,12:00:00,12.08
2015-10-09,13:00:00,12.07
2015-10-09,14:00:00,12.12
2015-10-09,15:00:00,12.17
2015-10-09,16:00:00,12.11
2015-10-09,17:00:00,12.29
2015-10-09,18:00:00,12.38
2015-10-09,19:00:00,12.32
2015-10-09,20:00:00,12.28
2015-10-09,21:00:00,12.31
2015-10-09,22:00:00,12.30
2015-10-09,23:00:00,12.29
2015-10-10,00:00:00,12.26
2015-10-10,01:00:00,12.24
2015-10-10,02:00:00,12.23
2015-10-10,03:00:00,12.21
2015-10-10,04:00:00,12.20
2015-10-10,05:00:00,12.21
2015-10-10,06:00:00,12.20
2015-10-10,07:00:00,12.20
2015-10-10,08:00:00,12.12
2015-10-10,09:00:00,12.19
2015-10-10,10:00:00,12.17
2015-10-10,11:00:00,12.13
2015-10-10,12:00:00,12.08
2015-10-10,13:00:00,12.08
2015-10-10,14:00:00,12.09
2015-10-10,15:00:00,12.09
2015-10-10,16:00:00,12.08
2015-10-10,17:00:00,12.06
2015-10-10,18:00:00,12.00
2015-10-10,19:00:00,11.97
2015-10-10,20:00:00,11.96
2015-10-10,21:00:00,11.95
2015-10-10,22:00:00,11.90
2015-10-10,23:00:00,11.86
2015-10-11,00:00:00,11.80
2015-10-11,01:00:00,11.73
2015-10-11,02:00:00,11.67
2015-10-11,03:00:00,11.56
2015-10-11,04:00:00,11.57
2015-10-11,05:00:00,11.50
2015-10-11,06:00:00,11.37
2015-10-11,07:00:00,11.43
2015-10-11,08:00:00,11.42
2015-10-11,09:00:00,11.43
2015-10-11,10:00:00,11.38
2015-10-11,11:00:00,11.33
2015-10-11,12:00:00,11.31
2015-10-11,13:00:00,11.11
2015-10-11,14:00:00,11.34
2015-10-11,15:00:00,11.34
2015-10-11,16:00:00,11.28
2015-10-11,17:00:00,11.35
2015-10-11,18:00:00,11.41
2015-10-11,19:00:00,11.54
2015-10-11,20:00:00,11.44
2015-10-11,21:00:00,11.55
2015-10-11,22:00:00,11.56
2015-10-11,23:00:00,11.55
2015-10-12,00:00:00,11.53
2015-10-12,01:00:00,11.54
2015-10-12,02:00:00,11.54
2015-10-12,03:00:00,11.55
2015-10-12,04:00:00,11.55
2015-10-12,05:00:00,11.53
2015-10-12,06:00:00,11.53
2015-10-12,07:00:00,11.53
2015-10-12,08:00:00,11.48
2015-10-12,09:00:00,11.44
2015-10-12,10:00:00,11.36
2015-10-12,11:00:00,11.33
2015-10-12,12:00:00,11.36
2015-10-12,13:00:00,11.36
2015-10-12,14:00:00,11.39
2015-10-12,15:00:00,11.41
2015-10-12,16:00:00,11.45
2015-10-12,17:00:00,11.43
2015-10-12,18:00:00,11.49
2015-10-12,19:00:00,11.45
2015-10-12,20:00:00,11.47
2015-10-12,21:00:00,11.33
2015-10-12,22:00:00,11.31
2015-10-12,23:00:00,11.27
2015-10-13,00:00:00,11.25
2015-10-13,01:00:00,11.25
2015-10-13,02:00:00,11.25
2015-10-13,03:00:00,11.25
2015-10-13,04:00:00,11.30
2015-10-13,05:00:00,11.33
2015-10-13,06:00:00,11.32
2015-10-13,07:00:00,11.32
2015-10-13,08:00:00,11.32
2015-10-13,09:00:00,11.25
2015-10-13,10:00:00,11.19
2015-10-13,11:00:00,11.19
2015-10-13,12:00:00,11.18
2015-10-13,13:00:00,11.23
2015-10-13,14:00:00,11.30
2015-10-13,15:00:00,11.32
2015-10-13,16:00:00,11.43
2015-10-13,17:00:00,11.43
2015-10-13,18:00:00,11.41
2015-10-13,19:00:00,11.46
2015-10-13,20:00:00,11.47
2015-10-13,21:00:00,11.35
2015-10-13,22:00:00,11.33
2015-10-13,23:00:00,11.31
2015-10-14,00:00:00,11.25
2015-10-14,01:00:00,11.13
2015-10-14,02:00:00,11.11
2015-10-14,03:00:00,11.10
2015-10-14,04:00:00,11.10
2015-10-14,05:00:00,11.09
2015-10-14,06:00:00,11.05
2015-10-14,07:00:00,11.02
2015-10-14,08:00:00,11.05
2015-10-14,09:00:00,11.04
2015-10-14,10:00:00,11.05
2015-10-14,11:00:00,11.08
2015-10-14,12:00:00,11.11
2015-10-14,13:00:00,11.20
2015-10-14,14:00:00,11.27
2015-10-14,15:00:00,11.38
2015-10-14,16:00:00,11.53
2015-10-14,17:00:00,11.60
2015-10-14,18:00:00,11.70
2015-10-14,19:00:00,11.72
2015-10-14,20:00:00,11.79
2015-10-14,21:00:00,11.71
2015-10-14,22:00:00,11.68
2015-10-14,23:00:00,11.56
2015-10-15,00:00:00,11.52
2015-10-15,01:00:00,11.60
2015-10-15,02:00:00,11.53
2015-10-15,03:00:00,11.55
2015-10-15,04:00:00,11.64
2015-10-15,05:00:00,11.69
2015-10-15,06:00:00,11.72
2015-10-15,07:00:00,11.69
2015-10-15,08:00:00,11.65
2015-10-15,09:00:00,11.61
2015-10-15,10:00:00,11.60
2015-10-15,11:00:00,11.63
2015-10-15,12:00:00,11.61
2015-10-15,13:00:00,11.66
2015-10-15,14:00:00,11.76
2015-10-15,15:00:00,11.96
2015-10-15,16:00:00,12.08
2015-10-15,17:00:00,12.12
2015-10-15,18:00:00,11.99
2015-10-15,19:00:00,11.91
2015-10-15,20:00:00,11.88
2015-10-15,21:00:00,11.88
2015-10-15,22:00:00,11.96
2015-10-15,23:00:00,11.95
2015-10-16,00:00:00,11.89
2015-10-16,01:00:00,12.00
2015-10-16,02:00:00,11.96
2015-10-16,03:00:00,12.01
2015-10-16,04:00:00,12.05
2015-10-16,05:00:00,12.05
2015-10-16,06:00:00,12.06
2015-10-16,07:00:00,12.07
2015-10-16,08:00:00,12.03
2015-10-16,09:00:00,12.00
2015-10-16,10:00:00,11.97
2015-10-16,11:00:00,11.97
2015-10-16,12:00:00,11.87
2015-10-16,13:00:00,11.72
2015-10-16,14:00:00,11.95
2015-10-16,15:00:00,11.94
2015-10-16,16:00:00,11.98
2015-10-16,17:00:00,11.93
2015-10-16,18:00:00,11.94
2015-10-16,19:00:00,11.95
2015-10-16,20:00:00,11.94
2015-10-16,21:00:00,11.93
2015-10-16,22:00:00,11.86
2015-10-16,23:00:00,11.82
2015-10-17,00:00:00,11.86
2015-10-17,01:00:00,11.72
2015-10-17,02:00:00,11.68
2015-10-17,03:00:00,11.71
2015-10-17,04:00:00,11.67
2015-10-17,05:00:00,11.61
2015-10-17,06:00:00,11.56
2015-10-17,07:00:00,11.45
2015-10-17,08:00:00,10.86
2015-10-17,09:00:00,10.94
2015-10-17,10:00:00,10.69
2015-10-17,11:00:00,11.00
2015-10-17,12:00:00,10.84
2015-10-17,13:00:00,10.93
2015-10-17,14:00:00,11.06
2015-10-17,15:00:00,11.07
2015-10-17,16:00:00,11.17
2015-10-17,17:00:00,11.29
2015-10-17,18:00:00,11.42
2015-10-17,19:00:00,11.46
2015-10-17,20:00:00,11.45
2015-10-17,21:00:00,11.41
2015-10-17,22:00:00,11.40
2015-10-17,23:00:00,11.36
2015-10-18,00:00:00,11.34
2015-10-18,01:00:00,11.33
2015-10-18,02:00:00,11.30
2015-10-18,03:00:00,11.32
2015-10-18,04:00:00,11.33
2015-10-18,05:00:00,11.40
2015-10-18,06:00:00,11.38
2015-10-18,07:00:00,11.37
2015-10-18,08:00:00,11.37
2015-10-18,09:00:00,11.37
2015-10-18,10:00:00,11.37
2015-10-18,11:00:00,11.39
2015-10-18,12:00:00,11.41
2015-10-18,13:00:00,9.67
2015-10-18,14:00:00,14.72
2015-10-18,15:00:00,20.81
2015-10-18,16:00:00,19.74
2015-10-18,17:00:00,20.09
2015-10-18,18:00:00,20.22
2015-10-18,19:00:00,20.34
2015-10-18,20:00:00,20.25
2015-10-18,21:00:00,21.10
2015-10-18,22:00:00,21.46
2015-10-18,23:00:00,22.14
2015-10-19,00:00:00,21.64
2015-10-19,01:00:00,21.01
2015-10-19,02:00:00,20.54
2015-10-19,03:00:00,20.11
2015-10-19,04:00:00,19.63
2015-10-19,05:00:00,19.68
2015-10-19,06:00:00,19.68
2015-10-19,07:00:00,19.48
2015-10-19,08:00:00,19.66
2015-10-19,09:00:00,20.33
2015-10-19,10:00:00,19.79
2015-10-19,11:00:00,19.44
2015-10-19,12:00:00,18.75
2015-10-19,13:00:00,20.15
2015-10-19,14:00:00,19.91
2015-10-19,15:00:00,19.48
2015-10-19,16:00:00,19.47
2015-10-19,17:00:00,19.50
2015-10-19,18:00:00,19.03
2015-10-19,19:00:00,19.54
2015-10-19,20:00:00,19.26
2015-10-19,21:00:00,19.32
2015-10-19,22:00:00,19.98
2015-10-19,23:00:00,20.64
2015-10-20,00:00:00,21.77
2015-10-20,01:00:00,21.58
2015-10-20,02:00:00,21.11
2015-10-20,03:00:00,21.24
2015-10-20,04:00:00,20.64
2015-10-20,05:00:00,20.84
2015-10-20,06:00:00,20.74
2015-10-20,07:00:00,20.84
2015-10-20,08:00:00,20.71
2015-10-20,09:00:00,20.35
2015-10-20,10:00:00,20.39
2015-10-20,11:00:00,20.21
2015-10-20,12:00:00,19.33
2015-10-20,13:00:00,19.04
2015-10-20,14:00:00,18.84
2015-10-20,15:00:00,18.85
2015-10-20,16:00:00,18.88
2015-10-20,17:00:00,18.88
2015-10-20,18:00:00,19.24
2015-10-20,19:00:00,19.97
2015-10-20,20:00:00,20.27
2015-10-20,21:00:00,19.98
2015-10-20,22:00:00,20.07
2015-10-20,23:00:00,20.86
2015-10-21,00:00:00,22.09
2015-10-21,01:00:00,21.60
2015-10-21,02:00:00,21.76
2015-10-21,03:00:00,21.01
2015-10-21,04:00:00,20.31
2015-10-21,05:00:00,20.50
2015-10-21,06:00:00,20.24
2015-10-21,07:00:00,19.98
2015-10-21,08:00:00,20.39
2015-10-21,09:00:00,20.29
2015-10-21,10:00:00,20.38
2015-10-21,11:00:00,19.65
2015-10-21,12:00:00,19.22
2015-10-21,13:00:00,19.19
2015-10-21,14:00:00,18.98
2015-10-21,15:00:00,18.51
2015-10-21,16:00:00,18.11
2015-10-21,17:00:00,18.16
2015-10-21,18:00:00,18.04
2015-10-21,19:00:00,17.59
2015-10-21,20:00:00,17.44
2015-10-21,21:00:00,18.15
2015-10-21,22:00:00,20.01
2015-10-21,23:00:00,21.24
2015-10-22,00:00:00,21.12
2015-10-22,01:00:00,20.91
2015-10-22,02:00:00,20.47
2015-10-22,03:00:00,20.41
2015-10-22,04:00:00,20.37
2015-10-22,05:00:00,20.00
2015-10-22,06:00:00,20.22
2015-10-22,07:00:00,20.19
2015-10-22,08:00:00,19.91
2015-10-22,09:00:00,20.21
2015-10-22,10:00:00,19.87
2015-10-22,11:00:00,19.48
2015-10-22,12:00:00,18.83
2015-10-22,13:00:00,18.52
2015-10-22,14:00:00,18.31
2015-10-22,15:00:00,18.05
2015-10-22,16:00:00,18.01
2015-10-22,17:00:00,18.34
2015-10-22,18:00:00,18.40
2015-10-22,19:00:00,18.27
2015-10-22,20:00:00,18.12
2015-10-22,21:00:00,18.77
2015-10-22,22:00:00,20.03
2015-10-22,23:00:00,20.63
2015-10-23,00:00:00,21.25
2015-10-23,01:00:00,21.05
2015-10-23,02:00:00,21.20
2015-10-23,03:00:00,20.49
2015-10-23,04:00:00,19.66
2015-10-23,05:00:00,19.65
2015-10-23,06:00:00,19.75
2015-10-23,07:00:00,19.52
2015-10-23,08:00:00,19.37
2015-10-23,09:00:00,19.86
2015-10-23,10:00:00,19.56
2015-10-23,11:00:00,19.65
2015-10-23,12:00:00,20.48
2015-10-23,13:00:00,20.34
2015-10-23,14:00:00,20.25
2015-10-23,15:00:00,20.69
2015-10-23,16:00:00,20.55
2015-10-23,17:00:00,21.97
2015-10-23,18:00:00,20.74
2015-10-23,19:00:00,20.57
2015-10-23,20:00:00,20.31
2015-10-23,21:00:00,21.84
2015-10-23,22:00:00,22.09
2015-10-23,23:00:00,22.61
2015-10-24,00:00:00,22.25
2015-10-24,01:00:00,21.64
2015-10-24,02:00:00,20.74
2015-10-24,03:00:00,20.55
2015-10-24,04:00:00,20.61
2015-10-24,05:00:00,20.33
2015-10-24,06:00:00,20.31
2015-10-24,07:00:00,20.49
2015-10-24,08:00:00,20.35
2015-10-24,09:00:00,20.16
2015-10-24,10:00:00,20.50
2015-10-24,11:00:00,20.52
2015-10-24,12:00:00,20.27
2015-10-24,13:00:00,20.95
2015-10-24,14:00:00,20.66
2015-10-24,15:00:00,20.81
2015-10-24,16:00:00,20.90
2015-10-24,17:00:00,20.68
2015-10-24,18:00:00,20.56
2015-10-24,19:00:00,20.13
2015-10-24,20:00:00,20.20
2015-10-24,21:00:00,20.79
2015-10-24,22:00:00,21.74
2015-10-24,23:00:00,22.10
2015-10-25,00:00:00,22.21
2015-10-25,01:00:00,22.53
2015-10-25,02:00:00,21.95
2015-10-25,03:00:00,21.97
2015-10-25,04:00:00,21.46
2015-10-25,05:00:00,21.39
2015-10-25,06:00:00,21.27
2015-10-25,07:00:00,22.08
2015-10-25,08:00:00,21.16
2015-10-25,09:00:00,21.09
2015-10-25,10:00:00,21.01
2015-10-25,11:00:00,21.28
2015-10-25,12:00:00,20.85
2015-10-25,13:00:00,20.30
2015-10-25,14:00:00,19.68
2015-10-25,15:00:00,19.94
2015-10-25,16:00:00,19.89
2015-10-25,17:00:00,19.85
2015-10-25,18:00:00,19.41
2015-10-25,19:00:00,19.19
2015-10-25,20:00:00,19.16
2015-10-25,21:00:00,18.91
2015-10-25,22:00:00,18.25
2015-10-25,23:00:00,20.08
2015-10-26,00:00:00,20.67
2015-10-26,01:00:00,20.83
2015-10-26,02:00:00,21.21
2015-10-26,03:00:00,21.44
2015-10-26,04:00:00,21.52
2015-10-26,05:00:00,21.28
2015-10-26,06:00:00,20.92
2015-10-26,07:00:00,20.84
2015-10-26,08:00:00,20.06
2015-10-26,09:00:00,20.69
2015-10-26,10:00:00,19.43
2015-10-26,11:00:00,19.23
2015-10-26,12:00:00,18.55
2015-10-26,13:00:00,18.62
2015-10-26,14:00:00,19.09
2015-10-26,15:00:00,20.05
2015-10-26,16:00:00,20.37
2015-10-26,17:00:00,20.02
2015-10-26,18:00:00,20.17
2015-10-26,19:00:00,19.81
2015-10-26,20:00:00,19.48
2015-10-26,21:00:00,19.37
2015-10-26,22:00:00,18.65
2015-10-26,23:00:00,19.12
2015-10-27,00:00:00,20.08
2015-10-27,01:00:00,20.70
2015-10-27,02:00:00,21.08
2015-10-27,03:00:00,21.23
2015-10-27,04:00:00,21.40
2015-10-27,05:00:00,21.02
2015-10-27,06:00:00,21.31
2015-10-27,07:00:00,20.96
2015-10-27,08:00:00,21.01
2015-10-27,09:00:00,21.22
2015-10-27,10:00:00,20.62
2015-10-27,11:00:00,19.43
2015-10-27,12:00:00,19.00
2015-10-27,13:00:00,18.14
2015-10-27,14:00:00,17.90
2015-10-27,15:00:00,19.24
2015-10-27,16:00:00,19.82
2015-10-27,17:00:00,19.63
2015-10-27,18:00:00,19.01
2015-10-27,19:00:00,18.47
2015-10-27,20:00:00,19.43
2015-10-27,21:00:00,19.81
2015-10-27,22:00:00,20.15
2015-10-27,23:00:00,20.49
2015-10-28,00:00:00,21.15
2015-10-28,01:00:00,20.83
2015-10-28,02:00:00,21.09
2015-10-28,03:00:00,20.62
2015-10-28,04:00:00,20.89
2015-10-28,05:00:00,20.49
2015-10-28,06:00:00,20.55
2015-10-28,07:00:00,20.48
2015-10-28,08:00:00,20.26
2015-10-28,09:00:00,20.86
2015-10-28,10:00:00,20.52
2015-10-28,11:00:00,19.53
2015-10-28,12:00:00,18.84
2015-10-28,13:00:00,18.31
2015-10-28,14:00:00,17.62
2015-10-28,15:00:00,20.05
2015-10-28,16:00:00,20.30
2015-10-28,17:00:00,19.82
2015-10-28,18:00:00,18.72
2015-10-28,19:00:00,18.32
2015-10-28,20:00:00,17.99
2015-10-28,21:00:00,19.13
2015-10-28,22:00:00,20.35
2015-10-28,23:00:00,21.05
2015-10-29,00:00:00,21.55
2015-10-29,01:00:00,21.31
2015-10-29,02:00:00,20.30
2015-10-29,03:00:00,19.81
2015-10-29,04:00:00,19.58
2015-10-29,05:00:00,19.20
2015-10-29,06:00:00,19.19
2015-10-29,07:00:00,19.31
2015-10-29,08:00:00,19.49
2015-10-29,09:00:00,19.48
2015-10-29,10:00:00,19.67
2015-10-29,11:00:00,19.72
2015-10-29,12:00:00,19.10
2015-10-29,13:00:00,18.64
2015-10-29,14:00:00,18.05
2015-10-29,15:00:00,17.76
2015-10-29,16:00:00,18.99
2015-10-29,17:00:00,19.99
2015-10-29,18:00:00,20.43
2015-10-29,19:00:00,20.01
2015-10-29,20:00:00,20.45
2015-10-29,21:00:00,20.41
2015-10-29,22:00:00,20.29
2015-10-29,23:00:00,19.50
2015-10-30,00:00:00,19.62
2015-10-30,01:00:00,20.57
2015-10-30,02:00:00,21.78
2015-10-30,03:00:00,21.51
2015-10-30,04:00:00,21.02
2015-10-30,05:00:00,20.94
2015-10-30,06:00:00,20.60
2015-10-30,07:00:00,21.29
2015-10-30,08:00:00,20.78
2015-10-30,09:00:00,20.86
2015-10-30,10:00:00,20.71
2015-10-30,11:00:00,20.80
2015-10-30,12:00:00,20.87
2015-10-30,13:00:00,20.93
2015-10-30,14:00:00,20.85
2015-10-30,15:00:00,20.27
2015-10-30,16:00:00,20.34
2015-10-30,17:00:00,20.19
2015-10-30,18:00:00,20.29
2015-10-30,19:00:00,20.14
2015-10-30,20:00:00,21.01
2015-10-30,21:00:00,19.74
2015-10-30,22:00:00,19.35
2015-10-30,23:00:00,18.82
2015-10-31,00:00:00,19.03
2015-10-31,01:00:00,18.69
2015-10-31,02:00:00,19.38
2015-10-31,03:00:00,20.40
2015-10-31,04:00:00,20.31
2015-10-31,05:00:00,20.36
2015-10-31,06:00:00,20.06
2015-10-31,07:00:00,20.08
2015-10-31,08:00:00,19.94
2015-10-31,09:00:00,20.27
2015-10-31,10:00:00,20.40
2015-10-31,11:00:00,20.10
2015-10-31,12:00:00,20.15
2015-10-31,13:00:00,19.97
2015-10-31,14:00:00,20.15
2015-10-31,15:00:00,20.17
2015-10-31,16:00:00,20.18
2015-10-31,17:00:00,20.46
2015-10-31,18:00:00,20.37
2015-10-31,19:00:00,20.89
2015-10-31,20:00:00,20.68
2015-10-31,21:00:00,20.40
2015-10-31,22:00:00,21.10
2015-10-31,23:00:00,20.85
2015-11-01,00:00:00,20.60
2015-11-01,01:00:00,20.01
2015-11-01,02:00:00,19.71
2015-11-01,03:00:00,19.29
2015-11-01,04:00:00,19.21
2015-11-01,05:00:00,19.29
2015-11-01,06:00:00,19.10
2015-11-01,07:00:00,19.18
2015-11-01,08:00:00,19.17
2015-11-01,09:00:00,18.98
2015-11-01,10:00:00,19.34
2015-11-01,11:00:00,18.91
2015-11-01,12:00:00,19.43
2015-11-01,13:00:00,19.45
2015-11-01,14:00:00,18.98
2015-11-01,15:00:00,18.85
2015-11-01,16:00:00,19.53
2015-11-01,17:00:00,19.10
2015-11-01,18:00:00,19.53
2015-11-01,19:00:00,19.32
2015-11-01,20:00:00,19.04
2015-11-01,21:00:00,20.21
2015-11-01,22:00:00,21.63
2015-11-01,23:00:00,20.75
2015-11-02,00:00:00,20.30
2015-11-02,01:00:00,20.13
2015-11-02,02:00:00,20.59
2015-11-02,03:00:00,20.75
2015-11-02,04:00:00,20.71
2015-11-02,05:00:00,20.63
2015-11-02,06:00:00,20.48
2015-11-02,07:00:00,20.41
2015-11-02,08:00:00,20.44
2015-11-02,09:00:00,20.42
2015-11-02,10:00:00,20.45
2015-11-02,11:00:00,20.39
2015-11-02,12:00:00,20.89
2015-11-02,13:00:00,20.84
2015-11-02,14:00:00,23.49
2015-11-02,15:00:00,21.05
2015-11-02,16:00:00,22.73
2015-11-02,17:00:00,19.86
2015-11-02,18:00:00,18.61
2015-11-02,19:00:00,18.03
2015-11-02,20:00:00,16.93
2015-11-02,21:00:00,17.07
2015-11-02,22:00:00,19.97
2015-11-02,23:00:00,24.54
2015-11-03,00:00:00,21.51
2015-11-03,01:00:00,16.24
2015-11-03,02:00:00,12.16
2015-11-03,03:00:00,9.32
2015-11-03,04:00:00,7.46
2015-11-03,05:00:00,6.21
2015-11-03,06:00:00,5.30
2015-11-03,07:00:00,4.59
2015-11-03,08:00:00,4.00
2015-11-03,09:00:00,3.45
2015-11-03,10:00:00,2.98
2015-11-03,11:00:00,2.67
2015-11-03,12:00:00,5.21
2015-11-03,13:00:00,13.38
2015-11-03,14:00:00,16.92
2015-11-03,15:00:00,22.17
2015-11-03,16:00:00,25.42
2015-11-03,17:00:00,25.38
2015-11-03,18:00:00,25.41
2015-11-03,19:00:00,25.65
2015-11-03,20:00:00,24.12
2015-11-03,21:00:00,25.92
2015-11-03,22:00:00,24.25
2015-11-03,23:00:00,23.98
2015-11-04,00:00:00,23.80
2015-11-04,01:00:00,23.57
2015-11-04,02:00:00,20.97
2015-11-04,03:00:00,17.36
2015-11-04,04:00:00,13.76
2015-11-04,05:00:00,10.66
2015-11-04,06:00:00,8.24
2015-11-04,07:00:00,6.40
2015-11-04,08:00:00,4.98
2015-11-04,09:00:00,3.87
2015-11-04,10:00:00,3.00
2015-11-04,11:00:00,2.28
2015-11-04,12:00:00,8.88
2015-11-04,13:00:00,21.35
2015-11-04,14:00:00,27.04
2015-11-04,15:00:00,26.98
2015-11-04,16:00:00,25.61
2015-11-04,17:00:00,24.71
2015-11-04,18:00:00,24.23
2015-11-04,19:00:00,23.76
2015-11-04,20:00:00,22.94
2015-11-04,21:00:00,20.97
2015-11-04,22:00:00,18.62
2015-11-04,23:00:00,16.92
2015-11-05,00:00:00,15.19
2015-11-05,01:00:00,13.36
2015-11-05,02:00:00,11.84
2015-11-05,03:00:00,10.52
2015-11-05,04:00:00,9.09
2015-11-05,05:00:00,7.63
2015-11-05,06:00:00,6.32
2015-11-05,07:00:00,5.19
2015-11-05,08:00:00,4.24
2015-11-05,09:00:00,3.42
2015-11-05,10:00:00,2.65
2015-11-05,11:00:00,1.84
2015-11-05,12:00:00,1.07
2015-11-05,13:00:00,6.18
2015-11-05,14:00:00,19.49
2015-11-05,15:00:00,25.43
2015-11-05,16:00:00,26.10
2015-11-05,17:00:00,23.90
2015-11-05,18:00:00,21.21
2015-11-05,19:00:00,24.39
2015-11-05,20:00:00,28.45
2015-11-05,21:00:00,29.03
2015-11-05,22:00:00,26.03
2015-11-05,23:00:00,24.04
2015-11-06,00:00:00,20.65
2015-11-06,01:00:00,16.40
2015-11-06,02:00:00,12.51
2015-11-06,03:00:00,9.46
2015-11-06,04:00:00,7.14
2015-11-06,05:00:00,5.39
2015-11-06,06:00:00,4.09
2015-11-06,07:00:00,3.12
2015-11-06,08:00:00,2.36
2015-11-06,09:00:00,1.70
2015-11-06,10:00:00,1.08
2015-11-06,11:00:00,0.54
2015-11-06,12:00:00,0.09
2015-11-06,13:00:00,-0.15
2015-11-06,14:00:00,0.86
2015-11-06,15:00:00,3.92
2015-11-06,16:00:00,12.95
2015-11-06,17:00:00,17.14
2015-11-06,18:00:00,20.00
2015-11-06,19:00:00,21.11
2015-11-06,20:00:00,21.33
2015-11-06,21:00:00,21.22
2015-11-06,22:00:00,21.28
2015-11-06,23:00:00,21.42
2015-11-07,00:00:00,21.50
2015-11-07,01:00:00,21.53
2015-11-07,02:00:00,21.56
2015-11-07,03:00:00,21.59
2015-11-07,04:00:00,21.63
2015-11-07,05:00:00,21.66
2015-11-07,06:00:00,21.70
2015-11-07,07:00:00,21.71
2015-11-07,08:00:00,21.72
2015-11-07,09:00:00,21.73
2015-11-07,10:00:00,21.76
2015-11-07,11:00:00,21.78
2015-11-07,12:00:00,21.82
2015-11-07,13:00:00,21.86
2015-11-07,14:00:00,21.92
2015-11-07,15:00:00,21.97
2015-11-07,16:00:00,22.00
2015-11-07,17:00:00,22.02
2015-11-07,18:00:00,22.06
2015-11-07,19:00:00,22.09
2015-11-07,20:00:00,22.10
2015-11-07,21:00:00,22.08
2015-11-07,22:00:00,22.06
2015-11-07,23:00:00,22.04
2015-11-08,00:00:00,22.05
2015-11-08,01:00:00,22.06
2015-11-08,02:00:00,22.07
2015-11-08,03:00:00,22.09
2015-11-08,04:00:00,22.06
2015-11-08,05:00:00,22.03
2015-11-08,06:00:00,21.98
2015-11-08,07:00:00,21.96
2015-11-08,08:00:00,21.92
2015-11-08,09:00:00,21.87
2015-11-08,10:00:00,21.84
2015-11-08,11:00:00,21.82
2015-11-08,12:00:00,21.79
2015-11-08,13:00:00,21.77
2015-11-08,14:00:00,21.73
2015-11-08,15:00:00,21.70
2015-11-08,16:00:00,21.69
2015-11-08,17:00:00,21.67
2015-11-08,18:00:00,21.68
2015-11-08,19:00:00,21.71
2015-11-08,20:00:00,21.74
2015-11-08,21:00:00,21.74
2015-11-08,22:00:00,21.75
2015-11-08,23:00:00,21.76
2015-11-09,00:00:00,21.78
2015-11-09,01:00:00,21.79
2015-11-09,02:00:00,21.79
2015-11-09,03:00:00,21.78
2015-11-09,04:00:00,21.77
2015-11-09,05:00:00,21.77
2015-11-09,06:00:00,21.76
2015-11-09,07:00:00,21.77
2015-11-09,08:00:00,21.77
2015-11-09,09:00:00,21.72
2015-11-09,10:00:00,21.54
2015-11-09,11:00:00,21.37
2015-11-09,12:00:00,21.33
2015-11-09,13:00:00,21.48
2015-11-09,14:00:00,21.69
2015-11-09,15:00:00,22.83
2015-11-09,16:00:00,22.87
2015-11-09,17:00:00,22.70
